-36
-55
-68
-81
-84
-81
-79
-67
-57
-54
-62
-70
-67
-59
-42
-31
-20
-10
-7
6
22
40
48
53
53
45
39
33
27
23
20
21
12
-1
-11
-20
-9
9
24
34
28
26
21
19
29
38
52
58
48
31
14
5
3
0
-2
-6
-8
-17
-27
-23
-15
-11
0
5
3
2
2
13
3
-13
-20
-30
-31
-29
-23
-20
-21
-15
-15
-7
-8
-7
0
-1
2
-14
-18
-21
-21
-13
-9
-2
-2
-6
-16
-24
-17
-10
4
15
21
24
18
14
5
7
10
13
22
16
16
3
-15
-13
-13
1
14
15
24
17
12
13
11
25
36
40
36
25
21
22
28
31
30
22
7
-1
-3
5
12
9
1
-16
-37
-43
-43
-30
-12
-8
-10
-21
-27
-32
-31
-10
2
11
10
-10
-29
-49
-52
-43
-37
-30
-26
-28
-39
-44
-43
-42
-37
-25
-17
-14
-17
-20
-19
-23
-23
-20
-13
-5
-7
-5
6
14
23
35
32
30
35
49
86
108
121
123
105
87
69
53
49
55
61
65
58
57
49
35
26
13
1
-9
-13
-11
-6
-2
-8
-19
-34
-49
-59
-65
-61
-50
-49
-47
-56
-57
-53
-54
-38
-36
-28
-23
-23
-10
-9
-1
3
-10
-19
-34
-36
-22
-21
-18
-25
-36
-28
-12
8
19
9
1
-2
0
17
14
0
-22
-46
-43
-44
-33
-23
-29
-20
-36
-37
-14
-6
7
1
-5
11
12
20
24
12
12
6
14
30
38
57
49
48
56
62
94
101
107
107
96
99
98
104
100
75
55
36
28
32
37
48
47
33
22
10
13
21
26
21
-9
-39
-64
-80
-77
-60
-51
-56
-70
-88
-99
-94
-80
-63
-49
-47
-59
-72
-80
-81
-74
-66
-62
-69
-94
-118
-133
-135
-125
-112
-103
-106
-110
-113
-116
-90
-49
-12
27
50
64
77
84
104
132
155
171
171
161
144
118
98
84
79
80
64
42
19
-1
-12
-14
-4
12
30
30
22
20
20
27
38
56
65
54
44
22
5
-7
-7
3
6
8
6
4
3
3
6
10
15
17
15
13
11
8
2
-1
-3
0
3
3
1
-4
-10
-15
-22
-22
-19
-15
-17
-26
-34
-49
-61
-77
-85
-79
-86
-95
-99
-108
-110
-100
-86
-66
-45
-27
-11
-9
-16
-27
-25
-14
3
22
26
20
3
-20
-34
-36
-28
-13
4
1
-15
-21
-21
-2
34
70
94
98
95
80
73
84
100
128
143
136
105
75
69
83
112
129
138
115
82
59
40
56
88
114
132
122
95
85
91
119
155
170
166
144
103
65
25
-12
-39
-78
-113
-154
-200
-243
-295
-318
-341
-324
-302
-296
-265
-271
-234
-229
-213
-174
-196
-166
-187
-183
-184
-226
-225
-272
-275
-295
-294
-258
-236
-162
-134
-78
-41
-22
33
60
147
200
241
258
217
212
182
194
212
220
258
233
235
210
196
233
232
301
321
320
332
286
313
298
327
360
343
367
309
303
265
239
251
208
230
148
118
49
-23
0
-69
-6
-50
-53
-50
-139
-71
-144
-72
-89
-132
-76
-204
-127
-221
-243
-254
-392
-338
-473
-412
-409
-412
-298
-410
-327
-414
-392
-310
-331
-163
-230
-173
-247
-370
-367
-508
-416
-440
-359
-276
-279
-181
-238
-143
-117
-27
109
169
298
279
311
249
197
200
173
257
256
312
307
287
301
272
354
385
486
540
543
553
467
449
376
341
347
290
288
204
149
99
8
26
-15
45
84
67
120
45
51
-27
-71
-60
-117
-45
-103
-94
-141
-229
-224
-316
-264
-285
-249
-200
-225
-150
-202
-156
-165
-168
-108
-147
-80
-122
-123
-130
-213
-195
-267
-251
-243
-254
-184
-215
-149
-142
-119
-63
-76
1
-3
33
44
13
36
-5
19
24
33
80
80
122
138
165
212
226
269
272
257
256
210
206
191
169
211
170
180
144
95
112
36
83
59
78
131
79
139
57
31
-20
-91
-66
-126
-89
-143
-158
-195
-266
-254
-287
-213
-180
-113
-51
-43
-10
-31
-7
-2
5
19
15
12
-16
-47
-66
-64
-62
-39
-48
-38
-39
-34
9
-4
54
56
52
51
-6
1
-47
-20
-18
-13
23
-36
-5
-43
-25
24
35
124
111
129
96
53
74
48
105
101
98
68
-7
-1
-43
-14
12
19
48
17
31
10
11
30
18
32
12
6
-7
-5
-24
-57
-65
-94
-75
-79
-56
-26
-23
11
-12
3
6
-3
16
9
49
64
74
74
21
-2
-55
-72
-47
-27
24
15
6
-9
-47
-40
-60
-40
-36
-67
-75
-107
-89
-73
-34
20
22
36
-8
-11
11
50
122
136
158
107
41
-18
-63
-42
-45
-20
-33
-44
-42
-76
-56
-56
-10
0
-2
17
3
34
26
32
40
41
47
20
24
6
18
28
21
63
69
81
49
28
25
16
47
47
68
49
11
-18
-58
-63
-56
-29
-15
-27
-32
-41
-38
-24
-14
12
-12
-14
-19
-53
-25
-60
-45
-43
-77
-53
-97
-68
-60
-45
-1
-16
27
-1
28
41
31
75
32
55
31
12
32
16
38
27
39
27
33
30
24
41
24
43
36
47
28
10
-1
-6
22
0
22
-2
-15
-22
-58
-33
-41
-23
-8
-12
-7
-17
-15
-19
-22
-18
-22
-15
-8
-17
3
-29
-36
-30
-40
1
-8
19
28
35
45
31
49
17
43
19
23
50
17
53
45
57
29
12
3
-18
20
-1
33
17
-4
-15
-61
-21
-35
-13
-15
-41
-40
-74
-72
-64
-44
-30
-32
-45
-71
-91
-74
-65
-30
-14
-36
-15
-59
-45
-34
-30
26
-2
23
-5
-14
1
-6
49
25
41
18
-2
16
13
62
67
94
75
61
50
45
74
77
129
87
83
74
37
87
53
79
72
29
39
-21
-13
-8
-16
2
-26
-15
-39
-32
-39
-62
-29
-39
-12
-13
-33
-34
-79
-86
-97
-108
-91
-81
-90
-89
-104
-116
-75
-60
-3
18
0
30
26
60
102
108
119
109
86
62
43
48
61
76
28
-10
-31
-78
-39
-45
-16
15
-16
7
-31
-25
-6
7
43
31
25
-7
31
13
22
28
-26
16
-21
10
39
13
-10
-89
-120
-158
-140
-118
-77
-66
-114
-115
-142
-76
-40
7
68
76
134
116
143
138
97
133
111
168
179
145
164
53
29
-12
-41
54
31
97
56
-18
-24
-106
-6
20
85
113
15
8
-86
-64
-55
-18
54
26
23
-73
-139
-200
-222
-177
-126
-66
-113
-138
-217
-233
-214
-224
-117
-95
-50
-41
-51
28
-7
27
4
4
99
39
127
127
127
136
7
69
0
56
102
102
301
202
244
175
71
152
33
205
258
332
408
191
186
-20
-29
40
22
251
128
140
-22
-248
-167
-256
-107
-173
-134
-99
-323
-244
-339
-246
-188
-213
-138
-190
-136
-299
-212
-89
-134
-45
-62
-20
-124
-120
-125
-116
86
0
63
150
59
-10
-36
60
20
104
217
175
220
116
0
29
52
34
94
206
96
-14
-39
-103
-45
22
103
106
67
56
-106
31
64
3
123
12
37
-84
-19
133
27
171
-23
-77
-36
-131
6
10
220
127
-1
87
-120
-54
-101
-74
58
79
188
72
116
53
-39
-4
92
190
111
188
99
70
-6
-121
-48
-29
78
-102
-122
-29
-130
-167
-260
-201
-226
-236
-289
-339
-138
-97
-155
-155
-138
-220
-130
-65
-109
75
-41
-145
-107
-49
34
57
263
228
298
250
67
262
218
30
-168
-171
-83
-118
-71
-169
-13
317
328
434
456
391
427
222
69
-111
44
198
11
317
115
193
615
429
754
377
86
-56
-447
-81
-309
165
242
-98
196
-331
45
143
129
417
-19
-166
-743
-559
-450
-546
-45
-140
107
78
51
-172
-119
89
-603
-165
-174
-129
-98
-735
-706
-966
-89
-368
-326
486
-411
2
-511
-478
22
-291
214
-420
211
-37
-663
-119
-705
9
7
159
304
-326
259
-308
65
154
-122
882
451
282
-40
-128
113
-59
170
30
445
466
148
333
268
307
213
276
462
807
816
479
558
232
149
-145
-117
129
268
590
43
624
395
-468
44
44
372
461
546
747
189
304
-359
-631
44
-202
131
100
-92
-333
-927
-722
-778
-8
448
-198
477
7
-499
-982
-1477
-494
-1117
-575
97
-116
7
-840
-319
-204
-574
-523
-829
45
-199
-366
140
86
423
-201
145
125
-159
102
-756
-316
193
144
574
669
617
78
41
206
154
251
23
474
300
453
176
176
946
-74
92
64
-56
239
-192
448
248
778
760
-91
511
-85
132
-286
160
851
370
1040
-265
62
127
-636
-75
-638
205
490
267
418
-319
124
-60
-262
-151
-410
72
-359
-600
-637
-833
-768
-235
141
374
354
-37
-683
-1119
-491
-713
-123
322
-247
421
228
-291
-44
-170
-121
-181
357
269
97
139
-613
-439
-225
-74
-274
165
405
-244
-51
-257
-513
47
0
-326
-214
-376
-583
-224
282
417
392
369
343
95
391
452
116
510
604
691
945
271
213
552
511
574
378
787
518
-114
-326
-365
139
-37
120
367
374
356
-179
68
-33
-122
-59
-795
-476
-239
-8
563
223
461
270
51
-134
-654
-139
-133
182
70
-38
287
-392
-487
-695
-390
-110
-719
-642
-724
-878
-944
-1066
-814
-58
318
264
149
-395
-652
-982
-745
-106
220
440
175
68
-129
-129
-256
-476
-52
34
550
626
311
230
-310
-224
185
489
656
614
522
506
587
685
441
-111
-114
-151
221
682
641
1058
1049
1200
832
182
290
-219
143
346
-38
-277
-854
-577
-267
493
847
403
465
424
660
425
242
54
-548
-597
-1020
-1158
-906
-507
-488
-801
-215
-119
-88
15
-140
-394
-700
-838
-1361
-937
-720
-390
181
-180
-14
-227
-125
-129
-425
-325
-394
-27
-176
-43
439
810
845
783
1213
499
108
97
-337
-331
-567
-682
-225
434
275
18
285
318
487
743
1102
966
488
210
-150
-264
-389
-300
-120
217
565
541
414
-145
-468
-424
153
702
523
668
907
462
-111
-359
-226
132
278
329
62
-232
-641
-766
-297
-122
-32
19
209
238
55
-269
-395
-91
-206
-260
-169
-180
-315
-401
-423
-802
-1099
-1233
-1082
-599
-343
-224
42
459
674
589
536
300
57
-181
-384
-348
-436
-374
-275
-271
-242
-121
415
739
692
592
429
441
410
361
188
6
121
207
182
-11
-52
-20
2
93
-55
-99
-55
67
140
87
294
232
142
252
27
0
7
-69
81
57
60
82
91
150
83
11
16
-75
-102
10
-141
-257
-355
-402
-186
77
211
131
79
-37
-35
22
-73
-97
-151
-41
34
36
172
273
442
371
-53
-73
118
216
327
51
-124
-205
-422
-675
-783
-516
-495
-291
-32
45
104
7
-38
-336
-404
-483
-522
-120
1
59
157
227
233
122
-14
-71
-43
-20
50
-9
215
443
456
537
274
163
229
220
319
222
84
6
-44
-97
-127
-102
-292
-275
-52
192
504
405
254
161
70
47
-229
-212
-71
-63
187
349
449
481
251
-203
-431
-375
-302
139
362
297
336
52
-328
-568
-642
-441
-9
193
141
163
32
-209
-477
-473
-355
-113
237
83
132
95
-192
-47
53
62
46
147
187
87
86
-126
-103
-15
-247
-235
-109
42
101
45
18
18
150
159
167
113
-43
-147
-250
-211
-139
-24
118
265
319
210
126
7
-11
15
21
50
98
71
-98
-126
-150
-205
-162
-114
-100
51
209
200
198
23
-112
-43
54
38
-52
-14
-156
-211
-137
-64
148
73
-91
-247
-250
-78
0
219
342
345
270
64
-99
-226
-303
-339
-328
-142
162
317
293
190
100
6
-69
-136
-99
114
160
95
42
-66
-78
-46
-22
-35
-62
73
198
332
376
226
108
-119
-235
-249
-143
77
74
182
166
59
33
-28
22
-45
-128
-166
-89
26
16
58
86
62
16
-28
5
131
152
37
-128
-257
-248
-234
-180
-221
-302
-276
-295
-238
-195
-152
-70
-74
-26
-31
-48
5
-9
33
77
54
66
37
46
156
215
334
375
437
549
479
522
392
335
366
214
215
-8
-112
-136
-263
-244
-372
-356
-290
-286
-188
-256
-293
-370
-574
-537
-513
-340
-199
-210
-92
-241
-242
-291
-275
35
164
448
556
539
574
556
692
666
534
485
517
661
596
383
249
93
58
-37
-137
-8
-34
33
22
-117
-78
-192
-127
18
59
101
-95
-216
-255
-297
-272
-420
-508
-500
-544
-328
-304
-287
-82
-202
-71
-279
-425
-210
-216
194
240
306
298
-70
-306
-690
-635
-470
-206
21
71
179
116
42
-292
-561
-771
-831
-610
-500
-53
230
527
917
979
1522
1663
1849
1940
1578
1733
1203
1012
563
-67
-134
-817
-742
-1100
-1211
-1122
-1537
-1235
-1693
-1582
-1876
-2357
-2334
-2824
-2440
-2660
-2457
-2345
-2285
-1687
-1438
-270
491
1660
2504
3122
3951
4245
4842
4755
4901
4832
4522
4362
3715
3219
2499
1673
1204
541
288
-79
-769
-1016
-1878
-2031
-2447
-2879
-2821
-3338
-3042
-3121
-2903
-2365
-2170
-1605
-1379
-1106
-529
-218
449
954
1393
2096
2230
2665
2539
2311
2016
1340
1082
710
511
272
-252
-898
-1489
-2186
-2435
-2699
-2661
-2389
-2352
-2013
-2203
-2100
-2191
-2291
-2131
-2186
-1761
-1513
-1170
-626
-180
602
1202
1492
1946
1855
2053
2129
2108
2640
2394
2612
2411
2391
2944
2633
2957
2530
2217
2134
1043
793
-209
-651
-997
-1951
-1802
-2572
-2564
-3107
-3765
-3732
-4016
-3573
-3672
-3504
-3573
-3460
-3541
-3248
-2918
-2415
-1627
-1451
-350
10
1284
2092
2800
3888
4137
5212
5362
5954
6318
6336
6658
6345
6371
6154
5702
5282
4406
3735
2962
1983
1114
-216
-1300
-2456
-3522
-4255
-5024
-5505
-5865
-6225
-6111
-5937
-5446
-4687
-4372
-3586
-3455
-2971
-2525
-2199
-1297
-968
2
566
1349
2050
2480
3018
3316
3678
3824
3988
3716
3467
2710
2112
1402
687
165
-820
-1499
-2512
-3130
-3496
-3634
-3507
-3347
-3082
-2836
-2529
-2224
-1681
-1367
-888
-650
-332
101
288
714
810
1033
1201
1329
1711
1952
2344
2705
3051
3509
3797
4127
4409
4540
4514
4285
3892
3500
2760
1798
712
-663
-1577
-2887
-3558
-4287
-4923
-5115
-6066
-5922
-6429
-5941
-5639
-5590
-4920
-5243
-4444
-4668
-4119
-3738
-3276
-2283
-1925
-628
8
1384
2209
3344
4590
5697
7266
7821
8924
9018
9393
9429
8937
9023
8065
7687
6442
5235
4436
3060
2460
1010
74
-917
-2175
-3018
-4449
-5086
-5972
-6577
-7177
-7715
-7807
-7910
-7686
-7498
-6754
-6111
-4966
-4214
-3160
-2159
-1372
-151
379
1747
2338
3257
3883
4188
5001
4969
5410
5105
4946
4654
3966
3400
2426
1612
712
-206
-1083
-1940
-2846
-3580
-4231
-4543
-4604
-4642
-4487
-4273
-3798
-3135
-2527
-1907
-1404
-818
-268
341
802
1249
1633
1740
2316
2360
3078
3226
3458
4188
4239
5576
5489
5961
5816
5000
5135
3610
3293
1794
342
-597
-2692
-3100
-4748
-5534
-6448
-7765
-7551
-8366
-7687
-8036
-7872
-7576
-7617
-6489
-6440
-5086
-4993
-3957
-3178
-2219
-447
207
2125
2637
4470
5707
7244
8953
9599
11013
10951
11776
11565
11457
11035
9765
9016
7249
6325
4670
3212
1749
-54
-1017
-2566
-3305
-4488
-5516
-6229
-7349
-7441
-8025
-7826
-7748
-7758
-7125
-7004
-6002
-5382
-4477
-3466
-2612
-1459
-578
354
1082
1883
2412
3319
3837
4502
4934
4810
5166
4682
4771
4249
3519
3064
1879
1345
267
-572
-1285
-2244
-2859
-3579
-4004
-4221
-4340
-4409
-4189
-3964
-3533
-3071
-2766
-2133
-1670
-1107
-571
-235
354
841
1312
1910
2313
2950
3616
4319
5259
5737
6185
6196
6180
6236
5814
5346
4020
2707
1129
-589
-1872
-3714
-4899
-6400
-7726
-8405
-9483
-9327
-9663
-9456
-8995
-8929
-7731
-7381
-6155
-5437
-4564
-3268
-2423
-811
2
1536
2620
4155
5681
6943
8601
9467
10861
11372
12110
12418
12483
12495
11687
10973
9454
8179
6535
4832
3177
1186
-405
-2267
-3792
-5288
-6693
-7655
-8535
-8878
-9130
-9131
-8996
-8670
-8186
-7510
-6696
-5883
-4701
-3958
-2801
-2133
-1344
-293
307
1750
2409
3556
4410
4866
5740
5806
6309
6380
6251
5974
5132
4143
3064
1812
603
-540
-1936
-2791
-3965
-4714
-5269
-5873
-5647
-5727
-5120
-4565
-3909
-2956
-2389
-1554
-1017
-296
436
1084
1805
2366
2906
3467
4006
4910
5842
6489
7062
6985
7252
7186
6525
5860
4110
2949
1320
-624
-2044
-4504
-5834
-7939
-9466
-10385
-11561
-11248
-12120
-11527
-11556
-10843
-9767
-9470
-7680
-7276
-5202
-4286
-2696
-901
301
2695
3529
5931
7178
9176
10851
11755
13462
13662
14963
14950
15136
14925
13744
13055
11062
9801
7773
5702
3701
979
-1016
-3815
-5959
-8212
-10139
-11102
-12371
-12359
-12841
-12472
-11836
-11335
-9650
-8700
-6704
-5224
-3781
-2099
-1105
341
1272
2402
3410
4382
5120
5882
6435
7030
7656
7722
8050
7593
7346
6664
5560
4488
2699
1237
-595
-2214
-3718
-5229
-6405
-7660
-8375
-8868
-8660
-8090
-7395
-6413
-5710
-4441
-3211
-1612
102
1511
3040
3972
5035
5851
6836
7559
8068
8256
8147
8312
7661
7288
5913
4594
3457
1697
883
-1078
-2606
-4336
-6589
-7679
-9576
-10474
-11510
-12848
-13228
-14103
-13770
-13328
-12654
-11525
-10559
-8842
-6942
-4396
-1972
772
3216
5646
8142
9960
12283
13631
15262
16230
16818
17405
17172
17062
15923
15001
13407
12162
10393
8236
6228
3279
1343
-1767
-4159
-6731
-9389
-10798
-13083
-13913
-15059
-15508
-15032
-15011
-13542
-12656
-10860
-8921
-7356
-4926
-3461
-1107
453
1978
3460
4364
5922
6590
7679
8001
8614
8842
8923
8956
8313
8189
6820
6044
4360
2920
1621
-531
-1965
-4268
-5557
-6858
-8014
-8694
-9452
-9158
-8658
-7720
-6651
-5370
-3660
-1707
4
1758
3397
5173
7237
8200
9275
9387
9702
10172
9335
9099
7364
6397
5297
3334
2322
-371
-1697
-3887
-6038
-7304
-9738
-10239
-12231
-13122
-13980
-15051
-14403
-15215
-14245
-14106
-12957
-11176
-9860
-7187
-5552
-2420
-76
3006
5962
8578
11960
13796
16739
17980
19674
20636
20469
20782
19243
18665
16673
14803
12470
9435
7006
3572
1112
-2184
-4877
-7493
-10143
-11619
-13541
-14235
-15003
-15313
-14789
-14543
-13147
-12206
-10774
-9072
-7706
-5391
-4008
-2238
-919
346
2123
3409
4924
5791
6920
7681
8743
9200
9473
9649
9013
8823
7392
6331
4724
2832
1061
-1453
-3431
-5574
-7362
-9022
-10481
-11318
-11394
-11097
-10248
-9197
-7573
-5191
-3117
-234
1997
5036
7866
9677
11802
12278
13832
14097
13579
12756
10244
9362
6886
5090
2793
-296
-1458
-4406
-5265
-7197
-8714
-8959
-11141
-10977
-12886
-13154
-13541
-14707
-14248
-15659
-14550
-14652
-13289
-11868
-10519
-7319
-5512
-1236
1313
5507
9231
12287
16258
17846
21122
22193
23668
23896
22890
22296
20026
18614
15391
12486
8896
5333
2292
-1513
-4345
-7869
-10164
-12378
-14098
-15061
-16260
-16092
-16281
-15342
-14336
-13258
-11379
-10325
-8081
-6522
-4621
-2710
-1531
486
1734
3637
4994
6247
7488
8341
9346
9655
10148
9906
9711
8739
7443
6048
4083
2463
-6
-2050
-4381
-6451
-8149
-10000
-10983
-11964
-11905
-11389
-10391
-9018
-7550
-5250
-2347
1022
3903
6494
8735
11303
13359
14290
14400
13419
12994
11718
10295
8347
5715
3858
866
-1163
-3410
-5125
-5917
-7963
-8825
-10684
-11455
-11976
-13139
-13224
-14521
-14210
-14441
-13911
-12923
-12311
-10214
-9087
-6134
-3757
-512
2983
5613
9559
12074
15975
18453
20550
22102
22240
23199
22166
21675
19397
16876
14145
10211
7262
2672
-741
-4680
-8178
-10542
-13356
-14550
-16188
-16856
-16854
-16623
-15285
-14246
-12715
-11000
-9286
-7199
-5569
-4076
-2523
-1092
626
2084
3349
4618
5815
7005
8091
8831
9262
9565
9310
9097
8383
7415
6288
4475
2700
393
-1854
-4023
-6014
-7679
-9220
-10359
-11140
-11287
-11161
-10310
-8744
-6222
-3242
-548
2061
4670
7651
10249
11912
12426
12506
12335
11782
10457
8311
6174
3989
1945
-270
-2384
-3937
-4999
-5892
-6636
-7295
-7648
-7857
-8581
-9185
-9995
-10252
-10401
-10668
-10676
-10743
-10016
-9262
-7730
-5910
-3513
-518
2195
5470
8351
11508
14371
16556
18403
19637
20439
20510
19532
17753
15697
13188
10558
7083
3318
-351
-3740
-6463
-9217
-11344
-12972
-13831
-13929
-13976
-13347
-12534
-11354
-9666
-8394
-6451
-4943
-3720
-2599
-2212
-880
347
1775
2833
3331
4106
5008
6101
6729
7191
7194
7394
7169
6489
5356
3615
1834
-331
-2143
-4099
-5703
-7555
-9418
-10443
-11098
-10637
-10126
-9308
-7504
-5167
-2161
652
3110
5853
8291
10403
11583
11951
12196
11698
11067
9398
7472
5756
3390
1586
-1055
-3216
-4448
-5820
-6135
-7362
-8285
-8739
-9252
-8915
-9378
-9354
-9517
-9187
-8620
-8408
-7478
-7038
-5420
-4093
-2306
15
2125
5221
7579
10635
13356
15976
18318
19514
20944
21356
21722
20874
18911
16627
13169
9722
5223
467
-3983
-8207
-11573
-14667
-17146
-18911
-19850
-20049
-19412
-18286
-16455
-14252
-12030
-9532
-7385
-5002
-3124
-1351
310
1771
3665
5111
6761
7964
9135
10371
11295
12215
12386
12344
11565
10531
9036
6921
4725
1610
-1404
-4880
-8106
-10655
-12972
-14516
-16081
-16711
-16344
-14597
-12385
-10310
-7826
-5098
-1165
2345
5144
7097
8505
10135
11252
11867
11414
10690
9412
8034
6759
5028
3957
2367
858
-300
-1659
-2118
-3008
-4032
-4978
-6118
-6555
-7156
-7618
-8404
-8885
-8948
-8680
-7614
-6977
-5378
-3899
-1887
720
3083
6184
8693
11156
13232
15351
17405
19029
19596
19101
18422
17056
15586
12648
9046
5287
1486
-1565
-5296
-8533
-11523
-13955
-15116
-16441
-16470
-16329
-15841
-14564
-13966
-12062
-10603
-9082
-7509
-6592
-4625
-3041
-1202
321
1699
3408
5348
7371
8968
10317
11055
11835
11998
11714
10748
9179
7238
4860
2356
-408
-2765
-5300
-7452
-9459
-10717
-10581
-10053
-9142
-8686
-7575
-5576
-3177
-1206
-426
305
865
2051
2827
2766
2587
1678
1428
907
281
59
-317
-346
-779
-1029
-949
-399
-209
-383
-662
-1171
-1020
-1410
-1634
-2288
-3070
-3062
-3047
-2549
-2231
-1510
-377
1204
2947
5050
7295
8957
10828
12130
14088
15306
15299
15013
13686
13034
11499
9301
6720
3662
1719
-488
-2490
-4723
-6966
-7957
-9052
-9573
-10259
-10958
-10590
-10845
-10683
-10551
-10379
-9442
-9185
-8581
-7674
-6428
-4703
-3159
-1553
453
2652
4827
6975
8370
9717
10762
11227
11197
10001
8650
7157
5172
2885
382
-1862
-3814
-5782
-6990
-7267
-7112
-6837
-6691
-5637
-4353
-3028
-2351
-2261
-1854
-1983
-1516
-1861
-2607
-3430
-4486
-4472
-5100
-5494
-5732
-5412
-4425
-3763
-2633
-1525
-32
1182
2061
3045
3505
4143
4201
3901
3445
2611
2481
2169
1731
1224
895
1324
1994
2707
3703
4781
5821
7296
8517
10188
10795
10798
10831
9969
9611
7968
6030
3638
973
-602
-2416
-3640
-5075
-6241
-6267
-5856
-4680
-4082
-3499
-2359
-1666
-446
-163
-529
-1121
-2286
-2746
-3529
-4174
-4538
-4811
-5009
-4505
-3719
-2289
-382
422
1750
2461
3568
4382
3727
3342
2182
1247
457
-649
-2001
-3585
-4367
-4106
-3504
-3041
-2403
-1449
-180
842
1427
1812
2060
1913
1179
123
-1207
-2858
-4666
-6467
-8298
-9849
-10538
-10682
-10726
-10685
-10040
-8430
-6679
-4689
-2931
-1190
684
2224
4014
5224
6322
7027
7464
8350
8794
9235
9468
9861
10212
10660
11358
11830
12174
11591
11914
11666
10669
9564
7149
5739
3409
702
-2126
-5491
-7681
-9999
-11640
-12736
-13258
-12988
-12331
-10871
-9165
-6953
-4201
-2019
-187
1536
3070
4544
5006
4766
4403
4259
4271
4228
3800
3522
3852
3883
4687
5114
5293
5542
4838
4324
3131
1769
282
-1827
-3864
-5813
-7580
-8874
-9256
-9556
-9376
-8896
-7704
-5253
-3411
-1694
-498
414
1853
2702
2936
2160
694
-802
-2180
-3822
-5931
-8035
-9619
-10421
-10949
-11153
-10952
-10233
-9234
-7626
-5446
-3565
-1703
-10
1666
3283
4668
5849
6887
7621
8219
9111
9949
11131
11798
12557
13676
14673
15736
16100
16876
16535
15499
14462
12774
11061
8014
4378
414
-3253
-6301
-9209
-11971
-14412
-16032
-16870
-16530
-15510
-14341
-12908
-10544
-8139
-5577
-3208
-1594
-75
672
1807
3024
3729
4119
4127
3931
4595
5264
5608
6339
6216
6856
6969
6710
6477
5159
4163
2850
1472
65
-1470
-3292
-4526
-5173
-5999
-6101
-6291
-5489
-4311
-4016
-3054
-2281
-1364
-313
-105
-200
-755
-1548
-2350
-3016
-4541
-6264
-7305
-8293
-8609
-9456
-10216
-9865
-9518
-8935
-7917
-7164
-6299
-4978
-3949
-2312
-842
63
1839
3416
5051
6913
8240
10356
12192
13428
15057
16204
17242
18041
18658
18573
17927
16691
14958
13220
10154
6809
3026
-406
-2940
-5886
-8321
-10237
-11807
-12536
-12761
-12613
-11940
-11289
-9862
-8583
-7577
-6459
-6062
-5266
-4788
-4343
-3597
-2820
-1513
-161
1254
3160
5025
6604
8133
9218
10288
10690
10244
9485
7904
6042
3912
1416
-762
-3237
-5223
-5822
-6286
-6504
-6625
-6000
-4056
-2376
-1422
-358
798
1851
2757
2385
1542
201
-1788
-3046
-4584
-6744
-8611
-10163
-10948
-11143
-11676
-11211
-10136
-9136
-7474
-5766
-3940
-2286
-1154
-326
866
1441
1460
1923
2129
2728
3108
3751
5174
6326
7566
9479
11499
13568
16364
17588
18336
18598
17437
16845
14617
11351
7198
2516
-539
-3738
-7159
-9959
-12044
-13069
-12846
-11865
-10656
-8993
-6837
-4752
-2707
-1154
-522
-169
-424
-904
-1476
-2121
-2162
-2000
-2371
-1966
-794
306
2199
3323
4836
6678
7576
8692
8277
7239
6021
4086
2381
-9
-2124
-3449
-4755
-5801
-6781
-6974
-6023
-5044
-4265
-3182
-1781
-277
968
1410
1445
902
-128
-818
-2451
-4396
-5778
-7318
-8123
-9234
-10311
-10002
-9650
-9067
-8194
-6987
-5156
-3306
-1839
-361
1215
2020
3126
3785
4333
5399
5853
6819
7441
7854
8663
9834
10886
12294
13610
13848
14684
14156
13421
12355
9727
7108
3411
-5
-2661
-5560
-8366
-10522
-12287
-12590
-12037
-11649
-10397
-8742
-6305
-3737
-1624
-84
1088
1813
2142
2107
1346
1008
1050
1070
1063
1237
1688
2867
3938
4798
5816
6559
7336
7334
6535
5281
3864
1797
-202
-1972
-3554
-4716
-6299
-7013
-7484
-7208
-6533
-6278
-5265
-4238
-2574
-1193
-664
-318
-734
-1046
-1376
-2453
-3962
-5296
-6399
-7162
-7648
-8362
-8032
-7528
-6758
-5177
-4118
-2251
-696
394
1725
2564
3276
3697
4045
4155
4211
4119
4577
5298
5535
6183
7134
8370
9634
11109
11786
11944
12236
11626
11143
9527
6857
3975
588
-1631
-4074
-6899
-8677
-10299
-11073
-10719
-9902
-8666
-7435
-5648
-3475
-1337
560
1686
2256
2538
2890
2707
2193
1574
1015
542
462
862
765
1543
2121
2887
3846
4102
5074
4748
4193
3673
2457
1517
229
-941
-2310
-3695
-4647
-5074
-5089
-5295
-5481
-5558
-5088
-3984
-3059
-2288
-2027
-2441
-2596
-2704
-3192
-4453
-5824
-6472
-6954
-7130
-7533
-7546
-7089
-6612
-5184
-4005
-2312
-349
801
2288
3491
4596
5714
6474
6978
7303
7555
8343
9276
9554
10095
10453
11078
11961
12327
12255
11495
10621
9229
7464
5133
1856
-1693
-5045
-7392
-9467
-11556
-12848
-13609
-13584
-12612
-11435
-9921
-7978
-5861
-3688
-1757
-150
835
1345
1722
2230
2510
2501
3044
3310
3726
4732
5328
6236
6878
7260
7829
7720
7515
6671
5166
3851
2065
43
-1596
-2793
-3965
-5209
-6101
-6575
-6541
-6484
-6478
-6235
-5942
-5076
-4140
-3446
-3069
-3568
-4168
-4557
-4840
-5885
-7026
-7606
-8348
-8384
-8439
-8099
-7098
-6277
-4511
-2308
-548
1420
3228
4677
6742
7676
7971
8735
8674
9157
9232
9145
9770
9613
9935
10657
11129
11655
12471
13352
13437
13096
11898
10574
9034
6166
2843
-1229
-4579
-7012
-10035
-12039
-13538
-14855
-14812
-14283
-12875
-11646
-10337
-7712
-5885
-3847
-2347
-1857
-1096
-951
-654
-625
-573
-119
15
457
1540
2398
2903
3794
4431
4638
4808
4780
4539
3547
2315
1526
270
130
140
-551
-455
-664
116
572
433
293
-883
-1118
-1347
-1873
-2488
-3765
-4934
-6546
-7610
-7942
-8987
-9412
-9763
-10262
-9837
-9592
-8697
-7708
-7227
-5731
-4128
-2749
-953
329
1577
3542
4982
6416
8048
9060
10596
11961
13143
14931
15471
15866
16390
16018
15789
15343
15091
14117
11954
9979
7616
5385
3045
-12
-2979
-5660
-7072
-8214
-9265
-9620
-10708
-10814
-10242
-9672
-8894
-8762
-7377
-6691
-6470
-5005
-4791
-4424
-3879
-3413
-1832
-431
1147
2345
3313
5023
6088
6604
6703
6159
5031
3644
2233
153
-2394
-4527
-5985
-7597
-8164
-7379
-6646
-5279
-3686
-1942
221
1682
2262
2403
2280
2530
2464
1094
-469
-2546
-4823
-5741
-6732
-8083
-8509
-8692
-8348
-7742
-7524
-6718
-5706
-5053
-4117
-3263
-2791
-1567
-916
-412
1023
1791
3222
4918
6139
7900
9379
11207
13517
14779
15772
16622
16707
16655
16235
15706
14642
13130
11443
9219
7174
4704
1887
-1107
-3674
-5013
-6784
-8105
-8947
-10437
-10585
-10280
-9620
-8880
-8443
-6706
-5766
-4610
-3442
-3349
-2650
-1969
-1100
-612
20
974
1366
2112
2973
3375
3592
3560
3350
2550
1458
616
-1107
-2777
-4307
-5573
-6188
-6659
-6355
-5936
-4847
-3332
-2196
-1148
-124
479
231
113
0
-314
-661
-1190
-1769
-2706
-3463
-3467
-3780
-4322
-4591
-5221
-5526
-5631
-6272
-6835
-7191
-7327
-7094
-6933
-6514
-5785
-5037
-3218
-994
1089
3529
5916
8315
10546
12622
14355
15771
16906
17462
17635
17466
17075
16689
16358
15360
14392
13242
11532
9877
7270
4698
1785
-1012
-3138
-6098
-8289
-10408
-12282
-13040
-13762
-13588
-13388
-12411
-10762
-9997
-8139
-6709
-5837
-4304
-3553
-2237
-998
146
1700
2468
3772
4891
5299
5671
5470
5055
4493
3749
2466
659
-996
-2802
-4150
-4947
-5841
-5721
-4812
-3651
-2340
-1779
-1054
-362
-550
-894
-1512
-1968
-2536
-3305
-3490
-3987
-4423
-4868
-5132
-4697
-4764
-4051
-3462
-3799
-3854
-4828
-5349
-5509
-6515
-7012
-7220
-6970
-6377
-5644
-4029
-2111
-254
1819
4334
6921
9478
11811
13277
14738
16019
16900
17792
17763
17369
17267
17620
17987
17221
16232
14917
12951
10869
8085
4951
1578
-1634
-4600
-7578
-9652
-11482
-12885
-13596
-13791
-13332
-12717
-11173
-10171
-9558
-8120
-7600
-7032
-6380
-6156
-5332
-4363
-3113
-1718
-512
1136
2731
3806
4802
5473
5721
5469
4616
2938
1042
-490
-2402
-3634
-4640
-5923
-5872
-4770
-3214
-2232
-1409
-229
636
1181
685
326
-283
-1451
-2056
-3037
-3198
-3578
-4632
-4609
-4698
-4422
-4013
-3732
-3626
-4370
-4974
-5659
-6108
-7003
-7716
-7199
-7175
-6339
-5025
-3536
-1169
579
2723
5540
8122
10316
11901
13107
14493
15671
16272
17261
17458
17085
17422
17480
17888
17475
16017
15226
13309
10723
7914
4168
999
-2246
-5300
-7572
-9412
-10817
-12214
-12633
-12691
-12082
-11222
-10670
-9359
-9641
-9132
-7989
-8581
-7890
-7800
-7305
-5298
-4077
-1996
116
2134
4300
5081
5963
6755
6035
4756
3411
1775
-184
-2055
-3931
-5725
-6472
-6797
-6585
-5242
-3220
-1317
-571
242
1041
789
443
-626
-2419
-3685
-4643
-5134
-5025
-4969
-4542
-3919
-3058
-1421
-711
-579
-289
-1302
-2456
-3444
-5060
-6521
-8010
-8613
-7909
-7386
-6242
-3853
-1218
1721
4334
6399
9220
11549
12658
13896
14651
15112
15196
14550
14972
15483
15327
15885
16403
16481
16216
15174
13785
11805
8967
5963
2491
-1302
-4635
-7620
-9418
-10258
-11528
-12241
-11841
-11088
-10361
-9773
-9036
-8813
-9085
-9064
-9063
-9128
-9032
-8412
-7319
-5503
-3150
-1116
1448
3586
4573
5359
5602
5741
4906
3143
1873
250
-1331
-2496
-3745
-4699
-5077
-4924
-4488
-3930
-3256
-1535
81
424
648
80
-192
-586
-2437
-3348
-3720
-3727
-3537
-3409
-2334
-1731
-1462
-1364
-1341
-1336
-1518
-1689
-3496
-5323
-6639
-7820
-7792
-7975
-7387
-6106
-4799
-2771
-827
1675
4125
5654
7086
8731
10181
10966
11959
12823
13394
14311
14831
15813
16945
17314
17628
17257
17089
16507
14087
11804
8903
5340
2572
-434
-3194
-5568
-7280
-8256
-9246
-9246
-9199
-9431
-9437
-9629
-9713
-10310
-10481
-11051
-12172
-11461
-11118
-10673
-9225
-7946
-5400
-3150
-1048
1290
2358
3989
4918
4417
4422
3864
2740
1673
437
-661
-1537
-2057
-2385
-2877
-3160
-2617
-2098
-1887
-1119
-184
724
1214
842
178
-243
-1044
-2707
-4084
-4830
-5002
-5167
-4878
-3566
-2786
-1797
-790
-116
665
794
844
9
-1032
-1862
-3367
-4035
-4332
-4240
-3560
-3016
-1728
55
2381
4749
6062
7514
9326
10604
11046
11167
11545
11784
12034
11859
11686
12005
11764
11372
10661
10087
9856
8847
7783
6389
4762
3302
1595
-63
-1945
-3661
-5176
-6375
-7087
-7928
-8538
-9512
-10315
-10512
-11167
-11416
-11753
-12104
-11749
-11490
-10516
-9393
-8487
-6899
-5393
-3793
-2073
-757
596
1709
2221
2456
2424
2104
1746
1425
1401
1660
1650
1767
2255
2371
2079
1764
1636
1605
884
41
-46
-516
-1580
-2847
-4135
-4661
-5027
-5384
-5105
-4410
-3221
-2028
-617
934
1898
2626
2600
2509
2275
1686
1426
41
-727
-694
-990
-127
753
2098
3626
4203
5293
6519
7310
7441
6735
5947
5472
4820
4018
4042
4358
4733
5584
6380
7709
8923
9000
9066
8518
7835
7384
5782
4361
2830
957
-435
-1979
-3047
-3935
-4998
-6102
-7046
-7600
-8266
-8946
-10039
-10810
-11262
-12232
-12440
-12424
-12467
-11861
-11369
-10352
-8745
-7461
-5806
-4161
-2799
-1000
415
1835
3440
4198
5181
6138
6582
7110
7075
6740
6048
4973
3830
2373
751
-1003
-2517
-4030
-4894
-5110
-5565
-5504
-5143
-3769
-2039
-1213
-256
210
607
824
403
517
702
1010
1439
2496
4405
5986
7248
7777
8454
9185
9134
8941
7652
6480
5092
2809
1757
941
256
-493
-1586
-1420
-941
-650
-347
-203
-62
-71
27
445
1109
1412
1444
1864
2656
3649
4388
4610
4794
5093
5151
5194
4719
3580
2415
701
-919
-2272
-3844
-5314
-7117
-8687
-9830
-10871
-11357
-11831
-12203
-12173
-12013
-11571
-11105
-10652
-10066
-9075
-7601
-6064
-4382
-2744
-804
1391
3189
5033
6496
7654
8605
8500
8152
7650
6687
5688
4239
2765
1592
235
-780
-1479
-2180
-2612
-3085
-3483
-3705
-4023
-4239
-4274
-3835
-3067
-1774
165
1750
3176
4066
5051
6849
7804
8656
9165
9437
10244
10228
10400
10343
10045
9367
7509
6300
4912
3702
2251
157
-697
-2099
-3325
-4202
-5092
-4708
-5169
-5898
-5960
-6001
-5931
-6505
-6814
-6537
-6254
-5950
-5262
-3664
-2058
-599
749
1983
3340
3840
3916
4001
3491
2635
1558
645
130
-511
-1249
-1613
-2072
-2631
-2932
-3269
-3352
-3672
-4140
-4228
-4428
-4531
-4633
-4644
-4743
-4942
-4808
-4530
-3857
-3550
-3287
-2578
-2071
-1091
-224
502
1278
1369
1790
2358
2653
2912
2768
2730
2569
2177
2114
2289
2552
2590
2710
3274
3944
4193
3938
3719
3573
3330
3013
2828
3016
3216
3176
3659
4720
5733
6605
6597
6368
6337
5468
4791
4298
3754
3689
3074
2637
2987
3093
2661
1871
916
147
-614
-2278
-3729
-4720
-6603
-8142
-9475
-10264
-9875
-10623
-11311
-11135
-11387
-11103
-11083
-11024
-10013
-9589
-9064
-7594
-5972
-4159
-2513
-1178
877
2861
4106
5664
6746
7379
8084
8147
9017
10312
10614
11099
10952
10193
9572
7594
5508
3501
412
-2165
-4661
-6784
-7615
-8580
-8992
-8943
-9198
-9162
-9181
-8950
-8450
-7754
-7120
-6513
-5402
-4488
-2736
-596
1349
4235
6496
8862
11371
12694
14126
14334
13656
13386
12505
11819
10776
9200
7971
6372
4948
3946
3127
2273
888
-624
-1973
-2963
-3994
-4914
-5391
-5947
-6015
-5985
-5727
-4746
-3935
-2442
-595
1022
2745
3366
3286
2664
1386
536
-106
-312
-227
-396
-811
-2038
-3704
-5718
-7485
-8573
-9603
-9714
-9828
-10193
-10246
-11059
-11186
-11088
-11345
-10582
-9940
-8719
-7045
-5846
-3738
-1582
646
3394
5852
8493
10521
11555
12070
11749
11105
10263
9197
8159
7022
5909
5051
4435
3741
3075
2450
1835
1326
457
-623
-1880
-3485
-4880
-5864
-6055
-5363
-4317
-2814
-903
1185
3173
4664
5798
6626
6946
6979
6877
6716
6702
6579
6559
6766
6670
6538
6208
5558
4825
3649
2422
1218
-178
-1524
-2796
-3952
-5159
-6257
-7146
-7681
-7786
-7893
-7642
-7278
-7008
-6453
-6016
-5361
-4601
-4089
-3464
-3120
-2940
-2703
-2625
-2472
-2449
-2558
-2384
-2061
-1611
-1128
-787
-352
101
515
846
840
619
223
-266
-700
-1006
-1041
-1032
-1039
-872
-374
487
1167
1468
1656
1723
1753
1598
1207
1035
885
647
494
207
27
-196
-582
-689
-565
-340
-161
-25
65
318
736
913
1278
1548
1673
2162
2434
2871
3514
3716
4021
4282
4373
4720
4897
5065
5577
5927
6143
6366
6313
6224
6031
5525
5223
4892
4258
3645
2791
1702
454
-1159
-2622
-3608
-4552
-5245
-5641
-6117
-6239
-6469
-6840
-6761
-7044
-7341
-7431
-7728
-7556
-7425
-7444
-7002
-6698
-6293
-5603
-4983
-3971
-2891
-2001
-845
243
1249
2249
2932
3564
3975
3943
3900
3797
3595
3376
2984
2730
2693
2554
2384
2114
1637
1055
259
-494
-1069
-1777
-2483
-3101
-3607
-3893
-4186
-4287
-4023
-3652
-3113
-2536
-2005
-1466
-1148
-703
70
869
1662
2281
2819
3425
3938
4529
5254
5883
6315
6617
6884
7083
7119
6870
6563
6305
5962
5761
5610
5305
4889
4265
3661
3188
2482
1674
856
-77
-769
-1299
-1621
-1556
-1687
-1897
-2074
-2399
-2670
-3225
-3961
-4635
-5439
-6239
-7026
-7702
-8196
-8506
-8609
-8495
-8135
-7853
-7542
-7174
-6771
-6121
-5596
-4974
-4128
-3260
-2161
-1159
-199
842
1731
2697
3674
4582
5380
5924
6415
6822
7067
7034
6632
6061
5307
4536
3835
3029
2086
912
-242
-1168
-1929
-2536
-3035
-3357
-3558
-3663
-3627
-3536
-3523
-3639
-3636
-3259
-2628
-1971
-1275
-518
217
875
1438
2203
3005
3565
4059
4526
5201
5761
6060
6465
6715
6833
6657
6298
6152
5858
5496
5095
4694
4277
3481
2540
1529
654
-68
-731
-998
-1294
-1650
-2064
-2685
-3083
-3553
-3975
-4139
-4411
-4498
-4667
-5009
-5249
-5594
-5414
-4976
-4726
-4693
-5245
-5550
-5965
-6314
-5935
-5229
-3675
-2460
-1451
-328
-253
-701
-2396
-3941
-4323
-4172
-2561
-609
1898
4064
4503
4218
2775
1301
98
-769
-93
1356
3333
4910
5377
4863
3185
1365
71
-319
153
954
1901
2470
2430
1961
1335
640
-140
-698
-600
-162
49
170
118
293
476
475
1156
2024
2889
3349
3163
2945
2417
2284
2535
3154
4112
4257
4710
5047
4926
5192
4747
4569
4265
3554
3494
2897
2145
760
-953
-1597
-1780
-1220
-707
-613
-1289
-2744
-4006
-5764
-6356
-6338
-6812
-6467
-6985
-7458
-7369
-7897
-7750
-7222
-6352
-4991
-3948
-3007
-2520
-2792
-2948
-2493
-1356
-31
830
1038
955
951
140
-197
185
308
1279
1442
1549
1902
1192
1071
667
767
951
297
443
206
13
-229
-648
-145
481
1221
1816
2209
2660
2723
2628
2972
3646
4373
4910
4731
4231
3408
2491
2018
1734
1774
1645
1545
1728
1627
1242
394
-379
-769
-940
-728
-545
-402
-341
-588
-693
-470
-50
441
847
1260
1612
1852
1937
1826
1741
1622
1552
1581
1708
1783
1534
1115
534
167
-83
-659
-1410
-2365
-3097
-3581
-3843
-3472
-3096
-3033
-3372
-4267
-4815
-5125
-5439
-5120
-4575
-3760
-2860
-2410
-1961
-1965
-2283
-2401
-2322
-1542
-662
-107
195
142
158
286
590
898
986
987
646
311
194
161
389
449
564
896
1029
1217
1103
1035
1383
1577
2179
2795
3047
3106
2562
2222
2058
1836
1897
1883
2041
2208
2207
2390
2576
2683
2638
2405
2053
1527
971
575
419
455
486
465
299
-19
-222
-235
157
749
1381
2127
2567
2729
2346
1561
812
-89
-662
-1080
-1371
-1474
-1900
-2228
-2680
-3280
-3944
-4884
-5486
-5872
-5930
-5727
-5525
-5149
-5043
-4872
-4694
-4517
-4094
-3944
-3484
-2805
-2011
-855
-9
921
1766
2418
3309
3976
4549
4774
4534
4288
3990
3883
3785
3478
3146
2705
2371
2122
1797
1469
891
222
-303
-716
-849
-981
-1109
-1078
-1069
-862
-680
-587
-471
-570
-478
-206
200
796
1171
1536
1821
1939
2046
2056
2168
2327
2417
2360
2187
1905
1409
1001
650
542
556
190
-115
-430
-696
-748
-986
-964
-799
-880
-920
-1129
-1414
-1683
-2118
-2224
-1942
-1691
-1575
-1714
-1938
-2104
-2264
-2214
-1901
-1512
-1280
-1230
-1401
-1844
-2355
-2821
-2781
-2232
-1656
-1011
-796
-1011
-1162
-1285
-848
-49
706
1664
2271
2462
2405
2003
1727
1466
1136
1146
1273
1316
1314
1191
1205
1343
1243
1078
757
167
-430
-1005
-1169
-911
-478
150
696
1065
967
450
-279
-974
-1153
-1005
-349
475
1032
1543
1593
1693
1876
1856
2024
1943
2053
2272
2300
2536
2590
2761
2824
2691
2696
2365
1914
1220
556
366
289
462
602
599
509
107
-258
-574
-895
-1209
-1614
-1904
-2133
-2443
-2848
-3380
-3843
-4158
-4285
-4096
-3837
-3562
-3457
-3622
-3770
-4049
-4251
-4361
-4444
-4176
-3775
-3123
-2318
-1646
-995
-571
-218
155
473
890
1288
1681
2084
2463
2779
2959
2985
2838
2695
2633
2684
2787
2746
2539
2072
1517
1106
941
1081
1294
1445
1345
1014
640
322
220
248
415
699
1043
1381
1527
1517
1377
1316
1465
1786
2198
2406
2399
2162
1824
1600
1413
1327
1197
988
806
619
463
185
-203
-664
-1119
-1461
-1703
-1756
-1766
-1821
-2009
-2389
-2719
-2932
-2944
-2774
-2545
-2256
-2018
-1836
-1716
-1656
-1625
-1649
-1631
-1557
-1410
-1245
-1174
-1188
-1270
-1263
-1117
-895
-666
-597
-606
-632
-617
-435
-215
30
209
228
226
102
-40
-118
-213
-114
60
287
607
777
902
875
734
648
509
517
553
570
632
590
674
873
1187
1619
1909
2108
2204
2219
2302
2343
2355
2348
2257
2201
2132
2006
1877
1669
1534
1546
1625
1790
1768
1533
1194
784
572
414
267
92
-252
-525
-766
-924
-1021
-1250
-1452
-1663
-1748
-1660
-1611
-1608
-1759
-1941
-1984
-1937
-1816
-1790
-1901
-2032
-2117
-2077
-1935
-1775
-1598
-1400
-1175
-926
-739
-688
-799
-999
-1216
-1324
-1337
-1282
-1150
-1088
-992
-888
-795
-601
-494
-380
-333
-393
-393
-474
-444
-363
-294
-123
-77
7
90
195
443
629
875
1014
1049
1123
1140
1277
1449
1653
1910
2095
2291
2391
2430
2424
2371
2401
2496
2684
2843
2893
2807
2587
2394
2216
2105
1992
1788
1567
1284
1052
840
575
324
12
-202
-332
-422
-464
-634
-876
-1201
-1523
-1746
-1911
-1922
-1877
-1783
-1674
-1647
-1630
-1684
-1691
-1632
-1519
-1328
-1247
-1238
-1372
-1583
-1696
-1749
-1599
-1413
-1250
-1100
-1125
-1119
-1202
-1286
-1291
-1364
-1311
-1320
-1320
-1276
-1331
-1243
-1181
-1014
-717
-503
-206
-29
127
312
369
480
460
418
465
497
718
934
1151
1365
1428
1499
1441
1350
1300
1226
1291
1385
1523
1647
1631
1599
1462
1344
1308
1276
1358
1437
1530
1647
1656
1619
1455
1221
1071
933
917
944
876
753
471
172
-65
-222
-185
-92
43
123
59
-94
-318
-454
-465
-350
-145
35
115
33
-189
-509
-798
-1016
-1111
-1153
-1266
-1401
-1636
-1850
-2005
-2116
-2112
-2152
-2185
-2283
-2446
-2541
-2618
-2528
-2330
-2076
-1774
-1537
-1314
-1123
-916
-669
-431
-216
-83
9
68
186
396
648
936
1110
1167
1106
1018
1051
1220
1566
1936
2180
2214
1988
1647
1378
1275
1358
1535
1650
1569
1224
761
361
156
153
237
374
444
375
199
31
4
103
252
389
502
554
579
536
511
523
523
566
480
385
336
363
473
469
524
597
673
676
508
432
448
481
432
317
265
251
95
-118
-272
-384
-445
-784
-1045
-1247
-1445
-1417
-1623
-1625
-1789
-2134
-2350
-2829
-2891
-3021
-2930
-2523
-2505
-2322
-2504
-2515
-2295
-2259
-1808
-1399
-761
-297
-315
-179
-129
129
358
441
796
987
1093
1057
934
1174
1428
1799
2161
2262
2384
2241
2105
1977
1836
2021
2071
2150
1977
1576
1370
991
849
709
575
653
460
376
209
-22
-62
-282
-316
-295
-314
-156
-163
-25
74
-1
43
-89
-24
61
61
276
289
406
412
275
304
174
276
404
498
699
635
685
646
567
616
494
517
340
77
-119
-445
-523
-756
-875
-896
-1142
-1216
-1592
-1803
-1897
-2151
-2052
-2163
-2013
-1852
-1941
-1723
-1819
-1671
-1549
-1636
-1401
-1479
-1356
-1277
-1280
-929
-836
-570
-478
-586
-513
-638
-439
-159
193
729
960
1196
1187
1110
1222
1273
1542
1670
1696
1704
1531
1523
1465
1489
1606
1574
1551
1321
1076
955
897
1038
1114
1120
1081
920
784
661
653
796
863
807
614
387
291
205
198
242
180
95
-124
-273
-283
-340
-256
-173
-1
218
227
305
228
35
-248
-688
-838
-899
-824
-690
-725
-721
-929
-1117
-1199
-1293
-1248
-1322
-1353
-1307
-1293
-1143
-1023
-898
-874
-1129
-1447
-1690
-1665
-1341
-964
-599
-353
-268
-229
-325
-410
-424
-437
-316
-226
-69
72
94
195
161
170
165
195
491
726
978
1017
951
1028
1029
1163
1215
1264
1353
1300
1341
1299
1299
1353
1420
1599
1636
1582
1373
1188
1117
1027
996
893
891
894
748
552
237
79
30
16
42
-94
-242
-468
-667
-792
-972
-1058
-1165
-1199
-1192
-1254
-1251
-1236
-1085
-926
-854
-811
-847
-810
-764
-674
-565
-534
-492
-547
-580
-611
-653
-551
-412
-181
-44
-98
-220
-442
-561
-603
-543
-349
-217
-124
-211
-424
-620
-753
-648
-399
-116
60
15
-139
-368
-563
-642
-574
-309
36
364
585
648
616
544
502
547
645
745
820
890
991
1118
1255
1411
1518
1552
1480
1355
1319
1354
1479
1626
1702
1725
1609
1401
1142
848
598
351
152
35
-31
-50
-121
-245
-428
-676
-910
-1094
-1150
-1107
-1049
-1026
-1064
-1109
-1140
-1114
-1017
-837
-637
-487
-412
-439
-462
-483
-478
-379
-237
-36
123
168
89
-143
-392
-572
-620
-514
-364
-219
-179
-261
-450
-749
-1055
-1314
-1454
-1462
-1411
-1307
-1219
-1141
-1061
-967
-816
-673
-526
-420
-385
-382
-442
-475
-429
-247
115
570
1010
1290
1357
1277
1196
1249
1475
1757
1957
1999
1889
1734
1654
1681
1752
1758
1641
1454
1280
1186
1173
1190
1202
1170
1103
997
816
548
227
-36
-149
-77
107
238
204
-3
-293
-525
-604
-519
-338
-189
-176
-330
-611
-908
-1118
-1193
-1142
-1021
-889
-813
-815
-861
-925
-988
-1080
-1197
-1327
-1453
-1505
-1474
-1341
-1148
-981
-887
-875
-890
-879
-779
-592
-406
-278
-260
-339
-443
-554
-623
-633
-579
-449
-265
-70
71
110
41
-86
-183
-199
-115
19
116
153
142
139
217
395
655
931
1144
1259
1299
1302
1325
1385
1449
1492
1471
1412
1365
1346
1374
1413
1422
1387
1324
1267
1253
1284
1313
1313
1235
1073
861
632
419
243
110
27
9
41
100
118
61
-105
-351
-598
-794
-871
-840
-741
-647
-655
-776
-969
-1165
-1262
-1239
-1102
-915
-771
-730
-798
-917
-1012
-1059
-1053
-1038
-1066
-1126
-1225
-1307
-1344
-1325
-1225
-1094
-938
-803
-739
-735
-805
-886
-976
-1039
-1051
-1040
-990
-955
-898
-806
-674
-441
-162
131
359
469
500
474
475
521
599
684
719
742
764
831
971
1146
1355
1539
1687
1797
1861
1932
2001
2064
2093
2073
2004
1887
1769
1673
1613
1585
1560
1539
1497
1427
1352
1244
1090
871
586
300
42
-139
-228
-258
-267
-330
-445
-604
-766
-888
-976
-1016
-1041
-1061
-1076
-1123
-1179
-1254
-1338
-1406
-1463
-1497
-1518
-1525
-1526
-1515
-1486
-1434
-1343
-1250
-1152
-1083
-1049
-1034
-1030
-1018
-996
-954
-885
-793
-700
-631
-604
-617
-651
-674
-650
-574
-464
-354
-269
-232
-240
-269
-287
-269
-207
-112
-4
99
180
252
347
477
641
808
944
1036
1097
1158
1251
1375
1516
1659
1780
1874
1936
1962
1972
1972
1988
2008
2024
2019
1992
1959
1896
1816
1701
1539
1353
1146
932
723
529
353
198
64
-75
-226
-393
-565
-738
-920
-1083
-1229
-1345
-1422
-1486
-1530
-1566
-1593
-1599
-1585
-1560
-1541
-1539
-1547
-1534
-1474
-1355
-1200
-1036
-894
-796
-730
-685
-637
-570
-496
-430
-397
-399
-420
-449
-460
-455
-442
-438
-461
-518
-592
-674
-745
-788
-801
-781
-731
-670
-607
-540
-459
-347
-209
-62
89
214
337
463
602
788
994
1192
1358
1469
1530
1576
1625
1689
1757
1831
1905
1951
1963
1944
1907
1871
1845
1825
1784
1713
1594
1444
1289
1140
994
842
672
484
290
88
-99
-265
-431
-590
-744
-886
-983
-1046
-1084
-1107
-1151
-1201
-1261
-1312
-1338
-1334
-1314
-1291
-1279
-1293
-1293
-1292
-1289
-1274
-1260
-1233
-1206
-1158
-1088
-1021
-965
-919
-878
-818
-725
-602
-464
-333
-220
-135
-66
-4
69
158
257
354
421
445
424
378
320
274
255
246
220
148
38
-75
-140
-128
-64
13
56
69
72
106
211
360
537
687
805
906
992
1089
1189
1273
1334
1377
1413
1449
1463
1440
1371
1264
1144
1035
944
865
762
605
418
219
39
-76
-126
-130
-144
-196
-280
-381
-449
-457
-407
-349
-318
-335
-412
-505
-587
-615
-580
-527
-480
-479
-521
-587
-656
-690
-685
-638
-578
-541
-534
-551
-584
-618
-635
-621
-575
-512
-445
-397
-379
-378
-390
-410
-418
-415
-402
-378
-365
-366
-395
-448
-506
-565
-580
-548
-493
-426
-383
-373
-389
-414
-414
-375
-299
-200
-108
-24
41
89
137
197
273
363
470
574
669
750
807
853
903
960
1020
1082
1133
1166
1176
1164
1162
1166
1160
1134
1095
1043
975
911
849
786
724
656
586
521
465
407
345
281
218
159
109
71
36
-5
-51
-107
-164
-212
-256
-286
-316
-358
-408
-476
-557
-638
-719
-785
-844
-891
-933
-989
-1046
-1102
-1147
-1168
-1180
-1177
-1151
-1115
-1079
-1041
-996
-940
-883
-815
-743
-669
-590
-504
-420
-347
-282
-235
-186
-123
-50
38
127
204
273
340
399
460
532
611
686
727
741
750
749
749
751
742
736
729
725
732
744
763
778
773
749
724
698
673
660
621
545
437
307
195
115
49
-27
-118
-219
-303
-358
-368
-341
-323
-320
-349
-382
-409
-422
-423
-429
-452
-485
-498
-492
-458
-396
-316
-230
-153
-86
-7
79
155
216
258
278
287
283
273
269
254
239
221
198
182
150
111
81
42
1
-46
-100
-158
-232
-304
-375
-447
-506
-560
-597
-625
-643
-640
-635
-610
-566
-511
-430
-341
-245
-143
-44
57
157
257
350
437
502
547
586
606
618
634
641
639
626
607
597
578
558
529
486
451
406
356
299
233
171
101
29
-54
-145
-234
-308
-372
-433
-488
-547
-589
-614
-630
-623
-605
-564
-518
-473
-415
-361
-304
-230
-162
-98
-50
-3
37
62
83
97
124
144
149
149
142
131
117
115
122
138
146
146
152
147
142
142
156
165
157
136
99
56
13
-25
-65
-110
-163
-229
-297
-357
-408
-449
-470
-483
-492
-497
-498
-485
-462
-409
-334
-258
-167
-80
10
110
213
325
435
545
639
711
781
818
847
899
939
982
990
952
915
872
827
785
715
635
551
442
328
207
90
-8
-103
-198
-291
-373
-460
-539
-601
-655
-672
-684
-701
-701
-707
-692
-659
-628
-576
-524
-466
-407
-369
-334
-292
-248
-184
-125
-98
-93
-93
-91
-63
-22
10
24
15
6
2
16
44
80
112
117
106
86
72
68
76
87
81
54
12
-31
-58
-60
-48
-35
-32
-39
-49
-65
-69
-57
-21
29
66
84
80
69
81
120
176
226
252
255
237
222
228
259
306
339
354
336
288
234
200
218
256
286
294
254
194
123
70
73
97
125
120
65
-15
-102
-148
-148
-129
-98
-105
-153
-231
-319
-356
-360
-333
-297
-280
-285
-329
-389
-432
-434
-389
-326
-273
-252
-282
-321
-337
-307
-241
-169
-95
-47
-43
-70
-100
-100
-56
7
68
87
48
-3
-40
-37
-2
28
49
48
40
43
55
60
61
70
104
154
188
199
185
163
160
184
238
291
312
301
280
279
303
346
386
418
439
440
423
391
376
403
449
480
467
404
323
248
197
157
119
72
10
-36
-83
-140
-217
-310
-379
-423
-441
-444
-460
-482
-510
-537
-547
-549
-533
-496
-446
-393
-371
-382
-398
-391
-341
-262
-182
-125
-95
-87
-82
-76
-63
-34
7
56
108
136
137
113
76
60
73
107
147
161
141
104
61
25
8
0
-5
-9
-23
-48
-86
-129
-152
-138
-83
-30
9
30
30
30
41
87
150
210
266
316
357
377
396
408
416
438
475
521
547
548
522
486
460
435
425
427
423
404
346
258
174
115
88
78
57
21
-33
-100
-175
-246
-301
-341
-365
-395
-448
-508
-574
-629
-650
-638
-607
-585
-581
-593
-613
-610
-581
-531
-464
-413
-378
-359
-362
-359
-326
-255
-167
-87
-33
-10
-5
0
32
86
160
226
253
246
216
181
168
172
194
209
204
171
106
51
13
10
35
61
67
46
7
-27
-27
-1
44
84
101
90
70
77
118
191
271
328
359
366
360
371
407
462
525
566
562
517
450
386
348
332
320
306
276
216
137
61
-1
-48
-73
-93
-97
-107
-133
-169
-217
-255
-270
-262
-242
-231
-244
-281
-329
-367
-381
-355
-312
-287
-295
-337
-387
-421
-422
-386
-345
-320
-316
-333
-340
-337
-310
-259
-203
-143
-87
-36
13
55
106
158
190
216
240
263
277
286
293
286
268
228
179
138
98
76
50
11
-22
-63
-98
-118
-127
-123
-120
-122
-121
-123
-119
-104
-82
-50
-13
15
44
87
133
189
228
251
271
287
310
329
345
364
367
344
307
262
223
204
200
197
179
144
95
42
-3
-36
-56
-58
-64
-84
-119
-161
-200
-218
-215
-207
-189
-173
-167
-168
-180
-190
-187
-179
-160
-134
-124
-131
-144
-149
-141
-127
-106
-92
-91
-98
-101
-103
-98
-79
-48
-13
4
5
-2
-4
5
22
29
33
33
26
26
37
47
49
34
21
5
-2
9
22
28
26
17
-2
-27
-45
-39
-9
20
40
31
4
-14
-18
-1
33
78
112
117
98
75
61
70
103
143
174
182
165
136
114
120
146
178
199
184
150
109
78
75
86
109
114
89
45
1
-31
-44
-40
-40
-41
-58
-96
-137
-169
-177
-168
-151
-142
-153
-178
-203
-228
-223
-193
-159
-132
-125
-127
-124
-113
-96
-69
-50
-35
-21
-20
-14
0
10
26
39
47
49
44
42
47
51
51
40
30
19
3
-11
-30
-35
-28
-29
-36
-50
-67
-84
-91
-84
-59
-42
-32
-16
2
21
46
72
104
139
160
186
211
228
242
244
247
250
248
237
220
196
165
128
100
75
49
29
7
-13
-37
-52
-55
-59
-61
-64
-78
-92
-105
-107
-103
-95
-92
-94
-98
-108
-113
-120
-128
-121
-119
-117
-109
-110
-109
-116
-121
-114
-108
-91
-65
-41
-24
-16
-16
-11
1
14
32
45
56
63
52
40
27
19
18
22
37
47
45
31
17
6
3
14
28
46
50
36
20
1
-4
8
22
38
42
30
10
-15
-25
-14
8
32
39
24
8
3
7
20
27
28
28
10
2
9
24
49
57
53
35
23
24
31
48
59
71
61
46
23
-5
-2
11
31
42
28
-5
-42
-62
-70
-55
-36
-23
-18
-40
-60
-84
-90
-81
-63
-37
-41
-44
-52
-69
-67
-70
-47
-37
-29
-30
-66
-77
-107
-106
-99
-112
-100
-128
-133
-140
-162
-146
-148
-120
-113
-123
-110
-124
-88
-70
-55
-33
-60
-40
-42
-19
27
39
80
65
72
85
94
160
180
224
230
207
210
183
222
252
275
307
277
278
254
244
276
286
312
311
291
263
226
220
217
215
203
175
144
99
59
19
-16
-49
-87
-121
-166
-198
-225
-249
-257
-281
-283
-282
-278
-271
-276
-266
-260
-242
-219
-199
-164
-150
-140
-131
-123
-100
-74
-43
-24
-27
-29
-29
-26
-17
-5
7
7
1
-20
-36
-49
-69
-75
-77
-86
-100
-123
-143
-155
-169
-168
-165
-166
-163
-154
-143
-132
-114
-92
-73
-57
-44
-19
27
72
116
148
174
201
225
260
294
321
350
362
371
381
378
383
381
372
369
352
329
302
262
241
219
186
161
116
69
30
3
-15
-45
-67
-108
-146
-173
-209
-212
-220
-219
-217
-240
-238
-257
-273
-264
-260
-234
-218
-218
-222
-235
-213
-186
-148
-118
-112
-94
-102
-91
-58
-24
23
35
38
23
9
22
33
58
70
64
53
31
17
7
24
47
60
50
20
12
-5
-3
10
20
40
22
10
-4
-14
-2
-4
15
30
29
41
36
47
57
66
94
106
130
140
140
158
160
179
191
194
207
200
207
197
184
183
151
141
124
104
86
42
13
-28
-49
-72
-100
-105
-123
-126
-141
-152
-154
-174
-173
-194
-198
-214
-229
-223
-253
-246
-262
-276
-266
-282
-268
-276
-282
-263
-258
-227
-211
-180
-148
-127
-79
-55
-12
22
42
85
95
124
141
146
175
173
186
182
176
185
175
174
159
147
138
127
125
114
119
107
101
96
84
92
87
97
103
105
119
116
134
145
167
190
198
219
219
229
236
241
256
253
245
218
182
152
134
133
131
122
92
40
-25
-85
-119
-144
-152
-165
-200
-240
-305
-350
-360
-345
-323
-323
-326
-349
-367
-369
-348
-296
-257
-236
-240
-263
-280
-274
-237
-183
-136
-123
-136
-161
-176
-159
-112
-55
-14
-2
-21
-53
-67
-51
-3
66
115
131
106
59
35
40
96
175
238
251
212
163
123
118
155
211
256
248
211
155
113
122
151
207
237
227
211
172
166
174
198
243
260
267
244
199
168
146
143
138
146
141
117
86
38
9
-8
-5
11
9
6
-22
-61
-90
-106
-95
-86
-71
-78
-116
-153
-188
-190
-178
-162
-154
-177
-214
-256
-276
-288
-280
-272
-282
-295
-327
-344
-346
-340
-327
-319
-302
-281
-259
-241
-207
-169
-137
-104
-92
-67
-34
6
61
108
146
174
181
186
200
230
270
301
316
305
285
250
220
210
214
238
239
210
159
98
59
44
60
85
101
89
55
13
-9
9
50
97
131
124
86
47
37
64
104
144
157
131
89
44
15
16
39
51
47
14
-38
-87
-131
-149
-146
-134
-123
-132
-161
-194
-218
-218
-197
-171
-146
-141
-152
-167
-179
-181
-167
-138
-105
-84
-81
-93
-100
-107
-101
-78
-56
-32
-17
-11
-6
4
24
47
75
90
96
98
94
97
107
117
123
120
117
110
105
109
110
110
105
95
82
73
72
64
53
29
-1
-24
-35
-30
-22
-22
-24
-42
-64
-79
-82
-59
-21
9
34
43
41
43
49
70
95
119
136
131
118
106
107
117
131
146
141
118
87
55
30
20
11
-6
-31
-74
-125
-170
-188
-185
-175
-169
-173
-175
-184
-187
-181
-162
-132
-116
-106
-117
-125
-115
-104
-77
-57
-56
-60
-84
-102
-93
-69
-32
1
19
19
1
-14
-19
-4
26
58
74
66
51
42
56
89
128
151
153
140
126
130
139
162
187
188
179
153
130
113
106
112
124
132
117
83
43
22
16
21
36
38
25
-7
-57
-92
-113
-113
-88
-63
-54
-77
-113
-145
-164
-165
-143
-104
-67
-31
-18
-29
-37
-52
-51
-34
-11
15
31
28
15
-2
-13
-17
-18
-9
-2
5
13
14
10
-9
-30
-46
-55
-54
-51
-48
-48
-45
-37
-33
-27
-20
-6
5
8
14
16
18
34
52
66
77
70
48
27
15
13
18
30
41
38
25
8
-1
0
6
18
27
28
15
-2
-8
-14
-16
-13
-7
-2
-12
-25
-36
-36
-23
-12
-3
7
10
1
-8
-7
-6
4
11
15
23
15
11
11
8
13
22
30
32
23
15
9
3
1
2
8
-3
-21
-25
-32
-33
-36
-34
-27
-29
-30
-31
-32
-23
-6
8
15
11
9
10
12
12
15
13
11
14
18
24
29
34
34
35
23
16
13
14
19
19
21
15
5
-4
-6
-3
-5
-4
-9
-10
-15
-20
-16
-20
-18
-18
-16
-8
-18
-23
-26
-30
-19
-17
-11
-13
-20
-19
-20
-10
-8
-1
3
7
6
-9
-3
0
6
15
8
11
-2
-11
-6
-1
12
13
17
19
10
6
3
13
17
14
10
-6
-16
-27
-29
-23
-14
-4
-6
-14
-25
-22
-11
-9
4
7
5
7
6
13
19
20
25
24
27
31
37
41
42
45
44
42
35
41
49
51
52
46
33
27
32
39
47
47
30
19
9
5
12
8
7
6
-8
-18
-27
-40
-46
-61
-78
-87
-93
-91
-91
-93
-92
-90
-85
-73
-58
-50
-47
-53
-61
-58
-47
-30
-9
-1
-1
-9
-10
4
14
27
37
35
25
8
4
12
30
53
54
43
28
17
20
26
35
47
49
40
19
4
2
15
34
49
58
43
14
-14
-27
-14
6
24
23
9
-15
-42
-53
-45
-25
-3
1
-4
-16
-24
-23
-22
-10
11
25
32
32
21
16
14
17
30
39
41
36
22
15
17
26
39
43
29
7
-11
-22
-24
-15
-7
-14
-31
-50
-60
-59
-51
-32
-21
-16
-17
-29
-35
-25
-4
22
33
29
19
5
5
18
31
36
32
26
13
