-4
4
11
10
9
13
19
24
23
24
23
19
20
24
27
28
29
28
29
32
27
28
32
33
36
37
36
34
35
35
29
27
20
17
14
10
7
6
2
-7
-18
-29
-35
-43
-45
-47
-42
-38
-36
-40
-41
-37
-33
-23
-9
0
8
10
12
18
26
28
27
27
24
25
28
25
26
25
27
23
21
21
13
9
5
-2
-5
-13
-22
-28
-32
-37
-38
-40
-42
-41
-40
-33
-27
-19
-11
-11
-9
-3
1
4
2
1
9
4
7
12
11
13
8
3
-4
-13
-18
-20
-18
-18
-15
-9
-7
-1
1
2
0
2
11
22
24
26
27
23
34
33
28
25
22
26
22
23
23
18
25
30
31
27
16
8
6
13
24
37
40
33
21
2
-13
-25
-24
-20
-15
-13
-18
-28
-47
-65
-67
-59
-44
-25
-15
-16
-28
-44
-57
-61
-54
-37
-15
-11
-23
-37
-55
-59
-44
-16
11
29
36
31
25
31
47
74
107
137
160
166
162
156
146
146
144
136
122
98
66
29
-10
-43
-69
-89
-105
-122
-143
-167
-185
-201
-210
-205
-195
-179
-161
-152
-144
-133
-132
-119
-109
-90
-63
-49
-27
-19
-13
-5
-7
0
5
16
31
45
63
71
80
94
102
119
135
149
164
167
170
172
157
157
157
153
165
165
169
167
143
132
110
100
96
86
83
61
39
8
-37
-61
-97
-112
-119
-140
-134
-151
-170
-177
-198
-190
-190
-173
-138
-137
-124
-132
-146
-136
-138
-100
-59
-30
8
8
7
-2
-11
4
20
51
71
74
75
57
37
20
7
16
35
57
71
67
60
42
27
34
39
58
78
91
108
88
72
52
22
22
8
17
22
4
6
-23
-43
-55
-78
-78
-89
-87
-80
-90
-83
-90
-82
-81
-84
-63
-59
-37
-27
-19
0
-4
12
26
35
61
67
78
76
67
69
60
61
54
47
55
43
40
34
25
28
10
11
10
4
14
14
17
14
5
2
-3
-2
1
4
2
-12
-21
-30
-31
-29
-34
-27
-27
-31
-30
-40
-38
-38
-42
-34
-28
-19
-14
-9
-7
-11
-9
-9
-5
-3
2
11
15
17
11
13
9
5
10
15
17
18
19
19
16
8
6
6
2
1
2
6
8
5
2
-2
1
4
9
12
6
6
2
-1
-5
-8
-10
-17
-27
-31
-31
-32
-31
-32
-28
-30
-28
-21
-17
-12
-5
-4
-3
-4
-7
-1
9
17
25
39
46
49
53
46
38
36
35
42
52
59
62
52
44
34
22
19
16
14
19
14
17
10
-4
-17
-36
-41
-43
-41
-36
-34
-37
-42
-42
-49
-52
-58
-54
-43
-45
-39
-35
-36
-35
-38
-37
-38
-32
-16
-6
2
3
1
-5
-14
-9
4
19
28
29
24
10
-3
-1
0
7
22
30
35
38
37
36
32
24
27
36
42
49
52
53
46
35
33
30
23
25
21
19
15
3
-5
-16
-26
-31
-27
-22
-17
-17
-22
-20
-20
-21
-22
-26
-20
-10
-6
-2
-1
5
11
16
19
18
13
4
-4
-11
-12
-13
-10
-10
-10
-14
-20
-30
-32
-26
-30
-26
-16
-15
-9
-19
-19
-19
-18
-6
-11
-4
-4
-14
-19
-32
-29
-26
-16
-3
-4
0
0
0
7
9
18
28
36
47
52
52
46
42
37
38
39
36
30
25
22
12
2
-7
-13
-16
-17
-18
-16
-13
-10
-11
-7
-5
-5
7
15
19
23
18
10
0
1
6
10
11
9
14
12
14
11
5
4
-4
-3
-10
-15
-11
-16
-19
-21
-20
-22
-25
-24
-21
-19
-16
-9
-4
-2
-3
-5
-13
-17
-17
-11
-7
-9
-7
-10
-15
-13
-9
-10
-2
7
11
15
17
15
7
-3
-8
-2
0
-2
-6
-7
-6
-13
-15
-11
-11
-13
-15
-6
-3
-2
-1
-3
-3
-9
4
16
21
25
21
24
24
27
42
51
54
59
63
64
65
59
45
37
27
19
19
10
5
-5
-11
-6
-1
8
-7
-23
-28
-29
-18
-18
-10
-18
-33
-27
-31
-36
-54
-58
-44
-44
-37
-34
-39
-48
-60
-47
-30
-25
-4
13
20
18
15
22
19
23
40
51
65
55
46
27
-4
-5
2
22
40
31
21
0
-16
-24
-26
-27
-31
-18
-8
-5
-15
-28
-38
-42
-36
-25
-20
-18
-21
-24
-26
-27
-18
-22
-23
-24
-15
0
0
12
8
-2
4
7
20
24
24
25
20
20
18
22
17
5
5
11
14
13
9
6
-3
-7
-6
-3
-7
-8
-1
0
0
4
7
11
12
11
19
18
15
13
13
20
18
20
21
21
28
37
42
44
41
31
16
11
17
14
13
6
12
15
0
-11
-20
-31
-42
-33
-12
-1
3
-3
-18
-34
-55
-53
-46
-49
-42
-28
-28
-42
-73
-105
-136
-148
-127
-108
-84
-76
-81
-95
-129
-141
-150
-130
-93
-56
-21
-14
-9
-17
-23
-21
1
52
103
144
166
176
166
145
137
147
170
198
230
232
204
169
135
120
96
81
85
81
71
35
9
-22
-55
-72
-81
-72
-80
-85
-94
-119
-127
-135
-133
-138
-146
-148
-146
-134
-127
-122
-119
-103
-86
-79
-63
-31
11
37
52
72
88
99
119
156
187
210
228
228
213
188
175
186
184
174
171
160
134
84
36
7
-12
-7
19
43
51
36
3
-29
-42
-23
24
87
156
190
180
133
62
11
-10
3
34
60
44
-33
-148
-289
-410
-480
-508
-490
-483
-493
-539
-650
-776
-871
-887
-851
-779
-673
-570
-513
-544
-581
-588
-543
-430
-258
-34
145
232
254
267
292
336
451
633
834
974
1034
1058
1019
939
883
901
1003
1074
1083
1055
968
803
580
414
319
236
134
72
21
-120
-312
-492
-616
-750
-866
-879
-822
-773
-771
-740
-708
-729
-759
-732
-608
-475
-320
-123
64
188
230
272
329
379
460
595
770
888
920
913
854
747
603
510
485
462
426
372
307
170
-50
-263
-419
-517
-607
-638
-593
-598
-680
-796
-876
-925
-993
-983
-874
-708
-587
-528
-448
-420
-452
-479
-381
-176
-7
122
242
359
373
290
262
312
395
454
542
639
658
556
372
260
200
157
145
176
237
196
58
-126
-286
-387
-439
-392
-270
-149
-115
-157
-237
-319
-353
-346
-230
-23
229
429
498
464
356
273
266
402
637
824
927
913
838
706
538
421
371
439
543
642
638
453
168
-147
-332
-407
-392
-384
-447
-559
-746
-921
-1131
-1326
-1457
-1476
-1327
-1145
-1001
-1000
-1085
-1152
-1167
-1025
-758
-436
-156
53
249
419
498
490
516
635
834
1065
1314
1483
1514
1393
1210
1136
1112
1115
1135
1135
1073
975
876
618
360
212
117
-45
-211
-121
-74
-250
-624
-766
-654
-841
-942
-880
-681
-564
-702
-648
-590
-456
-473
-639
-577
-322
122
-41
-354
96
409
129
-142
91
496
371
-13
42
474
448
-183
-180
186
5
-144
-304
-340
-206
-394
-667
-622
-274
-447
-877
-710
-531
-518
-677
-885
-569
-363
-635
-740
-379
-133
-528
-587
-141
64
105
-27
161
467
299
217
421
766
774
618
928
1133
1091
1009
1014
1195
1218
1295
1428
1466
1458
1259
1200
1173
979
851
742
705
487
172
51
-96
-272
-707
-1038
-841
-830
-1131
-1254
-1098
-1065
-1274
-1392
-1251
-967
-1001
-1164
-918
-563
-504
-524
-310
-140
-168
-153
-17
185
341
360
347
556
675
573
596
548
474
364
293
524
589
393
172
259
175
-285
-210
-202
-417
-431
-421
-347
-469
-386
-527
-967
-676
-448
-523
-337
-254
-73
17
26
69
73
376
353
348
697
716
1004
790
431
784
695
652
384
499
758
339
315
82
179
231
-402
-222
-196
-221
-326
-583
-538
-654
-564
-706
-825
-522
-650
-849
-715
-554
-615
-671
-610
-446
-283
-346
-374
-331
-198
-177
-154
-19
34
334
139
-129
237
172
79
102
298
380
254
447
353
511
471
87
450
613
720
671
651
871
625
708
749
682
764
554
626
651
581
457
295
295
2
-217
-142
-55
-174
-428
-453
-343
-445
-648
-540
-454
-500
-560
-407
-62
-58
-160
-137
-27
-19
34
259
230
339
367
120
342
317
126
308
333
157
160
311
72
109
33
-245
-146
-207
-119
-193
-115
-474
-555
-484
-810
-486
-671
-414
-667
-886
-703
-944
-595
-1187
-669
-336
-972
-594
-369
-484
-1042
-469
-466
-480
282
-175
-102
341
-28
-519
97
506
332
822
745
738
716
483
440
401
727
1258
1235
594
954
1366
232
122
862
704
568
842
788
624
603
0
-177
326
49
-51
442
267
-195
-237
-406
-647
-317
-326
-477
-242
-280
-576
-735
-867
-812
-566
-501
-395
-136
-312
-477
-355
-302
-236
262
413
313
532
446
351
552
590
652
913
927
675
740
579
295
346
260
209
375
35
-312
-276
-611
-858
-624
-786
-933
-809
-907
-1095
-1183
-1146
-1043
-1065
-1056
-779
-469
-493
-507
-308
-298
-133
89
215
464
626
686
687
916
696
906
1463
962
870
1201
1107
674
676
870
496
612
552
169
168
-177
-170
-373
-506
-562
-165
-138
-922
-551
-235
-932
-674
-181
-332
-316
125
16
-437
87
-115
-258
33
4
297
708
165
-110
511
90
-1034
-9
504
-284
85
407
86
-291
-438
-671
-169
23
-514
108
566
-136
-591
-334
-181
-646
-336
-263
49
144
-440
-212
-216
-563
-797
-376
-264
-219
385
64
-97
-142
-337
-530
-204
510
378
455
377
518
574
199
350
623
754
519
601
1034
919
547
306
468
456
295
587
650
442
540
423
295
536
540
266
284
554
389
524
690
368
424
-32
-507
66
62
-351
-335
-394
-855
-1057
-940
-1231
-1209
-1087
-1341
-1215
-940
-950
-1135
-999
-1037
-1074
-630
-446
-301
-31
-33
-95
54
63
125
470
329
254
648
807
413
481
627
36
406
681
132
101
340
458
169
-3
-239
-202
387
-346
-612
-142
167
-82
-346
147
-338
-22
501
-227
-214
247
538
367
709
837
292
915
578
327
738
648
861
1035
912
355
393
564
273
518
82
-119
451
179
-203
-430
-294
-752
-776
-431
-570
-740
-956
-930
-954
-1377
-1415
-1138
-808
-1022
-1173
-943
-847
-1036
-951
-568
-578
-676
-450
-177
-166
-168
-108
124
359
248
183
270
522
716
410
581
1017
720
511
642
749
660
599
1013
933
710
698
592
304
750
978
634
937
995
484
461
526
283
386
1076
593
375
585
-31
-89
66
-164
-232
-16
-5
-292
-331
-731
-818
-626
-887
-768
-553
-458
-701
-860
-591
-844
-794
-605
-633
-59
-314
-395
-31
-229
-365
-423
182
250
-63
211
453
75
-255
235
262
-71
-51
10
127
359
-267
-168
316
-273
-413
-171
-158
203
-105
4
-745
281
448
-454
110
-102
-81
-48
183
356
127
-304
-125
708
-156
-1128
634
476
-213
-107
-162
28
369
-201
-499
25
635
24
65
227
-427
-171
386
77
358
545
-38
68
504
-219
-319
327
512
388
337
-19
23
53
-526
-300
106
378
28
82
8
-424
-894
-417
-137
-12
-84
-170
120
-122
-729
-783
-231
82
11
342
436
574
95
-115
202
-54
640
623
576
1112
937
660
185
311
256
631
755
682
1121
680
395
422
223
324
319
640
782
627
247
-78
-159
-409
-381
-464
-286
-180
-586
-1054
-1359
-1433
-1446
-1503
-1295
-1399
-1187
-1364
-1577
-975
-1455
-1608
-1029
-885
-563
-448
29
-32
-520
-236
160
-35
243
1092
620
457
1155
590
163
401
636
545
767
1255
987
560
444
369
460
226
376
1188
1164
643
412
1093
609
116
212
614
595
308
999
1223
-148
-115
213
-19
-444
93
401
-74
370
-259
-770
-494
-214
-284
-570
-847
-75
-161
-492
-562
-683
-948
-639
-657
-874
-228
-204
-755
-657
-592
-1198
-712
102
-845
-590
-11
-613
-375
-35
-453
-862
-288
-318
-171
151
211
471
113
-321
-276
276
584
-35
431
616
586
157
426
658
258
417
352
1149
1035
685
743
716
816
169
452
1271
778
476
822
1332
542
21
69
-6
519
715
474
924
1041
-214
-431
373
117
36
15
-49
214
392
-243
-501
-161
-1031
-1420
-693
-713
-700
-826
-971
-938
-1282
-1475
-1378
-1181
-1242
-539
-298
-394
-768
-1013
-699
-759
-473
202
200
51
366
162
-520
-278
-44
462
593
530
416
121
-263
-324
219
-242
48
842
841
-523
-530
639
21
-480
-49
667
1067
962
337
-191
511
558
-109
1151
930
1008
1324
188
746
206
411
585
1340
1321
50
1027
685
30
-121
-352
880
938
509
-543
74
-312
-944
123
-904
-681
-215
-211
-868
-965
-1148
-1569
-545
-375
-989
-1124
-446
-765
-1523
-1068
-1260
-580
32
-597
-759
-507
-253
-943
-1132
-68
-161
184
422
331
102
-288
-306
90
861
622
223
1160
1199
419
432
316
302
676
1385
1218
1388
1262
182
100
468
725
1289
1357
1359
1196
410
-184
293
287
-114
565
819
815
220
-306
-1132
-1341
-975
-1040
68
125
-813
-1242
-1313
-1303
-1529
-1501
-1322
123
259
-846
-865
-286
-683
-1467
-35
915
65
472
855
584
240
-703
402
978
538
640
875
994
324
-537
144
-139
682
208
714
846
-971
155
279
-238
-626
548
876
-28
-335
-366
-294
144
-660
-49
623
-283
-1446
-108
128
-722
-602
-147
469
-214
-77
-461
-558
-247
-416
-29
555
978
253
-721
121
-785
-584
602
241
907
286
-608
402
-391
-1296
-69
615
278
39
608
198
-932
-982
-615
199
242
-248
863
649
-591
-1083
-244
180
-745
429
1111
523
91
-485
22
-254
-420
-92
526
1005
308
829
321
-553
-314
181
695
497
662
1599
1083
14
-240
316
1239
473
194
1047
696
776
114
-332
351
-637
-1150
15
237
-525
-512
-979
-1296
-822
-1128
-1055
-421
-82
-427
-822
-520
-112
-492
294
318
-158
933
712
430
313
-253
242
586
1359
930
-3
436
-467
-874
-354
138
-183
-196
163
-588
-355
-942
-2154
-304
-80
-877
2
559
916
-616
-661
-983
16
1244
824
543
1857
923
-433
589
568
-757
692
1166
-174
2223
932
-1496
119
-517
-2137
655
1026
225
395
-322
-2894
-88
619
-2285
-585
1229
-1059
-776
331
-1898
-765
-175
-2150
-725
2379
-990
-1160
1557
-1900
-1382
413
-71
1247
844
-8
-508
1297
486
-1326
830
1081
883
900
366
298
1140
474
10
997
1385
794
22
191
665
1189
150
-140
1678
472
219
276
-417
625
376
-451
450
940
-792
-1666
-655
-1512
-1724
-918
-945
-381
-1386
-2459
-2314
-1042
-1337
-1127
775
-798
-1241
676
-372
183
1344
356
663
2031
950
342
2074
1382
822
3134
1506
793
2907
550
679
1302
236
353
1547
2003
-605
-333
-575
-1599
-1100
-807
-317
-1000
-524
-944
-2391
-1446
-1341
-1232
-1181
337
-1114
-1433
133
-889
-817
922
-234
-1758
2645
2575
-2184
-958
2333
1137
-269
1277
2577
1695
-695
-1718
-296
1803
100
-1378
2325
835
-2210
-2088
-1256
-587
-689
51
-1128
-427
-192
-2121
-3396
-2927
865
193
-1575
-478
166
-883
-2608
-837
795
504
1043
1191
1058
1602
91
-285
1660
2145
1660
1881
2455
2267
1297
602
883
1626
2336
1537
1637
692
-4
-442
-2179
-1052
96
-860
-1692
-1907
-2225
-3319
-2941
-2536
-2343
-1822
-2258
-1975
-1837
-2046
-2406
-1210
521
-274
-77
1144
639
1243
1779
1525
3155
4182
3575
2715
2515
3367
3509
3599
3599
4131
3601
1282
1138
2615
2872
1049
247
1210
210
-1304
-851
-880
-1514
-2842
-2716
-2369
-2035
-1918
-3870
-3723
-2726
-2325
-1713
-2683
-1836
-1366
-1858
-2002
-942
1557
-339
-1676
363
1072
369
-464
1496
1743
-175
499
1539
1776
105
-1231
842
-20
689
1630
-667
-709
-1230
-1294
-1862
-697
820
-842
-1954
-1914
-1218
-569
-1410
-1425
-896
-255
-373
-417
1106
-453
-2031
407
1947
1981
1378
759
788
1314
2221
2146
2750
3410
1027
663
1907
2354
2256
1094
11
-438
-479
-561
-782
-1009
-2263
-3260
-3145
-2888
-1988
-2835
-4062
-3821
-2725
-2241
-2501
-1181
-1238
-1988
-861
94
1521
2279
1603
1139
1654
2774
3942
5310
5118
3665
2262
2862
4762
5756
5233
3260
3744
3676
1788
2390
3430
2928
1044
-494
-431
282
339
-1604
-3142
-3852
-4166
-3520
-2097
-2522
-4375
-5473
-5320
-4339
-2729
-1542
-2408
-2540
-2869
-3604
-1168
1185
-403
-1138
607
1425
-97
-337
1578
1773
1354
951
2354
4695
1499
-1615
-485
1417
1546
1063
1253
-373
-1358
-1881
-2029
-1442
-1152
-1100
-1320
-1627
-1243
-895
-1545
-1806
-1650
390
1068
355
-41
-261
457
987
1802
2182
2418
2084
865
1440
2218
2022
1880
1167
707
240
-105
-430
-515
-336
-2630
-3227
-1751
-1325
-1491
-2819
-3341
-2895
-2125
-1673
-2097
-957
-370
-1314
-435
181
726
1125
788
1626
2668
2722
2718
3398
3912
3657
3378
2604
3778
5269
4627
3547
2965
3475
2913
2890
3492
2057
1315
483
-351
315
504
-939
-2994
-3461
-4067
-4836
-3617
-2661
-3838
-5257
-4888
-5083
-4425
-3182
-3292
-2537
-1978
-2023
-2381
-2027
-1333
-332
970
1147
709
-1
7
1373
2270
3185
4040
2833
1737
1908
1710
1713
2351
2409
1566
1097
591
-853
-874
41
493
579
-246
-1449
-2140
23
986
-195
-324
-1158
-1391
-461
500
1074
1021
431
-1452
-1367
218
1272
1259
-926
-1983
-2383
-1976
-916
-1346
-2511
-4605
-4940
-3793
-2938
-2473
-3546
-4662
-4716
-3395
-1496
-808
-1384
-1558
-1016
125
1465
2660
2942
2191
2309
3019
4838
5909
5255
5534
5555
5292
5509
6400
6709
5991
5402
4868
5078
5012
4235
3442
2484
2204
1297
122
-630
-864
-440
-1702
-3575
-4163
-4206
-4599
-5271
-4578
-4529
-5374
-6204
-6032
-3924
-4035
-4989
-3744
-2867
-3413
-2652
-1396
-1341
-78
1093
713
366
487
1025
2128
2671
2274
2201
2402
1576
715
1734
1705
1531
1311
-523
-393
699
1182
360
-697
-1625
-1764
729
1384
910
-342
-2611
-1347
1277
2227
1506
439
261
-584
-19
1493
2229
1339
-1222
-3008
-2300
-38
477
-1695
-4050
-5300
-5145
-3399
-2461
-2598
-3914
-5723
-6014
-3771
-1161
-1615
-2944
-2317
-1185
-364
879
1705
1888
2418
3292
4351
5417
5213
5165
6198
7068
7890
7123
5932
5950
6420
7109
7174
6973
5855
4410
3785
3501
3807
3489
1899
-26
-680
-1194
-2488
-3028
-4316
-6072
-6151
-5942
-6470
-7007
-7733
-8338
-7775
-6686
-6152
-6063
-5652
-5728
-5520
-4072
-2826
-1880
-1568
-1876
-1043
872
2138
1582
1218
2332
2810
3281
4243
3728
3687
3845
3122
3151
3673
3850
3311
2783
1572
326
1550
3381
3451
1125
-1424
-2094
-87
2349
2249
1432
119
-1153
-999
-43
684
1372
650
-1808
-3450
-2919
-1137
-342
-2373
-5275
-6227
-5240
-3733
-2767
-3444
-5391
-6511
-5814
-3838
-2859
-2834
-3144
-3277
-1966
-982
-440
381
1079
1879
2609
3167
3733
4162
4389
5884
7291
7334
6406
5239
5814
7143
8320
7762
6480
5692
4874
5000
5058
5153
4219
2173
1096
990
829
-249
-1499
-2976
-4581
-4897
-4144
-4184
-5201
-6365
-7732
-7991
-6606
-5579
-5849
-6245
-6543
-6086
-4499
-3598
-3692
-2989
-2228
-1922
-1387
-905
-119
1212
2074
1919
1962
1868
1898
2454
2817
3248
3345
3871
3544
2454
1421
2038
5022
5052
2390
-512
-201
2989
4844
3694
575
335
1014
402
578
1590
2607
196
-3038
-3302
-857
1137
-1281
-4249
-5655
-5559
-5205
-4691
-3298
-3775
-6325
-8388
-6886
-4165
-3544
-4206
-4524
-3507
-2215
-2063
-1908
-250
998
1319
1851
2818
3873
3979
4417
5295
7246
8011
7195
6696
6196
7840
8863
8873
7869
6936
6860
5717
5915
5622
5043
3953
1518
645
612
963
-700
-2622
-4007
-5352
-5678
-5760
-5460
-5852
-7075
-8585
-8764
-7741
-6742
-6840
-7337
-6671
-5710
-5214
-5241
-4762
-3756
-2358
-1186
-1507
-1009
-753
34
1076
2086
3280
2748
2490
1921
2695
4202
5206
5049
2483
1126
2454
5709
6648
3641
632
-155
2898
4992
4763
3953
2626
1121
-570
826
3677
5101
2043
-2951
-3798
-992
687
-676
-3216
-5316
-6372
-6297
-4356
-2808
-4160
-7234
-8841
-7334
-4670
-3726
-4130
-4644
-4253
-3758
-3112
-1896
-376
742
1249
1939
2406
3093
3934
5035
6537
7847
7467
6543
6086
7089
9068
9752
9109
7246
5919
6125
6472
7058
6686
4899
2258
816
1467
1823
1195
-1644
-4381
-5085
-4947
-4498
-4444
-5704
-7624
-9470
-9726
-8019
-6294
-6406
-8307
-8959
-7653
-5434
-4703
-5450
-5023
-3985
-3071
-1831
-1243
-273
385
266
570
1895
2990
2450
2500
2915
3981
5062
4036
3015
4096
5622
5507
3398
2452
3235
4726
4683
3341
3545
3863
2491
239
27
2664
3947
1436
-1700
-2328
-1092
-1294
-2708
-3573
-4193
-5374
-5967
-5126
-4078
-5028
-7330
-8298
-6537
-4053
-4225
-5013
-4865
-3793
-2758
-2334
-829
903
1955
1607
1345
3137
5083
6014
5991
7349
8194
7375
6598
6148
8043
9991
9860
7744
6711
7217
6465
6277
6244
5705
4662
2373
567
657
1687
118
-2632
-4412
-5463
-5504
-5407
-6184
-7226
-8026
-8767
-8135
-7172
-6949
-7654
-8489
-8001
-6394
-4901
-4662
-5215
-4757
-3540
-2122
-1943
-1836
-1158
-882
-285
787
1713
1599
1517
1730
2706
3604
2993
2052
3848
5404
4408
2133
1041
2900
5415
5428
3331
2970
3523
2210
1410
2411
4601
4661
531
-2509
-1740
1263
1752
-167
-2724
-4270
-4591
-4285
-2421
-1567
-3168
-6460
-7434
-5393
-3336
-3064
-3657
-3552
-3087
-2959
-2864
-1251
1075
1696
1153
869
2461
4251
4816
5280
6630
8224
7711
6773
5929
8054
10431
9614
7719
6586
7106
6750
6126
5669
5099
4183
1088
-639
-396
-107
-1497
-3998
-5495
-7376
-7954
-8043
-7787
-7711
-9277
-10797
-10683
-9252
-8195
-8449
-8795
-8123
-6812
-5693
-5321
-4013
-2513
-2078
-1605
-1276
434
1838
2016
1643
2045
2990
2761
3640
4104
4649
4596
2634
2079
4162
5826
4762
2236
1060
2351
4223
3937
2603
2841
2852
1405
622
1562
3703
2825
-943
-2752
-1147
1227
358
-1825
-3523
-3657
-3940
-3969
-1888
-953
-2660
-5684
-6525
-4299
-1819
-1137
-2048
-2339
-2205
-2535
-1516
573
2294
2135
967
885
2742
4490
4346
4410
5665
7102
6791
5990
5789
6951
8088
7490
6781
6769
6975
5943
4764
5106
5106
4304
2039
66
-258
-341
-1322
-3291
-4532
-6571
-7999
-7922
-7406
-7153
-8216
-10252
-11219
-9839
-8379
-7532
-7467
-7736
-7092
-6158
-5039
-4170
-2762
-1664
-1701
-1097
-402
1325
1799
1714
1240
1007
3111
4016
5212
5007
3190
1212
2668
6363
6869
4625
28
-149
3620
5177
3749
2079
2783
712
-1413
-887
2888
6155
1910
-3745
-6008
-1960
538
-470
-2151
-4722
-5725
-6966
-5413
-2618
-1498
-3718
-6543
-6461
-4191
-1789
-1030
-238
329
-336
-781
75
3315
5539
5430
4443
4037
5518
6691
7834
8040
9869
9396
7474
6887
6414
8711
9735
8625
6274
5912
5761
3684
3856
3322
2961
1540
-1650
-3153
-3292
-2721
-5207
-6904
-7887
-9707
-10704
-10159
-8898
-8836
-9728
-11676
-11175
-8710
-6917
-6991
-6681
-4881
-3837
-3365
-2278
-625
1080
1847
1463
939
2824
4076
3933
3631
2747
2677
3497
5377
5447
4162
1772
1370
2798
2698
1490
12
562
1174
-134
-876
84
888
-1619
-3546
-2437
866
2060
-1946
-4740
-5379
-3955
-3291
-3117
-2715
-3791
-6003
-7084
-4459
-1881
-2010
-3531
-3881
-2782
-1825
-902
842
3115
3372
1671
1863
4494
7484
7990
6936
5815
6679
8274
8788
9498
10889
11284
9433
7329
5873
7615
9629
8882
6638
5142
4182
2184
1736
1702
1363
1106
-2296
-5177
-4935
-4305
-5400
-6757
-8149
-10490
-11304
-11456
-10292
-7962
-8067
-10948
-11719
-8815
-5676
-4337
-4124
-4138
-2909
-867
13
780
3067
3593
2586
2806
3510
5252
5182
3234
2369
3719
5407
4278
2720
982
637
2085
1697
1393
-884
-3011
-3215
-2270
-1226
-1728
-1044
-2263
-4405
-5856
-5070
-917
471
-2075
-5787
-6473
-4764
-4288
-3866
-3864
-4060
-5659
-5815
-3921
-1574
-681
-2463
-2149
-654
1290
2076
2935
4958
5824
5878
5303
6759
8640
9735
10115
9230
9739
9237
9660
9761
11184
13084
10513
8811
4858
3599
5533
6074
5922
3924
1973
-1692
-3074
-3294
-3371
-1515
-3712
-6665
-8609
-8929
-8801
-8802
-9474
-11874
-12296
-12077
-10434
-8235
-6292
-7147
-7747
-6173
-4236
-697
1206
1834
2242
2807
3916
5437
7299
7274
6385
5130
4676
5956
5995
5369
3783
3438
3545
3404
1605
-1331
5
304
-983
-4642
-7835
-5409
-3393
-3804
-6673
-6837
-4866
-5882
-7822
-8696
-4057
-1486
-3872
-7516
-8575
-4779
-4022
-5030
-6368
-5868
-4157
-3989
-2465
-683
-13
-1272
-1956
639
4670
7409
7866
8063
7697
7351
8118
10786
14419
14814
12739
10232
10551
11494
11838
11781
12259
13435
10250
7400
4004
2449
3770
2862
2492
1529
134
-3670
-6916
-7597
-8022
-6254
-7940
-9993
-10338
-10306
-10674
-12797
-13436
-14262
-13516
-11390
-9034
-6216
-5680
-7387
-7763
-3903
1244
3887
4403
4430
5756
6973
7104
7653
10124
11615
10258
7866
6611
7548
7364
5730
4598
4806
5250
2809
-1629
-3425
-2107
-1086
-3196
-7728
-10153
-8198
-6140
-6771
-7760
-8478
-8473
-9254
-11261
-9204
-4347
-2723
-5908
-10418
-10684
-7018
-4101
-4620
-6054
-6219
-5974
-4774
-1524
1387
1782
326
-544
2405
6326
8609
10725
12131
11995
10104
8981
11699
16154
17570
15434
13707
12857
12340
11770
11069
13376
14962
11737
7543
2833
363
1073
982
1160
814
-2095
-5852
-7986
-9516
-11008
-10665
-11084
-11233
-10887
-12304
-12929
-12678
-14260
-16739
-16440
-13020
-7838
-3855
-3303
-5257
-5521
-3553
-429
4529
7997
9371
9586
8745
8404
9035
10785
11520
10955
9670
8276
8107
7752
5837
4052
3223
3557
3137
825
-352
-1656
-3179
-7685
-11540
-9970
-5940
-3428
-6332
-9710
-10733
-10065
-10161
-11425
-7942
-4453
-4111
-7266
-11232
-10294
-7993
-7216
-7838
-7464
-6240
-4163
-1960
-182
217
-1875
-2447
271
4781
8453
9750
11014
11458
9925
7919
8601
13321
17504
17918
14752
12433
11699
11414
11190
11200
13416
13903
12505
8685
3413
1012
-1367
-1294
440
953
368
-2916
-6427
-10051
-11905
-12447
-11981
-9615
-8570
-8831
-10621
-12728
-14768
-16421
-16107
-12835
-6706
-1131
840
-961
-3039
-3580
-904
3358
7423
11429
12814
12549
10318
8124
7510
7793
8814
8717
9189
9055
7917
5476
2055
18
-797
243
1425
1676
-1344
-7175
-11903
-12689
-8649
-5714
-5003
-5746
-7868
-9412
-11993
-13094
-11274
-8241
-6840
-7177
-7286
-7355
-7869
-10203
-12151
-12246
-9831
-4832
77
2874
1723
-2304
-4609
-3146
742
6158
11249
14171
14178
10512
7742
8158
10576
13775
15453
16811
17388
16278
14152
12158
10975
10207
10365
11346
12195
10886
6418
1066
-2044
-3005
-2634
-1301
-866
-957
-3381
-7863
-11645
-13827
-13625
-12016
-9381
-7512
-7784
-10566
-14623
-16897
-15976
-11899
-5906
-577
2216
1872
-366
-1316
44
2963
6491
9321
11407
12569
12414
10744
7899
5310
3833
5199
7629
8757
8299
5915
2667
-776
-3703
-3854
-1712
-1123
-3630
-8124
-10513
-9660
-8085
-7599
-8384
-8733
-8984
-9816
-9909
-9423
-8397
-8237
-8849
-8557
-7718
-6628
-7102
-8275
-9141
-9304
-7193
-3228
1060
2861
1711
-91
-840
769
3363
6532
10482
12678
12325
10302
9090
9759
11047
12080
12546
13773
14785
14096
12985
11633
10013
8548
7320
7607
8470
8043
5437
1878
-272
-1646
-2142
-2077
-1974
-2261
-3953
-6225
-7818
-8458
-9260
-10021
-9956
-8406
-5942
-5566
-8167
-9994
-9430
-8389
-5569
-1631
1728
3148
2199
450
-40
2895
4667
4885
5444
5098
5881
6520
5485
2937
1869
2070
673
473
944
1105
561
-1489
-3616
-5146
-5138
-4818
-4795
-4023
-4148
-5440
-7105
-8110
-6601
-4451
-3337
-2789
-3036
-3747
-4270
-4279
-3150
-1491
-1476
-2512
-2857
-1989
-714
-288
-453
-466
-519
-810
334
2494
3801
2980
608
-625
261
1837
2251
2043
1935
2070
1985
2242
4016
5611
5800
4246
3351
4836
6303
7156
6880
5985
5337
4832
5164
5862
6918
6107
3680
2386
1941
3095
3003
1174
357
-225
-342
-1217
-2534
-3244
-4497
-5610
-6336
-5551
-3203
-2099
-2553
-4377
-5724
-5547
-4405
-1664
414
1990
1849
-275
-1179
-1271
6
1004
2142
3223
2691
2904
2274
2069
2518
1942
870
-815
-762
-83
666
1054
-971
-3127
-4283
-4549
-3636
-1892
-736
-1227
-2822
-5516
-7061
-6309
-4965
-3733
-3526
-3688
-3184
-2164
-1427
-1550
-1911
-2341
-2549
-2220
-1136
566
2208
2827
1501
-903
-2726
-2778
-870
1476
1913
429
-1090
-1933
-1409
90
1571
2432
1726
48
-728
1278
4649
6669
6230
3600
1731
1882
3454
5367
6574
6905
6325
5740
5442
5902
6253
5415
3558
1330
485
688
1773
2719
1968
150
-2829
-5056
-4270
-2097
-350
-175
-1993
-3667
-3713
-3189
-3044
-2449
-1754
-2021
-2724
-2155
242
2426
3416
1771
-167
659
1617
3205
4699
4630
3141
682
-247
29
875
840
-593
-1970
-2971
-3093
-2882
-2330
-2406
-4133
-5969
-7047
-5916
-3155
-1831
-2613
-4974
-7294
-7974
-6669
-3952
-1367
-102
8
-147
78
922
1520
1344
70
-1411
-1282
737
3182
3537
1813
-1260
-3942
-4539
-3417
-688
1177
1114
-284
-2026
-2162
-1630
-749
70
314
664
755
1892
3929
5318
5415
3975
3205
4167
5883
7379
8245
8209
7097
5580
4605
5405
6649
6937
6034
3517
965
-732
-947
226
1207
858
-944
-2424
-2882
-2774
-3126
-4555
-5706
-6395
-5899
-4535
-3721
-2688
-3140
-4895
-5765
-4566
-443
2957
3996
3214
1845
2010
2313
3404
4767
4905
4372
2968
2687
2890
2298
911
-1073
-1982
-2560
-2687
-2562
-2519
-2115
-2186
-1907
-1951
-3422
-5574
-7759
-8004
-6207
-4195
-2295
-1398
-876
-456
-752
-662
-1289
-2955
-4966
-5540
-3448
-930
54
-2038
-5280
-7647
-8470
-6617
-3495
-545
27
-1752
-2996
-2579
-369
1840
3077
3688
3899
4617
5885
8163
10122
10374
9809
9158
9703
10403
10552
10486
10078
9615
8286
7460
7521
7901
7107
3598
-135
-3346
-4525
-4278
-4194
-3717
-4640
-5597
-6600
-7152
-7117
-8541
-9649
-10576
-9822
-7819
-5933
-3831
-3591
-4025
-4821
-3590
317
3996
7190
8093
8483
8895
8703
9103
9216
9597
8822
7290
6194
5207
4935
3561
1367
-1013
-3090
-4102
-3838
-1706
343
843
-2288
-7952
-12022
-13521
-11648
-9382
-8697
-8202
-8033
-6544
-4718
-3651
-4021
-7091
-10430
-12038
-9481
-5081
-2618
-2998
-6251
-8081
-8406
-6521
-3079
-1332
-706
-2522
-2571
747
5213
9484
10541
10701
10188
9618
9850
10731
12952
14119
14398
13820
13582
13430
12153
10988
9317
8487
7702
6860
6420
4558
1575
-2720
-6066
-7740
-8299
-7644
-7271
-6388
-6600
-7857
-8719
-9536
-9120
-9067
-8646
-7241
-5911
-4404
-4160
-3605
-2169
-181
2514
4834
7727
9985
11037
11343
10847
11059
11110
10634
9984
8513
6757
4381
1969
534
-449
-1053
-1755
-1664
-566
152
-220
-3175
-7056
-10129
-11871
-11623
-11673
-11756
-11158
-9561
-6332
-4089
-3925
-6412
-10116
-12611
-13288
-11772
-10525
-9920
-10307
-11318
-10737
-9134
-6088
-3914
-3939
-5104
-6064
-4355
-743
4129
8459
11306
12598
12743
13946
15759
17740
18186
16851
15266
13958
13893
14635
15529
15527
14224
11902
9685
7365
4276
795
-3472
-6612
-9129
-10244
-9162
-7789
-5964
-6416
-8038
-9655
-10747
-9824
-8970
-7537
-6890
-6431
-5545
-4518
-1894
811
4074
6166
7075
7824
8722
11108
13182
14194
13080
10908
9092
8423
8383
7232
5101
1432
-1333
-2536
-1491
1501
3467
3808
854
-3241
-6494
-8095
-8190
-9150
-10426
-11420
-10638
-8419
-5977
-4301
-4677
-6996
-10945
-14030
-15137
-14621
-14136
-15162
-16363
-16605
-14713
-11186
-7721
-6079
-6797
-8475
-8543
-5513
-1466
2148
4361
6437
9600
12636
15528
17623
19295
19724
18298
16042
14085
13910
14367
15125
15099
14276
13217
11159
9254
5594
465
-5264
-10375
-11343
-10128
-7450
-5407
-5088
-4899
-6050
-6907
-7676
-7913
-7848
-8444
-8456
-8166
-6133
-3396
-10
3650
5993
7907
9064
10988
13050
13652
12324
9837
8187
7586
7712
6952
5930
4605
3290
3036
3378
5381
6701
6196
3474
-892
-4183
-6668
-7417
-7700
-7683
-6883
-6057
-3948
-2431
-1809
-3220
-6856
-10249
-12957
-13510
-13792
-14904
-16586
-18323
-17938
-16077
-13090
-10747
-9936
-9774
-9404
-7525
-5376
-3601
-1871
1255
5799
9824
11970
12405
13331
14393
14903
14146
12631
11675
10619
9747
9205
9853
10856
11193
9739
6202
2070
-2911
-6334
-8834
-10514
-11079
-11359
-8785
-5458
-2219
-751
-1320
-1755
-2789
-3024
-3168
-2300
-1139
-1046
-946
-253
3017
7144
10549
12382
12730
12731
12107
11024
9471
7755
5804
3824
1551
-197
-1258
-1315
-55
1565
3873
4887
4858
3395
1235
-541
-3506
-6016
-8303
-7726
-4662
-1577
1182
1600
2186
1405
-812
-3714
-7469
-9616
-12475
-15234
-17745
-18855
-16835
-13745
-10063
-8199
-7710
-7593
-7043
-5944
-5845
-5606
-4695
-1357
2748
6139
9394
12260
15666
17001
15933
13900
11982
10854
8932
6155
4151
4206
5762
7479
6694
3901
44
-3969
-6454
-9288
-11250
-12703
-13020
-11623
-10218
-7609
-5165
-2953
-2268
-2792
-2585
-1700
-331
-935
-1955
-1824
636
4645
7671
10374
12722
15601
17563
17090
14287
10296
6978
4529
2639
167
-1923
-3067
-2171
666
3857
6730
7120
5821
3239
411
-2293
-5869
-8635
-10106
-8920
-6156
-3004
467
2815
3943
2594
164
-2109
-4596
-7592
-12442
-17374
-20948
-21543
-18722
-14370
-9996
-7219
-4773
-2068
467
1499
952
665
701
1522
2514
5264
9937
13946
16235
16365
16816
17499
16893
14644
10527
6538
3223
671
-145
-441
-458
-711
-2260
-4113
-6983
-9071
-9894
-10725
-11102
-12133
-11541
-9347
-7050
-5034
-3790
-1960
-418
196
-500
-1777
-2398
-2040
-454
1705
4156
6486
9129
12042
14165
14447
12917
10106
6795
3240
-501
-3090
-4970
-5086
-3237
336
4482
6193
6768
6756
6908
5016
-78
-4882
-7499
-6535
-5486
-4488
-2754
-783
1581
2048
2732
2672
829
-3175
-9308
-14283
-18292
-20180
-20343
-19250
-17043
-14525
-10081
-4786
-85
2351
2977
3784
4511
4961
5246
6586
8784
10442
11494
12987
15771
18380
19317
18119
15704
13246
10471
7859
4525
343
-3655
-6984
-8091
-8342
-8156
-7579
-7608
-7192
-7033
-6272
-5008
-4899
-5543
-6636
-6544
-5360
-4064
-2553
-1285
-148
528
1146
2666
4505
6065
7051
7743
8661
8699
7871
6671
4518
1842
-1617
-4609
-5849
-6147
-4840
-2503
134
2074
2232
2476
3080
2939
1200
-1927
-4210
-5018
-4933
-3946
-1896
819
2636
3035
2879
3110
3142
1075
-3509
-9763
-15183
-17923
-18276
-17243
-16427
-15136
-12149
-7750
-3022
605
3098
4746
5431
5209
5068
5786
7113
8309
9048
10378
12324
14026
14899
14297
13192
12523
11611
10414
7823
3695
-263
-3911
-6170
-7811
-9071
-8816
-8397
-7251
-5825
-4104
-1693
-243
191
-289
-300
274
542
271
-949
-1621
-1205
613
3224
5284
7209
8669
10002
11049
10607
9355
7189
3992
308
-3826
-7152
-9593
-10814
-9826
-7095
-3477
-785
749
1871
2432
1446
-1393
-4519
-6936
-8346
-8999
-8399
-6256
-3534
-1039
814
2632
4295
4883
3416
-554
-6186
-12066
-16118
-17818
-17852
-16950
-15446
-12306
-7893
-2887
1732
5127
8031
9790
10400
10007
9132
8909
8687
8429
8300
9091
10874
12589
13322
13039
12705
11833
10466
7447
3103
-1104
-5393
-8616
-11609
-13514
-13692
-12757
-10050
-7057
-3683
-569
1626
3197
3846
4151
3739
3093
2173
1105
784
1410
3250
5133
6851
9056
12055
15542
17118
16056
13250
9739
6467
2197
-2744
-8065
-12750
-14660
-14039
-10348
-6496
-3551
-1057
360
2008
1034
-1162
-4256
-8136
-10614
-13420
-13199
-11561
-8931
-5214
-3057
405
2578
4553
5076
1803
-2675
-9204
-13717
-17014
-19377
-19665
-19133
-15381
-10930
-5330
427
5371
10524
13312
15108
14692
13344
12467
10828
9472
6882
5318
5852
7497
10033
11524
12287
12239
11057
8945
6081
2405
-2154
-7397
-12155
-14915
-16054
-15068
-12942
-10510
-7439
-4137
233
4540
7458
8158
6987
5803
4783
3811
2789
2109
2315
3746
6080
9205
13226
17167
19768
19928
18389
15679
12093
7279
993
-5610
-11311
-14350
-14874
-13137
-10745
-8161
-4619
-1270
1461
1664
440
-1697
-4812
-7684
-10814
-12422
-13472
-13590
-12035
-9509
-5567
-2087
1288
2945
1727
-1494
-5829
-8972
-12369
-16048
-19193
-20421
-18560
-15307
-10562
-5475
178
6363
11674
16154
18214
18382
17277
15348
13293
10047
6939
4818
3960
4750
5521
6617
7946
8349
7915
5828
3000
-591
-5101
-9091
-13039
-15479
-16439
-16177
-14008
-11213
-7408
-3358
1022
4868
7143
8790
9156
9098
8236
6800
5660
5204
6240
7732
9999
12717
15499
18006
19342
19446
18011
15417
11360
6032
224
-5255
-9198
-11232
-12098
-12169
-10950
-8598
-5808
-3975
-2652
-1725
-1774
-2638
-4953
-6914
-8935
-10899
-11343
-10834
-8677
-6729
-4449
-2001
-1244
-1433
-3101
-4324
-5896
-8942
-12158
-14669
-14454
-12876
-10361
-7557
-4885
-1167
2809
7598
11301
13106
13790
13332
13216
12103
10454
8867
6806
5363
3253
1924
2034
2090
2041
290
-1675
-3362
-4982
-5999
-8235
-10271
-12196
-13300
-12550
-11461
-9602
-8031
-5332
-2048
704
3687
5337
6854
7524
7715
8230
8767
10218
11022
12047
13508
15080
17328
18922
19548
18644
16283
13128
9317
5664
2376
-160
-1897
-4107
-6250
-7185
-6651
-5658
-6144
-7275
-8230
-8474
-8152
-8043
-7184
-7016
-7522
-8294
-8943
-7998
-6791
-4972
-4053
-4639
-5470
-6251
-5487
-5553
-7136
-9547
-11578
-11382
-10253
-8042
-5715
-2913
995
4980
9058
11416
12516
12726
12106
11387
9754
8608
7523
6103
5007
3716
3806
4383
4129
2745
-100
-2563
-4987
-7127
-8903
-11247
-12862
-14170
-14347
-12866
-10799
-8394
-6814
-4906
-2825
-903
1306
2451
3082
2876
2644
3211
4466
6482
8059
10220
12629
14812
16793
18055
19120
19043
17566
14424
10251
6394
3056
1145
40
-1110
-2064
-2566
-2039
-1433
-1807
-2809
-4065
-4939
-6104
-7626
-8592
-9320
-9242
-8912
-8388
-7426
-6310
-4377
-3055
-2902
-4123
-5579
-5935
-6625
-7838
-9733
-10770
-10427
-9582
-8012
-6285
-3316
321
4130
8033
10383
11857
12357
12384
12268
11045
9645
7723
5937
4436
2392
1681
1725
1875
1377
-540
-2173
-3802
-5009
-6708
-9356
-11281
-12980
-13506
-13172
-12064
-10217
-8257
-5517
-3302
-1028
1004
2228
2796
2085
1611
1501
2697
4620
6083
8211
10350
12883
15025
16377
17421
17288
16255
13498
9880
6692
3956
2155
448
-1280
-2581
-2859
-2005
-1203
-1246
-2143
-3336
-4087
-4568
-5348
-6269
-7623
-8701
-9101
-8777
-7387
-5454
-2881
-1462
-1632
-2390
-2821
-2183
-2763
-4810
-7678
-9590
-9333
-8187
-6155
-4524
-2578
22
3283
7443
10285
12062
12079
11167
10121
8338
6962
5046
3568
2094
570
289
61
368
-179
-1402
-2816
-4831
-6282
-8245
-9659
-10826
-12093
-12406
-12370
-10920
-9139
-6878
-4210
-2149
291
1992
3530
4364
4118
3805
3155
3488
4018
4896
6465
8197
10781
13024
14979
16163
16180
15134
12249
8650
4955
2066
260
-1303
-2817
-4092
-4068
-2791
-1391
-870
-1358
-2454
-3568
-4417
-5205
-5764
-6775
-7896
-8439
-8183
-6838
-5158
-2757
-558
185
-115
-882
-681
-599
-1837
-4039
-6337
-7170
-7067
-6218
-4864
-2885
60
3369
7104
10000
11891
12645
12203
11230
9191
7221
4974
2459
322
-1914
-2786
-2829
-2747
-2813
-3493
-3894
-4678
-5625
-6804
-8682
-10297
-11880
-12786
-12684
-11862
-10343
-8626
-6035
-3233
-542
2157
4073
5543
6019
5825
5402
5028
5378
5653
6545
8054
9776
11814
13486
15173
16038
15562
13620
10281
6773
3073
-175
-2461
-4208
-5470
-6324
-6147
-4886
-3627
-2848
-2717
-2993
-3219
-3881
-4423
-5195
-6689
-7845
-8488
-7517
-5840
-4145
-2007
-527
924
1393
1416
1603
560
-1141
-3703
-5239
-5318
-4865
-3914
-3211
-1193
1926
5831
9417
11424
12414
12096
11940
11201
9569
7159
3939
1525
-1038
-2657
-3634
-4411
-4691
-5925
-6765
-7613
-7867
-7869
-8832
-9452
-10553
-11196
-11299
-10966
-10064
-9432
-7823
-5725
-3099
-437
1378
2892
4077
5332
5934
6367
7213
7872
8638
9414
10482
11607
12439
13146
13432
13410
12460
10122
7288
4225
1045
-1834
-3725
-4721
-5726
-6454
-6545
-5541
-4261
-3775
-3889
-4149
-3726
-3608
-3569
-3876
-4870
-5435
-5676
-4266
-2650
-1160
481
1449
2797
2670
2405
2189
1054
-398
-3057
-4205
-4267
-3981
-3586
-3610
-1799
917
4546
7772
9392
10158
9971
10365
10359
9170
6581
3190
966
-737
-2132
-3318
-4296
-5060
-6177
-7116
-7583
-7596
-7519
-8241
-9334
-10070
-10539
-10304
-9616
-8720
-8051
-7423
-5758
-3658
-1288
383
1414
2677
3814
4847
5095
5776
6990
8283
9766
10955
12567
13670
14398
14236
13063
11493
8626
5505
1892
-1466
-4284
-6340
-6752
-7548
-8039
-8053
-7059
-5042
-4102
-3522
-3684
-3254
-2370
-2146
-1696
-2195
-2313
-1959
-895
891
1918
3384
4322
5220
5383
4330
3748
2551
1304
-1012
-3285
-4118
-4451
-3764
-3785
-3105
-1281
1143
4241
6128
7574
7978
8266
8625
7768
6261
3665
1719
444
-739
-2216
-3982
-4925
-6023
-6893
-7926
-8608
-8780
-9150
-9490
-10117
-9691
-9216
-8679
-7934
-7564
-6656
-5667
-3857
-2492
-1764
-940
-207
1526
3020
3952
4581
5755
7898
9776
11492
12916
14178
14893
14926
14187
12591
10414
7048
3099
-1081
-4686
-7504
-9590
-10100
-10083
-9822
-9193
-7744
-5369
-3386
-2231
-1974
-1602
-551
328
880
1160
1386
1825
2722
4317
5510
5980
6303
6342
6186
5059
3574
2613
1430
-476
-3533
-5720
-6079
-5740
-5368
-5264
-4292
-2632
-382
2050
4042
5803
6664
7398
7740
7452
6570
5046
3979
2573
750
-1450
-2884
-3453
-4562
-5599
-7073
-7821
-8320
-8965
-8983
-9157
-8517
-8485
-8551
-8202
-7991
-7439
-7266
-6236
-5725
-5364
-4540
-3531
-1215
494
2235
4075
6462
9442
11448
13397
14685
15480
15478
14817
13941
12084
9439
5505
1298
-2524
-5968
-8583
-10637
-12177
-12720
-11566
-9359
-6811
-4846
-3040
-603
1706
3559
4197
4723
5303
5683
6309
6286
6442
6295
6441
6650
5970
5657
4820
4436
3404
1170
-753
-2798
-4038
-6179
-8202
-9271
-9671
-8755
-8656
-7760
-6421
-4203
-1052
1034
3300
4476
6146
7903
8759
9139
7661
6461
4922
3665
2483
483
-718
-2372
-3479
-4399
-5128
-4926
-5182
-5375
-6083
-6509
-6275
-6464
-6815
-7855
-8610
-8909
-8995
-8351
-7929
-7036
-5659
-3887
-1253
1314
3976
6196
8230
10195
11464
12537
12753
12362
11148
9350
7741
5563
3158
225
-2779
-5184
-7205
-8474
-9196
-9273
-8925
-7690
-5269
-2515
208
2520
5251
8122
9954
10873
10996
11155
10891
9898
8555
6694
4991
3343
2414
1748
589
-488
-1676
-2354
-3627
-5329
-6353
-7215
-8218
-10421
-12320
-12949
-12504
-11549
-11125
-10057
-8160
-4901
-952
2466
5246
6869
8489
9991
10945
10847
9426
7833
6178
4795
3486
2228
1333
436
-562
-1438
-1644
-1548
-1894
-3054
-4256
-4938
-5363
-5832
-6862
-7733
-8409
-8593
-8036
-7183
-5985
-4959
-3277
-1102
917
2513
3382
4335
5016
5509
5663
5718
5874
5357
4688
4093
4027
3785
2828
1590
150
-830
-1803
-2787
-3641
-4041
-3710
-2876
-872
1914
4738
7036
8965
10911
12492
13191
12594
11000
8770
6310
3779
1681
-384
-2649
-4252
-4922
-4588
-4854
-5313
-5446
-5539
-5677
-7084
-8109
-9164
-10421
-11845
-13544
-13565
-13467
-12852
-12064
-10756
-7964
-5188
-1472
1605
4123
6103
7606
10109
11609
12007
10969
9835
9382
8426
7496
6106
5028
3780
2399
1536
1194
1401
794
-117
-1084
-1590
-1810
-2177
-2572
-3761
-4766
-5397
-5394
-5401
-6052
-6649
-6919
-6216
-5712
-5575
-5229
-4087
-2277
-850
705
2302
4345
6159
7329
8312
8837
9425
9273
8668
7774
6446
5425
4491
3891
2775
1545
1241
1634
2264
2273
2630
3522
4207
4103
3151
2718
2406
1539
90
-1543
-2565
-3610
-4318
-4618
-5114
-5416
-5714
-5232
-4565
-4464
-4196
-3999
-3471
-4095
-5817
-7212
-8527
-9654
-11953
-13997
-14878
-14943
-14006
-13150
-11023
-8175
-4666
-712
2729
6302
8786
11076
12689
13287
13087
11809
11140
10130
8848
7233
6115
6409
6640
6843
6582
6872
7471
7486
6919
5534
4039
1745
-987
-4005
-6988
-9584
-11977
-13494
-14597
-14905
-14347
-12690
-10154
-7671
-4980
-2125
1193
4178
6399
8304
10041
11656
12477
12805
13013
13179
13143
12601
11760
10604
9202
7515
5583
3418
1109
-1098
-3121
-4894
-6323
-7167
-7443
-7296
-6971
-6346
-5528
-4718
-3973
-3477
-2854
-2526
-2272
-2094
-2129
-1919
-1957
-1440
-1128
-1166
-1185
-1560
-1352
-2004
-2938
-4188
-5959
-7511
-9917
-11390
-12675
-13716
-14487
-15387
-14524
-13254
-10896
-8507
-6297
-3425
-861
2792
5936
8764
10906
12254
13988
14770
15503
15245
14711
14103
12833
12017
10859
10376
9627
8485
7353
5963
5164
3740
2003
-317
-2737
-4695
-6763
-8331
-9957
-10918
-11173
-10769
-9580
-8401
-6631
-4478
-1760
1043
3263
5281
6977
8715
9983
10662
10928
10759
10365
9436
8377
7329
6407
5459
4202
2947
1717
763
-164
-1345
-2911
-4813
-6476
-7789
-8856
-10063
-11386
-12261
-12474
-12001
-11070
-9644
-7742
-5957
-4386
-2829
-1046
788
1769
2027
1802
1451
1198
667
409
-128
-774
-1216
-1572
-1435
-2011
-2565
-3106
-3804
-4574
-6180
-6925
-7451
-7722
-8060
-8543
-7579
-6445
-4595
-3048
-1435
839
2703
5108
6592
8006
9026
9732
10904
11101
11264
10596
10369
10660
10617
10752
10216
10473
10525
10232
9644
8531
7904
6419
4758
2679
650
-961
-2861
-4086
-5371
-6063
-6417
-6413
-5764
-5475
-4934
-4501
-3754
-3073
-2819
-2307
-1715
-838
-320
136
960
2104
3382
4292
5108
5690
5862
5355
4349
3145
1612
-294
-2624
-4915
-7075
-8934
-10403
-11415
-11989
-12446
-12445
-12018
-11190
-10483
-9955
-8989
-7792
-6432
-5337
-4004
-2219
-655
698
1721
3144
4600
5581
6434
6995
7664
7828
7739
7711
7210
6593
5544
4742
3788
2228
718
-955
-2237
-4019
-5905
-7296
-8562
-9379
-10531
-10866
-10456
-9494
-7937
-6365
-3771
-933
2397
5746
8675
11563
13666
15829
17423
18493
18855
18325
17883
16980
16027
14519
12855
11405
9570
7744
5552
3724
1821
-515
-2928
-5372
-7150
-9025
-10817
-12412
-13637
-14170
-14463
-14106
-13561
-12794
-11764
-10404
-8633
-7135
-5644
-3989
-1952
-171
851
1676
2692
4015
4810
5013
4874
4649
4383
3796
3187
2198
915
-729
-2423
-3868
-5437
-6789
-8075
-9022
-9912
-10642
-10607
-9955
-8866
-8131
-7303
-6032
-4316
-2403
-718
1084
2687
4261
5829
7500
9057
10018
10686
11205
11716
11709
11269
10654
9956
9030
7677
6348
4836
3330
1614
92
-1158
-2611
-3934
-5353
-6115
-6758
-7242
-7283
-7272
-6738
-6503
-5645
-4284
-2757
-1179
-205
1390
2981
4809
6400
7523
8819
9510
10531
11260
11842
11977
11210
10592
9436
8251
6338
3956
1646
-1054
-3353
-5792
-7653
-9276
-10787
-11719
-12393
-12191
-11983
-11518
-11030
-10517
-9646
-8915
-7844
-7101
-6349
-5603
-4714
-3399
-2242
-867
356
1732
3046
4180
5397
6287
6959
6933
6495
5874
5097
4173
2772
1217
-350
-1693
-2847
-3894
-4776
-5442
-5762
-5785
-5619
-5435
-5048
-4356
-3413
-2571
-1934
-1095
81
1424
2431
3254
4333
5720
7147
8237
9150
10052
10971
11856
12476
12604
12282
11739
11236
10502
9108
7371
5585
4076
2373
394
-1378
-3014
-4355
-5987
-7469
-8636
-9662
-10374
-11333
-11967
-12652
-13019
-12789
-12467
-11841
-11604
-10724
-9193
-7292
-5210
-3592
-1403
766
3169
5375
7087
8764
9659
10531
10785
10689
10187
9132
8196
6665
5165
3434
2012
854
-600
-1867
-3173
-3758
-4256
-4779
-5345
-5889
-5861
-5905
-5733
-5781
-5691
-5339
-4913
-4088
-3426
-2506
-1700
-795
293
1260
2439
3287
4107
4564
4840
5234
5456
5585
5088
4484
3967
3624
3209
2338
1446
535
-60
-636
-1174
-1637
-2090
-2211
-2162
-1670
-1065
-372
376
1065
1911
2589
3300
3779
3942
3850
3462
3269
3010
2610
1928
1114
624
142
-254
-714
-1147
-1432
-1882
-2100
-2153
-2125
-2188
-2522
-2615
-2647
-2675
-2836
-3179
-3383
-3739
-3965
-4081
-4188
-4218
-4365
-4150
-3846
-3585
-3376
-3263
-2945
-2951
-3099
-3285
-3416
-3426
-3733
-3797
-3629
-3110
-2364
-1622
-458
771
2237
3713
5125
6472
7367
8256
8916
9396
9392
8911
8448
7786
7124
6207
5382
4742
4134
3723
3347
3290
3217
3058
2719
2195
1600
713
-305
-1565
-2861
-4135
-5190
-5869
-6301
-6409
-6285
-5708
-4803
-3709
-2585
-1488
-323
627
1288
1589
1745
1776
1481
858
35
-648
-1216
-1728
-2266
-2696
-2879
-2833
-2549
-2260
-1940
-1660
-1264
-767
-438
-308
-365
-309
-304
-540
-978
-1399
-1590
-1804
-2087
-2356
-2384
-2132
-1773
-1329
-900
-458
26
499
866
896
634
317
-9
-375
-881
-1364
-1571
-1599
-1411
-1125
-639
107
815
1591
2207
2840
3435
3758
4056
4011
4035
3909
3725
3669
3328
3233
2847
2680
2589
2315
2261
1705
1505
1121
817
675
245
298
38
239
474
767
1342
1501
2081
2258
2587
2771
2655
2678
2080
1699
966
392
-245
-1225
-1912
-2942
-3465
-4164
-4745
-5178
-5850
-5988
-6307
-6219
-6257
-6272
-5922
-5612
-4931
-4574
-3992
-3338
-2569
-1714
-1216
-573
-72
627
1216
1640
1991
2252
2731
3100
3468
3528
3553
3577
3479
3281
2651
2034
1313
555
-361
-1482
-2370
-3179
-3802
-4429
-4956
-5148
-5141
-4808
-4368
-3773
-2974
-2054
-852
369
1582
2780
3957
5231
6276
7137
7795
8306
8677
8641
8406
7943
7381
6713
5885
5122
4249
3397
2546
1759
1099
329
-365
-1040
-1649
-2223
-2820
-3182
-3453
-3606
-3678
-3632
-3346
-3032
-2589
-2027
-1388
-834
-552
-315
-106
37
-66
-394
-798
-1319
-1891
-2495
-3004
-3464
-3959
-4439
-4852
-5216
-5648
-6026
-6275
-6390
-6569
-6786
-6776
-6485
-5822
-4998
-3932
-2657
-1282
320
1939
3667
5163
6365
7333
7895
8204
7988
7557
6910
6051
5094
3897
2940
2014
1257
557
-150
-572
-1077
-1380
-1778
-2141
-2387
-2777
-2894
-3092
-2991
-2759
-2447
-1801
-1236
-329
558
1594
2714
3609
4572
5230
5941
6450
6817
7088
7065
7089
6836
6622
6250
5783
5303
4599
3947
3046
2151
1127
42
-1008
-2179
-3228
-4355
-5281
-6089
-6741
-7176
-7508
-7518
-7420
-7089
-6679
-6181
-5545
-4945
-4257
-3717
-3230
-2826
-2517
-2211
-2058
-1932
-1871
-1726
-1506
-1288
-932
-555
-6
588
1173
1818
2302
2768
3035
3142
3091
2682
2167
1419
681
-89
-919
-1569
-2196
-2497
-2668
-2632
-2388
-2141
-1682
-1281
-742
-268
146
615
965
1428
1721
2049
2345
2608
2934
3045
3189
3088
2971
2774
2409
2082
1502
1068
593
254
19
-287
-322
-364
-67
229
523
914
1185
1692
1996
2301
2494
2596
2841
2905
3051
2991
2950
2984
2966
3055
2924
2819
2613
2365
2097
1600
1098
418
-254
-975
-1793
-2551
-3371
-4028
-4644
-5162
-5551
-5903
-6042
-6138
-6065
-5871
-5587
-5110
-4603
-3945
-3246
-2494
-1690
-988
-302
237
690
1044
1248
1341
1255
1109
876
604
285
-77
-391
-720
-984
-1270
-1550
-1776
-2007
-2119
-2219
-2213
-2116
-1960
-1636
-1271
-778
-220
380
1038
1671
2294
2858
3358
3766
4103
4343
4530
4618
4612
4549
4385
4263
4044
3832
3611
3346
3145
2833
2574
2247
1887
1531
1051
620
84
-450
-963
-1509
-1958
-2407
-2755
-2994
-3150
-3186
-3142
-2991
-2747
-2437
-2066
-1663
-1233
-793
-378
28
385
698
950
1130
1271
1317
1334
1298
1256
1220
1144
1127
1056
1021
944
808
695
438
185
-174
-584
-1005
-1544
-2020
-2543
-3001
-3398
-3779
-4012
-4219
-4278
-4240
-4099
-3801
-3442
-2960
-2418
-1810
-1148
-485
197
846
1427
1914
2283
2534
2652
2633
2495
2267
1967
1601
1231
876
561
309
108
4
-56
-37
10
63
179
254
385
495
597
735
827
996
1157
1377
1626
1852
2131
2342
2588
2775
2903
2990
2920
2822
2578
2281
1917
1439
972
404
-123
-684
-1241
-1717
-2204
-2552
-2883
-3103
-3231
-3316
-3243
-3152
-2916
-2607
-2222
-1714
-1197
-570
15
613
1168
1598
1971
2135
2209
2095
1827
1467
970
497
-60
-574
-1068
-1518
-1839
-2112
-2218
-2281
-2236
-2134
-2006
-1797
-1598
-1324
-1079
-826
-594
-401
-191
-7
209
378
540
675
806
981
1143
1320
1421
1443
1381
1236
1049
801
520
184
-174
-524
-831
-1046
-1175
-1200
-1147
-1011
-791
-499
-152
211
557
857
1117
1341
1531
1696
1823
1902
1940
1948
1942
1923
1871
1764
1598
1371
1109
806
468
100
-310
-711
-1094
-1419
-1658
-1858
-1982
-2070
-2122
-2096
-2033
-1875
-1677
-1446
-1164
-880
-527
-166
239
659
1044
1438
1771
2080
2335
2498
2602
2597
2512
2345
2093
1783
1417
1022
622
229
-126
-435
-709
-922
-1101
-1246
-1348
-1465
-1561
-1675
-1826
-1978
-2174
-2355
-2519
-2660
-2725
-2759
-2722
-2614
-2464
-2232
-1960
-1659
-1318
-993
-660
-351
-69
215
458
686
873
1026
1176
1284
1403
1508
1593
1679
1732
1778
1789
1758
1693
1576
1430
1248
1028
794
546
308
93
-101
-246
-341
-393
-391
-355
-280
-157
-31
127
286
439
605
726
852
950
1020
1096
1102
1104
1070
991
923
798
689
573
427
316
181
76
-36
-171
-266
-389
-495
-602
-718
-775
-852
-903
-908
-900
-855
-805
-721
-593
-469
-329
-174
-14
153
283
402
500
546
546
470
363
198
-33
-280
-565
-837
-1111
-1367
-1557
-1689
-1755
-1772
-1721
-1608
-1471
-1309
-1130
-937
-744
-570
-398
-221
-43
119
286
462
630
779
897
1008
1091
1107
1071
993
885
741
558
377
202
32
-125
-263
-365
-435
-490
-511
-490
-455
-408
-357
-291
-214
-145
-60
36
143
255
377
533
709
898
1086
1276
1481
1664
1812
1937
2026
2074
2060
1982
1875
1721
1519
1270
1005
740
470
197
-66
-307
-533
-751
-944
-1101
-1237
-1359
-1461
-1528
-1565
-1590
-1605
-1596
-1575
-1555
-1536
-1515
-1475
-1430
-1382
-1285
-1157
-994
-793
-582
-346
-110
114
311
475
588
649
674
646
583
484
362
225
85
-47
-184
-289
-368
-417
-429
-420
-371
-298
-197
-89
15
113
192
259
296
306
290
255
207
164
138
129
144
190
263
351
448
547
635
704
748
766
764
742
705
662
634
633
669
739
841
971
1112
1257
1381
1464
1493
1454
1342
1160
918
628
301
-51
-399
-735
-1036
-1290
-1489
-1626
-1717
-1769
-1784
-1781
-1762
-1739
-1718
-1700
-1683
-1664
-1632
-1578
-1494
-1359
-1188
-973
-714
-433
-121
201
518
824
1107
1345
1537
1681
1758
1785
1753
1665
1539
1361
1160
935
697
459
208
-37
-282
-518
-740
-950
-1133
-1298
-1431
-1526
-1581
-1588
-1541
-1440
-1289
-1093
-860
-604
-334
-60
201
440
651
836
993
1124
1225
1306
1374
1439
1497
1542
1579
1613
1630
1620
1571
1484
1355
1177
959
694
393
77
-244
-553
-833
-1074
-1260
-1385
-1449
-1459
-1421
-1347
-1258
-1155
-1056
-959
-872
-813
-772
-751
-745
-733
-716
-680
-617
-532
-408
-260
-88
98
288
475
639
777
879
937
961
953
922
866
802
736
674
617
551
496
434
352
265
164
72
-19
-102
-155
-175
-157
-107
-31
69
180
283
367
426
451
436
386
305
203
84
-42
-162
-273
-365
-430
-466
-473
-456
-420
-365
-304
-248
-186
-131
-96
-70
-73
-109
-166
-242
-335
-446
-570
-692
-796
-879
-922
-924
-890
-816
-705
-557
-388
-216
-59
78
180
242
277
274
237
168
66
-40
-142
-238
-309
-355
-370
-350
-299
-203
-90
35
159
264
350
407
440
444
420
375
311
246
190
138
95
69
66
77
101
137
184
249
325
409
510
610
722
838
942
1046
1129
1190
1233
1254
1264
1267
1265
1264
1273
1295
1324
1345
1358
1359
1327
1254
1131
954
721
455
153
-162
-476
-782
-1048
-1268
-1437
-1547
-1612
-1635
-1621
-1593
-1563
-1537
-1528
-1542
-1577
-1632
-1702
-1783
-1864
-1923
-1957
-1945
-1886
-1780
-1624
-1437
-1218
-997
-789
-603
-456
-355
-304
-287
-311
-351
-394
-423
-428
-401
-332
-227
-88
70
234
404
568
718
854
953
1038
1101
1130
1150
1141
1125
1104
1084
1069
1062
1070
1103
1161
1240
1343
1467
1603
1738
1861
1958
2022
2034
2009
1932
1806
1643
1442
1225
998
781
581
408
253
130
32
-52
-124
-201
-276
-353
-445
-539
-635
-737
-835
-924
-998
-1047
-1074
-1079
-1071
-1048
-1024
-1014
-1009
-1015
-1018
-1020
-1020
-1017
-1018
-1015
-1013
-1013
-1008
-997
-995
-1009
-1033
-1070
-1114
-1166
-1218
-1252
-1269
-1252
-1208
-1148
-1059
-951
-826
-689
-541
-392
-255
-143
-57
11
57
89
127
176
235
310
393
485
579
674
772
871
958
1033
1090
1127
1147
1150
1158
1173
1202
1245
1304
1382
1469
1568
1665
1757
1843
1907
1943
1953
1926
1868
1780
1665
1528
1357
1173
970
745
511
258
6
-244
-499
-735
-959
-1165
-1322
-1459
-1560
-1620
-1666
-1682
-1690
-1676
-1654
-1633
-1606
-1572
-1533
-1495
-1430
-1346
-1233
-1083
-916
-725
-519
-316
-127
32
154
224
242
196
96
-47
-222
-405
-591
-754
-886
-976
-1009
-983
-897
-771
-606
-429
-246
-78
61
170
241
289
308
316
305
295
300
320
375
452
559
691
844
1009
1182
1357
1523
1658
1763
1836
1859
1841
1774
1667
1525
1356
1177
1003
843
708
595
511
458
424
395
367
328
269
189
74
-62
-212
-368
-521
-665
-796
-904
-983
-1051
-1090
-1116
-1134
-1140
-1158
-1169
-1177
-1191
-1196
-1196
-1178
-1156
-1122
-1075
-1011
-931
-838
-733
-628
-521
-417
-308
-208
-116
-24
54
126
189
242
289
315
320
316
295
250
189
112
22
-82
-199
-312
-417
-502
-568
-611
-624
-606
-558
-478
-380
-262
-124
17
163
315
473
635
788
933
1086
1241
1390
1533
1656
1756
1832
1876
1883
1850
1783
1676
1540
1376
1188
992
792
601
427
275
150
53
-17
-67
-117
-155
-195
-244
-298
-370
-454
-545
-637
-733
-815
-891
-957
-1003
-1040
-1061
-1079
-1084
-1084
-1074
-1060
-1050
-1038
-1042
-1041
-1040
-1048
-1059
-1072
-1070
-1048
-1007
-937
-846
-742
-615
-474
-326
-176
-41
86
189
263
309
330
329
303
265
215
154
96
43
-2
-38
-53
-54
-43
-9
35
105
186
278
387
501
624
727
836
934
1025
1103
1167
1235
1280
1327
1356
1365
1368
1347
1309
1256
1179
1096
996
880
761
632
510
392
279
179
87
0
-86
-178
-270
-358
-443
-525
-597
-671
-744
-816
-896
-976
-1044
-1092
-1132
-1172
-1198
-1222
-1245
-1260
-1271
-1270
-1252
-1223
-1189
-1145
-1083
-1007
-914
-792
-651
-489
-318
-145
32
195
350
487
606
713
800
867
907
922
911
879
830
759
681
594
488
373
247
124
-5
-123
-223
-297
-345
-373
-375
-358
-323
-271
-194
-109
-8
107
211
318
413
491
558
606
645
671
696
714
721
718
706
683
652
618
585
549
516
479
435
395
345
287
221
156
101
46
-19
-90
-160
-223
-282
-349
-412
-470
-524
-566
-608
-647
-671
-678
-688
-693
-689
-682
-669
-648
-617
-587
-554
-523
-495
-463
-422
-376
-332
-299
-272
-250
-244
-237
-238
-245
-246
-260
-287
-311
-335
-362
-376
-381
-377
-365
-353
-323
-275
-209
-125
-39
43
123
212
300
403
516
618
712
781
833
866
882
910
938
968
986
980
955
917
891
887
898
919
925
899
844
770
696
641
602
571
521
448
352
239
123
31
-29
-60
-88
-137
-211
-306
-400
-481
-540
-575
-603
-642
-708
-792
-875
-938
-973
-981
-968
-952
-938
-922
-910
-881
-829
-764
-680
-606
-552
-511
-490
-482
-471
-469
-470
-483
-507
-537
-572
-604
-624
-619
-596
-546
-479
-397
-303
-193
-67
65
206
349
482
595
694
767
823
871
908
943
966
973
966
949
921
890
865
846
835
813
777
746
717
696
702
719
742
764
777
793
813
836
860
866
848
801
722
623
518
404
283
150
5
-164
-335
-505
-652
-765
-854
-912
-960
-1009
-1057
-1098
-1121
-1123
-1103
-1065
-1033
-1007
-1003
-1004
-998
-979
-929
-874
-804
-742
-698
-654
-610
-554
-481
-402
-320
-248
-197
-166
-156
-154
-156
-149
-141
-141
-151
-178
-207
-240
-249
-237
-209
-161
-115
-64
-6
53
126
220
320
425
514
587
648
689
730
771
801
833
856
865
865
869
879
903
940
981
1033
1082
1127
1166
1200
1231
1252
1264
1262
1243
1191
1123
1027
910
782
628
474
304
123
-53
-240
-418
-578
-730
-853
-972
-1072
-1149
-1208
-1244
-1265
-1262
-1242
-1198
-1142
-1079
-1002
-922
-840
-755
-677
-597
-524
-448
-376
-326
-273
-238
-218
-212
-235
-249
-291
-337
-396
-469
-532
-617
-678
-755
-814
-847
-886
-886
-885
-847
-795
-732
-634
-542
-422
-321
-195
-61
58
202
316
455
572
673
786
850
938
980
1013
1053
1042
1067
1042
1019
1007
948
948
904
874
860
815
832
791
787
785
743
765
711
696
658
584
561
472
439
373
308
293
228
221
181
158
167
142
163
149
150
150
124
124
81
46
-9
-78
-134
-220
-289
-373
-457
-533
-618
-687
-764
-836
-891
-950
-992
-1026
-1049
-1056
-1066
-1073
-1072
-1057
-1036
-1013
-986
-955
-908
-865
-806
-747
-692
-623
-556
-487
-420
-355
-288
-221
-162
-106
-50
1
49
87
126
166
208
253
300
353
404
463
524
586
646
699
749
788
819
843
859
863
861
856
842
818
780
741
695
642
584
529
481
432
388
340
292
255
221
193
164
135
103
76
48
23
-1
-31
-46
-68
-87
-107
-135
-159
-183
-208
-242
-270
-296
-331
-352
-373
-392
-401
-412
-407
-394
-386
-368
-357
-341
-314
-292
-265
-243
-221
-198
-181
-173
-164
-156
-152
-152
-157
-165
-168
-172
-173
-166
-167
-159
-153
-140
-117
-101
-68
-38
0
42
81
128
162
204
238
262
295
315
336
343
349
353
338
335
318
302
280
239
211
165
114
68
5
-39
-85
-122
-156
-194
-215
-231
-234
-235
-231
-213
-192
-157
-129
-96
-57
-25
7
30
55
74
93
113
121
129
135
138
146
157
173
186
194
209
213
202
185
158
128
102
74
35
-9
-59
-111
-159
-199
-223
-236
-237
-238
-242
-238
-228
-214
-196
-167
-144
-124
-103
-101
-103
-111
-123
-115
-117
-132
-155
-184
-203
-212
-213
-211
-189
-168
-149
-125
-105
-66
-19
39
89
134
180
214
248
280
310
340
366
391
405
408
403
397
392
386
377
366
341
305
267
220
176
136
100
72
49
25
-1
-30
-49
-49
-52
-57
-50
-45
-30
-16
-4
7
14
17
17
9
-6
-18
-36
-62
-90
-124
-143
-167
-195
-222
-258
-276
-295
-304
-311
-330
-334
-345
-350
-358
-359
-349
-347
-337
-334
-326
-312
-303
-287
-280
-264
-247
-236
-218
-203
-177
-156
-131
-91
-56
-21
13
44
84
120
157
196
228
262
295
335
361
388
413
428
446
445
442
438
423
406
373
339
308
269
227
180
137
107
77
63
50
35
31
21
20
18
14
16
2
-10
-26
-45
-54
-82
-101
-108
-115
-106
-99
-78
-58
-44
-16
-4
18
39
43
56
47
37
15
-20
-36
-79
-105
-139
-178
-192
-225
-230
-241
-246
-219
-220
-186
-169
-154
-115
-115
-81
-72
-68
-49
-63
-48
-54
-52
-39
-52
-30
-25
-12
9
10
28
26
35
52
46
61
55
64
67
55
72
65
76
91
90
115
111
122
125
120
139
135
155
151
155
169
148
160
139
127
119
90
100
78
74
64
43
45
20
22
9
-4
-7
-33
-35
-59
-73
-87
-111
-120
-147
-162
-176
-189
-188
-201
-199
-204
-202
-187
-186
-166
-153
-135
-111
-96
-66
-53
-40
-30
-24
-5
-4
9
19
18
18
5
8
5
2
9
2
11
17
23
32
36
46
59
70
81
89
103
120
131
146
151
156
170
171
175
169
160
159
142
131
122
108
100
85
68
50
25
1
-18
-40
-51
-64
-77
-80
-90
-85
-79
-76
-69
-66
-54
-41
-27
-15
-13
-2
3
13
22
24
23
13
12
10
8
8
1
-2
-11
-28
-44
-58
-71
-82
-97
-112
-124
-140
-148
-156
-159
-157
-155
-153
-152
-147
-140
-124
-102
-82
-65
-46
-31
-14
5
24
40
49
64
77
93
102
101
94
84
82
81
79
75
69
61
54
43
27
18
14
24
34
38
50
45
41
47
58
87
112
138
161
162
162
160
162
179
205
226
240
232
204
180
151
131
126
130
130
110
80
36
-5
-43
-70
-85
-101
-103
-116
-143
-172
-202
-221
-231
-223
-210
-202
-200
-205
-213
-222
-218
-198
-180
-166
-161
-162
-158
-157
-156
-150
-143
-134
-124
-110
-96
-91
-86
-76
-59
-37
-20
-1
5
6
4
6
17
32
47
45
39
30
22
21
24
36
53
64
69
59
51
48
48
60
69
70
71
65
64
64
68
80
90
105
111
118
131
145
170
190
213
236
251
268
281
298
315
332
346
347
339
320
292
261
221
182
143
95
50
-2
-61
-113
-160
-193
-221
-237
-257
-273
-277
-283
-279
-279
-271
-260
-255
-242
-236
-231
-228
-231
-226
-220
-215
-211
-206
-203
-209
-202
-190
-172
-158
-142
-120
-105
-83
-63
-37
-18
-4
6
11
17
19
17
19
15
16
15
3
-12
-26
-35
-43
-44
-41
-41
-40
-32
-27
-16
-2
11
28
37
51
70
86
101
108
121
139
153
167
195
221
240
263
275
292
308
320
336
341
343
345
337
325
309
290
268
240
209
179
154
125
99
62
26
0
-31
-55
-68
-81
-94
-109
-123
-136
-146
-161
-170
-172
-177
-180
-187
-198
-202
-211
-211
-214
-217
-211
-217
-218
-217
-223
-225
-224
-227
-231
-229
-224
-222
-217
-210
-201
-187
-178
-170
-159
-151
-140
-132
-116
-100
-89
-73
-61
-51
-38
-25
-13
-1
12
28
48
64
81
102
119
140
157
173
196
215
232
249
272
295
310
325
339
341
339
343
331
318
304
285
255
216
174
127
88
42
5
-30
-65
-83
-108
-126
-141
-150
-140
-128
-100
-67
-35
-4
20
39
55
61
72
78
77
76
66
61
38
9
-21
-59
-90
-119
-137
-154
-171
-184
-204
-217
-230
-242
-242
-244
-232
-225
-221
-212
-206
-194
-177
-159
-132
-95
-56
-20
6
31
51
55
65
68
76
93
103
116
117
115
107
91
76
59
57
58
51
49
44
32
28
19
13
21
32
48
69
78
83
82
84
87
89
101
115
126
127
122
118
104
87
71
49
41
33
20
16
-3
-17
-34
-61
-72
-86
-91
-90
-97
-92
-97
-98
-94
-95
-79
-69
-52
-23
-10
7
22
29
41
45
60
72
76
87
85
81
77
57
36
5
-23
-44
-81
-94
-108
-123
-126
-151
-149
-146
-139
-120
-120
-99
-90
-79
-53
-50
-31
-20
-21
-7
-6
9
21
29
50
49
59
64
64
81
75
78
80
74
79
65
53
43
29
23
10
2
-5
-19
-11
-8
-6
-2
0
12
15
23
29
27
33
28
22
25
22
28
24
18
18
16
15
11
7
10
18
29
43
51
54
59
59
55
55
53
53
59
52
48
38
26
18
5
-2
-10
-16
-14
-12
-20
-36
-50
-57
-57
-61
-61
-58
-57
-61
-69
-76
-82
-86
-92
-95
-87
-77
-69
-70
-72
-71
-68
-67
-69
-61
-60
-55
-55
-60
-54
-53
-50
-43
-39
-32
-31
-31
-29
-26
-21
-13
-5
5
10
16
26
31
42
54
60
65
71
68
71
73
70
73
69
69
67
60
53
47
43
41
42
43
46
46
45
46
41
40
40
43
48
47
53
53
44
40
35
36
39
38
35
37
33
30
31
29
27
21
14
9
7
8
4
-3
-14
-24
-34
-42
-48
-54
-54
-54
-63
-67
-66
-63
-55
-49
-40
-34
-27
-26
-29
-28
-29
-30
-28
-22
-16
-18
-27
-32
-45
-55
-49
-51
-51
-55
-61
-63
-68
-69
-71
-70
-71
-66
-61
-53
-41
-33
-20
-8
5
15
21
27
36
43
50
65
75
80
84
78
73
72
68
59
59
58
55
46
35
27
19
20
18
14
8
-1
-3
-6
-8
-8
2
10
11
7
-2
-8
-10
-4
8
13
13
12
11
6
1
6
13
16
17
12
7
5
2
6
14
19
19
18
13
6
5
2
1
2
-7
-10
-18
-28
-29
-30
-22
-19
-26
-28
-35
-36
-42
-49
-43
-41
-37
-36
-43
-38
-43
-41
-34
-35
-30
-31
-29
-23
-23
-14
-17
-7
8
9
19
25
25
37
38
41
42
46
53
40
47
46
37
39
21
21
21
9
12
1
-1
3
-5
-1
-9
-12
-11
-17
-6
-5
4
9
9
17
15
19
21
25
32
33
41
44
45
40
29
16
4
-9
-23
-31
-37
-39
-48
-56
-56
-62
-68
-72
-68
-68
-71
-65
-62
-59
-55
-51
-45
-39
-23
-17
-12
-6
-8
-2
-1
-1
6
5
8
10
9
15
14
16
20
26
32
34
37
46
59
68
74
83
85
89
94
94
93
86
81
74
68
65
59
57
51
45
38
24
10
5
-6
-14
-21
-31
-29
