14
27
13
-12
-29
-48
-36
-26
-20
-13
-43
-50
-51
-54
-39
-46
-43
-42
-55
-43
-43
-49
-60
-82
-69
-63
-52
-46
-54
-52
-67
-59
-50
-41
-17
-9
6
6
-13
-18
-27
-20
1
17
33
33
40
40
35
35
30
44
58
66
77
72
68
57
42
40
45
57
56
44
32
14
12
18
24
28
27
19
3
-3
-7
-10
-13
-14
-9
-12
-10
-16
-28
-27
-33
-34
-23
-25
-27
-37
-56
-50
-48
-52
-44
-43
-27
-18
-23
-16
-28
-22
-12
-7
21
12
4
4
6
23
17
29
27
16
23
12
18
4
-4
13
12
30
16
-1
-3
-18
3
5
4
-4
-24
-12
-19
-18
-18
-23
-6
3
17
17
4
-5
-12
3
24
45
50
42
49
57
62
61
47
43
46
55
64
50
28
5
-9
7
1
-19
-37
-57
-57
-69
-80
-81
-85
-61
-45
-38
-30
-39
-37
-20
-3
2
-3
-13
-13
-11
-19
-15
-40
-49
-35
-31
-10
-24
-27
-21
-25
-2
3
15
28
27
52
67
63
51
35
38
50
54
51
42
45
45
38
36
26
13
9
-2
-11
-26
-47
-47
-45
-49
-48
-48
-31
-23
-35
-28
-23
-11
5
11
27
27
20
23
25
19
16
18
28
40
37
26
17
6
0
-1
-5
-6
-4
2
3
-4
-15
-24
-16
-11
-12
-19
-28
-22
-12
2
10
0
8
14
24
27
18
25
25
29
33
19
9
2
-4
-2
-7
-14
-22
-29
-25
-28
-36
-41
-40
-30
-25
-21
-29
-35
-34
-43
-31
-27
-29
-21
-18
0
5
-5
0
0
7
20
23
23
9
2
4
6
16
25
26
27
15
8
15
7
22
21
13
8
-19
-9
-2
9
27
16
33
43
46
52
48
61
65
71
69
65
54
44
49
54
69
51
36
22
-1
-1
-34
-48
-68
-87
-62
-64
-58
-65
-78
-50
-19
17
40
36
42
35
39
55
54
60
47
20
-4
-45
-75
-87
-90
-79
-94
-126
-156
-172
-166
-163
-154
-125
-101
-76
-67
-67
-46
-26
10
40
40
49
37
28
26
2
-1
-12
-17
-11
-29
-33
-34
-33
-12
-6
-10
-18
-26
-10
11
32
41
43
50
66
83
94
120
145
163
165
155
160
177
187
194
207
208
210
198
182
195
191
206
198
184
180
123
97
57
25
13
-42
-47
-87
-131
-145
-197
-182
-202
-216
-196
-227
-196
-198
-196
-152
-157
-115
-108
-111
-81
-109
-100
-98
-101
-68
-83
-83
-102
-142
-150
-152
-111
-66
-40
-23
-30
-29
-17
1
36
73
96
109
101
91
88
78
74
71
68
63
47
18
-19
-57
-78
-63
-58
-48
-52
-90
-98
-115
-95
-45
-15
21
6
2
12
14
64
85
111
135
124
138
132
142
155
142
165
165
171
180
156
144
130
125
130
126
127
110
82
56
29
17
3
-9
-20
-52
-56
-74
-95
-100
-126
-132
-145
-145
-137
-155
-160
-175
-179
-166
-169
-145
-144
-148
-128
-124
-85
-67
-61
-36
-62
-52
-43
-45
-3
-18
-17
-39
-91
-93
-132
-121
-111
-144
-124
-159
-169
-145
-142
-69
-21
13
66
80
137
188
228
300
323
352
373
361
382
358
325
320
285
286
262
229
221
164
128
96
52
50
30
27
17
-35
-82
-135
-160
-154
-148
-138
-153
-188
-228
-271
-289
-283
-278
-274
-284
-301
-313
-319
-296
-255
-223
-197
-181
-171
-156
-122
-73
-4
60
101
134
144
163
177
187
204
204
222
245
250
250
229
191
167
166
181
195
193
167
133
113
111
132
141
122
86
41
12
11
6
-13
-54
-105
-147
-173
-182
-188
-196
-204
-205
-191
-165
-137
-129
-129
-110
-62
13
79
104
92
58
36
41
64
92
103
98
72
29
-10
-40
-54
-57
-47
-30
-18
-11
-23
-45
-64
-87
-75
-50
-22
-5
-14
-19
-31
-25
-14
-9
-3
-7
-10
-25
-41
-49
-60
-49
-35
-29
-28
-32
-37
-46
-38
-18
8
35
50
68
74
76
76
80
96
102
107
95
79
49
10
-7
-14
-1
-15
-15
-6
-12
-10
-15
1
21
38
58
66
72
61
67
71
68
64
41
31
17
3
-12
-17
-17
-33
-33
-43
-49
-56
-67
-69
-66
-47
-47
-47
-47
-50
-45
-44
-33
-31
-25
-22
-19
-13
-8
3
6
8
2
4
8
5
11
4
2
-4
-21
-22
-27
-30
-35
-22
-3
1
19
23
39
53
48
71
75
77
87
69
78
73
62
63
37
35
28
-5
-28
-62
-81
-83
-89
-67
-66
-62
-67
-105
-97
-79
-59
-42
-58
-39
-30
-40
-23
-25
1
19
8
18
7
9
-3
-26
-1
12
25
25
26
43
35
29
29
49
70
58
50
40
46
58
56
61
65
56
38
14
12
14
11
6
-1
3
-4
-14
-12
-6
11
13
-1
-3
2
0
-12
-17
-8
-4
-12
-25
-30
-26
-37
-46
-52
-47
-39
-48
-44
-38
-31
-17
-17
4
23
31
41
37
54
59
41
43
33
30
21
4
16
11
12
11
-2
3
-14
-6
0
-2
15
-1
-2
-10
-19
-9
-34
-27
-17
-25
-18
-44
-47
-49
-61
-40
-41
-30
-21
-46
-48
-65
-63
-41
-34
-10
-1
-12
-14
-35
-36
-25
-24
2
4
10
14
-11
-1
2
11
44
50
66
79
67
79
68
79
108
109
132
122
117
101
77
80
54
56
35
16
-2
-51
-62
-120
-130
-133
-156
-133
-176
-166
-188
-215
-165
-181
-113
-90
-89
-28
-51
0
20
39
114
125
188
206
219
249
233
263
291
318
362
367
351
345
288
285
274
238
275
213
205
134
26
-5
-129
-110
-164
-185
-180
-294
-283
-404
-401
-389
-405
-297
-342
-270
-288
-298
-236
-258
-142
-132
-80
-62
-101
-66
-111
-65
-58
-33
0
-47
-41
-101
-103
-118
-121
-84
-109
-91
-151
-190
-217
-261
-234
-234
-188
-154
-160
-155
-175
-169
-114
-28
72
162
176
186
168
163
241
265
375
398
365
361
240
275
265
293
378
336
401
346
326
368
365
473
514
577
618
605
609
594
605
604
614
590
559
493
365
238
78
-55
-170
-297
-412
-560
-738
-906
-1093
-1205
-1263
-1322
-1298
-1336
-1321
-1280
-1273
-1144
-1082
-934
-754
-645
-449
-344
-187
-1
117
321
450
577
713
764
884
949
1009
1091
1059
1100
1065
1033
1045
929
921
813
712
659
468
398
216
85
-5
-201
-245
-406
-488
-561
-692
-681
-766
-758
-752
-766
-691
-668
-593
-525
-467
-376
-288
-208
-106
-27
56
163
195
274
310
346
423
418
483
483
480
504
446
439
395
346
313
242
168
79
-28
-127
-218
-317
-378
-454
-534
-564
-631
-630
-628
-618
-529
-514
-427
-356
-309
-176
-146
-43
35
72
189
186
252
278
244
291
210
206
177
77
70
-61
-108
-161
-261
-252
-344
-337
-333
-351
-272
-271
-184
-114
-44
92
161
299
395
500
638
713
840
908
973
1040
1052
1106
1098
1088
1073
996
941
825
713
593
427
288
98
-80
-261
-470
-629
-811
-951
-1076
-1191
-1247
-1313
-1331
-1336
-1317
-1241
-1176
-1053
-933
-815
-674
-572
-448
-349
-244
-121
-26
96
172
236
298
321
379
434
515
608
670
729
745
736
728
709
722
723
717
686
601
511
391
292
216
153
117
44
-25
-128
-241
-314
-372
-356
-331
-321
-322
-383
-425
-456
-459
-405
-359
-299
-267
-285
-305
-344
-329
-267
-218
-134
-93
-76
-55
-68
-30
1
46
109
122
153
151
138
156
155
179
195
197
198
161
141
128
101
90
58
22
-7
-45
-52
-47
-49
-59
-81
-103
-104
-87
-50
-8
10
14
-8
-25
-24
-8
36
62
77
64
24
9
12
58
111
157
188
153
114
61
39
62
82
127
115
78
3
-96
-139
-158
-95
-1
84
156
151
125
94
113
208
329
475
552
549
491
372
305
267
274
314
292
237
91
-64
-215
-330
-367
-400
-405
-470
-548
-664
-755
-789
-804
-738
-713
-657
-645
-650
-599
-567
-448
-366
-273
-177
-138
-61
-29
50
158
254
342
361
399
410
411
436
484
603
666
682
631
550
504
414
390
376
398
377
226
85
-69
-137
-180
-226
-199
-173
-189
-250
-338
-294
-195
-134
-55
-37
61
-5
-84
-100
-55
66
-49
-102
-219
-232
-337
-455
-390
-371
-245
-384
-391
-426
-393
-342
-363
-132
-102
103
42
87
218
195
405
342
570
624
623
679
581
718
623
608
564
545
563
460
411
354
370
256
170
69
54
46
-71
-69
-149
-122
-199
-294
-304
-385
-380
-494
-513
-535
-588
-599
-681
-630
-629
-601
-557
-537
-429
-407
-316
-232
-153
-49
-29
71
139
236
321
396
498
529
566
534
575
562
563
563
510
564
480
442
342
225
177
53
0
-75
-148
-237
-392
-594
-698
-806
-834
-818
-893
-827
-942
-953
-943
-912
-676
-624
-404
-304
-197
-37
4
252
416
633
780
845
924
908
931
917
980
1008
1018
976
856
790
653
587
482
393
316
185
96
-74
-175
-285
-371
-411
-485
-499
-542
-547
-572
-564
-535
-525
-461
-457
-379
-337
-305
-251
-285
-208
-232
-182
-124
-152
-57
-112
-69
-61
-77
-16
-56
-7
-38
-9
-2
-6
36
23
60
49
95
88
142
174
153
222
171
226
236
229
280
235
271
239
234
254
218
248
228
222
226
183
183
176
168
188
158
131
91
35
13
-22
-30
-41
-73
-87
-159
-210
-258
-297
-277
-277
-228
-222
-233
-252
-321
-309
-308
-257
-193
-164
-128
-148
-155
-152
-103
-33
64
144
209
274
275
339
342
396
469
494
578
530
516
439
343
287
173
135
25
-90
-242
-410
-583
-754
-880
-1034
-1087
-1210
-1255
-1323
-1387
-1344
-1350
-1189
-1078
-896
-680
-504
-256
-52
199
451
707
961
1173
1327
1435
1484
1522
1543
1547
1548
1478
1405
1250
1092
933
781
678
564
497
352
210
93
-66
-146
-174
-234
-251
-300
-409
-503
-594
-604
-646
-562
-512
-539
-499
-591
-640
-669
-635
-622
-558
-474
-530
-545
-590
-574
-582
-460
-420
-462
-382
-460
-424
-354
-222
-126
-65
17
-95
-59
2
58
246
452
552
597
587
459
397
420
515
633
813
834
752
665
446
356
291
321
355
382
361
203
110
-80
-167
-196
-178
-149
-134
-155
-256
-321
-441
-437
-446
-410
-348
-376
-319
-352
-348
-342
-410
-390
-463
-466
-431
-444
-349
-337
-287
-246
-208
-120
5
177
347
554
675
855
941
1047
1122
1127
1189
1101
1110
975
919
783
627
524
270
211
-75
-124
-371
-542
-664
-979
-942
-1294
-1283
-1488
-1598
-1573
-1728
-1518
-1585
-1312
-1251
-985
-767
-555
-200
-104
346
349
739
799
923
1157
978
1293
1054
1241
1163
1103
1227
1005
1161
932
1029
890
863
799
618
636
357
418
140
166
-13
-157
-218
-543
-476
-762
-677
-807
-822
-782
-941
-837
-990
-843
-843
-715
-550
-475
-315
-354
-293
-343
-284
-248
-196
-89
-125
-102
-231
-261
-271
-274
-157
-127
7
17
-2
19
-31
76
96
191
252
239
260
141
173
139
193
269
307
398
399
423
380
421
396
471
456
477
473
337
363
176
216
162
152
234
170
260
173
204
192
206
220
245
237
166
130
-87
-89
-303
-325
-420
-545
-476
-664
-508
-596
-436
-343
-221
-2
62
338
332
591
518
660
600
545
591
304
446
71
171
-97
-204
-183
-533
-320
-781
-657
-933
-1115
-1087
-1509
-1315
-1694
-1560
-1621
-1628
-1362
-1407
-970
-901
-446
-187
160
576
734
1159
1175
1501
1511
1625
1690
1573
1691
1442
1505
1263
1208
1094
926
950
717
800
597
623
530
409
409
190
196
2
-65
-194
-346
-475
-635
-689
-786
-768
-818
-821
-840
-898
-883
-863
-803
-647
-579
-426
-300
-290
-136
-262
-184
-225
-220
-100
-152
-15
-150
-113
-208
-203
-236
-309
-203
-308
-154
-281
-243
-234
-280
-105
-103
86
92
125
111
77
139
160
332
396
465
438
302
250
141
146
193
225
342
259
213
77
-33
-8
-4
212
332
464
444
318
193
30
-32
-72
9
72
78
-9
-130
-298
-340
-313
-138
141
374
674
696
863
885
896
1012
920
1064
967
943
749
540
395
131
-3
-283
-339
-581
-653
-816
-959
-988
-1228
-1263
-1536
-1617
-1776
-1884
-1825
-1845
-1689
-1646
-1458
-1334
-1073
-778
-443
104
446
963
1160
1462
1587
1603
1779
1674
1916
1698
1665
1491
1268
1152
793
882
677
831
768
638
617
406
272
-125
-211
-547
-639
-854
-1118
-1300
-1460
-1379
-1847
-1668
-1574
-1391
-1181
-1127
-759
-616
-275
-379
-267
149
239
170
299
629
601
701
695
662
887
810
643
617
786
626
295
425
376
271
367
273
335
423
316
175
182
221
16
-111
-149
-308
-588
-699
-911
-967
-900
-916
-814
-745
-646
-775
-723
-685
-636
-447
-242
-66
-56
145
63
102
260
233
477
616
707
698
591
705
576
621
887
907
1309
1450
1544
1729
1707
1827
1610
1728
1561
1380
1246
839
575
-10
-314
-934
-1307
-1710
-2183
-2416
-2738
-2854
-3149
-3015
-3155
-3089
-3018
-3111
-2779
-2822
-2423
-2238
-1844
-1177
-905
-71
418
1116
1823
2282
2968
3313
3812
3968
4072
4154
4020
3869
3613
3320
2920
2621
2095
1722
1290
908
547
142
-109
-553
-781
-1215
-1506
-1870
-2137
-2381
-2731
-2783
-3098
-3015
-3217
-3215
-3095
-2955
-2500
-2386
-1764
-1451
-943
-609
-397
238
517
1001
1048
1193
1459
1479
1592
1593
1656
1811
1712
1607
1564
1358
1276
961
739
524
302
110
-211
-459
-639
-704
-761
-679
-811
-724
-695
-860
-804
-902
-714
-725
-698
-503
-556
-320
-391
-344
-91
-3
245
277
451
455
348
342
170
217
66
-9
-38
-97
115
74
399
748
971
1525
1634
2113
2323
2338
2642
2215
2411
2052
1759
1737
1071
1089
340
84
-466
-1122
-1360
-2077
-2220
-2787
-2901
-3355
-3575
-3893
-4273
-4236
-4624
-4242
-4416
-3903
-3535
-3200
-2179
-1782
-543
221
1235
2361
2969
4045
4422
5080
5441
5565
5806
5468
5333
4656
4215
3607
3001
2677
1945
1763
1042
742
296
-326
-536
-1409
-1697
-2413
-2969
-3436
-4138
-4400
-4859
-4912
-4923
-4698
-4427
-3980
-3471
-2855
-1985
-1332
-368
144
871
1386
1823
2443
2537
2919
2817
2869
2824
2679
2665
2360
2128
1715
1322
902
585
130
-144
-437
-728
-778
-1107
-1160
-1330
-1468
-1246
-1268
-934
-767
-817
-618
-850
-738
-677
-690
-360
-341
-115
15
-13
145
147
155
287
181
222
155
-166
-269
-684
-663
-567
-216
368
791
1453
1720
2381
2429
2784
2617
2235
2247
1283
1500
526
226
-292
-1338
-1161
-2106
-1693
-2019
-2189
-2157
-2725
-2549
-3012
-3094
-3664
-3987
-4374
-4459
-4198
-4162
-3297
-3028
-1776
-622
672
2641
3645
5511
6473
7555
8602
8659
9096
8413
7869
7034
5887
4873
3525
2246
1200
332
-370
-692
-1497
-1741
-2368
-2827
-2907
-3795
-3887
-4885
-5420
-5726
-6600
-6360
-7107
-6818
-6481
-6016
-4508
-3744
-2115
-1136
96
1326
2395
3456
4038
4510
4464
4697
4298
4302
3767
3250
2873
2120
2017
1386
1105
534
-53
-507
-1044
-1431
-1928
-2271
-2718
-2709
-2903
-2659
-2647
-2580
-2111
-2008
-1059
-864
-188
74
187
809
706
1272
833
795
540
310
426
-48
-101
-747
-903
-964
-227
888
2021
2893
3365
4258
4912
5746
5347
4640
3439
2415
1647
336
-713
-2272
-3146
-4067
-4563
-4747
-4782
-4508
-4903
-5076
-5417
-5052
-4721
-4972
-5275
-5892
-5458
-4828
-4040
-3191
-2558
-902
875
3185
5251
6977
8926
10227
11574
11974
12210
11888
10930
9589
7628
6228
4560
3292
1443
-56
-1025
-1703
-1830
-2896
-3406
-4194
-4355
-4634
-5629
-6395
-7578
-7777
-8102
-7987
-7658
-7044
-5845
-4693
-3041
-1576
274
1488
2496
2958
3299
3959
3886
3887
2958
2425
2159
1894
1891
1332
1135
975
905
846
488
44
-487
-1107
-1732
-2099
-2525
-2706
-2983
-3147
-2504
-1834
-406
495
1085
1926
2272
3162
2832
2420
1885
1062
891
-215
-648
-1529
-2325
-2496
-3011
-2753
-2991
-1875
15
1726
3098
3307
4515
5272
5515
4471
2804
1550
235
-334
-1416
-1905
-2517
-2468
-2270
-2473
-2002
-1725
-934
-1611
-3071
-4213
-5218
-5859
-7498
-8943
-9596
-9299
-7756
-5884
-3393
-957
1850
5158
8272
11036
12587
13762
13934
13181
11912
10169
8676
6332
3858
1842
641
328
-196
-451
-595
-104
487
640
137
-1482
-2609
-4053
-5079
-6646
-8287
-8555
-8652
-7382
-6389
-4456
-2065
-158
1883
3026
4436
4832
4339
2855
906
-603
-1774
-2463
-3404
-4092
-4360
-3377
-1955
-470
639
1302
2085
2134
2104
1392
486
-516
-1724
-2117
-2190
-1436
-398
436
1730
2944
4791
6268
6602
6235
4570
3491
1701
-254
-2150
-4578
-5235
-6485
-6202
-5923
-5738
-4403
-3827
-176
2785
5564
6658
5830
6522
5421
4911
2138
-857
-2964
-5022
-4535
-4910
-3827
-3199
-2341
-976
-512
1545
2020
1965
-544
-3779
-5437
-7260
-8040
-10340
-11132
-10585
-8274
-4090
-629
3773
6913
10653
13811
15774
16732
15442
13811
10444
7347
4239
1600
-738
-3635
-5164
-5815
-4522
-3426
-2694
-2255
-2244
-1516
-1363
-1405
-2427
-3855
-4927
-5572
-5545
-4977
-3728
-2057
-179
1698
4209
6461
7926
7968
7067
6270
5075
3708
1484
-900
-2983
-4080
-3917
-3347
-2743
-2642
-2139
-1429
-624
-138
-376
-792
-1703
-2262
-2305
-2058
-1466
-1326
-727
298
1620
3257
3646
3605
2719
2025
1845
675
-548
-2647
-3691
-4183
-4541
-4061
-3979
-3302
-4033
-3699
-1346
2890
7010
7240
7030
6341
7789
7932
5174
2021
-2123
-3044
-4344
-4553
-4546
-4839
-4180
-5259
-4741
-4037
-1860
-1652
-4327
-7551
-10284
-9616
-9931
-9941
-10411
-9388
-5237
-969
4785
8539
11784
14389
15868
17794
17754
17333
14733
11045
7426
4620
3742
1939
-6
-2779
-4003
-3837
-3805
-3992
-5452
-6490
-7158
-7351
-6970
-6296
-5800
-4479
-3487
-1761
637
2080
3583
3015
2815
2941
3243
3469
1744
349
-637
-395
-42
40
-933
-1621
-1994
-2426
-1158
-1438
-1297
-2310
-2930
-1867
-957
847
933
1235
1855
2809
4549
5250
4921
4224
3363
3125
2633
1707
721
-1105
-2037
-2945
-3159
-2657
-3785
-4491
-4934
-4804
-3810
-4010
-4528
-6121
-5862
-1886
3786
8885
9721
9121
9917
11250
10102
6100
1046
-3402
-5837
-8347
-8927
-8424
-7591
-7104
-7861
-6049
-3180
105
113
-3973
-7704
-9344
-8578
-8565
-9138
-9568
-7373
-2661
2819
8959
13019
15670
16359
16684
17224
16413
14744
10354
5995
2998
1921
2180
893
-1146
-3594
-4212
-4250
-4679
-5510
-7430
-8381
-8068
-6377
-3870
-1338
191
1920
3905
5415
6867
6626
5096
2591
127
-1097
-1794
-2247
-3637
-5163
-4710
-3882
-2296
-1655
-3897
-5539
-7087
-6745
-5143
-4935
-4727
-4531
-2366
1071
4431
7111
7988
8120
8053
7462
6610
5179
2638
611
-925
-1286
-178
-11
-194
-793
-1080
-41
233
261
-171
-1134
-1188
-1608
-2399
-3293
-2595
2272
8404
11515
10921
8723
8096
6715
972
-5273
-10209
-12029
-11895
-12673
-9930
-5779
-2577
-1728
-3561
-2830
-841
-727
-4088
-9728
-12958
-12481
-10528
-7866
-4612
-783
4389
8757
12574
15471
15093
12595
8193
4658
3300
2043
1346
776
1809
4915
7688
9315
8692
6303
2856
-1499
-5726
-8566
-10390
-11353
-10375
-7847
-1693
3901
6912
8870
8324
9052
7652
4177
707
-2767
-3638
-4292
-3848
-2372
-768
884
920
-481
-991
-1936
-4089
-6851
-10829
-10826
-7908
-4257
-1408
-73
2477
5038
7214
6666
4715
2727
149
-2388
-3569
-3563
-1937
-81
-300
1875
3014
4378
4031
-299
-1483
-3248
-3050
-2309
-3704
-1780
-855
58
2970
7393
15476
19932
17171
12459
7413
4609
-338
-10452
-16194
-18042
-16189
-12089
-9183
-2650
2798
2721
522
-1895
-1075
-16
-4754
-9538
-13186
-12547
-7987
-5618
-1174
2298
4525
7134
7678
8555
8102
4199
244
-2425
-1522
2235
3966
4850
5107
6109
8814
9075
7290
4045
-771
-4125
-6180
-5879
-3374
-2048
-450
1389
4708
8995
8515
5857
961
-3129
-3784
-5299
-4679
-3991
-1833
1628
3989
6998
7303
5342
1039
-4397
-7115
-7641
-8947
-10224
-11521
-9625
-3620
1259
5131
5364
4368
3333
1281
689
-145
-1115
-2677
-3603
-2390
567
3309
2492
752
-1118
-1811
-1002
-1649
-1659
-1942
-1032
700
2291
5210
5012
4099
6246
12028
18991
19190
12471
6180
3450
134
-6055
-11959
-13896
-12387
-12028
-10569
-6248
-1581
-1887
-8669
-11815
-10111
-6362
-5653
-8799
-9374
-7347
-3379
27
3878
6457
5632
3369
1938
3301
4041
2085
-1507
-2140
2143
7260
10790
11276
10168
9479
8149
6558
4459
2311
-1031
-5293
-6889
-5380
-1626
57
-850
-1883
701
5049
6330
5563
2477
1152
873
-246
-967
-1056
-332
-1142
-1761
-1249
535
1505
-1212
-5172
-6591
-3742
-1507
-1258
-3302
-4839
-2568
-691
324
-606
-2621
-4043
-4425
-2565
426
3470
4277
3630
3269
4187
5447
3748
560
-2656
-4432
-3582
-2705
-1299
-358
-723
-99
724
2620
894
382
5941
13435
17729
11400
4225
1447
196
-5435
-14800
-15823
-12644
-8805
-7696
-4435
4031
6770
2176
-5954
-5915
-1524
-952
-4225
-7792
-5810
-2823
-380
1857
5143
6670
3357
33
-632
957
1001
-2480
-4638
-3161
2000
6324
6755
6568
5229
4543
3123
1344
1683
2801
3062
1411
1291
3400
5143
3405
-1405
-4298
-4291
-2602
-1421
-2141
-186
836
1035
1337
667
2955
2791
1328
-792
-959
2438
2280
767
-2725
-4113
-2333
-1843
-2322
-4067
-3981
-3941
-3384
-3003
-2783
-2005
-3018
-3225
-2538
-380
824
-116
-1564
-2910
-2336
-2051
-779
46
425
2025
2858
5083
6248
7115
7046
5642
3899
2820
9116
18380
22354
16338
5589
-1197
-3807
-8689
-17828
-21142
-18531
-13982
-10117
-4717
3888
5588
-2155
-12689
-14123
-6932
-2691
-4508
-5865
-2352
3496
8163
10145
11337
9075
2956
-1985
-2006
936
780
-3469
-5291
-1802
4400
8564
6846
3410
1005
47
965
1898
3202
4165
3763
4252
5705
7268
6951
1422
-4097
-7294
-5426
-1340
-1977
-2059
-3765
-1686
996
-429
-906
-4311
-4164
-4589
-3855
426
1985
4580
2476
754
1218
2158
2355
266
-957
-2796
-534
663
2198
2595
265
-260
-2506
-1396
-1356
-3532
-4202
-7038
-6466
-5505
-5785
-4316
-4008
-3483
-2203
-1421
598
1121
-508
849
1919
9177
19431
25910
26612
16188
7062
1139
-4133
-10911
-18366
-16827
-9642
-1935
1910
4897
5310
-149
-10460
-19788
-17528
-11568
-6108
-5378
-4661
1035
5449
8926
8394
5546
2828
336
1448
5097
7097
6373
3740
3050
4118
4220
1456
-3094
-7010
-8527
-6488
-3121
1870
4801
5840
6232
6222
8490
9049
7283
3243
-738
1432
4267
5430
2465
-3413
-4857
-6297
-5749
-5365
-4947
-2328
-2984
-1457
1027
3328
3290
-2264
-6206
-5287
-472
2656
1690
-1461
-2741
-1019
981
1962
267
-2173
-3688
-3514
-810
1248
1448
-1630
-6668
-8572
-7687
-5015
-4177
-5839
-6402
-4640
-835
1716
2146
1803
836
4323
14071
26982
32507
23140
8764
-1622
-5152
-9367
-16915
-18290
-13299
-5430
-72
4460
8906
5210
-6741
-20576
-22050
-12943
-4557
-2777
-4774
-2342
1495
4272
3866
2194
27
-2024
132
6603
14188
16676
13052
7938
4777
3604
1961
-1520
-4595
-6013
-3999
-30
3654
5517
3580
-348
-3726
-3302
197
3921
4782
4315
7681
11291
11186
4890
-4204
-7554
-8896
-8890
-8470
-6182
-115
1708
1523
186
189
-24
-4507
-7543
-6355
-30
4565
5431
3737
2308
2743
2545
3076
2192
1128
323
601
2694
2956
584
-4361
-8950
-10656
-10025
-8041
-6091
-4251
-3254
-2232
-1298
-1566
-2486
-6129
-7442
-720
12568
26774
28302
18756
8020
71
-4055
-12546
-19126
-16375
-10030
-1907
782
3924
6028
-149
-10762
-19963
-16247
-6117
1991
2681
1512
2513
2936
1926
-2900
-5410
-5843
-3082
3848
11236
16211
15401
10265
6060
3809
2913
1622
-935
-2043
-927
3149
7375
8542
5060
-471
-4609
-5315
-2558
1651
5292
7479
8893
8741
8408
3602
-2565
-7888
-11107
-8183
-5909
-1408
1852
993
-545
-7204
-10071
-9855
-7944
-4405
-2300
2238
6979
10295
8514
3926
-1566
-3231
-150
4124
8631
9168
8191
4948
457
-3526
-8784
-12241
-16021
-15720
-11675
-4981
2697
3065
2332
-2819
-4446
-4622
-6949
-1033
7565
22934
27587
19273
9205
-660
-2036
-9733
-15752
-14104
-6606
3608
3377
1558
-2859
-8330
-16781
-23552
-19252
-8519
3085
5899
4946
2431
226
-1469
-5116
-5814
-4958
-142
7962
14996
18665
15602
9913
4947
1569
-558
-1644
452
4184
7248
7360
6432
4314
-293
-6267
-11326
-10061
-4773
1556
7002
10048
13488
12227
6663
-1920
-9773
-9334
-5744
550
5117
6222
7731
4166
-1226
-7580
-13658
-14062
-12992
-7391
613
7584
11141
8733
3333
-2109
-5588
-6503
-2331
4274
11348
14294
12375
8996
3489
-3421
-11513
-16515
-14237
-8254
-3378
-2076
-2849
-4160
-6686
-10657
-11745
-10648
-6824
685
12233
27526
32459
23241
5442
-8411
-10272
-8752
-7177
-4711
1258
9019
9554
2817
-8339
-18656
-26439
-29914
-25265
-11469
5947
15485
13451
2846
-6124
-8818
-8200
-6085
-3113
4243
15518
24433
26035
18289
6378
-3007
-6393
-4547
135
5462
10038
12150
9689
4376
-2040
-7961
-12195
-13473
-9150
-463
8516
12988
12344
8421
2907
-2614
-7987
-9811
-7611
-1723
6593
12483
14359
9369
665
-6892
-11979
-13200
-12531
-7866
-850
5429
6928
3153
-1970
-6949
-9604
-10403
-6690
1807
11397
17476
16636
10295
2656
-2838
-5201
-4257
-2211
1210
4307
4710
2126
-3520
-9670
-14337
-17582
-19147
-15768
-7060
8094
21382
23346
14985
-283
-9310
-10130
-6599
831
5456
11205
13832
13103
9260
-1334
-13085
-24838
-27191
-20277
-7980
3073
5440
984
-9839
-19696
-24564
-21277
-11066
433
11360
18776
24068
23933
17964
9636
1813
248
2703
9151
17150
21474
20015
11375
1193
-6198
-10210
-11697
-9854
-4488
1829
5385
3959
2549
625
-3070
-8210
-13564
-11029
-4877
1905
6243
5452
4195
-691
-4277
-4848
-3249
386
907
2822
5560
8631
8560
2674
-3526
-8647
-9281
-7348
-2827
3022
6562
6763
3861
2055
142
-2058
-4760
-4668
557
5598
7588
4718
874
-1751
-5111
-7568
-8189
-5785
-2567
843
7053
14171
16050
7691
-6613
-16923
-17064
-8481
2759
10187
11217
6768
1129
-3087
-6945
-11916
-16295
-15371
-8878
-993
3397
3218
-1525
-11270
-22120
-25614
-17347
-3007
6953
9248
7987
6646
4772
1745
778
3646
8804
13215
16705
20160
21015
16478
8104
931
-2344
-2174
-296
3494
7587
8177
5472
1851
95
-829
-3886
-7349
-8765
-7992
-6413
-5153
-3648
-2179
-2643
-4308
-4664
-3779
-2008
-1447
-1059
-334
-374
-124
761
3091
4602
3961
2192
1676
2993
4301
4783
4632
4220
4098
3144
2734
2372
797
-403
-2544
-3138
-3324
-4339
-3961
-4789
-5597
-6817
-7482
-3087
2819
7439
6276
570
-4735
-6522
-4067
979
6503
8077
5870
2064
678
806
-2090
-6701
-8765
-6248
-2790
-2394
-3996
-6611
-11275
-17525
-19932
-15378
-7381
-2659
-2325
-2189
-2243
-3178
-3998
-1103
6036
11370
13846
15413
16991
15823
9718
4520
4856
9324
12344
11772
9922
9131
8389
6666
3891
250
-2066
-2374
226
3306
3702
1480
-2787
-6999
-9425
-9569
-6968
-4762
-4517
-4935
-4726
-2909
-2218
-3629
-5463
-6549
-5691
-3262
-164
3117
3581
1414
-567
-24
2834
3933
2214
318
1050
4071
6666
6020
2553
-1340
-3221
-1275
2405
4904
4112
583
-2169
-2574
-2128
-2371
-3606
-3006
-651
289
-1338
-5009
-6649
-6337
-4770
-2572
-463
1687
2473
2747
3279
3598
3594
2938
1969
1639
1325
2193
2593
697
-3036
-6646
-7140
-6400
-6480
-7198
-7149
-6283
-6773
-7976
-7648
-5328
-2922
-2387
-1904
-97
2057
3397
3275
3103
2781
2210
2332
3229
4676
5938
7327
8778
9466
8958
8554
8682
8119
6412
4511
4353
5458
6180
6277
5722
4053
1275
-1432
-2410
-1795
-1529
-1710
-1797
-1869
-1975
-2687
-2975
-3574
-5175
-6861
-7099
-4321
-718
1865
1405
-1489
-4409
-6193
-5386
-4015
-3529
-3690
-4077
-2248
492
1792
289
-3489
-4522
-1293
4406
8006
7226
4844
3923
4662
5181
3468
406
-1937
-2946
-1479
468
1357
-85
-3057
-4482
-4226
-3149
-2295
-1693
-784
-860
-1940
-2795
-2952
-2679
-3276
-4047
-4067
-3740
-3637
-4142
-4982
-5744
-6338
-6116
-4771
-3687
-3020
-2191
-537
1082
778
-473
-885
415
1994
3413
5567
8257
10670
11147
11020
10845
10374
9907
9218
9572
9190
7579
6094
5789
7266
7437
5287
1694
-1544
-2325
-1825
-810
-1062
-3116
-5263
-6642
-5954
-5245
-5821
-7472
-8790
-8029
-6306
-3922
-2071
-876
-824
-2367
-3645
-3845
-2207
-502
-204
-486
-589
1239
2963
3440
2423
86
-541
595
3478
6074
5926
4419
3702
4000
4335
2865
331
-675
-635
95
629
-194
-1417
-2821
-3969
-4112
-4768
-5551
-5638
-5638
-5639
-6175
-7094
-7538
-8448
-9669
-9077
-7191
-4385
-2382
-1956
-1060
-723
-13
1357
2649
3788
2712
1399
1531
2704
3858
2681
927
631
2284
5497
7299
7195
6613
7438
10312
12329
11464
8316
5243
3737
3702
4711
5998
6399
5073
2401
264
-1058
-2298
-3281
-4037
-3656
-2987
-2549
-1909
-1840
-2775
-4787
-6678
-7020
-5948
-4537
-3236
-2570
-2842
-3681
-4738
-4966
-4737
-4463
-3009
-768
2156
3453
2567
1447
462
774
1293
1533
2561
3968
6427
9192
9576
7642
3279
-491
-1981
-1758
-98
1368
1883
438
-1667
-3409
-3799
-4517
-6385
-7416
-6798
-4537
-3543
-4729
-6869
-8472
-8800
-8060
-6328
-4621
-3481
-2659
-1347
1150
3259
3653
2957
1944
2257
3161
3489
3194
2472
2597
3410
4119
3948
2898
1609
906
1585
3893
6938
9453
10726
10799
10022
7512
3816
697
237
2373
4629
5453
4200
2185
-757
-4111
-6055
-6020
-3959
-2651
-3252
-4265
-4525
-4357
-5352
-7917
-9843
-9038
-6547
-3856
-2132
-1292
-829
-1372
-2481
-3042
-2707
-1991
-1375
-522
875
2547
3640
4006
3398
2137
553
175
1597
3563
6094
6849
6761
5873
4487
4482
4326
3872
3349
2593
2444
2699
2220
1902
-43
-3040
-5141
-5648
-4030
-3154
-4004
-6261
-8684
-10299
-10509
-9305
-8238
-7994
-8417
-7619
-5258
-2746
-966
-364
-12
116
129
766
1572
2722
3830
4748
5675
5992
5909
5596
4908
4047
4136
5920
8954
11077
10734
8931
6798
5084
3609
2516
2439
2893
3238
2963
2084
928
-695
-2287
-3340
-3740
-3277
-2688
-2709
-3353
-4667
-5564
-5816
-6617
-7561
-8669
-8781
-7484
-6534
-6236
-6418
-6190
-4350
-2200
-1317
-1026
-1126
424
2889
4233
5247
5568
5908
5596
4100
3152
4101
5837
7169
7249
6331
6125
5741
5198
4192
2287
621
-121
101
1150
1577
960
348
-1225
-3251
-5550
-7292
-7017
-6260
-6027
-6502
-7378
-7803
-7956
-8353
-8323
-7721
-6822
-5352
-4034
-2568
-1109
-612
-614
-1362
-1854
-1020
911
3693
6025
7178
7343
6792
6010
5475
5004
5130
6102
7936
10238
11413
11147
9399
7265
5674
4817
4721
4268
3313
1825
327
-824
-2105
-2938
-3564
-4342
-5546
-7058
-7559
-6897
-6055
-6089
-6845
-7683
-7919
-7654
-7171
-5982
-4342
-2669
-1620
-1545
-2024
-2594
-2850
-2577
-2067
-919
736
2947
4959
5359
5380
5205
5448
5549
4584
4434
5312
6410
6792
5940
4930
4738
4470
3876
2679
836
-70
136
718
672
-1220
-3774
-5323
-6044
-5535
-4695
-4138
-4130
-5208
-6363
-6950
-6989
-7102
-7255
-7224
-6323
-4486
-2571
-1524
-2075
-3232
-3473
-2135
-116
1536
2673
3725
4460
4880
5081
5068
5309
5248
5498
6258
6574
6752
6385
6000
5778
5008
4496
4177
4315
4426
4391
4590
4468
4110
2801
999
-516
-1785
-2477
-3098
-4116
-4874
-5192
-4967
-4757
-5664
-7338
-8843
-9367
-8727
-7265
-5838
-4440
-3190
-2575
-2615
-3372
-3616
-2458
-372
1571
2752
3118
2707
1747
773
965
2377
4228
5563
5952
5420
4392
3896
4100
5099
5203
4323
3517
3163
3919
4122
3617
2463
842
-454
-1548
-1713
-1234
-745
-862
-2258
-4163
-5581
-5951
-5439
-5002
-5074
-5199
-5372
-5523
-5184
-4541
-3617
-3699
-5222
-6448
-6310
-3994
-1137
677
1275
844
1135
2166
3634
4628
4567
4574
4703
5033
5182
5170
5406
5758
5700
5283
4922
4388
4175
3609
3119
3134
2937
3100
2344
948
-276
-1113
-725
-651
-1379
-2481
-3369
-3386
-3384
-3877
-4544
-5217
-5823
-6042
-5846
-5005
-4110
-3918
-3696
-3469
-3126
-2720
-2461
-1542
-630
89
919
1940
3018
3186
2735
2356
2523
2757
2705
2881
3576
4563
4949
4357
3331
2532
2269
2668
3425
4394
4752
3931
2205
819
827
1644
2216
1447
389
-325
-188
230
-329
-1535
-3807
-5537
-6087
-5483
-4188
-4090
-4991
-6621
-7773
-7760
-7121
-6438
-6335
-6440
-6123
-4880
-3166
-1395
-75
436
507
437
1134
2603
3847
4313
4004
3889
4551
5427
5881
5723
5100
4659
4753
5047
5423
5050
3997
3105
2472
2450
2514
2199
1624
700
-287
-741
-887
-1250
-1939
-3088
-3671
-3579
-3438
-3107
-3224
-3553
-3867
-4162
-3830
-3252
-2827
-2732
-2825
-2582
-1848
-901
-264
-135
-106
397
1315
2196
2351
1958
1742
1792
2236
2407
2224
2445
2981
3994
4904
4982
4574
3714
2821
2499
2555
2986
3619
3802
3490
2739
1579
453
-347
-1157
-1324
-1203
-1331
-1392
-2611
-3840
-4923
-6140
-6707
-7460
-7271
-6386
-5660
-5621
-6713
-7544
-7566
-6439
-4826
-3263
-1837
-1034
-534
-303
128
749
931
861
801
1402
2784
3941
4474
4047
2972
2385
2255
2766
3474
3764
4262
4562
4729
4754
4520
4417
3869
3007
2270
2247
2705
2637
1999
855
-165
-1018
-1844
-2119
-2155
-2128
-2017
-1891
-1605
-1565
-2053
-2380
-2357
-2189
-1927
-1920
-1699
-1320
-1142
-954
-1000
-1078
-1216
-1052
-531
24
378
-1
-120
-2
321
815
698
950
1566
2211
2748
2769
2920
3747
4347
3847
2737
1678
2211
3700
4528
4886
4145
3115
1887
311
-549
-887
-966
-1265
-1725
-2188
-2328
-2877
-4157
-5465
-6916
-7324
-6968
-6069
-4650
-4213
-4671
-5775
-6928
-7225
-7027
-6331
-4764
-3029
-1489
-462
-198
-48
-608
-1619
-1811
-1182
242
1396
1852
2883
4135
5018
5129
4307
3975
4367
5310
6664
7545
7789
7319
6598
5984
5534
5100
4477
4020
3397
2975
2619
1678
480
-1093
-1957
-1804
-1562
-1388
-1677
-1965
-1880
-1833
-1939
-2442
-3439
-4169
-4055
-3146
-1942
-1537
-1741
-1937
-2001
-1809
-1920
-2228
-2382
-2246
-1535
-490
447
925
879
556
271
60
219
985
2168
3415
3827
3407
2643
1980
2035
1933
1410
738
-27
74
315
252
23
-1047
-2052
-2641
-2430
-1114
-151
-114
-872
-1905
-2303
-2233
-2168
-2234
-2906
-3896
-4411
-4098
-3085
-2471
-2971
-4002
-4830
-5172
-4894
-4274
-3488
-2756
-2653
-2490
-1850
-1100
-469
-462
-195
912
2270
3639
4412
4924
5422
5653
6009
6339
6704
7035
7170
7261
7276
7173
6999
6792
6285
5623
4893
4343
4131
3684
2957
2058
1116
643
431
144
-208
-940
-1449
-1458
-1441
-1435
-1968
-2687
-3138
-3610
-4020
-4612
-5111
-5133
-4917
-4788
-5005
-5519
-6050
-6216
-6022
-5314
-4293
-3420
-2585
-2091
-1780
-1499
-1520
-1390
-1289
-1359
-1112
-799
-260
146
-169
-202
190
849
1375
1095
1113
1753
2511
3015
2824
2339
2092
1980
2210
2638
2701
2636
2677
3043
3361
3076
2136
1357
747
205
56
-297
-405
-1104
-2449
-3458
-4563
-5258
-5792
-6006
-5264
-4473
-4183
-4251
-4393
-3722
-2333
-1232
-327
-11
252
1222
2133
3151
3502
3272
3542
3988
4845
5537
5841
6329
6769
7177
7372
7276
7025
6707
6372
6177
6203
6199
6111
5691
4898
3975
2995
2250
1634
879
33
-864
-1561
-2175
-2963
-3996
-5145
-6025
-6620
-6814
-6845
-7016
-7371
-8112
-8745
-9191
-9501
-9627
-9707
-9379
-8797
-8007
-7212
-6623
-6088
-5583
-4567
-3305
-2202
-1471
-1029
-3
1368
2717
3619
3852
4017
4035
4362
5055
5699
6238
6152
6032
6191
6230
6068
5454
5077
5480
5941
6012
5444
4347
3651
3101
2686
2589
1986
1288
372
-475
-615
-884
-1377
-2142
-2932
-3336
-3517
-3800
-4022
-3999
-4202
-4467
-5078
-5467
-4998
-4462
-3841
-3754
-4085
-3985
-3640
-2619
-1372
-447
351
851
1527
2525
3582
4655
5367
5755
6196
6631
7091
7395
7434
7466
7081
6420
5864
5602
5761
5492
4786
3992
3293
2782
1965
1146
371
-504
-1529
-2816
-3805
-4712
-5724
-6722
-7613
-8076
-8581
-9180
-9669
-9916
-9870
-9853
-9611
-9238
-8732
-8111
-7481
-6479
-5631
-5022
-4475
-3920
-2814
-1475
5
1409
2298
3040
3710
4366
4860
5021
5292
5859
6604
7297
7664
7657
7288
6734
6430
6262
5979
5478
4854
4629
4372
3912
3259
2223
1330
412
-88
78
173
166
-170
-488
-540
-887
-1425
-2017
-2405
-2308
-1858
-1204
-720
-857
-1491
-2214
-2551
-2273
-1761
-1285
-1232
-1241
-964
-582
-273
-770
-1567
-2108
-2119
-1270
-411
125
-87
-1028
-1654
-1767
-1291
-692
-399
-10
399
739
872
590
218
-103
-352
-261
56
581
1299
1739
1912
1686
1119
685
229
-85
-241
-337
-104
191
453
446
-211
-1311
-2474
-3050
-2927
-2420
-1793
-1261
-766
-729
-1255
-2044
-2743
-2773
-2487
-2147
-1725
-1336
-595
21
32
-361
-953
-883
-90
864
1768
2269
2537
2683
2506
2227
2021
2044
2497
3234
4015
4626
4818
4636
4279
3725
3249
3141
3385
3877
4049
3751
3176
2331
1482
697
22
-457
-822
-997
-929
-919
-1184
-1707
-2498
-3235
-3723
-3811
-3372
-2921
-2644
-2422
-2277
-2152
-2336
-2771
-2972
-2915
-2571
-1810
-831
62
254
-410
-1188
-1640
-1758
-1670
-1651
-1544
-1299
-1199
-1130
-1374
-2104
-2875
-3415
-3244
-2499
-1839
-1305
-1054
-981
-884
-956
-1111
-1275
-1271
-678
426
1519
2199
2326
2205
2144
2077
2031
2084
2304
2823
3428
3859
4026
3861
3558
3201
2829
2685
2928
3543
4163
4256
3685
2775
1916
1291
766
397
441
902
1515
1686
1123
96
-981
-1597
-1668
-1477
-1158
-970
-883
-877
-1156
-1647
-2307
-2848
-2992
-2833
-2428
-1980
-1539
-1062
-761
-683
-889
-1216
-1282
-1034
-512
-42
97
36
-75
-54
-3
-194
-526
-695
-421
243
880
1177
1071
691
235
-45
-88
63
281
331
286
54
-430
-1052
-1824
-2453
-2842
-2989
-2758
-2328
-1841
-1530
-1552
-1591
-1451
-1130
-849
-801
-689
-244
468
1027
1068
810
621
692
941
1089
1151
1128
1101
1124
960
703
396
239
345
301
150
-61
-142
61
114
7
-292
-664
-652
-328
340
1075
1526
1816
1841
1750
1684
1650
1826
2002
2180
2403
2538
2569
2258
1819
1571
1562
1822
1987
1983
1883
1656
1506
1378
1299
1262
984
500
-107
-511
-524
-496
-655
-1096
-1534
-1698
-1780
-1911
-2201
-2462
-2408
-2211
-1994
-1942
-2065
-2136
-2265
-2362
-2387
-2345
-2081
-1811
-1538
-1316
-1302
-1388
-1617
-1723
-1544
-1272
-975
-890
-865
-740
-633
-523
-599
-672
-534
-289
129
415
522
525
298
117
-20
-38
113
144
174
162
152
199
67
-65
-79
139
589
902
1085
1211
1402
1717
1821
1763
1732
1943
2469
2837
2906
2787
2695
2885
3003
2908
2647
2264
2128
2082
2066
2044
1677
1183
577
135
71
-137
-600
-1430
-2249
-2538
-2485
-2292
-2420
-3027
-3837
-4611
-4931
-4745
-4275
-3824
-3693
-3732
-3709
-3450
-3006
-2572
-2153
-1696
-1088
-339
415
1090
1573
1918
2257
2681
3242
3799
4198
4428
4566
4749
4971
5096
5026
4714
4292
3900
3644
3491
3271
2895
2283
1549
831
129
-474
-1053
-1540
-1883
-2193
-2469
-2899
-3440
-3938
-4309
-4362
-4289
-4223
-4267
-4468
-4554
-4515
-4352
-4231
-4256
-4174
-3814
-3088
-2264
-1673
-1390
-1277
-1067
-647
-21
691
1352
1829
2074
2288
2629
3096
3352
3156
2735
2516
2773
3225
3449
3289
2925
2647
2410
2165
1842
1557
1408
1253
1139
993
862
679
315
-85
-474
-662
-693
-673
-600
-621
-669
-786
-922
-989
-1059
-1064
-1085
-1051
-925
-790
-623
-529
-395
-225
-86
-9
-65
-38
154
529
904
1010
920
732
635
623
512
322
85
-63
-109
-232
-473
-806
-1072
-1188
-1267
-1314
-1351
-1337
-1264
-1279
-1335
-1383
-1358
-1228
-1110
-926
-644
-301
-8
116
181
283
420
517
552
660
971
1392
1724
1812
1654
1388
1106
925
909
1009
1138
1144
1052
990
934
762
337
-218
-557
-543
-239
-2
-59
-319
-690
-932
-1058
-1143
-1178
-1263
-1250
-1120
-900
-654
-591
-695
-893
-1042
-1004
-819
-531
-270
-121
-76
-123
-204
-294
-422
-566
-660
-636
-413
-86
202
337
248
137
123
343
822
1333
1815
2094
2217
2300
2285
2289
2217
2133
2123
2090
2084
1998
1849
1654
1346
958
476
71
-172
-229
-182
-275
-508
-935
-1443
-1835
-2160
-2312
-2396
-2529
-2559
-2576
-2540
-2465
-2597
-2769
-2933
-2961
-2629
-2230
-1823
-1542
-1499
-1413
-1301
-1071
-694
-390
-85
188
491
921
1307
1636
1800
1894
2020
2211
2476
2657
2793
2810
2752
2651
2365
2012
1593
1205
984
789
660
541
361
195
-77
-438
-799
-1074
-1074
-797
-398
-100
-79
-340
-669
-866
-903
-857
-886
-933
-818
-493
-41
229
146
-175
-501
-520
-198
322
800
1031
1064
972
899
855
764
675
571
584
743
890
981
889
684
524
431
435
422
290
96
-123
-287
-402
-578
-835
-1158
-1444
-1560
-1504
-1349
-1255
-1301
-1436
-1546
-1551
-1497
-1453
-1450
-1404
-1237
-1029
-910
-989
-1197
-1319
-1239
-994
-753
-654
-646
-593
-398
-124
37
-1
-140
-174
65
468
834
994
877
658
462
371
425
528
703
910
1087
1253
1322
1306
1240
1141
1130
1200
1346
1552
1704
1810
1795
1688
1533
1297
1105
951
929
1045
1147
1237
1164
1030
891
717
615
454
341
286
237
262
163
37
-138
-377
-501
-688
-751
-704
-652
-468
-507
-669
-923
-1276
-1319
-1327
-1240
-1177
-1441
-1636
-1946
-2167
-2197
-2403
-2429
-2495
-2495
-2204
-2075
-1854
-1774
-1822
-1616
-1478
-1152
-813
-605
-208
86
463
787
800
850
795
922
1292
1540
1814
1852
1806
1894
1860
1865
1719
1437
1354
1334
1480
1621
1506
1319
1018
768
667
509
370
189
-16
-80
-116
-118
-163
-361
-577
-783
-849
-710
-517
-326
-264
-303
-292
-216
-72
30
16
-29
-19
127
344
475
443
288
150
150
250
349
335
210
89
33
27
-16
-157
-348
-504
-540
-454
-335
-234
-199
-174
-117
-65
-16
-12
8
90
194
272
190
-31
-262
-429
-423
-366
-339
-349
-432
-399
-288
-158
-49
-112
-190
-248
-246
-116
-84
-132
-290
-552
-710
-855
-935
-976
-1094
-1150
-1231
-1307
-1294
-1321
-1275
-1179
-1093
-895
-761
-658
-513
-426
-209
30
241
512
671
873
1061
1178
1379
1493
1658
1824
1859
1880
1748
1653
1680
1722
1831
1766
1574
1384
1231
1269
1299
1232
1075
851
767
798
871
871
708
486
284
198
195
183
119
-32
-190
-336
-451
-527
-601
-618
-612
-612
-639
-745
-848
-882
-815
-670
-558
-561
-698
-891
-1015
-1027
-973
-918
-922
-989
-1094
-1214
-1332
-1425
-1479
-1489
-1470
-1495
-1554
-1625
-1661
-1579
-1442
-1280
-1163
-1150
-1114
-1025
-802
-451
-145
96
202
257
365
459
568
606
622
706
821
964
968
855
732
677
808
935
1006
1016
990
1120
1233
1278
1176
918
850
918
1167
1387
1303
1143
877
782
862
858
870
719
610
656
671
737
596
393
312
254
351
334
205
115
10
98
186
173
104
-99
-187
-186
-158
-78
-139
-215
-281
-384
-438
-578
-732
-811
-840
-720
-596
-580
-637
-834
-1003
-1093
-1151
-1086
-1028
-964
-907
-994
-1113
-1272
-1390
-1332
-1224
-1051
-912
-848
-738
-659
-544
-430
-344
-176
8
227
423
536
620
664
720
763
782
811
846
920
960
934
864
769
738
721
686
616
485
407
351
305
270
180
127
82
10
-60
-187
-247
-194
-86
51
73
14
-67
-156
-157
-153
-110
8
108
224
227
113
-12
-146
-130
-33
72
191
216
259
272
223
177
65
27
93
204
360
411
394
338
227
134
15
-95
-133
-123
-44
34
19
-81
-285
-512
-668
-755
-696
-585
-489
-408
-453
-542
-667
-809
-873
-879
-776
-578
-382
-223
-189
-281
-408
-522
-514
-353
-125
121
258
278
261
206
224
274
344
474
613
812
1003
1121
1150
1073
1007
996
1064
1190
1275
1325
1300
1234
1146
996
838
655
511
439
403
406
362
259
76
-153
-355
-518
-590
-620
-652
-691
-786
-869
-947
-1035
-1098
-1193
-1235
-1238
-1199
-1089
-1043
-1001
-1012
-1050
-1024
-1007
-910
-818
-740
-620
-546
-445
-385
-357
-314
-314
-252
-186
-89
59
150
248
251
196
153
86
142
230
358
495
516
530
453
365
324
286
373
469
606
722
739
730
612
540
506
508
599
636
679
647
576
525
434
416
373
349
353
305
324
301
289
313
278
310
285
266
282
223
247
205
173
192
131
136
55
-48
-131
-276
-308
-360
-384
-386
-477
-537
-653
-734
-742
-733
-645
-576
-518
-482
-477
-473
-482
-445
-362
-227
-89
25
93
78
39
-35
-82
-115
-143
-113
-80
-6
56
67
44
-66
-145
-191
-148
11
161
308
337
273
185
66
3
-66
-130
-187
-256
-262
-282
-344
-492
-724
-917
-1017
-940
-740
-543
-397
-366
-375
-355
-295
-160
-25
92
212
314
449
564
641
685
671
681
720
811
965
1120
1255
1315
1284
1213
1110
1051
1034
1051
1088
1072
1003
847
650
459
289
177
94
53
14
-38
-117
-264
-428
-609
-758
-838
-889
-890
-914
-974
-1060
-1193
-1306
-1401
-1435
-1380
-1277
-1110
-945
-807
-711
-659
-589
-486
-334
-139
61
249
384
474
533
573
605
635
664
701
740
770
782
759
690
593
476
378
328
303
293
248
158
36
-114
-236
-332
-399
-447
-509
-546
-565
-574
-596
-662
-753
-834
-846
-773
-642
-515
-426
-371
-328
-279
-210
-148
-92
-14
102
269
455
602
684
701
683
672
690
741
818
912
1018
1107
1138
1102
1008
910
857
864
922
968
977
935
862
784
673
529
349
164
35
-18
-38
-92
-235
-432
-638
-817
-964
-1121
-1289
-1437
-1503
-1475
-1409
-1382
-1457
-1591
-1694
-1704
-1592
-1438
-1296
-1178
-1054
-885
-708
-545
-414
-296
-149
29
232
413
548
672
802
948
1075
1134
1114
1056
1026
1053
1119
1152
1123
1050
957
855
732
578
416
280
212
210
225
185
64
-102
-255
-324
-339
-327
-328
-361
-384
-378
-341
-310
-311
-324
-330
-292
-204
-87
16
76
109
141
193
268
344
411
476
540
617
680
700
679
642
614
617
633
632
592
504
379
247
125
2
-129
-269
-412
-552
-689
-833
-980
-1115
-1229
-1308
-1356
-1378
-1384
-1362
-1312
-1242
-1159
-1076
-980
-875
-761
-631
-499
-364
-235
-107
17
129
225
303
384
459
543
628
702
774
822
859
890
914
930
916
890
871
865
869
862
836
776
695
619
543
473
389
291
202
119
51
-26
-136
-274
-416
-532
-598
-618
-617
-629
-657
-685
-689
-654
-591
-511
-432
-346
-248
-135
-23
66
134
183
226
285
366
463
549
612
636
636
632
638
662
675
677
661
630
603
569
522
444
341
227
122
34
-51
-139
-246
-377
-500
-603
-691
-763
-829
-876
-917
-951
-979
-1000
-1007
-1003
-983
-952
-899
-848
-796
-731
-670
-599
-538
-486
-435
-391
-328
-263
-197
-142
-105
-62
-20
36
93
137
171
195
237
296
372
440
476
500
511
553
623
691
742
762
771
791
830
884
917
923
904
873
870
879
889
876
822
766
706
672
645
605
552
463
381
312
255
208
136
53
-49
-142
-217
-290
-357
-437
-520
-600
-664
-709
-751
-788
-835
-879
-913
-929
-917
-889
-851
-823
-800
-774
-742
-683
-612
-542
-476
-419
-371
-328
-284
-242
-209
-180
-154
-139
-127
-120
-121
-125
-129
-125
-116
-101
-84
-67
-51
-32
-1
38
84
132
175
216
255
302
353
404
455
499
528
541
545
551
566
584
598
608
603
579
546
508
475
454
447
451
452
446
409
352
289
234
202
179
160
133
80
11
-63
-134
-185
-222
-245
-267
-294
-312
-336
-341
-335
-339
-314
-299
-282
-261
-253
-228
-199
-159
-113
-82
-48
-30
-10
18
45
101
157
201
240
245
246
250
240
253
255
251
239
187
141
79
15
-24
-88
-149
-237
-330
-401
-493
-555
-626
-700
-765
-843
-877
-922
-943
-937
-953
-912
-894
-850
-782
-757
-659
-593
-504
-372
-318
-189
-113
-55
79
120
259
368
436
594
628
731
806
809
928
936
1008
1098
1100
1208
1204
1212
1232
1146
1147
1072
1005
992
899
883
796
679
589
402
258
106
-36
-114
-219
-281
-342
-439
-520
-644
-750
-832
-908
-928
-930
-910
-865
-850
-845
-856
-883
-880
-872
-819
-719
-618
-490
-377
-290
-219
-195
-159
-102
-14
121
254
387
486
532
550
525
496
487
495
541
600
651
667
621
541
436
329
259
214
208
214
199
171
91
-16
-127
-225
-267
-281
-266
-236
-229
-243
-284
-346
-406
-445
-449
-409
-348
-264
-188
-153
-148
-183
-201
-208
-181
-102
-22
86
157
194
202
150
118
74
69
115
132
187
189
163
128
25
-35
-124
-181
-188
-226
-214
-239
-282
-323
-399
-447
-486
-507
-495
-465
-434
-394
-354
-326
-282
-272
-237
-200
-160
-62
-13
74
141
173
264
265
308
333
334
413
412
487
535
540
611
574
602
591
555
603
572
633
649
642
686
623
636
601
569
592
532
564
540
520
544
476
495
437
399
385
283
287
193
156
136
33
51
-54
-98
-147
-284
-296
-429
-471
-501
-609
-598
-709
-751
-804
-917
-915
-1008
-1018
-1030
-1080
-1045
-1096
-1090
-1097
-1114
-1067
-1066
-1011
-974
-930
-861
-822
-731
-657
-562
-458
-375
-270
-187
-86
10
107
206
277
362
424
487
552
594
658
691
731
756
753
762
749
768
764
757
761
731
710
666
644
630
596
595
552
523
492
425
409
358
339
333
284
270
211
161
138
77
73
52
20
16
-40
-64
-87
-120
-98
-110
-99
-84
-106
-88
-114
-121
-99
-104
-55
-54
-54
-43
-88
-81
-105
-114
-96
-130
-116
-138
-158
-161
-202
-191
-220
-231
-222
-239
-212
-219
-209
-198
-211
-186
-186
-158
-133
-114
-77
-75
-55
-52
-50
-41
-51
-33
-35
-29
-25
-43
-50
-76
-94
-116
-137
-140
-149
-152
-164
-178
-190
-196
-192
-187
-176
-171
-159
-148
-132
-111
-96
-70
-58
-35
-10
8
51
76
109
140
161
200
206
228
241
245
271
278
314
335
336
335
305
288
273
279
295
296
298
268
236
216
204
207
208
198
182
157
133
113
89
70
43
17
-4
-33
-56
-86
-129
-168
-210
-236
-253
-264
-271
-298
-325
-357
-375
-379
-376
-354
-347
-347
-349
-350
-328
-297
-260
-226
-213
-194
-179
-152
-112
-77
-40
-27
-9
20
48
94
121
147
162
169
195
222
261
281
290
307
313
345
365
381
387
369
378
373
372
377
353
339
294
253
241
199
192
154
106
83
18
-2
-39
-80
-84
-125
-120
-137
-159
-140
-179
-168
-173
-185
-142
-159
-132
-119
-137
-104
-128
-118
-106
-147
-135
-177
-199
-203
-264
-257
-301
-335
-339
-408
-390
-420
-435
-413
-462
-420
-438
-426
-374
-390
-308
-302
-263
-197
-199
-108
-90
-32
44
57
152
168
223
289
303
386
399
442
490
487
545
532
539
561
527
549
515
483
478
409
396
350
287
285
209
193
165
86
104
17
-5
-20
-102
-70
-150
-154
-158
-233
-178
-250
-241
-232
-294
-221
-279
-253
-238
-282
-205
-242
-185
-156
-156
-77
-88
-26
-3
25
81
91
142
153
192
207
227
256
259
300
276
286
262
234
239
179
187
132
97
76
-2
-11
-93
-115
-149
-205
-202
-275
-269
-310
-352
-345
-409
-377
-404
-408
-382
-428
-386
-406
-398
-362
-384
-327
-315
-291
-245
-246
-193
-162
-136
-80
-55
-15
32
49
106
143
177
242
239
280
303
300
354
328
355
366
338
381
328
326
315
272
305
246
248
235
191
211
155
158
137
99
124
77
85
62
30
39
-1
14
-4
-16
-9
-37
-24
-52
-38
-49
-55
-34
-68
-34
-59
-58
-42
-81
-47
-80
-70
-56
-89
-54
-86
-77
-76
-105
-81
-109
-93
-93
-103
-89
-104
-101
-111
-114
-118
-116
-113
-106
-92
-97
-75
-88
-89
-79
-97
-71
-88
-76
-61
-78
-51
-67
-57
-58
-89
-76
-92
-79
-62
-67
-42
-48
-39
-38
-50
-36
-35
-27
-8
0
19
21
24
40
42
65
79
105
131
147
177
184
204
215
212
226
227
245
250
257
267
259
254
225
209
192
183
173
159
158
131
119
95
69
57
24
18
-2
-11
-10
-40
-47
-71
-91
-89
-114
-96
-105
-112
-91
-121
-104
-119
-137
-113
-153
-125
-130
-141
-105
-136
-106
-119
-130
-95
-128
-98
-114
-127
-99
-136
-108
-130
-150
-122
-163
-133
-147
-167
-132
-176
-140
-145
-167
-117
-158
-115
-104
-116
-57
-94
-44
-36
-39
30
-7
42
47
47
113
82
133
131
127
179
145
194
197
193
233
202
227
218
212
235
217
238
234
223
220
195
185
165
144
135
114
104
86
69
54
30
20
10
-3
-15
-30
-40
-53
-59
-75
-87
-92
-102
-98
-103
-98
-93
-102
-90
-89
-87
-77
-77
-63
-51
-40
-23
-21
-17
-14
-22
-16
-23
-28
-21
-38
-36
-46
-66
-60
-85
-84
-91
-107
-84
-97
-90
-83
-95
-70
-79
-61
-42
-52
-19
-21
-8
12
-1
27
14
20
29
7
33
10
15
27
2
33
16
28
48
32
72
63
81
114
100
132
123
121
144
120
141
130
116
127
96
93
84
63
63
41
28
30
-2
-6
-19
-46
-37
-66
-72
-73
-105
-91
-110
-125
-122
-149
-143
-148
-165
-158
-173
-173
-172
-194
-180
-179
-186
-161
-160
-139
-116
-110
-77
-59
-37
1
12
44
83
89
130
143
147
186
178
214
223
211
255
234
255
272
241
277
235
241
240
188
218
163
163
152
90
111
50
45
31
-23
-3
-62
-64
-77
-132
-112
-158
-153
-151
-184
-150
-173
-170
-152
-172
-135
-135
-129
-99
-110
-75
-59
-64
-33
-44
-26
-17
-28
-2
-6
8
13
-1
12
4
10
16
9
21
10
20
30
12
27
12
11
18
-4
24
5
7
9
-16
10
-19
-10
-13
-31
-7
-31
-9
-23
-32
-12
-37
-21
-34
-31
-17
-24
-7
-11
-1
11
14
18
24
26
27
37
29
31
25
23
27
17
28
16
17
15
3
21
7
14
6
-8
7
-9
7
3
3
12
-4
8
-2
0
0
-9
2
-10
4
4
9
10
-2
12
5
17
20
24
35
23
33
25
27
28
27
32
19
28
26
29
30
18
14
-8
-11
-8
-19
-13
-26
-30
-32
-38
-36
-43
-43
-52
-47
-45
-40
-26
-29
-25
-29
-24
-6
-1
6
2
0
9
6
12
16
16
16
9
15
10
12
16
11
22
16
20
17
14
24
10
12
3
-1
10
0
6
-6
-7
-11
-22
-17
-27
-24
-22
-22
-18
-23
-25
-27
-22
-29
-31
-25
-25
-12
-17
-15
-12
-19
-11
-17
-12
-6
-15
-13
-15
-14
-14
-20
-19
-13
-13
-12
-13
-12
-7
-3
1
2
8
10
12
17
20
27
31
34
29
34
38
38
44
40
45
48
37
42
35
35
34
22
30
21
20
20
14
21
16
17
16
2
7
5
5
10
-1
4
-6
-8
-4
-11
2
-2
0
7
-6
0
-7
-10
-5
-14
-14
-17
-19
-15
-14
-16
-17
-21
-21
-21
-21
-20
-24
-15
-16
-16
-11
-26
-23
-25
-30
-17
-20
-17
-14
-18
-15
-28
-31
-24
-24
-10
-16
-20
-29
-57
-56
-74
-73
-63
-74
-54
-72
-69
-72
-91
-77
-81
-51
-35
-37
-23
-34
-30
-28
-23
2
17
45
59
52
52
51
48
57
71
92
116
112
112
96
81
81
67
80
82
84
95
78
78
53
36
34
21
40
33
34
29
9
9
-4
-3
-6
-7
-7
-19
-14
-23
-24
-27
-34
-31
-38
-36
-32
-29
-24
-20
-8
-11
-10
-18
-25
-19
-16
0
6
13
14
4
-2
-17
-21
-20
-15
2
2
4
-2
-13
-21
-28
-23
-19
-13
-6
-9
-12
-21
-24
-28
-29
-20
-15
-11
-11
-18
-17
-19
-23
-23
-31
-33
-29
-29
-23
-18
-21
-17
-16
-13
-7
0
10
17
19
19
18
21
29
29
28
31
32
33
36
37
41
37
36
37
29
31
33
30
34
34
38
32
26
22
7
9
8
0
5
-5
-7
-9
-15
-7
-15
-9
-8
-15
-14
-27
-22
-22
-26
-19
-28
-22
-22
-26
-24
-38
-26
-19
-20
-13
-18
-10
-10
-7
-4
-10
-4
-7
2
12
14
21
17
18
14
17
23
19
18
13
9
7
3
5
8
8
4
5
-1
-4
-2
-7
-1
-9
-13
-14
-25
-19
-21
-18
-16
-14
-7
-8
-2
-4
0
2
-3
7
7
18
21
18
23
19
23
13
11
14
11
14
6
4
5
4
6
2
-1
-6
-5
4
-1
-1
-7
-8
-4
-13
-8
-13
-15
-13
-14
-6
-11
-8
-7
-11
-1
-5
1
5
-1
5
-2
-6
-10
-16
-9
-13
-11
-13
-12
-8
-14
-13
-16
-12
-7
-3
2
10
18
20
15
13
12
9
5
5
2
5
10
7
11
8
8
12
9
8
11
10
8
10
6
5
1
-10
-10
-15
-12
-6
-3
5
9
13
15
13
13
13
12
16
18
12
11
6
3
-2
-4
-8
-10
-7
-3
1
-5
-2
-1
-3
1
-2
-1
-10
-15
-19
-27
-22
-29
-28
-25
-30
-21
-20
-21
-20
-19
-7
-5
1
8
3
8
2
3
5
3
11
11
18
17
19
22
19
21
23
18
11
14
13
12
10
5
3
-4
-9
-12
-8
-1
1
0
-5
-6
0
3
8
6
-2
-2
-4
-4
-4
-3
-7
-19
-19
-23
-19
-14
-17
-10
-12
-5
2
-2
2
4
2
1
7
6
9
15
9
12
4
-3
3
-3
8
10
2
7
-2
-2
2
-1
3
-1
-3
5
8
17
15
7
6
6
7
11
13
10
8
3
0
-2
1
5
0
-1
-3
-8
-7
-8
-7
-11
-15
-12
-15
-11
-12
-10
-2
-2
2
10
8
13
14
13
23
12
19
21
18
24
13
18
13
5
5
-8
-2
-3
-9
-8
-30
-30
-45
-56
-52
-82
-73
-77
-82
-71
-91
-79
-91
-90
-70
-81
-54
-58
-51
-27
-40
-10
-15
-14
10
-10
18
16
30
61
52
89
88
102
124
109
136
130
143
150
130
142
124
129
130
107
126
108
106
118
87
101
86
77
92
59
68
52
30
43
10
16
-1
-28
-21
-60
-69
-86
-116
-119
-152
-157
-165
-179
-170
-198
-199
-200
-198
-185
-193
-179
-178
-164
-152
-152
-131
-129
-116
-105
-107
-90
-91
-77
-66
-64
-42
-42
-23
-14
-7
29
28
59
70
79
118
110
149
159
164
189
172
187
178
174
174
147
141
122
113
100
87
84
67
59
55
49
48
47
44
42
36
24
27
13
12
16
-4
5
-17
-19
-17
-42
-29
-51
-55
-46
-66
-40
-50
-47
-26
-44
-24
-33
-28
-6
-25
-2
-8
-15
-4
-23
-13
-22
-25
-19
-35
-26
-40
-43
-40
-55
-40
-50
-52
-41
-57
-42
-45
-41
-26
-36
-26
-27
-28
-18
-15
-11
-2
-2
2
7
-4
3
-2
3
16
10
21
14
20
25
13
27
17
22
30
21
36
37
42
38
35
43
45
48
41
39
38
38
35
35
38
33
27
26
23
24
26
16
20
14
16
19
7
15
-1
-7
-10
-17
-3
-14
-14
-19
-31
-24
-36
-38
-35
-33
-28
-31
-28
-35
-33
-28
-30
-26
-29
-21
-23
-19
-19
-24
-22
-32
-25
-25
-19
-18
-19
-7
-11
-1
1
3
5
0
10
2
4
5
3
11
-3
7
9
6
17
5
15
12
12
27
18
29
22
24
26
17
30
28
35
31
28
26
18
23
18
15
17
26
28
21
17
11
16
8
6
6
-4
-9
-18
-13
-14
-18
-21
-32
-29
-32
-29
-32
-38
-28
-28
-33
-36
-42
-37
-36
-42
-35
-40
-33
-31
-25
-7
-13
-2
3
6
19
14
22
20
18
24
17
16
10
7
4
1
-1
3
8
7
7
1
-1
0
1
1
-3
1
1
6
9
8
10
8
9
14
13
19
17
19
27
22
29
30
33
35
32
36
36
36
36
29
28
28
22
24
13
7
4
-2
5
-5
-11
-12
-18
-20
-31
-37
-39
-42
-37
-33
-32
-36
-38
-36
-36
-28
-23
-22
-22
-20
-16
-15
-8
-15
-10
-10
-12
-2
-12
-3
-6
-4
6
0
19
11
5
7
-11
-1
-8
-4
4
2
7
0
-1
-4
-14
-15
-14
-3
8
7
2
-4
-2
-4
-2
10
9
10
22
21
22
15
-2
6
3
5
12
3
11
14
15
30
24
21
17
4
6
6
3
16
18
23
25
12
5
-1
-2
-2
5
12
22
25
20
14
-1
-4
-13
-18
-11
-13
-5
