146
151
148
140
137
128
117
108
96
86
76
64
45
37
26
15
6
-13
-30
-41
-47
-54
-56
-59
-63
-69
-76
-71
-70
-66
-60
-60
-52
-52
-51
-43
-39
-30
-22
-21
-21
-20
-22
-31
-34
-44
-49
-52
-59
-61
-65
-63
-58
-59
-63
-59
-54
-50
-42
-41
-44
-44
-49
-49
-50
-52
-42
-38
-26
-18
-16
-7
-6
-1
5
15
27
31
43
56
66
77
81
85
95
106
113
121
135
138
143
147
144
147
140
139
141
129
124
125
119
113
99
80
64
49
38
18
4
-12
-29
-41
-56
-69
-87
-98
-106
-120
-128
-137
-140
-144
-144
-137
-140
-140
-134
-129
-121
-115
-104
-99
-94
-83
-74
-71
-71
-67
-66
-63
-53
-47
-37
-32
-29
-17
-9
-3
4
5
9
9
6
8
9
16
18
18
14
13
15
16
21
26
26
28
34
37
48
53
61
72
72
88
102
106
110
115
124
129
132
138
142
143
142
138
137
144
141
132
123
108
98
79
62
46
29
15
0
-16
-32
-50
-71
-93
-107
-116
-122
-131
-134
-137
-140
-137
-134
-129
-122
-115
-108
-98
-86
-83
-72
-68
-62
-55
-60
-56
-58
-58
-53
-65
-66
-72
-78
-75
-87
-86
-90
-94
-97
-104
-100
-102
-94
-93
-81
-65
-46
-9
9
34
53
73
111
140
174
194
207
222
233
241
238
241
230
216
202
182
171
141
124
103
79
60
23
8
-10
-21
-39
-60
-60
-67
-58
-55
-41
-24
-25
-14
-10
-4
-5
-1
9
4
14
3
-3
-12
-28
-35
-47
-52
-68
-68
-79
-98
-108
-126
-129
-137
-136
-136
-137
-125
-122
-110
-110
-103
-93
-88
-66
-60
-48
-35
-27
-18
-19
-8
-2
14
33
45
64
71
82
87
85
92
97
108
116
114
110
99
81
61
45
39
39
39
39
34
23
13
7
8
14
20
27
26
24
18
6
4
3
10
20
23
29
33
35
30
25
31
34
40
49
55
54
43
31
26
19
15
8
-2
-14
-31
-44
-53
-60
-61
-65
-70
-74
-82
-87
-100
-108
-113
-115
-117
-123
-121
-121
-118
-109
-108
-100
-92
-90
-83
-75
-65
-53
-44
-36
-24
-11
1
10
15
31
39
47
63
77
90
99
111
115
120
126
126
125
118
116
118
113
109
94
83
81
80
79
76
68
56
38
21
14
13
13
9
3
-3
-11
-20
-31
-33
-35
-36
-35
-34
-28
-31
-39
-50
-57
-51
-52
-56
-51
-44
-40
-44
-46
-47
-37
-26
-28
-27
-28
-25
-23
-20
-10
-11
-11
-12
-16
-10
-1
11
17
17
22
20
24
23
16
4
-6
-15
-29
-33
-38
-44
-51
-49
-46
-52
-51
-51
-47
-37
-22
-8
1
11
26
37
35
34
42
55
63
67
72
70
71
68
71
73
66
72
77
81
75
65
53
41
30
19
14
9
1
-9
-26
-39
-50
-65
-73
-74
-71
-61
-53
-43
-40
-36
-32
-33
-28
-18
-9
-1
4
6
-1
-6
-7
-18
-25
-23
-28
-38
-52
-65
-73
-79
-83
-90
-91
-95
-93
-84
-79
-67
-54
-44
-32
-16
-1
11
22
33
40
43
49
56
67
77
87
88
88
92
94
100
102
105
121
136
139
145
139
128
121
113
109
98
86
70
50
29
3
-16
-35
-47
-57
-66
-69
-75
-86
-94
-94
-94
-92
-83
-75
-70
-68
-61
-52
-49
-35
-25
-25
-22
-19
-18
-15
-12
-13
-5
-6
-8
-8
-8
-5
-6
-7
-10
-12
-12
-13
-15
-20
-19
-11
-12
-14
-14
-5
-7
-9
-4
-4
0
3
7
10
14
18
11
15
15
15
19
16
11
11
14
14
7
-3
-8
-6
-7
-4
-1
0
3
9
9
14
10
10
23
27
37
39
35
35
32
32
29
25
20
17
15
15
15
10
13
13
8
12
11
9
3
-1
-9
-17
-21
-28
-27
-28
-29
-29
-30
-31
-31
-30
-33
-34
-34
-30
-24
-18
-12
-12
-18
-22
-19
-26
-22
-16
-20
-16
-13
-15
-8
-9
-6
-1
-3
9
14
20
22
20
21
22
22
16
18
21
24
28
20
16
19
19
16
6
2
5
7
11
13
16
11
7
4
1
4
9
12
12
11
9
7
8
8
6
6
6
8
8
7
5
0
-8
-6
-2
-4
-1
-4
-10
-12
-17
-20
-25
-27
-30
-33
-32
-31
-27
-28
-29
-32
-34
-29
-24
-15
-3
-1
1
5
9
14
19
19
28
27
20
16
7
2
2
4
5
1
7
11
10
12
6
-1
-10
-12
-6
-5
2
10
14
9
0
-5
-6
-6
-8
-4
1
6
5
2
7
4
5
9
14
25
31
32
31
24
17
14
15
14
15
13
4
1
-8
-15
-15
-22
-24
-26
-25
-19
-12
-4
-1
-4
-9
-12
-11
-8
-10
-16
-18
-21
-21
-21
-20
-13
-11
-8
-10
-7
-7
-16
-20
-16
-10
-10
-13
-10
-3
-1
-5
-7
0
5
3
4
16
26
29
29
30
34
32
28
22
19
20
25
25
26
26
17
5
1
3
7
7
6
6
-4
-16
-18
-12
-6
-5
-7
3
9
6
5
5
10
10
5
10
13
16
5
-8
-11
-22
-30
-33
-28
-33
-33
-39
-42
-43
-53
-52
-56
-53
-41
-33
-21
-20
-16
-13
-13
-6
0
14
20
20
23
30
42
49
51
52
53
51
45
52
52
48
44
40
45
46
40
30
20
11
-2
-10
-16
-28
-37
-51
-61
-58
-59
-58
-58
-62
-66
-61
-52
-48
-43
-34
-23
-11
3
16
23
28
35
42
46
54
60
61
57
54
49
47
43
45
51
47
42
33
27
26
16
3
-4
-8
-12
-17
-18
-21
-22
-23
-33
-44
-49
-48
-46
-50
-47
-37
-37
-35
-28
-27
-22
-23
-23
-17
-18
-19
-23
-31
-35
-39
-37
-42
-35
-34
-30
-17
-17
-10
-13
-8
-2
-1
16
18
23
23
17
21
15
8
7
16
28
35
41
45
44
40
49
61
68
78
94
112
120
127
132
135
133
132
131
132
132
129
115
93
71
44
10
-7
-18
-38
-58
-87
-113
-144
-176
-202
-214
-217
-219
-215
-211
-199
-192
-185
-179
-174
-165
-148
-114
-77
-46
-28
-14
0
10
20
28
36
51
71
87
99
102
92
89
85
80
81
89
97
89
85
69
47
33
20
23
29
27
22
16
11
3
-14
-29
-20
-9
-4
9
15
18
23
26
29
38
47
61
72
78
79
77
73
62
52
40
30
31
27
17
9
-2
-12
-17
-15
-4
6
17
33
46
45
49
52
53
54
48
51
59
63
48
23
-7
-32
-51
-64
-63
-70
-82
-82
-100
-127
-154
-180
-181
-181
-183
-179
-180
-192
-221
-248
-261
-262
-261
-248
-238
-235
-229
-230
-227
-217
-208
-182
-142
-100
-53
-26
1
38
66
94
125
164
200
223
249
268
285
293
307
318
321
320
321
321
309
290
283
268
243
210
176
144
103
62
28
6
-21
-57
-89
-109
-121
-132
-136
-124
-97
-71
-52
-25
9
25
47
86
118
149
173
190
198
196
180
168
160
146
136
121
95
70
42
13
-10
-40
-63
-73
-84
-92
-114
-137
-161
-196
-223
-235
-250
-274
-284
-289
-295
-322
-366
-369
-352
-340
-320
-284
-229
-202
-211
-210
-178
-138
-127
-95
-2
91
116
100
110
131
138
134
164
230
242
214
210
229
214
160
131
159
182
156
135
153
164
117
61
76
129
136
118
147
204
198
152
176
250
262
211
196
252
271
199
162
199
198
111
27
30
20
-92
-217
-257
-258
-352
-471
-516
-527
-591
-707
-726
-661
-679
-749
-766
-691
-631
-678
-679
-561
-451
-413
-385
-273
-128
-64
-31
87
254
345
389
508
663
774
814
889
1023
1088
1080
1103
1192
1230
1182
1149
1167
1159
1060
970
949
879
738
619
560
484
326
190
134
54
-93
-218
-263
-314
-446
-563
-594
-621
-724
-819
-826
-827
-890
-950
-917
-868
-899
-941
-888
-808
-788
-823
-794
-659
-603
-655
-597
-460
-397
-404
-372
-250
-138
-119
-128
-13
140
127
102
222
318
322
299
324
407
435
347
295
370
387
277
229
265
252
173
83
67
127
89
-37
-42
49
59
1
-20
21
80
82
40
96
203
194
155
172
217
245
197
125
152
217
174
105
101
80
18
-59
-116
-111
-80
-142
-192
-151
-152
-213
-251
-254
-236
-204
-179
-130
-40
8
-3
39
108
123
158
231
284
335
364
386
415
421
378
358
388
364
361
372
351
321
248
190
128
110
81
71
97
26
-26
-92
-151
-240
-290
-269
-291
-240
-248
-294
-337
-376
-439
-478
-338
-312
-236
-121
-193
-251
-221
-188
-277
-139
-34
-70
100
118
30
33
47
-98
-86
108
12
51
134
-35
-104
-88
-170
-246
-130
-174
-258
-150
-226
-312
-248
-230
-267
-204
-136
-142
-89
-108
-110
-27
-20
-37
23
73
77
86
52
121
245
188
168
285
288
227
281
332
414
574
535
435
542
523
345
381
510
519
561
584
442
399
312
45
0
143
128
62
97
-5
-203
-371
-582
-636
-520
-485
-494
-413
-397
-540
-659
-742
-693
-510
-392
-246
-30
72
27
12
-1
44
177
222
297
449
479
412
418
372
304
338
277
217
311
353
297
325
290
190
191
55
-44
79
110
17
78
194
48
-86
-182
-237
-166
-229
-228
-25
85
-115
-249
-122
-212
-357
-315
-143
21
-43
-107
-111
-61
-153
-417
-319
-83
-165
-285
-191
-169
-300
-310
-413
-429
-229
-323
-386
-253
-295
-352
-311
-320
-379
-238
-159
-240
-124
-94
-79
-24
-106
-63
115
189
103
206
363
293
317
278
255
386
372
313
415
524
416
319
260
128
185
181
55
131
177
71
-5
-26
-90
-85
-20
-8
114
183
141
194
244
204
206
364
460
459
486
429
396
342
160
108
233
229
91
93
80
-69
-171
-260
-271
-202
-218
-227
-127
-164
-336
-393
-415
-442
-394
-349
-277
-188
-218
-258
-221
-228
-277
-213
-107
-14
145
193
181
244
184
71
17
90
156
117
102
52
74
-5
-194
-242
-248
-259
-360
-308
-204
-290
-259
-305
-385
-366
-357
-301
-219
-136
-171
-70
-48
-247
-96
28
-112
-47
146
228
171
123
99
240
240
-17
202
475
347
338
343
289
300
175
28
218
297
157
334
333
111
154
47
-137
10
74
9
205
210
-52
23
-18
-279
-153
-23
-129
-17
87
-49
-142
-214
-331
-273
-179
-280
-177
28
-130
-285
-279
-269
-283
-267
-172
-74
65
30
-7
65
27
94
175
217
321
463
569
504
550
630
616
630
561
601
697
703
672
674
696
546
437
374
240
223
140
13
-9
-55
-188
-395
-567
-674
-721
-805
-900
-864
-914
-984
-1030
-1136
-1192
-1229
-1151
-1049
-955
-831
-739
-640
-688
-641
-513
-451
-244
-182
10
309
294
322
320
317
305
364
503
506
661
614
639
687
367
429
342
245
461
435
569
559
398
365
364
317
276
490
410
581
996
629
528
745
599
378
365
629
880
735
235
572
1060
159
-472
-65
91
-122
-198
-145
-70
-27
-527
-906
-634
-843
-1187
-676
-614
-976
-410
-508
-1318
-1253
-1060
-1180
-1145
-853
-880
-594
-458
-1080
-831
-850
-1072
-772
-460
-194
-360
69
-182
-390
92
-254
44
385
558
570
732
990
450
817
794
632
1179
1049
1108
1309
1220
718
924
1149
419
724
1087
720
583
622
490
284
133
-139
147
327
-22
82
361
157
-207
-4
69
-27
181
132
289
579
353
84
73
26
-139
85
81
-78
223
-94
-457
-382
-681
-898
-786
-648
-693
-514
-620
-1121
-880
-1106
-1341
-993
-791
-727
-694
-475
-658
-663
-514
-893
-683
-142
64
-205
-2
92
-167
92
51
154
382
230
69
459
657
-34
177
689
412
343
432
393
-108
335
644
224
259
369
544
360
-119
-218
161
740
162
-86
521
351
-79
-235
-233
177
837
397
-310
329
436
52
-3
-172
-31
354
537
163
282
137
-874
-194
394
-83
220
198
-50
-224
-119
-267
12
-30
-490
-27
496
29
-409
-396
-429
-373
26
-172
-398
-137
-273
-538
-270
-355
-669
-248
-70
-73
-288
-80
-157
-108
67
-292
-9
285
-355
-58
648
379
-63
-39
51
123
206
-46
-1
672
332
205
512
100
350
271
-118
231
922
864
542
544
450
479
510
295
412
911
646
373
641
234
41
-126
-54
-242
-227
104
-189
-376
-934
-964
-697
-783
-737
-933
-422
-370
-957
-971
-913
-460
-501
-452
-497
-481
-90
-359
-699
-555
-195
132
-321
-261
53
160
-171
-491
-305
-8
263
140
29
375
347
-366
-339
57
397
365
182
412
518
154
418
-141
505
344
235
939
659
787
187
518
619
-64
836
603
601
972
493
395
527
875
-121
506
656
216
640
590
63
261
122
-480
-523
117
-307
-558
-172
-937
-687
-130
-932
-940
-592
-863
-935
-844
-651
-266
-894
-1314
-395
-301
-694
-864
-626
-393
-373
-672
-462
316
-232
-684
-37
117
-22
-129
345
470
690
352
106
464
990
487
551
682
586
971
449
655
1029
628
508
-91
756
767
369
231
-223
791
425
370
675
43
33
-419
17
647
537
156
191
664
302
57
-243
62
387
-182
59
458
293
73
-536
-934
-559
-110
-786
-763
-59
-511
-932
-1244
-1384
-773
-770
-1148
-953
-304
-511
-1371
-884
-673
-759
-757
-635
26
-8
377
-874
-670
-317
-132
658
73
666
-35
-168
905
-463
387
-249
1019
851
-77
478
261
1386
-529
169
1066
897
651
-759
1554
1259
-98
-4
677
2485
-562
327
666
1042
716
-660
1145
1390
1181
-693
-1167
1904
317
-122
-729
338
1853
-1347
-1122
-176
504
-344
-1710
-376
753
591
-1665
-2155
901
-737
-1264
-369
-229
425
-555
-1383
-862
86
-297
-1577
331
690
-542
-455
-1071
-700
116
-933
111
581
-18
-215
263
-254
-1227
-375
556
934
705
54
328
815
-764
-1185
419
1216
551
898
475
416
-251
-570
-79
851
741
724
1172
746
517
-251
334
174
207
1319
1695
984
58
-113
26
-320
-259
526
455
456
-263
-727
-167
-1219
-1378
-889
-618
-82
-214
-718
-1059
-1121
-1192
-1364
-1153
-241
549
13
-765
-441
-27
-892
-1121
726
790
333
53
602
543
-717
-892
489
1415
53
-649
1393
919
-710
-968
-47
882
426
-152
986
545
-1008
-651
1220
639
-384
1000
531
1069
521
-1292
537
1598
626
-694
925
1960
451
413
-1499
-423
1447
1136
-362
-33
1359
-337
-347
-383
-1145
814
987
-960
-1003
1536
174
-2087
-1250
-504
332
-13
-804
-900
-1052
-370
-1116
-1589
-901
-325
121
-708
-1566
-189
-26
-1502
-1849
634
1923
-866
-1318
-730
1925
-769
-1572
656
1100
1611
-1865
-150
1128
719
-461
-1325
1788
581
862
177
-39
1571
-543
393
981
1786
872
-186
1646
1289
964
556
847
824
700
968
745
1375
342
-165
-202
22
122
-274
43
-1081
-1241
150
-1043
-1366
-1168
-1092
-1220
-1501
-871
-506
-1376
-1130
-1149
-650
74
-869
-501
557
2
-564
624
1417
53
382
537
920
2386
553
-741
990
3210
-39
-1379
1794
1829
345
-2056
-71
2773
152
-2736
-1922
2362
936
-2717
-2962
506
2061
-2916
-2402
684
847
-1768
-1582
1124
-1001
1151
-65
-1633
1161
1760
-175
-848
1333
1424
461
647
510
814
1043
80
-1063
1948
2609
-1593
-1472
823
1328
370
-2049
-808
1146
22
-916
-1000
-1806
1918
-1308
-4104
2065
903
-1802
-2212
-423
550
-1018
-339
-1117
-1060
1615
-949
-1948
465
298
-729
-477
436
483
-332
-162
-1133
534
2342
981
-568
446
2755
79
-1148
1553
2303
1794
1197
1117
1626
1173
-311
-746
1761
2328
544
639
87
-722
-1331
-1506
-222
157
-1152
-1172
-1374
-1590
-1611
-2247
-2715
-1441
-320
-466
-928
-1281
-1510
-657
-341
-463
554
1505
1395
399
158
1638
2405
1295
1158
2836
2425
922
1595
2456
1729
1218
1191
1584
1918
359
75
36
-702
-363
-170
1184
-1835
-2550
4
-1909
-2344
-2280
-518
-455
-2181
-2141
-2597
598
-1027
-2543
212
-609
-1265
-1351
1745
-1039
-1794
1881
-157
545
84
-706
85
869
637
-1053
1956
1104
-627
122
521
574
-964
1371
1108
236
852
-339
-592
-93
130
-89
995
715
-532
-951
-461
-158
-1755
-366
1160
356
-704
-1932
-67
439
-535
-713
646
1348
900
1440
770
298
109
145
2737
3366
2120
1320
463
-279
313
1482
1069
722
386
-1002
-1006
-447
-1970
-2518
-2355
-2298
-1768
-2046
-2724
-2876
-2506
-3845
-3946
-1298
-984
-1729
-2252
-1474
-582
-722
-167
-36
1222
1898
1222
2069
2618
2795
2693
2493
3588
4325
4587
3978
3298
3095
2828
2922
3145
3730
3046
1706
1049
962
637
142
340
-924
-716
-183
-1800
-2434
-2843
-1726
-2588
-4276
-2763
-2273
-2012
-3267
-3581
-2042
-2394
-2359
-2405
-1072
215
-1090
-1027
418
847
422
52
715
1010
2409
1655
-490
2064
2830
334
-386
648
1805
974
-84
-1213
106
1460
-1817
-1444
-476
-1750
-1973
-1996
-1311
-1899
-1637
-2385
-2037
-555
-1423
-1793
-1280
-1323
-1428
881
2014
1517
935
12
-59
1664
3253
2967
2478
2384
1990
1525
1554
1610
1445
1241
558
-9
816
-138
-1851
-2541
-2114
-855
-1494
-2382
-2908
-2663
-2973
-3353
-1970
-1442
-1126
-1641
-1958
-876
85
205
397
1261
1976
1622
2147
3396
2457
2732
3909
3989
4006
5164
4977
3888
3505
3012
4406
5362
4256
3500
3006
2182
734
1205
1337
-123
-806
-1457
-1550
-2561
-3356
-4464
-5112
-4315
-5003
-5321
-4859
-5097
-5380
-5201
-4755
-4615
-3790
-3309
-3230
-2726
-2339
-1194
-1096
-109
233
179
1303
1711
1960
2046
3499
3733
2012
1688
3850
5300
4140
2469
1569
2695
2781
550
884
2475
1905
-1425
-1473
466
-41
-938
-1659
-2121
-1798
-939
-1883
-727
-123
-1022
-1899
-3260
-574
876
1290
798
-845
236
66
1013
882
823
1211
31
313
-384
354
305
-1748
-2350
-1939
-653
-840
-2497
-3219
-2732
-2383
-2905
-2083
-1075
-1648
-2774
-2483
-910
-102
-119
-398
-147
1047
1772
1640
2180
2787
2485
2327
3652
5095
5360
4767
3258
3827
4803
5172
5927
4701
4381
3544
3147
3300
2746
2667
1015
267
-480
307
-53
-2974
-3208
-3196
-2963
-4077
-4555
-4078
-4901
-4940
-5199
-3741
-3555
-5032
-5281
-4468
-2704
-2198
-1712
-1492
-1932
-1095
-952
-877
1342
1692
1540
1458
1432
2444
2379
1926
1750
2698
2339
2225
2462
818
1516
683
-84
567
1050
1553
-475
-641
-1617
-1359
1094
674
127
-1098
-1854
-1591
-719
1339
617
-201
-1769
-1589
-7
91
-26
-1256
-1128
-1220
-1325
-594
-740
-1622
-2687
-3188
-1851
-1109
-1758
-2404
-2862
-2271
-1543
-918
-1427
-1167
-771
-1277
523
1453
1740
2154
1718
1871
2461
4073
4051
3489
4419
3913
4270
5110
5134
5068
4196
3094
3290
4270
4074
3924
3603
2393
1648
1271
335
243
527
172
-686
-2227
-2555
-3787
-3658
-3375
-4151
-3424
-4655
-5616
-6260
-5422
-3555
-3843
-4067
-4442
-3976
-3564
-2895
-1600
-1101
-1034
-1341
201
1415
914
145
879
2213
2732
2886
2006
2002
1100
1735
3159
3026
2477
-17
276
849
2184
2587
437
420
-906
-449
1191
2085
2082
520
-689
-1888
-546
1991
2544
820
-1036
-664
-231
-444
-747
-990
-1465
-984
-1959
-2535
-1919
-2823
-3615
-4606
-3347
-2404
-3023
-4038
-5017
-4121
-3513
-2330
-1840
-2646
-2539
-2404
-1403
-97
1366
1664
928
1211
2291
3972
4507
4516
4337
5183
5917
5496
7832
7682
6441
6013
5081
6370
7399
6846
5139
4507
4092
3192
3325
2372
1534
306
-1270
-1186
-1925
-2202
-3782
-5020
-4981
-6047
-6148
-6770
-7636
-7655
-7488
-7211
-6946
-6387
-6521
-7086
-6550
-4888
-3201
-2270
-1772
-2073
-1862
-165
1447
2473
3620
3730
2762
2820
3443
4374
5266
5522
5227
3867
3357
3238
3370
3854
2916
1664
1258
1932
2164
2670
1976
-635
-1229
-1053
396
1337
534
-232
-991
-942
-1229
-843
-1167
-2173
-2491
-2203
-1501
-2026
-2419
-4208
-5257
-3981
-3267
-2566
-3788
-5444
-5312
-4345
-3392
-3165
-2655
-2848
-3383
-2800
-1550
-203
-3
203
691
1463
2812
3601
3731
3573
4078
4815
5551
6559
7698
7597
6188
5571
6185
6794
7599
7795
6649
6214
5430
4601
4130
4013
3688
2222
1812
384
-824
-573
-2267
-3815
-4262
-4931
-5892
-6473
-7441
-7815
-6900
-7811
-8650
-8646
-8536
-7794
-7105
-6263
-5715
-5306
-5155
-4875
-3570
-1671
-968
-928
18
526
1139
1868
2402
3159
3853
4078
3983
4387
4223
4708
5502
4962
4158
3689
4268
5302
5623
4930
3107
1753
2276
3469
4380
3644
1907
1083
944
718
57
259
-494
-1413
-1519
-2973
-2643
-3331
-5329
-5507
-5294
-4462
-5556
-6887
-7369
-6805
-5646
-6458
-6199
-5802
-5264
-4760
-5162
-3439
-2093
-1708
-1448
-893
591
1877
3169
3217
3918
5278
5274
5715
7299
8692
8649
8142
7363
7352
8647
8795
8581
8694
7573
6037
4852
4130
4515
5132
3728
1063
-521
-681
-1104
-2276
-2803
-3690
-5263
-6354
-6725
-6570
-6473
-6965
-7768
-8577
-8375
-7897
-7255
-6261
-6433
-6601
-6067
-5093
-4013
-3210
-2654
-2396
-1468
-190
384
800
840
1262
2059
3272
4325
3767
3313
3015
3465
4613
5273
5411
4555
4265
4146
3922
4545
5217
5142
3481
2619
2983
3288
3096
1857
1060
476
166
-370
-1261
-1443
-2253
-3521
-4270
-4760
-4402
-4310
-5492
-6947
-7155
-6114
-5661
-6019
-6691
-6413
-5645
-5327
-4604
-3533
-3079
-3007
-2320
-1209
389
1583
1502
2171
3441
4422
5254
5617
7078
7772
7885
7796
7416
8782
9361
9130
8208
7866
8162
7187
6363
5083
4999
4656
3331
2294
963
482
-1588
-2716
-2402
-2881
-3939
-5758
-6563
-7185
-6937
-7011
-7607
-7467
-8054
-8573
-8387
-7423
-6591
-6221
-6374
-6175
-5169
-4418
-3491
-2920
-2250
-1541
-1013
-249
613
1117
1484
2470
2846
3190
3736
3925
3625
4310
6105
5909
5343
4110
3115
4516
6163
6785
4987
3403
2567
2556
3470
3080
2904
2148
470
-1202
-1134
187
-530
-2197
-3679
-3746
-3478
-4330
-4669
-4676
-4219
-4799
-6325
-6316
-5025
-3879
-4360
-4789
-3964
-3267
-3178
-2866
-1788
-487
523
568
394
1418
2884
3790
4046
4564
5946
6210
5856
5622
5730
7387
8047
7292
6429
6297
6154
5124
4891
4432
4589
3673
1781
1152
360
451
-1132
-2434
-2806
-4035
-4263
-5400
-5967
-5904
-5929
-6546
-8042
-8211
-7614
-6902
-6476
-6345
-6235
-6148
-6196
-5445
-3846
-2638
-2577
-2588
-1505
-1170
-353
650
1457
2024
2021
2706
2989
4349
4196
3799
4541
5050
6454
5801
5087
3692
4064
5856
6146
6202
4234
3988
2946
2272
3029
3313
3610
1496
63
-1414
-511
276
-1770
-2700
-3798
-3776
-4561
-5249
-5169
-5552
-5324
-6648
-6921
-6069
-5335
-4786
-5427
-4840
-3943
-3265
-2722
-1842
-621
260
1089
1091
1738
3363
4086
4146
4706
5383
7262
7346
6137
5990
5842
7239
7649
7814
7079
6016
4921
3201
4597
4634
4041
2306
60
-612
-1067
303
-2202
-3968
-4281
-5648
-5425
-5757
-5590
-6311
-6786
-7884
-8297
-6858
-6106
-5962
-6849
-6161
-5473
-5100
-4095
-4340
-4231
-2905
-1432
-1670
-1803
-1003
-802
542
1405
1039
1904
2685
2791
2489
3119
3909
4300
6126
5639
4496
4369
4047
5605
6223
6381
5300
4458
4407
3281
4010
3301
3977
2899
905
794
-171
634
-1083
-1850
-2542
-3601
-3316
-5624
-5436
-4814
-5067
-5497
-7256
-6840
-6961
-5981
-5572
-5334
-3504
-3931
-4138
-4211
-1888
504
1314
1592
1269
2537
3929
5355
6360
7159
8915
8634
7733
7902
7965
9694
10169
9526
8258
7735
7052
4638
4739
4283
3990
2832
-131
-1493
-2605
-2221
-4193
-5381
-5850
-8395
-8576
-9855
-9006
-8509
-9225
-10107
-11644
-10419
-9832
-8310
-7388
-6844
-6361
-6723
-5468
-4632
-2342
-424
-569
-307
459
1650
2205
3137
3718
4366
5422
5419
4968
4534
4545
5207
7045
7852
6704
4315
2791
3696
5778
6833
5158
3922
2844
1679
1810
1684
2650
2653
-34
-2150
-1977
-818
-1388
-2497
-3346
-3617
-3863
-5330
-5873
-4684
-3525
-4254
-5747
-6087
-4965
-4224
-4288
-3895
-2763
-1842
-1819
-2076
-1329
698
1881
2145
2592
3371
4181
4983
5563
6049
7917
8894
7896
7321
6854
7393
8509
8953
8104
7402
6735
3975
3254
3429
3032
2413
478
-1756
-3474
-2927
-4377
-6049
-5803
-7504
-8760
-9519
-9598
-9256
-8628
-8733
-10412
-9904
-8848
-8096
-7081
-6394
-5982
-5744
-4419
-3551
-2670
-1391
-687
-57
369
1375
2231
2860
2933
2856
4033
5526
5977
5020
3364
3722
6456
7017
7034
5066
2873
4088
4898
5380
4675
5149
3963
1162
696
404
2792
2466
-288
-2142
-2295
-486
-3676
-5169
-3932
-2804
-3095
-6579
-7103
-6308
-3929
-4362
-6470
-5006
-4427
-4080
-4899
-3370
-693
-593
-765
-1418
407
3190
3836
3468
3896
6032
6384
6538
7540
7814
10303
10255
9193
10008
8668
8764
8402
8844
9188
8463
7635
3026
2713
1988
1127
686
-1936
-2465
-5794
-5415
-8155
-10044
-7907
-10545
-10405
-12082
-12254
-11687
-11416
-9624
-11165
-10294
-9627
-8428
-6929
-5889
-4064
-4318
-2388
-1607
-1421
572
2122
3003
3292
3842
3739
4728
5292
5472
5894
6425
6546
5176
3827
4633
7273
6921
5301
2211
1447
4171
4775
3453
1388
2748
2316
-822
-1257
-794
1245
-135
-3353
-4551
-2193
-770
-5977
-7273
-5743
-3386
-3454
-6809
-6656
-5347
-4530
-6233
-6259
-3140
-1069
-2201
-4864
-2749
804
1870
2208
1767
2904
5141
5363
5069
7177
9014
9180
8864
8103
10621
11842
10992
10121
8267
8474
9097
8658
7374
7966
7760
2754
293
-505
-164
538
-1683
-4835
-7741
-5477
-8436
-11690
-9573
-11510
-11641
-11744
-12475
-12683
-10821
-9609
-11984
-9997
-7768
-7117
-5361
-4158
-3183
-2624
-119
786
679
2566
3398
3464
4181
5387
4654
3914
5106
4712
4617
6337
5248
3357
2133
3639
5136
5134
4220
-538
-342
1890
2532
2258
1461
2925
-437
-2560
-2930
-1636
1978
-278
-3103
-5118
-2341
-2749
-6769
-5384
-4198
-2064
-4447
-6468
-5276
-3887
-2359
-4969
-3865
-776
45
-751
-1701
565
1722
2471
2847
3632
5865
6124
5416
4952
7090
8742
8467
8880
9048
11114
11279
8469
7290
5925
6899
8190
7755
6751
5890
4608
-1224
-2562
-1974
-1683
-128
-2989
-6979
-9451
-7525
-10133
-12263
-8996
-11103
-10995
-10722
-11882
-10042
-7608
-6378
-8258
-6263
-4168
-4110
-1705
232
869
471
1872
2602
2781
4482
4298
3501
4510
4850
3024
2234
3793
3949
3844
4594
1489
-201
2005
2370
1492
-533
-2565
-2022
382
269
-1643
-1046
-454
-1311
-3730
-4777
-1480
-130
-676
-2773
-3128
-1310
-4105
-6144
-6017
-2897
854
-866
-3298
-3322
-2811
-2860
-1995
130
1880
3447
1765
691
2555
3392
4203
4631
6372
8236
7756
6142
5471
5874
7234
8661
8124
10232
11250
8428
6706
4312
3559
4650
4751
4890
4970
4105
625
-2438
-4828
-5690
-4392
-3870
-3383
-5322
-7591
-10409
-12329
-11162
-10872
-9618
-8565
-8312
-7685
-7240
-6034
-4905
-3524
-2364
-1626
365
2790
3685
3167
2916
2718
3536
4799
5211
4966
4221
2374
205
865
1550
2108
2358
693
-793
-2617
-2376
-986
-19
-568
-4628
-6400
-4962
-1856
-673
-2121
-2173
-3031
-2887
-4290
-4724
-1417
47
70
-2682
-2417
-1090
-2931
-3424
-3968
-908
1805
1028
472
487
1843
691
-67
1618
4156
6358
5705
5445
5622
4971
4130
4247
6742
9610
9648
7419
6004
5489
4299
3442
5546
9899
12130
9076
3052
-1610
-2090
135
1391
3621
5034
2826
-2300
-7500
-9376
-9079
-6014
-4275
-4500
-4379
-6548
-10258
-12738
-12179
-11926
-9155
-4891
-3667
-1398
-2084
-3847
-4005
-2975
-3
1835
6330
9617
8349
6133
2336
919
3146
5473
7356
7410
6395
2859
-2517
-4477
-3713
-750
2032
1852
-894
-2984
-3922
-6424
-7463
-8807
-7933
-2973
-264
-980
-4243
-6885
-6878
-5082
-5338
-4192
-481
1847
1513
-2287
-3276
-4034
-3816
-3161
-3688
2177
4552
2872
1122
-1273
-158
414
1752
3847
7300
9053
6884
5330
4015
4763
5643
6740
9926
11704
9912
7319
5372
4844
5805
5655
6084
8090
9574
6880
4249
1937
-1852
-1567
-2129
27
2811
1288
-456
-5016
-6954
-9942
-10660
-8244
-6150
-3361
-5956
-6798
-9193
-10658
-10969
-12711
-7234
-4226
-999
1336
-379
317
-1811
-2851
-502
4395
9075
10362
8827
6186
4579
2338
1696
2814
4819
6347
4763
1675
-1086
-3584
-5343
-4896
-3481
-1867
-1686
-3112
-3935
-5561
-8607
-11096
-10293
-5485
-1790
-1334
-2634
-4105
-3796
-5336
-6716
-4961
-1702
2134
2310
2331
1603
-1137
-3523
-5700
-1656
3035
5520
5693
3656
3948
2041
292
722
3078
6498
7545
7549
7607
7768
5565
3138
3101
5941
8921
8865
8557
7317
5932
3903
1776
3293
6753
8642
7980
4959
1251
-1426
-3396
-2080
229
1619
1624
-1051
-3018
-6219
-8470
-10060
-9969
-7492
-6617
-4304
-4205
-5159
-8338
-12710
-12623
-10747
-4747
4
3345
5549
3129
-304
-4150
-2957
2144
7634
10746
9998
8491
5668
2129
-517
-606
1009
3427
3911
2510
388
-3599
-6394
-8205
-6743
-4627
-3799
-2816
-4069
-5943
-9944
-12529
-11224
-7061
-2764
-2131
-2088
-2703
-2822
-3327
-4638
-3665
-1502
1307
4248
6029
5361
2888
-666
-1863
509
3815
6706
7618
7720
6351
4597
3124
2465
3641
4234
6229
7806
8194
7324
4134
2353
2417
4145
4850
4340
3970
3405
2637
1290
1372
1970
2520
2453
1660
1779
1637
204
-1567
-2355
-1996
-985
-665
-865
-1508
-2882
-4393
-5582
-5697
-4724
-3580
-3027
-735
1311
-706
-4186
-6074
-4893
-1457
1841
3515
4597
4195
1484
-1172
-1242
1964
3030
2311
1787
1227
1662
238
-2515
-4662
-3960
-3543
-4459
-4352
-5561
-6827
-8698
-9277
-8430
-8057
-6927
-7978
-8684
-7559
-7096
-5967
-4760
-3359
-1613
-776
-1230
-1744
-812
1179
3638
5554
7541
9040
8904
8013
6795
6230
6358
7477
9139
10881
12000
10876
8409
5563
3843
3125
2865
3171
3032
3172
2610
1076
-870
-3971
-6029
-6247
-5502
-3811
-2814
-2613
-2748
-3676
-5003
-5529
-4484
-3595
-2726
-2162
-1807
119
1553
1963
1602
1308
1985
2113
1901
1401
1527
2664
4064
5099
5029
4587
2898
1949
2368
1596
1377
1161
1081
2550
3567
3545
2034
-599
-2712
-3552
-1893
303
1846
3373
2413
-410
-3409
-4702
-4838
-4815
-3476
-2756
-1419
-2452
-5753
-6890
-7472
-6944
-7073
-7414
-6830
-6221
-6116
-6784
-6248
-6049
-6277
-6967
-7403
-5855
-3168
-836
61
812
975
837
512
1380
3939
5908
7713
8820
9806
9889
8981
8416
8218
8564
7889
7111
7621
9242
9522
7706
5336
2724
1400
-189
-1531
-1320
-1160
-980
-2343
-4514
-6009
-7220
-7808
-8311
-8337
-7666
-6787
-5695
-4483
-3005
-1848
-2135
-3050
-3491
-3484
-2437
124
3273
5446
6022
5201
4292
3883
3851
4483
5448
7156
7992
7642
7179
5858
4769
3559
3340
3963
3970
3904
2452
1831
1619
734
-153
-1513
-1495
-1262
-1315
-2676
-4055
-4257
-5633
-5295
-4455
-3462
-2737
-5416
-7634
-7793
-6383
-6139
-6994
-6056
-5501
-5284
-6519
-7361
-6243
-6345
-6891
-7151
-5703
-3515
-2569
-2407
-2470
-1344
-1107
-511
2167
4680
7067
7317
5447
3922
3706
4965
6993
9541
11460
12779
12318
10214
8354
6102
5081
4816
5422
6787
6815
5505
1607
-1444
-3655
-5725
-5865
-6740
-6309
-6479
-7443
-7599
-8341
-8010
-9219
-10054
-9473
-8054
-5271
-4264
-3277
-2567
-1813
-399
448
2199
3103
3163
3142
3671
6245
8613
10332
11626
11509
10998
9865
8955
8877
7769
6157
4882
4941
5443
5133
4142
1844
73
-1817
-2975
-2637
-3339
-4242
-6103
-7390
-6862
-6126
-5713
-6887
-7851
-8684
-9658
-9428
-8253
-6079
-4567
-3537
-2725
-2181
-1859
-3749
-5362
-4452
-2781
-1756
-1241
-85
688
994
64
-2506
-3164
-2269
-1424
-46
2358
4774
6045
7202
6346
4166
2421
49
392
3277
6738
9598
9809
8991
6824
5071
4196
3060
2023
-143
-88
381
1074
1616
-1272
-3237
-6164
-7903
-8302
-9284
-7637
-7450
-6451
-5916
-6266
-5076
-5096
-4117
-4034
-3696
-2782
-1814
1160
4141
7313
8124
7408
7008
6225
6673
7314
7781
8911
9933
10381
11151
11581
10581
7736
3826
639
-401
29
-479
-667
-1347
-1544
-1262
-2776
-3406
-6013
-9219
-11149
-11835
-9343
-7298
-5220
-4703
-4207
-3499
-4948
-5080
-5721
-4577
-3025
-1282
2510
4397
5981
4417
1674
594
-942
-1398
-1691
-1095
37
-104
-1178
-1781
-1798
-950
19
266
1255
1272
425
-1614
-3042
-2735
-2280
-185
1561
3603
5533
6007
4412
1441
-398
-1563
-367
860
2200
2207
311
-818
-3236
-3519
-4479
-5981
-6580
-6984
-4768
-3995
-2177
-1137
-1217
-464
-1483
-654
466
1697
2372
2378
4114
6422
8958
9745
9854
9330
8683
8253
7234
7471
8149
9657
10962
11587
10113
5573
669
-3591
-4546
-4360
-3724
-2604
-2309
-815
-1721
-3882
-6903
-10100
-11032
-11375
-9092
-7803
-6794
-6397
-6516
-4015
-2979
-1044
-1080
-709
1748
2123
3201
2568
2985
4169
5323
5686
4069
2355
-1305
-3122
-4392
-3869
-2087
-1413
669
1530
2383
1292
-1340
-4441
-7068
-7393
-7402
-5287
-3280
-1137
660
680
355
-1160
-2535
-4200
-5058
-4701
-3864
-3346
-3385
-2651
-1454
-68
-536
-1779
-2687
-2908
-2212
-2025
-879
963
3330
6004
8117
9546
10111
10152
9801
9758
9601
9370
8926
8699
8906
8539
8440
7840
7433
7898
7535
6755
4453
616
-2656
-5700
-6929
-7314
-7540
-5963
-5046
-3326
-3306
-5115
-6474
-8223
-7425
-7140
-5625
-5011
-4939
-3260
-3459
-839
-371
845
3321
3891
6410
6122
5665
5244
5226
5536
6025
5851
3673
3015
119
-1077
-2454
-4078
-2713
-2112
742
1579
864
-1952
-6149
-8093
-9828
-8832
-9548
-9721
-8057
-7001
-4419
-4844
-5525
-6313
-7696
-7528
-8615
-8318
-8963
-9968
-9665
-9393
-6540
-5316
-3568
-1662
-1342
74
-726
-3
1678
3888
6857
8947
12158
14202
16374
16861
17340
18379
17754
17964
16254
15477
14860
13035
11396
9377
9574
9316
8911
6695
2422
-895
-5899
-9060
-10962
-12615
-11701
-11650
-10651
-9632
-9449
-8863
-8880
-7969
-8128
-7124
-6609
-6002
-3865
-4243
-2060
-664
1570
6120
8734
12375
13668
12744
10515
7852
5462
4817
4764
3594
3974
2264
1704
1708
800
1732
2076
1735
190
-2951
-7412
-9396
-10564
-10673
-9832
-10391
-8035
-5633
-3981
-4718
-7105
-9316
-10882
-11263
-13474
-13097
-13664
-13571
-12093
-12718
-10469
-9979
-9000
-6834
-5751
-4566
-5157
-5161
-3792
-277
3067
6642
10359
12645
14670
14563
15155
17026
18579
19101
18259
17644
17686
17861
16765
15307
14101
13405
12324
10619
8174
4742
1773
-2176
-5032
-7558
-10147
-10216
-10198
-8467
-6901
-6851
-6794
-7466
-7747
-7910
-6729
-6294
-5595
-5321
-6452
-4340
-2729
500
4526
6492
9523
10672
10278
9670
8104
5920
4955
2949
1319
1060
-782
-470
44
987
3319
5045
5885
5001
1866
-2880
-5189
-7349
-8173
-8365
-9143
-5837
-3061
-1380
-1462
-3604
-5142
-7002
-8938
-11356
-11874
-13147
-14660
-15144
-16614
-14566
-13024
-11622
-8933
-8726
-7994
-7945
-7762
-5863
-4390
-3406
-1066
2599
6089
9524
11138
12927
15690
16795
17278
17387
17062
16213
14413
12358
12211
13615
13949
13901
12421
10011
8006
3898
118
-3264
-6671
-7862
-8632
-7755
-6610
-5800
-5145
-5038
-4055
-3909
-1957
-1079
-1164
-1111
-3252
-2379
-1759
-1000
554
1576
5010
8250
10719
11625
10992
8981
6571
3771
842
-1005
-3962
-6177
-7247
-6587
-3724
370
4131
5642
5297
2164
-391
-2722
-5730
-8000
-9828
-7959
-4961
-2304
-794
-345
933
782
-77
-3048
-5593
-7860
-11097
-12490
-15274
-16145
-15568
-13868
-9404
-6463
-4226
-3809
-3772
-3494
-4137
-4402
-4283
-2680
-1192
810
3683
6852
10489
12213
12987
13696
13988
13716
12594
11035
9648
9128
7703
6630
5826
4384
4335
2645
615
-1234
-3351
-3653
-4561
-4991
-5723
-6271
-6137
-6008
-4604
-3567
-1132
319
1481
3361
3054
3732
3458
3277
4399
4830
6518
8404
9916
10634
10345
10078
9476
7475
3761
233
-2392
-4193
-5440
-6894
-6305
-4056
-2363
-323
329
432
372
-2339
-5186
-8265
-9885
-9332
-8769
-7213
-6661
-5105
-3190
-1569
-90
-1140
-2019
-5060
-7287
-9200
-12001
-11925
-13369
-12079
-9831
-7985
-3878
-1178
1923
3497
4017
4147
4208
4484
4003
4452
4991
7155
8956
10126
11508
12027
12917
13077
12076
10603
10072
8113
6122
3482
-604
-2124
-4680
-5964
-7188
-8366
-7414
-7891
-7102
-7541
-7350
-6841
-6425
-5287
-6081
-4219
-4186
-3108
-1448
-1601
1761
2739
4763
6363
6611
9465
11216
12854
13366
12748
11242
10221
8676
6497
5140
2442
709
-1153
-2191
-1551
53
1751
1666
1280
-282
-485
-1491
-3483
-5336
-8691
-9040
-9887
-9634
-8554
-8694
-7016
-6495
-4865
-4937
-5259
-5947
-8894
-9896
-13126
-14039
-14579
-15317
-12637
-11147
-7293
-4171
-1542
1922
4113
6766
7929
9283
9315
8687
9087
9622
11624
12744
13536
14609
15270
15860
15568
15091
15349
14669
12376
8919
4267
625
-2637
-5528
-8217
-10694
-10971
-11166
-10214
-9364
-9162
-8570
-8972
-8716
-9459
-8904
-8043
-7882
-6699
-6988
-5389
-3750
-1538
1526
3273
6689
9364
11295
12408
12693
12317
11548
10619
8065
6115
3426
1134
-117
-1250
-442
1381
3594
4798
4823
3828
3365
2439
25
-2332
-5652
-7044
-7555
-7916
-7316
-7530
-7135
-6341
-5296
-4737
-4422
-5413
-7503
-9644
-13364
-15047
-16228
-16874
-15624
-15122
-12842
-10158
-7124
-3096
924
4890
7597
9971
10810
11399
11494
10576
10877
10236
10117
11456
13027
15393
16904
17458
18031
17415
16211
14311
10826
6860
2242
-1942
-5829
-8110
-9131
-9797
-8591
-8254
-6822
-5756
-4825
-3936
-5532
-5512
-7129
-7980
-8550
-9858
-9360
-9714
-6855
-4227
-1247
2428
4801
8464
9707
10557
9862
8424
7351
4670
2653
306
-1309
-2815
-3418
-2602
-534
2421
3973
5232
5084
4714
3806
1973
-282
-3345
-5057
-6592
-6591
-6328
-6320
-5702
-5519
-3522
-3133
-2927
-2963
-4772
-5678
-8660
-10653
-12126
-13626
-13679
-14521
-13722
-12545
-9985
-6576
-3270
956
3535
6940
9721
11392
12963
12310
12196
11652
10690
10739
10383
10369
10406
11905
13566
14307
15326
14384
13218
10568
6721
3600
-1134
-4168
-7713
-10507
-9792
-9600
-7793
-6242
-4076
-2196
-1195
898
83
217
-1344
-3594
-4947
-7601
-6596
-6238
-4087
-924
1196
5176
7750
10115
10345
9932
8534
5611
2977
-799
-3759
-7078
-8489
-8326
-6874
-4176
-3091
-1136
355
1978
2594
1591
469
-1937
-3668
-5751
-7002
-7324
-7733
-7790
-7688
-6109
-4941
-3146
-2152
-2311
-2312
-4215
-5265
-6644
-8296
-9251
-10333
-10096
-9446
-7799
-6103
-3594
-395
2042
5454
7902
9826
11475
12019
12508
12224
11586
10779
10020
8593
7724
8462
8524
9396
10089
9611
9424
7845
6128
4057
1215
-1033
-4049
-5990
-6833
-7588
-7629
-6473
-4582
-3927
-1816
-125
1037
2685
1968
1830
585
-404
-292
-642
808
1977
3563
5456
7631
9377
10015
10162
8511
7258
5181
2561
-393
-3997
-6100
-7420
-6953
-6779
-6409
-5493
-5089
-3524
-3374
-3299
-3956
-5144
-5533
-7384
-8187
-9594
-10767
-10849
-10871
-9460
-8974
-7682
-6957
-7054
-6888
-7841
-7346
-7333
-7320
-7466
-8149
-7278
-6671
-5115
-3524
-1359
1764
4013
7018
9096
10589
11926
12186
12624
12453
12184
12170
11628
11340
11553
11389
10649
9760
8405
7021
5539
3601
1644
-286
-1430
-2721
-3329
-3030
-3311
-3339
-3736
-2951
-2303
-1604
-289
-220
1010
999
1027
1334
1344
2357
1918
2769
3573
4772
6881
7903
9045
9341
9455
8493
7089
5051
2561
430
-2131
-3555
-4620
-3902
-3107
-3003
-2118
-2356
-2412
-3131
-3838
-4678
-6090
-6901
-8729
-9387
-10183
-11465
-11748
-11920
-10424
-10254
-10414
-9915
-9936
-9019
-9670
-10157
-10720
-11251
-10945
-11506
-10076
-8727
-6762
-4533
-3150
299
2760
5831
8717
10175
11717
11375
11251
11099
11022
11040
10106
9543
9585
10563
11027
11534
11717
10621
9225
6696
4165
1430
-1103
-3390
-5297
-5396
-5604
-4904
-3498
-1367
946
2021
3481
3605
3866
3717
2629
2378
1694
1881
1778
2638
4439
5720
7902
9273
10456
10957
10528
9242
6983
4908
2024
-783
-3503
-5512
-6843
-7156
-6048
-5663
-4318
-3376
-2725
-1823
-1987
-1778
-3123
-3965
-5028
-6734
-7317
-9443
-10386
-11135
-10480
-8986
-9210
-8122
-8637
-7898
-7585
-8643
-8311
-9910
-9864
-10951
-11413
-10254
-10073
-7487
-6387
-3442
-338
1587
5363
7099
9617
10619
10273
10489
9600
9272
7920
6884
6667
6769
7146
7179
7832
7769
7209
6252
4481
2772
937
-1434
-3408
-4359
-5050
-4898
-4482
-3199
-1321
537
3362
5109
6803
7554
7088
6595
5190
4618
3574
3867
5175
6021
7998
9363
11520
12955
13337
13056
10832
8677
5141
1162
-2255
-5141
-6946
-8182
-7680
-7337
-6758
-5482
-4571
-2875
-2381
-2906
-3828
-4891
-5271
-6603
-7784
-9119
-10712
-11621
-12269
-11440
-10488
-9257
-8123
-7919
-7153
-7447
-7436
-7391
-8028
-8240
-9302
-9157
-8718
-8129
-6489
-4735
-1659
910
3606
6544
8874
11407
12242
12438
12264
11210
10041
8238
7066
6218
5033
4221
3701
3658
3405
3077
2517
1425
571
-1370
-3285
-4432
-5840
-6534
-7321
-6870
-5260
-3775
-1120
1299
3851
6024
7210
8197
8466
8858
8144
7432
7562
7745
8616
8961
10232
11858
12662
13499
12997
11750
9884
6958
3528
-1
-3085
-6050
-7749
-7871
-7956
-7488
-6633
-5280
-3404
-2812
-2598
-3026
-3474
-3636
-5493
-6950
-9057
-11348
-12466
-13347
-12804
-12861
-12273
-11343
-10367
-8522
-8567
-7673
-7234
-7346
-7367
-9026
-8434
-8010
-7515
-6185
-4893
-1635
957
4037
6743
9354
12402
13087
14125
14006
13211
12207
9816
9008
7710
6178
5142
4156
4004
3312
2622
1221
-130
-1197
-3442
-4687
-5449
-6046
-6457
-7193
-6452
-5841
-4777
-2972
-1889
48
1421
2779
4343
5812
7701
8117
8996
10016
10629
11311
11474
12296
12374
12556
12630
11832
11135
9278
7030
4232
1402
-1185
-4225
-5831
-6401
-6643
-6624
-6379
-5425
-4210
-2926
-2441
-2668
-2607
-2671
-3415
-4834
-6635
-8965
-11364
-12928
-13396
-13424
-13109
-12452
-11843
-10267
-9291
-8953
-8244
-8250
-8129
-8897
-9362
-8772
-8345
-7520
-6527
-4130
-1357
1606
4585
7091
10311
12267
13699
14695
14599
14339
12875
11347
10644
9529
8033
6957
5874
4924
3958
2641
1226
-144
-1386
-3090
-3878
-4610
-5845
-6920
-7681
-6613
-6015
-5039
-3570
-2416
-128
1122
2301
3204
4255
5273
5181
6422
7437
8739
9766
10497
12010
12378
13115
12706
11602
10448
7788
5226
2250
219
-1787
-4284
-5003
-4980
-4422
-4122
-3700
-2699
-1666
-714
-901
-1326
-1252
-1777
-3619
-5667
-7748
-10126
-12510
-13929
-13948
-14162
-13709
-13643
-12729
-10484
-9591
-8333
-8414
-8319
-8554
-10392
-10133
-10042
-9118
-8380
-7579
-4432
-1735
2070
5158
8117
11551
12867
14460
15061
15534
15419
13326
12206
11229
10411
9112
7711
6867
5592
4761
3174
1790
812
-796
-2307
-3513
-4134
-5235
-6388
-6606
-5993
-5282
-4269
-3045
-1806
48
879
1637
2729
3943
5025
5014
5807
6454
7155
8101
8772
9922
10311
10522
10028
9260
8632
6875
4684
2125
-281
-2718
-4842
-5736
-5439
-4588
-4236
-3655
-2677
-745
1028
1262
935
265
-312
-2064
-4009
-5893
-8589
-10863
-13392
-13877
-13659
-13787
-13139
-13114
-11032
-9682
-9586
-9165
-9524
-8953
-10112
-10535
-9795
-9541
-8481
-8563
-6076
-2809
119
3658
5588
9084
11475
12868
14465
15191
15995
14500
13284
12975
12849
12315
10231
8981
7399
6142
4832
2953
1889
85
-1918
-3575
-3910
-3985
-5107
-5964
-6012
-4988
-4172
-2964
-1687
-684
269
238
881
1959
3019
3120
3074
4572
5913
7480
8536
9809
11002
10882
11086
10374
9681
8277
5588
3482
1343
-447
-3051
-5185
-6094
-6309
-5233
-4744
-3500
-2385
-1590
-141
-58
27
-1013
-2514
-3466
-5266
-6655
-8842
-10573
-11943
-13087
-12976
-13652
-12793
-12185
-11475
-9735
-9921
-8957
-8858
-8679
-8098
-9399
-9212
-9546
-8681
-7225
-6321
-3764
-2127
708
3324
5945
9365
10940
13065
14176
15272
16124
15584
15274
13776
13346
11994
10228
9508
7351
6124
3907
1931
814
-747
-1071
-2360
-2769
-3274
-3910
-3688
-3728
-2235
-2531
-2396
-1857
-2146
-572
-269
538
920
1066
2099
2527
4632
6023
7451
8628
9304
10963
11262
12321
12301
10597
9388
6931
4868
2892
480
-1838
-4515
-5683
-6272
-6342
-5345
-4866
-4011
-3836
-3506
-2662
-3136
-3043
-4376
-5826
-6343
-8241
-9433
-11433
-12772
-13943
-15412
-14424
-14202
-12931
-12382
-11946
-9308
-8661
-6987
-6864
-7159
-6183
-7384
-6809
-6885
-6568
-5997
-6203
-3625
-1658
1516
4232
6401
10304
12214
15003
16754
17645
18488
16776
15811
13944
12866
11807
9328
8303
5992
5037
3951
2511
2586
744
530
99
-409
-2
-1255
-1818
-3227
-3147
-3169
-4083
-3093
-3534
-2590
-1905
-1430
139
149
1610
2386
3574
5775
7095
8708
9510
11178
11940
12272
12711
11462
10490
8459
6185
3739
1138
-902
-3857
-6361
-8255
-9260
-10054
-10322
-9209
-8169
-6650
-5860
-5384
-4431
-4242
-5017
-7008
-8082
-9102
-11172
-12745
-14092
-14400
-14653
-14175
-12255
-10254
-7806
-6789
-5264
-3179
-2564
-2412
-3834
-4205
-5003
-7041
-7636
-8149
-7243
-6755
-5672
-2755
168
4180
6721
9572
13011
15082
16748
16934
17548
17270
15581
14107
12401
11442
9958
8708
8006
7596
7802
6906
6430
6370
5385
3859
2330
1369
267
-1359
-3356
-4816
-5420
-5774
-6037
-5995
-5471
-4955
-4306
-3196
-1794
-632
538
2006
3724
5953
7815
9340
10691
11517
11823
11519
11126
10367
8788
6440
3590
723
-1853
-4377
-6993
-9020
-10681
-11844
-12427
-12641
-12099
-10981
-9448
-8485
-7909
-7745
-7790
-7303
-7721
-8258
-9145
-9648
-9199
-9143
-8085
-7646
-6874
-5592
-4491
-2363
-1576
-771
-1075
-1472
-1238
-2802
-3020
-4095
-4968
-5553
-6970
-6146
-6039
-5175
-4513
-3628
-448
1887
5272
7622
9807
12279
13121
15157
16028
16535
16193
14703
14183
12813
11982
10954
10506
10576
9762
9504
8637
8654
8354
6947
5488
3558
2222
46
-1854
-3940
-6445
-8062
-9370
-9212
-9029
-8223
-7200
-5836
-2941
-714
1519
2793
4057
5291
5694
6756
6374
5780
4939
3912
3586
2766
2392
1060
-317
-1202
-2559
-3573
-5021
-6486
-8436
-10270
-11652
-13264
-14026
-14459
-14460
-14071
-12608
-10297
-8424
-6494
-5247
-3614
-1862
-693
122
-145
292
258
-100
79
-412
-536
-1049
-724
12
284
776
128
203
-599
-2187
-3125
-4739
-5223
-6693
-8108
-7961
-7289
-5253
-3821
-1394
1482
4299
7663
9679
12305
13813
14627
15663
15489
15853
14882
13803
13428
12975
12923
12013
12321
12565
12427
12201
10710
10246
8958
6822
3958
601
-1432
-3952
-5704
-7349
-8894
-9504
-10035
-8917
-7881
-6886
-6299
-6255
-5007
-4405
-3918
-4082
-4370
-3953
-4149
-3617
-3156
-2408
-1567
-1296
-433
216
932
851
153
-610
-2054
-3464
-5270
-6663
-7899
-9491
-10697
-11669
-11984
-11895
-11150
-9854
-8183
-6230
-4289
-1966
76
1682
2593
3275
3681
3292
2907
2383
2327
1953
1550
1653
1544
1918
1811
2456
3184
3197
3088
1989
2014
1325
259
-549
-1893
-1920
-2914
-2988
-2561
-2228
-989
-768
1267
3094
4872
6771
7403
9347
10014
10951
11877
12263
13267
12677
12863
12762
12816
12943
11844
12150
11883
11555
10721
8737
7304
4921
2642
-151
-3329
-5881
-8957
-11149
-13057
-14701
-15881
-17048
-16617
-16110
-15385
-14160
-13700
-12526
-11530
-10580
-9426
-8298
-6445
-5236
-3503
-1768
-313
1555
2851
4502
5200
5768
6082
5294
4809
3408
1779
-292
-1938
-2990
-4339
-4705
-5676
-6131
-6170
-6253
-5851
-6070
-5418
-5256
-4994
-3896
-2987
-1726
-1295
-337
911
2530
4691
5695
7005
8265
9337
10206
10810
11673
11549
10913
10142
9481
8870
7520
5774
4131
2809
1246
-441
-1863
-3046
-4549
-6285
-7066
-7108
-6711
-6513
-6159
-4635
-2555
-150
2248
5035
7693
9532
11165
12469
13802
13962
12730
11370
10069
9087
7242
5293
3959
2499
1258
-281
-1199
-1914
-3453
-5429
-8027
-9880
-11972
-14595
-16574
-18382
-19276
-20299
-20462
-19293
-17929
-15776
-14134
-11187
-7740
-5297
-2699
-1032
1511
3499
4437
5675
6375
7623
7908
8069
8441
8428
8486
7409
6900
6173
4998
3700
1813
617
-1211
-3117
-4728
-5752
-6103
-6970
-7257
-7109
-6032
-4895
-4045
-2289
-287
2215
4059
6296
9037
10877
12670
13399
14568
15502
15176
14850
13768
13378
12217
10567
9521
7679
6126
3662
2128
1332
-276
-1527
-3865
-5054
-6281
-7976
-8906
-10439
-10785
-12193
-13443
-13485
-13633
-12676
-12741
-11801
-10290
-8724
-6144
-4430
-1626
384
2049
4131
5675
8086
8706
8977
8991
8562
8478
6851
5809
4301
3009
1846
-175
-1070
-2891
-4243
-5683
-6943
-7061
-8199
-8507
-9247
-9255
-8842
-9192
-8542
-8628
-7765
-7320
-6926
-5538
-4676
-2679
-1569
77
1954
3474
5694
6732
8553
9460
9913
10292
9743
10098
9252
8636
7786
6768
6369
4999
4649
4055
3740
3210
1959
1620
700
253
-724
-1663
-2091
-2983
-3011
-3198
-2520
-1633
-646
1173
2742
4945
6692
8508
10129
10850
11343
10892
10398
9174
7491
5723
3654
1878
-272
-2098
-4030
-5822
-7342
-8719
-9531
-10924
-12303
-14050
-15475
-16539
-17879
-18537
-19520
-19741
-19699
-19054
-17151
-15310
-12489
-9830
-6400
-2479
929
4600
7149
9802
11554
12670
13850
14078
14520
13658
12635
11606
10368
9783
8377
7443
6021
4477
3318
1869
1164
-336
-1775
-3177
-4352
-4830
-5965
-6608
-7247
-7208
-6597
-6087
-4763
-3571
-1795
22
1848
4076
5747
7424
8459
9316
9934
9957
9965
9319
8561
7469
6390
5870
5281
4801
3894
3142
2841
2570
2364
1596
784
-190
-1311
-2295
-3577
-4644
-5860
-6792
-7113
-7231
-6913
-6699
-6081
-5196
-4433
-3459
-2675
-1782
-1301
-1314
-1131
-916
-457
-284
-266
9
113
400
554
823
1030
521
-50
-909
-1461
-2121
-3205
-4098
-5559
-6699
-7890
-8610
-8669
-9169
-9220
-9684
-9414
-8792
-8462
-7566
-7419
-6655
-6194
-5756
-4700
-4175
-2814
-1922
-534
1326
3029
5551
7383
9709
11775
13521
15443
16384
17461
17598
17430
17095
16204
15564
14043
12678
11152
9744
8759
7267
6237
4782
3566
2399
1021
199
-1134
-2052
-3288
-4365
-4897
-5730
-5894
-6514
-6655
-6705
-6986
-6652
-6741
-6047
-5693
-5336
-4591
-4139
-2964
-2543
-1900
-1338
-1054
-526
-953
-1033
-1654
-2338
-2910
-3787
-3988
-4707
-5018
-5191
-5077
-4468
-4334
-3769
-3518
-3070
-2734
-2629
-2123
-2047
-1775
-1944
-1925
-1528
-1236
-614
-550
-218
49
236
644
549
647
264
-198
-478
-871
-722
-762
-599
-326
-165
466
950
1647
2272
2510
2968
3043
3234
3284
2921
2876
2401
2365
2307
2068
2297
1996
2464
2667
2796
3124
2679
3111
2862
2931
3023
2695
3360
3049
3559
3889
4442
5863
6164
7330
7583
8172
8895
8693
9192
8172
7567
6450
5135
4449
2529
1512
-238
-1546
-2780
-4657
-5432
-6984
-7787
-9273
-10723
-11376
-12579
-12796
-13912
-14235
-14345
-14494
-13643
-13439
-12060
-11223
-10012
-8318
-7018
-4823
-3622
-1745
-122
1338
3070
3924
5577
6437
7321
7747
7633
7988
7332
6870
5609
4341
3169
1413
191
-1512
-2579
-3643
-4513
-4696
-5023
-4689
-4615
-4012
-3124
-2346
-1411
-977
-104
550
1274
2003
2667
3791
4542
5536
6405
7587
9011
9958
10845
11124
11461
11481
11119
10681
9727
8795
7447
6214
5270
4287
3479
2482
1865
1383
708
63
-631
-1039
-1648
-2588
-3411
-4232
-4934
-5864
-6766
-7119
-7485
-7739
-8069
-8172
-7742
-7592
-7203
-6888
-6565
-6239
-6461
-6147
-5896
-5595
-5481
-5690
-5122
-4725
-4003
-3323
-2593
-1442
-886
26
860
1945
2876
3094
3530
3605
3915
3770
3373
3128
2398
1869
931
405
-23
-678
-1044
-1623
-1482
-1455
-1343
-1024
-911
-432
-510
-420
-372
-491
-635
-1314
-1563
-1798
-1730
-1536
-1260
-424
357
1549
2768
4194
5540
6407
7248
7719
8129
7987
7591
7180
6564
6050
5285
4918
4674
4522
4549
4527
4877
4929
4988
4943
4689
4358
3459
2624
1602
467
-749
-2136
-3128
-4115
-4907
-5588
-6071
-6208
-6338
-6223
-6090
-5868
-5685
-5580
-5359
-5283
-5226
-5291
-5300
-5299
-5422
-5428
-5314
-4951
-4557
-4068
-3360
-2482
-1469
-470
665
1686
2495
3036
3374
3596
3290
2650
1708
685
-413
-1745
-2833
-3832
-4582
-5200
-5527
-5279
-4973
-4522
-4202
-3650
-2963
-2556
-2170
-2117
-1967
-2045
-2150
-1854
-1474
-749
-253
573
1829
3250
4932
6247
7699
8810
9597
10243
10540
10954
10790
10375
9812
9213
8891
8300
7885
7372
6783
6150
5311
4726
3993
3203
2246
1240
453
-396
-1074
-1773
-2323
-2763
-3258
-3597
-4005
-4267
-4531
-4710
-4667
-4627
-4443
-4288
-3917
-3330
-2694
-2037
-1591
-1188
-954
-856
-886
-1074
-1413
-2065
-2818
-3550
-4057
-4521
-5012
-5418
-5716
-5772
-5813
-5639
-5368
-5096
-4910
-4921
-4694
-4440
-4226
-4239
-4368
-4249
-4072
-3719
-3326
-2698
-1888
-1057
-37
1083
2339
3370
4213
4968
5632
6111
6175
6147
6016
5805
5348
4794
4471
4195
3932
3503
3252
3202
3142
3083
2916
2877
2707
2490
2365
2304
2316
2083
1962
1957
2017
2027
1879
1953
1981
1963
1780
1637
1722
1682
1649
1443
1341
1183
807
459
-87
-614
-1490
-2449
-3275
-4081
-4636
-5345
-5685
-5808
-5726
-5324
-4930
-4066
-3334
-2577
-1807
-1049
6
621
1233
1606
2021
2525
2625
2901
2835
2823
2621
2254
2194
1848
1641
1060
542
169
-452
-926
-1800
-2480
-3339
-4288
-5022
-5854
-6245
-6802
-6992
-6857
-6496
-5742
-5209
-4214
-3272
-2247
-1281
-642
200
561
1002
1269
1519
1914
1901
2204
2373
2817
3292
3529
4010
4134
4451
4583
4670
4817
4521
4326
3861
3619
3407
2998
2669
2096
1848
1621
1592
1703
1665
1753
1645
1797
2024
2248
2386
2139
1930
1609
1401
1140
723
288
-319
-759
-1120
-1281
-1359
-1594
-1896
-2283
-2522
-2738
-3057
-3534
-4117
-4628
-5064
-5315
-5395
-5303
-5143
-4911
-4481
-3812
-2981
-2247
-1599
-1091
-649
-262
22
296
388
386
329
359
599
836
1097
1286
1508
1816
2103
2436
2638
2721
2638
2417
2215
1893
1501
933
260
-361
-977
-1398
-1759
-2000
-2122
-2198
-2036
-1813
-1444
-1096
-790
-427
-155
195
442
728
1008
1256
1596
1861
2247
2583
2956
3341
3671
4093
4369
4626
4752
4822
4870
4763
4644
4350
3990
3476
2869
2279
1580
853
-19
-890
-1728
-2504
-3145
-3740
-4208
-4658
-5016
-5266
-5406
-5425
-5481
-5540
-5619
-5623
-5520
-5321
-5019
-4650
-4159
-3566
-2815
-1933
-963
-18
810
1566
2209
2798
3233
3480
3538
3383
3156
2847
2540
2185
1742
1274
779
389
44
-270
-595
-946
-1218
-1429
-1579
-1743
-1887
-2005
-2082
-2105
-2103
-2008
-1907
-1736
-1495
-1138
-658
-174
397
974
1634
2246
2755
3228
3572
3903
4085
4228
4316
4286
4246
4149
4172
4180
4131
4017
3808
3636
3384
3097
2716
2214
1648
987
377
-189
-749
-1299
-1856
-2315
-2668
-2932
-3082
-3180
-3208
-3209
-3182
-3046
-2909
-2762
-2675
-2647
-2577
-2547
-2500
-2496
-2501
-2460
-2411
-2245
-2066
-1838
-1585
-1352
-1040
-803
-624
-560
-612
-674
-842
-1017
-1271
-1563
-1773
-1967
-1979
-1938
-1831
-1637
-1445
-1092
-744
-348
35
330
675
939
1293
1628
1917
2218
2429
2736
3008
3309
3572
3714
3841
3840
3874
3846
3762
3628
3354
3089
2750
2455
2155
1806
1452
1017
667
333
80
-115
-324
-447
-580
-586
-538
-442
-272
-152
50
207
409
605
747
885
882
886
782
638
449
151
-146
-562
-970
-1398
-1813
-2162
-2524
-2829
-3112
-3359
-3524
-3642
-3707
-3704
-3724
-3647
-3564
-3427
-3198
-3040
-2707
-2500
-2220
-1879
-1627
-1147
-924
-534
-239
-4
424
515
921
1036
1215
1418
1339
1616
1451
1551
1453
1254
1318
938
963
668
544
502
213
352
121
263
264
223
460
372
654
624
727
898
874
1110
1059
1293
1436
1569
1853
1961
2348
2535
2812
3058
3187
3414
3371
3403
3297
3157
2988
2654
2407
2048
1762
1430
1111
887
603
385
76
-153
-381
-671
-959
-1339
-1642
-2046
-2443
-2803
-3140
-3358
-3633
-3767
-3817
-3772
-3623
-3504
-3239
-3006
-2755
-2505
-2328
-2089
-1991
-1899
-1841
-1813
-1716
-1704
-1590
-1476
-1316
-1086
-890
-585
-336
-89
95
183
230
153
31
-179
-421
-703
-984
-1207
-1369
-1388
-1327
-1122
-837
-449
8
463
972
1391
1805
2090
2287
2435
2455
2505
2472
2478
2487
2500
2608
2714
2919
3112
3315
3508
3634
3728
3725
3665
3523
3311
3044
2727
2377
2023
1686
1358
1069
780
541
301
73
-128
-360
-567
-831
-1106
-1409
-1731
-2012
-2309
-2519
-2729
-2865
-2926
-2952
-2840
-2731
-2520
-2314
-2127
-1904
-1773
-1596
-1517
-1444
-1406
-1444
-1423
-1482
-1451
-1440
-1409
-1307
-1255
-1094
-1001
-855
-710
-631
-497
-504
-480
-539
-641
-709
-874
-957
-1104
-1198
-1233
-1275
-1172
-1096
-922
-720
-508
-223
-7
253
464
656
834
942
1094
1192
1311
1427
1544
1735
1894
2111
2307
2499
2702
2811
2932
2976
2988
2960
2833
2733
2579
2430
2283
2115
2034
1926
1856
1794
1711
1686
1596
1510
1390
1243
1092
888
724
520
326
137
-59
-208
-386
-540
-718
-884
-1041
-1252
-1457
-1689
-1915
-2168
-2451
-2678
-2884
-3033
-3184
-3333
-3380
-3381
-3310
-3229
-3146
-3030
-2950
-2850
-2746
-2652
-2575
-2530
-2442
-2295
-2103
-1883
-1631
-1320
-960
-587
-193
187
526
798
1018
1246
1414
1481
1482
1475
1478
1442
1419
1409
1379
1333
1228
1141
1123
1102
990
823
725
675
635
611
636
659
638
672
804
993
1106
1165
1307
1482
1622
1780
2007
2215
2325
2334
2320
2477
2687
2530
2158
2113
2273
2065
1710
1754
1933
1824
1627
1624
1710
1738
1503
1020
762
782
493
-248
-766
-953
-1373
-2013
-2549
-2877
-3235
-3704
-4156
-4433
-4377
-4434
-4679
-4709
-4419
-4031
-3895
-3758
-3448
-3033
-2708
-2608
-2325
-1900
-1601
-1480
-1310
-880
-549
-338
-227
-72
267
451
505
505
638
772
667
632
626
644
556
340
274
273
322
186
56
226
413
554
600
804
1157
1400
1583
1688
1964
2191
2208
2254
2370
2580
2590
2560
2660
2813
3005
2978
2975
3040
3045
2980
2785
2705
2533
2240
1911
1571
1376
1084
711
336
100
-36
-305
-542
-750
-871
-995
-1219
-1364
-1494
-1600
-1806
-2040
-2120
-2191
-2282
-2451
-2557
-2545
-2524
-2471
-2470
-2383
-2243
-2161
-2057
-1950
-1779
-1672
-1650
-1605
-1542
-1412
-1326
-1277
-1194
-1082
-938
-808
-627
-430
-294
-183
-84
51
156
175
151
106
84
19
-63
-105
-139
-156
-186
-167
-60
56
145
225
352
504
608
682
776
893
989
1027
1102
1225
1355
1419
1450
1586
1745
1863
1925
2021
2168
2260
2324
2341
2398
2423
2358
2294
2191
2134
2009
1825
1666
1507
1419
1229
1037
882
731
624
410
243
81
-109
-324
-617
-797
-990
-1214
-1476
-1746
-1898
-2063
-2216
-2381
-2503
-2555
-2638
-2675
-2699
-2676
-2647
-2667
-2648
-2611
-2519
-2451
-2421
-2366
-2282
-2148
-2041
-1899
-1741
-1596
-1430
-1267
-1022
-790
-593
-396
-207
32
244
427
608
770
945
1098
1246
1378
1478
1576
1648
1722
1771
1792
1815
1822
1812
1794
1786
1781
1759
1732
1723
1729
1730
1707
1683
1676
1663
1628
1571
1513
1458
1384
1307
1231
1181
1144
1104
1062
1028
1009
971
917
845
744
620
449
234
1
-247
-503
-755
-994
-1185
-1339
-1455
-1545
-1592
-1576
-1545
-1513
-1502
-1487
-1479
-1535
-1629
-1740
-1833
-1936
-2076
-2180
-2208
-2177
-2125
-2050
-1905
-1729
-1564
-1415
-1279
-1132
-1036
-1010
-998
-990
-974
-994
-1002
-963
-888
-770
-646
-466
-242
-32
181
362
550
718
825
921
986
1047
1079
1084
1120
1163
1218
1257
1322
1444
1566
1687
1786
1901
2024
2102
2142
2152
2162
2148
2081
1995
1917
1860
1782
1685
1610
1552
1501
1424
1341
1275
1196
1086
956
819
683
530
357
188
37
-103
-235
-363
-469
-563
-651
-735
-810
-868
-931
-991
-1055
-1121
-1189
-1286
-1392
-1512
-1642
-1779
-1936
-2085
-2239
-2380
-2500
-2601
-2671
-2710
-2718
-2702
-2661
-2595
-2509
-2410
-2293
-2154
-2001
-1835
-1652
-1453
-1235
-1001
-765
-527
-285
-40
204
442
673
898
1113
1310
1487
1641
1766
1871
1953
2010
2035
2033
2015
1984
1942
1886
1825
1758
1680
1601
1524
1452
1389
1335
1289
1264
1252
1261
1275
1298
1346
1398
1447
1494
1539
1573
1582
1573
1537
1479
1402
1296
1180
1050
898
743
584
418
254
88
-91
-266
-443
-625
-809
-994
-1179
-1374
-1560
-1732
-1897
-2047
-2186
-2302
-2404
-2484
-2547
-2594
-2615
-2619
-2615
-2593
-2566
-2536
-2482
-2418
-2344
-2254
-2158
-2048
-1919
-1776
-1621
-1455
-1281
-1095
-900
-702
-501
-301
-101
100
302
499
685
864
1037
1201
1356
1503
1640
1770
1886
1985
2070
2134
2182
2212
2215
2199
2163
2097
2016
1920
1814
1704
1576
1443
1306
1177
1060
947
840
733
638
557
492
446
407
377
357
353
375
412
457
502
548
603
666
727
779
811
817
808
778
730
648
523
373
202
18
-186
-418
-671
-926
-1172
-1413
-1646
-1869
-2078
-2258
-2414
-2531
-2611
-2672
-2706
-2713
-2675
-2618
-2556
-2484
-2409
-2321
-2221
-2103
-1995
-1900
-1791
-1672
-1542
-1406
-1268
-1116
-956
-777
-588
-382
-184
-1
190
361
528
679
811
928
1028
1127
1209
1295
1397
1491
1601
1720
1852
2010
2157
2314
2451
2574
2681
2750
2802
2814
2789
2729
2635
2521
2372
2203
2032
1856
1685
1508
1342
1189
1037
898
755
620
486
336
192
36
-112
-265
-433
-587
-742
-882
-1007
-1114
-1201
-1278
-1322
-1361
-1384
-1394
-1416
-1424
-1449
-1478
-1520
-1579
-1637
-1716
-1786
-1858
-1932
-1994
-2060
-2108
-2143
-2161
-2150
-2116
-2057
-1972
-1873
-1766
-1654
-1543
-1417
-1301
-1185
-1072
-967
-855
-747
-623
-480
-315
-123
87
327
574
838
1095
1329
1551
1734
1884
1994
2049
2064
2044
1993
1928
1850
1780
1725
1694
1685
1689
1710
1738
1770
1792
1787
1759
1706
1621
1503
1354
1189
1022
856
704
569
453
369
307
266
242
222
214
191
144
84
3
-96
-205
-316
-422
-527
-616
-695
-761
-811
-851
-864
-867
-873
-871
-875
-889
-912
-953
-997
-1049
-1115
-1173
-1221
-1271
-1318
-1357
-1388
-1407
-1417
-1416
-1410
-1394
-1375
-1356
-1326
-1284
-1230
-1170
-1103
-1031
-956
-876
-801
-732
-668
-597
-523
-435
-338
-239
-139
-42
58
168
280
398
509
620
722
814
901
985
1072
1147
1215
1277
1332
1389
1437
1479
1520
1553
1585
1608
1613
1614
1604
1581
1553
1515
1469
1430
1389
1345
1308
1264
1216
1169
1126
1074
1021
959
890
806
696
580
452
313
166
8
-141
-283
-420
-545
-673
-789
-889
-974
-1043
-1108
-1168
-1219
-1273
-1310
-1339
-1368
-1387
-1409
-1422
-1437
-1449
-1459
-1474
-1486
-1506
-1530
-1559
-1591
-1622
-1659
-1680
-1694
-1701
-1689
-1673
-1637
-1579
-1499
-1407
-1306
-1184
-1048
-900
-739
-580
-405
-226
-49
139
313
484
656
821
980
1127
1260
1379
1486
1581
1664
1731
1780
1811
1823
1814
1799
1767
1727
1675
1607
1541
1471
1399
1317
1235
1152
1073
1008
955
909
863
826
792
764
752
745
751
757
764
773
777
779
777
770
745
713
673
614
548
460
363
251
118
-23
-184
-363
-541
-723
-905
-1086
-1272
-1453
-1622
-1780
-1933
-2061
-2175
-2274
-2347
-2404
-2429
-2431
-2407
-2360
-2294
-2204
-2101
-1979
-1836
-1684
-1521
-1350
-1181
-1013
-847
-690
-537
-387
-244
-111
11
133
246
346
445
533
613
693
757
818
875
924
977
1022
1057
1094
1133
1167
1198
1223
1249
1263
1274
1286
1291
1294
1289
1280
1272
1257
1238
1210
1179
1146
1104
1060
1006
950
893
836
774
708
648
578
510
441
366
290
213
131
49
-33
-120
-207
-292
-372
-455
-526
-592
-649
-702
-753
-794
-838
-873
-899
-921
-934
-953
-968
-973
-976
-974
-974
-976
-967
-956
-943
-923
-899
-870
-833
-795
-756
-697
-632
-573
-510
-448
-383
-315
-251
-188
-125
-64
-14
36
82
127
168
205
247
280
318
358
394
430
464
498
527
560
591
612
624
629
633
629
627
613
597
573
540
514
488
462
436
406
377
354
336
326
315
304
303
303
311
319
327
337
342
351
360
364
370
372
367
361
344
324
289
244
190
119
48
-30
-121
-222
-334
-445
-557
-665
-769
-871
-969
-1063
-1143
-1208
-1251
-1280
-1302
-1314
-1315
-1292
-1248
-1192
-1124
-1049
-964
-866
-758
-628
-495
-357
-222
-90
47
187
314
428
534
622
700
769
821
857
874
872
858
836
814
785
753
717
671
630
589
556
531
500
467
443
426
419
414
404
405
406
402
410
412
415
430
437
444
447
434
418
394
362
333
292
243
195
147
101
56
5
-40
-82
-125
-156
-186
-219
-239
-259
-275
-291
-307
-317
-322
-329
-346
-367
-389
-421
-456
-498
-539
-587
-634
-683
-740
-790
-840
-887
-935
-983
-1031
-1075
-1095
-1110
-1115
-1102
-1087
-1060
-1018
-967
-899
-825
-735
-637
-538
-425
-305
-177
-50
70
195
320
440
561
667
770
870
951
1028
1090
1140
1181
1208
1232
1252
1271
1277
1279
1269
1247
1224
1186
1150
1103
1039
979
907
832
757
669
587
498
412
327
236
154
71
-12
-85
-155
-211
-262
-310
-348
-382
-407
-421
-423
-417
-402
-383
-358
-330
-302
-274
-245
-222
-208
-202
-208
-221
-245
-282
-320
-363
-413
-468
-532
-601
-666
-732
-793
-850
-899
-940
-973
-988
-997
-1000
-995
-979
-945
-902
-848
-785
-719
-641
-561
-474
-385
-298
-207
-114
-28
56
142
224
301
366
423
476
520
558
591
616
633
659
670
681
691
686
688
685
680
687
694
705
718
724
736
752
766
784
802
824
836
856
862
864
867
848
832
792
742
683
611
530
435
342
233
132
27
-79
-172
-276
-366
-445
-531
-604
-671
-725
-772
-812
-828
-840
-847
-852
-844
-833
-818
-789
-771
-743
-720
-708
-689
-684
-680
-678
-676
-678
-678
-679
-688
-692
-704
-701
-696
-696
-680
-665
-649
-610
-572
-527
-462
-388
-300
-200
-99
11
128
251
374
494
607
715
816
900
983
1046
1100
1149
1175
1198
1211
1213
1211
1194
1175
1145
1097
1049
993
923
854
775
699
626
547
467
391
318
246
182
119
61
10
-34
-68
-102
-136
-158
-185
-204
-216
-234
-248
-263
-281
-304
-335
-372
-411
-452
-504
-559
-611
-663
-717
-768
-821
-870
-910
-943
-965
-977
-976
-968
-959
-939
-914
-876
-835
-783
-721
-658
-593
-531
-464
-394
-325
-258
-196
-130
-65
-10
47
91
139
180
208
243
261
291
330
356
391
420
453
491
518
549
582
623
662
701
744
783
811
842
870
888
906
915
921
925
920
909
885
866
841
806
768
720
671
620
560
493
416
340
261
174
97
20
-60
-135
-212
-288
-358
-422
-481
-532
-587
-632
-673
-709
-738
-770
-793
-813
-829
-841
-846
-847
-841
-824
-806
-778
-754
-730
-694
-660
-617
-577
-537
-495
-450
-416
-392
-371
-349
-322
-301
-280
-263
-247
-235
-224
-212
-201
-185
-169
-148
-125
-105
-76
-40
-6
28
69
117
168
226
289
351
411
473
535
596
651
698
737
773
811
831
848
858
860
867
856
846
837
823
811
785
760
735
702
674
640
598
560
523
482
443
395
345
302
252
199
145
97
50
3
-43
-88
-133
-178
-219
-252
-288
-324
-358
-394
-419
-448
-485
-519
-564
-605
-638
-678
-722
-760
-795
-833
-860
-893
-917
-939
-961
-969
-973
-968
-959
-946
-928
-904
-873
-837
-801
-756
-714
-665
-609
-559
-504
-444
-389
-332
-274
-217
-157
-91
-19
46
117
187
256
333
409
486
561
629
698
769
838
909
973
1032
1085
1130
1177
1218
1249
1275
1290
1296
1291
1278
1256
1226
1184
1124
1063
991
918
848
768
685
597
504
415
324
230
140
49
-36
-118
-197
-267
-336
-404
-466
-521
-566
-611
-658
-699
-730
-748
-763
-774
-782
-788
-791
-789
-779
-769
-760
-750
-741
-736
-730
-720
-715
-711
-702
-702
-697
-692
-683
-665
-653
-637
-618
-589
-554
-516
-481
-453
-411
-374
-333
-286
-243
-198
-154
-103
-52
-5
51
106
156
207
256
309
366
418
478
536
577
620
659
688
719
738
759
773
778
788
783
778
764
750
735
714
689
657
629
596
561
524
491
463
432
408
379
353
324
301
280
250
228
198
172
145
110
87
54
6
-40
-94
-148
-203
-264
-324
-378
-429
-478
-520
-558
-590
-618
-647
-663
-669
-672
-661
-652
-639
-614
-586
-545
-500
-459
-411
-368
-326
-280
-243
-209
-182
-165
-145
-132
-125
-124
-135
-149
-161
-176
-191
-202
-211
-216
-226
-235
-235
-235
-226
-205
-183
-156
-122
-82
-37
8
55
107
164
229
291
347
405
463
520
570
608
650
693
723
743
748
749
744
734
720
696
669
628
586
540
491
451
406
355
302
259
219
175
135
100
67
36
8
-25
-55
-87
-117
-155
-194
-220
-257
-295
-332
-372
-412
-446
-471
-498
-515
-535
-554
-566
-578
-577
-584
-586
-585
-586
-574
-573
-562
-548
-535
-510
-489
-460
-438
-413
-379
-350
-313
-283
-247
-203
-164
-106
-70
-40
-2
24
63
92
121
163
193
222
242
260
286
313
346
376
407
428
444
455
457
473
489
516
540
553
563
555
545
533
525
532
540
546
536
509
476
439
401
377
368
358
341
305
257
208
156
110
77
68
55
29
0
-55
-110
-165
-217
-246
-270
-282
-308
-351
-398
-454
-498
-529
-534
-520
-514
-518
-537
-556
-572
-576
-547
-507
-465
-434
-433
-443
-459
-461
-436
-400
-361
-317
-285
-272
-267
-269
-252
-228
-197
-156
-124
-101
-94
-95
-93
-90
-75
-50
-23
10
32
42
57
79
114
159
210
265
313
357
400
444
491
526
563
598
629
664
684
697
700
693
701
708
710
705
691
675
653
625
596
557
521
492
460
417
366
313
267
219
167
113
55
-5
-65
-121
-181
-244
-306
-368
-430
-486
-542
-587
-621
-656
-688
-717
-738
-748
-749
-751
-752
-752
-740
-712
-688
-669
-646
-619
-576
-532
-489
-442
-399
-355
-311
-261
-211
-163
-113
-69
-29
14
57
92
125
155
176
202
230
255
274
285
294
300
315
324
329
333
329
331
331
336
347
353
356
349
346
353
359
367
365
359
350
353
353
338
326
305
288
280
259
243
219
197
178
147
119
92
67
43
14
-18
-46
-67
-92
-118
-143
-174
-206
-242
-267
-287
-306
-326
-355
-375
-387
-400
-403
-404
-402
-394
-387
-376
-366
-354
-338
-327
-314
-296
-277
-249
-233
-210
-188
-170
-151
-141
-122
-108
-92
-74
-58
-38
-22
-6
11
27
52
72
93
113
132
156
174
198
216
233
255
269
287
304
322
344
365
385
398
409
418
429
438
447
452
449
445
435
424
409
392
369
339
304
266
233
198
154
108
56
2
-39
-82
-120
-151
-205
-250
-292
-326
-345
-375
-395
-410
-420
-424
-425
-428
-425
-419
-410
-397
-389
-370
-351
-338
-321
-315
-300
-288
-279
-262
-247
-236
-223
-212
-205
-193
-187
-186
-181
-173
-161
-151
-146
-147
-142
-126
-109
-88
-76
-55
-29
-6
24
41
63
87
110
139
165
191
214
238
266
292
317
346
371
395
419
442
465
484
511
543
566
583
594
607
620
635
644
646
642
635
625
601
579
552
522
484
437
386
329
270
206
131
61
2
-64
-129
-198
-264
-327
-391
-448
-504
-555
-595
-629
-661
-687
-712
-745
-771
-788
-796
-794
-788
-784
-777
-763
-736
-707
-674
-630
-585
-541
-496
-446
-394
-349
-306
-264
-222
-184
-149
-108
-73
-31
15
52
89
120
151
186
215
246
277
305
330
359
387
412
435
456
478
494
509
530
540
548
557
557
559
559
548
533
517
497
477
454
437
412
382
358
324
297
264
241
225
196
171
143
118
93
61
34
3
-26
-50
-79
-110
-139
-169
-202
-226
-244
-262
-274
-296
-317
-326
-344
-349
-355
-361
-354
-350
-341
-331
-326
-315
-297
-275
-262
-241
-229
-218
-198
-189
-174
-170
-164
-155
-164
-154
-164
-182
-193
-221
-227
-240
-241
-240
-244
-229
-220
-192
-169
-139
-108
-91
-56
-26
17
58
105
159
192
231
252
288
310
330
365
372
393
393
388
386
372
371
353
347
321
289
267
227
216
186
169
157
133
134
114
111
102
97
109
92
90
75
66
68
52
51
32
23
15
-6
-17
-36
-44
-54
-64
-68
-81
-89
-97
-113
-126
-144
-162
-173
-193
-211
-231
-261
-287
-301
-318
-328
-332
-330
-325
-321
-304
-287
-269
-239
-212
-178
-143
-109
-60
-28
7
35
51
72
83
100
110
115
121
120
120
112
104
95
86
82
73
64
55
41
35
32
23
28
38
44
59
76
92
104
112
131
140
148
158
157
157
157
148
142
131
123
116
101
89
75
63
61
56
46
39
36
30
30
27
22
20
17
17
8
-2
-10
-22
-27
-37
-50
-63
-80
-91
-105
-121
-135
-151
-158
-171
-174
-171
-175
-171
-171
-166
-160
-152
-137
-126
-112
-98
-86
-70
-55
-41
-21
-1
20
32
43
56
61
75
77
81
87
84
92
91
86
85
81
80
74
65
60
49
39
35
30
21
15
5
-3
-3
-7
-8
-12
-19
-15
-10
4
13
18
15
9
11
12
18
27
30
30
19
15
16
13
13
13
14
14
14
16
17
13
9
13
10
7
12
14
11
6
-1
-4
2
0
-4
-15
-23
-27
-25
-22
-24
-20
-23
-30
-32
-36
-37
-36
-40
-40
-43
-43
-42
-43
-37
-34
-32
-29
-30
-17
-4
5
12
10
18
19
22
22
15
14
12
7
3
8
9
9
2
-1
4
8
13
20
21
17
12
5
8
5
5
5
1
0
-8
-14
-18
-22
-19
-16
-10
2
13
22
25
19
14
9
4
6
4
10
12
8
15
15
20
20
15
17
18
28
33
38
44
39
38
36
30
28
28
34
38
42
42
32
16
7
1
-9
-3
2
8
11
1
-12
-25
-39
-47
-51
-50
-41
-41
-44
-49
-57
-61
-71
-78
-77
-71
-62
-59
-60
-66
-77
-79
-85
-83
-80
-76
-66
-53
-43
-36
-35
-44
-44
-39
-34
-28
-21
-9
-2
6
14
16
11
15
25
34
56
74
87
99
108
107
111
114
117
122
125
136
132
122
128
123
119
117
115
116
108
107
106
97
88
74
64
55
42
28
10
-11
-34
-48
-68
-84
-98
-112
-120
-129
-124
-116
-112
-107
-106
-106
-103
-95
-82
-62
-50
-43
-43
-45
-47
-44
-34
-28
-23
-19
-31
-40
-49
-56
-46
-40
-39
-42
-50
-55
-58
-53
-40
-38
-36
-34
-38
-44
-48
-47
-35
-24
-12
-8
-10
-20
-29
-22
-11
11
29
35
34
22
12
9
24
48
66
84
84
77
72
65
69
74
82
95
98
95
87
80
78
80
90
100
103
94
86
78
75
82
88
95
99
96
87
74
68
75
80
87
82
64
45
20
-2
-11
-21
-22
-29
-45
-64
-97
-121
-129
-130
-124
-128
-146
-172
-198
-205
-202
-192
-183
-180
-180
-194
-194
-187
-176
-145
-127
-119
-111
-114
-101
-81
-61
-33
-19
-9
5
13
18
32
43
57
68
70
75
76
77
77
85
102
113
117
111
107
110
120
132
145
146
139
133
132
142
152
156
154
150
145
134
129
121
113
107
97
94
91
80
67
45
24
17
9
4
-7
-27
-43
-59
-70
-82
-90
-87
-89
-95
-103
-115
-126
-132
-122
-120
-119
-113
-123
-127
-127
-129
-132
-140
-135
-130
-128
-122
-122
-124
-129
-131
-132
-128
-125
-126
-125
-128
-124
-107
-92
-87
-79
-71
-60
-40
-19
1
15
24
45
59
75
94
106
115
119
134
151
166
179
183
194
202
202
201
199
196
193
199
205
203
209
208
198
185
173
167
165
165
165
159
147
131
118
115
116
115
110
97
73
51
22
-18
-56
-72
-81
-102
-121
-149
-177
-204
-226
-235
-245
-252
-255
-270
-281
-292
-293
-276
-272
-266
-253
-242
-231
-223
-213
-201
-189
-172
-150
-132
-116
-99
-84
-64
-45
-20
-4
8
22
35
50
58
71
81
87
101
103
106
115
121
126
125
128
137
142
140
136
137
138
139
135
128
128
121
118
116
111
110
116
114
113
115
116
117
119
122
122
124
125
121
122
126
127
120
113
109
103
103
94
83
67
50
36
21
4
-17
-38
-62
-78
-95
-111
-127
-144
-163
-177
-190
-202
-212
-227
-240
-245
-257
-269
-281
-293
-297
-304
-307
-311
-319
-316
-310
-306
-297
-289
-279
-262
-247
-225
-205
-177
-148
-127
-101
-76
-45
-16
6
34
61
91
120
138
160
179
197
218
233
249
262
274
287
295
304
315
326
333
334
338
342
343
349
353
350
341
330
322
316
303
289
279
263
250
238
219
210
191
169
153
128
117
106
87
71
49
31
10
-18
-44
-79
-111
-146
-183
-217
-250
-279
-309
-339
-367
-393
-415
-432
-443
-455
-469
-480
-481
-467
-460
-454
-446
-438
-426
-403
-375
-350
-321
-294
-261
-231
-191
-148
-115
-76
-45
-12
29
67
109
151
176
197
218
244
272
297
317
333
349
358
360
361
350
341
329
311
298
283
273
257
234
207
180
154
134
115
100
89
85
84
77
82
83
81
88
100
110
115
120
120
117
118
105
88
75
57
38
24
-2
-21
-43
-66
-79
-95
-113
-132
-148
-172
-189
-198
-203
-207
-210
-213
-222
-232
-238
-242
-233
-220
-222
-243
-260
-254
-243
-228
-214
-208
-213
-214
-197
-165
-124
-95
-71
-53
-33
-6
31
69
95
111
126
142
165
192
216
226
228
224
219
218
215
221
225
220
203
184
171
167
172
161
133
97
67
54
54
51
35
4
-26
-45
-51
-41
-32
-37
-51
-66
-81
-79
-73
-71
-71
-81
-85
-84
-81
-72
-71
-71
-71
-69
-63
-58
-45
-39
-40
-35
-31
-23
-11
-2
3
6
7
3
0
-5
-10
-9
-9
-5
-3
-1
-4
-13
-14
-17
-17
-9
-7
-6
-9
-9
-6
1
8
11
15
10
8
5
3
10
18
18
17
13
18
26
25
28
27
24
24
23
28
37
47
43
38
34
38
47
49
57
57
54
53
47
41
34
23
14
3
-8
-19
-33
-46
-63
-77
-82
-88
-92
-92
-91
-87
-84
-88
-85
-76
-72
-67
-61
-57
-46
-34
-26
-21
-17
-10
4
11
19
30
37
42
43
52
66
68
63
61
67
67
68
68
66
69
61
57
53
44
38
23
17
11
2
-3
-12
-21
-31
-31
-28
-27
-19
-20
-18
-15
-17
-16
-15
-17
-13
-7
-2
4
9
10
13
7
-2
-9
-12
-14
-17
-16
-18
-18
-25
-29
-29
-28
-27
-30
-29
-30
-27
-31
-37
-39
-50
-58
-64
-65
-65
-66
-59
-53
-45
-32
-16
0
10
18
23
22
24
24
26
21
14
13
16
28
49
69
87
103
122
140
150
157
155
143
132
115
92
65
32
3
-20
-39
-44
-48
-49
-44
-36
-33
-24
-19
-17
-12
-15
-14
-19
-29
-27
-36
-43
-44
-43
-40
-37
-36
-39
-42
-38
-32
-27
-22
-21
-19
-25
-28
-22
-22
-27
-32
-38
-45
-54
-62
-67
-68
-70
-64
-57
-48
-37
-30
-19
-10
3
10
7
10
9
11
6
3
4
2
2
2
12
15
8
13
15
17
20
23
30
33
44
51
59
75
88
98
93
90
89
87
77
58
40
26
21
16
11
15
17
15
23
24
28
30
22
25
20
7
4
0
1
-1
-10
-16
-20
-28
-33
-25
-21
-20
-21
-24
-21
-22
-23
-21
-24
-27
-34
-37
-43
-49
-46
-45
-39
-40
-42
-47
-53
-59
-70
-75
-83
-83
-80
-77
-71
-67
-68
-72
-73
-65
-61
-56
-43
-32
-33
-32
-29
-25
-18
-24
-18
-10
-1
20
32
44
55
62
68
75
85
94
106
117
124
125
126
124
116
104
91
83
78
76
78
78
76
71
60
50
41
31
21
