-10
-19
-23
-28
-25
-27
-27
-29
-27
-22
-27
-25
-23
-26
-21
-30
-31
-29
-37
-32
-36
-38
-30
-31
-27
-20
-18
-13
-5
-5
-2
0
3
8
8
3
5
3
1
6
9
12
12
13
14
14
19
24
26
28
28
29
32
35
33
30
28
23
28
28
27
29
24
27
26
26
29
27
26
32
31
28
26
24
28
26
25
27
23
25
22
19
16
8
4
-2
-5
-10
-15
-20
-28
-33
-36
-45
-54
-50
-56
-56
-57
-63
-60
-58
-57
-59
-63
-60
-54
-53
-50
-46
-45
-48
-47
-50
-48
-42
-32
-20
-20
-15
-7
-7
-1
3
10
15
19
25
24
30
33
36
39
39
44
44
40
35
33
33
30
33
34
37
38
37
38
38
41
39
39
37
35
32
29
29
26
25
21
15
9
5
1
-5
-9
-11
-15
-18
-20
-19
-21
-18
-21
-22
-20
-21
-17
-20
-19
-17
-11
-2
1
6
3
5
12
13
15
12
9
5
-4
-12
-23
-32
-37
-44
-46
-45
-43
-40
-39
-40
-41
-35
-28
-25
-16
-5
-1
2
4
7
11
9
12
15
12
10
6
6
4
6
3
-3
-1
-4
0
2
2
7
4
6
8
8
20
24
30
29
30
31
34
39
42
46
43
41
40
37
35
25
18
15
7
5
-1
-5
-4
-7
-13
-16
-16
-16
-15
-16
-22
-19
-20
-21
-18
-13
-14
-16
-11
-15
-10
-12
-17
-18
-15
-12
-11
-9
-9
-7
-8
-2
-2
-2
-3
-6
-4
-8
-7
-6
-7
-5
-8
-7
-8
-5
-7
-7
-6
-11
-11
-13
-9
-10
-9
-4
-6
-1
1
2
1
9
14
16
21
19
24
14
9
12
4
7
6
6
10
9
8
4
5
6
4
7
3
4
2
0
7
6
5
7
3
10
15
15
19
17
17
22
13
12
13
16
17
10
10
9
7
9
7
4
0
-5
-4
-4
-6
-4
-5
-7
-5
-1
-3
-9
-14
-20
-19
-19
-21
-18
-17
-21
-30
-35
-39
-37
-42
-48
-45
-43
-37
-30
-29
-28
-25
-25
-23
-18
-15
-14
-9
-11
-12
-4
-3
6
8
5
10
13
9
14
17
11
14
17
26
38
38
46
50
50
55
58
62
67
67
64
67
66
64
64
62
61
57
54
49
41
34
21
9
-2
-13
-21
-29
-35
-40
-51
-59
-60
-65
-62
-63
-66
-59
-58
-57
-56
-50
-46
-43
-41
-35
-28
-23
-16
-13
-8
-7
-3
0
1
4
3
7
2
5
10
10
14
9
8
5
1
-1
-8
-9
-6
0
-3
-5
-2
0
2
1
12
20
23
19
18
19
18
22
16
15
13
10
12
12
12
8
6
5
3
6
6
6
7
3
-3
-7
-15
-15
-13
-16
-15
-13
-14
-11
-3
-1
1
4
2
5
2
3
6
8
16
25
24
22
21
19
16
13
4
1
-1
-4
-8
-17
-14
-15
-14
-8
-15
-15
-10
-14
-8
-10
-19
-19
-21
-16
-7
-4
-4
-1
0
0
-1
-3
-5
1
-4
-2
3
4
10
2
-1
1
2
14
14
3
2
-5
1
5
1
7
7
6
6
5
9
7
4
2
7
8
4
2
-3
-2
0
-3
-4
-1
2
5
10
7
11
11
6
10
3
2
1
-2
3
-5
-5
-6
-16
-11
-6
-2
0
-5
-8
-10
-14
-13
-8
-11
-8
-11
-11
-4
-3
-5
-5
-10
-7
3
5
4
6
6
10
9
10
13
12
11
12
7
6
2
-5
-1
2
4
1
-1
1
-2
-9
-8
1
16
18
8
5
-6
-15
-22
-28
-18
-9
-1
3
-2
-7
-7
-20
-31
-15
0
12
18
6
3
-3
-13
-9
2
23
39
34
19
5
5
2
-6
-3
19
36
32
16
8
11
9
-2
-3
17
35
23
6
13
14
-8
-28
-28
-4
8
-4
-10
-8
-10
-22
-34
-26
-1
4
-10
-15
-15
-7
-10
-22
-18
-11
-2
-1
-2
6
9
8
4
-4
1
11
7
-4
-6
-5
-7
-5
-6
-11
-1
3
4
5
-6
-9
0
3
-4
-10
3
12
3
-12
5
18
9
-7
-16
-1
5
-5
-7
13
26
12
6
12
14
2
-5
5
19
18
6
8
10
2
0
-3
2
13
17
9
-2
-10
-20
-15
-14
-13
-1
12
9
-11
-17
-9
2
-8
-12
10
33
25
-8
-8
14
8
-11
-12
6
3
-11
-21
-22
-13
-4
1
-5
-3
5
5
-8
-25
-3
19
11
-13
-5
24
14
-26
-40
-13
-1
-20
-32
-6
20
9
-17
-31
-15
-5
-14
-8
2
19
28
24
0
-11
17
26
8
-3
26
61
36
-7
-6
23
24
-13
-16
30
39
8
-6
7
15
-18
-36
-7
15
-10
-35
-4
19
-13
-35
-7
22
4
-19
-7
15
16
-3
-28
-5
38
13
-43
-17
50
32
-24
-24
15
28
-26
-67
-20
62
32
-58
-18
79
45
-86
-58
59
39
-37
-32
58
67
10
-43
-38
18
8
-35
-52
24
59
4
-31
-51
-14
0
-18
-49
-18
88
56
-60
-75
28
26
-63
-32
32
55
27
-14
-38
-11
31
-13
-46
10
83
50
-21
-24
-6
18
11
-6
-16
39
90
-1
-72
-19
55
18
-51
-8
48
70
1
-65
-14
39
-7
-84
-21
62
8
-41
-4
21
-17
-11
-1
-34
-8
37
13
-24
9
41
-6
-23
6
11
-3
1
6
2
14
-1
-10
17
13
-47
-39
55
41
-59
-58
34
72
-60
-97
53
60
-20
-70
-7
78
-23
-71
-15
52
33
-78
16
83
-25
-46
19
90
2
-89
43
84
-2
-61
-11
87
-1
-27
20
-4
23
7
-27
-18
-20
1
29
42
-78
-83
98
36
-117
-60
32
93
65
-118
-138
88
176
-20
-260
-68
376
147
-393
-194
340
244
-218
-318
132
453
-32
-444
-43
349
209
-210
-368
174
490
-132
-491
-16
355
197
-305
-439
252
532
-224
-548
112
456
40
-397
-228
284
300
-174
-312
28
298
136
-197
-251
110
348
71
-361
-228
383
369
-287
-503
179
587
-129
-586
52
472
40
-382
-90
168
44
5
-10
-134
-27
278
104
-339
-222
251
321
-71
-416
17
495
100
-450
-280
352
452
-247
-529
184
578
-136
-495
9
339
234
-225
-309
64
306
161
-364
-365
468
538
-474
-642
432
541
-260
-494
89
561
97
-505
-322
457
430
-454
-373
413
327
-262
-283
51
160
193
-243
-172
248
92
-173
-153
119
100
-90
-85
72
101
-144
-42
23
5
187
-245
-173
365
159
-414
-197
422
194
-296
-276
180
464
-250
-477
225
356
-117
-295
203
67
-162
97
-15
-129
-34
289
135
-368
50
81
-36
25
-168
45
213
186
-284
-204
333
-162
-173
100
107
233
-165
-124
143
136
-287
-237
476
51
-119
141
-288
161
327
-456
-373
511
392
-409
-242
246
351
-136
-622
215
665
-455
-471
572
321
-450
-221
310
258
-203
-393
-141
566
299
-722
-246
807
348
-845
-425
516
288
-215
-292
19
486
140
-356
-387
102
396
-39
-251
-120
371
445
-393
-589
143
484
41
-658
110
640
68
-454
-218
317
92
-288
54
-21
91
265
17
-441
82
387
-351
-217
313
-197
138
468
-419
-316
376
108
-322
-269
100
539
-72
-130
-208
84
292
-180
-654
145
792
-160
-502
512
29
-205
-2
-246
128
-38
105
275
-32
-222
160
361
-443
-584
540
298
-268
-110
174
508
-284
-481
62
89
114
29
-383
317
644
-211
-688
230
240
-350
43
123
-66
191
358
-155
-745
215
657
-636
-531
611
482
-246
-246
-49
305
-2
-612
75
426
148
-378
-109
710
117
-1231
114
1186
-638
-711
713
300
-70
-294
-272
323
143
-167
-376
252
347
160
-738
-59
920
-369
-809
410
744
-374
-762
660
293
-481
112
-219
15
482
139
-715
-112
848
145
-679
-340
576
444
-314
-294
-160
496
749
-911
-780
843
895
-980
-648
893
476
-478
-270
-200
274
545
-477
-623
750
739
-876
-807
605
728
-639
-668
914
609
-872
-403
377
183
-330
-220
182
933
-126
-1051
112
770
-343
-855
312
786
-118
-73
-447
50
448
-453
-268
-53
506
68
-283
-85
-11
419
-45
-618
133
268
243
-203
-208
291
358
-129
-326
-35
23
572
-288
-752
991
689
-1153
-272
555
63
220
-235
-782
938
1056
-1461
-497
650
534
5
-923
48
1441
-365
-1149
194
504
43
16
-361
102
734
-257
-572
136
436
-443
-206
466
314
-216
-305
157
79
-16
-288
-154
273
81
59
-930
348
1064
-1018
-808
430
628
-161
-1013
331
404
-75
-698
62
678
-206
-176
-370
49
732
-436
-336
96
561
114
-683
23
353
160
-178
-431
136
939
-175
-893
-13
664
62
-7
-531
333
1029
-636
-1046
1043
420
-597
32
-31
686
493
-890
-369
874
-151
-211
-20
433
328
-268
-461
210
569
-374
-695
432
1046
-473
-859
578
666
-617
-797
262
839
-247
-208
-269
18
800
-375
-880
88
438
281
-801
-128
919
497
-1214
-612
1069
127
-664
-596
608
1092
-572
-1020
822
417
-585
-929
463
704
439
-795
-312
1013
187
-919
-432
445
651
-70
-609
239
677
162
-1009
-415
711
378
-685
-306
858
320
-800
-446
116
443
-179
-548
50
779
-24
-446
-589
325
460
-624
-678
943
586
-190
-682
314
278
-453
276
-373
504
607
-165
-199
586
53
-502
129
447
-184
394
256
-69
364
-400
327
445
-939
-33
1029
-288
-296
501
-188
-215
307
-458
-16
208
-111
29
-304
-79
790
-300
-858
151
173
-439
255
252
-630
-171
43
156
-6
-380
-683
173
627
-612
-492
347
396
-676
-676
703
375
-693
-398
220
318
208
-622
-57
617
68
-837
265
835
-330
-769
197
773
154
-621
-460
812
140
-732
85
621
-40
-427
-74
440
234
-340
-261
184
604
-344
-285
438
484
-513
-276
623
-142
280
-152
-180
758
-41
-305
325
-18
341
104
-674
149
1622
-671
-1134
994
820
-248
-1235
712
1215
-961
-649
1062
316
-567
-542
599
-101
249
-394
-601
640
94
-84
-93
-627
-123
1317
-796
-877
163
744
429
-1156
-767
1252
542
-1467
-876
1301
351
-912
-398
-85
1090
-393
-1149
-207
1025
194
-790
-668
422
957
-637
-1249
468
1378
-1203
-651
772
159
193
-402
-848
896
1006
-1036
-1272
1637
1278
-1654
-649
1411
906
-1285
-200
843
349
-391
-90
768
-321
161
80
-362
691
346
-407
-272
351
569
-653
-21
281
338
260
-455
-62
-322
-13
603
-11
-451
478
-17
-218
-277
-187
81
150
-43
-245
375
416
-515
-703
-371
759
717
-971
-729
597
934
-191
-849
-138
195
-383
100
99
304
483
-542
-893
502
1002
-852
-1407
501
1470
118
-1134
-440
1020
-455
-567
832
-281
-377
410
-269
-336
1030
47
-1017
87
321
-207
328
107
-391
209
642
-237
-390
281
-466
194
765
-20
-24
32
398
52
-889
79
1496
-287
-1063
1204
539
-582
73
105
-69
291
-340
-171
893
775
-836
-498
173
703
-260
-1291
702
964
-316
-437
369
278
-1000
-307
503
-586
108
396
19
-149
-599
145
-179
-1302
341
1420
-1100
-1366
951
687
-571
-938
-724
1131
431
-2439
-556
2377
331
-2489
-717
1368
1240
-1222
-2252
617
1781
-590
-1374
435
1645
-132
-1663
-412
1766
1105
-1788
-573
1918
1320
-575
-849
1125
642
-736
185
1021
695
182
454
395
-241
319
775
-224
-512
803
1349
619
-960
-547
1849
274
-1837
278
1903
160
-1090
-323
1239
1212
-1578
-1603
1659
1229
-2002
-668
1902
247
-1683
-1099
1181
1140
-1824
-1536
836
200
-961
-416
-194
-670
-809
1
-722
-839
490
-1016
-1442
256
272
-794
-1442
-15
588
-721
-469
170
89
-664
-333
382
-147
320
146
-187
640
179
176
240
-256
822
705
64
285
575
799
-33
-218
525
940
844
-779
159
1358
-162
406
226
-223
710
336
-268
456
1130
4
-586
21
848
968
-511
-616
383
941
-2
9
361
-288
-628
268
90
-164
185
-214
-748
290
653
-700
-1302
-523
310
-235
-145
-660
148
229
-1454
-932
329
-210
-907
-805
414
999
-508
-1410
-388
558
-772
-878
349
411
99
-138
-147
399
-627
-1023
333
281
137
195
164
366
-9
-137
-411
-163
14
435
542
59
731
155
-538
183
29
135
336
212
410
476
495
-21
190
-219
164
750
793
108
-843
587
1431
-191
281
782
-346
-287
608
665
397
-580
-309
1277
964
-335
-573
-272
-277
-320
189
640
-258
-669
-31
-139
-407
-276
-753
-1050
-500
348
31
-311
-447
-326
-610
-649
-101
-352
-639
-429
24
448
145
191
-662
-936
-54
-545
-169
1308
506
-1145
178
666
-777
-433
222
-192
330
313
734
375
-919
-283
58
-471
350
1160
735
-289
-317
320
277
-237
-643
536
1210
518
275
664
-69
-652
-115
353
699
1125
110
-392
975
418
-906
51
725
285
-313
33
697
42
-756
-200
582
122
-565
-501
437
104
-1174
-504
1105
824
-1238
-1462
306
235
-554
-355
264
812
80
-1187
-768
98
-437
-564
440
975
212
-539
-260
-123
-646
-1069
-91
1513
786
-353
-47
-69
-585
-1106
-253
1467
477
-890
343
918
-293
-1065
-675
126
507
-224
-56
1132
163
-1382
-601
650
179
-636
-90
552
515
72
-27
149
-173
-406
-63
472
747
538
-151
364
1054
-267
-941
305
777
268
196
698
1029
159
-1004
-642
337
342
-6
147
624
181
-454
-157
-175
-761
-411
93
250
552
309
-396
-505
-304
-557
-175
334
-225
-228
430
307
-176
-412
-196
-421
-679
84
628
55
-224
13
-98
-503
-460
-148
-286
-203
122
119
8
-42
-315
-612
-326
86
86
-88
-108
238
197
-78
-152
-193
-197
-279
77
512
264
-179
-7
383
135
-68
-253
52
590
295
108
100
174
35
135
610
-90
-339
364
456
213
87
219
241
366
397
311
343
121
202
267
237
698
600
3
411
708
7
-198
-105
-365
-461
-234
121
213
-591
-1228
-771
-878
-985
-390
-435
-372
-389
-455
-89
491
1109
646
650
1176
1041
1311
1289
1463
1492
715
894
1259
816
-443
-1655
-1480
-1285
-1280
-1266
-2258
-2922
-3253
-3708
-3289
-2813
-2888
-2913
-2451
-1764
-1045
-752
-1295
-931
-95
566
1661
2234
2708
2698
2333
2662
2635
2676
3417
3477
2584
2187
2140
1660
1353
747
-12
-228
-257
-276
-312
-473
-1062
-1258
-1076
-991
-352
-40
-144
189
614
917
1047
952
888
1231
1465
1542
1762
1454
1150
1255
1185
839
515
289
-118
-269
-142
-624
-1210
-1530
-2270
-2785
-2508
-2356
-2420
-2767
-3133
-3044
-3208
-2938
-2133
-887
481
743
976
698
166
1564
3677
5265
4777
2782
1780
890
319
-213
-192
614
-711
-1771
-1311
-1787
-4553
-8806
-9245
-6150
-3476
-2759
-4345
-5328
-5836
-6088
-4589
-2041
362
474
982
3986
6643
7842
6470
4790
5558
6831
8003
9364
9730
8295
5641
3412
2659
3019
2512
-77
-1485
-906
-779
-255
-734
-2296
-4274
-6880
-6262
-4262
-2565
-859
-1231
-1033
-849
-905
-124
-672
-1210
-1087
986
3894
4923
4766
1810
-735
-1017
-1222
281
1154
992
959
478
314
-1381
-3221
-4087
-4265
-2641
-1052
485
759
-1101
-2299
-2660
-2153
-1420
-1130
-496
-75
123
484
883
228
-853
-1265
-1354
24
801
785
795
-1027
-1948
-2252
-1513
903
1647
1506
1378
3656
6527
6601
4904
1127
-479
-62
763
3548
4825
3531
-1007
-4651
-3431
-2758
-5046
-8931
-9468
-5199
-2494
-2803
-4677
-7078
-9191
-9981
-6635
-1260
2303
3263
2493
3381
5955
6456
5279
5007
6579
8617
9500
10327
10549
8198
3986
638
347
1534
1242
-159
-1004
-1235
-2098
-3411
-3744
-3850
-4294
-4676
-4342
-1831
223
199
-38
-606
-28
1057
1139
1690
2284
1847
1156
1754
2304
1502
-288
-2246
-2103
-1015
-615
-909
-1413
-1418
-2381
-3092
-2873
-2857
-2758
-2946
-2058
-549
34
346
-170
-479
359
1120
1992
2629
2212
1570
1383
1747
1741
1169
536
-912
-1356
-616
-720
-1333
-2796
-3766
-3986
-2895
-453
1040
1299
370
2470
6770
7736
4485
-303
-646
1214
1854
3034
4153
3825
-1760
-6591
-5155
-3414
-6204
-11277
-10071
-4190
-1330
-3750
-7913
-9360
-10234
-9673
-5183
1040
5492
4758
3381
5119
8009
8766
6726
6334
8765
11567
12280
11065
8750
5126
737
-2336
-1423
903
-60
-2904
-4907
-4518
-3694
-4560
-5074
-4247
-2411
-779
741
2761
3254
2075
649
979
3733
5200
4145
2699
2336
2063
613
-643
-1249
-1879
-2903
-3670
-2739
-2086
-2976
-4830
-5656
-4528
-3385
-2922
-3269
-2705
-1770
-1865
-1251
-524
182
837
614
1736
2747
3351
3228
2123
2238
2065
1910
2111
461
83
-1143
-1864
673
-1639
-1397
136
-2471
-3737
-3663
-2839
-2575
-726
2206
3374
4949
6791
9270
6715
560
-1760
-1209
2154
3548
4557
4530
945
-5398
-9031
-7862
-7495
-9988
-11833
-6937
-468
-341
-5341
-10593
-12349
-10790
-7071
417
6726
8468
7135
6028
7309
8843
7875
5808
7108
11606
14319
12747
9187
4198
-389
-3673
-4463
-1650
270
-1312
-4593
-6005
-4908
-4604
-5223
-4917
-1372
2285
3754
3271
1421
1525
129
-706
1907
3688
4320
1406
-1201
-135
-1420
-4622
-6388
-4523
-2159
-1034
-1995
-4035
-4189
-5245
-5003
-2119
714
2586
1485
445
2347
3618
2468
592
1016
3349
5544
5954
4946
3562
1202
-1596
-2144
-709
109
-307
-1946
-3161
-2578
-1744
-1987
-2905
-3011
-2163
-1606
-1031
-1178
-2143
-1589
-225
2902
8624
12521
12536
5819
-2487
-4288
-1424
1816
2341
3500
4260
-8
-5399
-8627
-9651
-12772
-16219
-11011
-380
5589
729
-8739
-13531
-13078
-9216
-3953
2465
7259
8329
8130
7959
8140
6048
2244
2303
7205
14144
16742
12916
6314
-455
-4136
-4998
-3706
-1382
-775
-1664
-3343
-3630
-3567
-4849
-6705
-5933
698
6435
9011
7385
2566
661
-1112
382
3536
3924
3231
-383
-1162
-963
-3270
-6973
-10270
-7605
-4004
-834
-657
-3506
-4538
-6151
-4225
-612
1852
3524
1587
2079
4237
5333
4867
1256
371
2552
5382
7080
5886
3089
-145
-2850
-3438
-1434
-49
-202
-1019
-962
-48
-1186
-2359
-3208
-2559
-345
654
1383
-191
-2289
-2881
-1241
4015
9301
12089
9161
1979
-3182
-4185
-3180
-2767
-1177
2279
3423
216
-5016
-9550
-13493
-16657
-14054
-4691
3951
4505
-2906
-9969
-11725
-9811
-6377
-2676
2058
5864
8318
9706
9156
6462
1567
-666
2994
10409
16040
15469
10139
3497
-1706
-3823
-3438
-1853
-321
12
-397
-675
-1266
-3261
-5812
-6265
-1936
4696
8143
7687
3854
721
-914
-1469
776
2334
2902
778
-1632
-1679
-3322
-5968
-8985
-8217
-4451
-1458
-38
-1970
-3235
-3634
-2240
830
2401
3405
2601
1974
3718
5178
4596
2203
-208
-409
1980
3391
2813
1375
-1245
-2415
-3070
-3386
-2751
-3342
-3111
-3134
-1405
1329
1987
1680
-652
-137
707
1041
760
-175
3060
7127
13454
15072
8926
-477
-8959
-8308
-4558
-326
2343
2019
233
-3595
-5389
-8925
-15209
-19748
-15342
-1020
10328
9834
-1768
-12896
-15746
-12206
-4633
1734
5598
6737
6793
8436
9095
5685
-1428
-5657
-1579
8727
16190
16161
10125
1605
-4272
-6893
-5693
-2432
-773
-310
367
2553
3733
1318
-3568
-6364
-3068
4283
10637
11951
8286
3471
1159
524
911
1055
-462
-1280
-1325
649
1336
-3588
-9843
-13484
-10409
-4756
-1324
-538
-2690
-3424
-2544
1032
3731
1782
-813
-2217
1412
6513
7464
5223
181
-2466
-1592
436
1533
-240
-2494
-4352
-3874
-2004
-1479
-2212
-5366
-5855
-3074
415
4099
3810
4275
3655
2149
1913
-337
-497
-433
3135
10508
16813
18724
10003
-2049
-10780
-11578
-6797
-2252
3825
6319
4381
-1466
-7085
-11262
-16842
-19370
-13119
2195
13419
11675
296
-11827
-16183
-14416
-8255
-104
6294
10385
10921
9857
6865
1870
-4095
-6363
-867
8995
16827
16664
10066
1123
-6429
-10134
-9318
-5034
-844
1628
2259
2342
1292
-1798
-5393
-6585
-2617
4298
10002
11078
8602
4242
695
-814
-1656
-430
-118
-15
449
413
-12
-4758
-10162
-12748
-10677
-5526
-3073
-2080
-2373
-2383
-959
654
2158
1543
-157
-464
2775
7581
8824
6188
2065
-377
322
1175
1141
266
-2219
-3108
-2962
-1595
-498
-2945
-4425
-4913
-2373
2359
3868
4356
3306
2823
3729
2507
1567
2122
6140
13326
18131
16666
7719
-3537
-9691
-9733
-5541
-1101
563
395
-1566
-3228
-6315
-13219
-19580
-19189
-8037
6309
12135
7264
-3800
-12019
-13491
-10152
-4035
967
3883
5799
7614
9238
7298
117
-7147
-8522
-1574
8159
12883
11983
6658
1
-4816
-7130
-6085
-4448
-3768
-2046
1018
4472
5128
1541
-2646
-4507
-1088
6039
10166
11257
7372
3533
3116
1532
2123
5
-2839
-2838
-2329
1036
202
-3484
-8515
-11753
-9120
-6261
-2285
-2051
-3159
-2014
199
4101
4008
1196
-1466
-1198
2926
6758
8333
6420
3211
1415
1736
2786
1872
-810
-3707
-4704
-2772
-807
-507
-1239
-3814
-3985
-2395
-256
3179
2620
2260
1594
1390
3238
3165
5845
10167
14942
14977
8233
901
-5097
-6508
-6215
-4396
-1368
-359
-1581
-4803
-7940
-12704
-17327
-18817
-11975
520
7924
7130
-1525
-8446
-11168
-10240
-5169
-1045
4297
6634
7191
9120
7580
3941
-2719
-6768
-3453
3324
10309
12244
9845
4790
-2367
-7228
-8673
-6677
-3333
-1618
94
2293
3746
2778
-844
-3963
-4078
699
7977
13381
14978
10467
4377
261
-1572
-171
505
1115
1427
1596
2432
103
-4242
-10594
-13994
-11012
-5494
447
1955
870
-609
-1858
-1650
-2163
-2340
-1831
123
3444
6432
7274
4700
1113
-1165
-645
882
1558
1281
-615
-2596
-3606
-2925
-954
-432
-1816
-3083
-3142
-1072
2058
3561
3569
1426
-92
2785
8735
15691
17370
11515
2689
-4320
-5497
-3655
-2343
-2176
-4304
-6538
-7054
-6581
-7330
-13020
-19299
-18065
-7910
4823
9634
4944
-3223
-8723
-7901
-3628
906
4175
4835
5293
6650
8123
8796
5430
-270
-4005
-3015
2434
7215
8970
7273
3341
-1302
-5334
-6949
-6859
-5708
-4277
-1979
1559
4579
4799
2175
-1043
-1474
1705
5345
8762
10248
10596
8711
3930
959
-1368
-1949
-2545
-2916
-157
1564
1202
-2476
-6160
-7645
-8340
-8333
-8427
-5246
-391
3023
3499
497
-2055
-3669
-3797
-2165
160
3096
4714
5294
5061
4011
2627
757
-1175
-2836
-3156
-2576
-1482
-1045
-1372
-1576
-2529
-3596
-4810
-4834
-2781
-433
1400
4298
10436
17996
21026
15088
4524
-3644
-6031
-2732
2546
6723
6172
616
-5396
-9260
-12511
-17981
-22302
-18982
-7862
3371
6970
2294
-5452
-11061
-12388
-9065
-2319
4697
9133
9608
8269
7949
7581
5772
2002
-55
2617
7689
11357
10702
6597
1478
-2637
-4855
-4829
-4323
-4970
-6159
-7138
-5069
-522
2395
2442
-805
-2949
-700
2742
6791
8507
8830
10060
8545
6968
4312
963
-540
-2572
-2275
-566
564
-180
-2732
-4847
-6482
-7140
-8410
-8326
-5293
-2004
70
-956
-3496
-4416
-3915
-2163
-301
1288
2571
3394
4085
4503
5109
4139
2368
432
-862
474
544
-327
-2509
-5762
-6011
-5604
-3812
-2543
-4110
-5290
-4411
2644
13028
18836
16236
7399
690
-1516
-357
3239
7064
8041
3511
-1968
-3686
-3854
-8855
-17664
-20900
-14757
-4230
1105
-919
-6389
-11141
-12138
-10058
-4622
1112
4449
5901
6762
9973
13305
12819
8364
3323
2714
7104
12402
15153
13593
9020
4085
-414
-3377
-5693
-8088
-10107
-11132
-8669
-3895
41
117
-3882
-7486
-8271
-4890
822
5977
9695
10368
9099
7221
5692
4516
2411
-13
-683
1474
4296
4853
1317
-4616
-9572
-11350
-8881
-4402
-248
1524
-120
-3715
-7368
-8784
-7886
-5757
-3483
-1439
1274
3923
5091
4181
1755
-432
-963
-461
878
3043
4570
4681
2042
-1974
-4480
-5363
-4899
-4834
-4847
-2482
2334
8827
12896
11131
4873
-1914
-4727
-2683
2874
8815
12260
10695
4974
-411
-4218
-7177
-10612
-12080
-8042
-1368
2632
649
-5624
-11477
-15062
-15239
-11865
-5851
510
4239
4649
3631
3752
4731
5836
6451
8073
11038
13933
15223
13955
11854
8987
6297
4143
2140
256
-3366
-8146
-12228
-13663
-11429
-8333
-6088
-5491
-6463
-7059
-7106
-5820
-2517
1607
5822
8740
9665
9352
7596
5213
2473
531
984
3212
5926
6790
5222
1722
-3217
-8236
-11053
-9581
-5075
-1163
-297
-2204
-4553
-6302
-7204
-7348
-6561
-4244
-909
3099
6543
8462
7741
4561
708
-1694
-970
1257
3355
4067
3092
2006
556
-945
-1527
-328
2996
5288
4859
2588
590
-808
-2500
-3080
-1956
-86
187
-444
450
1152
-1439
-7032
-10304
-7744
-2507
24
-1975
-4622
-4994
-3390
-2376
-3699
-5389
-6244
-5787
-4034
-726
3584
6207
5024
1680
390
2462
6361
9365
10697
11885
13271
14802
15526
13824
9541
3115
-2715
-5072
-3949
-1070
-76
-2413
-7059
-12099
-14861
-14847
-12432
-8920
-5598
-2371
678
3171
4339
3916
2425
1279
1597
3946
7477
9771
9596
6954
3685
1202
153
620
1265
727
-2246
-6026
-8335
-8573
-7716
-7937
-8658
-8360
-6832
-4287
-2275
-1120
-668
-1545
-2082
-1072
1925
6059
8311
8027
6006
3355
1831
804
439
2290
6433
11852
14056
10461
3508
-3274
-6925
-7549
-5285
-523
3788
4972
2460
-1464
-5901
-11116
-15293
-15331
-9900
-2778
1429
1211
-1758
-4767
-6530
-7019
-6206
-4259
-1477
1235
2631
3317
3788
3955
3105
1241
-49
498
2666
5534
7887
8885
9206
8952
9022
9170
8771
7960
5800
3262
1462
1330
2527
2685
471
-3584
-7576
-9995
-10513
-9954
-8791
-7111
-5892
-4914
-3779
-1954
652
1753
1090
322
1275
4413
7549
9095
9102
8148
6662
5234
4263
3616
2433
-260
-3286
-5123
-5389
-4842
-5766
-8466
-11894
-14025
-12790
-8917
-4213
-1449
-1812
-4107
-5707
-4374
-912
2797
4930
5761
6228
6353
7203
9188
11943
13230
10877
6804
3736
2752
2193
722
-96
417
1011
321
-1235
-2257
-3764
-7496
-11864
-13242
-10000
-5703
-4927
-7721
-10335
-9577
-6537
-3838
-2656
-2049
-1260
-857
-524
400
2606
4832
5410
5137
5040
5726
5867
4621
3463
3483
5124
7413
9498
11016
11066
9184
5590
1806
-420
-310
1562
3808
5063
4282
1339
-3031
-6848
-8687
-8715
-7922
-7252
-6071
-4281
-2663
-1955
-2548
-3586
-4483
-4518
-2626
1406
6195
9022
8428
5719
3608
3326
3877
3745
2703
1694
1187
911
378
-610
-2344
-5106
-8375
-10464
-9801
-7428
-5944
-6872
-9063
-9912
-8757
-6577
-4143
-1565
1182
3146
3622
3987
6081
9738
12554
12328
10039
8091
7020
6008
4527
3359
3261
3521
3594
3387
2432
73
-3772
-7591
-9542
-9335
-8221
-7583
-7630
-7613
-6919
-6203
-6363
-7240
-7719
-6584
-4206
-1538
815
2389
3258
3375
3114
2762
2220
1984
2416
3627
4974
5923
6678
7135
7102
6375
5483
4952
4725
4846
5084
5628
5961
5518
4525
3040
1720
275
-1315
-2395
-2920
-2855
-3203
-4056
-4589
-4557
-4249
-4583
-5252
-5168
-3797
-1628
265
1323
1438
1075
887
1222
1748
1781
1255
553
-132
-663
-509
390
867
-367
-3019
-4985
-5119
-4470
-4270
-5161
-6370
-7243
-7848
-7492
-6398
-4724
-3179
-2449
-1371
361
2814
5125
6594
7923
8586
8479
7522
6260
5782
6025
7311
8801
9091
7529
4587
1858
-492
-2796
-4459
-4388
-2770
-1833
-3044
-5685
-7637
-8155
-8086
-8034
-7842
-6366
-3783
-1447
-776
-2200
-4041
-4869
-3847
-1173
1964
4478
5107
3943
2202
1106
1290
2270
3498
4491
5218
5518
5037
3978
2702
2249
2682
3455
4569
5716
6757
6516
4380
1660
-206
-388
67
48
-432
-1022
-1180
-1339
-1803
-2540
-3455
-3899
-3721
-2912
-1677
-613
-8
-34
-682
-1686
-2915
-4014
-4140
-3020
-1126
499
867
170
-1245
-2970
-4319
-4798
-3896
-2174
-981
-1281
-3031
-4755
-5471
-5143
-4444
-3950
-3023
-1686
27
1643
2208
2162
2059
3121
5313
7019
7867
8019
8173
8112
7420
6715
6094
5634
5062
4692
4564
3389
1038
-1559
-2746
-2132
-1608
-2545
-5086
-7866
-9061
-8229
-6392
-5263
-5691
-6973
-7623
-6920
-5081
-2976
-1528
-742
-263
484
1641
2753
3486
3584
3590
4139
5273
6096
5282
3169
977
-18
676
2228
3956
4793
4211
2880
1581
1165
1337
1361
1185
934
1107
1658
2079
2089
1464
557
-344
-967
-967
-675
-338
-389
-920
-1606
-2471
-3001
-3188
-3298
-3419
-3739
-3572
-2836
-2098
-1656
-1864
-2324
-2767
-3182
-3134
-2520
-1486
-636
-647
-1376
-2130
-2515
-2799
-3256
-3701
-3391
-2010
-523
447
876
823
690
696
1556
3417
5203
6434
6993
7162
6916
6132
5673
5426
4812
3760
2679
2454
2582
2541
2657
2763
2390
403
-3066
-6191
-7777
-7295
-5802
-4819
-4701
-5632
-6823
-7740
-8332
-8045
-7079
-5264
-2764
-381
1494
2211
2237
2347
2790
3839
5137
6640
7881
7899
6755
4840
3173
2535
2627
3220
3680
3721
3447
2635
1616
437
-768
-1672
-2369
-2273
-1232
119
1201
1323
794
201
-359
-405
-80
249
278
-378
-1141
-1715
-2032
-1847
-1886
-2577
-3984
-5387
-5147
-3616
-2126
-1706
-2688
-3707
-4042
-3509
-2261
-1352
-939
-1034
-1329
-1398
-1623
-1850
-2239
-2740
-2728
-2102
-635
762
919
217
-172
1161
3722
5651
6222
5636
4654
3742
3324
4239
5916
6866
6280
4729
3524
2729
1901
1270
1156
1455
1233
-119
-1970
-3395
-4004
-4422
-5454
-6750
-7380
-6952
-6186
-6143
-6602
-6712
-6072
-4883
-3694
-2512
-1262
-104
1178
2769
4762
6705
7544
7151
6235
5919
6790
7877
8290
7741
6597
5520
4293
2990
1914
1099
589
-109
-1029
-1894
-2801
-3672
-4703
-5522
-5242
-3785
-1642
35
685
730
268
-442
-1165
-1545
-1147
-477
142
543
436
-219
-1623
-3275
-4450
-4874
-4631
-4165
-3349
-2110
-925
-509
-1252
-2354
-2951
-2819
-2232
-1615
-1068
-880
-1114
-1496
-1736
-1823
-2053
-1972
-657
2136
5058
6171
5152
3454
2424
2152
2515
3821
5814
7203
6986
5750
4389
2933
1129
-412
-619
242
742
-92
-1743
-2980
-3327
-3450
-4199
-5490
-6498
-6514
-5852
-5168
-4667
-4286
-3877
-3665
-3448
-2963
-2237
-1326
-488
607
2264
4430
6612
7803
7716
7035
6767
7285
8057
8488
8509
8268
7896
7041
5567
3807
1849
214
-1240
-2641
-3639
-4741
-5775
-6567
-6911
-6481
-5980
-5760
-5592
-4905
-3806
-2787
-2149
-1854
-1215
-334
834
2293
3295
3340
2274
701
-423
-789
-996
-1145
-1068
-965
-748
-816
-1136
-1613
-2618
-3631
-3818
-3097
-2167
-1776
-1968
-2298
-2805
-3018
-1652
1683
5382
6795
5478
3076
1082
-64
-121
1654
4626
7012
7558
7039
6329
4522
1274
-2222
-3679
-2665
-1190
-833
-1684
-2789
-3542
-4135
-5152
-6327
-7278
-7706
-7398
-6740
-5147
-2815
-816
162
134
140
510
700
477
645
1844
4029
6410
7937
8582
8575
8106
7099
5761
4759
4927
6194
7448
8326
7990
6206
3453
75
-2297
-3336
-3402
-3028
-3356
-3996
-4677
-5342
-6391
-8055
-9280
-9323
-7909
-5618
-3144
-1214
-302
-60
-7
244
511
1129
2105
3207
4454
5284
5669
4856
3044
1158
-663
-1702
-2104
-1683
-1041
-1597
-3201
-5370
-6954
-7814
-8244
-7157
-3441
2412
6974
7355
4160
369
-2052
-2984
-1735
2001
6548
8900
8290
6754
5063
2242
-1807
-4539
-3947
-1400
236
-452
-2554
-4775
-6534
-8120
-9663
-10418
-9523
-7248
-4984
-3357
-1899
-367
401
115
-61
1010
3308
5884
8167
9903
10955
11211
10501
8984
7136
5903
5550
5442
5245
5054
5057
4630
3035
444
-2584
-5254
-7038
-7565
-6413
-4061
-1865
-1390
-2909
-4780
-5711
-5776
-5645
-5147
-3368
-528
2084
3383
3338
2670
2029
1763
2043
2923
3964
4692
4887
4779
4735
4097
2250
-682
-3409
-4432
-3915
-2771
-2201
-2713
-4006
-6039
-8369
-10243
-9804
-5273
1863
7262
7523
3903
130
-2491
-4209
-3762
142
5247
7296
5887
4422
3754
994
-4606
-8815
-7843
-3526
-722
-1502
-3842
-5553
-6534
-7829
-9373
-9536
-7660
-5068
-3264
-1730
1073
4432
5795
4470
2950
3706
6295
8859
10649
12109
13199
13164
11591
9120
7054
5837
4711
3018
1697
2477
4904
5668
2274
-4237
-10674
-14369
-14649
-11818
-6809
-2138
-565
-2785
-6329
-7955
-7033
-5151
-3406
-760
3632
8230
10688
10081
7621
4864
2657
2156
4224
7924
10466
9634
6089
2454
288
-985
-2377
-4114
-5497
-6220
-6650
-7026
-7494
-8146
-9592
-12264
-14632
-13185
-5463
5494
12413
10942
4288
-1083
-2879
-2291
829
6832
12079
11623
6642
3225
2641
-340
-8026
-14736
-13959
-7304
-2325
-3515
-8971
-14132
-16883
-17942
-17435
-14164
-8231
-2804
-467
550
3475
8066
10622
9689
8621
10820
15796
20366
22336
21976
20094
16999
12930
9025
6931
6524
5926
3322
-350
-2016
-1618
-2207
-6284
-12776
-17601
-18702
-16489
-11879
-6498
-2552
-2524
-6416
-10323
-9937
-5020
621
4398
6813
9006
10598
9823
7098
4925
4305
4957
6701
9514
12364
12599
8403
1517
-3958
-5944
-5738
-5108
-4524
-4074
-4550
-6502
-9207
-11131
-11441
-11772
-12676
-9911
-357
11519
16527
10781
1404
-3320
-3740
-2129
3451
12245
16853
12001
2306
-3827
-6021
-9742
-14430
-14004
-7049
8
132
-6661
-15283
-21373
-23562
-22749
-18515
-9903
-456
4239
2913
-89
97
2503
3740
4672
8989
17083
24361
27122
25649
21709
16767
11609
7421
6142
8582
12344
13029
8973
2495
-3058
-6631
-9731
-12410
-12870
-11176
-9038
-7496
-6789
-6928
-7930
-9987
-12066
-11089
-5335
2656
8218
9075
6748
4088
2645
2223
3127
5817
8715
10618
11352
10280
7460
2828
-3010
-6971
-6965
-3987
-966
-797
-3609
-7714
-11392
-12986
-12073
-9120
-6082
-5280
-3897
2593
12072
16899
11985
2319
-2500
-1227
2477
8883
16957
20018
12845
-163
-8824
-10755
-12326
-15646
-15313
-8464
-1180
-1818
-10775
-21375
-27786
-28832
-25885
-18621
-6981
3932
7643
3424
-3105
-5283
-1831
3592
9081
16031
24193
29583
28765
23023
16281
11221
8450
7839
9590
12817
14322
11069
3287
-5608
-11781
-14267
-14565
-12974
-9152
-5397
-4542
-6236
-8270
-9345
-8958
-6702
-2485
3435
9454
12828
12172
8492
4599
2808
3188
5136
8256
11104
11127
7665
3266
-446
-3661
-6373
-8349
-7930
-4811
-2375
-3338
-7612
-12757
-15892
-15874
-12780
-7517
-2008
142
-1440
-347
7347
16475
18109
10286
2482
2299
6044
9528
13890
17793
15140
3995
-7622
-11552
-10943
-12898
-15495
-11988
-3347
991
-5711
-19403
-30080
-31821
-26171
-17355
-7078
2879
7272
3520
-3833
-7561
-4052
3462
9961
14881
19772
24315
25466
21101
13974
8186
5660
6299
8882
11937
12626
8201
-684
-9956
-14528
-12615
-7749
-5134
-6027
-7789
-9065
-10096
-10050
-8272
-5477
-2309
1392
5831
10420
12669
10565
6140
3225
3933
7544
10737
11629
11116
9089
5353
2309
1659
1816
592
-2236
-4393
-3711
-1865
-2705
-7195
-12550
-15332
-14413
-11364
-8148
-5343
-4300
-6481
-7320
-250
12195
19605
14964
3843
-1605
1157
6473
11947
16483
16069
8052
-2915
-8513
-8883
-11220
-15467
-14223
-5930
1756
562
-10246
-23462
-31077
-30106
-21798
-8978
3465
8795
4602
-3719
-8310
-5186
2956
10780
16732
21135
23261
22364
18360
12907
8247
5057
3768
5929
11085
13662
8620
-2544
-13832
-19152
-17015
-10770
-4772
-1968
-2645
-6419
-12061
-15139
-12423
-6263
-1134
2281
6291
11157
13520
10081
3545
261
3224
10614
16858
17918
14508
8039
-74
-5847
-4571
2538
8110
7150
1482
-3315
-5112
-6803
-10220
-13696
-13570
-9231
-4199
-1048
-802
-3353
-8475
-13216
-9123
5821
20603
23178
13382
2157
-2544
-2119
1279
8023
13761
11388
1777
-6780
-9671
-12136
-18066
-19789
-11879
-1122
2451
-4742
-16053
-23049
-24021
-19738
-10550
1538
10690
10955
4267
-2183
-3586
368
6678
13363
20091
23924
21823
15438
8487
4062
3252
4249
6180
9236
10317
5512
-3671
-11478
-14177
-11658
-6782
-3441
-2649
-3534
-5748
-9145
-12480
-12878
-9097
-3005
2997
7546
9500
7611
2820
-1594
-2438
1348
7428
12278
13675
11262
6716
1451
-3238
-4202
-172
5252
7642
6637
3823
250
-3268
-6996
-9779
-9517
-6434
-2450
10
-642
-3910
-8042
-11817
-10865
147
15296
22148
15518
2502
-4428
-3714
-806
4312
10846
13043
6729
-3950
-10273
-12018
-15663
-19485
-14804
-2415
5990
1382
-13049
-24916
-27177
-21672
-12212
-1307
8590
11368
5579
-1324
-3410
80
5862
10938
16697
22860
24784
20375
12521
6049
4210
6034
9002
12406
14821
11511
752
-11327
-17406
-15006
-7535
-921
1476
-564
-5677
-12426
-17994
-18687
-13420
-5296
1494
6194
8451
6734
1090
-5740
-8282
-4018
4490
13162
17488
15444
8405
102
-5699
-6420
-1243
6540
11204
10696
6445
235
-5533
-9554
-11428
-10055
-5617
-674
1913
275
-4738
-9707
-11554
-9530
-755
12831
21313
18583
7172
-3316
-5421
-1922
3701
10764
14698
11075
675
-9552
-14854
-17523
-19497
-15933
-4891
5152
4116
-8542
-23130
-29747
-26462
-16839
-4484
6580
11868
7955
-256
-4780
-3367
2302
9132
16207
23093
25875
21886
13816
6477
3667
5415
10009
14722
17480
16027
7567
-5060
-14475
-15742
-9590
-936
4519
4587
-88
-7817
-15713
-19607
-17273
-9587
-591
5198
7563
6393
1506
-4681
-8830
-7547
-507
8185
14405
14987
9600
1231
-5791
-8177
-5352
1871
8860
10478
6831
-11
-6758
-10490
-11019
-8957
-5272
-1551
898
-479
-5759
-11730
-14167
-10405
-942
11809
21662
21913
11845
-840
-7170
-4981
2275
11601
17500
15524
6006
-5597
-13918
-18719
-21026
-17708
-6667
4758
5662
-5555
-20430
-29730
-29209
-20994
-8479
3865
10748
8462
98
-6040
-5789
-829
6787
15713
24304
29061
25743
15994
7104
4325
7471
13435
18773
20902
18450
10567
-1307
-11271
-13985
-10133
-3468
2332
4296
1340
-5676
-14505
-21202
-21654
-15018
-4305
5076
9059
6904
501
-6070
-8759
-5730
1892
9838
14603
14892
10505
3826
-1604
-3759
-2578
1526
6790
9287
6911
243
-7534
-12482
-13412
-11518
-8318
-5561
-4079
-5171
-9112
-13865
-15691
-12781
-5127
6896
17729
20378
12818
1460
-4145
-2019
3843
12169
18958
17964
7870
-4044
-10658
-12660
-14761
-15390
-8916
1547
4065
-6358
-21934
-31538
-30548
-21960
-10589
-191
6034
4675
-2601
-8418
-7647
-1456
7069
15999
24148
29460
28712
20696
10616
5513
8147
15761
23300
26642
23958
14738
1538
-10074
-14128
-10245
-3301
2051
3493
1
-7274
-15123
-20932
-22306
-17512
-8123
1648
8126
8550
3170
-4262
-9027
-7338
1054
11420
17939
18350
13416
5797
-11
-1607
-115
3188
7168
8973
6601
561
-6790
-12233
-13978
-12970
-10888
-8740
-7772
-8477
-11261
-14908
-16884
-14790
-8891
79
10027
16430
14673
5792
-2174
-2522
3959
11979
18070
18614
12239
1501
-7417
-11300
-11755
-11664
-9135
-2456
2518
-1836
-14659
-27428
-32568
-27583
-16257
-4254
3101
3092
-3166
-9679
-10809
-5676
3065
12566
20786
25972
26780
22617
15759
10437
10013
14628
21559
26671
26611
20261
9247
-2012
-8333
-7749
-3093
1244
2764
550
-5388
-12981
-19182
-21795
-19816
-13471
-4942
2013
4306
1067
-4732
-8367
-6569
148
8359
14489
16615
14910
10453
5088
1825
1992
4769
8278
10548
9542
4343
-3455
-11143
-14933
-14007
-11086
-9222
-9352
-10777
-13073
-16262
-18564
-18002
-13651
-7165
731
8981
14327
13330
6228
-623
-935
6217
15244
20813
20115
13287
3379
-4724
-8538
-8955
-8618
-7123
-3627
-1073
-5019
-15550
-26864
-32574
-29279
-19338
-7527
-430
-905
-7051
-12623
-12345
-5947
3399
12795
20530
24229
23048
19066
15393
14706
17406
22074
26802
28894
26307
19172
9733
1087
-3159
-2106
1319
3195
1556
-3100
-9889
-16795
-21486
-22291
-18618
-11639
-4241
-32
-842
-5556
-9820
-9672
-4664
2967
10466
15343
15749
11683
6157
3142
4430
8104
11238
12999
12861
9599
2723
-5850
-12094
-12542
-9204
-6912
-7897
-10651
-13469
-16641
-20036
-20819
-16781
-10297
-5247
-2503
1407
7199
10281
6960
735
-723
5779
14483
18197
16601
12078
5647
-716
-3655
-2389
-691
-2681
-6261
-6733
-4940
-6829
-15099
-25404
-29854
-24128
-12065
-2505
-1940
-8720
-15667
-16535
-10603
-1365
7394
13233
15021
13725
13019
15168
18371
20005
20374
22047
25400
27442
25322
18951
10968
5307
4578
7454
9616
7515
1288
-6224
-12595
-16416
-16951
-14728
-11336
-8343
-6806
-7529
-10088
-12244
-11856
-8679
-3551
2373
7229
8624
5675
1343
225
3389
7934
11345
13402
13983
11566
5423
-1879
-6172
-5624
-2420
-226
-704
-3561
-8350
-14125
-18405
-18614
-14528
-8925
-5621
-5810
-7008
-6819
-5686
-4146
-894
4356
8714
8628
4876
2112
2703
4590
5843
6889
7582
6651
3981
500
-3296
-6776
-8336
-6906
-4042
-3163
-5911
-10633
-14749
-16214
-13876
-8941
-4997
-4033
-4274
-3284
-1270
-478
-1261
-747
3584
10504
16423
18986
17767
14277
11433
11447
14110
17184
18749
18212
15929
12410
8530
5547
3804
2669
1614
816
196
-910
-3040
-6173
-8993
-9525
-7359
-4899
-4758
-6546
-7814
-7563
-7252
-7716
-7479
-5350
-2650
-1236
-864
-365
119
-435
-1522
-921
1952
4455
3805
856
-1215
-1102
-365
-718
-1696
-1929
-1196
-585
-994
-2084
-2945
-3253
-3505
-3530
-2475
-717
-315
-2594
-5603
-6181
-3809
-1103
-628
-2294
-4157
-4649
-3973
-3081
-2308
-1541
-970
-1039
-1391
-1007
223
992
643
430
1519
3258
3967
3214
2290
2122
2147
1865
1736
2133
2885
3584
3911
3880
3577
3044
2650
2853
3363
3506
3277
3248
3616
3817
3183
1894
875
698
1451
3254
5733
7339
6560
3681
1007
973
3521
6248
7110
5968
3806
1525
-388
-1608
-1933
-1813
-2035
-2719
-3316
-3623
-4668
-7374
-10633
-11885
-10067
-6946
-4955
-4969
-6181
-7576
-8377
-7770
-5457
-2217
426
1562
1393
1011
1216
1743
2322
3257
4903
6383
6255
4163
1198
-1154
-2321
-2246
-1429
-900
-1653
-3842
-6580
-8953
-10155
-9811
-8105
-5795
-3697
-2194
-1831
-2662
-3714
-3396
-1153
2215
5656
8154
9123
8460
7014
5950
6108
7811
10347
12316
12545
11219
9129
6720
4442
3071
3042
3646
3842
3302
2047
-257
-3532
-6314
-7097
-6097
-4613
-3166
-1700
-1033
-2137
-4323
-5493
-4442
-1825
904
2666
2892
1570
-254
-1160
-499
1112
2384
2320
987
-391
-798
-700
-1475
-3145
-4128
-3596
-2485
-2085
-2505
-3376
-4610
-5627
-5210
-3032
-698
31
-764
-1479
-988
341
1579
2342
2981
3578
3696
3059
2096
1403
860
190
-346
-238
141
-271
-1998
-4464
-6347
-6801
-5888
-4531
-3661
-3541
-4000
-4704
-5140
-4467
-2440
49
1804
2571
3011
3347
3147
2413
2299
3932
6795
9085
9615
8807
7598
6459
5583
5450
6150
6834
6718
5831
4829
3921
2750
1126
-621
-1763
-1797
-933
-162
-503
-2126
-4123
-5253
-5103
-4361
-3835
-3563
-3251
-3005
-3201
-3752
-4144
-4104
-3748
-3343
-3043
-2852
-2559
-2172
-2133
-2671
-3097
-2604
-1560
-859
-569
14
926
1378
1175
1046
1445
1872
1908
1966
2579
3447
3674
2944
1843
1083
787
575
189
-189
-258
-117
-298
-1236
-2667
-3824
-4178
-3885
-3364
-2852
-2566
-2715
-3048
-2772
-1559
-243
70
-552
-950
-358
1046
2645
3750
3689
2332
648
52
973
2519
3529
3586
3127
2724
2538
2315
1865
1474
1627
2472
3608
4452
4608
4010
3016
2448
2904
4060
5007
5074
4412
3533
2668
1808
1108
837
808
638
9
-1127
-2584
-4054
-5111
-5481
-5124
-4589
-4607
-5634
-7393
-9009
-9900
-9835
-8827
-6912
-4926
-3982
-4212
-4769
-4712
-3953
-2597
-844
1009
2362
2836
2723
2299
1932
1854
2350
3281
4335
5115
4827
3270
1006
-457
-231
1087
2034
1708
594
-719
-1691
-2171
-2072
-1631
-1357
-1197
-674
725
2117
2211
826
-766
-928
718
3371
5453
6047
5000
2875
1086
687
1827
3493
4433
4104
3103
2382
1997
1523
707
-40
-174
363
1072
1414
1379
882
33
-577
-400
583
1745
2311
1866
957
409
379
624
690
322
-112
-256
-397
-934
-1657
-2161
-2291
-2215
-2402
-2853
-3135
-3250
-3584
-4250
-5035
-5542
-5366
-4599
-3752
-3313
-3489
-4162
-4648
-4418
-3750
-3042
-2661
-2658
-2686
-2484
-2189
-2086
-2079
-1918
-1329
-499
-250
-796
-1476
-1555
-716
595
1548
1650
1169
811
963
1660
2460
2935
3260
3826
4788
5784
6186
5629
4578
3880
3842
4469
5566
6664
6999
5915
3771
1890
1444
2246
3075
3289
3136
2879
2415
1534
432
-222
-44
596
1075
1221
1150
824
196
-594
-960
-374
851
1805
1791
771
-820
-2258
-2955
-2906
-2560
-2446
-2907
-3777
-4543
-5023
-5359
-5664
-5855
-5703
-5132
-4368
-3716
-3326
-3294
-3482
-3298
-2317
-929
163
705
937
1158
1412
1702
2129
2492
2271
1363
391
4
108
47
-553
-1379
-1992
-2450
-3180
-4247
-5227
-5690
-5586
-5174
-4729
-4449
-4404
-4470
-4389
-3889
-2906
-1742
-743
123
1241
2800
4353
5158
5074
4796
5061
5974
7191
8418
9419
9792
9196
7985
7107
7054
7367
7366
7068
6913
6817
6154
4669
2947
1745
1218
1102
1255
1603
1784
1248
-44
-1285
-1594
-981
-282
-193
-635
-1162
-1661
-2361
-3268
-4057
-4528
-4827
-5146
-5392
-5465
-5613
-6125
-6832
-7196
-7032
-6681
-6435
-6180
-5789
-5490
-5503
-5520
-4983
-3816
-2515
-1587
-1138
-958
-673
15
1122
2326
3136
3348
3171
2996
3006
3173
3343
3456
3540
3445
2915
1831
545
-392
-822
-974
-1110
-1339
-1806
-2705
-3904
-4828
-5036
-4762
-4437
-4040
-3326
-2470
-2119
-2599
-3285
-3233
-2052
-83
1991
3610
4367
4163
3581
3646
4858
6635
7936
8390
8601
8992
9174
8732
7914
7475
7733
8167
8220
7874
7330
6631
5744
4827
4253
4012
3642
2860
1797
772
-153
-1252
-2538
-3579
-4147
-4544
-5261
-6346
-7253
-7538
-7358
-7189
-7356
-7794
-8251
-8478
-8282
-7679
-7028
-6834
-7154
-7431
-6994
-5750
-4442
-3858
-4139
-4673
-4495
-3221
-1449
-160
115
-245
-411
-69
499
954
1322
1855
2474
2791
2617
2189
1877
1836
2043
2535
3275
3889
3926
3386
2719
2312
2152
2121
2382
3032
3603
3384
2243
886
125
4
76
149
452
1006
1211
544
-724
-1709
-1824
-1156
-83
1064
1865
1813
908
-54
-26
1167
2649
3438
3393
3113
3066
3224
3357
3445
3579
3703
3670
3491
3281
2990
2450
1704
1167
1153
1395
1228
309
-945
-1713
-1551
-774
-151
-242
-983
-1883
-2461
-2601
-2576
-2680
-2992
-3369
-3610
-3671
-3675
-3825
-4301
-5091
-5887
-6163
-5662
-4770
-4235
-4505
-5255
-5802
-5847
-5604
-5289
-4818
-4092
-3374
-3018
-2896
-2556
-1833
-1091
-602
-31
1027
2329
3213
3406
3279
3309
3527
3870
4466
5250
5694
5231
4077
3114
2884
3054
3107
3029
3122
3333
3199
2627
2152
2259
2786
3241
3484
3775
4178
4356
4065
3584
3400
3597
3808
3700
3305
2824
2313
1715
1130
792
716
519
-218
-1505
-2831
-3622
-3861
-3990
-4455
-5199
-5808
-6046
-6124
-6348
-6630
-6516
-5712
-4505
-3468
-2880
-2586
-2311
-1889
-1229
-247
904
1726
1894
1700
1776
2318
2818
2753
2276
2029
2282
2560
2281
1473
660
202
0
-194
-437
-766
-1341
-2176
-2906
-3059
-2697
-2459
-2824
-3505
-3791
-3422
-2779
-2323
-2087
-1925
-1885
-1979
-1921
-1374
-538
-64
-218
-495
-287
340
803
855
882
1279
1885
2330
2624
3095
3837
4517
4911
5175
5551
5963
6150
6131
6199
6475
6729
6611
6058
5323
4638
4104
3714
3351
2871
2146
1193
175
-819
-1778
-2709
-3542
-4109
-4424
-4705
-5125
-5772
-6530
-7028
-6915
-6118
-5006
-4254
-4194
-4474
-4464
-3830
-2839
-1973
-1449
-1160
-876
-574
-365
-316
-520
-867
-1021
-685
77
598
166
-1066
-2136
-2222
-1482
-809
-719
-1003
-1230
-1255
-1235
-1161
-929
-577
-125
464
1251
2064
2469
2395
2297
2593
3255
3876
4186
4267
4229
4049
3652
3122
2658
2247
1871
1615
1405
1056
345
-640
-1407
-1643
-1486
-1260
-1087
-863
-697
-783
-1020
-974
-201
1034
2048
2527
2554
2457
2453
2602
3020
3658
4148
4084
3468
2700
2145
1773
1368
872
364
-181
-922
-1855
-2730
-3427
-4010
-4501
-4753
-4632
-4405
-4516
-4930
-5144
-4814
-4132
-3537
-3125
-2640
-1962
-1290
-910
-763
-617
-424
-256
-96
235
747
1068
856
308
0
256
769
1061
985
710
422
119
-94
-1
354
610
437
-4
-171
118
526
668
526
376
450
789
1277
1629
1518
910
262
90
324
386
-75
-692
-902
-656
-440
-654
-1214
-1749
-1908
-1484
-492
581
1036
637
-14
57
1104
2465
3303
3427
3304
3378
3733
4197
4568
4737
4736
4689
4671
4540
4075
3260
2347
1619
1105
640
93
-624
-1548
-2652
-3732
-4449
-4645
-4552
-4581
-4963
-5488
-5736
-5518
-4999
-4486
-4074
-3682
-3290
-2928
-2567
-2098
-1490
-898
-448
-48
419
800
807
461
254
655
1547
2335
2520
2090
1398
768
446
560
994
1384
1378
1019
642
493
498
466
411
509
824
1233
1549
1641
1432
938
405
167
279
393
134
-467
-1044
-1376
-1562
-1731
-1795
-1667
-1475
-1386
-1304
-1009
-506
-26
281
605
1145
1778
2225
2381
2415
2524
2744
3018
3294
3473
3365
2939
2440
2118
1944
1611
917
-3
-809
-1322
-1637
-1970
-2521
-3296
-4085
-4554
-4495
-4102
-3861
-4085
-4480
-4438
-3718
-2732
-2156
-2164
-2310
-2080
-1398
-558
155
632
909
1106
1394
1857
2260
2287
2013
1891
2278
2925
3230
2943
2363
1889
1620
1418
1244
1201
1284
1312
1131
826
551
363
255
298
571
942
1165
1150
1107
1197
1252
1044
664
496
702
970
867
290
-465
-1048
-1304
-1240
-996
-844
-1007
-1400
-1685
-1603
-1305
-1124
-1096
-938
-488
2
117
-229
-688
-839
-543
25
507
583
204
-360
-722
-714
-536
-475
-641
-936
-1204
-1378
-1454
-1491
-1601
-1842
-2054
-1989
-1581
-1116
-996
-1249
-1487
-1356
-869
-325
40
266
481
701
892
1065
1268
1492
1702
1914
2166
2336
2160
1568
937
739
1015
1251
925
108
-756
-1319
-1614
-1881
-2146
-2327
-2439
-2532
-2636
-2697
-2661
-2575
-2387
-1940
-1213
-374
286
684
1020
1430
1954
2538
3157
3759
4151
4220
4127
4126
4245
4325
4224
4114
4166
4242
4124
3757
3334
3049
2827
2570
2334
2181
2048
1746
1181
471
-213
-749
-1074
-1216
-1322
-1604
-2144
-2739
-3122
-3214
-3193
-3329
-3665
-4086
-4444
-4632
-4672
-4662
-4739
-4983
-5216
-5177
-4797
-4333
-4175
-4321
-4382
-3966
-3045
-2043
-1355
-1026
-848
-576
-143
371
893
1321
1578
1782
2102
2489
2658
2407
2020
2014
2475
2986
3051
2658
2164
1811
1659
1650
1747
1787
1552
1077
697
685
874
897
651
432
532
838
1101
1177
1113
967
729
648
938
1525
1953
1749
1166
703
730
1066
1304
1405
1417
1506
1518
1384
1185
927
779
647
690
860
907
719
71
-569
-941
-934
-695
-707
-880
-1230
-1433
-1527
-1740
-1932
-2113
-1931
-1637
-1550
-1717
-2087
-2161
-1992
-1695
-1476
-1450
-1400
-1429
-1440
-1480
-1483
-1308
-1140
-981
-956
-984
-1012
-1156
-1252
-1226
-962
-631
-498
-497
-496
-322
-154
-226
-439
-502
-156
373
703
663
368
121
30
156
479
814
936
735
503
576
931
1212
1140
890
823
1032
1338
1558
1665
1646
1492
1301
1282
1528
1804
1800
1533
1306
1327
1424
1370
1196
1084
1114
1149
1114
1078
1060
988
839
775
938
1216
1322
1081
649
326
306
539
786
775
400
-160
-601
-791
-836
-933
-1102
-1236
-1371
-1644
-2132
-2663
-2960
-2945
-2774
-2677
-2702
-2805
-2993
-3250
-3503
-3521
-3186
-2644
-2161
-1935
-1922
-1984
-1975
-1804
-1384
-761
-151
257
417
492
599
726
859
1052
1352
1672
1837
1767
1566
1386
1262
1156
1078
1104
1168
1145
954
679
543
571
645
632
548
528
634
814
983
1100
1117
1023
931
1022
1335
1654
1696
1517
1424
1608
1899
1970
1765
1514
1501
1773
2108
2215
1936
1413
1030
1072
1423
1639
1397
798
240
3
30
70
-79
-393
-710
-889
-951
-1058
-1329
-1710
-1980
-1979
-1815
-1730
-1915
-2343
-2777
-3030
-3040
-2889
-2711
-2629
-2711
-2925
-3144
-3205
-3027
-2698
-2373
-2162
-2080
-2051
-1982
-1839
-1631
-1397
-1170
-896
-542
-169
70
78
-16
71
466
1010
1419
1529
1406
1204
1089
1146
1325
1478
1463
1312
1177
1160
1237
1279
1244
1206
1249
1398
1595
1756
1790
1691
1582
1617
1861
2137
2182
1911
1522
1323
1451
1748
1976
2005
1872
1708
1659
1771
1927
1944
1813
1699
1756
1916
1919
1597
1081
628
374
299
261
130
-166
-595
-1034
-1355
-1548
-1720
-1950
-2219
-2440
-2600
-2752
-2936
-3142
-3367
-3615
-3836
-3906
-3766
-3498
-3303
-3312
-3465
-3585
-3509
-3209
-2751
-2301
-1999
-1833
-1681
-1416
-1040
-706
-491
-277
110
673
1206
1489
1529
1542
1721
2055
2341
2413
2279
2104
2054
2166
2323
2317
2028
1547
1137
1020
1171
1329
1285
1072
863
776
772
724
593
434
346
402
610
879
1021
892
557
262
226
456
752
936
980
933
864
788
726
669
602
538
538
690
900
975
813
478
168
13
39
162
271
244
19
-322
-605
-722
-714
-699
-777
-952
-1157
-1333
-1445
-1493
-1545
-1663
-1815
-1914
-1888
-1801
-1788
-1891
-2010
-2004
-1839
-1589
-1370
-1259
-1255
-1253
-1123
-814
-427
-145
-34
12
121
308
467
528
556
611
688
719
639
488
314
134
-23
-123
-140
-132
-198
-369
-597
-766
-801
-703
-550
-436
-397
-391
-307
-102
154
322
345
369
595
1071
1579
1830
1781
1670
1796
2189
2577
2739
2687
2612
2700
2881
2975
2858
2561
2305
2251
2347
2379
2158
1709
1273
1046
1011
962
719
311
-82
-315
-410
-518
-780
-1169
-1540
-1750
-1807
-1864
-2059
-2380
-2703
-2909
-2981
-3001
-3057
-3168
-3292
-3344
-3307
-3233
-3170
-3110
-2977
-2742
-2456
-2188
-1974
-1775
-1554
-1297
-1017
-711
-344
49
370
536
575
634
828
1133
1435
1603
1620
1570
1518
1496
1484
1447
1378
1307
1274
1284
1263
1138
921
706
618
681
841
990
1040
982
851
745
751
890
1089
1229
1237
1136
1016
958
953
940
877
773
690
650
624
548
401
233
132
158
247
291
199
0
-153
-153
11
207
254
132
-61
-166
-110
31
107
41
-115
-247
-294
-307
-373
-547
-778
-943
-1000
-1016
-1114
-1351
-1658
-1882
-1932
-1865
-1811
-1892
-2096
-2296
-2356
-2236
-2035
-1883
-1850
-1891
-1852
-1661
-1348
-1028
-801
-646
-469
-185
182
534
787
955
1128
1396
1744
2066
2251
2270
2224
2247
2393
2606
2739
2715
2533
2300
2130
2057
2038
1976
1806
1530
1227
977
792
632
426
174
-90
-295
-422
-514
-626
-802
-1013
-1157
-1176
-1111
-1053
-1105
-1248
-1390
-1436
-1358
-1232
-1162
-1196
-1274
-1314
-1262
-1145
-1037
-980
-937
-847
-680
-459
-280
-185
-149
-114
-3
180
375
512
538
469
395
367
394
415
375
270
148
66
16
-42
-144
-286
-419
-478
-453
-402
-391
-448
-530
-560
-493
-361
-239
-174
-154
-121
-34
94
201
249
262
268
315
397
466
485
440
368
344
390
463
505
480
427
413
443
510
584
641
694
757
853
974
1070
1121
1152
1199
1296
1415
1507
1526
1460
1354
1259
1201
1153
1064
918
724
522
350
212
67
-109
-303
-469
-580
-666
-776
-932
-1104
-1236
-1297
-1319
-1350
-1440
-1587
-1729
-1825
-1861
-1867
-1889
-1926
-1955
-1938
-1905
-1880
-1861
-1837
-1765
-1651
-1511
-1384
-1289
-1223
-1169
-1079
-940
-774
-615
-480
-367
-268
-175
-74
52
206
377
555
727
890
1034
1149
1249
1367
1511
1679
1836
1957
2039
2058
2050
2015
1970
1943
1919
1887
1809
1667
1481
1281
1101
960
854
743
619
496
385
310
244
181
125
100
124
176
211
198
155
114
105
132
149
129
51
-48
-121
-169
-200
-267
-378
-482
-548
-559
-557
-607
-715
-839
-912
-911
-864
-828
-867
-955
-1032
-1044
-1001
-964
-966
-1020
-1074
-1070
-1021
-969
-960
-1004
-1061
-1076
-1027
-944
-888
-887
-924
-944
-915
-836
-741
-676
-645
-640
-601
-503
-370
-241
-155
-107
-67
12
150
308
450
537
571
590
647
764
886
979
1019
1042
1086
1161
1251
1305
1314
1289
1278
1324
1422
1531
1582
1535
1443
1365
1355
1400
1432
1412
1330
1230
1143
1072
1001
895
751
588
453
369
309
206
28
-199
-414
-553
-628
-679
-752
-863
-988
-1096
-1156
-1185
-1202
-1232
-1269
-1269
-1218
-1147
-1099
-1092
-1118
-1120
-1058
-955
-856
-805
-809
-829
-806
-736
-654
-591
-583
-602
-601
-559
-484
-450
-474
-534
-576
-563
-511
-455
-456
-516
-576
-583
-526
-428
-357
-345
-353
-342
-269
-139
-9
79
130
187
279
424
589
720
779
806
859
973
1130
1259
1313
1291
1258
1282
1369
1474
1513
1445
1333
1273
1298
1373
1401
1334
1206
1106
1089
1125
1142
1083
969
864
805
786
744
654
521
390
302
241
160
35
-113
-254
-367
-472
-596
-745
-887
-997
-1077
-1153
-1258
-1392
-1519
-1602
-1620
-1606
-1601
-1612
-1622
-1601
-1573
-1544
-1516
-1485
-1416
-1308
-1166
-1035
-962
-931
-926
-915
-881
-823
-750
-664
-574
-511
-485
-494
-521
-530
-479
-364
-204
-33
116
244
334
425
531
643
775
928
1097
1263
1411
1491
1503
1465
1412
1377
1370
1389
1413
1411
1364
1276
1143
993
850
732
658
635
642
642
622
560
475
400
342
336
385
478
582
661
704
699
667
626
602
602
616
633
626
577
479
329
150
-25
-175
-294
-400
-510
-650
-819
-998
-1160
-1288
-1385
-1443
-1498
-1557
-1617
-1691
-1742
-1777
-1770
-1730
-1694
-1650
-1625
-1610
-1594
-1581
-1545
-1485
-1388
-1262
-1122
-974
-856
-745
-645
-541
-401
-241
-48
145
343
531
693
848
969
1083
1177
1264
1365
1457
1551
1622
1668
1679
1662
1623
1560
1507
1448
1385
1326
1252
1166
1029
863
680
496
335
195
95
11
-63
-153
-275
-402
-518
-582
-588
-543
-441
-326
-220
-138
-83
-41
-4
69
183
335
504
641
737
768
745
701
644
609
598
589
558
486
368
215
25
-171
-351
-507
-627
-722
-818
-921
-1037
-1159
-1273
-1364
-1414
-1420
-1400
-1365
-1321
-1290
-1278
-1274
-1259
-1215
-1151
-1065
-972
-892
-833
-788
-747
-689
-610
-513
-387
-273
-179
-86
0
105
227
358
484
593
676
737
789
837
901
964
1022
1059
1066
1036
981
925
889
869
856
837
800
732
635
536
454
413
397
390
392
386
368
342
325
324
357
419
493
565
618
652
660
649
651
669
697
724
740
718
663
578
472
371
284
217
153
72
-45
-202
-382
-562
-709
-818
-904
-991
-1082
-1183
-1284
-1377
-1451
-1490
-1508
-1498
-1471
-1446
-1413
-1386
-1364
-1324
-1265
-1201
-1129
-1063
-999
-944
-898
-835
-769
-697
-622
-543
-448
-344
-232
-112
10
135
267
398
525
653
784
922
1053
1172
1283
1369
1438
1484
1508
1530
1542
1534
1513
1476
1414
1326
1211
1076
946
818
704
597
488
377
253
128
7
-102
-182
-226
-240
-234
-222
-218
-223
-234
-242
-231
-200
-153
-98
-50
-19
-9
-31
-69
-118
-167
-208
-251
-290
-340
-398
-470
-553
-625
-699
-751
-775
-774
-759
-733
-702
-672
-642
-608
-556
-485
-386
-286
-203
-129
-82
-65
-70
-93
-104
-104
-102
-96
-98
-116
-155
-204
-255
-291
-293
-271
-225
-168
-107
-48
-11
28
64
118
206
302
410
514
596
658
690
714
737
769
823
872
910
923
898
841
765
687
626
571
523
471
395
305
196
77
-40
-156
-243
-302
-339
-353
-372
-393
-421
-466
-500
-522
-509
-463
-399
-328
-268
-235
-232
-243
-258
-263
-245
-210
-167
-135
-125
-154
-212
-271
-313
-327
-312
-286
-264
-256
-278
-310
-343
-357
-343
-292
-212
-143
-99
-94
-121
-151
-158
-129
-73
-7
41
43
12
-19
-43
-30
19
83
162
223
260
268
278
302
344
416
490
563
616
643
652
653
670
699
738
784
815
828
830
818
802
794
778
760
729
674
604
514
426
334
224
119
10
-115
-243
-384
-513
-626
-724
-800
-869
-925
-979
-1035
-1076
-1088
-1078
-1045
-991
-938
-886
-827
-773
-716
-646
-569
-492
-426
-380
-339
-301
-275
-255
-235
-231
-238
-235
-243
-246
-253
-268
-280
-287
-275
-258
-240
-208
-177
-147
-111
-77
-29
22
70
119
167
217
263
303
338
372
411
455
495
528
567
588
614
638
656
684
708
737
759
780
805
820
842
867
885
906
919
926
924
911
895
872
838
802
757
700
642
576
503
447
383
308
242
173
103
27
-50
-119
-183
-244
-304
-363
-433
-504
-573
-647
-711
-765
-822
-879
-929
-981
-1034
-1082
-1120
-1151
-1172
-1176
-1178
-1182
-1182
-1175
-1165
-1147
-1114
-1076
-1027
-972
-913
-854
-792
-727
-652
-570
-483
-396
-310
-229
-161
-94
-26
40
102
170
241
298
357
402
447
492
532
578
622
671
716
755
790
810
823
836
854
874
889
891
882
874
857
833
817
802
781
760
728
688
647
601
559
522
487
461
436
411
369
322
278
232
195
163
134
99
51
-3
-63
-116
-166
-215
-257
-289
-324
-358
-392
-427
-452
-467
-467
-453
-435
-412
-399
-395
-378
-362
-350
-328
-302
-278
-266
-259
-262
-264
-265
-273
-269
-265
-266
-279
-299
-327
-366
-398
-411
-417
-419
-430
-455
-490
-521
-541
-547
-531
-498
-466
-451
-448
-457
-463
-432
-371
-297
-223
-152
-107
-84
-57
-20
50
140
238
333
400
444
466
497
537
593
672
748
806
825
816
796
774
777
800
831
845
832
791
728
663
608
573
558
534
499
443
361
274
197
138
90
49
5
-49
-115
-192
-260
-312
-350
-375
-389
-411
-435
-475
-518
-541
-552
-536
-512
-497
-491
-488
-483
-483
-470
-442
-403
-358
-330
-303
-288
-287
-282
-268
-247
-232
-209
-196
-202
-213
-232
-248
-248
-246
-230
-223
-222
-215
-215
-193
-163
-123
-79
-43
1
41
82
130
180
239
289
342
386
424
464
496
529
555
576
606
629
640
644
654
658
656
641
622
624
604
584
557
510
470
421
371
313
246
190
130
65
-6
-76
-143
-202
-261
-323
-370
-406
-452
-489
-524
-552
-553
-556
-551
-546
-544
-527
-512
-503
-482
-454
-421
-398
-385
-361
-345
-337
-311
-293
-276
-251
-227
-197
-171
-145
-113
-76
-39
-4
27
53
94
124
144
172
195
215
224
217
222
224
219
210
193
172
157
139
122
116
94
75
64
50
43
42
43
46
44
47
59
69
84
95
109
130
143
153
166
181
195
199
191
197
197
195
197
194
190
180
170
166
159
155
150
135
124
112
95
87
75
61
44
23
3
-21
-44
-65
-87
-108
-131
-149
-166
-186
-197
-209
-228
-241
-248
-264
-280
-287
-294
-300
-302
-302
-300
-298
-300
-287
-275
-259
-232
-217
-202
-187
-168
-148
-129
-105
-84
-64
-43
-26
-16
-8
0
4
11
10
13
17
9
7
-2
-9
-14
-21
-21
-23
-24
-21
-13
-3
17
42
65
94
116
146
185
224
272
323
362
400
437
472
506
520
538
552
568
591
586
571
565
552
553
540
500
470
432
398
359
305
265
227
179
132
72
19
-30
-93
-139
-193
-248
-296
-358
-413
-470
-517
-555
-601
-644
-697
-721
-745
-775
-787
-819
-824
-816
-815
-803
-805
-800
-778
-758
-725
-703
-692
-644
-602
-560
-503
-474
-412
-348
-292
-225
-167
-95
-44
7
76
128
199
260
299
352
392
436
485
519
555
585
602
628
647
677
691
682
675
662
660
646
634
626
603
585
549
521
497
476
475
459
440
403
356
313
259
223
199
185
179
157
118
57
3
-39
-65
-79
-99
-111
-130
-160
-201
-254
-291
-324
-340
-345
-358
-371
-399
-427
-461
-482
-483
-484
-460
-454
-452
-446
-445
-414
-401
-375
-351
-338
-309
-291
-256
-212
-161
-118
-84
-49
-35
-6
18
50
91
118
152
153
136
124
109
101
97
113
122
119
115
93
71
55
49
44
48
66
65
67
61
55
65
61
77
97
118
138
136
131
134
143
151
162
167
156
152
149
144
140
133
126
117
116
111
106
106
99
92
79
65
48
45
44
29
16
-3
-20
-30
-42
-53
-64
-75
-87
-96
-95
-92
-101
-108
-105
-107
-102
-87
-84
-77
-69
-64
-63
-60
-52
-48
-36
-25
-23
-20
-19
-23
-13
-10
-22
-30
-31
-28
-21
-16
-20
-20
-19
-27
-34
-36
-33
-34
-33
-38
-41
-42
-46
-50
-51
-48
-45
-39
-39
-38
-37
-40
-32
-28
-21
-7
-4
12
30
35
49
61
67
81
94
113
137
159
177
187
186
179
175
184
190
183
174
158
137
112
86
68
50
36
15
-7
-25
-49
-71
-90
-109
-115
-115
-109
-114
-133
-151
-152
-148
-144
-132
-122
-107
-106
-117
-125
-128
-113
-93
-79
-69
-60
-53
-49
-47
-42
-25
-12
1
13
24
34
31
36
45
53
63
65
62
56
48
37
35
40
42
39
38
41
37
29
27
24
27
32
31
29
33
32
29
29
23
27
26
24
30
35
45
48
43
37
34
19
12
18
16
22
21
13
10
11
15
7
3
12
10
12
10
21
25
22
29
21
19
16
11
13
0
-9
-7
-2
1
-5
-19
-25
-15
-15
-22
-25
-36
-39
-49
-59
-59
-69
-80
-95
-106
-106
-113
-119
-131
-134
-130
-134
-129
-126
-119
-112
-100
-81
-76
-71
-64
-48
-30
-24
-8
15
37
55
60
68
76
78
79
78
79
82
80
76
76
81
84
82
79
83
97
104
110
122
122
124
135
143
153
164
164
165
167
161
158
150
138
124
110
97
81
67
48
37
21
-5
-28
-45
-58
-71
-81
-99
-117
-125
-134
-141
-144
-144
-139
-137
-134
-127
-127
-119
-105
-101
-89
-72
-64
-58
-46
-32
-20
-12
-12
-8
-8
-3
7
10
14
15
19
18
14
8
1
6
-4
-10
-11
-16
-15
-27
-34
-20
-29
-43
-49
-44
-31
-35
-48
-41
-26
-24
-28
-16
13
21
11
11
30
39
29
27
37
52
51
33
37
49
40
27
30
45
46
38
40
55
63
60
65
75
89
75
69
77
83
85
76
76
71
52
32
20
18
11
-5
-17
-16
-17
-43
-55
-49
-48
-61
-89
-88
-70
-80
-108
-108
-80
-80
-116
-109
-75
-73
-92
-97
-64
-56
-79
-81
-54
-35
-58
-59
-35
-22
-18
-21
0
23
20
0
6
31
28
27
28
48
53
38
45
41
40
34
38
45
44
46
38
47
46
47
51
47
62
70
77
69
74
89
89
96
96
112
116
123
122
107
120
107
96
83
82
89
65
49
43
35
12
-8
-9
-16
-34
-58
-61
-63
-73
-86
-98
-85
-94
-107
-120
-126
-123
-132
-138
-142
-126
-122
-136
-129
-125
-108
-116
-120
-88
-78
-72
-83
-73
-53
-46
-39
-45
-15
1
-3
-7
-10
14
8
2
2
14
30
18
17
18
36
33
12
38
52
66
57
40
48
48
56
47
65
86
74
59
34
45
47
38
39
35
61
41
6
8
32
60
31
32
56
71
81
60
80
109
128
134
129
144
142
150
139
118
124
133
146
106
83
90
83
60
14
19
21
-8
-46
-62
-43
-75
-100
-94
-95
-119
-151
-158
-147
-160
-192
-186
-169
-194
-234
-227
-188
-209
-233
-207
-179
-169
-198
-198
-152
-139
-163
-172
-127
-99
-100
-110
-117
-93
-74
-87
-119
-120
-81
-72
-114
-142
-108
-72
-114
-154
-124
-74
-76
-109
-80
-21
-1
0
10
62
108
121
137
176
232
260
284
319
349
397
418
434
469
480
500
519
514
520
539
551
554
526
507
517
495
452
408
382
369
324
261
223
196
154
93
36
-3
-54
-108
-155
-197
-236
-281
-330
-382
-425
-447
-473
-509
-561
-592
-593
-606
-624
-652
-676
-671
-669
-663
-655
-653
-631
-610
-592
-562
-535
-499
-469
-432
-368
-312
-269
-215
-147
-93
-61
-14
40
80
118
158
206
243
259
282
306
335
353
355
365
387
389
381
380
386
398
402
398
396
403
404
404
395
389
397
401
387
372
370
363
341
323
313
293
268
248
220
193
175
149
122
95
73
44
7
-26
-53
-69
-92
-125
-141
-152
-181
-201
-210
-238
-256
-264
-285
-300
-311
-337
-357
-364
-383
-392
-390
-404
-413
-409
-404
-407
-402
-386
-377
-363
-347
-335
-325
-297
-272
-258
-241
-218
-178
-150
-123
-94
-62
-29
-11
8
36
66
97
118
134
155
183
211
229
237
266
290
311
323
329
359
379
391
411
432
443
456
470
475
487
498
494
495
503
507
499
494
493
485
472
454
429
412
389
346
302
251
210
170
101
31
-25
-73
-133
-211
-277
-325
-381
-443
-495
-538
-568
-605
-651
-674
-675
-669
-682
-688
-671
-648
-644
-638
-606
-558
-509
-485
-466
-430
-391
-350
-330
-312
-272
-246
-224
-202
-175
-131
-104
-88
-65
-33
2
30
55
75
114
144
168
199
220
250
277
290
307
316
317
336
336
338
354
354
356
353
354
352
340
347
360
358
347
342
341
338
331
325
324
315
307
295
280
271
251
235
214
189
165
121
93
74
40
12
-23
-48
-76
-111
-147
-179
-208
-242
-266
-290
-304
-313
-328
-343
-355
-361
-358
-350
-347
-340
-325
-311
-295
-276
-260
-240
-230
-203
-173
-152
-122
-110
-90
-77
-58
-36
-32
-20
-20
-9
14
19
27
35
39
47
55
67
68
81
92
89
100
101
114
115
107
110
105
116
113
105
106
105
115
104
104
110
101
99
95
95
91
91
95
79
72
57
57
55
48
55
30
40
27
24
46
20
43
32
40
64
40
62
45
52
47
25
32
9
16
0
-10
-22
-44
-42
-70
-72
-87
-102
-95
-110
-111
-133
-137
-142
-153
-142
-157
-157
-158
-157
-153
-153
-138
-147
-138
-133
-119
-96
-91
-64
-56
-34
-15
-4
16
27
54
63
69
88
100
120
127
139
157
153
159
156
155
164
152
148
141
134
129
113
112
108
101
107
98
92
86
76
76
70
72
67
56
53
42
39
32
18
11
8
2
-8
-7
-12
-18
-27
-46
-46
-54
-65
-68
-94
-102
-112
-125
-129
-141
-150
-156
-173
-185
-193
-191
-191
-199
-193
-191
-181
-168
-165
-152
-138
-117
-105
-93
-74
-54
-31
-12
6
18
23
37
58
68
78
92
98
112
118
131
142
145
156
153
159
166
167
182
181
182
174
164
165
162
156
150
139
126
132
126
117
103
99
100
74
64
44
26
13
-15
-30
-45
-50
-62
-79
-86
-101
-108
-120
-125
-129
-127
-124
-135
-123
-120
-117
-114
-121
-117
-119
-110
-105
-102
-92
-83
-72
-71
-68
-67
-66
-55
-56
-49
-55
-66
-57
-57
-53
-43
-30
-29
-20
-5
-2
15
28
33
42
50
67
69
74
80
84
90
87
86
82
81
89
85
80
76
73
76
69
64
67
59
