19
35
35
41
38
38
34
32
39
36
36
28
18
10
2
7
5
1
-1
-6
-7
-10
-8
-3
1
1
-9
-12
-18
-22
-24
-23
-25
-35
-35
-43
-40
-36
-38
-27
-24
-12
-11
-16
-12
-8
1
2
6
14
12
11
2
2
5
11
22
17
17
14
14
20
12
18
28
29
34
35
47
48
39
43
39
34
34
31
28
23
24
23
21
16
8
-4
-17
-23
-29
-28
-25
-26
-32
-37
-27
-23
-26
-27
-29
-32
-31
-28
-25
-27
-24
-22
-28
-38
-45
-43
-42
-33
-22
-20
-21
-32
-41
-35
-32
-17
-6
-3
-2
-12
-7
-6
4
12
14
22
14
16
22
25
32
33
44
48
48
52
59
57
39
30
28
32
34
39
38
28
32
41
52
50
35
27
19
20
21
16
1
-15
-27
-36
-28
-34
-44
-51
-55
-37
-23
-14
-10
-10
-4
10
27
32
19
10
-2
-10
-4
-5
-2
-18
-42
-57
-72
-76
-66
-55
-52
-61
-68
-63
-51
-29
-5
6
-1
-12
-12
8
28
37
37
29
20
11
9
13
12
17
12
-2
-5
-1
8
19
24
32
42
41
39
36
33
41
56
59
47
22
-4
-7
-5
5
14
17
11
-3
-3
1
10
12
14
10
0
-7
-24
-22
-23
-26
-21
-12
-8
-19
-26
-26
-19
-13
-7
3
7
9
12
14
22
31
31
28
24
27
23
14
7
6
2
-12
-27
-32
-29
-32
-42
-46
-48
-52
-62
-71
-71
-56
-51
-49
-50
-51
-49
-49
-41
-30
-16
-11
-6
-7
-11
-1
14
38
59
68
73
77
78
70
66
65
63
64
59
57
46
30
32
30
32
43
43
38
24
15
10
8
11
18
27
21
10
8
7
21
33
35
39
20
16
11
6
10
2
0
-19
-37
-39
-51
-45
-51
-68
-74
-86
-78
-73
-68
-57
-57
-53
-56
-53
-55
-63
-62
-53
-27
-22
-26
-32
-50
-47
-41
-25
2
15
23
5
-16
-36
-31
5
25
47
28
7
-12
-26
1
22
52
60
42
39
23
28
39
59
77
67
65
37
25
26
18
33
31
25
19
-1
-4
-8
-3
3
3
9
10
16
15
13
19
20
28
35
35
27
21
23
33
41
39
32
23
11
3
4
10
15
10
1
-18
-30
-31
-25
-13
-17
-24
-46
-71
-77
-79
-68
-56
-46
-46
-62
-80
-92
-82
-58
-30
-16
-18
-19
-21
-17
-5
1
11
12
9
10
5
5
-4
-6
-8
-12
1
4
7
4
-9
-12
-14
0
19
32
39
29
20
5
7
20
27
36
20
9
4
6
20
30
46
51
51
51
54
65
65
80
89
90
96
85
88
82
73
77
60
55
40
30
24
13
6
-18
-30
-42
-45
-39
-39
-33
-42
-50
-59
-63
-54
-46
-36
-35
-37
-40
-45
-47
-42
-23
-24
-31
-42
-61
-66
-73
-72
-76
-87
-90
-106
-115
-121
-131
-121
-102
-90
-76
-63
-63
-51
-39
-21
7
24
43
48
47
45
41
54
69
80
83
78
75
70
86
104
117
133
131
118
107
99
113
130
138
136
115
90
58
43
41
42
42
36
29
5
-22
-32
-41
-35
-25
-22
-23
-30
-41
-49
-47
-38
-30
-34
-40
-56
-75
-88
-106
-128
-145
-146
-139
-138
-143
-149
-142
-126
-104
-74
-40
-18
4
25
43
60
82
100
110
109
96
85
72
62
54
42
34
12
1
2
13
31
41
44
38
31
36
36
36
38
28
11
-13
-22
-17
-11
2
1
1
-12
-27
-26
-23
-4
7
8
15
4
-7
-23
-27
-17
-19
-6
-8
-13
-11
-19
-7
-11
-12
-7
-13
-4
-6
-16
-14
-22
-11
4
13
25
18
18
14
7
21
36
56
56
44
41
41
51
54
54
55
45
27
-1
-23
-38
-55
-59
-72
-92
-103
-126
-127
-127
-117
-94
-93
-78
-70
-62
-38
-31
-6
11
24
45
41
48
41
36
51
54
59
46
36
35
32
38
29
32
42
36
28
6
-15
-11
-7
0
-7
2
21
33
41
37
57
73
77
74
66
68
56
45
28
18
22
9
9
0
18
27
-7
-4
-12
13
41
10
5
6
10
-11
-70
-115
-118
-121
-153
-146
-126
-128
-143
-189
-180
-146
-140
-90
-75
-95
-67
-35
-10
-16
-12
45
33
-39
-56
-65
-100
-79
-65
-68
-44
-32
-20
-30
-67
-67
-109
-178
-148
-179
-194
-58
50
71
89
568
1138
341
-889
-617
547
847
54
-251
689
1415
744
-112
-336
-626
-940
-788
24
584
436
240
49
-305
-915
-1143
-756
-189
219
338
607
619
353
266
-16
-202
-107
263
856
1038
745
386
339
405
282
183
198
352
445
344
70
-217
-103
255
240
-292
-393
127
320
-336
-1102
-682
48
36
-430
-549
-35
-22
-324
-524
-527
-383
-537
-402
-193
-19
-20
-216
25
124
-120
-572
-709
-260
109
131
-78
-133
10
132
-62
-342
-426
-128
416
12
-716
-550
168
501
-82
-602
-341
348
416
-122
-322
-40
499
379
156
447
781
942
380
109
501
700
613
433
718
943
599
195
244
628
520
10
-335
-223
-28
-213
-244
-66
25
-120
-477
-702
-752
-541
-333
-417
-414
-251
-115
-172
-289
-235
-179
-191
-239
-125
36
-9
-21
84
263
217
-95
-130
27
143
-38
-328
-86
179
79
-149
-323
-184
-54
-206
-337
-325
-1
454
412
143
214
442
479
105
-337
-74
496
594
343
383
928
474
-1210
-1576
-88
938
225
-607
219
1333
862
-550
-1097
-506
-106
-342
-186
703
1092
583
-346
-1002
-545
148
406
608
739
990
988
688
526
-7
-637
-826
-731
-303
-141
-484
-628
-516
-668
-1037
-1111
-1402
-1686
-1300
-471
526
486
-71
-281
-479
-317
-178
411
1335
1795
1518
241
-698
-918
178
1258
812
815
1228
1599
353
-1289
-754
-70
-51
126
1173
1347
202
-581
-813
-1006
-1366
-298
1108
1085
713
651
154
-512
-705
-100
463
-113
411
876
509
-20
-394
611
-306
-1675
-1182
-276
199
-546
-517
135
-37
-319
-1071
-1373
-579
-679
-129
335
569
1495
541
-16
-736
-826
174
-48
970
797
1306
1667
-293
-458
-611
143
-475
-918
1068
392
758
185
-1391
-903
-1973
-964
-645
-222
1261
170
673
-643
-1448
-508
-878
-105
-299
1616
3412
2513
878
-2312
-2305
-1550
-615
770
1061
2916
2503
667
483
-1009
-1993
-2676
-1769
1565
2644
3294
2562
765
-833
-2435
-2696
-1178
1171
1386
1482
1288
284
-29
-1721
-1963
-1336
-737
787
862
648
-250
-844
-933
-917
-570
62
532
612
400
-1016
-437
988
-565
-770
769
490
300
138
79
153
-83
-333
-469
-47
36
6
277
875
56
-926
-692
-1612
-1483
-196
-174
185
236
-316
86
-232
-700
-1423
-1340
225
273
362
1179
1064
543
-285
-362
251
750
834
633
1712
1813
491
-59
282
1443
260
215
1523
393
-237
-728
-408
427
606
-8
-1149
-106
909
-893
-1424
-631
-687
-767
-325
-20
44
808
1013
41
-422
-648
-885
-711
279
811
576
729
342
-267
-750
-369
-255
-783
-273
-303
-166
458
-53
-673
-686
-286
-749
-835
313
772
721
-372
-954
-660
-147
887
-31
-790
-168
389
-157
-635
355
-211
-786
-504
-133
792
635
648
721
681
215
-947
610
2044
734
-187
558
2261
1600
92
113
-723
-655
189
-143
262
1707
1481
-710
-1874
-1409
-1112
-523
-66
-400
431
871
-259
-417
91
-693
-2131
-1451
383
1190
1861
1660
692
308
-308
-1613
-1398
361
982
682
1097
1410
134
-425
-201
-1265
-1486
-1032
-278
1205
1200
-257
-1392
-872
-639
-1363
-839
-941
-761
907
630
-1108
-1424
-297
-254
-1079
-942
-413
777
1313
220
-495
-249
359
289
81
420
338
971
1479
1011
1079
567
276
389
8
1
38
1359
1965
342
-368
-407
-52
170
-277
-381
-403
-171
-42
445
761
-215
-1137
-1186
-534
-561
-547
139
537
1078
699
-244
-791
-853
-77
48
-187
252
1080
2171
1846
-218
-1568
-1146
-310
90
671
1255
1361
840
-129
-655
-1168
-919
-203
-58
620
741
152
221
-101
-1306
-1829
-1562
-604
719
914
448
-335
-498
-466
-1943
-2223
-967
57
655
914
841
359
-651
-1837
-1504
-769
-332
761
1703
1778
996
514
5
-913
-911
-918
-134
1479
2368
1999
434
-688
-1353
-1568
-629
11
364
541
933
1312
171
-142
-459
-1438
-850
-25
1094
2052
1343
616
-800
-1060
-548
-578
542
547
540
800
-209
407
339
-409
-1544
-1834
477
1563
2247
721
-1217
-585
-1660
-1052
14
503
859
-803
169
364
661
683
-1262
189
-394
-544
405
450
2177
746
669
-111
-706
1127
-577
-212
-56
143
595
-696
352
-332
-260
-936
-1890
-1002
-936
-252
-847
-475
-285
-1020
-1040
-1507
-1045
-930
-168
56
496
507
73
451
-390
-141
415
985
1365
1130
837
177
325
580
796
850
670
478
151
-84
179
694
491
-465
-632
-11
-27
441
521
-35
137
-422
-656
-400
-296
460
271
302
215
-87
260
-193
-35
15
-117
201
51
419
440
460
402
7
-382
-647
-4
535
511
405
-71
-364
-63
-33
-300
-448
-176
39
-626
-510
-401
-671
-666
-1105
-813
-447
-187
-254
-573
-271
-315
-465
-239
112
142
-19
-251
-232
368
603
198
-28
-123
-215
-192
-98
378
619
312
202
45
-105
190
331
384
287
302
702
454
522
316
-238
-102
-344
57
666
589
182
-76
193
-55
-75
242
26
387
464
19
234
233
322
234
54
356
-119
-136
97
62
-99
-106
297
24
38
-318
-683
-425
-138
212
-319
-394
-189
-141
155
24
78
-83
-138
112
-62
271
-196
-833
-209
-311
-89
212
-30
-460
-880
-636
-1045
-1403
-646
824
1550
972
-41
-1006
-768
-570
-440
-79
-281
524
991
516
341
-237
-705
-1101
-1053
-187
1048
1981
1074
156
-140
-201
635
927
630
-266
-713
-190
-2
460
378
-57
-201
-697
-501
114
322
299
-86
-116
290
408
161
432
801
175
-190
141
785
923
151
-918
-732
-65
-29
485
683
440
-176
57
-263
-1462
-820
163
759
684
271
2
-754
-743
-1155
-1376
-115
49
867
913
222
239
-435
-480
-844
84
965
686
708
326
-177
-110
128
90
457
-173
-932
-701
-49
228
-29
86
-545
-537
498
-48
-215
-211
-995
-1175
-600
331
250
167
-163
-306
209
-272
-450
73
44
26
548
735
273
-10
-448
-701
-165
-29
241
661
272
-225
240
189
-476
300
920
419
219
392
463
680
742
389
-189
-169
313
1005
1387
314
-848
-1022
-62
542
1189
1545
24
-976
-1396
-368
622
251
787
162
-598
-958
-815
311
280
-358
-1363
-513
535
102
294
-412
-742
-962
-1176
-227
374
341
-401
-544
-246
-569
-832
-301
-48
-566
-412
-149
82
487
523
-7
-170
180
-61
208
982
992
393
165
228
157
370
640
708
673
554
318
582
637
-69
-445
-767
-463
441
940
787
-356
-1561
-2091
-1499
-604
-216
-64
-522
-1182
-1719
-1378
-861
-897
-531
-351
-33
-34
-327
103
177
230
475
640
928
907
1010
1225
1338
911
345
674
907
1122
1092
933
903
-50
-542
-214
650
1047
344
394
77
-228
-11
-381
75
313
253
683
1088
1062
278
126
-435
-461
680
1201
1740
1245
684
-134
-1081
-750
-768
-146
312
339
271
-530
-1523
-2468
-1998
-1849
-1585
-941
-1263
-992
-987
-1205
-1852
-2397
-1709
-1060
-516
-65
-8
-157
33
5
-65
148
-241
-8
1122
1902
2103
1767
1146
658
84
-270
17
672
1149
637
404
465
-55
-827
-2177
-3245
-3214
-1666
68
378
-358
-1933
-3251
-3433
-2444
-818
391
971
970
517
386
805
964
1184
2065
2834
3225
3605
3812
3794
3523
2983
2566
2484
3010
3852
4137
3407
2021
903
189
-146
-34
145
-22
-635
-1518
-2363
-2713
-2827
-3115
-3551
-3702
-3133
-2395
-2050
-1990
-2260
-2757
-3039
-2638
-1381
-319
331
518
-203
-525
278
1261
1302
1104
978
890
1380
1395
1407
1260
800
428
-76
341
274
-277
-387
-702
-768
-709
-562
-660
-969
-1500
-1923
-1597
-1416
-872
-225
-234
-403
-1104
-1586
-1183
-216
1080
1961
2044
1317
443
635
1955
3228
3934
3544
1926
1061
1237
1846
2333
1716
786
9
-253
-234
-692
-1724
-3202
-4162
-4397
-3628
-2476
-2371
-3103
-4702
-6031
-5954
-4505
-1915
-504
-588
-1079
-1823
-1356
-92
1169
2625
3672
4293
4518
4828
5339
5415
5193
4861
4907
5304
5718
5944
5229
3850
2367
1401
1294
1517
1776
1231
-323
-1959
-3075
-3340
-3150
-3065
-3143
-3415
-3735
-3905
-3979
-4096
-4414
-4730
-4330
-3023
-1486
-475
-585
-1548
-2144
-1792
-401
1193
1901
2027
1671
1232
926
805
1321
1538
1526
1355
1179
1384
975
482
-43
64
297
-244
-75
-342
-778
-1283
-2053
-1683
-862
98
256
-510
-1275
-1893
-1657
-379
1260
2210
2453
1789
599
493
1448
2813
3552
3002
2395
2453
2500
2128
1122
215
-103
-290
351
1355
1173
-891
-4140
-6220
-6048
-4375
-2546
-1880
-3128
-5920
-8124
-8154
-6315
-3915
-2524
-2092
-2249
-2722
-2405
-1254
369
1611
2332
3408
4458
5212
5666
5878
6014
5917
6071
6979
8113
8440
7484
5827
4181
3189
3519
4449
4642
3571
1427
-468
-1776
-2997
-3517
-3189
-2626
-2797
-3668
-4500
-5350
-6067
-6413
-6143
-5264
-4155
-2995
-2114
-2161
-3148
-3877
-3587
-2356
-595
789
1462
1496
862
495
1002
1558
1916
2279
2557
2577
2212
2003
2014
1842
1153
215
81
447
725
831
480
-569
-1864
-2113
-1120
405
1170
816
344
-305
-802
-606
361
2127
3638
3810
2501
515
-462
232
1422
2292
2320
1540
475
-653
-977
-988
-1905
-3565
-4635
-4104
-3075
-2707
-3343
-4827
-7034
-9056
-8801
-6132
-2849
-1312
-2214
-4077
-5640
-5572
-3080
642
3491
4448
3983
3468
3610
4452
6044
7474
8059
8095
8248
8655
8347
7247
6195
5643
5548
5740
6096
5774
4052
1177
-1273
-2265
-2436
-2084
-1754
-2310
-3982
-6095
-7197
-6923
-6264
-5956
-5888
-5774
-5515
-4849
-3744
-2940
-3023
-3296
-2640
-1098
450
1357
1674
1648
1393
1527
2575
3757
4279
3864
2848
2233
2138
2390
2930
3027
2383
975
-463
-1173
-1284
-858
-533
-782
-1132
-1208
-934
-759
-1281
-2048
-1910
-405
1779
3357
3063
1023
-1102
-1223
737
2648
3235
2782
1568
54
-1173
-1345
-1005
-1716
-2925
-3205
-2760
-2612
-3470
-4947
-6586
-8197
-8490
-6633
-4034
-3026
-4196
-6077
-7001
-6328
-3716
-99
2309
2810
2299
2002
2681
4199
6450
8787
9906
9544
8825
8677
8844
8930
8931
8769
8217
7458
7175
7039
5702
2899
62
-1162
-605
307
5
-1968
-4913
-7325
-8047
-7173
-6031
-6109
-7299
-8436
-8732
-7774
-5972
-4609
-4511
-5293
-5615
-4402
-1974
446
1625
1176
-8
-360
1073
3380
4779
4530
3573
3025
3012
3387
3769
3775
3221
2380
1999
1934
1557
758
42
4
249
-30
-720
-627
790
2143
1731
-454
-2277
-1771
617
2908
3618
2865
1111
-879
-1688
-1087
105
376
-777
-2211
-3294
-3817
-3901
-4005
-4688
-6261
-7595
-7424
-6003
-4770
-4694
-5621
-6728
-6949
-5745
-3310
-973
-46
-17
72
737
1981
3573
5707
7566
8270
8157
8035
8596
9379
10036
10510
10062
8990
8116
8266
8800
7876
5438
2617
1121
1113
1023
457
-1386
-3929
-5976
-6984
-6296
-5882
-6489
-7957
-9867
-9791
-8172
-5897
-4513
-5421
-6655
-7191
-5730
-2819
-440
1069
499
-722
-932
119
2602
4244
4360
3306
1813
1456
2038
3296
4005
3346
1907
90
-248
1098
2591
2770
1010
-954
-1460
349
2924
3538
1729
-1373
-2230
134
2779
3562
2301
876
-328
-1080
-125
1606
2003
-272
-2923
-3521
-2530
-1241
-1147
-2052
-4627
-7642
-7560
-5055
-2485
-2562
-4947
-6799
-7676
-6523
-3533
-739
-115
-1582
-2416
-1621
519
3000
5064
5946
5243
5059
5810
7271
8784
9213
9238
8516
7473
7681
9069
9531
7471
4344
2334
2608
3501
3184
1664
-1031
-3444
-4974
-5054
-3939
-4194
-6010
-8424
-9550
-8359
-6402
-4817
-5140
-7072
-8613
-7909
-4549
-1181
322
-625
-2681
-3203
-1689
1326
3726
3670
2029
562
780
2240
3516
3691
2542
1071
-15
-18
1495
3149
3211
1177
-1180
-1387
863
3522
3607
774
-1726
-1256
1085
2616
2992
2876
1783
-717
-2336
-347
2512
2000
-1329
-3712
-3232
-2108
-1832
-1825
-2860
-5419
-7523
-6503
-3090
-727
-1143
-3368
-5459
-6126
-4321
-885
1284
1103
-392
-1082
-73
1830
4350
6197
6172
5028
4544
5857
7656
8974
9418
8688
7280
6338
7499
8542
7161
4415
2168
2423
3076
2376
1045
-1034
-2962
-4597
-4954
-4305
-4607
-6036
-8634
-10196
-9644
-7715
-5686
-5990
-7586
-9379
-9514
-6578
-2966
21
331
-1537
-2582
-2037
699
3815
5378
4941
2951
1689
2166
3782
4778
4222
2475
466
-72
1257
3826
4586
1576
-1524
-1026
2357
3674
705
-2012
-1024
893
485
-112
1197
1704
-1266
-4233
-2038
1963
1943
-1126
-3067
-2567
-2550
-3362
-2480
-1594
-3430
-6167
-6200
-3598
-1303
-1359
-3163
-4701
-5111
-3378
-512
667
590
158
-125
283
1351
3731
5786
5614
4681
4718
5584
6495
7450
8484
8820
7550
6772
8441
9429
7866
5202
4121
5281
5033
3080
1769
1218
137
-1878
-3024
-3456
-4599
-6856
-8760
-8629
-7866
-7153
-7215
-8731
-10656
-11931
-10107
-6390
-3877
-2791
-3925
-5315
-4528
-2013
1390
3775
4269
3148
1912
2067
3740
6612
7610
5755
3202
1851
3031
4725
5335
3720
864
1005
2737
2120
-1308
-3701
-1833
587
-188
-2254
-1727
-902
-3868
-6219
-3597
682
78
-4788
-6175
-3923
-2788
-3149
-2813
-1544
-2949
-6324
-6434
-2838
620
1337
-198
-2752
-4152
-2674
636
3420
3675
2775
1888
757
1189
3603
6574
7440
5553
3926
3694
4585
6215
7987
8410
7040
6268
5916
5417
4728
4088
5361
6279
4980
2758
1000
858
886
972
646
-1113
-2887
-4585
-5331
-5324
-5303
-5269
-6378
-7716
-9574
-10558
-8482
-5927
-4071
-4571
-6791
-6974
-4949
-2059
-343
18
-207
-716
-308
1037
3015
4132
3555
2341
2016
3415
4729
5113
4205
3594
5523
6471
3271
-1488
-1857
2703
4844
1853
-1134
-423
-484
-4168
-5311
-1243
1632
-2272
-7973
-7619
-4072
-3389
-4991
-5391
-5106
-7186
-9136
-6936
-2480
-529
-2237
-4566
-5127
-3603
-1210
1053
2596
2687
2254
1634
1708
3811
6531
8058
7561
6191
5675
5801
6455
7832
9152
8835
8275
8763
8035
6177
4391
4603
6994
7398
5045
2199
431
-365
-129
1738
2239
-218
-4199
-6958
-6242
-4040
-2602
-3647
-6438
-8987
-11283
-10499
-6898
-3990
-3078
-5732
-8923
-8182
-4340
-705
569
333
-644
-1629
-1122
1022
3513
3889
2545
1912
3002
4510
3572
2586
4556
6688
5215
495
-1270
2225
5027
2565
-723
713
1835
-2243
-6172
-3733
828
-1051
-6596
-7407
-4287
-4202
-7868
-9077
-6616
-5889
-7778
-8101
-6218
-5206
-6061
-6369
-4651
-2429
-1204
-964
-699
738
2840
4103
4381
4902
6519
8045
8144
8138
8850
9036
8167
7925
9712
10130
8541
8265
8271
7295
4928
3682
5865
7157
4528
625
31
1479
1440
860
-372
-2342
-4521
-5589
-3914
-1872
-1816
-4445
-7527
-8223
-7946
-6629
-4197
-3218
-3811
-5559
-6952
-5864
-2760
-249
-22
-1038
-1638
-865
78
1012
1896
2303
2802
2148
1195
1506
3485
5722
5095
1707
-651
1085
3822
3462
1030
447
1586
400
-1876
-1799
-534
-1743
-4992
-5093
-2232
-2238
-6081
-8693
-8002
-6637
-7545
-8166
-6603
-6306
-7946
-9327
-8490
-6084
-4001
-3351
-3585
-3749
-3356
-654
2517
4352
5165
4582
4701
6173
8200
10646
11846
11263
10062
9504
10306
12211
14406
14150
11308
7904
6671
8296
9722
8736
5631
3269
2055
867
-448
-1482
-2196
-3684
-5610
-6986
-7366
-7198
-7721
-8735
-9306
-10142
-10540
-9343
-8051
-7529
-7797
-7742
-6200
-4214
-3251
-2815
-1895
-856
417
1705
3201
4257
4274
4084
4237
6316
8586
7999
5123
3562
5573
7619
6475
4014
4163
4620
1486
-1611
-492
2716
987
-4399
-6294
-3882
-3017
-6112
-8074
-7426
-7203
-9708
-10995
-9006
-7764
-9126
-11335
-10722
-8463
-7190
-7154
-6785
-5656
-4655
-3554
-2459
-15
2111
2500
2653
4084
6871
8965
8961
8808
9766
10555
11158
11900
14462
15764
13225
9960
9034
10772
12282
12014
9998
8057
5936
3741
3331
3443
2519
-304
-3281
-4637
-5233
-5548
-6081
-7453
-8862
-10081
-11587
-11139
-9295
-8441
-8833
-10103
-10034
-8209
-6907
-6674
-5993
-4692
-3152
-1657
-261
774
128
709
3968
6312
5558
3774
5151
7929
7918
5992
5992
7195
6122
4288
4523
5953
4522
844
166
2034
1968
-1209
-3614
-3849
-3813
-5431
-6595
-5943
-6309
-7956
-9857
-9809
-8289
-7668
-7891
-8285
-8374
-7877
-6771
-5415
-3822
-2994
-2619
-1897
-1314
-52
1310
2345
3865
5351
6101
6274
6354
7277
9073
11516
11844
10301
9013
8925
10426
11595
11238
9693
8628
7458
6328
6167
5859
4365
2175
1408
1354
769
-526
-2750
-4367
-5115
-5811
-6613
-6108
-6486
-7716
-8637
-9246
-8579
-7187
-6297
-6436
-7304
-7673
-6014
-4032
-2816
-2405
-1253
171
-95
-1214
114
3934
5755
4172
2459
3831
5379
3768
3008
4551
5477
2466
-473
713
3389
3365
-343
-2026
-2124
-2876
-4046
-3802
-2727
-3742
-6410
-7428
-6198
-5371
-5398
-5807
-5900
-5694
-5846
-5414
-4449
-3448
-2639
-2300
-1933
-1280
-320
1075
2552
3206
3318
3402
4192
5697
6821
7868
9131
8510
7239
6807
8125
10389
10678
8947
7035
6716
6514
6358
6940
6239
3580
477
62
1549
2077
650
-1897
-3509
-3950
-4157
-4195
-2742
-3342
-5956
-7160
-6619
-4802
-4206
-5034
-6003
-6268
-5460
-3888
-3051
-2594
-1953
-2552
-3535
-3465
-1160
2399
2859
119
-1250
489
2537
1914
1144
2368
2585
-145
-1441
629
2355
934
-2075
-2487
-1617
-1994
-3117
-2822
-2047
-3054
-4904
-5692
-4428
-3350
-2988
-2649
-3193
-4201
-4208
-2729
-664
486
552
514
271
832
2124
2954
3509
4135
4314
4443
4487
4174
4933
5863
6504
6163
5108
4691
4801
5492
6412
6629
5472
4332
3769
3342
3847
4354
3387
1708
384
181
88
84
-329
-1716
-2910
-3363
-3631
-3309
-2784
-3595
-4191
-4343
-4313
-3885
-3422
-3682
-3991
-3631
-3018
-2800
-2570
-671
195
-1285
-3244
-2512
1210
2751
864
-815
93
601
-268
-497
1181
2058
-1237
-3855
-2542
115
-155
-2670
-3315
-2948
-4009
-5381
-4336
-2492
-2658
-4703
-6260
-5179
-3514
-3048
-2692
-2571
-2721
-2996
-2352
-313
1675
2254
1368
541
1351
4224
6211
6290
5865
5446
5434
6125
7932
9729
9230
7156
6656
7285
8004
7815
7021
6982
6689
5092
3438
3815
4291
3426
2000
617
-566
-1829
-2035
-1982
-2292
-2923
-4770
-6359
-6644
-5905
-5382
-4996
-5745
-7072
-7080
-6422
-5087
-4052
-3503
-3930
-4560
-3924
-2456
-1019
43
541
-333
-1202
-1073
1075
3669
3118
1448
1331
2097
2068
1623
1962
2626
967
-1656
-1356
741
1202
-1982
-4602
-4019
-3390
-4344
-4855
-4166
-3947
-5087
-6952
-6637
-4780
-3801
-3785
-4275
-4171
-3544
-2805
-1443
147
943
1084
797
1037
3113
5448
6041
5457
5319
6307
7504
8009
8779
9505
8697
7806
8503
9628
9739
8490
7756
8221
8046
6928
6015
6425
6076
3684
1939
1976
1644
181
-827
-1542
-2252
-3469
-5367
-6352
-6530
-6919
-7488
-7644
-7933
-8342
-8496
-8502
-8418
-8362
-7929
-7456
-6245
-5202
-5279
-4815
-3387
-2217
-2242
-2131
-1099
1137
1836
322
953
3089
3943
2605
2109
3458
3700
2061
1046
2750
4013
2552
-627
-1296
136
-463
-1710
-2115
-1945
-2913
-4939
-5602
-4398
-3842
-4692
-5305
-5398
-4987
-5111
-5114
-3694
-1863
-1284
-1795
-2088
-999
1197
2578
3538
4259
4904
5366
5509
6686
8772
9876
9080
9072
9872
10147
10038
9874
10574
10994
10187
8763
8446
8501
7700
6852
6014
4971
3251
2459
2245
1360
303
-1797
-3518
-4362
-5126
-5940
-6276
-6645
-8035
-8761
-9226
-9421
-9490
-9788
-9845
-9713
-8369
-7751
-7673
-6773
-6197
-6276
-6421
-5142
-2834
-904
-1554
-3019
-1989
-228
853
716
1093
1676
432
-633
198
2383
3183
1598
-364
-499
-42
-514
-79
511
111
-1416
-3352
-3116
-1680
-1056
-1210
-2115
-3156
-3447
-3057
-2065
-811
-788
-1279
-1255
-1041
437
1775
1819
2107
2453
3094
4240
5047
6212
7222
6868
6618
7613
9160
10006
9426
8814
9266
9506
9545
9456
8961
8868
7801
6408
6087
5763
4863
3311
1884
1082
1022
198
-1548
-2903
-3666
-4206
-5359
-5829
-5685
-5969
-7008
-8227
-8155
-7457
-7415
-8195
-8175
-7429
-7183
-6857
-6275
-5818
-6074
-6235
-5202
-3483
-2609
-3218
-3101
-1734
-752
-590
-999
-657
-434
-598
-82
744
1358
200
-1482
-2099
-1303
-587
-707
-744
-1602
-2449
-3585
-3707
-2073
-1064
-1658
-3244
-3765
-3249
-2207
-1774
-1316
-427
-994
-1811
-1527
370
2456
2779
1942
1691
2468
3791
5479
6764
7358
6773
5802
6732
9027
10635
10837
9421
8754
9661
10540
11072
10676
10434
9808
8289
7361
7575
7589
6155
4320
2842
2608
1762
-20
-1226
-2305
-3523
-5377
-5996
-5343
-5573
-7275
-8982
-9152
-8835
-8615
-9110
-9146
-8038
-8370
-8666
-7614
-6614
-6409
-7044
-6411
-4438
-2801
-3293
-3994
-2785
-1841
-1070
-1633
-1511
-517
-954
-938
-782
372
593
-724
-2046
-1884
-688
-962
-800
-1394
-1773
-2282
-3281
-2309
-1474
-1417
-2166
-2700
-2849
-2276
-1462
-901
-29
-704
-1173
-459
392
1632
2467
2394
2639
2940
3357
4753
5829
6278
5929
5620
6180
7965
9619
9323
8190
7414
8137
9064
9870
10197
9148
8327
7317
6971
7804
8075
6600
4321
3624
3365
2967
2477
1500
-11
-2040
-3264
-3849
-3297
-3409
-5199
-6472
-7327
-7800
-8117
-7940
-7673
-8559
-9237
-9152
-8434
-7097
-6439
-7273
-8460
-7590
-5453
-3819
-3593
-4600
-3637
-2260
-1978
-1688
-1187
-154
-717
-1404
-732
1144
1737
-233
-1465
-1507
-399
-364
-580
-248
-1038
-1944
-3272
-3074
-1337
-489
-1303
-2736
-3301
-3019
-2044
-1252
-415
-466
-1403
-1437
-788
642
1791
1523
1614
2600
3112
3742
4424
5140
5930
5710
5814
6974
8360
9193
8716
7727
8201
9215
9661
10307
9589
8494
8138
7660
8019
8238
7316
5775
4009
3114
3345
3363
2480
571
-1660
-2351
-2399
-2834
-2845
-3721
-5386
-6597
-7300
-6704
-5888
-6425
-7840
-9068
-8764
-7465
-6949
-6605
-6442
-7492
-8194
-7325
-5551
-3671
-3395
-4959
-4928
-3827
-2908
-2017
-2115
-1534
-1856
-2692
-2079
-666
122
-779
-2185
-3221
-2177
-1318
-736
-491
-2049
-2917
-3639
-2734
-805
-470
-1465
-2651
-2862
-2051
-290
602
702
-22
-834
54
1393
2784
3843
3478
2802
2850
3323
5078
6653
6899
6422
5677
5914
6809
8253
9483
9202
7618
7059
8075
8919
9559
8845
7704
7279
6739
6922
7108
6727
5583
3705
2821
2637
2336
1814
887
-616
-2119
-2752
-3204
-3289
-3804
-5048
-5967
-6821
-6685
-6529
-7069
-7355
-7936
-8543
-8197
-7216
-6938
-6841
-6931
-7412
-7419
-6813
-5435
-4412
-3994
-4636
-5162
-4177
-2746
-1849
-2001
-1792
-2224
-2419
-1591
-472
558
-363
-1488
-2160
-1644
-769
-374
-25
-726
-1318
-2430
-2398
-1068
-376
-344
-1202
-1638
-1765
-950
358
988
797
89
383
1273
2420
3338
3703
3859
3664
3604
4620
6287
7056
6651
6089
6471
7234
7966
8726
8731
7885
7309
7571
8112
8851
8767
7663
6736
6135
6125
6415
6109
4911
2955
1724
1944
2284
2264
869
-1832
-3837
-3977
-3367
-3182
-3604
-5421
-6946
-7811
-7918
-6889
-6626
-7052
-8274
-9421
-9399
-8146
-6541
-6543
-6853
-6768
-6904
-7405
-7052
-4684
-2856
-2891
-4447
-5038
-3095
-1595
-1382
-1459
-813
-788
-1698
-1240
171
1500
849
-722
-1271
-865
132
214
84
-360
-1092
-1877
-2065
-570
324
-127
-1428
-2223
-1310
374
1742
1689
1066
619
1015
2603
4056
4820
4555
3881
3989
4930
6201
7195
7166
6645
6490
6537
6936
7796
8641
8420
7452
6759
6834
7467
7687
7504
6792
5928
4977
4257
4503
4644
3973
2386
1030
465
250
141
-915
-2297
-3403
-4420
-4938
-5093
-5726
-6806
-7547
-8057
-8052
-8033
-8499
-8728
-8979
-9384
-9057
-8277
-7870
-7313
-7508
-7624
-6272
-5433
-5422
-5482
-4592
-3279
-2504
-2709
-2877
-1422
-632
-372
-449
-62
1053
524
326
1032
2108
2470
1209
328
447
1405
1545
1415
1239
735
658
-483
-231
1292
1637
1065
-186
-411
558
1574
2137
2441
2090
1579
2010
2765
3924
4706
4391
4339
4682
5018
6098
6934
6902
6695
6643
7233
7714
7882
8117
8121
7319
6575
6656
6716
6739
6069
4988
4109
3274
2827
2573
2168
969
-742
-2091
-2514
-2355
-2561
-3814
-6083
-7804
-8261
-7720
-7188
-7741
-8950
-10353
-11384
-10835
-9472
-8911
-9186
-9969
-10187
-9310
-8089
-7232
-6661
-6328
-6067
-5562
-4580
-2876
-2354
-2463
-1753
-736
564
991
918
1398
2475
2984
3106
3203
3151
3253
2885
3365
4222
4296
3327
1913
1244
1897
2741
2492
2244
1533
955
352
84
1217
1769
1343
735
644
878
1318
1530
1891
2586
2492
2561
2851
3348
4189
4610
4748
5174
5441
5847
6480
6515
6804
6998
6981
6981
6899
7171
7412
7034
6010
5348
4976
4966
4819
3840
2606
1208
429
-144
-870
-1683
-3135
-4827
-6124
-6376
-6457
-7359
-8974
-10291
-10736
-10819
-10701
-10897
-11064
-11311
-11980
-11822
-10833
-9906
-9317
-9092
-8851
-8459
-7664
-6094
-4606
-3931
-3605
-3061
-2485
-1145
1033
1833
1596
1169
2017
4154
5207
5253
4720
5130
5670
5706
5636
5767
6230
5293
4821
4874
5153
5128
3602
2427
2158
2892
2891
2228
1620
1122
599
-625
-314
805
1187
510
-678
-732
176
1150
1516
1994
2255
2075
2272
3055
4533
5397
5319
5159
5379
5778
6348
6973
6960
6720
6076
5625
5911
6166
5945
5000
3865
3044
2553
1866
1196
482
-520
-1656
-3102
-4096
-4774
-5448
-6404
-7706
-8667
-9201
-9584
-10027
-10493
-11194
-11640
-11689
-11501
-11151
-11046
-10865
-10513
-10127
-9284
-8281
-7785
-7134
-6320
-5427
-4132
-2915
-1862
-1059
-346
450
1253
1956
3129
4380
4644
5151
5750
5919
5859
5928
6942
7840
7655
6724
6475
6964
7116
6698
6114
6056
5483
4518
4486
4847
4701
3444
1840
1318
1717
2224
2002
1132
397
89
-114
-93
829
1431
890
87
-191
806
1862
2006
1936
1853
1790
1776
2240
3088
3579
2988
1859
1803
2363
2812
2868
2143
1324
500
-63
66
262
-86
-1077
-2403
-3427
-3532
-3434
-3917
-4803
-5832
-6417
-6576
-6697
-6757
-7223
-8047
-8567
-8585
-8082
-7593
-7471
-7413
-7510
-7716
-7353
-6326
-5339
-4717
-4627
-4286
-3402
-2614
-1584
-886
-540
35
697
1659
2640
3249
3576
3918
4286
5000
5819
5898
5738
5742
6132
6651
6612
6773
7204
6763
5548
4863
5333
6226
6150
5108
4514
4423
4215
3887
3707
3642
3311
2524
2235
2830
3150
2657
1441
627
908
1545
1513
938
469
5
-512
-1092
-723
-105
-727
-2055
-2902
-2516
-2077
-2371
-3068
-3467
-3793
-4345
-4322
-3859
-3544
-4206
-5299
-5473
-4765
-4121
-3918
-4087
-4605
-4777
-4540
-3790
-3073
-2979
-3210
-3521
-3199
-2383
-1541
-1379
-1616
-1736
-1681
-1004
-403
85
163
-219
-479
-407
328
872
1012
749
439
281
331
1006
1437
1485
1090
787
968
1333
1808
1892
1804
1628
1619
1807
2255
2767
2690
2425
2036
2322
2944
3105
3222
3095
3119
2884
2912
3510
3942
3799
3292
3886
4102
3729
3461
3843
5068
4689
3775
3366
3804
4261
3780
3365
2829
2683
2070
1713
1688
1199
443
-1337
-2404
-2481
-2305
-3010
-4726
-5827
-6178
-6488
-7567
-8036
-8000
-8529
-9503
-10139
-9393
-8563
-8527
-8855
-8677
-8222
-7697
-6893
-6041
-5110
-4806
-4421
-3555
-2289
-997
-104
606
881
1601
2475
3500
4426
4741
5144
5335
5840
6399
6799
6743
6150
5939
5810
6072
6045
5613
5184
4500
4099
3607
3223
2815
2363
1942
1173
553
133
156
43
-587
-1316
-1712
-1559
-1401
-1360
-1536
-1702
-1608
-1294
-824
-211
126
125
194
478
1461
2194
2437
2550
2817
3419
3694
3875
3725
3609
3167
3003
3542
3400
2965
2141
1800
1266
107
-516
-350
-77
-1477
-2857
-3531
-3163
-2927
-4031
-4678
-5483
-5774
-6114
-6136
-5806
-5916
-6459
-7909
-8132
-7549
-6284
-5922
-6849
-7156
-7110
-6463
-6013
-5086
-4009
-3729
-4187
-4162
-2678
-1073
-121
9
364
927
1642
2733
3981
4885
4808
4669
4932
6026
7055
7548
7429
6773
6649
6792
7403
7757
7673
7252
6346
5771
5680
6118
6111
5331
4393
3845
3806
3586
3174
2691
2171
1471
829
664
725
509
-259
-1053
-1472
-1484
-1543
-1659
-1745
-2121
-2646
-3165
-2999
-2406
-2200
-2590
-3180
-3393
-3298
-2878
-2598
-2537
-2755
-3341
-3614
-3555
-3170
-2895
-3243
-3732
-3952
-3901
-4058
-4222
-4189
-4014
-3769
-3962
-3999
-4259
-4131
-3371
-2924
-2660
-2712
-1781
-1239
-1515
-1711
-835
1089
1308
1114
880
1627
2317
2228
3042
3164
3464
2642
2302
2835
3265
3877
2484
1450
674
1391
2158
1454
1107
251
94
-775
-749
589
1163
702
-894
-959
102
1043
1410
1417
1524
1437
1462
2207
3551
4116
3880
3364
3804
4600
5139
5595
5731
5966
5500
5399
5730
6239
6460
5838
5355
4762
4626
4284
3806
3202
2194
1289
92
-548
-1071
-1840
-3230
-4965
-6007
-6622
-7031
-7787
-8747
-9821
-10885
-11426
-11334
-11033
-11066
-11508
-11793
-11484
-10910
-10129
-9319
-8499
-7866
-7494
-6703
-5271
-3610
-2477
-1927
-1358
-284
1151
2559
3603
4168
4577
5195
6247
7176
7611
7694
7778
7995
8124
8186
8116
7936
7527
7060
6505
6098
5936
5300
4393
3395
3523
3883
2921
1313
-11
698
1210
959
303
-705
-805
-1443
-976
-402
-323
-499
-1548
-1400
-1132
-37
434
-284
-778
-1037
201
637
721
764
515
393
-70
641
1744
2012
1111
81
167
924
1495
1482
916
155
-413
-637
-281
-269
-543
-1279
-2301
-2853
-3242
-2993
-3138
-3859
-4733
-5335
-5136
-5145
-5377
-5797
-6139
-6122
-6030
-5582
-5217
-5274
-5379
-5351
-4678
-3864
-3268
-2711
-2480
-2010
-1634
-1130
-247
510
1268
1357
1434
1897
2506
3123
3206
3442
3698
3814
3877
3925
4368
4574
4566
4505
4329
4301
4248
4452
4641
4514
4194
3668
3346
3310
3581
3696
3326
2712
2205
2053
2073
2278
2289
2040
1607
1279
1233
1230
1543
1645
1452
1076
882
1201
1194
1155
1107
1199
1250
713
331
44
446
982
600
-498
-1721
-1545
-949
-1014
-1751
-2744
-3263
-3888
-4113
-4003
-4085
-4719
-5938
-6525
-6499
-6061
-6017
-6789
-7483
-7910
-7476
-6974
-6687
-6511
-6875
-6986
-6812
-5749
-4388
-3829
-3883
-4123
-3408
-1997
-679
216
535
713
1038
1808
3218
4534
5055
4831
4527
5160
6271
7244
7567
7218
6942
6671
6882
7334
7736
7678
6682
5683
5184
5447
5657
5115
4148
3061
2390
2098
1999
1804
1151
206
-594
-961
-806
-524
-605
-1111
-1804
-1992
-1715
-1254
-848
-746
-895
-1258
-1248
-695
57
325
64
-200
-224
227
625
833
598
56
-161
-54
384
403
-107
-804
-1422
-1572
-1562
-1421
-1624
-2513
-3568
-4195
-3984
-3727
-4068
-4812
-5551
-5771
-5755
-5684
-5736
-5980
-5949
-5841
-5626
-5384
-4989
-4404
-4254
-4074
-3498
-2443
-1524
-1316
-1049
-550
343
1237
1839
2424
2681
3044
3538
4124
4742
4840
4880
4932
5210
5608
5490
5263
4898
4782
4811
4555
4405
4024
3623
3030
2388
2281
2294
2303
1786
989
621
607
869
784
372
159
128
353
482
428
442
386
560
851
1051
1199
1041
1053
1243
1480
1739
1605
1496
1351
1243
1238
1114
1154
924
438
-110
-476
-457
-630
-1097
-1803
-2336
-2568
-2773
-3014
-3459
-3853
-4291
-4668
-4777
-4768
-4648
-4916
-5384
-5603
-5515
-5147
-5015
-4949
-4802
-4698
-4571
-4498
-4092
-3513
-3114
-2903
-2773
-2338
-1823
-1422
-1010
-510
41
355
512
896
1585
2224
2551
2682
2974
3446
3771
3963
4138
4441
4744
4854
4935
4958
4889
4745
4668
4857
5024
4860
4426
4010
3910
3904
3764
3577
3332
3082
2702
2381
2341
2268
1999
1452
1107
1142
1158
975
449
21
-204
-328
-390
-592
-804
-1212
-1684
-2004
-2098
-2045
-2270
-2717
-3217
-3544
-3672
-3721
-3704
-3811
-4102
-4491
-4707
-4584
-4309
-4172
-4284
-4436
-4295
-3891
-3517
-3415
-3463
-3263
-2837
-2275
-1817
-1458
-1148
-1010
-795
-419
269
917
1171
1151
1156
1557
2043
2398
2480
2484
2533
2500
2531
2602
2768
2721
2432
2154
2090
2166
2014
1705
1400
1290
1203
1039
910
771
579
261
106
229
447
505
334
198
184
278
475
738
1027
1151
1095
1083
1224
1501
1708
1858
1987
2007
1934
1817
1878
2052
2096
1873
1551
1408
1390
1299
1035
757
519
225
-133
-402
-500
-664
-1094
-1646
-1977
-2073
-2207
-2524
-2896
-3133
-3306
-3504
-3675
-3718
-3704
-3802
-3979
-4070
-3929
-3698
-3538
-3428
-3298
-3095
-2880
-2640
-2319
-1942
-1576
-1294
-1101
-874
-574
-214
120
358
549
689
835
1014
1234
1453
1534
1525
1525
1701
1959
2104
2095
1945
1923
2018
2262
2504
2552
2452
2188
2120
2305
2611
2790
2606
2341
2189
2257
2379
2365
2257
2077
1916
1774
1705
1714
1576
1249
898
806
961
966
721
356
132
106
146
223
202
-2
-337
-566
-501
-313
-308
-589
-975
-1215
-1242
-1186
-1201
-1393
-1730
-2045
-2190
-2119
-2039
-2138
-2415
-2700
-2729
-2576
-2444
-2465
-2636
-2756
-2760
-2614
-2338
-2151
-2179
-2373
-2477
-2274
-1927
-1652
-1531
-1537
-1532
-1500
-1381
-1098
-745
-431
-280
-253
-190
-5
306
598
865
1136
1358
1531
1625
1790
2093
2330
2462
2537
2728
3019
3066
2925
2799
2860
3081
3166
3178
3114
2929
2676
2414
2453
2637
2629
2337
1834
1557
1458
1375
1260
994
791
456
66
-142
-253
-272
-557
-912
-1075
-1150
-1144
-1358
-1496
-1493
-1569
-1623
-1777
-1683
-1500
-1554
-1625
-1739
-1590
-1426
-1462
-1368
-1308
-1168
-1183
-1307
-1162
-1069
-987
-1106
-1234
-1075
-1067
-1095
-1272
-1354
-1209
-1265
-1269
-1359
-1360
-1272
-1379
-1271
-1209
-1110
-1055
-1178
-998
-854
-666
-541
-582
-410
-375
-301
-190
-84
213
287
320
337
418
708
896
1108
1240
1330
1467
1548
1787
2031
2243
2380
2373
2476
2619
2794
2880
2818
2813
2846
2944
2978
2884
2759
2574
2410
2274
2217
2241
2095
1759
1348
1007
852
679
465
229
-100
-439
-809
-1088
-1242
-1415
-1614
-1861
-2067
-2178
-2291
-2392
-2503
-2593
-2616
-2626
-2587
-2539
-2563
-2637
-2723
-2711
-2582
-2430
-2334
-2369
-2476
-2558
-2496
-2262
-2026
-1917
-1966
-1997
-1882
-1681
-1454
-1283
-1085
-852
-662
-508
-404
-232
6
299
617
827
955
960
1000
1209
1532
1864
1935
1870
1880
2045
2328
2445
2460
2448
2466
2596
2698
2808
2774
2559
2378
2348
2594
2785
2652
2241
1772
1636
1741
1892
1874
1551
1103
657
479
603
695
541
77
-339
-484
-491
-477
-618
-811
-1000
-1142
-1115
-1047
-1030
-1202
-1439
-1486
-1329
-1082
-1004
-1132
-1365
-1523
-1473
-1288
-1052
-975
-1105
-1385
-1590
-1508
-1285
-1095
-1175
-1400
-1577
-1691
-1622
-1541
-1439
-1481
-1689
-1804
-1831
-1664
-1618
-1699
-1740
-1710
-1456
-1315
-1240
-1222
-1246
-1091
-878
-461
-98
11
3
-36
260
733
1125
1376
1398
1454
1564
1761
2096
2329
2464
2421
2319
2341
2396
2536
2579
2487
2349
2179
2172
2189
2142
2033
1815
1670
1588
1587
1655
1536
1283
997
874
1034
1154
1110
846
472
310
276
411
547
411
111
-291
-453
-350
-286
-342
-599
-818
-935
-1010
-1045
-1188
-1378
-1624
-1767
-1707
-1647
-1751
-2124
-2475
-2576
-2464
-2314
-2341
-2500
-2733
-2911
-2926
-2787
-2580
-2537
-2638
-2685
-2554
-2291
-2110
-2042
-1943
-1714
-1373
-1033
-756
-538
-391
-203
157
665
1141
1360
1365
1392
1612
1974
2311
2505
2516
2417
2329
2379
2533
2659
2639
2474
2296
2164
2103
2069
2020
1935
1771
1583
1419
1329
1276
1170
1038
908
853
862
830
745
619
515
482
508
592
665
638
494
326
279
366
449
449
388
302
177
38
-66
-114
-160
-273
-408
-542
-682
-852
-1021
-1160
-1249
-1295
-1380
-1523
-1706
-1872
-1953
-1956
-1920
-1937
-2050
-2214
-2362
-2371
-2256
-2170
-2198
-2306
-2380
-2377
-2285
-2123
-2003
-1954
-1917
-1835
-1667
-1422
-1203
-1048
-904
-689
-424
-164
51
173
283
487
778
1122
1462
1618
1523
1493
1748
2036
2189
2350
2482
2421
2300
2400
2628
2651
2480
2298
2223
2247
2254
2242
2191
2016
1715
1551
1672
1747
1559
1326
1195
1059
930
958
1010
827
496
270
180
106
-30
-200
-358
-530
-715
-857
-929
-1058
-1290
-1426
-1403
-1369
-1393
-1440
-1514
-1636
-1687
-1581
-1427
-1349
-1341
-1313
-1272
-1255
-1213
-1102
-984
-958
-982
-952
-863
-800
-798
-811
-830
-898
-984
-990
-912
-860
-921
-1057
-1160
-1166
-1130
-1127
-1142
-1126
-1070
-1004
-928
-830
-759
-757
-755
-638
-387
-121
48
105
155
267
438
655
890
1107
1261
1354
1446
1595
1790
1942
1978
1970
2061
2245
2412
2500
2531
2522
2436
2327
2307
2404
2505
2461
2312
2165
2038
1885
1691
1498
1327
1149
943
744
580
434
240
-47
-347
-566
-688
-756
-821
-956
-1181
-1463
-1709
-1825
-1833
-1827
-1920
-2128
-2338
-2434
-2415
-2330
-2255
-2239
-2276
-2327
-2291
-2144
-1956
-1803
-1706
-1628
-1549
-1442
-1307
-1159
-1031
-928
-796
-632
-465
-352
-310
-298
-259
-156
-10
138
197
150
79
87
186
313
403
428
408
400
485
653
821
921
967
1029
1110
1191
1282
1403
1548
1688
1793
1832
1792
1702
1665
1732
1862
1967
1958
1841
1648
1488
1464
1531
1582
1531
1393
1241
1116
1005
901
805
725
660
609
535
378
135
-114
-276
-333
-360
-463
-684
-960
-1199
-1344
-1402
-1431
-1503
-1629
-1782
-1912
-1973
-1977
-1930
-1872
-1834
-1819
-1841
-1846
-1808
-1732
-1633
-1537
-1455
-1402
-1370
-1336
-1308
-1282
-1232
-1134
-994
-858
-783
-778
-790
-732
-572
-334
-112
13
34
0
21
164
414
653
778
757
667
631
698
863
1031
1130
1146
1092
1052
1080
1163
1270
1382
1477
1543
1575
1570
1574
1622
1723
1850
1950
1980
1945
1877
1832
1841
1872
1875
1815
1689
1532
1387
1250
1120
971
791
597
396
215
41
-138
-318
-495
-646
-772
-890
-1012
-1149
-1273
-1375
-1450
-1504
-1574
-1663
-1752
-1805
-1805
-1805
-1833
-1909
-1991
-2000
-1949
-1872
-1823
-1835
-1859
-1842
-1748
-1606
-1491
-1437
-1418
-1360
-1219
-1032
-856
-760
-724
-681
-573
-384
-184
-54
-22
-35
-15
82
232
357
415
404
384
403
471
571
655
717
773
825
867
884
912
966
1064
1201
1315
1379
1389
1394
1445
1562
1708
1840
1930
1964
1973
1976
1995
2043
2109
2163
2171
2118
2007
1874
1759
1681
1627
1548
1413
1220
983
747
544
372
214
35
-195
-461
-740
-1006
-1232
-1417
-1569
-1723
-1904
-2132
-2370
-2562
-2671
-2690
-2671
-2662
-2698
-2775
-2822
-2788
-2668
-2479
-2272
-2097
-1971
-1890
-1804
-1670
-1470
-1207
-936
-713
-565
-487
-427
-325
-147
89
316
468
526
522
523
575
688
826
916
929
867
771
709
715
777
845
872
833
761
712
713
778
876
966
1024
1043
1037
1037
1074
1147
1238
1319
1366
1390
1393
1395
1422
1477
1534
1571
1572
1545
1505
1469
1442
1420
1393
1341
1255
1132
1000
874
754
634
494
337
169
-7
-171
-327
-480
-620
-764
-905
-1033
-1160
-1285
-1403
-1517
-1623
-1720
-1810
-1892
-1972
-2042
-2099
-2146
-2190
-2239
-2281
-2326
-2356
-2351
-2314
-2254
-2188
-2117
-2043
-1952
-1830
-1666
-1460
-1240
-1024
-827
-634
-451
-261
-43
176
382
554
688
787
866
947
1041
1150
1247
1313
1351
1370
1390
1426
1485
1556
1626
1674
1703
1723
1731
1757
1795
1850
1907
1938
1946
1925
1891
1859
1847
1847
1846
1822
1755
1647
1497
1338
1189
1065
962
829
657
445
205
-24
-223
-377
-499
-624
-758
-915
-1094
-1265
-1405
-1490
-1534
-1571
-1627
-1717
-1818
-1901
-1942
-1925
-1880
-1831
-1796
-1796
-1803
-1787
-1723
-1603
-1462
-1332
-1232
-1172
-1136
-1092
-1011
-876
-732
-603
-516
-492
-486
-464
-401
-297
-182
-83
-38
-29
-40
-31
17
79
162
218
252
264
270
300
350
438
538
627
694
728
756
797
861
934
1003
1051
1078
1091
1106
1134
1179
1234
1287
1340
1399
1460
1525
1596
1649
1689
1711
1721
1731
1734
1729
1702
1651
1577
1469
1354
1228
1097
962
821
684
529
361
177
-17
-216
-413
-601
-778
-951
-1137
-1343
-1567
-1774
-1955
-2107
-2220
-2308
-2374
-2433
-2481
-2512
-2515
-2473
-2394
-2302
-2217
-2143
-2068
-1982
-1861
-1709
-1541
-1375
-1241
-1127
-1024
-905
-748
-569
-377
-206
-73
40
143
256
388
529
658
755
810
833
847
871
900
952
1010
1042
1055
1047
1049
1074
1103
1158
1200
1212
1215
1193
1190
1195
1214
1238
1252
1274
1266
1268
1272
1272
1305
1327
1366
1400
1408
1417
1394
1369
1326
1275
1237
1172
1125
1051
951
840
686
553
416
283
162
14
-127
-290
-472
-660
-842
-1016
-1188
-1334
-1479
-1619
-1768
-1936
-2079
-2220
-2318
-2379
-2421
-2419
-2429
-2431
-2433
-2423
-2369
-2299
-2170
-2028
-1892
-1757
-1661
-1536
-1397
-1219
-978
-750
-524
-346
-191
-26
134
334
529
721
899
1017
1124
1174
1218
1289
1344
1445
1504
1533
1537
1467
1432
1399
1402
1448
1447
1449
1384
1290
1209
1107
1070
1033
1007
976
867
760
630
538
515
492
515
500
429
353
242
202
207
236
308
306
280
194
102
89
97
191
277
314
313
217
150
106
110
166
166
147
29
-134
-278
-417
-476
-529
-584
-659
-807
-952
-1104
-1216
-1264
-1303
-1316
-1360
-1447
-1536
-1638
-1686
-1689
-1655
-1581
-1530
-1492
-1471
-1436
-1340
-1204
-1027
-861
-733
-626
-529
-410
-264
-101
49
177
265
324
370
422
500
586
653
691
699
685
677
687
723
761
775
770
757
751
771
803
842
877
895
908
925
955
991
1031
1072
1097
1106
1097
1083
1074
1075
1086
1074
1032
966
882
806
742
688
638
564
467
356
241
149
73
9
-38
-89
-158
-245
-346
-435
-503
-549
-579
-618
-663
-718
-791
-858
-905
-922
-937
-961
-996
-1045
-1078
-1101
-1110
-1108
-1114
-1118
-1131
-1126
-1086
-1030
-959
-901
-859
-815
-762
-685
-571
-448
-331
-245
-195
-158
-125
-62
23
110
183
210
202
167
137
138
166
223
277
312
318
300
273
261
285
343
417
484
525
526
509
486
493
546
626
715
773
786
765
729
717
743
818
907
967
977
936
881
841
828
856
894
901
864
775
663
559
473
431
405
365
277
141
-25
-195
-316
-386
-424
-466
-552
-680
-835
-966
-1035
-1038
-995
-970
-985
-1038
-1111
-1153
-1138
-1063
-976
-913
-895
-920
-934
-907
-832
-730
-641
-601
-612
-634
-628
-557
-445
-330
-249
-223
-225
-218
-163
-50
94
225
302
332
339
382
481
600
699
752
749
718
696
715
772
821
843
813
736
643
579
565
577
600
600
565
499
424
379
383
426
487
528
526
479
411
364
356
394
444
474
454
384
312
245
197
176
158
126
55
-59
-202
-345
-455
-528
-577
-631
-721
-841
-975
-1084
-1134
-1130
-1087
-1051
-1039
-1054
-1059
-1027
-956
-835
-704
-586
-498
-441
-388
-321
-228
-122
-22
51
100
133
151
166
185
218
263
293
306
293
259
232
219
226
233
227
209
179
148
123
125
147
177
206
214
212
203
200
215
248
291
321
331
326
299
270
256
250
266
278
272
257
229
212
217
248
304
359
399
433
451
483
537
612
705
789
841
867
877
874
877
868
848
810
732
626
498
362
225
72
-97
-275
-454
-630
-797
-946
-1080
-1202
-1321
-1429
-1519
-1590
-1628
-1652
-1658
-1650
-1637
-1601
-1556
-1501
-1427
-1336
-1239
-1138
-1031
-918
-796
-673
-543
-409
-281
-153
-39
61
154
246
341
436
530
613
687
751
809
872
943
1016
1083
1145
1194
1218
1228
1224
1220
1217
1205
1183
1139
1069
985
892
807
742
688
624
548
456
369
296
237
203
180
139
78
13
-44
-76
-87
-83
-86
-115
-154
-200
-235
-238
-234
-222
-221
-244
-276
-319
-347
-354
-342
-321
-323
-342
-388
-441
-472
-487
-475
-469
-491
-528
-585
-641
-679
-687
-667
-657
-674
-722
-774
-806
-790
-733
-670
-621
-602
-590
-556
-486
-377
-257
-152
-74
-20
18
70
150
243
342
414
447
458
451
454
474
511
543
541
507
457
407
375
390
417
434
433
402
369
341
336
365
406
453
482
488
471
454
462
491
548
602
627
621
573
534
516
522
543
537
498
419
328
244
176
136
98
45
-47
-156
-269
-373
-441
-495
-541
-598
-678
-762
-848
-913
-952
-968
-956
-945
-933
-930
-937
-925
-885
-805
-698
-593
-517
-480
-451
-410
-336
-241
-147
-63
-15
4
9
35
85
161
243
304
336
331
312
308
336
393
454
489
475
424
371
348
358
400
437
438
407
348
294
262
250
254
255
240
197
136
80
52
40
40
44
34
14
-10
-18
-2
27
62
83
85
79
74
100
151
209
260
272
255
231
229
275
355
429
461
445
377
306
261
246
256
247
193
84
-52
-188
-295
-356
-401
-452
-519
-614
-723
-825
-895
-909
-899
-884
-882
-901
-930
-947
-930
-880
-810
-735
-668
-620
-583
-541
-482
-395
-303
-216
-159
-127
-99
-64
-2
80
160
224
269
297
321
367
444
536
632
712
773
833
881
929
986
1039
1092
1107
1081
1028
952
883
804
704
600
489
368
245
139
54
-2
-33
-61
-81
-85
-83
-60
-13
41
96
146
193
225
243
248
237
218
212
206
197
181
138
70
-5
-71
-108
-123
-135
-179
-258
-364
-479
-567
-633
-675
-706
-768
-855
-940
-1013
-1055
-1058
-1047
-1017
-999
-994
-994
-1005
-1003
-985
-956
-912
-866
-834
-795
-747
-681
-583
-466
-328
-187
-56
65
168
277
399
517
636
724
779
817
834
858
893
933
971
987
993
995
1009
1032
1048
1055
1029
987
941
895
854
805
753
678
587
493
411
370
358
354
335
285
198
94
4
-53
-64
-63
-92
-157
-254
-358
-424
-418
-358
-282
-225
-206
-230
-273
-290
-253
-170
-67
-18
-36
-115
-234
-323
-360
-344
-303
-301
-352
-466
-596
-680
-704
-663
-595
-542
-540
-611
-695
-758
-754
-673
-564
-461
-424
-459
-521
-567
-546
-457
-333
-212
-156
-158
-199
-225
-189
-103
32
148
209
217
191
192
243
346
477
576
620
605
569
565
608
690
754
764
705
590
476
391
353
339
317
274
189
113
56
23
27
44
87
133
176
239
302
358
412
449
491
524
543
553
520
477
411
345
288
226
176
118
63
4
-63
-112
-155
-191
-222
-248
-255
-282
-323
-362
-405
-425
-423
-396
-354
-325
-314
-339
-385
-424
-439
-423
-399
-394
-421
-498
-594
-685
-737
-735
-704
-679
-675
-701
-740
-761
-731
-643
-526
-409
-318
-270
-242
-199
-125
-13
122
259
356
407
432
460
526
619
719
793
813
783
721
667
637
629
633
606
531
422
299
205
163
169
199
197
155
79
-1
-30
-18
32
97
124
127
98
64
76
109
172
229
272
322
322
308
277
242
246
240
256
268
245
208
112
28
-47
-102
-109
-147
-190
-246
-321
-366
-397
-388
-376
-392
-443
-521
-564
-570
-538
-489
-464
-468
-505
-543
-542
-521
-475
-435
-413
-385
-361
-330
-297
-271
-243
-224
-195
-173
-159
-132
-110
-59
17
79
155
187
173
170
168
232
330
419
497
508
501
473
445
463
473
508
516
475
433
369
344
335
320
310
257
193
131
86
80
75
93
107
88
81
60
56
85
111
147
151
121
97
86
121
172
188
156
57
-61
-133
-127
-69
-22
-24
-105
-232
-336
-379
-340
-258
-191
-176
-224
-301
-362
-370
-322
-264
-228
-228
-263
-291
-311
-317
-315
-314
-311
-308
-295
-287
-285
-295
-303
-285
-235
-159
-91
-50
-35
-38
-33
-1
55
136
191
202
169
115
84
87
122
173
200
178
115
46
15
50
136
234
292
292
261
243
268
351
455
524
537
488
414
355
340
372
413
444
424
348
259
193
178
199
234
265
269
246
211
167
149
160
189
238
252
217
161
89
45
25
30
47
27
-27
-118
-222
-297
-333
-340
-363
-417
-495
-605
-703
-766
-787
-803
-826
-857
-893
-898
-896
-877
-836
-810
-778
-736
-681
-587
-493
-396
-307
-253
-185
-114
-21
82
176
266
332
395
429
452
472
467
490
520
555
595
570
508
410
318
286
292
330
330
262
170
72
37
54
92
138
133
103
68
59
107
160
207
217
172
135
107
120
165
189
204
193
168
162
148
159
176
201
244
267
281
265
224
202
192
224
270
287
272
195
114
54
22
38
40
16
-68
-199
-313
-406
-433
-431
-445
-475
-576
-686
-762
-779
-723
-661
-616
-618
-659
-680
-663
-592
-476
-363
-269
-243
-262
-257
-225
-127
-2
104
181
204
203
206
235
293
358
413
436
424
406
393
405
420
400
368
313
252
219
197
198
196
178
152
104
79
54
61
87
99
142
138
150
147
109
120
110
151
197
219
240
187
150
95
62
72
53
76
41
-15
-63
-155
-177
-213
-214
-201
-216
-202
-238
-224
-226
-220
-167
-161
-95
-77
-63
-24
-41
-5
-20
-21
-28
-65
-53
-96
-96
-119
-170
-184
-241
-247
-261
-269
-249
-262
-245
-258
-267
-258
-255
-223
-202
-173
-141
-129
-130
-128
-100
-51
26
84
125
143
135
145
146
184
236
285
344
354
346
329
310
326
352
405
449
463
458
415
381
359
356
368
348
316
266
207
161
125
95
72
34
0
-36
-66
-67
-66
-38
-10
-12
-21
-43
-47
-33
-11
13
-1
-31
-84
-152
-183
-201
-200
-207
-249
-302
-387
-457
-487
-494
-445
-397
-376
-376
-414
-434
-425
-386
-299
-237
-192
-187
-226
-245
-260
-227
-174
-126
-84
-90
-109
-125
-123
-83
-19
45
93
121
140
169
218
287
352
400
435
442
442
454
465
473
464
434
380
312
258
214
194
169
138
113
69
37
18
17
45
80
113
132
131
118
111
127
155
185
203
202
183
146
116
86
66
55
35
10
-32
-74
-114
-146
-156
-158
-155
-160
-182
-212
-244
-253
-249
-234
-225
-233
-250
-283
-303
-310
-305
-292
-301
-328
-360
-398
-420
-430
-414
-386
-367
-350
-346
-328
-294
-248
-192
-145
-101
-72
-49
-15
26
73
118
152
177
185
195
212
242
285
313
326
327
321
322
344
375
411
444
456
447
426
407
409
427
446
462
451
407
354
302
275
273
264
251
207
132
56
-17
-47
-65
-69
-74
-116
-165
-226
-262
-268
-257
-225
-205
-210
-235
-263
-269
-258
-237
-207
-189
-196
-202
-211
-218
-204
-192
-168
-144
-140
-125
-129
-124
-102
-87
-61
-37
-18
-6
-21
-30
-33
-32
-7
2
1
-2
-28
-37
-49
-50
-31
-29
-17
-27
-48
-59
-79
-62
-41
-12
16
19
35
37
46
77
115
177
202
192
170
135
146
164
188
215
188
155
96
54
71
71
105
92
38
4
-63
-58
-29
-7
36
-6
-44
-87
-115
-63
-41
7
18
-18
-17
-41
-11
25
41
85
69
64
61
40
54
35
31
29
6
1
-26
-42
-52
-72
-68
-66
-56
-38
-37
-30
-33
-41
-26
-23
-17
-19
-48
-57
-83
-102
-99
-126
-123
-131
-135
-136
-150
-134
-145
-137
-117
-104
-66
-56
-37
-31
-30
3
19
53
70
76
93
82
99
107
111
130
127
127
124
131
133
118
102
62
31
8
-7
-4
5
17
9
-4
-9
5
30
62
92
95
91
84
84
86
77
63
38
-3
-37
-64
-77
-78
-83
-82
-92
-98
-90
-85
-54
-27
-4
32
42
50
43
29
29
18
31
37
29
35
24
30
37
26
23
4
3
-3
-18
-23
-59
-83
-105
-129
-120
-118
-107
-94
-95
-93
-94
-79
-62
-36
-7
-5
12
12
9
17
6
-2
-17
-30
-29
-26
-16
-22
-32
-31
-35
-16
8
32
59
63
58
48
39
39
39
37
28
20
17
14
10
18
40
58
70
78
78
77
89
103
111
105
96
89
84
81
72
68
57
49
43
33
33
34
21
8
1
-7
-14
-33
-47
-59
-69
-76
-78
-79
-84
-88
-87
-81
-68
-53
-39
-30
-16
-7
-11
-19
-21
-19
-25
-38
-50
-63
-83
-89
-93
-98
-96
-94
-83
-77
-72
-63
-53
-39
-24
0
12
22
34
41
44
35
40
53
63
67
62
51
41
34
31
27
21
21
15
6
4
5
11
16
17
22
31
41
47
50
44
38
26
14
10
14
24
31
31
20
19
23
28
34
36
45
43
31
20
4
10
25
35
39
24
5
-16
-33
-35
-25
-7
1
0
-18
-38
-40
-36
-22
-3
7
10
-11
-40
-51
-52
-39
-27
-19
-24
-43
-66
-86
-95
-92
-76
-71
-80
-95
-110
-115
-101
-79
-60
-48
-48
-47
-43
-31
-9
19
50
63
73
87
97
112
124
138
144
143
129
108
101
96
86
74
54
40
29
21
26
34
44
40
29
11
12
32
51
65
63
47
18
-11
-29
-28
-12
-6
-16
-34
-65
-88
-95
-84
-54
-41
-36
-44
-67
-71
-68
-52
-33
-23
-21
-38
-53
-65
-68
-52
-39
-36
-45
-56
-61
-61
-47
-36
-27
-18
-20
-22
-31
-34
-18
-1
18
30
25
16
4
-1
-1
2
15
27
34
39
29
21
15
13
20
21
24
33
34
39
50
61
69
69
60
56
55
54
54
48
47
39
31
14
-2
0
2
9
4
-2
-6
-23
-30
-30
-22
-13
-16
-20
-33
-47
-54
-54
-36
-23
-11
-4
-11
-8
-16
-18
-12
-14
-6
-6
-7
-5
2
2
-7
-3
-3
9
21
19
24
20
29
35
41
46
41
41
23
7
3
-1
11
6
7
0
-27
-27
-45
-45
-37
-32
-10
-15
-8
-9
-9
7
2
14
6
-1
-3
-17
-18
-27
-21
-18
-33
-42
-67
-76
-88
-96
-81
-87
-82
-90
-94
-89
-92
-65
-55
-37
-27
-29
-11
-6
15
41
53
70
70
79
91
104
126
131
147
140
131
135
133
151
144
133
120
104
111
109
122
129
114
90
51
29
17
23
42
42
25
-7
-37
-59
-70
-57
-43
-29
-40
-56
-74
-96
-86
-87
-76
-72
-90
-93
-110
-103
-93
-89
-81
-88
-89
-97
-103
-96
-81
-67
-58
-40
-33
-29
-22
-20
-12
-8
1
14
20
22
12
15
13
6
12
15
33
43
41
42
33
32
40
38
35
36
35
32
28
32
36
27
25
26
31
35
34
29
21
26
34
29
22
14
8
11
6
5
8
9
13
19
20
19
22
25
29
34
32
32
30
27
22
24
20
11
1
-5
-4
-9
-13
-13
-19
-21
-28
-36
-35
-37
-44
-50
-50
-53
-61
-62
-68
-73
-74
-67
-58
-61
-60
-61
-64
-64
-55
-44
-44
-42
-45
-49
-41
-36
-34
-30
-33
-26
-16
-12
-4
1
11
18
32
47
50
47
53
71
81
87
93
85
75
68
63
62
66
67
64
50
40
36
36
38
37
41
36
31
23
20
24
26
