4
4
3
5
9
6
4
-6
-12
-16
-21
-20
-23
-14
-13
-14
-10
-9
-9
-14
-11
-4
6
14
8
8
9
6
2
6
12
10
15
18
14
12
7
-3
-2
3
9
16
11
3
-1
-1
6
11
10
12
16
16
14
7
4
10
15
21
24
28
27
24
24
21
13
0
-10
-19
-20
-21
-30
-38
-36
-33
-28
-33
-41
-41
-47
-49
-40
-36
-35
-39
-30
-28
-32
-28
-34
-36
-38
-40
-48
-60
-55
-36
-30
-23
-14
-1
0
0
15
28
51
60
61
60
54
56
53
45
48
51
49
44
36
36
37
24
13
15
20
22
13
17
13
6
5
8
23
23
23
31
29
29
29
34
39
38
39
42
32
24
24
21
26
17
13
3
-9
-9
-22
-26
-26
-32
-29
-32
-38
-43
-43
-42
-42
-37
-34
-29
-30
-20
-18
-20
-16
-19
-7
-10
-9
-11
-23
-20
-35
-27
-21
-21
-20
-26
-7
-8
-7
-9
-15
-11
-6
-1
2
6
6
13
17
22
17
-1
-2
-10
-12
-13
-13
-7
-14
-4
-1
2
7
1
6
6
17
20
26
25
25
28
21
26
19
24
26
21
19
12
19
20
17
14
13
7
4
0
-3
4
-6
-3
-1
5
13
1
9
6
1
3
9
15
15
26
22
21
12
7
5
-3
2
-9
-12
-17
-23
-23
-33
-34
-47
-47
-46
-51
-39
-39
-31
-23
-18
-10
-11
-3
-3
3
13
11
11
19
23
24
25
18
11
3
1
-3
-5
-5
-7
1
-7
2
9
11
19
12
24
16
15
20
13
22
13
18
6
2
-4
-27
-21
-30
-25
-28
-37
-39
-44
-36
-43
-27
-14
-6
8
-1
4
-3
7
9
18
40
40
40
31
29
14
3
7
2
13
7
0
-11
-21
-26
-34
-23
-14
-1
0
4
3
2
12
7
30
39
41
42
32
24
14
15
7
12
7
-9
-10
-16
-18
-30
-29
-30
-31
-14
-24
-17
-19
-24
-9
-9
4
6
20
19
1
6
-3
4
14
20
28
26
22
7
3
-1
-7
10
11
14
20
14
7
-1
10
8
7
18
22
30
21
17
11
9
16
1
-9
-20
-30
-39
-40
-39
-48
-46
-41
-45
-52
-50
-49
-45
-33
-31
-16
-14
-11
0
-1
12
4
4
1
-7
0
-4
6
7
14
18
13
9
-8
-6
-10
-4
-2
4
10
1
5
-12
-9
4
12
30
38
44
34
34
37
38
45
42
45
40
38
39
37
37
25
22
16
12
6
-5
-7
-24
-22
-26
-22
-3
-3
5
7
0
-3
-9
-5
-4
12
22
12
15
-3
-8
-17
-27
-15
-30
-18
-29
-43
-37
-54
-39
-44
-36
-27
-30
-24
-38
-14
-20
-7
3
4
23
-4
8
-8
-21
-6
-18
-10
-11
-8
-12
-17
-22
-15
1
11
19
3
17
9
-1
6
8
16
30
40
30
44
30
25
28
34
44
28
30
9
2
4
-21
-8
8
-3
7
-5
-22
-21
-28
-14
-9
8
19
13
16
0
-5
-1
16
20
20
19
-2
-4
-21
-29
-14
-9
-12
-20
-19
-26
-23
-18
-17
-1
9
5
-1
-4
-3
-5
9
21
28
34
27
15
14
7
-7
-9
-7
-7
4
11
-2
-8
-17
-26
-15
-11
-14
-11
-3
1
-3
9
16
13
9
3
9
2
-1
5
10
3
2
10
6
3
-24
-34
-15
-19
-16
-13
-7
-10
-21
-8
-4
1
4
14
16
20
27
9
19
17
9
13
19
14
-6
5
-9
3
13
0
-7
-27
-17
-27
-20
-18
-12
26
10
12
20
14
5
-6
-2
0
12
3
3
22
9
-20
-13
5
9
-3
-6
2
-9
-8
-16
-21
4
0
-3
0
-11
-2
-8
-14
-8
-14
21
7
1
7
-23
-14
-43
-50
-23
-6
-11
-39
-37
-43
-52
-47
-46
25
53
56
54
38
73
19
67
77
89
125
87
129
74
67
67
74
48
51
68
42
58
9
-24
-31
-13
-79
-36
-28
-62
-60
-144
-162
-169
-126
-182
-115
-50
-62
-42
-108
-43
-51
35
-32
30
132
17
123
-21
36
48
17
61
13
152
-13
18
27
-46
55
-32
26
61
65
-51
-14
78
-150
-45
-29
-22
-56
-88
-8
-109
-64
-242
-88
21
-141
-79
14
52
-118
-29
-13
39
46
57
132
159
217
41
191
70
53
186
107
217
93
243
169
-26
27
-33
114
-43
29
174
112
103
-121
-16
-6
-65
-73
-6
186
37
-8
-54
-82
-115
-147
-156
-67
68
-88
-86
-145
-174
-191
-168
-162
-139
37
-98
-116
-174
-140
-123
-133
-79
-133
100
4
-63
-12
-43
27
-34
-45
25
77
63
81
59
69
33
0
11
28
104
11
101
191
24
63
79
13
87
113
-17
83
141
-8
65
13
49
99
145
62
-51
118
-10
-37
-14
-57
141
247
-82
-58
141
-76
-83
-74
45
166
152
-44
-22
145
-96
-186
-142
110
101
98
81
-86
75
-141
-203
-99
-21
102
29
-21
-68
-48
-170
-187
-77
-114
-13
-40
-72
-62
-189
-211
-112
-82
-156
-95
5
26
-169
-200
-99
-80
-70
-179
74
115
-32
14
-17
30
-24
82
-7
104
195
98
279
43
159
174
129
87
31
372
247
122
12
68
204
140
6
13
248
138
-60
-13
145
112
63
-150
-147
173
154
-21
-138
154
88
-87
-81
-182
69
39
-4
-138
-6
135
-222
-179
-262
-131
-59
-41
-29
-169
-28
-300
-435
-191
83
53
-65
-118
-173
-84
-189
-194
-121
205
60
-252
70
-53
-142
-179
-74
92
-18
146
-109
-34
-2
-212
108
147
220
24
37
121
-147
-31
184
430
192
41
98
-12
111
91
10
52
265
263
227
239
69
-16
24
49
23
337
376
94
49
8
-31
94
44
-75
61
79
63
-79
-97
-93
-117
-87
-112
103
51
-175
-411
-259
-189
-286
114
141
99
-203
-386
-292
-252
-94
-318
20
137
-27
17
51
-58
-383
-11
-21
78
67
-194
114
3
94
72
88
101
-147
-87
-50
170
149
42
60
99
42
-15
20
-268
-122
120
171
244
213
37
-237
-147
-114
-46
-5
242
328
95
197
-129
-228
-314
-312
17
383
630
120
0
-146
-256
-276
-174
241
266
464
12
-106
-100
-396
-200
-223
229
391
426
119
-182
4
-379
-186
-56
139
196
7
-76
-293
175
-28
25
325
242
247
-149
-261
-482
-227
-155
-149
463
353
224
-37
-60
-49
-278
-64
-129
216
306
-27
-121
-335
-208
-221
-3
220
252
396
78
-111
-156
-184
-244
-143
197
309
200
-7
-91
-255
-138
17
151
299
112
79
-92
-91
-142
-226
7
-71
103
253
71
-157
-257
5
-105
-162
81
23
-21
-141
-53
86
111
70
-277
-130
51
17
112
99
167
123
134
19
-33
77
-53
-90
81
404
404
333
324
207
115
-7
7
-64
132
368
247
197
51
-88
-157
-162
-67
-19
66
-68
-142
-29
-136
-254
-341
-351
-300
-177
62
139
-9
-207
-218
-187
-271
-305
-279
-247
-218
-117
44
168
154
18
-1
-38
-120
-119
-159
-183
-146
-48
49
21
44
90
129
134
72
120
89
52
14
-3
95
140
229
248
233
170
88
58
37
106
114
173
208
222
251
174
61
-30
-39
-94
-68
-5
22
5
-55
-90
-149
-80
-57
-42
-5
-6
13
-52
-73
-100
-118
-128
-171
-148
-127
-111
-74
17
123
117
66
48
11
-66
-166
-197
-124
-53
-22
-11
36
92
73
30
3
-28
-58
-111
-159
-156
-124
-26
42
37
37
72
158
157
122
82
49
27
-27
-14
40
76
80
79
116
135
87
45
28
31
20
15
68
14
-53
-96
-130
-91
-49
-2
-9
29
59
43
93
106
116
120
135
125
92
111
88
123
182
186
201
198
178
77
28
42
-35
-77
-189
-282
-319
-402
-423
-494
-479
-453
-464
-419
-454
-458
-526
-636
-713
-713
-597
-544
-543
-494
-324
-104
103
304
484
633
694
653
592
554
553
565
595
656
802
987
1018
967
920
860
754
592
433
320
212
120
88
73
84
89
210
335
314
245
250
300
209
131
142
170
61
-147
-279
-307
-252
-471
-767
-904
-882
-909
-1060
-1008
-948
-736
-725
-894
-929
-906
-779
-908
-877
-1029
-1329
-1581
-1855
-1874
-2063
-1958
-1599
-235
2253
4901
6822
6900
6375
5596
4711
2953
118
-2158
-3729
-4277
-5114
-5402
-4668
-3829
-2925
-2626
-1446
-306
311
-373
-2290
-3611
-4914
-5400
-5575
-4779
-3328
-1861
223
2420
5188
7276
8658
9053
8690
7978
6690
5493
3921
2440
1111
648
836
927
889
716
798
560
55
-794
-1461
-2056
-2944
-3992
-4812
-4681
-3895
-2697
-1731
-900
6
940
1605
1753
1553
1192
787
91
-403
-629
-538
-753
-1331
-1634
-1548
-927
-333
215
505
501
351
410
853
1327
1402
916
533
265
151
-193
-708
-1164
-1596
-1824
-1975
-1736
-1336
-886
-715
-602
-344
-54
315
262
215
-203
-732
-1101
-1422
-1133
-984
-815
-714
-493
69
227
339
105
-316
-685
-768
-6
1127
2426
3864
5980
8119
8435
6721
4339
2448
504
-2328
-5075
-6207
-5897
-5449
-5448
-4304
-2291
-1018
-714
-1027
-498
-385
-1378
-3066
-4539
-4670
-4550
-3516
-1570
865
3298
5255
6803
7573
7631
6781
5387
3391
1381
-184
-838
-629
-394
412
1568
2573
2769
2283
1581
723
-685
-2512
-3644
-4129
-3541
-2566
-1003
1606
3984
5770
5550
4048
1988
-655
-2817
-5433
-7074
-7059
-5893
-3934
-2525
-695
607
1406
1651
798
449
-342
-1441
-2695
-3432
-2977
-2324
-1039
261
1653
3247
4132
4124
3381
2349
1097
-338
-1673
-2289
-2043
-1078
-83
592
1260
1529
1499
842
-49
-739
-1434
-1368
-672
483
1481
2114
2540
2237
1597
324
-1249
-2441
-3640
-4819
-5448
-4921
-4000
-3131
-1637
177
2223
4397
6691
9727
12450
12829
9606
5004
1523
-1548
-4349
-6894
-7791
-6985
-6059
-4997
-4286
-2860
-2334
-3483
-4218
-4096
-2892
-2775
-3405
-4034
-4231
-3087
-1615
499
2496
4150
4679
4356
4171
3838
3831
2918
1848
1352
1930
3563
4467
4967
5008
4870
4190
2645
1156
-480
-2201
-3817
-4762
-4544
-3070
-993
1339
3734
5421
6000
4822
3243
947
-1859
-3846
-5600
-5628
-5000
-3460
-1352
103
1162
117
-740
-1706
-2850
-3905
-5178
-4978
-4295
-2038
596
3344
6123
6803
6417
5242
3812
2024
-639
-3428
-5658
-6598
-5895
-4418
-2358
88
2186
3799
4468
4557
4102
3044
1291
-617
-1746
-1842
-1054
-231
651
1649
2110
964
-665
-2020
-3303
-4557
-6240
-7200
-7418
-5641
-3155
-1277
577
1293
2345
4034
7440
11217
14016
14288
9820
4740
637
-1853
-4853
-8106
-9155
-8871
-6087
-3466
-1367
114
-716
-2555
-3511
-2482
-1196
-1495
-3317
-4946
-5718
-4252
-1546
1062
3507
4296
4588
4242
3751
3453
2350
567
-1597
-2317
-788
1765
3767
4931
5359
5276
4660
3686
2650
467
-2387
-4780
-5633
-4282
-1797
1533
4871
7037
7911
7295
6356
4914
2334
-789
-4241
-5980
-5626
-4097
-2315
-1706
-2232
-3434
-4438
-4941
-4774
-4272
-4021
-3860
-2595
571
4199
7446
8891
7878
5762
3283
1039
-1267
-4054
-6702
-8643
-8827
-7217
-4776
-1289
1643
3347
4220
4619
5620
5452
4268
2162
-443
-1351
-1200
78
1133
1340
959
-176
-1210
-2828
-3988
-5102
-6653
-7563
-6667
-4383
-1961
405
650
353
624
3886
10045
15566
17594
12656
6185
-278
-5401
-8823
-12422
-13404
-12106
-6866
-1193
4081
8237
7979
4741
201
-1098
-1032
-2275
-5781
-10007
-11145
-9862
-6536
-1601
3496
6278
6422
5421
5802
6558
5666
3369
22
-1185
-257
2001
4004
4495
4398
3131
1588
608
39
-1379
-4210
-7354
-8369
-6029
-1662
2904
6280
8660
9282
8898
8338
7032
4414
7
-4284
-7202
-7194
-5032
-3107
-2173
-2288
-2440
-2926
-2583
-2265
-2550
-2911
-3663
-2544
388
5084
8570
8993
7596
4009
990
-1357
-3476
-5390
-7541
-8313
-7518
-5096
-1774
870
2225
3110
3829
4546
4755
3258
1405
-415
-1546
-1787
-1679
179
1821
2137
1959
1329
782
-1025
-3923
-6286
-7626
-8117
-7886
-6164
-3534
-2068
-1196
3143
12630
22989
26980
21109
9760
-488
-8763
-16433
-22446
-24135
-19757
-12694
-4098
5707
13362
15513
9859
3714
2131
2808
1071
-4938
-10009
-12347
-11754
-9082
-4277
1467
4741
4532
2581
3013
5662
7547
6537
4570
4336
5980
7716
7569
6110
3372
-278
-4036
-5821
-4986
-4579
-5962
-7770
-7416
-4302
-116
3803
6881
8117
7937
7589
6917
7011
5143
1723
-2436
-7405
-8260
-7860
-5791
-4209
-4456
-3265
-2555
-102
383
1558
2416
1091
1329
798
4151
6337
7488
5660
-232
-2116
-4532
-4201
-4331
-5669
-4613
-4203
-1258
1292
3587
5182
4242
2726
978
320
-101
-759
-2702
-4492
-4994
-3831
-1059
727
2363
1791
938
765
508
1179
-198
-2288
-6349
-9819
-10375
-6884
2718
14916
25321
25616
17666
6873
-1784
-10026
-21083
-27320
-26491
-17280
-6721
3872
13246
15498
11656
3639
598
936
1376
-2074
-8053
-10140
-9159
-4262
-768
1988
2949
233
-3354
-5437
-2145
2034
3110
3240
6567
12778
17720
18270
14610
8095
-458
-7337
-11008
-10948
-8738
-7450
-7099
-5898
-1310
4914
9292
9369
6870
4002
1439
1671
2716
4189
2482
-2307
-5048
-6628
-5036
-4568
-5491
-6202
-7465
-5087
-2012
2759
5939
5820
4308
1280
2728
5169
7406
6725
2911
-351
-4466
-5520
-5769
-5935
-6773
-8752
-8147
-4479
1559
6795
9504
9928
10634
10912
9739
6596
1234
-3905
-9197
-12313
-12447
-10296
-6956
-4397
-1503
1608
4099
5268
4980
2904
-1626
-7405
-10062
-4311
10855
26670
30623
20749
5710
-4584
-12747
-22641
-30515
-30718
-21251
-10778
208
11861
18505
13985
383
-6168
-1959
5323
5533
406
-2095
-2552
-2721
-4522
-3992
-2723
-5777
-12185
-15590
-9737
404
7843
11147
14403
19507
22459
21244
17263
11921
4051
-5414
-11523
-11205
-7801
-6757
-8816
-10277
-8129
-2627
3643
9188
13841
14705
13733
12183
11689
12158
7013
-1254
-12710
-20843
-22003
-20526
-14770
-10641
-6271
-2660
1755
6798
9016
11233
6900
3064
388
1201
6362
8328
9079
2386
-3510
-6843
-8652
-7025
-9590
-11781
-13052
-10953
-5069
452
5042
7245
8348
8749
9817
10265
9441
7230
2866
-1376
-4308
-5292
-4880
-5583
-7916
-9244
-9093
-5814
-3006
-2420
1226
10468
25063
32551
27127
13377
-1102
-11963
-23430
-30243
-27054
-15340
-5339
-513
5707
11127
10006
-2143
-12724
-11920
-5316
605
1879
5068
9084
7572
1767
-2840
-3208
-5178
-11782
-17039
-14166
-5614
2040
6619
11380
17609
19778
16388
11231
8388
7229
4829
2440
2281
3072
1230
-4129
-10902
-14724
-15295
-13912
-9510
-2023
7005
13271
17731
20378
20213
16439
8153
1750
-4153
-8818
-11354
-13283
-11242
-10566
-11412
-12855
-12989
-10592
-7726
-3408
35
5731
11548
15638
17313
15037
10800
1823
-6689
-12404
-14538
-12071
-9992
-5835
-1026
2325
4335
2714
766
290
467
1162
1838
3144
5405
6520
5351
3441
770
-1423
-3970
-6269
-6413
-7157
-7198
-5300
3914
21028
32044
28469
12647
-2337
-10509
-17583
-24145
-24152
-14428
-3472
3043
8284
13114
10554
-3932
-17743
-17976
-7068
3592
7150
9065
10232
7039
-309
-7143
-8500
-9347
-13715
-15942
-10834
209
8585
10401
8906
7036
4637
1891
1293
3802
7026
7857
9039
13102
16982
14810
4650
-7544
-15869
-19194
-18521
-13688
-5071
3342
7086
8070
9381
10453
8340
2059
-2008
-2424
755
4798
6533
7700
4655
-864
-6923
-10661
-11046
-11480
-11082
-9774
-4740
963
4944
7293
7671
6472
1239
-2937
-3510
-902
1489
-436
-1238
-504
-291
-1879
-5893
-6632
-4810
-3821
-1960
-349
2522
4992
4607
4290
4313
5086
4076
1586
-1593
-2755
1333
10631
22757
23878
12699
-2355
-11640
-14138
-18571
-18386
-11349
-446
6508
5372
5118
2078
-9797
-23652
-23970
-7976
9157
14680
12481
11150
6408
-2626
-11193
-12135
-6539
-4739
-4157
271
7706
10180
2521
-7071
-11282
-8742
-3692
1279
7719
14797
18059
16129
13617
11704
7577
-1911
-12115
-14993
-10450
-2673
3106
5604
4800
1707
-1356
-2787
-1832
-1555
-1806
-1246
1678
6826
8993
7107
1864
-4327
-7889
-7881
-5448
-2517
374
1028
-27
-1090
-1216
-492
-1337
-1705
-891
1222
4155
4796
3740
66
-5170
-7894
-7510
-4287
-1011
565
2482
3675
3533
1617
-1827
-3601
-4462
-4018
-1930
571
3537
2413
-2121
-1310
8431
22329
25727
14493
1803
-6436
-10084
-14450
-15687
-6270
4129
7419
2954
636
-2237
-14225
-26484
-24849
-4753
14049
20763
17905
11747
3292
-11586
-20205
-17142
-6941
797
3697
9905
15536
13661
2547
-11120
-17015
-14715
-8003
864
9301
14361
13203
7987
5010
5321
3259
-2228
-6596
-3549
5002
10781
11544
7622
878
-6439
-10831
-10889
-6212
-1781
940
4174
4802
5837
4433
535
-3497
-6770
-4753
-389
5086
6506
4589
1424
-4150
-6969
-8600
-6751
-4752
-1593
3752
5473
6802
3303
-1120
-3968
-8514
-9670
-7718
-3271
766
192
-1523
-1637
-326
2111
3077
3848
3982
2176
509
510
2515
2241
2640
8647
19132
25590
16989
1330
-12149
-19157
-22486
-21619
-9566
3812
11158
8395
5185
4187
-6154
-19780
-24598
-9489
9140
16104
14729
8412
357
-15161
-26900
-22378
-7877
5076
9891
13708
18081
14351
2775
-8142
-10427
-4777
1627
7609
14250
16917
11701
1006
-7004
-6670
-2599
-343
839
4181
9538
11459
7106
1039
-4332
-5852
-6475
-7861
-5392
-4142
-1779
-2178
-4843
-2872
-1247
1325
2428
4080
6710
6241
3865
-85
4
-743
-3475
-6921
-7771
-4314
-3661
-1327
148
2460
4014
988
1492
3291
4430
2452
-1519
-1168
431
-945
-4771
-8395
-9115
-7467
-5902
-5082
-3738
-4048
-4476
-3308
-1543
5576
16137
27890
31402
20642
6500
-4280
-8021
-10624
-11311
-4341
3433
5820
-2125
-11427
-19040
-26591
-28666
-20697
1887
19832
23879
17229
4628
-5081
-16241
-20472
-11515
3924
17330
21049
17973
12186
1502
-11678
-17452
-12080
1555
11855
13004
10035
3627
-3204
-8754
-9757
-3424
4377
9762
12293
11990
9498
3388
-3627
-5783
203
10031
14231
10690
691
-8138
-11761
-11978
-8724
-4335
-432
275
-593
-1388
-2893
-5791
-9860
-8198
-452
9213
13574
9739
3754
-3322
-5829
-3234
1880
7514
6523
1812
-3202
-7043
-8065
-10075
-11117
-8236
-3012
1835
4726
3808
2
-3682
-8340
-8390
-4366
398
3357
1420
4003
13350
23342
21442
4706
-9064
-10353
-2541
1491
1297
3750
5508
2151
-7825
-13386
-15689
-19573
-22442
-14808
5159
18132
13064
-4290
-15877
-16121
-10275
-2113
7473
16345
15408
6940
313
-62
3021
1887
1208
7304
15743
19548
11739
-2030
-11831
-14204
-8431
504
8513
11310
5636
-4367
-11044
-9468
-1587
4975
11818
16858
15793
9586
-2561
-9023
-6908
-2250
2838
5763
7089
3355
-4016
-12431
-16505
-12647
-8256
-1324
4115
8248
6758
-3238
-10775
-13634
-6686
3562
12839
20783
18733
11161
1244
-4504
-2179
-1774
-1296
-887
-426
-1226
-6999
-13930
-19344
-17753
-12020
-4712
2563
3472
993
382
8960
21185
22853
10694
-4480
-7225
-2905
1349
3917
6295
8716
4186
-4087
-11761
-19215
-24348
-24652
-14232
1209
9785
6162
-8749
-20835
-23390
-15350
-2067
8197
16463
18341
12551
4481
-1576
-137
4188
8668
15446
20382
19742
10161
-2785
-9969
-8677
-396
8924
12918
9171
-574
-10918
-15791
-12564
-3796
5979
10928
11446
9746
4009
-3913
-10300
-8511
754
8993
13308
11494
5949
-835
-7034
-6814
-2453
2423
4118
1354
-3480
-9305
-12135
-10855
-6340
-193
4345
7282
6062
-41
-5983
-7781
-1807
7626
12471
12926
8622
3438
-1769
-9588
-13884
-12921
-6072
254
-518
-5804
-13592
-17104
-12876
2281
19836
22553
9035
-8417
-9926
436
10618
14560
11194
8784
3279
-3351
-8967
-17033
-20246
-18456
-9668
3200
7178
280
-17652
-31711
-28594
-12569
5597
14149
13918
8092
-19
-4013
-45
9555
16862
18940
18542
16978
12508
4621
-2544
-5038
-226
9771
17441
16217
5334
-8148
-16094
-15199
-7528
1995
8041
8316
4383
-2677
-9439
-13397
-11346
-1244
8628
13406
11540
4704
-2174
-6204
-4072
1048
6522
9078
7728
4069
-1935
-6903
-10279
-9863
-7441
-4668
-310
1825
3120
1067
-3492
-3147
826
8183
12581
9214
4240
339
-1125
-2580
-5455
-6878
-7542
-7566
-10258
-13948
-7096
9718
23054
18180
-2641
-16216
-10923
1379
6001
3718
3846
5757
1848
-6565
-9870
-9692
-11839
-14245
-8018
8071
13830
410
-21198
-32575
-25503
-11147
399
5232
3749
-2172
-8973
-9579
-721
11310
17785
18001
16740
17778
17895
13184
7488
6637
11438
16357
16408
11530
3346
-6646
-14443
-14564
-6528
3349
6255
375
-7663
-11669
-10039
-5583
-2926
-1883
-780
-35
438
-602
-507
1792
4342
6119
5864
5507
5373
4657
3187
1450
841
1253
773
-1755
-4248
-6033
-7715
-9715
-9950
-5649
557
3043
900
-2732
-3855
-317
3071
4862
5113
4986
5545
4079
-4
-4336
-854
7272
11590
6425
-4948
-7078
-1392
4567
3764
655
2294
290
-5304
-11243
-12431
-10355
-9809
-6749
890
6004
31
-12676
-22548
-21907
-14170
-5302
1410
2642
436
-4993
-9880
-8856
-1696
6297
9935
9638
10221
12693
12665
10440
9993
13599
17617
17541
13833
9162
4462
958
150
2723
7003
7039
955
-7789
-13651
-13656
-9736
-4562
-861
9
-2047
-6500
-11208
-13305
-11288
-5479
2136
7332
7860
5570
3237
3390
5910
7375
6660
5679
5344
6088
6420
5150
1940
-3653
-7335
-7218
-3923
-421
-1782
-4811
-6178
-6010
-4746
-3428
-3455
-3823
-3600
-2601
5705
16337
17329
5853
-9466
-9907
3581
13666
12703
6406
3021
-147
-4157
-3234
193
-2191
-10337
-14291
-7640
340
-2564
-12437
-20006
-21663
-15698
-6913
-2263
-4156
-11593
-16139
-13327
-6517
1488
5807
5085
3359
4552
9135
11972
11590
12999
17367
21758
23542
21221
16492
10887
5517
4841
6743
6882
4289
-2587
-8383
-10566
-10586
-9040
-8567
-7872
-6366
-5742
-6605
-7494
-6310
-3910
-1771
505
2571
3227
1927
-1514
-3938
-2458
1112
4618
6769
6977
7298
8044
7739
5388
1794
323
1280
4217
4909
1462
-1697
-5185
-7166
-7389
-7061
-5937
-6345
-6668
-3056
4526
6938
-449
-10752
-12852
-2901
6877
10485
9528
6213
2769
-1093
339
5267
6468
3655
1305
2985
3558
-2267
-10140
-15151
-17473
-15564
-10653
-6982
-8220
-15128
-20336
-18182
-10552
-2144
3160
3151
41
-1458
890
6427
11441
14424
15352
14868
15216
16760
16745
13059
7035
4146
6855
11844
15696
13774
7565
551
-5784
-7362
-6303
-4617
-2858
-4582
-9400
-14176
-15156
-13011
-9110
-5513
-4269
-3564
-4270
-4656
-2626
-200
14
-1309
-430
2793
8265
12590
12239
8896
4096
2871
6105
10572
10922
5962
1596
-1432
-2614
-2915
-3974
-3938
-2825
-1733
-324
2113
-158
-6962
-12483
-11981
-2129
5523
6659
2524
-3215
-6738
-8889
-4298
3157
5918
2563
-1197
-166
1737
-200
-3109
-1527
-293
-2963
-7103
-8541
-7036
-7558
-10130
-11555
-10767
-8584
-5778
-3815
-2745
-2641
-1994
665
4347
8714
11283
10565
8259
6857
8858
12321
14485
14742
12485
9407
8995
9413
7965
3816
-2495
-3957
-864
1441
2380
-176
-4776
-9092
-11264
-10508
-7309
-3825
-2990
-3537
-5015
-5804
-5597
-3865
-2436
-3762
-4888
-6188
-4487
1323
6380
9047
7718
4571
3241
5300
9772
11854
10469
7542
4356
2090
324
-2761
-5139
-3580
-1030
1974
3744
-1254
-9453
-14332
-9644
2044
9778
8886
1675
-3297
-5320
-5473
-1650
1380
783
-2023
-2995
-1913
-2994
-7994
-12649
-11528
-6834
-2665
-1584
-3299
-6552
-9292
-7607
-1919
3239
3742
591
-1845
-337
3295
3706
1559
1123
3584
7703
10722
11052
9403
5697
2191
2711
8356
14529
13507
8263
4764
4359
6142
3803
-1636
-4239
-2949
-576
-1123
-3925
-8274
-11334
-12004
-11441
-8858
-6418
-5512
-7278
-8438
-6554
-2690
2034
2228
-351
-452
2438
6785
8772
8122
5863
3684
3743
5441
8228
8211
3829
-459
-2112
-1499
-896
-2031
-3055
-1417
1946
5967
5808
-1361
-6752
-5538
1921
8425
5960
214
-3666
-4434
-3503
-1766
-634
-3083
-7464
-9147
-5038
-1587
-3175
-8086
-10754
-7958
-5028
-3178
-2609
-4029
-6128
-7878
-6579
-1700
1956
1339
-2455
-5828
-3912
1008
4313
6463
8348
10242
11281
11594
12907
14791
14606
13382
12773
14103
15621
11430
5616
1040
-561
2784
3316
-432
-4780
-7203
-7900
-8757
-8581
-9674
-10139
-10485
-11344
-9828
-7492
-6540
-8017
-7799
-6419
-5042
-2794
-3043
-2655
265
3498
5960
5870
5635
4391
3789
6175
7561
8152
7277
4085
983
-1053
-1750
-1109
2272
4965
4858
4748
2569
-2487
-6918
-5637
384
5350
4179
-3137
-6175
-4137
-2638
-1321
-2666
-4317
-5940
-6273
-2446
-424
-1906
-6341
-9787
-8136
-5249
-4403
-5132
-5935
-7485
-8305
-7315
-4695
-1108
546
231
-185
1495
3870
4328
4471
6275
9630
11863
11632
10756
11611
12900
12524
12439
12284
12042
11294
9752
9530
8947
7069
4021
1323
4
-1516
-2599
-3857
-5184
-6667
-8597
-10263
-11388
-11238
-11654
-11341
-9545
-8110
-6701
-6805
-7708
-7956
-6394
-3000
-306
1485
1556
794
974
2120
4180
7138
9620
9166
7244
4410
1876
471
-308
2326
6252
9474
8854
1328
-7570
-11229
-6920
589
4422
1809
-2944
-4858
-5566
-5073
-3776
-3611
-5996
-8572
-5555
263
2675
-1579
-9426
-12209
-9449
-5740
-3095
-1946
-2917
-6101
-8948
-8803
-5165
-1038
629
-56
-157
2488
4610
4383
4446
7028
11864
14859
13605
11631
11154
11517
12135
12784
15314
16593
12953
8164
4712
5234
8330
7892
3924
-197
-1859
-3033
-4224
-5145
-6756
-7365
-8211
-8775
-9099
-9118
-9870
-11501
-9827
-8657
-8863
-8074
-7283
-5584
-3546
-2260
-2220
-2066
42
3131
5028
5552
4660
4264
6791
7676
5770
4233
2551
1065
2065
5254
7066
6907
2676
-3775
-5745
-3276
1428
2987
-324
-4812
-6536
-4567
-3779
-4935
-6758
-8066
-8607
-6684
-1606
717
-2265
-9276
-13844
-11440
-6168
-2247
-1850
-4111
-7140
-8934
-7706
-4045
-441
1235
466
-1405
-518
3081
6640
8355
7342
7532
10172
11881
12854
13050
12930
13747
13439
12751
13126
13053
12319
10876
9253
7556
5452
3242
876
666
1638
759
-2219
-6005
-8110
-8873
-8623
-8519
-9176
-9559
-10779
-11802
-11292
-9475
-7727
-6839
-5740
-5000
-4376
-2834
-2047
-1415
1707
4508
5271
5127
4158
4683
6100
6252
4890
3060
2675
3877
5235
5564
4638
999
-2349
-3127
-2078
1576
3674
1216
-3333
-5399
-4639
-3575
-3813
-6247
-8762
-9832
-7657
-3890
-2237
-4531
-10795
-14473
-12179
-8295
-6232
-5712
-5786
-6479
-7038
-6540
-4644
-2205
-442
-52
306
3278
6468
7729
7922
7579
9383
12809
13668
12453
12318
13884
16359
16108
13197
11226
9779
10810
12854
12964
11712
8172
3776
291
-363
212
-402
-2460
-5295
-6464
-7411
-8404
-10300
-11523
-10478
-10036
-9450
-9609
-10538
-10945
-9904
-6749
-4123
-2448
-1212
-1457
-1232
721
2091
2960
2868
1815
2794
4583
4945
3041
471
710
3697
7158
8575
7334
3047
-1284
-2876
-1066
3895
6098
3650
-1242
-3310
-2287
-3135
-5256
-8551
-10223
-9736
-8383
-6173
-5541
-7806
-13227
-16215
-13511
-8717
-5823
-5637
-5817
-6980
-8118
-7424
-5027
-1540
588
30
-1205
673
4274
6641
8001
8278
9693
12947
14776
13878
13193
15225
17223
17756
17187
15725
15489
15150
13558
11528
9660
8415
6115
3506
1680
358
-717
-2934
-5523
-7234
-7918
-8816
-9940
-10140
-10204
-10470
-11309
-11189
-9997
-9910
-9760
-8511
-5684
-2094
-504
-1331
-2683
-2386
-332
2059
3536
3329
2263
1608
1290
932
1104
2038
3387
3909
3745
4265
3866
1465
-1407
-1311
3189
7332
5828
-332
-4169
-3133
-1662
-2131
-3509
-4841
-6163
-7040
-7370
-6646
-6435
-10235
-14588
-14528
-11447
-9594
-10362
-11408
-11409
-10368
-8880
-7328
-5102
-2708
-2010
-1632
1665
5957
8717
9136
8107
8972
11275
13071
13910
14481
16425
18638
19037
17542
15412
13934
14234
15475
15764
14547
11506
8077
5245
3687
3971
3905
1366
-3065
-6526
-8064
-8022
-7506
-8295
-9830
-10822
-11943
-13086
-11999
-10966
-11905
-12082
-10611
-7918
-4482
-2548
-3040
-2543
-135
1785
2706
3416
3977
3903
4031
3810
3635
5226
6042
3812
1563
1611
1055
-1056
-2991
-2513
1247
3958
2695
-893
-1232
147
-1386
-2624
-2657
-2198
-3146
-4636
-5329
-4751
-4903
-9599
-13369
-13457
-11671
-11112
-12204
-12675
-13532
-13332
-11931
-9356
-5991
-4309
-5049
-5645
-2194
3229
7172
8869
8938
10106
12213
13519
13921
15074
18183
20636
20656
18690
16050
14684
15209
16407
16189
13625
10378
7496
5274
4677
4176
2940
942
-1511
-3913
-5682
-6314
-7448
-8371
-9225
-10297
-10678
-10415
-10258
-11452
-12250
-12028
-10203
-6914
-4787
-4303
-4760
-4683
-3153
-632
1100
1689
2475
3199
3857
3934
3712
4492
5758
5719
5309
6293
6013
3542
-59
-1584
899
3552
2955
-573
-2140
-1800
-2587
-3916
-4542
-4075
-5046
-5688
-5916
-5790
-5788
-9459
-11966
-10925
-8633
-8256
-9983
-10467
-10466
-10486
-10612
-10425
-8855
-6480
-5786
-6177
-4549
-1954
865
2787
3789
6209
8749
10762
12024
13063
15659
18261
19374
19530
19810
19365
19000
18987
18030
16768
14483
12191
9819
7463
5969
4074
1779
-989
-3468
-5120
-5224
-5435
-7413
-9792
-12219
-13400
-12677
-10633
-9462
-10504
-11639
-11655
-9754
-6333
-4439
-5124
-5403
-3866
-2123
-239
1123
1558
1708
1324
820
660
2425
5107
6215
5144
3293
3205
3325
2894
1508
1311
4082
4717
2241
-1265
-2210
-1361
-1743
-2221
-3126
-3458
-4965
-6531
-7033
-6224
-5284
-8203
-10474
-10452
-9180
-8673
-9576
-9602
-9317
-8315
-8250
-8375
-6687
-4624
-4108
-4125
-2308
417
2562
3161
3306
4949
7142
9107
10625
12029
14208
15122
14625
15519
17747
18881
18754
17662
16667
17135
16909
14615
10816
9030
8076
5647
3442
618
-1394
-2336
-3247
-5931
-8158
-9383
-12470
-13802
-12726
-11572
-12185
-13236
-13733
-13377
-10085
-7395
-7261
-6407
-5533
-5394
-3412
-102
2235
3079
2738
725
-721
372
1980
3322
4525
3324
847
1583
3509
3504
1498
114
1019
2304
2712
809
-367
534
357
-1249
-2598
-2739
-3513
-4097
-5065
-5546
-5174
-7361
-9741
-10671
-9476
-7863
-8553
-10182
-10963
-10369
-8919
-6761
-4816
-3828
-4166
-4389
-2873
-144
2824
4613
5410
6574
7929
9936
12501
14018
14905
15228
15221
15891
17185
18101
18129
16888
15535
15210
13821
12370
11001
9719
9198
7502
4663
1832
317
-698
-1839
-3601
-5527
-7087
-8681
-9653
-11351
-13653
-15587
-16076
-14752
-12764
-11596
-12045
-12560
-12404
-11503
-9636
-6230
-3002
-1785
-1255
-1267
-932
643
2575
4197
4953
4556
3722
3435
3521
4644
6034
6027
4505
1531
-9
810
2027
2624
1979
1020
-1291
-3568
-4135
-2941
-963
-1598
-3475
-6011
-6726
-6025
-7399
-8391
-8375
-7644
-7859
-9141
-9927
-9730
-8488
-8289
-8622
-7243
-4442
-2806
-2225
-782
1132
3290
4991
6336
8919
12289
14383
14310
13916
15041
17044
18204
18665
19234
18701
17373
15259
13056
13101
13667
13195
10500
7043
4779
2579
1392
78
-1502
-2627
-3506
-5526
-8192
-9330
-11191
-13616
-14585
-13749
-12475
-11760
-12340
-14077
-14178
-12478
-11707
-11007
-8966
-7414
-6023
-5346
-5434
-4366
-1667
1208
2197
1794
1659
2051
2750
4841
6746
7436
7927
7489
5978
4201
2986
3019
4259
4941
3486
1021
-74
-933
-2230
-3220
-3658
-3674
-4423
-4987
-6063
-6642
-6901
-8155
-8881
-8830
-7626
-7580
-8745
-9326
-9394
-8157
-6048
-4536
-3828
-2784
-2154
-1825
-379
1914
4603
7072
9020
10018
10593
11959
13330
14530
15951
16989
17658
18137
18082
17254
16276
15464
14692
13873
12762
11271
9217
7114
4894
2494
655
-1072
-2938
-4415
-5852
-8352
-11215
-13339
-13609
-12471
-12315
-13265
-14374
-14387
-14216
-14434
-14129
-12810
-10326
-8519
-8257
-8534
-7611
-5580
-3376
-2061
-1548
-498
618
1642
2302
3103
4167
4938
5581
5982
6066
5789
6297
6700
5911
4021
1750
1552
2440
3140
2560
668
-885
-2889
-4218
-4348
-3308
-2599
-3227
-4698
-6764
-7056
-6754
-6419
-6437
-7131
-7338
-7241
-6114
-4707
-4127
-4467
-5003
-4550
-1974
1345
3293
4471
4661
4826
6526
9172
12066
13599
13326
13207
13738
14635
15214
14588
14166
14620
14832
14552
13012
10719
9451
8532
7416
6326
5231
3589
747
-2311
-4457
-5364
-5411
-5990
-8242
-10706
-12432
-13361
-12870
-12920
-13940
-14625
-14527
-13478
-12530
-11938
-11791
-11859
-11023
-9241
-7307
-5573
-4177
-3397
-2353
-740
682
1681
2165
2731
3570
4797
5822
5531
5251
5376
5838
6537
6134
5682
5231
4293
3004
638
-436
333
929
315
-1301
-2264
-2923
-3384
-4283
-4364
-3026
-2494
-2745
-4196
-4384
-3823
-4139
-4440
-4816
-3846
-2851
-2393
-1803
-853
215
474
-159
-43
2667
5584
7266
7544
6876
7542
8783
9448
10279
11322
12629
12884
11048
9575
9370
9809
10359
10085
9508
9130
7944
5544
2837
912
493
379
169
-160
-2083
-4946
-7647
-9424
-9139
-7817
-7490
-8725
-10523
-11730
-12677
-13081
-12673
-12623
-12141
-11077
-10811
-10371
-8998
-7741
-6793
-5786
-4658
-2988
-874
805
1614
2459
3607
4006
3876
4131
4922
5742
5851
5054
3775
3023
3064
3017
2838
2688
2540
1895
672
-884
-2448
-2273
-895
276
310
-585
-1344
-2330
-3039
-3186
-1971
-289
542
-51
-1305
-812
-314
-306
-436
-425
352
1163
2257
2952
3724
4353
3840
2954
3005
4387
6151
7630
7620
6559
5987
5930
5865
5893
6283
6653
6413
5463
4401
3660
3590
3451
2763
2554
2600
1692
-204
-2142
-2978
-2798
-2565
-2902
-4132
-5005
-5451
-5950
-6548
-6989
-6942
-7025
-6887
-7034
-7255
-7590
-8149
-8758
-9133
-7930
-6558
-5706
-5068
-4654
-3970
-2990
-2289
-1681
-334
1032
1749
1824
2265
3140
3659
3623
2927
2751
3131
2890
2148
1495
1104
577
-399
-895
-397
111
86
-655
-1143
-362
204
-98
-796
-1055
-354
497
1571
2352
3144
3462
2783
2328
2590
4293
5580
5907
5557
5216
5859
6004
5852
5075
4737
4864
4249
3803
3369
3364
3234
2347
1029
-55
-554
-1189
-1788
-2283
-2415
-2100
-1996
-2504
-3384
-4035
-4090
-3637
-3295
-3126
-3113
-3124
-3018
-2866
-2330
-1928
-2131
-2471
-2403
-1560
-561
-363
-922
-1386
-1302
-999
-822
-794
-720
-849
-1194
-1552
-1651
-1312
-1360
-1977
-2606
-2539
-1842
-1259
-1097
-1594
-2030
-2191
-2312
-2162
-1904
-1536
-1406
-1390
-1058
-661
-296
-80
-324
-548
48
895
1331
1171
485
70
536
1471
2014
2199
2266
2244
2294
2786
3529
3918
4109
4391
4872
5727
6322
5958
5443
5209
5446
6170
7075
7617
7105
6226
5584
5573
5516
4804
3187
1532
1042
524
-99
-1225
-2715
-4047
-5384
-6270
-7075
-7596
-7915
-8169
-8496
-8815
-9198
-9649
-9240
-8661
-8320
-8252
-8290
-7453
-6124
-4821
-3715
-3108
-2510
-1791
-1084
221
1808
2949
3526
3783
4419
5487
6141
5985
5321
4750
4909
5266
5320
5127
4275
3100
1984
1132
889
546
-383
-1415
-2183
-2309
-2226
-2575
-3091
-3598
-3850
-3565
-2868
-2142
-1667
-1669
-1864
-1827
-1467
-518
597
1303
1321
877
1009
2046
3351
4120
4387
4742
5224
5551
5606
5558
5628
5762
5743
5691
5680
5339
4420
3258
2550
2419
2437
2277
1584
624
181
-50
-480
-1099
-1900
-2429
-2751
-3316
-4131
-4640
-4556
-4439
-4633
-4920
-4803
-4427
-4291
-4760
-5655
-5799
-5363
-4910
-4605
-4792
-5058
-5290
-5436
-5307
-4764
-3956
-3373
-3212
-3111
-2425
-1362
-285
298
103
-8
302
857
1616
2229
2470
2299
1877
1937
2555
3155
3194
2475
2000
2342
2968
3424
3482
2988
2114
1388
1393
2283
3123
3135
2547
2045
2186
2743
3248
3583
3615
3335
3141
3175
3350
3499
3434
3326
3135
2978
3143
3428
3647
3394
2705
2259
2225
2345
2244
1957
1517
938
199
-603
-865
-790
-934
-1925
-3452
-4404
-4838
-4844
-4736
-4772
-4832
-5203
-5988
-6916
-7292
-7116
-6833
-6566
-6253
-5822
-5735
-5728
-5412
-4601
-3272
-2490
-2369
-2108
-1216
147
1095
1553
1891
2194
2449
2589
2806
3363
3897
3727
3151
2874
3218
3835
3814
3132
2017
847
166
-263
-445
-542
-942
-1598
-2322
-2957
-3335
-3466
-3594
-3768
-3877
-3390
-2409
-1795
-1715
-1980
-1932
-1242
-254
975
2288
3362
3825
3886
4321
5370
6486
7064
7270
7526
8047
8629
8931
9225
9430
9256
8683
7923
7586
7438
7003
6245
5241
4197
3099
1947
942
154
-916
-2509
-4374
-5988
-6766
-7075
-7296
-7762
-8772
-9930
-10962
-11583
-11618
-11375
-11140
-10996
-10927
-10822
-10412
-9555
-8232
-6854
-5929
-5326
-4711
-3726
-2352
-954
307
1282
1908
2419
3183
4386
5623
6271
6134
5727
5646
5975
6323
6271
5903
5298
4506
3773
3265
3015
2613
1718
639
-164
-541
-836
-1364
-1959
-2271
-2230
-1968
-1687
-1557
-1567
-1632
-1523
-1049
-362
272
706
997
1398
2046
2889
3806
4531
4876
4889
4808
4943
5336
5795
6094
6048
5631
5058
4705
4735
4902
4629
3729
2640
1839
1525
1400
1138
618
-221
-1313
-2372
-2994
-3167
-3346
-4070
-5254
-6274
-6752
-6703
-6553
-6629
-6966
-7462
-7833
-7900
-7641
-7199
-6750
-6523
-6565
-6690
-6546
-5735
-4515
-3412
-2764
-2498
-2180
-1613
-728
361
1478
2345
2781
3019
3333
3856
4286
4542
4676
4631
4454
4069
3932
4155
4347
4079
3180
2364
1873
1639
1367
970
789
598
362
-77
-440
-548
-680
-778
-1015
-1017
-787
-422
90
376
584
593
669
1052
1656
2460
2994
3248
3300
3503
4098
4785
5253
5129
4696
4383
4502
5027
5401
5316
4674
3764
2976
2464
2264
2087
1671
896
-58
-872
-1485
-1989
-2682
-3615
-4670
-5594
-6166
-6469
-6650
-6966
-7322
-7507
-7466
-7383
-7551
-7752
-7731
-7399
-7067
-6943
-6755
-6317
-5688
-5216
-4910
-4527
-3920
-3181
-2434
-1584
-708
-20
329
614
1198
2070
2937
3566
3950
4100
4017
3782
3785
4135
4639
5031
5072
4998
4765
4442
4193
4052
4130
4028
3648
3129
2675
2403
2104
1791
1455
1264
1182
1146
1221
1173
928
471
197
500
1077
1452
1382
1213
1406
1797
2037
1986
1831
1947
2309
2803
3247
3319
3030
2580
2395
2624
2921
2930
2510
1855
1169
616
249
10
-328
-1046
-2012
-2982
-3693
-4103
-4509
-5045
-5751
-6446
-6902
-7148
-7357
-7687
-8047
-8177
-7998
-7732
-7510
-7244
-6783
-6159
-5600
-5138
-4605
-3893
-3088
-2321
-1626
-940
-297
277
937
1727
2558
3137
3348
3418
3635
4088
4565
4840
4848
4758
4675
4670
4652
4460
4119
3665
3274
3056
2983
2903
2656
2239
1833
1622
1513
1372
1053
663
360
123
-25
-133
-154
-103
-46
-6
-17
-111
-239
-266
-61
397
855
1115
1180
1188
1376
1758
2195
2490
2528
2438
2485
2743
3001
2960
2534
2039
1771
1776
1865
1720
1222
446
-364
-901
-1100
-1211
-1586
-2277
-2996
-3439
-3641
-3892
-4302
-4745
-5004
-5062
-5051
-5026
-4977
-4864
-4745
-4682
-4641
-4500
-4108
-3483
-2739
-2055
-1643
-1556
-1649
-1549
-997
-190
428
534
300
169
357
785
1186
1379
1321
1094
896
868
994
1117
1106
1020
994
1079
1189
1169
1027
911
987
1214
1377
1374
1273
1277
1458
1695
1920
2110
2280
2397
2451
2553
2745
2974
3137
3238
3411
3622
3686
3506
3223
3102
3172
3254
3136
2768
2247
1738
1414
1281
1164
829
241
-376
-801
-1012
-1195
-1533
-2033
-2563
-2956
-3172
-3295
-3479
-3839
-4275
-4577
-4553
-4279
-4055
-4019
-4131
-4178
-4088
-3943
-3717
-3398
-2990
-2647
-2512
-2409
-2131
-1565
-893
-345
78
318
437
536
846
1490
2157
2495
2350
2077
2041
2208
2425
2430
2253
1955
1603
1376
1228
1159
999
688
414
158
11
-123
-293
-395
-497
-481
-460
-500
-516
-513
-312
-31
193
324
362
536
844
1201
1504
1625
1715
1837
2033
2262
2377
2438
2453
2500
2633
2714
2713
2525
2207
1920
1724
1704
1659
1472
1119
577
78
-357
-674
-903
-1181
-1428
-1766
-2119
-2478
-2833
-3044
-3244
-3348
-3443
-3523
-3524
-3605
-3613
-3646
-3647
-3548
-3419
-3085
-2749
-2444
-2262
-2212
-2017
-1677
-1121
-534
-78
231
335
454
680
1061
1516
1838
2005
2001
1920
1847
1801
1821
1854
1787
1628
1368
1139
992
873
793
614
431
278
204
257
240
185
95
113
233
303
347
373
527
722
866
1002
1147
1344
1448
1489
1580
1743
1948
2033
2091
2114
2015
1786
1471
1359
1475
1586
1471
1091
706
460
328
194
-32
-236
-330
-329
-365
-629
-1046
-1423
-1590
-1512
-1405
-1356
-1538
-1975
-2461
-2757
-2620
-2333
-2248
-2490
-2899
-3139
-3238
-3184
-3000
-2749
-2529
-2564
-2727
-2823
-2681
-2295
-1825
-1309
-901
-684
-622
-536
-160
447
1063
1472
1632
1727
1871
2129
2448
2691
2821
2784
2697
2677
2696
2718
2593
2344
2093
1919
1813
1623
1317
962
684
527
420
270
55
-169
-343
-427
-439
-420
-381
-331
-262
-186
-136
-67
42
233
480
678
766
706
657
739
952
1153
1161
997
780
664
676
731
737
593
314
19
-143
-151
-163
-331
-630
-903
-1051
-1127
-1231
-1358
-1512
-1689
-1907
-2095
-2145
-2115
-2080
-2136
-2235
-2285
-2306
-2295
-2247
-2108
-1899
-1739
-1674
-1666
-1605
-1452
-1243
-974
-673
-404
-237
-182
-93
155
540
886
1050
1090
1148
1338
1607
1815
1896
1852
1809
1825
1894
1979
1989
1923
1784
1645
1559
1521
1494
1414
1314
1199
1098
978
860
816
826
862
795
647
530
532
664
753
711
554
471
563
712
755
593
381
308
402
537
534
343
48
-199
-254
-130
-21
-133
-504
-888
-1045
-988
-921
-1056
-1335
-1573
-1700
-1756
-1818
-1898
-1985
-2096
-2203
-2245
-2178
-2080
-2058
-2124
-2172
-2148
-2090
-2015
-1899
-1724
-1599
-1611
-1682
-1635
-1380
-1061
-833
-707
-610
-456
-297
-82
229
572
840
958
1093
1329
1612
1802
1863
1957
2118
2264
2291
2257
2280
2329
2327
2231
2113
2039
1974
1874
1724
1585
1483
1370
1266
1159
1047
920
752
635
618
669
695
612
490
385
358
428
565
691
683
522
330
264
368
500
515
388
142
-144
-366
-403
-288
-253
-465
-871
-1204
-1313
-1320
-1379
-1515
-1648
-1775
-1952
-2127
-2200
-2125
-2062
-2147
-2324
-2428
-2358
-2214
-2102
-2040
-2029
-2079
-2157
-2105
-1806
-1380
-1150
-1278
-1508
-1467
-1062
-552
-217
-106
-99
-81
30
304
708
1078
1222
1187
1213
1415
1684
1826
1824
1826
1903
2013
2082
2092
2046
1934
1797
1729
1772
1841
1791
1594
1362
1209
1158
1132
1094
1030
933
804
661
556
506
512
563
646
721
726
618
507
537
765
1072
1221
1144
906
754
802
975
1089
954
649
337
174
114
-12
-272
-660
-1011
-1262
-1428
-1605
-1900
-2258
-2596
-2789
-2891
-3014
-3188
-3372
-3465
-3507
-3520
-3505
-3441
-3301
-3157
-2997
-2845
-2681
-2457
-2173
-1784
-1380
-1091
-970
-886
-636
-184
309
634
771
847
980
1193
1456
1747
1964
2051
2048
2066
2203
2348
2409
2377
2337
2371
2375
2350
2276
2159
2028
1838
1750
1783
1871
1838
1566
1240
990
954
1031
1105
1118
959
763
572
531
638
734
773
679
624
591
560
531
473
536
594
610
564
531
587
551
435
209
65
80
139
184
29
-233
-594
-915
-1038
-1073
-1106
-1395
-1826
-2207
-2408
-2451
-2615
-2847
-3106
-3298
-3412
-3508
-3522
-3533
-3541
-3606
-3616
-3500
-3342
-3187
-3079
-2860
-2583
-2350
-2184
-2030
-1687
-1282
-914
-642
-391
-61
252
579
904
1275
1595
1804
2008
2268
2593
2805
2889
2935
3037
3220
3326
3335
3303
3274
3224
3098
2969
2910
2889
2768
2520
2260
2106
2037
1941
1797
1628
1447
1230
1014
910
896
861
687
438
286
240
237
189
126
52
-104
-317
-486
-467
-347
-306
-418
-604
-714
-767
-791
-799
-789
-787
-869
-978
-1015
-946
-916
-1045
-1240
-1361
-1367
-1363
-1433
-1535
-1621
-1732
-1887
-2046
-2109
-2097
-2145
-2271
-2410
-2467
-2427
-2357
-2263
-2174
-2127
-2149
-2178
-2085
-1826
-1497
-1224
-1036
-905
-771
-626
-443
-168
168
499
736
904
1059
1217
1365
1451
1561
1741
1969
2176
2302
2365
2373
2325
2238
2193
2279
2447
2583
2575
2443
2263
2080
1946
1876
1890
1925
1882
1737
1546
1403
1292
1196
1077
968
892
797
703
595
492
364
178
17
-77
-69
-68
-166
-367
-624
-794
-867
-857
-825
-862
-993
-1220
-1429
-1553
-1560
-1531
-1574
-1639
-1706
-1741
-1792
-1900
-2006
-2091
-2115
-2126
-2084
-1986
-1906
-1909
-2057
-2205
-2259
-2189
-2025
-1821
-1600
-1472
-1450
-1475
-1412
-1182
-881
-575
-316
-97
102
279
468
670
869
1053
1233
1425
1632
1796
1881
1900
1884
1882
1930
2033
2144
2182
2130
2017
1901
1825
1807
1821
1797
1702
1547
1404
1320
1272
1238
1164
1029
872
748
718
753
780
735
613
480
380
331
319
310
279
205
119
70
65
55
2
-118
-284
-437
-546
-587
-565
-554
-608
-738
-908
-1076
-1228
-1364
-1497
-1595
-1661
-1687
-1700
-1741
-1820
-1959
-2099
-2203
-2228
-2141
-2013
-1905
-1861
-1866
-1861
-1843
-1800
-1707
-1565
-1398
-1254
-1125
-982
-829
-697
-585
-453
-280
-59
187
413
618
786
930
1070
1224
1404
1562
1688
1764
1830
1915
2022
2130
2181
2176
2113
2014
1942
1919
1940
1966
1955
1881
1745
1580
1439
1354
1325
1310
1249
1135
998
879
800
757
720
656
560
448
340
267
209
139
42
-51
-100
-109
-118
-193
-357
-568
-746
-831
-821
-782
-797
-912
-1099
-1287
-1421
-1502
-1572
-1655
-1751
-1834
-1881
-1887
-1880
-1895
-1952
-2038
-2105
-2107
-2040
-1946
-1876
-1837
-1804
-1727
-1584
-1383
-1189
-1076
-1057
-1088
-1058
-913
-667
-392
-161
10
127
224
313
407
508
622
775
983
1241
1474
1641
1713
1705
1710
1765
1886
2026
2126
2153
2108
2043
1984
1962
1952
1921
1858
1746
1625
1496
1380
1272
1150
1025
886
766
650
546
455
364
300
242
205
175
137
76
-20
-118
-194
-211
-178
-125
-85
-111
-200
-336
-472
-561
-606
-606
-606
-624
-676
-769
-865
-972
-1071
-1169
-1244
-1282
-1311
-1339
-1398
-1493
-1620
-1737
-1810
-1831
-1791
-1739
-1707
-1708
-1731
-1736
-1715
-1653
-1554
-1433
-1298
-1166
-1040
-915
-792
-655
-492
-306
-114
61
202
315
424
550
707
884
1058
1205
1308
1377
1434
1495
1570
1641
1692
1734
1782
1835
1878
1892
1861
1798
1733
1679
1635
1597
1539
1455
1353
1247
1160
1080
995
892
774
653
546
457
373
281
181
76
-12
-87
-147
-198
-260
-336
-415
-478
-516
-535
-545
-562
-586
-613
-633
-649
-674
-697
-730
-764
-786
-811
-840
-889
-951
-1014
-1078
-1123
-1152
-1181
-1226
-1292
-1357
-1406
-1431
-1431
-1429
-1440
-1456
-1472
-1471
-1449
-1419
-1383
-1340
-1280
-1195
-1093
-990
-885
-792
-688
-561
-424
-268
-114
42
199
357
527
702
882
1058
1216
1368
1523
1679
1828
1977
2118
2240
2351
2437
2500
2549
2588
2608
2593
2546
2471
2368
2249
2114
1953
1768
1556
1327
1099
875
646
403
149
-99
-327
-516
-672
-811
-951
-1089
-1218
-1336
-1402
-1440
-1452
-1444
-1448
-1440
-1428
-1396
-1359
-1328
-1279
-1242
-1188
-1122
-1062
-1012
-982
-959
-957
-955
-923
-898
-842
-799
-804
-781
-797
-798
-801
-803
-757
-754
-694
-640
-595
-512
-496
-443
-447
-429
-391
-396
-304
-272
-205
-148
-128
-65
-65
-14
24
49
133
205
333
465
573
699
773
870
962
1046
1181
1285
1419
1529
1611
1680
1702
1742
1740
1771
1807
1822
1832
1784
1741
1647
1558
1490
1404
1334
1229
1109
961
799
647
474
310
141
-19
-174
-334
-490
-656
-809
-966
-1096
-1204
-1296
-1356
-1412
-1442
-1461
-1475
-1480
-1496
-1477
-1429
-1369
-1292
-1238
-1178
-1115
-1050
-971
-910
-858
-840
-833
-824
-794
-728
-668
-624
-621
-631
-633
-627
-595
-571
-540
-529
-517
-487
-454
-385
-343
-324
-328
-337
-298
-258
-185
-114
-59
-1
36
104
189
303
410
472
539
625
773
947
1101
1230
1317
1394
1470
1564
1671
1767
1831
1855
1865
1900
1958
1993
1974
1890
1776
1670
1585
1526
1466
1380
1249
1078
918
777
658
525
355
173
-15
-174
-313
-424
-542
-696
-857
-1022
-1138
-1205
-1269
-1347
-1464
-1585
-1671
-1692
-1659
-1623
-1615
-1666
-1745
-1792
-1771
-1678
-1559
-1470
-1455
-1479
-1489
-1454
-1347
-1213
-1095
-1015
-990
-973
-939
-872
-775
-680
-602
-537
-475
-405
-340
-296
-277
-249
-191
-87
56
181
273
321
350
406
508
669
853
1021
1140
1204
1248
1306
1404
1536
1669
1778
1847
1872
1864
1848
1844
1847
1847
1833
1796
1744
1677
1590
1482
1371
1261
1167
1094
1018
933
817
669
531
409
309
226
142
49
-53
-155
-261
-360
-457
-560
-655
-746
-819
-893
-961
-1030
-1115
-1209
-1295
-1356
-1395
-1419
-1444
-1482
-1534
-1587
-1627
-1649
-1653
-1641
-1633
-1622
-1602
-1567
-1510
-1437
-1356
-1273
-1182
-1075
-959
-834
-704
-570
-440
-317
-199
-88
14
104
175
235
290
336
380
415
428
435
433
440
461
483
506
524
549
584
637
709
779
851
923
1002
1092
1182
1272
1345
1397
1443
1476
1506
1527
1534
1518
1473
1413
1341
1269
1187
1095
992
875
753
630
509
393
261
130
4
-122
-237
-349
-455
-556
-653
-733
-803
-850
-888
-911
-910
-899
-875
-838
-792
-734
-673
-605
-545
-492
-447
-406
-368
-343
-337
-344
-359
-387
-416
-461
-510
-554
-605
-643
-677
-709
-725
-735
-733
-721
-702
-674
-637
-597
-554
-500
-447
-391
-341
-291
-242
-194
-151
-118
-83
-53
-30
-7
17
42
75
106
141
184
222
257
292
335
397
455
518
578
633
695
756
822
880
940
1009
1059
1107
1146
1175
1193
1187
1176
1155
1114
1059
989
900
810
703
585
464
339
215
90
-31
-148
-250
-344
-426
-496
-559
-608
-651
-688
-717
-734
-746
-758
-762
-757
-749
-741
-734
-719
-698
-676
-652
-629
-606
-576
-541
-499
-466
-435
-412
-394
-376
-359
-356
-354
-353
-358
-359
-368
-369
-365
-358
-352
-347
-339
-324
-294
-254
-215
-173
-126
-68
-10
51
118
188
259
334
409
486
560
633
704
765
826
879
928
970
1001
1029
1048
1063
1072
1064
1054
1039
1012
979
939
893
837
778
708
631
554
470
382
290
195
98
-1
-101
-196
-286
-379
-470
-559
-638
-706
-776
-838
-889
-925
-949
-977
-991
-996
-995
-983
-971
-961
-946
-919
-874
-823
-770
-721
-671
-621
-566
-509
-446
-382
-320
-268
-225
-173
-129
-89
-54
-34
-15
1
12
22
29
34
36
33
36
32
32
35
31
36
44
48
54
60
74
95
110
137
169
200
238
287
341
403
466
535
608
677
753
832
897
956
1016
1068
1116
1159
1188
1201
1206
1194
1172
1144
1093
1037
972
889
805
708
600
494
379
264
148
27
-87
-201
-309
-409
-511
-606
-705
-790
-871
-942
-995
-1047
-1080
-1102
-1123
-1130
-1136
-1125
-1104
-1076
-1035
-999
-957
-910
-860
-806
-753
-702
-652
-610
-575
-542
-510
-476
-437
-399
-369
-344
-321
-294
-261
-227
-190
-159
-129
-105
-75
-44
-23
0
21
37
55
71
100
133
155
176
198
226
273
323
380
437
486
546
615
691
782
861
938
1006
1061
1122
1180
1238
1278
1297
1310
1311
1298
1279
1258
1214
1153
1076
981
889
789
681
565
433
302
162
25
-103
-230
-351
-477
-602
-716
-813
-897
-970
-1036
-1094
-1136
-1170
-1186
-1192
-1186
-1170
-1156
-1124
-1089
-1042
-983
-932
-869
-812
-755
-691
-636
-573
-515
-457
-399
-353
-300
-254
-206
-173
-148
-116
-91
-64
-47
-20
2
15
42
53
78
96
114
139
148
181
203
228
256
271
304
326
357
384
410
445
465
497
517
556
588
608
645
664
704
728
750
784
802
839
848
860
871
868
871
845
826
788
746
705
642
588
511
430
342
237
147
40
-61
-164
-268
-367
-471
-563
-655
-741
-813
-876
-930
-975
-1005
-1024
-1034
-1034
-1027
-1010
-990
-962
-928
-890
-844
-799
-743
-690
-642
-588
-538
-490
-438
-389
-345
-299
-254
-213
-176
-139
-103
-77
-55
-37
-24
-12
-1
13
22
26
32
41
52
64
81
105
134
166
196
234
276
321
368
416
475
530
580
638
695
758
820
874
924
973
1024
1069
1107
1137
1164
1181
1187
1180
1162
1143
1115
1077
1032
975
911
838
761
678
585
481
373
259
136
6
-129
-263
-399
-531
-662
-803
-936
-1067
-1194
-1308
-1419
-1511
-1593
-1659
-1706
-1748
-1770
-1775
-1766
-1739
-1700
-1646
-1578
-1498
-1396
-1281
-1167
-1045
-917
-781
-642
-509
-370
-236
-109
16
128
236
332
412
480
540
583
616
642
660
672
674
668
659
644
628
609
591
580
574
573
574
581
601
622
645
674
708
751
802
856
913
973
1033
1088
1139
1188
1225
1260
1287
1307
1316
1307
1281
1242
1187
1115
1030
927
806
670
522
368
205
35
-138
-312
-484
-651
-808
-950
-1084
-1210
-1315
-1412
-1492
-1554
-1599
-1631
-1655
-1665
-1662
-1643
-1618
-1584
-1536
-1488
-1428
-1370
-1311
-1244
-1179
-1104
-1032
-953
-875
-802
-717
-627
-539
-458
-367
-272
-187
-98
-1
95
190
277
357
433
503
569
630
679
725
768
796
826
851
868
880
885
891
900
908
910
911
907
903
895
887
878
864
860
850
843
843
833
836
826
820
824
818
825
822
814
805
787
774
748
714
678
629
573
499
428
346
256
163
55
-43
-166
-284
-399
-520
-623
-743
-844
-958
-1057
-1146
-1248
-1308
-1393
-1437
-1481
-1531
-1529
-1568
-1542
-1532
-1516
-1454
-1438
-1349
-1305
-1230
-1124
-1064
-932
-867
-751
-632
-550
-402
-333
-209
-121
-43
74
123
230
282
346
422
443
521
541
585
629
632
683
676
706
725
723
755
729
741
727
712
721
691
697
673
658
652
626
633
618
616
623
609
620
627
641
658
665
686
694
704
721
719
730
728
713
704
673
647
601
537
481
398
327
242
144
52
-70
-174
-284
-399
-504
-626
-727
-827
-923
-1002
-1081
-1146
-1204
-1248
-1282
-1311
-1327
-1333
-1317
-1293
-1261
-1207
-1153
-1087
-1015
-934
-845
-760
-664
-571
-472
-379
-287
-185
-104
-14
69
147
229
290
355
403
436
474
498
521
538
550
557
551
541
532
520
513
499
484
477
467
459
440
428
422
401
396
381
363
359
344
341
333
318
310
303
307
302
300
298
298
310
308
318
321
323
328
315
320
309
299
296
279
272
247
217
187
152
118
84
44
0
-48
-106
-168
-238
-314
-388
-465
-541
-612
-686
-754
-814
-870
-902
-928
-945
-948
-942
-917
-884
-838
-781
-715
-642
-569
-488
-408
-331
-256
-188
-123
-64
-17
26
69
109
142
168
188
210
232
245
261
275
289
302
303
306
316
318
316
311
309
316
322
329
332
334
338
340
344
348
356
360
359
359
354
359
359
360
364
368
368
366
377
388
404
419
427
435
434
437
437
433
427
415
398
375
343
311
276
232
182
128
73
15
-51
-118
-187
-252
-322
-390
-457
-528
-592
-661
-721
-765
-805
-837
-860
-889
-897
-896
-892
-869
-848
-813
-774
-734
-691
-652
-603
-556
-509
-461
-421
-376
-333
-287
-252
-217
-179
-154
-119
-90
-62
-30
-4
29
53
76
112
138
171
202
230
261
287
316
345
368
390
412
441
473
497
523
550
574
598
617
638
662
688
714
728
744
751
754
768
775
778
775
758
741
715
694
670
631
593
547
506
456
400
353
293
234
177
121
63
-8
-85
-155
-227
-303
-383
-471
-557
-644
-730
-813
-890
-961
-1022
-1068
-1112
-1140
-1148
-1154
-1146
-1128
-1090
-1037
-977
-900
-826
-742
-656
-567
-471
-387
-290
-195
-107
-17
62
140
205
261
310
346
378
395
408
411
401
390
363
340
309
275
241
203
170
139
115
88
60
39
20
8
4
1
9
17
34
57
80
116
151
191
233
275
320
359
405
444
477
501
518
541
554
563
561
544
532
512
487
460
423
390
353
311
269
217
164
107
50
-5
-69
-123
-182
-233
-283
-335
-359
-405
-433
-455
-481
-466
-476
-469
-462
-467
-434
-431
-407
-383
-368
-318
-307
-267
-243
-218
-159
-151
-95
-75
-52
4
3
52
59
75
106
90
122
96
108
113
80
113
68
78
60
18
40
-22
-1
-35
-58
-35
-94
-58
-105
-102
-85
-119
-55
-94
-50
-30
-38
35
15
88
105
121
197
192
264
268
285
329
309
353
332
333
339
309
322
278
266
246
205
199
154
135
105
61
46
3
-19
-44
-81
-88
-119
-142
-162
-200
-211
-246
-263
-276
-300
-299
-329
-335
-341
-369
-357
-376
-371
-357
-370
-341
-359
-346
-321
-324
-280
-288
-263
-240
-233
-182
-184
-142
-112
-99
-37
-32
25
64
86
149
143
201
220
233
286
265
309
306
300
330
296
326
311
301
310
274
299
285
288
297
281
307
305
327
334
339
367
368
398
404
413
427
425
442
429
432
423
398
378
344
316
264
214
156
96
43
-24
-88
-161
-237
-314
-388
-459
-523
-587
-655
-706
-764
-804
-844
-893
-910
-927
-929
-932
-938
-919
-893
-852
-813
-770
-724
-666
-596
-527
-452
-380
-308
-232
-156
-78
-1
66
136
206
267
328
383
433
480
515
548
584
608
622
631
636
636
634
632
618
598
580
557
540
514
484
454
419
395
366
344
319
287
268
238
217
197
174
163
146
137
137
128
129
126
130
138
136
148
147
150
152
150
149
135
127
108
87
71
36
8
-28
-67
-102
-156
-196
-241
-291
-332
-382
-429
-478
-522
-558
-594
-618
-646
-671
-689
-697
-689
-680
-671
-655
-635
-608
-570
-538
-495
-447
-401
-349
-302
-245
-191
-135
-79
-31
18
71
120
164
204
244
279
313
345
367
389
411
417
424
425
421
420
415
405
394
380
373
367
357
349
346
338
331
326
318
315
309
304
296
291
285
278
273
266
254
238
215
193
174
152
134
112
93
73
49
31
8
-16
-33
-51
-72
-87
-94
-102
-121
-144
-158
-177
-197
-208
-225
-248
-272
-296
-318
-344
-367
-392
-417
-445
-473
-494
-520
-532
-542
-551
-544
-543
-527
-509
-490
-461
-430
-394
-354
-308
-258
-209
-164
-115
-61
-15
35
83
126
172
211
250
288
318
358
386
410
428
437
455
459
458
459
451
449
439
416
396
371
351
333
313
296
285
279
273
268
266
270
275
282
290
296
304
310
318
324
333
336
331
318
301
285
271
250
224
193
159
122
74
19
-34
-93
-149
-201
-258
-318
-388
-456
-522
-584
-632
-682
-732
-775
-811
-842
-873
-901
-917
-919
-907
-894
-857
-818
-788
-741
-695
-635
-563
-491
-414
-346
-273
-200
-134
-72
0
76
144
214
273
319
361
395
427
458
487
514
530
535
539
536
530
529
517
505
498
486
477
457
432
419
406
394
387
367
349
334
316
297
276
249
227
210
188
166
144
117
99
83
63
48
28
10
-5
-25
-47
-66
-81
-89
-98
-113
-118
-126
-131
-138
-145
-147
-149
-155
-163
-167
-168
-170
-176
-183
-192
-204
-219
-235
-252
-272
-288
-304
-317
-330
-334
-335
-336
-334
-342
-342
-335
-325
-309
-293
-269
-248
-224
-199
-171
-140
-113
-78
-43
-15
21
54
89
125
157
188
210
237
257
270
277
282
285
285
281
278
277
267
254
238
222
211
197
191
178
167
157
152
145
137
135
128
130
126
123
122
119
120
115
110
105
96
91
91
84
77
65
51
39
22
13
-4
-22
-38
-60
-69
-81
-93
-109
-129
-144
-161
-171
-181
-203
-216
-227
-238
-237
-236
-234
-227
-223
-211
-196
-182
-170
-157
-131
-111
-99
-81
-72
-52
-36
-18
-4
4
16
19
28
32
39
38
37
35
30
31
27
28
23
20
21
20
26
30
40
41
47
59
66
69
69
72
76
81
75
77
79
73
75
67
63
63
59
56
55
57
56
58
60
57
60
56
53
54
53
53
46
40
36
29
27
30
35
32
22
18
14
12
13
9
3
2
-6
-8
-12
-23
-35
-46
-56
-62
-70
-74
-75
-79
-79
-85
-88
-90
-90
-81
-75
-71
-64
-56
-56
-51
-49
-45
-39
-37
-26
-21
-21
-19
-27
-28
-24
-24
-19
-15
-13
-12
-14
-17
-17
-13
-15
-15
-18
-23
-20
-23
-27
-27
-28
-28
-23
-21
-15
-5
6
11
18
25
33
38
40
49
60
63
71
77
75
75
78
77
77
78
82
87
89
89
91
92
93
94
90
93
93
96
98
92
84
76
70
62
49
40
28
18
8
-2
-14
-27
-39
-56
-68
-87
-99
-102
-106
-113
-123
-129
-133
-129
-122
-116
-108
-99
-92
-82
-76
-71
-58
-56
-44
-31
-27
-15
-9
-6
0
6
12
14
24
24
21
20
19
18
15
17
13
11
9
4
-1
-10
-16
-23
-28
-34
-38
-38
-38
-36
-29
-21
-14
-5
8
19
30
39
51
62
64
66
64
66
78
81
80
76
74
79
77
76
80
80
85
89
85
85
82
82
84
77
73
72
70
70
63
53
44
29
19
7
-2
-11
-26
-41
-57
-77
-91
-109
-128
-146
-158
-169
-177
-185
-195
-195
-195
-197
-193
-192
-186
-173
-163
-154
-141
-130
-114
-98
-85
-60
-42
-23
-7
2
20
31
44
62
69
82
91
100
108
112
116
118
121
122
126
127
125
126
123
118
113
108
108
103
97
96
93
94
101
108
109
113
115
125
138
146
149
143
144
146
144
140
132
129
122
117
107
90
77
52
32
5
-21
-38
-73
-100
-136
-163
-186
-209
-229
-259
-273
-296
-299
-304
-317
-306
-321
-312
-319
-320
-299
-291
-268
-271
-265
-260
-241
-209
-196
-167
-168
-153
-135
-111
-64
-46
-16
-3
24
62
88
127
128
144
153
169
206
218
234
229
230
247
265
288
293
302
297
304
317
317
321
304
291
273
268
266
252
246
214
195
179
165
162
138
114
74
45
38
32
33
14
-9
-27
-43
-43
-46
-51
-56
-63
-65
-68
-66
-69
-76
-86
-99
-100
-103
-105
-109
-130
-151
-176
-191
-205
-228
-241
-269
-290
-312
-338
-351
-365
-367
-373
-382
-387
-392
-390
-379
-364
-340
-312
-290
-263
-229
-191
-148
-102
-53
-14
25
59
98
142
187
223
247
282
308
329
349
356
368
378
379
383
375
368
366
355
344
327
311
299
279
262
242
222
201
175
155
127
106
90
70
49
24
7
-14
-33
-46
-66
-73
-86
-104
-110
-122
-131
-136
-141
-146
-141
-147
-149
-143
-142
-135
-130
-127
-123
-124
-119
-114
-115
-108
-109
-107
-100
-100
-95
-94
-93
-88
-92
-91
-88
-90
-85
-78
-73
-68
-62
-56
-54
-53
-47
-46
-42
-37
-34
-21
-10
1
12
17
21
22
31
39
46
59
72
85
93
101
115
120
121
126
125
129
140
141
138
135
128
122
117
112
106
103
93
88
79
76
76
63
51
46
41
40
36
32
27
18
8
5
2
-5
-12
-21
-29
-35
-37
-40
-50
-61
-71
-77
-85
-90
-93
-99
-104
-110
-105
-104
-104
-104
-103
-97
-99
-95
-95
-93
-87
-81
-75
-71
-66
-65
-62
-51
-47
-35
-23
-21
-18
-18
-17
-17
-15
-15
-7
6
8
13
13
20
28
34
42
42
59
62
60
72
68
76
74
72
75
71
80
72
76
78
71
77
68
63
60
59
57
49
49
41
44
36
32
28
11
6
-7
-12
-23
-34
-33
-44
-42
-42
-37
-35
-39
-35
-33
-27
-20
-10
-2
1
5
7
15
15
24
30
25
29
22
23
18
13
16
4
-4
-22
-30
-36
-45
-51
-63
-59
-64
-63
-58
-56
-50
-55
-52
-56
-58
-46
-44
-32
-30
-25
-20
-22
-12
-17
-11
-15
-11
1
2
13
3
8
9
13
23
20
33
26
34
38
33
43
35
45
42
38
43
30
31
23
28
33
31
38
38
41
34
38
43
45
51
45
42
40
44
41
34
30
25
21
15
13
13
8
5
7
-2
-9
-12
-17
-16
-20
-21
-27
-34
-35
-35
-35
-37
-36
-36
-36
-37
-37
-32
-31
-25
-18
-20
-27
-35
-38
-42
-46
-50
-54
-59
-61
-63
-64
-65
-66
-63
-58
-57
-49
-42
-30
-18
-13
-3
2
11
18
23
27
28
38
46
55
61
65
69
66
64
63
65
65
62
59
52
54
52
48
47
44
41
38
34
26
25
22
25
25
23
21
11
12
3
-5
-6
-3
-1
-4
-4
-11
-11
-8
-11
-11
-18
-23
-26
-24
-29
-26
-21
-29
-27
-28
-25
-18
-25
-21
-21
-19
-18
-21
-15
-14
-15
-22
-27
-28
-28
-24
-25
-26
-22
-22
-25
-25
-23
-17
-14
-12
-8
-2
5
7
2
2
1
-2
-2
-6
-2
0
2
0
-6
-7
-9
-9
-11
-8
-3
1
9
10
16
15
15
21
25
32
34
36
39
39
39
38
37
37
40
36
32
32
25
13
2
-4
-5
-9
-9
-7
-9
-16
-22
-23
-20
-16
-11
-4
-8
-3
3
3
2
-1
0
2
2
1
-2
-1
2
-5
-6
-8
0
5
6
9
8
8
5
-4
-9
-11
-10
-13
-19
-21
-22
-23
-22
-19
-16
-12
-12
-10
-5
-5
-6
-7
-8
-10
-13
-11
-15
-13
-10
-12
-10
-11
-9
-10
-14
-7
-5
-1
7
6
3
7
8
9
5
-2
-1
-2
0
6
7
14
18
19
25
29
33
34
38
38
39
39
32
26
20
17
21
18
9
10
5
-4
-8
-14
-17
-15
-19
-21
-16
-17
-21
-24
-29
-29
-25
-25
-21
-18
-14
-10
-7
-4
-1
8
8
9
16
18
17
16
13
12
7
6
3
-2
1
-1
0
-4
-7
-8
-7
-6
-4
-1
-3
-4
-5
-8
-7
-6
-3
1
5
3
3
-2
-1
0
-1
-1
-4
-5
-6
-4
-1
5
5
-1
-5
-5
-1
-3
-5
-6
-5
-2
-6
-7
-6
-3
3
4
2
3
6
5
10
11
9
12
5
5
