6
-4
0
-14
-16
-12
-15
-11
-15
-16
-12
-11
-2
4
8
17
29
37
48
43
44
45
39
47
48
53
60
50
50
46
38
37
23
22
14
-3
-10
-26
-29
-34
-40
-35
-49
-50
-48
-44
-29
-29
-26
-24
-23
-13
-7
-3
-8
-8
-15
-20
-23
-23
-13
-21
-25
-19
-25
-11
-8
-12
-5
-15
-6
-2
-1
12
2
2
4
-5
9
7
4
11
-1
3
7
1
7
7
7
7
8
22
36
38
41
40
40
40
40
32
21
15
9
3
-4
-3
-3
-9
-12
-20
-16
-7
-5
3
7
1
2
5
2
11
12
11
13
5
13
17
15
23
22
16
19
15
18
15
2
-10
-23
-20
-25
-23
-23
-40
-24
-24
-22
-11
-32
-23
-25
-33
-20
-31
-31
-34
-50
-47
-43
-37
-28
-21
-19
-14
-14
-12
0
5
8
13
2
0
8
7
15
13
7
13
2
4
14
12
13
-3
-5
2
14
25
21
27
33
41
48
50
60
56
49
54
47
45
45
33
36
34
29
37
29
19
27
16
20
20
0
4
-13
-17
-19
-42
-30
-47
-51
-36
-57
-41
-53
-65
-45
-72
-59
-55
-72
-48
-64
-62
-47
-60
-33
-34
-37
-14
-24
-11
1
-1
17
24
30
38
36
42
48
39
36
32
21
28
24
20
31
18
24
25
24
31
21
23
18
15
18
15
11
13
18
16
15
13
12
15
7
7
6
3
2
-9
-9
-15
-24
-20
-31
-32
-39
-50
-45
-54
-52
-43
-38
-28
-17
-10
-5
3
9
10
15
19
21
22
23
18
15
11
12
9
3
2
-6
-3
0
2
12
3
8
11
5
15
10
8
6
3
4
-6
-8
-9
-12
-13
-13
-15
-16
-12
-12
-6
-2
0
9
4
3
2
2
1
-2
3
8
10
12
8
10
11
14
16
13
20
15
9
17
9
16
23
8
19
11
4
13
-4
1
4
-11
-2
-8
-15
-6
-14
-12
-4
-18
-16
-16
-25
-20
-34
-44
-41
-48
-41
-41
-46
-43
-46
-47
-39
-32
-20
-11
-10
-1
6
6
14
12
16
22
15
26
32
38
46
36
39
42
35
47
43
35
41
28
30
37
27
34
34
36
44
30
25
33
33
40
31
23
26
9
10
7
-11
-17
-33
-31
-27
-40
-40
-53
-56
-44
-46
-40
-43
-47
-42
-43
-38
-33
-38
-25
-17
-20
-5
-21
-23
-17
-35
-26
-27
-21
-13
-20
-11
-10
1
2
5
12
8
15
7
13
25
11
24
13
6
24
5
18
16
6
24
10
18
27
20
31
18
8
14
14
20
24
26
29
33
29
33
36
23
28
15
11
18
2
6
2
-4
-4
-15
-14
-10
-7
-5
-4
0
0
8
5
2
4
-5
-1
-15
-12
-12
-28
-25
-37
-31
-32
-34
-27
-33
-21
-21
-12
-10
-3
7
-2
7
-2
-10
-8
-16
-8
-5
-5
-7
-17
-26
-27
-29
-30
-19
-23
-9
-4
-3
11
5
9
11
14
27
29
32
29
22
16
18
25
25
32
27
27
23
16
20
8
12
16
12
22
12
15
12
2
11
2
0
11
3
7
7
2
-5
-6
-13
-20
-11
-24
-16
-17
-25
-5
-18
-12
-8
-22
-8
-18
-26
-18
-31
-31
-32
-50
-43
-47
-49
-41
-51
-43
-30
-30
-9
3
15
32
38
52
58
65
68
71
76
73
72
58
55
39
19
34
13
16
27
9
35
16
14
26
4
25
14
0
2
-14
-9
-17
-37
-46
-55
-61
-72
-77
-85
-89
-85
-85
-73
-65
-57
-38
-33
-14
6
20
42
44
50
41
25
29
12
13
9
-4
-2
-12
-8
-2
-3
2
0
8
9
12
19
19
20
12
15
18
16
25
29
34
41
36
42
45
48
50
52
49
43
35
25
16
2
-2
-13
-24
-33
-41
-34
-43
-43
-37
-44
-37
-39
-25
-11
-10
-3
-10
-15
-9
-10
-3
4
2
-4
-17
-24
-23
-22
-23
-28
-31
-37
-35
-32
-21
-2
14
19
8
-10
-2
-2
-6
8
-8
-2
-2
-18
14
8
3
13
-15
8
12
12
41
36
47
30
10
18
4
7
7
6
20
27
31
23
26
24
12
25
34
49
55
34
18
28
41
52
61
45
56
54
33
30
12
20
5
-19
-4
-6
1
-5
-33
-31
-49
-61
-49
-51
-34
-35
-61
-71
-82
-73
-66
-63
-47
-43
-54
-75
-76
-68
-52
-51
-68
-42
-45
-36
-21
-35
-6
-22
-19
6
5
40
22
10
15
-2
18
11
21
39
25
36
13
0
14
8
24
19
9
32
26
25
28
24
36
47
40
55
71
62
73
58
63
99
81
90
90
81
112
85
82
85
55
75
54
45
70
39
22
-5
-35
-31
-64
-87
-84
-103
-89
-106
-134
-104
-117
-103
-91
-94
-58
-65
-66
-61
-55
-38
-27
-18
-21
-11
-23
-28
-37
-41
-27
-48
-45
-43
-34
-30
-42
-32
-23
2
-3
-17
3
1
3
8
22
31
37
52
57
71
67
48
34
41
59
69
84
87
70
53
58
59
56
44
58
87
78
66
49
8
-23
-81
-80
56
42
-39
-72
-141
-126
-124
-108
-84
-44
10
-16
48
53
-51
-103
-143
-103
0
79
108
62
-3
11
17
17
59
38
84
153
104
64
61
4
-61
-78
-65
-52
-31
-32
-71
-36
-62
-135
-103
-47
-34
-57
-5
33
41
94
52
84
126
51
8
102
174
122
151
139
119
110
-23
-33
28
13
-6
-6
32
-32
-93
-118
-133
-133
-133
-90
-101
-76
-111
-191
-112
-153
-205
-109
-110
-106
-49
-76
-77
8
-75
-58
105
52
49
62
6
76
102
50
33
84
41
-14
60
0
74
174
61
76
96
100
46
73
200
195
299
186
68
237
116
104
182
112
81
-17
9
11
-43
-71
-151
-70
-68
-134
-110
-122
-125
-98
-90
-112
0
-40
-76
-100
-150
76
6
-201
-169
-187
-170
-177
-199
-5
103
-107
-312
-248
-74
-223
-281
15
96
84
-72
-203
-55
17
-206
-254
102
217
49
58
54
-64
110
-144
-167
300
150
96
52
207
273
50
313
217
271
397
78
345
414
16
233
474
303
149
160
302
199
-10
-177
90
250
-50
-189
-51
205
-307
-319
-137
-235
126
-305
-350
-138
-203
-339
-497
146
-31
-36
-88
-263
171
-151
-138
-51
210
185
-79
302
57
97
78
-214
174
94
111
149
4
-11
-281
-240
-196
-203
52
-172
27
-95
-415
-272
-537
-126
-208
-490
-194
-173
-209
-428
-365
-157
-63
-152
-336
86
129
-179
-173
218
378
334
479
420
367
232
279
397
596
783
547
616
492
218
595
356
334
490
300
246
90
428
245
-4
181
-177
92
68
-134
68
-70
-282
-320
-132
-334
-92
-68
-373
-182
-324
-314
-364
-340
-266
-367
-259
-297
-287
-345
-446
-323
-313
-393
-229
-114
-189
-274
-433
-216
-45
-122
-103
-90
54
223
38
14
131
169
249
-96
161
237
122
400
-14
316
347
115
191
207
260
-194
197
-56
-12
373
-111
131
104
-16
0
33
25
-163
-153
-62
172
-131
-66
-17
-18
158
-194
-200
227
193
-187
-67
197
-33
-162
84
202
234
136
-124
177
323
191
-136
104
459
-237
224
327
34
503
-174
-230
256
227
-67
-93
84
-224
-28
-279
-280
211
-271
-442
-80
-32
-184
-130
-103
-219
-68
-67
84
390
36
-154
-46
104
237
79
92
-302
-251
-135
-32
165
-358
-247
-585
-348
141
-305
-175
-415
-314
82
76
75
-184
-161
8
134
397
382
97
55
295
454
244
230
274
79
396
159
236
397
-86
-39
-128
361
266
-190
201
-215
-44
70
-44
189
-76
-158
-225
264
124
-355
-99
-451
-281
123
-105
29
-329
-366
-184
-334
-80
-457
-129
-339
-597
279
-227
-116
-307
-694
-41
18
99
-1
259
107
-71
394
285
398
399
95
169
354
343
415
378
431
201
-28
319
-22
149
250
275
506
-42
272
352
493
391
-265
106
306
392
168
260
321
-185
-258
-493
-219
52
-306
-521
-367
-354
-623
-763
-602
-341
-548
-394
-347
-210
-44
-550
-324
-236
-99
46
103
544
80
-76
96
372
531
-45
-147
-32
310
117
0
161
-102
30
-177
32
146
-247
-186
-47
45
-27
-77
-84
121
77
-148
-78
34
241
304
279
72
102
-103
70
361
61
-56
-157
324
340
297
252
61
64
-281
178
140
-336
-227
-204
27
22
281
-42
-133
-191
-440
116
-93
-33
318
340
500
189
485
650
-305
-713
-648
-365
187
2
-91
200
234
-89
-584
-89
-633
-1035
-838
-702
368
472
155
403
270
204
-7
455
824
441
207
-63
383
412
-134
256
-2
-36
53
-177
82
-256
-91
-361
-289
-134
-524
292
-174
-450
38
-78
282
324
404
217
107
-169
-202
298
-74
-196
125
-13
180
372
152
-185
-262
-449
-479
-233
-147
-467
286
535
76
382
26
-430
-631
-562
-223
62
59
199
767
632
-200
-587
-566
-681
-701
80
457
515
138
-94
342
-42
-529
-294
154
355
624
795
562
251
-180
-609
-116
208
-123
59
490
524
455
304
47
35
30
-220
127
235
-141
96
15
-167
13
192
-127
-241
46
34
-272
-622
-652
-686
-385
-100
87
532
283
69
172
57
-153
-199
-31
-73
-37
301
192
-80
20
-30
145
304
476
357
-91
-206
-553
-710
-999
-824
-567
-572
119
-25
115
70
-270
185
-137
358
445
255
968
702
901
799
79
-166
-228
53
130
456
399
281
563
12
-350
-217
-413
-705
-424
116
121
87
52
-159
-176
-245
-302
-82
157
207
180
178
-160
-232
-138
-730
-444
36
-270
155
475
331
28
-447
-465
-544
-490
-145
167
246
-12
106
293
-201
-455
-190
32
-14
-74
452
248
-214
-429
-415
323
307
418
703
415
188
9
-168
-257
-148
-209
-17
182
338
408
84
-52
-55
241
302
163
240
145
-8
9
181
184
186
247
306
364
358
255
84
-79
-96
231
102
-63
-5
-392
-441
-311
-194
-4
-74
-229
-209
-27
-100
-53
117
139
-22
-131
-127
-352
-322
-323
-242
4
17
92
13
-141
-239
-265
-436
-690
-663
-505
-319
-209
-106
-37
6
24
110
205
85
-18
-31
2
-9
146
171
42
262
365
326
332
300
280
227
72
9
126
132
108
65
26
42
46
133
226
278
302
261
323
499
323
241
245
45
227
202
64
117
64
21
-56
-119
-155
-186
-300
-288
-290
-421
-527
-565
-441
-399
-271
-151
-183
-122
-48
51
107
80
107
156
97
25
76
141
136
88
7
-43
-47
-77
-222
-249
-151
-158
-198
-325
-323
-313
-441
-294
-7
134
106
129
240
348
312
191
173
218
384
461
502
343
3
-110
-172
-96
10
-77
-179
-232
-177
-23
35
-4
-9
-17
6
-18
-81
-88
-249
-335
-165
-132
49
477
840
1289
1512
1635
1788
1605
1255
755
281
-110
-413
-501
-544
-616
-751
-821
-1000
-1177
-1234
-1457
-1758
-2078
-2381
-2580
-2711
-2819
-2563
-2047
-1375
-405
686
1787
2578
2945
2894
2668
2324
1672
920
120
-506
-856
-898
-746
-568
-435
-532
-663
-693
-863
-1122
-1511
-1860
-1839
-1375
-557
280
1292
2323
3253
4205
4799
4963
4630
3840
2933
2127
1434
802
335
-15
-238
-145
53
219
229
-107
-492
-841
-1140
-1436
-1761
-1944
-2008
-1766
-1266
-578
210
668
876
1029
936
559
76
-605
-1274
-1755
-2101
-2125
-2084
-2075
-1983
-1950
-1904
-1862
-1960
-2186
-2541
-2778
-2719
-2661
-2539
-1974
-1093
171
2029
4251
6541
7799
7526
6796
5677
3899
1484
-1291
-3224
-4564
-5430
-5131
-4202
-3093
-2604
-2700
-2415
-2161
-2407
-3213
-4513
-5613
-5958
-5587
-4430
-2634
-427
2384
5399
8319
11003
12700
13057
12089
10302
8184
5730
3142
440
-1991
-3623
-4423
-4339
-3937
-3555
-3106
-2735
-2322
-1940
-1584
-1231
-1083
-1001
-589
419
1837
3146
4047
4795
5569
6100
5931
4783
3125
1283
-869
-2965
-4680
-5815
-6363
-6687
-6637
-5882
-4821
-4085
-3802
-3731
-3532
-3081
-2635
-2125
-1250
-190
1062
2650
4315
5772
6580
6474
5785
4801
3530
1918
-57
-2083
-3746
-4796
-4949
-4453
-3766
-3005
-2444
-1848
-1158
-811
-423
-234
-395
-193
192
680
1213
1347
1418
1590
1849
2350
2624
2511
2171
1624
1053
461
-90
-777
-1917
-2956
-3464
-3556
-3303
-2615
-1434
140
2373
5494
8509
9589
8498
6625
4656
2105
-1019
-3423
-4452
-4714
-4429
-3130
-1072
24
-794
-2364
-3380
-3912
-5076
-7085
-8777
-9340
-8575
-6452
-3107
1088
5131
8357
11091
13318
14341
13478
10612
6690
2795
-531
-2854
-4336
-5331
-5810
-5707
-4784
-3271
-1989
-1292
-1321
-1790
-1942
-1670
-952
155
1135
2148
3438
5054
6893
7814
7225
5728
3914
2200
319
-1937
-4034
-5862
-7158
-7601
-7267
-6188
-5177
-4618
-4010
-3118
-1740
-597
-434
-668
-615
239
1663
2937
4091
4870
5027
4828
4518
4363
3682
1773
-612
-2500
-3356
-3443
-3568
-3798
-4009
-4083
-3571
-2607
-1443
-541
-322
-24
635
1644
2714
3113
3139
2943
2727
2694
2399
1794
873
-228
-1045
-1663
-2239
-2954
-3808
-4272
-4279
-3818
-2894
-1649
-388
463
907
1263
1429
1108
803
1581
4411
8319
11462
12343
10943
8691
5644
1984
-2485
-6802
-9367
-10220
-8585
-5277
-1917
-317
-1612
-3308
-3748
-3290
-3373
-5456
-7886
-9193
-8610
-5530
-1193
3659
7635
10257
12565
14176
14682
12740
7968
2015
-3678
-7124
-8261
-8363
-8040
-7780
-6591
-4378
-2013
-35
584
41
-1020
-1580
-406
1874
4216
5868
6776
8070
9484
10465
9936
7064
3164
-964
-3807
-5221
-5655
-5131
-4925
-4588
-4070
-2882
-1419
-1326
-2257
-3725
-4039
-2725
-522
1956
3315
3980
4337
4670
5029
4425
2933
382
-2595
-4453
-4758
-3772
-2991
-2993
-2745
-1850
-249
1084
1198
86
-2090
-3875
-4529
-4254
-3389
-2843
-2354
-1771
-441
1856
3602
3934
2808
1696
1147
678
316
-94
-359
-1091
-1771
-1648
-1035
-479
-1114
-1883
-1919
-930
598
1213
1757
2137
2594
2898
2242
1844
1658
3192
6961
10552
12083
9775
5828
2198
-1903
-5905
-9734
-11678
-10915
-8012
-2104
3814
6563
5011
638
-2011
-3161
-4199
-6029
-8970
-10384
-9917
-6693
-762
5218
9894
11581
11450
11394
10451
8145
3569
-2103
-6254
-8224
-7042
-4096
-1771
-766
-1411
-1858
-1639
-1665
-1906
-2861
-3580
-3164
-827
3940
8838
11896
12303
10954
9476
7334
4311
211
-4463
-8165
-10078
-8975
-5759
-2628
-917
-1108
-1791
-2334
-2808
-3257
-4226
-4990
-4275
-1254
3598
7790
9283
7956
4977
1763
-877
-3008
-5006
-6831
-8240
-7617
-4461
-176
3432
4375
3621
2487
1691
1529
661
-972
-3206
-4941
-4256
-1874
782
2169
1565
376
-812
-1103
-433
-91
-347
-939
-425
1091
2809
3890
3531
1767
-1225
-3649
-4608
-4368
-4167
-3959
-2902
-910
2194
4644
5983
5719
3838
1345
-510
613
4951
10610
12918
10660
6629
2652
-748
-5372
-10581
-14140
-14719
-11493
-4455
4419
9996
8638
1976
-4262
-6769
-6960
-7979
-10319
-11526
-10645
-6494
878
9247
15144
15891
13336
11025
9968
7998
3968
-1216
-5473
-7079
-5691
-1639
2452
3467
542
-3771
-6179
-6349
-5856
-5548
-4719
-2404
1532
6932
12994
16692
15860
11123
5617
1853
-948
-3930
-7033
-9100
-9289
-6836
-2967
308
1238
-1507
-5360
-8341
-9103
-7583
-5501
-3102
-342
3727
8042
10884
10684
6049
-360
-6379
-9752
-9234
-7317
-4924
-2616
-62
3623
7011
8549
6930
2897
-1317
-3973
-3769
-1972
-384
61
-918
-1356
-546
582
1046
-250
-2266
-3541
-2998
-743
1711
3568
3950
3871
4299
4382
4509
3278
44
-3171
-6170
-7307
-6218
-4792
-2652
-334
2125
4697
6288
6490
4220
37
-3522
-2450
5184
13594
16778
13423
6178
-222
-6437
-12688
-16529
-17641
-14642
-8025
2654
14866
19928
15198
3328
-7705
-12778
-15314
-15895
-15446
-14069
-10424
-4711
4585
14112
18280
16042
10131
6105
4737
3629
2464
271
-1566
-1853
-482
2949
4518
1732
-4402
-10565
-12674
-11416
-8056
-3649
472
4817
8811
12831
16286
15755
11069
3954
-1990
-4230
-4646
-3619
-3066
-2849
-1663
-1430
-822
-2081
-5639
-9100
-12412
-11587
-7047
-789
5354
8822
11031
10839
8709
4625
-1676
-6660
-10577
-11607
-9067
-5455
-1009
1758
3054
4171
5303
6482
5871
4347
2181
504
328
-7
54
-1039
-3224
-4392
-4643
-3069
-1542
-1082
-487
-248
558
1544
2280
3388
3656
3253
2246
873
-26
-1885
-4014
-6006
-7387
-6476
-4887
-2105
943
3375
5409
5306
4839
3018
825
299
2051
8407
13894
14468
9446
1237
-5116
-11143
-16183
-18792
-17066
-9550
408
11519
18944
17784
8599
-4448
-12562
-13825
-12072
-9538
-8215
-5977
-1945
2294
6535
7962
5959
2230
-1057
-44
3854
7664
9385
7722
5626
3721
1608
-990
-5758
-10891
-14197
-13981
-9425
-2949
3167
6786
7638
7884
8291
9094
8664
6251
3606
1621
1766
3270
4128
3242
976
-1213
-3175
-5024
-7356
-9003
-9737
-9359
-6722
-2444
2812
6031
7133
6419
3881
1500
-1853
-3842
-4571
-4934
-3545
-2854
-1872
-1697
-2878
-3247
-3286
-581
3753
7737
10748
10279
7898
3855
-781
-4151
-7096
-8239
-8048
-6131
-1983
1832
4346
4317
2340
733
-54
575
1811
2187
2009
1284
1063
1074
-426
-2753
-5562
-7374
-7467
-6148
-3202
-611
954
1254
1226
3051
7387
15456
23548
24512
16008
1701
-10151
-16707
-21194
-23392
-21264
-13208
-1844
8858
17390
17882
6755
-11679
-25544
-24407
-12887
-394
7501
10855
12121
10305
7027
3868
-375
-6349
-12134
-11366
-1813
9700
15799
14399
8869
3689
-791
-4193
-6227
-8207
-9688
-9687
-5752
1606
7653
9448
6626
2468
450
1041
3638
6075
6401
5387
5031
6231
7469
6208
2018
-1522
-2436
-2132
-1545
-2406
-3892
-5536
-7476
-7155
-4631
-1079
850
1219
2255
3301
3985
2023
-1120
-3130
-4719
-4717
-4105
-2695
-1162
-1563
-2281
-2045
508
3926
5029
4154
1887
206
-270
-883
-1095
-2106
-3766
-4660
-4502
-2365
58
878
639
504
1017
2151
3255
3447
3196
1678
-1193
-3895
-6272
-7896
-8597
-7614
-4607
-1094
1958
3028
2363
1492
2310
9347
19889
24822
19042
5919
-4264
-8811
-11567
-13530
-12504
-6428
0
4923
9669
9006
-1708
-19976
-31598
-25506
-9317
5066
11558
12535
10899
5349
158
-1817
-1723
-1691
-1417
4801
15533
22818
20504
9367
-3388
-13168
-17634
-15835
-9817
-3119
728
2182
4176
5918
4676
-404
-6214
-7808
-4119
3373
11613
16699
16344
10885
3970
-784
-3663
-6122
-8159
-8012
-2849
3175
6249
5710
462
-4689
-8634
-9353
-4604
1020
5401
6320
6467
6836
4050
-884
-7746
-11098
-9876
-7205
-2439
656
1366
-1104
-5058
-4688
-1280
3553
6387
6617
7464
6897
4917
1075
-4005
-7898
-11023
-10846
-6757
-1086
3260
3081
572
-1265
-1964
-1539
-420
1260
3330
4863
5528
4854
2466
-1703
-6946
-10030
-10235
-8203
-5274
-4051
-1137
6818
19633
30019
27925
15899
1895
-6356
-9583
-12135
-10641
-5578
395
5302
9086
10653
2444
-14985
-30279
-30412
-14714
2466
12046
13669
9735
2796
-3996
-5097
-1194
1915
3124
6456
14590
21438
18457
6149
-8236
-17915
-19608
-14269
-4693
3199
4931
1879
-2181
-3907
-5241
-7905
-9470
-7467
-115
9968
18458
21431
16043
5528
-4223
-7699
-4848
-878
1475
2268
2969
4339
3234
-867
-6602
-12527
-13706
-9641
-1222
7693
10651
8297
2542
-1284
-2311
-2951
-2021
-1499
1275
5093
7222
8021
4084
-2826
-9677
-12461
-8100
-427
6478
8852
6922
3948
741
-1606
-3398
-5243
-6017
-5289
-1819
1859
3372
1615
-3323
-6087
-6077
-2804
2639
5357
5761
3446
703
-901
-2933
-4465
-6565
-7053
-5500
-4115
-2273
966
7777
15641
16542
9424
733
-3383
-2696
-2373
-2689
-897
1807
4082
5060
5448
1407
-11404
-25211
-28267
-15836
1802
11092
10854
5574
-1220
-7344
-9150
-3337
5978
12209
14866
17770
20991
18997
8536
-4736
-12993
-13069
-6955
439
5589
5358
-752
-8985
-14712
-15262
-12807
-9687
-5350
829
7908
12170
11597
7593
2628
-224
661
4877
9532
10767
7848
3188
254
-1805
-4974
-8403
-10759
-10115
-7627
-5300
-3444
-2746
-3314
-4054
-2098
2159
6160
7888
6352
4781
4263
3968
3473
2102
503
-954
-1204
252
2018
2748
857
-2280
-3778
-3318
-668
2442
3650
3529
1481
-693
-1893
-3392
-4317
-5148
-5020
-3283
-1146
508
532
-302
-1246
-1807
-1858
-2156
-2404
-2280
-2700
-2635
1654
9236
14278
10200
-754
-8731
-9549
-6192
-3694
-889
3131
5697
7179
7572
6843
602
-11964
-21323
-18673
-4767
7327
7715
-798
-9824
-13544
-12025
-6073
3444
12840
17629
18363
18821
18329
12946
2876
-4127
-1780
7540
15179
14160
4941
-8286
-19700
-24884
-22667
-14416
-5190
764
2442
2465
2901
1880
-1365
-4318
-2169
5479
13710
17467
14813
8413
889
-3956
-4796
-3955
-2209
-2625
-4342
-4853
-4937
-4637
-6089
-8250
-8297
-5381
-939
947
421
-2237
-4969
-4325
-1255
3571
7308
8346
8252
7530
7622
8071
7537
6108
3718
2049
1803
1601
1031
-608
-3218
-5536
-6693
-6394
-5714
-5185
-4706
-4004
-3109
-2039
-209
1429
2281
2558
2977
4189
4574
2587
-810
-974
4680
10707
8960
-1441
-12175
-16297
-14495
-10860
-6520
-1832
1334
3911
5871
5533
116
-9949
-16370
-13632
-2515
9151
11657
3385
-9920
-18011
-16309
-7939
2650
11329
15395
13695
9579
7717
8495
8705
7335
8014
12765
18393
18199
9797
-2670
-12460
-14326
-9531
-2233
2784
2458
-2059
-8293
-12066
-11039
-7443
-3557
-160
3789
9105
12541
11850
7036
1408
395
2192
4784
6033
3713
698
-3102
-6391
-8255
-9227
-8875
-9032
-8932
-9391
-8869
-6697
-6237
-5741
-5107
-3094
-622
-562
-59
1141
3977
7526
9972
12689
12973
10766
7281
2976
966
232
509
2051
1947
748
-1769
-4377
-5038
-5154
-4083
-3383
-2226
-779
-1513
-2124
-4261
-5078
-3603
-2585
2705
11286
19688
20605
10306
-1895
-9131
-7863
-2447
1908
4372
2132
-414
-1298
-3039
-8183
-18086
-25008
-24036
-15197
-2820
3342
-975
-12549
-20237
-16209
-4414
7857
15203
17134
14746
10274
7969
8599
10064
11198
12286
13707
14421
11786
5528
-2270
-8228
-8217
-3576
1669
3971
1544
-3425
-8753
-11332
-9232
-4251
499
2724
3148
2800
2130
1263
1170
4325
10015
14556
14940
10800
5137
1174
-570
-1134
-1205
-1315
-3194
-7289
-11785
-15010
-15450
-14532
-13381
-10355
-6682
-4593
-4975
-6224
-4885
-332
5336
9234
10568
10251
8511
6136
4174
3858
5113
6604
7165
6038
3816
-222
-5049
-7955
-8303
-5454
-2220
-822
-446
-1472
-2951
-4707
-5883
-5096
-2963
2952
11868
16773
11966
-831
-9209
-5767
3467
10173
11182
10434
9299
5467
720
-3260
-7670
-14631
-21374
-19032
-7032
2453
-948
-14884
-26467
-27533
-20246
-9104
995
6670
6244
2320
1968
7258
14353
18265
18222
18054
18886
17856
12540
4710
-198
303
3104
4806
3537
-1146
-7981
-15004
-17602
-13142
-5396
-161
-1262
-6068
-8656
-6545
-1063
4564
9813
14389
16151
14621
10976
8243
7633
7239
6402
5851
5600
4398
1408
-3398
-8542
-11434
-11890
-10461
-8220
-7468
-8377
-10732
-13667
-14397
-11733
-6840
-2356
98
1766
4075
7301
9724
9286
8359
8807
10380
12393
10766
5855
898
-2649
-2330
-336
-363
-3145
-7073
-9212
-9093
-7817
-7267
-7322
-4961
1135
7648
8404
742
-8513
-8541
215
9807
14558
13611
10269
5000
579
1235
4693
4018
-4006
-11162
-9851
-3689
-1913
-8105
-16531
-21561
-21389
-17376
-10891
-4429
-2791
-5604
-8104
-5551
1954
9043
12290
12648
13542
15922
17531
16858
14520
12799
12441
12092
10513
7680
3893
-718
-5072
-7389
-6804
-5876
-7792
-12458
-16084
-14936
-10358
-5467
-2678
-645
1609
1613
1626
2078
4488
9801
12391
13288
13298
12305
10875
7934
5340
2354
777
-1161
-4035
-4032
-5817
-8341
-10580
-13623
-14333
-14063
-13236
-11792
-8704
-5176
-2904
445
2724
4088
6386
7593
8947
11915
12676
10929
8724
5269
3784
4122
3802
2849
1358
-74
-3194
-4965
-2380
3548
7405
-98
-14484
-21287
-13788
-1312
4701
3504
-1130
-4221
-6516
-5879
498
4540
979
-5244
-3611
5066
8831
2612
-8079
-12802
-9997
-4980
-893
1434
142
-5997
-11675
-11857
-4901
4160
7090
4421
1381
1480
3879
5966
6398
6417
7341
7370
6877
6316
5355
3781
1328
757
3573
7160
6691
1105
-4279
-5054
-1379
2758
3839
2816
588
-1868
-2704
-2377
-680
503
-735
-2292
-2545
-734
1124
1473
515
-236
803
1559
2599
3668
2909
1130
-1574
-3234
-2289
-588
-1008
-3730
-6189
-7319
-6146
-4414
-4327
-4315
-4056
-3363
-1981
-313
708
791
811
121
1109
3499
4290
4823
4445
3028
3795
9257
14403
12200
1959
-8718
-6712
3184
7771
6070
2030
-1346
-5063
-6301
-3733
-1136
-4167
-13725
-15820
-7089
706
200
-7905
-15706
-16737
-10245
-1645
5264
7555
2061
-4901
-6605
-1554
7132
12821
12522
9961
9390
8633
6303
4145
3592
5260
7124
6740
4000
1328
-1569
-5631
-7997
-7456
-4343
-1941
-4250
-8763
-9817
-6520
-3227
141
1896
479
194
-628
1100
6442
9096
9728
8072
5527
3922
4642
6769
6079
5737
3358
-27
269
-1458
-3891
-5929
-8943
-9443
-7159
-5181
-5466
-5102
-5335
-5414
-1956
-17
724
1738
651
501
3216
5693
6237
5225
1860
-617
503
1436
874
178
-557
3152
11406
13206
4421
-8456
-13255
-4381
6142
8177
4424
1741
-842
-4905
-4713
-1115
-354
-7044
-14377
-9579
2797
7004
-2541
-16307
-23357
-19254
-7959
1961
6179
2355
-6106
-11437
-8566
553
8048
10235
7808
5676
7486
9970
10616
10484
10904
12138
13701
12579
8252
3678
496
56
1658
3127
1362
-4409
-11099
-14800
-12618
-6682
-2974
-4733
-8578
-11235
-9742
-4079
77
2503
3288
2542
2259
3668
7409
9308
9388
7665
5358
6379
6538
5417
4486
3351
2360
1041
-378
-2901
-4120
-4520
-5105
-4168
-3637
-4212
-6142
-7862
-8354
-6892
-4017
-3091
-2652
-2086
-2414
-2668
-1632
1020
3393
4786
8668
13902
12409
2740
-7533
-5031
9066
16021
11060
2144
-2590
-2851
-1514
2466
4270
-763
-12642
-19450
-10737
870
975
-9810
-19748
-21320
-15818
-8763
-5202
-3086
-4080
-7672
-7954
-2801
5664
11148
12257
11247
11922
14991
15131
12651
11025
11791
13845
15055
13575
8649
3442
-406
-1908
201
2775
1441
-4371
-10683
-12823
-9632
-4803
-3936
-7410
-10544
-11710
-10318
-6340
-3269
-1947
-1191
-529
-282
785
2960
3689
5032
6184
5764
6440
5902
3835
2642
2838
2919
2441
2810
1823
1312
1867
879
840
625
-610
-1596
-2737
-3371
-2910
-682
801
-372
-3145
-6896
-8715
-7947
-5776
538
8167
7621
-2729
-13891
-12859
1606
13141
10974
1861
-2911
-1739
2044
7172
10281
7940
-1925
-11582
-8477
2909
7660
-656
-13064
-18114
-14567
-8130
-5891
-7399
-9625
-12006
-11154
-6254
-1014
1266
-615
-3344
-963
5905
11542
12690
10719
11351
14988
17197
16701
14479
13854
14278
13489
12474
11516
10493
7177
1679
-2559
-2352
-739
-3118
-7453
-13254
-15042
-12169
-11319
-10154
-10623
-11702
-11782
-10844
-8044
-6981
-4570
-3164
-1776
2702
4437
5427
6117
5405
4672
5228
7088
7876
8734
8104
6196
5953
4939
2776
2387
1824
357
-499
-2808
-4236
-4563
-5587
-7078
-8623
-7432
-5607
-3582
-2288
406
5305
2942
-4582
-10337
-6399
5172
9547
6017
334
-639
1654
2573
4688
4037
-1427
-8911
-10623
-1395
7911
4476
-8697
-17262
-15560
-7875
-2034
-1517
-2997
-6174
-9084
-8604
-4425
720
2142
675
-658
176
3515
6710
8049
8389
8843
8704
8150
7436
7582
9641
11432
11107
7964
4815
3525
4462
6473
7011
8672
7324
2648
-1852
-5847
-2453
2386
2793
62
-5369
-9179
-10901
-7876
-4794
-4097
-4743
-10513
-12989
-11051
-7899
-3523
-1227
-1396
-2966
-710
2689
4771
6944
5883
5072
7394
9368
9024
9324
7695
4870
4754
3069
3159
3061
-107
-3491
-6460
-5191
-4541
-5541
-5761
-4566
-1098
-3307
-9651
-13095
-9327
-1137
717
-2509
-5759
-5138
-1080
2451
6003
5862
991
-5647
-7162
804
7742
5137
-4152
-10938
-9717
-4623
-1947
-2612
-4146
-6723
-8815
-7179
-1927
2672
2866
-421
-2351
274
4024
5604
4740
4292
5718
6422
6448
6134
7757
11314
12235
10415
7062
4372
4452
5459
7142
9250
7918
3484
-2698
-7423
-4707
1051
3767
2107
-2589
-6265
-7121
-5102
-3340
-1806
-979
-3448
-5084
-4836
-4025
-3064
-2365
-2601
-3071
-1197
-330
-58
1467
1678
2639
4351
5291
5901
6403
5695
3455
2817
3474
4517
5335
3285
-466
-2789
-3570
-3291
-1715
1374
5156
4421
-4149
-13734
-14482
-5060
4344
3915
-3846
-10457
-11360
-8031
-2548
3067
2829
-5494
-14409
-14324
-4138
5258
3276
-5983
-11675
-10476
-5005
-194
1212
275
-2160
-3981
-3450
-185
3625
4384
2977
1724
1860
4726
7550
7658
7479
7636
7234
6535
5007
4569
6602
8574
8345
5696
2592
960
592
1636
3733
4059
2299
-1292
-4677
-3650
-494
979
-633
-3672
-4658
-3102
-111
662
-1144
-3299
-5319
-4562
-1257
1789
2332
205
-2781
-4689
-3304
-106
2564
3464
1422
-829
-802
1599
5050
7007
7201
5488
2786
2025
3597
6275
7726
5882
1596
-1632
-2168
-229
5063
9101
5701
-5204
-14842
-13486
-3536
3819
336
-7376
-10120
-8993
-6572
-4285
-2029
-2360
-7283
-11687
-9384
-1659
841
-5179
-12177
-12708
-6889
-2388
-2071
-4524
-6934
-6665
-4316
-107
3254
3688
2002
471
2149
5752
8926
10178
9586
8952
8879
7914
6554
7257
9224
10836
10167
7173
3890
1472
899
749
3157
5283
2190
-2262
-7181
-8184
-4238
-853
-193
-2454
-4485
-6075
-5273
-2080
-1463
-1592
-2324
-3517
-2292
-326
147
90
626
439
445
1225
1616
2639
4552
5608
5346
4591
3971
4492
5972
6207
4771
2695
910
-46
763
2820
2388
-673
-4195
-6181
-2962
3891
8674
6381
-3949
-12489
-10871
-1198
6276
3672
-3523
-8257
-8195
-5049
-1759
97
-2802
-9371
-13532
-10132
-2410
-393
-6514
-14362
-16354
-12081
-6722
-3302
-3035
-5075
-7310
-7639
-4807
-794
2787
5627
7734
8676
7250
5419
5682
8761
13220
16057
15246
10884
6639
5388
7561
11010
11680
8785
4179
473
-1241
283
2652
1932
-515
-4649
-6779
-4677
-2096
-1073
-2381
-3687
-4723
-4559
-2942
-2911
-2294
-1829
-2533
-2238
-2200
-2934
-3362
-2496
-1285
-413
551
540
376
1437
2703
4059
5713
6166
5559
5129
5235
5583
5329
4410
3083
2680
3008
1476
-1352
-3019
-3607
-3293
-147
4179
4673
-1432
-10948
-14153
-6949
2755
5236
-371
-6557
-8445
-6019
-791
3622
3260
-3007
-10504
-11740
-4900
1794
-234
-8192
-13657
-13252
-9354
-5665
-4538
-5489
-7054
-8116
-6594
-2820
-239
-242
-460
995
3850
6673
7356
7078
8622
11617
13298
12176
9793
8376
9465
11137
11765
11577
9621
6807
3496
2474
3811
3813
2380
-2129
-5860
-5433
-3277
-1378
-2069
-4290
-7216
-7921
-5925
-4661
-3490
-3529
-4303
-3858
-2841
-2721
-2712
-1082
48
623
1633
2103
2586
3752
4474
4773
5855
6453
6085
5988
6091
5337
4247
3508
2329
1949
2296
1666
348
-1434
-3074
-3904
-2193
1985
4307
1942
-5571
-12593
-11495
-4115
2020
1721
-3174
-7528
-8603
-6130
-2299
478
-712
-6215
-11094
-9762
-2675
1690
-1885
-9565
-13604
-10673
-5046
-1748
-2528
-5004
-7051
-7850
-5825
-1715
1700
2218
933
142
1743
5123
7081
7580
8304
9564
9703
8695
8201
9571
11990
12118
10299
8248
6983
5462
3752
4220
5647
5839
2225
-3013
-5152
-3275
-150
187
-1666
-4770
-6617
-6143
-5375
-3700
-3402
-4795
-5935
-6099
-4353
-2496
-1575
-1823
-2557
-2042
-773
1069
3736
5590
6368
6732
6569
6823
7081
7182
7492
7677
7376
6040
5128
4501
3234
1417
-854
-2239
-2354
-2647
-3585
-3277
-1569
57
-2162
-8559
-12128
-9360
-2682
702
-2034
-6636
-9087
-6906
-2600
1708
2919
-2010
-9044
-11475
-5715
2112
3787
-2606
-11026
-13617
-11100
-6652
-3168
-2082
-3752
-7818
-9751
-7031
-1130
3307
2723
-187
-921
1696
5309
7826
8510
8214
7849
7097
6765
7709
9624
10745
10213
8732
6962
5732
4705
4633
5704
6234
5066
1173
-2552
-3075
-744
1566
436
-1917
-3922
-5129
-4838
-4848
-3732
-2536
-3755
-5168
-5176
-3624
-2219
-2566
-3463
-3662
-1928
1201
3243
3894
3596
3258
4292
6033
6951
7269
7144
6131
5828
6376
6991
6818
4886
2635
668
66
260
308
389
-1224
-2834
-3761
-3951
-3590
-5009
-6735
-7056
-5324
-3726
-4016
-4957
-5440
-3673
-1613
-1060
-2116
-4217
-5755
-5822
-3190
-413
222
-2807
-8554
-11270
-9226
-4296
-1260
-2839
-6240
-8563
-8125
-5454
-2589
-1266
-1503
-2335
-1981
598
3987
6153
5649
4173
3761
5264
8283
10132
10076
8442
6343
5693
7151
9303
9094
6735
4648
3980
4270
3781
1756
-357
-777
60
628
-82
-1983
-3991
-4387
-3019
-2443
-3197
-4458
-5374
-4289
-2002
-640
-1440
-3128
-3764
-2842
16
2440
2704
2556
2758
3061
4217
5485
5674
5615
5114
5007
5624
5909
5243
3184
1742
940
792
1761
1733
747
-1068
-2978
-2922
-1772
-379
268
-1860
-5443
-7959
-7355
-3979
-1030
-449
-2961
-5458
-5323
-3671
-1083
-273
-2507
-4794
-5250
-3849
-1532
-1006
-3562
-7273
-9510
-8576
-5672
-2400
-1019
-3409
-7375
-9999
-8469
-3267
1442
2447
196
-1807
-1399
1240
4048
5340
5230
5313
5761
5186
4705
5287
6746
8174
8106
7005
6104
5574
5572
5618
5281
5221
4504
3033
1177
-511
-634
369
1945
1723
-676
-2894
-4132
-3108
-1225
-784
-1714
-2822
-3031
-2662
-1515
-610
-1110
-1568
-1227
-173
1609
3081
3285
2662
2271
2823
4357
5630
4769
2796
1977
2037
2804
3676
3282
1521
-1406
-3767
-3705
-1531
-54
-1121
-2748
-4083
-4031
-2384
-1685
-2115
-3455
-4577
-4322
-3051
-1430
-1248
-1801
-2064
-2171
-1742
-1694
-2250
-2604
-2095
-1540
-2101
-3456
-5479
-6909
-6555
-5111
-4049
-4350
-5412
-6692
-6888
-5244
-3097
-1174
-141
-289
-339
892
2960
4901
6062
5646
4340
4032
5373
7194
7881
6844
5014
4313
5112
5974
5875
4640
3888
4308
4315
3582
2147
1349
1762
1932
1753
710
224
830
887
951
304
-1100
-2494
-3438
-2819
-912
848
-63
-3358
-5623
-5501
-3476
-427
1282
365
-1255
-2106
-1129
1750
4156
4270
2725
1546
1904
3777
5278
4740
2395
85
-195
405
1022
920
-811
-2474
-3295
-3601
-2918
-1648
-1384
-2052
-3096
-4168
-4562
-4437
-3514
-2601
-2122
-1581
-1733
-1909
-1278
-774
-693
-1022
-2188
-2711
-1893
-1029
-1025
-2637
-4951
-6570
-6396
-4672
-3461
-3575
-4670
-5807
-5997
-4255
-1425
691
1421
451
-336
241
2058
4509
5833
5702
4669
4187
4830
5999
6964
6583
5656
4879
4686
5616
6351
6372
5652
4192
3058
2711
3203
3894
3382
1876
567
53
426
957
1191
1051
378
-397
-1362
-2298
-2212
-1365
-274
231
-955
-3007
-4664
-4994
-3640
-1750
-468
-515
-1422
-2008
-1909
-826
970
2221
2073
943
381
1218
2552
3035
1812
-55
-1141
-1006
332
1549
1525
-29
-2356
-4105
-4241
-2256
-329
-387
-1753
-3378
-4312
-4310
-4028
-3875
-3379
-2759
-2370
-1708
-1239
-1538
-2061
-1900
-1375
-974
-675
-920
-1253
-1318
-1891
-3166
-3998
-3901
-3337
-2839
-3041
-3055
-2595
-2399
-2410
-2325
-1650
-741
141
1115
2047
2635
2166
1496
1791
2955
4753
5837
5590
5333
5318
5157
5139
5559
6556
7641
7677
6241
4720
4301
4739
5511
5871
5572
4869
3610
1982
948
1167
2269
3029
2231
311
-1456
-2269
-2255
-2023
-1890
-2679
-3653
-4188
-4682
-4133
-3559
-3839
-4218
-4559
-3971
-2486
-788
220
15
-436
-910
-985
-90
1096
1907
2188
1695
374
-915
-1681
-1578
-899
-841
-1335
-2115
-2359
-2095
-2702
-3553
-4360
-4523
-3601
-2948
-2423
-2301
-2788
-3728
-4854
-4574
-3136
-1139
396
580
85
-633
-588
219
1288
1700
1007
257
38
789
1491
1177
-361
-2379
-3255
-2858
-1675
-851
-751
-1214
-1881
-2259
-2724
-2592
-1545
14
1359
2276
2895
2784
2563
2208
2380
3812
5584
7066
7646
7511
6757
5944
5950
6277
6755
7266
7421
7104
6312
5156
4325
4174
4035
3585
2703
1768
1096
148
-862
-1461
-1728
-1794
-2415
-3661
-4746
-5185
-4919
-4760
-4603
-4342
-4420
-4467
-4397
-4136
-3443
-2567
-2152
-2084
-1955
-1468
-433
194
-267
-1595
-2488
-1966
-763
300
432
-448
-1490
-2126
-2344
-2140
-1592
-1325
-1599
-2307
-3128
-3477
-3062
-2406
-2044
-2164
-2999
-3629
-3413
-2021
333
1905
1792
-68
-1999
-2038
-246
2263
3686
3890
3448
2533
1825
1479
1735
2399
2479
1488
220
-185
-32
-84
-658
-1381
-1842
-2448
-3201
-3480
-2740
-1314
-210
46
-273
-775
-1289
-1008
322
2234
4068
4821
4557
4004
3875
4322
5065
5794
6213
6481
6729
7061
6882
5891
4862
4300
4429
4492
3740
2660
2105
2252
2043
1276
353
-586
-1360
-2294
-2926
-2678
-1774
-1166
-1692
-2574
-3046
-3051
-3055
-3404
-3903
-4431
-4736
-5186
-5889
-6227
-6079
-5645
-5222
-5370
-6244
-6848
-6537
-5240
-3149
-1634
-1844
-3358
-4513
-3726
-1025
1564
2267
1482
336
32
1019
2473
3512
3503
2489
1404
1260
2037
3035
3710
3328
1855
173
-838
-496
681
1254
787
36
-201
217
732
762
469
234
22
-142
-142
-35
345
1166
2115
2628
2406
1788
1150
699
502
679
1450
2149
1983
1069
207
-97
-305
-650
-785
-252
600
796
277
-180
148
753
690
194
55
832
1936
2335
2065
1673
1568
1627
1692
2003
2439
2625
2335
1779
1608
2018
2373
2092
1261
456
331
792
1055
690
-93
-769
-1131
-1586
-2340
-3179
-3955
-4565
-5042
-5385
-5516
-5756
-6187
-6391
-6301
-6251
-6695
-7434
-7490
-6547
-5041
-3703
-3022
-2784
-2745
-2429
-1216
783
2728
3778
3703
3203
3363
4537
6308
7678
7695
6508
5088
4274
4290
4810
5148
4738
3576
2108
1036
615
274
-417
-1064
-1227
-1230
-1515
-1954
-2161
-1934
-1670
-1763
-1766
-1305
-795
-691
-755
-517
-102
288
756
1365
2015
2172
1534
840
920
1427
1588
1408
1173
1217
1615
1829
1668
1388
890
52
-638
-639
-125
315
256
-232
-525
-437
-550
-1125
-1816
-2175
-1985
-1369
-815
-781
-1102
-1305
-1214
-968
-868
-986
-954
-569
-217
-348
-950
-1647
-1973
-1646
-950
-633
-1166
-2192
-2968
-2992
-2315
-1593
-1335
-1445
-1716
-1935
-1733
-1053
-218
593
1152
1100
564
78
166
1038
2158
2587
2087
1294
887
1236
2220
3131
3265
2484
1266
452
561
1335
2102
2294
1736
811
198
341
1035
1569
1493
926
278
53
474
1201
1744
1828
1421
857
525
534
831
1105
980
575
349
371
306
42
-237
-426
-627
-1032
-1540
-1783
-1801
-1993
-2305
-2504
-2596
-2618
-2646
-2644
-2490
-2282
-2280
-2430
-2312
-1729
-892
-192
36
-60
-43
270
774
1273
1567
1588
1445
1313
1259
1331
1659
2192
2712
2867
2305
1130
-57
-644
-540
-173
-190
-904
-1974
-2929
-3464
-3475
-3149
-2808
-2767
-3051
-3333
-3365
-3077
-2539
-1886
-1178
-656
-574
-820
-998
-670
169
1090
1670
1548
894
394
517
1419
2544
3018
2676
1907
1426
1657
2252
2769
2844
2513
2194
2012
2172
2599
2843
2870
2729
2638
2770
2786
2587
2328
2149
2260
2451
2438
2237
1836
1533
1382
1093
746
454
444
689
558
5
-663
-1226
-1342
-1256
-1103
-874
-1054
-1668
-2449
-2987
-2932
-2766
-2795
-3006
-3484
-3870
-4067
-4162
-4057
-4156
-4408
-4247
-3649
-2861
-2665
-3347
-3934
-3724
-2625
-1487
-1373
-1968
-2569
-2573
-1800
-891
-130
266
154
9
172
840
1786
2283
2264
2057
1930
2171
2533
2777
2968
2914
2794
2850
2984
3274
3457
3391
3291
2936
2396
1874
1483
1688
2193
2400
2170
1357
468
-69
-411
-535
-809
-1318
-1764
-2128
-2136
-1944
-1932
-2053
-2292
-2363
-2080
-1753
-1570
-1593
-1659
-1436
-923
-283
280
672
1134
1738
2375
2835
2842
2582
2358
2395
2813
3230
3405
3321
3112
3168
3336
3329
2996
2283
1605
1210
1147
1325
1358
985
301
-361
-634
-597
-773
-1345
-2102
-2604
-2631
-2573
-2706
-3052
-3362
-3417
-3451
-3681
-4132
-4609
-4828
-4775
-4619
-4500
-4476
-4536
-4546
-4360
-3902
-3289
-2792
-2470
-2274
-2003
-1529
-1014
-510
-68
329
818
1394
1963
2325
2336
2248
2367
2746
3175
3293
3163
3086
3159
3325
3350
3171
2929
2665
2425
2155
1809
1448
1106
867
731
611
390
-35
-501
-706
-428
169
516
291
-249
-545
-229
431
951
1079
799
413
244
436
898
1259
1332
1296
1367
1512
1483
1229
1030
1120
1388
1553
1497
1332
1167
1004
830
723
659
444
-67
-736
-1143
-1186
-1168
-1368
-1819
-2153
-2187
-2140
-2247
-2602
-2910
-2894
-2605
-2261
-2141
-2274
-2429
-2319
-1851
-1189
-719
-756
-1110
-1448
-1409
-954
-471
-133
-101
-314
-504
-604
-469
-227
-217
-457
-795
-901
-627
-296
-160
-161
-130
113
433
557
528
426
425
649
953
1326
1533
1463
1302
1170
1264
1392
1293
1041
808
841
952
885
641
388
370
417
373
262
191
242
207
25
-82
30
249
394
430
582
911
1088
1020
817
782
1038
1220
1237
1173
1179
1380
1497
1474
1347
1101
940
883
959
1061
898
536
232
139
225
204
-52
-366
-672
-905
-1070
-1292
-1511
-1772
-2058
-2197
-2305
-2446
-2616
-2779
-2765
-2631
-2537
-2507
-2490
-2420
-2241
-2015
-1763
-1453
-1177
-951
-816
-806
-727
-475
-81
342
602
724
847
979
1131
1367
1707
2081
2261
2163
2026
1993
2020
1982
1784
1557
1390
1166
882
604
391
347
395
398
278
-13
-320
-497
-560
-531
-476
-446
-473
-669
-945
-1058
-970
-856
-868
-933
-859
-680
-579
-604
-612
-500
-343
-250
-196
-126
-105
-124
-13
290
612
773
772
878
1188
1472
1651
1774
1885
1974
1940
1859
1826
1763
1658
1623
1719
1824
1595
1008
467
267
469
739
682
259
-410
-959
-1096
-943
-748
-862
-1349
-1851
-2162
-2171
-2006
-1970
-2096
-2352
-2541
-2430
-2167
-1953
-1923
-2089
-2202
-2119
-1863
-1535
-1401
-1525
-1669
-1638
-1354
-1015
-852
-774
-696
-557
-349
-164
86
410
758
1145
1406
1491
1438
1398
1662
2119
2481
2536
2271
1999
1886
1931
2091
2240
2258
2058
1698
1362
1195
1184
1206
1214
1136
928
623
290
108
90
158
261
270
138
-167
-499
-608
-471
-230
-146
-300
-574
-800
-822
-680
-500
-506
-748
-977
-1028
-871
-715
-769
-919
-1056
-1076
-959
-855
-822
-908
-991
-883
-642
-454
-488
-629
-648
-508
-330
-219
-119
-34
-28
-106
-179
-89
94
230
294
317
365
366
297
290
486
820
1048
982
690
488
562
815
1006
919
600
265
55
64
182
157
-108
-553
-802
-635
-337
-248
-553
-950
-1053
-876
-564
-354
-298
-328
-475
-555
-456
-189
112
214
167
123
164
319
512
685
791
702
448
230
203
404
612
577
328
-32
-318
-345
-191
4
-3
-332
-693
-833
-654
-288
-69
-45
-151
-271
-205
29
344
628
728
751
854
1038
1251
1333
1249
1141
1114
1210
1324
1307
1103
789
519
366
309
216
12
-254
-500
-638
-720
-840
-1001
-1200
-1376
-1458
-1494
-1500
-1562
-1696
-1757
-1703
-1564
-1493
-1556
-1567
-1426
-1159
-914
-812
-736
-586
-339
-35
231
449
577
628
706
828
997
1122
1169
1220
1232
1191
1056
895
851
876
857
746
589
501
470
402
315
204
143
153
172
241
265
178
21
-117
-56
157
314
274
26
-203
-228
-78
125
225
146
-76
-329
-393
-166
174
295
44
-334
-514
-389
-126
34
33
-104
-264
-306
-177
46
167
101
32
132
377
545
480
331
310
472
701
788
691
493
337
336
430
489
365
70
-194
-270
-200
-201
-420
-741
-923
-904
-838
-924
-1188
-1452
-1524
-1382
-1175
-1125
-1332
-1636
-1782
-1627
-1263
-980
-942
-1081
-1190
-1061
-734
-419
-253
-229
-176
28
312
574
733
787
806
826
923
1137
1354
1450
1347
1155
1058
1072
1151
1234
1258
1190
982
741
661
795
976
939
653
341
217
327
521
626
543
252
-93
-243
-73
275
450
267
-121
-432
-441
-199
106
290
179
-162
-463
-470
-125
280
447
331
105
8
89
267
470
585
567
457
356
360
398
347
211
94
72
97
27
-160
-389
-611
-772
-866
-889
-854
-909
-1112
-1389
-1619
-1655
-1565
-1444
-1363
-1415
-1541
-1661
-1677
-1496
-1235
-1061
-1027
-1073
-1016
-829
-631
-445
-315
-238
-159
-80
86
324
440
442
406
425
588
711
747
788
769
756
754
735
791
785
726
762
839
921
899
800
822
927
986
968
900
864
886
916
956
942
767
485
311
366
550
615
386
47
-191
-282
-198
-87
-81
-205
-464
-604
-498
-344
-276
-377
-492
-442
-310
-158
-41
11
22
-8
26
189
374
461
439
418
440
459
419
374
413
478
472
357
203
120
95
65
7
-83
-177
-266
-340
-366
-343
-362
-468
-617
-738
-742
-695
-668
-638
-649
-689
-782
-890
-860
-735
-623
-588
-621
-570
-490
-488
-546
-642
-630
-512
-394
-275
-255
-358
-516
-612
-506
-263
-62
-11
-85
-188
-231
-155
45
305
458
420
322
301
421
603
716
752
713
629
611
666
763
810
691
530
420
416
494
540
501
322
124
52
141
279
254
103
-23
-3
137
229
245
222
169
118
114
253
453
499
348
141
93
221
310
298
252
223
188
81
-22
22
135
160
68
-40
-6
69
36
-46
-83
5
108
105
75
57
55
74
101
228
371
329
115
-74
-41
178
304
185
-40
-252
-356
-373
-370
-336
-416
-661
-935
-1092
-1013
-876
-901
-1043
-1223
-1320
-1335
-1349
-1263
-1126
-1039
-1035
-1144
-1184
-1085
-955
-780
-597
-428
-285
-249
-237
-128
52
229
348
433
551
661
719
715
686
730
765
774
768
736
808
852
810
748
652
705
817
866
905
861
858
923
953
1023
1058
1029
1014
1009
1088
1167
1125
1009
881
813
768
643
474
339
274
224
98
-113
-370
-633
-808
-862
-857
-880
-1055
-1276
-1333
-1266
-1157
-1186
-1338
-1367
-1254
-1017
-809
-717
-613
-560
-516
-456
-367
-154
32
153
230
286
393
407
341
285
280
376
354
239
134
88
119
-8
-170
-235
-227
-167
-274
-362
-323
-257
-172
-203
-190
-109
-101
-116
-147
-68
68
95
46
-6
-6
19
-12
-57
-12
44
60
16
-69
-18
34
40
15
-73
1
110
186
250
174
125
99
111
252
362
401
346
247
296
444
554
541
418
344
408
503
546
513
432
430
437
442
439
329
234
163
142
207
152
13
-148
-273
-243
-257
-332
-420
-508
-487
-473
-504
-512
-532
-463
-338
-237
-129
-137
-208
-190
-64
187
358
302
167
58
94
235
257
219
145
52
22
-77
-156
-172
-235
-242
-276
-329
-366
-513
-619
-603
-511
-381
-421
-543
-585
-546
-411
-360
-373
-368
-390
-343
-286
-221
-111
-135
-214
-279
-281
-113
-3
26
33
15
115
203
256
353
413
522
620
667
777
850
911
958
949
1003
1030
1037
1072
1061
1098
1088
985
916
853
865
868
752
617
467
346
273
182
101
22
-140
-320
-480
-589
-594
-667
-790
-896
-1015
-1054
-1107
-1176
-1169
-1204
-1256
-1319
-1367
-1260
-1139
-1088
-1064
-1073
-986
-877
-788
-618
-444
-267
-172
-197
-122
16
190
376
425
506
576
558
598
600
688
834
804
778
713
676
749
686
628
579
505
523
471
418
388
279
192
128
132
178
122
-34
-185
-238
-220
-186
-221
-305
-368
-462
-494
-479
-462
-390
-388
-399
-366
-362
-288
-215
-150
-27
19
69
130
156
280
374
445
514
463
490
551
609
708
646
591
575
533
610
609
584
571
426
384
359
320
345
195
70
-3
-114
-110
-199
-304
-349
-485
-539
-597
-671
-642
-694
-744
-769
-847
-826
-815
-814
-747
-755
-750
-727
-718
-615
-531
-490
-450
-459
-410
-316
-229
-106
-41
-10
23
33
134
252
336
409
386
378
407
457
584
647
649
593
470
447
467
518
583
533
458
356
230
188
154
138
135
53
10
-26
-80
-87
-153
-189
-156
-135
-73
-44
-94
-121
-149
-118
10
92
117
76
-27
-20
78
181
265
206
76
11
7
131
273
280
220
81
-28
16
107
225
274
185
98
27
10
83
102
116
130
77
78
52
4
22
-15
-15
22
-16
-26
-70
-133
-93
-81
-82
-97
-203
-225
-182
-154
-79
-134
-232
-261
-318
-272
-221
-236
-245
-359
-443
-421
-402
-330
-342
-435
-448
-452
-401
-341
-366
-348
-311
-283
-200
-178
-159
-117
-135
-63
47
126
207
166
120
190
253
324
319
242
291
357
380
377
287
240
236
226
293
315
266
164
28
50
158
197
150
29
-7
68
106
113
98
107
176
204
227
259
257
266
273
346
471
499
438
330
283
365
436
455
427
355
330
294
256
273
261
224
124
-30
-117
-188
-249
-285
-352
-365
-376
-451
-517
-596
-645
-667
-790
-904
-926
-898
-781
-742
-743
-647
-568
-490
-462
-540
-557
-592
-648
-589
-519
-325
-141
-141
-82
-43
17
89
-51
-154
-176
-204
-75
27
139
304
299
331
407
462
553
451
278
223
232
371
456
433
437
416
433
440
364
274
146
25
-39
-55
-27
-9
-7
19
104
209
233
170
66
27
67
91
114
137
208
334
419
488
526
514
476
398
361
377
386
385
360
394
483
543
581
547
490
420
276
182
135
101
115
54
20
88
106
121
68
-58
-94
-203
-357
-453
-579
-579
-552
-578
-494
-495
-541
-582
-712
-710
-684
-751
-796
-892
-862
-699
-626
-577
-568
-576
-498
-471
-469
-440
-446
-415
-362
-319
-230
-177
-166
-123
-61
32
93
56
0
-7
16
82
117
101
112
128
179
256
284
285
251
175
132
122
149
187
200
231
251
272
293
272
271
265
240
218
164
143
173
219
313
362
358
340
285
275
284
285
294
266
254
262
295
336
354
353
325
319
318
326
348
346
346
345
353
365
360
337
290
242
184
129
76
10
-28
-62
-85
-100
-151
-200
-247
-296
-309
-325
-353
-371
-407
-416
-404
-413
-388
-392
-397
-368
-375
-360
-357
-382
-356
-347
-340
-322
-348
-348
-339
-333
-295
-273
-284
-280
-304
-307
-258
-237
-183
-157
-165
-111
-77
-37
19
28
77
124
127
169
179
198
260
276
300
318
300
305
296
274
278
259
235
216
181
160
143
111
92
84
58
51
39
7
23
8
-4
25
-4
28
56
41
90
54
42
60
14
59
49
33
72
19
37
36
8
62
36
44
58
20
55
47
52
73
43
52
38
41
60
54
60
36
41
38
18
40
5
3
7
-33
-2
-33
-51
-28
-79
-62
-73
-111
-84
-115
-122
-115
-163
-153
-161
-183
-161
-195
-193
-183
-207
-162
-149
-137
-108
-141
-125
-99
-94
-47
-51
-35
-4
-10
34
37
36
72
70
116
153
147
168
148
161
202
196
220
205
172
179
151
147
152
106
82
38
6
10
-14
-35
-58
-95
-114
-130
-149
-151
-151
-154
-141
-144
-139
-120
-122
-92
-57
-43
-11
-14
-12
14
31
80
106
105
114
102
96
105
103
109
107
96
83
60
38
25
17
15
13
12
8
-12
-25
-47
-61
-60
-60
-49
-53
-63
-69
-83
-79
-73
-69
-59
-65
-60
-47
-44
-23
-17
-20
-19
-33
-24
-18
-10
12
15
21
18
8
15
21
32
47
50
49
53
47
52
60
65
75
81
86
95
92
91
82
79
87
86
87
86
74
58
43
17
-3
-13
-20
-16
-16
-26
-28
-36
-44
-42
-44
-30
-23
-10
8
18
35
35
42
49
43
54
54
57
72
58
61
53
28
28
-4
-20
-19
-55
-59
-74
-107
-105
-137
-159
-171
-215
-205
-217
-246
-228
-255
-246
-231
-263
-233
-232
-230
-187
-204
-174
-150
-147
-93
-86
-68
-37
-47
-15
-5
0
36
30
45
64
64
99
109
117
139
147
172
185
193
223
230
251
272
274
295
296
301
311
295
296
280
258
264
243
240
231
197
181
148
126
108
82
75
55
30
13
-26
-41
-32
-31
-12
-12
-34
-43
-67
-69
-53
-51
-31
-40
-60
-65
-92
-88
-82
-92
-80
-110
-126
-139
-166
-156
-164
-153
-141
-166
-169
-191
-189
-176
-180
-160
-182
-191
-209
-227
-212
-230
-210
-207
-225
-219
-253
-243
-233
-232
-205
-224
-225
-218
-215
-176
-154
-131
-95
-85
-57
-35
-9
27
41
74
97
118
149
156
179
191
194
208
196
196
216
223
242
253
249
277
285
306
359
362
398
431
443
506
512
528
564
539
560
540
472
458
382
333
303
204
163
87
6
-17
-90
-106
-107
-149
-135
-164
-184
-156
-160
-119
-92
-121
-118
-152
-180
-144
-167
-150
-163
-258
-266
-332
-343
-285
-342
-314
-363
-443
-393
-428
-366
-299
-340
-288
-314
-308
-202
-184
-101
-58
-94
-55
-72
-50
24
1
22
4
-68
-36
-64
-69
-26
-95
-92
-115
-169
-104
-122
-114
-71
-133
-88
-70
-75
12
1
26
50
8
66
72
80
112
59
63
58
44
96
89
91
92
54
85
106
136
190
183
186
183
169
210
245
284
324
309
291
277
262
289
327
348
360
337
288
264
249
253
293
285
272
253
174
157
133
121
158
114
106
68
-5
-4
-54
-58
-56
-99
-102
-155
-193
-211
-242
-234
-256
-279
-300
-351
-374
-393
-401
-377
-373
-372
-384
-418
-423
-421
-399
-351
-337
-318
-319
-341
-327
-316
-273
-237
-229
-215
-230
-225
-211
-197
-140
-106
-62
-19
-21
16
25
41
106
120
175
205
189
218
200
209
248
244
259
268
248
251
243
220
247
247
247
271
223
221
204
173
208
180
200
215
173
191
140
126
133
97
134
122
116
128
80
74
54
35
58
55
65
80
52
37
31
7
32
47
45
88
61
54
62
16
58
47
33
76
17
21
10
-56
-34
-83
-102
-78
-132
-123
-141
-183
-160
-193
-203
-183
-212
-192
-190
-213
-181
-194
-187
-151
-178
-148
-136
-148
-99
-107
-94
-58
-72
-44
-31
-44
-22
-17
-15
6
-5
-4
12
-6
3
5
-7
11
6
1
12
7
12
19
14
15
24
19
25
41
41
52
49
53
70
68
69
73
72
78
76
74
85
91
90
89
77
81
88
71
68
65
60
61
40
27
40
25
21
16
10
27
8
-5
-3
-24
-22
-34
-43
-19
-20
-23
-22
-25
-10
-12
-27
-22
-19
-11
-4
-5
9
12
3
3
3
9
15
3
3
2
3
10
2
4
8
1
-6
-17
-26
-23
-26
-25
-10
-6
-5
-9
-22
-17
-12
-21
-23
-22
-14
4
4
-3
0
-5
-7
-2
-13
-15
-11
-30
-28
-27
-39
-17
-36
-46
-42
-69
-59
-57
-57
-20
-23
-30
-27
-44
-21
-4
-5
27
26
28
37
25
46
55
63
78
59
58
63
50
59
58
51
53
36
27
30
16
20
23
2
2
-9
-8
2
-4
13
17
7
9
-1
3
12
3
0
-7
-16
-12
-19
-21
-14
-10
-6
-13
-18
-11
-14
-11
-9
-8
4
4
2
1
-5
-4
-10
-26
-28
-35
-40
-30
-30
-26
-23
-34
-36
-31
-23
-16
-18
-22
-27
-29
-23
-16
-8
-5
-1
2
3
8
12
17
25
35
38
39
42
48
53
53
54
41
33
27
17
17
22
13
7
-2
-7
-4
-12
-13
-11
-21
-19
-17
-12
-1
-1
3
3
-3
-3
0
8
15
19
21
15
11
11
13
24
34
25
19
16
7
17
22
24
19
1
-3
-11
-8
0
-6
-6
-20
-27
-17
-18
-18
-20
-33
-34
-37
-39
-37
-43
-51
-58
-70
-74
-77
-83
-81
-92
-96
-98
-108
-108
-112
-99
-93
-89
-83
-86
-72
-59
-31
-5
7
33
37
62
85
101
131
125
130
126
113
120
98
111
116
97
96
64
61
62
53
70
58
61
64
49
55
50
58
59
55
63
60
75
74
69
69
51
52
41
36
44
26
16
-1
-19
-15
-23
-25
-30
-40
-42
-43
-35
-15
6
14
18
16
10
20
27
25
29
12
-5
-18
-36
-39
-46
-55
-65
-87
-101
-104
-105
-92
-90
-100
-102
-109
-105
-90
-78
-70
-68
-81
-84
-70
-62
-41
-40
-44
-30
-41
-30
-5
-2
23
23
7
21
9
13
33
18
30
23
6
17
6
18
38
17
17
6
-10
7
3
7
20
-1
2
1
-6
17
16
20
36
33
40
51
58
81
79
73
84
77
90
104
103
106
94
84
81
74
75
76
66
53
38
20
16
16
9
3
-10
-20
-26
-28
-21
-27
-33
-30
-31
-24
-25
-30
-20
-26
-29
-26
-41
-36
-43
-52
-31
-43
-36
-29
-50
-37
-44
-43
-24
-38
-19
-17
-31
-13
-28
-25
-16
-35
-26
-36
-41
-28
-37
-32
-37
-51
-51
-61
-53
-43
-49
-47
-50
-50
-44
-31
-24
-22
-28
-36
-27
-14
-2
10
4
4
12
10
30
47
49
57
46
45
57
59
67
72
64
70
71
64
71
69
67
65
50
54
61
54
59
45
27
20
18
28
27
23
16
2
-1
1
4
6
-3
-13
-19
-18
-14
-20
-28
-38
-40
-35
-38
-37
-43
-47
-41
-41
-29
-23
-31
-26
-30
-28
-5
-5
0
0
-13
-3
0
5
20
9
0
-4
-10
4
8
5
2
-15
-22
-16
-6
9
8
0
-4
-7
-4
-1
1
0
-8
-21
-24
-25
-26
-22
-26
-17
-11
-9
5
10
17
22
19
24
17
13
18
7
4
0
-11
-4
-9
-13
-7
-7
-1
4
3
16
18
12
14
7
3
2
-4
2
-3
-9
-5
-7
-2
-3
-4
3
6
12
15
10
11
16
14
9
5
4
-4
-5
1
3
8
3
-4
-3
-7
-7
-8
-10
-8
-16
-14
-7
-11
-2
3
0
4
5
15
25
23
31
24
14
26
20
20
18
-3
0
-3
-4
6
3
0
-4
-12
-8
-6
-6
-7
-14
-17
-17
-17
-11
-7
-7
-15
-19
-25
-23
-15
-12
-7
-13
-13
-10
-12
-9
-11
-13
-13
-17
-14
-13
-17
-15
-14
-8
-5
-8
3
13
13
20
22
24
23
16
23
19
12
10
3
10
10
8
5
0
-3
-5
-4
2
8
15
15
10
11
11
12
17
13
14
20
19
15
7
6
6
-4
-2
4
12
18
14
8
-3
-6
-4
-9
-5
-5
-8
-2
-6
-4
-3
-10
-9
-13
-8
-6
-11
-13
-16
-16
-14
-10
-9
-15
-23
-28
-21
-18
-13
-1
-6
-6
-6
-18
-17
-18
-14
-3
-5
-1
7
4
4
4
-1
5
1
2
7
4
11
-4
-9
2
3
23
27
35
42
22
26
23
29
45
32
39
42
31
39
30
30
40
29
34
31
19
26
19
14
16
6
9
5
-9
-6
-20
-32
-32
-48
-40
-48
-60
-53
-72
-69
-70
-84
-72
-89
-90
-88
-99
-78
-82
-78
-61
-66
-46
-48
-44
-29
-25
-5
8
16
23
34
44
56
61
62
75
69
75
86
73
83
69
66
65
52
60
45
38
34
25
26
23
20
8
8
-3
-4
-3
-13
4
-3
-4
17
3
20
20
10
27
15
21
26
24
37
31
31
35
29
36
31
24
30
24
19
17
3
6
3
-4
-1
-14
-27
-37
-45
-44
-43
-39
-37
-47
-49
-53
-54
-53
-51
-48
-44
-41
-49
-52
-56
-57
-54
-61
-54
-54
-57
-53
-50
-36
-20
-12
1
18
27
36
52
50
51
55
43
52
52
48
55
37
38
35
17
18
9
-4
4
-7
-8
-2
-21
-18
-27
-37
-28
-44
-41
-38
-51
-41
-38
-36
-19
-25
-22
-13
-13
7
15
19
28
26
35
42
44
43
27
22
17
12
26
32
41
50
41
45
49
46
59
49
41
43
29
40
34
15
18
-6
-11
4
6
32
36
24
31
18
24
43
33
35
27
-5
-3
-11
-25
-16
-37
-45
-31
-37
-17
-6
-24
-15
-21
-19
4
-10
-12
-20
-59
-64
-74
-84
-68
-81
-89
-88
-101
-91
-77
-62
-40
-39
-40
-33
-33
-22
-11
-19
-15
-15
-25
-18
-12
-10
-7
-3
12
34
46
53
49
45
50
55
66
71
68
58
48
41
43
42
36
31
27
28
33
31
25
20
8
6
3
6
12
2
-2
-8
-10
-2
-5
-7
-15
-31
-33
-34
-25
-13
-12
-10
-8
-5
8
21
26
28
26
26
24
18
23
18
10
10
11
22
29
28
26
16
10
6
2
0
-9
-23
-35
-42
-44
-46
-51
-52
-49
-34
-25
-15
-4
-9
-2
5
3
11
6
-1
-10
-36
-36
-36
-46
-45
-60
-55
-43
-46
-34
-30
-30
-16
-23
-15
5
8
17
2
-5
13
22
33
39
39
52
56
47
49
53
63
70
60
58
59
51
36
19
8
17
19
11
14
0
-8
-18
-45
-39
-32
-19
-3
-15
-16
-25
-38
-32
-38
-30
-15
-15
-9
-20
-22
-22
-36
-26
-9
9
30
27
30
35
27
