2
-12
-25
-21
-13
-2
10
5
-7
-21
-42
-46
-51
-42
-24
-17
-9
-11
-21
-35
-44
-40
-30
-12
6
10
4
-9
-21
-28
-29
-12
6
15
29
26
10
-2
-13
-13
0
17
30
34
21
7
-12
-22
-17
-9
7
21
21
14
-1
-18
-27
-22
-7
13
29
32
27
18
10
7
8
15
30
38
40
31
13
3
2
6
20
31
29
25
14
1
-8
-13
-8
-2
4
5
-1
-8
-14
-15
-17
-8
1
3
-3
-12
-16
-21
-19
-9
3
13
10
7
-3
-18
-23
-22
-11
6
14
16
11
-1
-14
-24
-22
-10
6
18
18
6
-7
-21
-28
-23
-13
9
16
17
11
-4
-12
-18
-15
-9
-1
9
7
4
-5
-16
-20
-23
-18
-12
-5
-2
-5
-8
-14
-15
-13
-1
9
17
21
13
5
-5
-2
7
16
23
26
26
18
13
12
12
21
31
36
40
29
16
9
2
13
16
19
16
6
5
-3
-3
1
-1
2
0
-10
-18
-28
-30
-25
-23
-15
-14
-20
-20
-22
-22
-16
-8
0
2
0
2
-6
-13
-18
-23
-14
-6
-1
1
-9
-14
-23
-31
-26
-19
3
22
27
29
12
1
-5
-5
13
28
41
49
39
27
10
-7
-9
-4
8
22
35
28
10
-10
-30
-36
-30
-8
9
8
0
-17
-36
-45
-40
-28
-12
-2
0
-5
-15
-23
-26
-24
-11
3
14
19
8
-5
-16
-22
-13
5
21
29
25
15
6
-6
-4
8
28
46
48
40
25
10
8
9
14
33
45
52
42
26
10
-6
-2
9
23
29
26
14
-6
-21
-26
-25
-13
-2
4
-4
-22
-46
-62
-59
-50
-32
-15
-13
-19
-36
-54
-62
-55
-36
-16
-1
1
-11
-28
-40
-40
-28
-10
12
26
29
24
10
4
6
11
29
46
61
62
51
31
9
5
6
20
38
42
34
14
-12
-25
-22
-9
12
28
32
21
-6
-29
-40
-37
-19
6
20
23
10
-12
-31
-44
-38
-22
-4
13
13
5
-7
-23
-32
-28
-11
11
31
33
29
19
6
1
2
16
29
37
42
36
31
18
13
15
19
35
34
32
25
3
-15
-24
-23
-18
-14
-16
-15
-22
-31
-37
-45
-47
-44
-39
-36
-35
-49
-64
-67
-67
-50
-33
-25
-12
-14
-19
-22
-31
-24
-12
6
24
30
29
20
18
18
15
22
29
41
45
40
39
32
32
35
39
48
54
53
43
36
31
26
21
23
24
25
22
14
9
5
-4
-5
-9
-9
-6
-6
-12
-17
-23
-20
-20
-23
-16
-16
-14
-19
-25
-25
-27
-19
-18
-15
-10
-14
-14
-20
-22
-22
-21
-18
-13
-7
-9
-8
-10
-12
-17
-18
-13
-7
-3
-3
-1
-5
-6
-2
1
6
11
19
20
16
20
21
22
23
22
22
25
24
21
18
14
8
7
8
7
0
-2
-2
-10
-12
-9
-9
-5
-4
-8
-8
-13
-13
-8
-6
-3
-3
4
5
-1
-1
1
3
3
5
2
3
-2
-5
-6
-13
-13
-16
-11
-11
-9
1
0
6
10
5
6
0
-1
-3
0
4
2
5
5
4
6
10
12
10
9
7
8
2
-3
-6
-10
-8
-6
-6
-5
-10
-8
-5
0
7
5
2
0
-1
3
6
7
2
-3
0
-4
-4
-2
-5
-2
-3
0
1
-4
-3
-4
-9
-4
-2
-1
4
8
10
4
2
-2
-5
-5
-3
2
2
8
1
-6
-6
-9
-2
1
2
6
-3
-3
-3
-10
-7
-8
-1
4
5
6
1
1
-4
-8
-3
1
7
15
15
17
7
4
2
-4
7
14
15
13
2
-2
-7
-6
-9
-5
4
4
8
6
-1
-6
-13
-11
-4
1
7
6
-4
-11
-17
-20
-11
-5
2
12
9
5
-4
-13
-15
-10
2
10
17
11
-3
-15
-19
-19
-14
-5
3
9
-1
-3
-10
-12
-6
-9
9
15
18
24
4
-1
-10
-14
3
5
11
12
6
4
-6
-9
-7
-3
8
7
3
7
-1
-6
-9
-13
-2
0
2
7
3
3
4
0
1
-1
2
8
9
11
9
5
7
2
3
10
8
7
-1
-7
-9
-9
1
4
4
4
3
3
2
3
6
5
5
7
5
-2
-6
-8
-6
-5
-3
-2
-3
-1
2
-1
-2
-10
-12
-12
-13
-10
-12
-8
-8
-7
-4
-7
-8
-10
-13
-17
-18
-10
-3
1
2
0
3
6
3
1
-2
1
5
3
-1
-6
-8
-9
-7
1
3
2
5
2
2
0
-2
4
5
5
7
12
18
16
14
11
14
17
14
20
18
18
16
8
6
1
2
3
9
14
11
10
3
-2
-5
-6
-1
3
4
7
7
-2
-4
-5
-1
1
1
3
-3
-8
-14
-20
-19
-20
-20
-12
-11
-5
0
-10
-13
-13
-12
-6
-7
-2
2
-2
-4
-10
-13
-15
-11
-7
-2
-1
-1
-2
-4
-4
-6
-1
3
2
14
7
0
2
-8
0
2
3
2
-6
-1
-1
-4
0
-5
-5
-1
1
8
9
8
10
9
9
14
19
20
16
12
8
2
1
7
8
12
11
8
6
2
3
4
6
5
8
14
20
17
16
17
18
21
20
20
16
-1
-25
-52
-65
-60
-55
-44
-36
-34
-40
-57
-85
-113
-117
-116
-106
-104
-107
-107
-129
-133
-128
-116
-68
-47
-49
-60
-104
-97
-80
-66
-27
-28
-7
5
2
39
44
77
92
98
138
140
173
168
133
123
74
85
96
103
147
140
162
141
105
106
79
122
158
188
247
255
298
315
284
271
222
215
214
197
187
124
73
22
-37
-60
-106
-129
-133
-153
-158
-203
-248
-257
-263
-205
-138
-80
-3
2
26
46
34
62
-22
-101
-154
-81
382
980
1599
1769
1163
-20
-1592
-2713
-2992
-2332
-929
321
1046
784
-307
-1475
-2429
-2601
-2159
-1340
-204
465
681
323
-383
-768
-1161
-1021
-326
763
2408
3387
3638
2934
1600
904
597
1103
1684
1724
1519
554
-145
-566
-644
-111
82
231
-307
-1189
-1520
-1528
-732
-247
-274
-480
-938
-608
-230
20
14
-469
-377
-273
-80
107
171
861
1237
1186
685
87
267
431
470
283
99
484
794
1007
973
734
681
400
-93
-813
-1485
-1510
-1173
-855
-838
-1030
-984
-984
-1283
-1646
-1825
-1504
-1125
-1051
-954
-835
-503
-232
-198
-26
24
139
175
13
123
328
878
1368
1291
1023
599
527
602
493
580
684
892
934
776
832
818
690
355
-49
-163
-154
4
235
354
412
292
92
-133
-413
-484
-459
-326
-171
-82
118
123
65
30
109
420
516
620
717
797
875
580
326
34
-225
-234
-193
199
474
511
415
8
-247
-514
-598
-363
-114
323
575
581
372
-195
-693
-1109
-1316
-1181
-951
-553
-296
-350
-520
-867
-1128
-1381
-1622
-1580
-1451
-1035
-464
41
400
248
17
-67
-67
-24
-174
-115
110
220
317
504
1068
1582
1510
969
223
-298
-605
-772
-777
-807
-909
-1085
-1190
-1190
-1125
-1056
-1111
-1323
-1557
-1506
-1119
-602
-77
407
914
1278
1488
1769
2097
2341
2329
2293
2534
2953
3356
3573
3644
3537
3204
2764
2342
2027
1709
1453
1248
1055
838
444
-43
-706
-1418
-1975
-2394
-2603
-2805
-2941
-2970
-3059
-3125
-3201
-3119
-2940
-2804
-2696
-2518
-2037
-1354
-642
-177
59
170
197
325
438
744
1097
1300
1391
1294
1432
1622
1680
1571
1100
662
282
93
151
15
-167
-474
-793
-935
-1212
-1260
-1239
-1346
-1435
-1638
-1391
-936
-478
166
583
935
885
685
859
970
1006
691
553
889
1083
1297
1380
1732
2034
1627
863
-173
-756
-1223
-1740
-2014
-2298
-2228
-2316
-2396
-2394
-2485
-2374
-2546
-2614
-2525
-2226
-1675
-1216
-632
-26
789
1606
2279
2894
3351
3678
3619
3533
3505
3707
4082
4213
4375
4504
4692
4589
4261
3989
3535
3010
2129
1184
388
-292
-1014
-1841
-2202
-2312
-2324
-2440
-2784
-3305
-4012
-4760
-5553
-5867
-5715
-5412
-5174
-4952
-4578
-4149
-3320
-2482
-1609
-709
-72
402
609
1085
1456
1801
2318
2569
3050
3552
3995
4107
3985
3779
3019
2333
1704
1156
890
657
330
-186
-422
-589
-851
-921
-1079
-1366
-1484
-1558
-1818
-1950
-1679
-1108
-487
147
633
929
1275
1276
941
878
1150
1327
1186
1002
815
697
587
242
-240
-608
-1003
-1745
-2453
-2994
-3571
-4227
-4794
-4995
-4793
-4011
-3229
-2737
-2199
-1805
-1645
-1569
-994
-57
1000
2088
2588
2914
3467
4075
4392
4696
5187
5467
5856
6026
5808
5432
5117
4665
4175
4329
4332
4123
3779
3175
2389
1459
426
-1102
-2219
-2852
-3307
-3478
-3607
-3917
-4462
-4807
-5302
-5545
-5482
-5478
-5661
-6005
-6125
-6418
-6088
-5336
-4457
-3184
-2110
-910
146
1357
2379
2854
3363
3462
3657
3994
4215
4368
4369
4488
4248
3921
3641
3110
2871
2661
2391
2091
1533
771
-188
-826
-1378
-1965
-2476
-2955
-2864
-2268
-1633
-1682
-1722
-1298
-960
-372
-415
-557
-425
-402
-214
-519
-110
443
520
474
-412
-793
-1038
-1446
-1859
-2605
-3142
-4086
-4813
-5075
-4957
-4294
-3768
-3325
-2810
-1909
-880
-43
480
932
1560
1862
2228
2758
3466
4110
4305
4580
4997
5663
6315
6569
6642
6503
6118
5609
5050
4861
5090
4992
4483
3907
3325
2720
1751
490
-652
-1602
-2462
-3494
-4398
-4833
-5231
-5707
-6229
-6787
-6829
-6564
-6503
-6606
-6597
-6212
-5910
-5513
-4934
-4543
-3891
-3094
-2238
-1040
565
1831
2480
3198
3568
3997
4617
4814
4724
4650
4568
4112
4248
4469
4103
3934
3332
2742
2723
2757
2500
2018
1451
358
-538
-663
-862
-1139
-1385
-2032
-2379
-2295
-2516
-2578
-2424
-2185
-1969
-1812
-1494
-1354
-950
-942
-1500
-1860
-2400
-2693
-2907
-3091
-3401
-3909
-4278
-4792
-4730
-4475
-4345
-3981
-3549
-2967
-2270
-1424
-665
372
1275
1882
2788
3609
4672
5633
6118
6376
6538
6767
6902
7172
7210
7165
7176
6897
6675
6583
6526
6065
5362
4428
3171
2140
934
-355
-1292
-2098
-2922
-3735
-4431
-5050
-5453
-5839
-6313
-6628
-6882
-7181
-7445
-7621
-7687
-7700
-7832
-7817
-7385
-6548
-5326
-4167
-3153
-2065
-870
440
1853
3354
4436
5143
5578
5693
6026
6440
6650
6656
6456
6071
5485
4953
4472
4154
3964
3659
3430
3063
2611
2237
1671
1101
431
-385
-1224
-1886
-2217
-2554
-2729
-2905
-3176
-3329
-3401
-3091
-2672
-2218
-1885
-2078
-2404
-2784
-3310
-3895
-4438
-5049
-5752
-6209
-6562
-6769
-6438
-5875
-5280
-4440
-3481
-2571
-1522
-481
162
697
1305
1842
2523
3422
4165
4840
5781
6503
7070
7770
8229
8639
8969
8969
8710
8626
8490
7796
7185
6451
5602
5134
4280
3029
1806
524
-816
-1911
-2561
-3262
-3955
-4601
-5593
-6402
-6848
-7329
-7785
-8130
-8358
-8695
-8988
-8889
-8600
-8167
-7550
-6892
-6103
-4776
-3185
-1810
-270
1371
2519
3399
4150
4442
4664
5048
5066
4919
5047
5055
4891
4893
4811
4477
4278
4258
4113
4036
4011
3813
3568
3208
2576
1634
855
411
-289
-1046
-1576
-2055
-2300
-2381
-2504
-2459
-2083
-1820
-1938
-2049
-2146
-2373
-2773
-3611
-4584
-5327
-6061
-6692
-7049
-7165
-7015
-6788
-6545
-5911
-4708
-3402
-2190
-994
0
949
1926
2702
3443
4245
4728
4847
5010
5280
5664
6284
6867
7375
7897
8105
8194
8474
8806
9036
8872
8223
7311
6264
4954
3426
2090
793
-627
-2004
-3386
-4373
-4913
-5566
-6240
-6696
-7052
-7308
-7616
-8092
-8507
-8809
-9118
-9355
-9326
-8981
-8339
-7497
-6458
-4976
-3311
-1635
74
1365
2601
3843
4529
4948
5215
5261
5153
4908
4553
4108
3934
3868
3577
3591
3892
4116
4326
4384
4398
4548
4494
4066
3446
2770
1989
1011
-31
-802
-1116
-1437
-1832
-1958
-1981
-1780
-1516
-1509
-1442
-1335
-1512
-2029
-2647
-3141
-3755
-4568
-5407
-6175
-6650
-6799
-6879
-6774
-6252
-5582
-4861
-3880
-2685
-1346
7
1037
1757
2375
2998
3595
4068
4460
4696
4828
4863
4869
5129
5596
6301
6989
7372
7782
8235
8420
8329
8011
7194
6011
4750
3134
1535
324
-1048
-2498
-3756
-4885
-5693
-6250
-6646
-6949
-7188
-7229
-7302
-7446
-7415
-7292
-7326
-7421
-7311
-7084
-6610
-5749
-4954
-4103
-2776
-1417
-189
1223
2593
3682
4596
5242
5408
5476
5564
5202
4676
4288
3888
3560
3370
3257
3228
3426
3739
3867
3922
4099
4165
3853
3336
2736
2034
1351
654
-243
-1115
-1639
-2126
-2639
-2870
-2893
-2804
-2780
-2886
-3064
-3346
-3584
-3962
-4592
-5132
-5592
-6213
-6816
-7055
-7072
-6845
-6165
-5380
-4452
-3124
-1655
-187
1219
2512
3533
4245
4968
5525
5900
6362
6538
6486
6322
5988
6018
6086
6187
6593
6645
6685
6804
6481
6041
5600
4988
4030
2896
1792
478
-666
-1678
-3083
-4354
-5363
-6509
-7346
-7704
-7896
-7891
-7727
-7538
-7354
-7020
-6434
-5902
-5371
-4594
-3907
-3342
-2600
-1811
-1113
-389
384
954
1363
1926
2341
2559
3015
3341
3355
3392
3376
3320
3272
3314
3439
3377
3398
3415
3077
2958
2950
2588
2257
1958
1551
1200
937
724
496
329
150
-176
-556
-785
-930
-1365
-1854
-2324
-3036
-3579
-4021
-4559
-5003
-5318
-5573
-5884
-5809
-5458
-5217
-4618
-3945
-3385
-2550
-1680
-854
-33
785
1598
2330
3141
3976
4713
5281
5883
6432
6711
7311
7791
7929
8316
8402
8217
8009
7580
6990
6149
5350
4439
3197
2119
952
-435
-1598
-2821
-4136
-5223
-6180
-7081
-7875
-8476
-8910
-9156
-9172
-9066
-8782
-8341
-7682
-6916
-6050
-4815
-3563
-2369
-1110
-106
739
1551
2067
2349
2611
2813
2938
2921
2901
2808
2554
2561
2514
2337
2576
2805
2876
3084
3233
3199
3081
2894
2460
1908
1524
1119
664
368
196
1
-252
-417
-669
-909
-932
-1046
-1240
-1470
-1732
-2044
-2531
-2877
-3170
-3594
-3797
-3914
-4012
-3798
-3385
-3033
-2667
-2181
-1773
-1357
-816
-290
285
868
1430
1943
2352
2821
3264
3658
4094
4594
5188
5661
6146
6642
6823
6973
7044
6747
6362
5986
5457
4749
4175
3510
2447
1504
438
-997
-2151
-3176
-4308
-5305
-6147
-6994
-7850
-8366
-8836
-9316
-9227
-8847
-8348
-7454
-6254
-5018
-3843
-2588
-1573
-752
294
1077
1500
1914
2238
2315
2122
1909
1663
1438
1520
1600
1646
2029
2601
2971
3089
3245
3399
3375
3117
2596
2013
1543
1095
386
-434
-807
-941
-1216
-1446
-1448
-1235
-1042
-981
-1136
-1376
-1334
-1480
-2062
-2576
-2850
-3121
-3579
-3857
-3937
-3826
-3283
-2803
-2368
-1535
-469
445
1106
1961
2806
3368
3935
4190
4281
4572
4756
4609
4440
4726
4962
4988
5296
5504
5732
6227
6365
6139
5990
5833
5210
4283
3487
2490
1392
405
-903
-2169
-3084
-4052
-5168
-6179
-6816
-7387
-7949
-8183
-8391
-8413
-8099
-7804
-7394
-6683
-5658
-4659
-3737
-2537
-1450
-498
389
996
1478
1832
2167
2281
2236
2420
2441
2340
2323
2371
2483
2506
2642
2662
2578
2703
2559
2166
1786
1359
830
195
-324
-893
-1435
-1748
-2204
-2647
-2805
-2847
-2874
-2937
-2840
-2656
-2575
-2413
-2326
-2421
-2453
-2432
-2499
-2581
-2378
-2025
-1757
-1209
-484
96
808
1656
2381
2971
3654
4325
4629
4928
5264
5172
5000
4952
4759
4474
4359
4476
4426
4426
4754
4721
4494
4502
4320
3948
3700
3488
2927
2282
1823
882
-299
-1236
-2327
-3446
-4313
-5057
-5849
-6448
-6655
-7018
-7353
-7150
-6842
-6450
-5736
-4891
-4075
-3212
-2215
-1567
-1164
-472
57
323
655
962
1154
1308
1574
1628
1590
1988
2296
2362
2629
2892
2990
2971
2865
2556
2077
1702
1162
415
-201
-769
-1406
-2080
-2659
-3155
-3681
-4049
-4299
-4541
-4595
-4489
-4374
-4296
-4146
-3947
-3925
-3823
-3512
-3269
-2812
-2081
-1390
-629
243
1077
1809
2551
3368
4096
4794
5539
6089
6416
6694
6809
6654
6587
6590
6408
6365
6386
6155
5871
5550
5023
4384
3816
3297
2677
2113
1610
902
179
-392
-1130
-1931
-2479
-3096
-3812
-4381
-5035
-5701
-6187
-6534
-6810
-6999
-6794
-6401
-6040
-5317
-4429
-3517
-2351
-1216
-282
595
1373
1845
2051
2222
2304
2272
2220
2110
1974
1858
1812
1750
1615
1688
1861
1895
1886
1763
1518
1141
611
81
-563
-1223
-1702
-2358
-3199
-3870
-4522
-5288
-5880
-6290
-6618
-6692
-6543
-6352
-6128
-5756
-5253
-4825
-4305
-3508
-2663
-1703
-600
408
1348
2221
3000
3710
4372
5102
5904
6702
7425
8071
8581
8839
8943
9001
8930
8757
8677
8551
8153
7670
7097
6199
5155
4211
3194
2119
1280
529
-403
-1233
-1901
-2813
-3673
-4285
-5025
-5733
-6245
-6719
-7255
-7663
-7787
-8012
-8069
-7687
-7335
-6788
-5824
-4770
-3687
-2445
-1166
-127
825
1764
2378
2772
3211
3458
3462
3521
3542
3445
3386
3395
3331
3175
3142
3075
2763
2380
1918
1273
560
-101
-763
-1495
-2126
-2603
-3280
-4017
-4571
-5202
-5808
-6227
-6564
-6841
-6921
-6768
-6754
-6816
-6635
-6433
-6218
-5713
-4974
-4134
-3033
-1702
-528
603
1880
3067
4055
5027
6066
6976
7851
8666
9118
9351
9567
9668
9561
9506
9597
9644
9688
9619
9346
8906
8337
7557
6469
5343
4240
3085
1848
501
-836
-2177
-3497
-4815
-6095
-7172
-8064
-8739
-9293
-9701
-9839
-9825
-9685
-9407
-8911
-8209
-7341
-6260
-5135
-3975
-2792
-1694
-763
-11
728
1337
1859
2426
2904
3320
3721
4142
4440
4663
4945
5110
5219
5283
5205
4936
4506
3989
3231
2363
1468
486
-493
-1457
-2396
-3385
-4360
-5236
-6101
-6882
-7507
-7927
-8237
-8409
-8370
-8308
-8156
-7840
-7428
-6964
-6329
-5438
-4504
-3455
-2209
-951
303
1617
2941
4119
5283
6481
7430
8235
8981
9497
9772
9974
10080
9973
9932
9930
9740
9543
9344
8967
8426
7843
7143
6276
5428
4509
3411
2305
1152
-143
-1497
-2814
-4126
-5420
-6575
-7621
-8554
-9239
-9749
-10117
-10216
-10068
-9724
-9185
-8436
-7523
-6503
-5392
-4292
-3220
-2177
-1247
-452
235
866
1416
1928
2466
3019
3588
4118
4599
4986
5322
5618
5748
5776
5756
5599
5300
4828
4159
3321
2324
1261
80
-1132
-2189
-3243
-4279
-5255
-6182
-6919
-7585
-8079
-8404
-8644
-8582
-8455
-8243
-7859
-7427
-6806
-6206
-5469
-4555
-3610
-2424
-1332
-204
1019
2146
3391
4516
5639
6754
7683
8565
9222
9837
10287
10509
10702
10649
10584
10443
10141
9715
9061
8400
7511
6541
5593
4510
3471
2356
1226
21
-1242
-2464
-3818
-5153
-6411
-7502
-8381
-9050
-9450
-9781
-9885
-9741
-9510
-9027
-8317
-7438
-6397
-5291
-4171
-3083
-2082
-1186
-484
83
608
1095
1604
2165
2840
3456
4037
4634
5059
5469
5804
5977
6028
5964
5894
5699
5394
4947
4248
3296
2153
949
-269
-1376
-2371
-3332
-4303
-5205
-5949
-6697
-7299
-7774
-8195
-8347
-8327
-8092
-7713
-7331
-6900
-6526
-6107
-5516
-4736
-3817
-2863
-1800
-757
284
1443
2509
3594
4663
5624
6608
7499
8313
9002
9450
9755
9922
9940
9880
9735
9425
8988
8444
7768
6995
6163
5292
4352
3385
2349
1264
169
-1005
-2168
-3355
-4558
-5615
-6616
-7440
-8036
-8508
-8685
-8704
-8583
-8196
-7754
-7117
-6365
-5613
-4706
-3853
-2972
-2134
-1503
-904
-439
37
643
1301
2117
2913
3630
4326
4870
5326
5682
5818
5835
5781
5655
5537
5322
4938
4329
3446
2457
1388
446
-354
-1167
-1881
-2712
-3549
-4290
-5122
-5795
-6463
-7077
-7430
-7693
-7684
-7540
-7353
-7041
-6792
-6386
-5815
-5074
-4080
-3110
-2103
-1150
-294
605
1400
2160
2887
3536
4209
4862
5536
6190
6751
7244
7599
7881
8128
8307
8432
8398
8234
7943
7493
6946
6231
5347
4348
3224
2057
898
-255
-1386
-2501
-3607
-4633
-5519
-6206
-6653
-6907
-6977
-6885
-6612
-6184
-5675
-5104
-4594
-4133
-3673
-3251
-2746
-2247
-1822
-1435
-1144
-768
-272
349
1149
1930
2709
3459
4069
4584
4876
4945
4850
4605
4390
4194
3991
3757
3296
2676
1924
1085
366
-321
-926
-1454
-2022
-2505
-3014
-3563
-4120
-4774
-5359
-5812
-6043
-5981
-5778
-5447
-5123
-4822
-4439
-4031
-3495
-2879
-2238
-1501
-744
41
800
1399
1875
2234
2563
2982
3433
3959
4475
4886
5245
5466
5618
5716
5684
5611
5439
5226
5001
4655
4224
3637
2930
2202
1424
707
7
-710
-1440
-2247
-3025
-3734
-4304
-4711
-4992
-5117
-5116
-4952
-4642
-4232
-3762
-3285
-2794
-2306
-1781
-1227
-679
-217
92
289
401
574
845
1220
1730
2198
2650
3060
3383
3658
3779
3747
3582
3345
3103
2860
2637
2306
1842
1273
555
-122
-760
-1389
-1961
-2571
-3134
-3596
-3972
-4286
-4594
-4903
-5197
-5345
-5292
-5051
-4615
-4106
-3593
-3029
-2456
-1853
-1184
-557
69
720
1341
2024
2702
3253
3681
3937
4067
4209
4397
4651
4956
5216
5377
5469
5471
5359
5169
4828
4353
3864
3325
2794
2265
1581
792
-107
-1083
-1944
-2707
-3394
-4012
-4637
-5251
-5779
-6190
-6476
-6578
-6533
-6358
-5986
-5466
-4806
-4042
-3296
-2584
-1908
-1266
-575
154
829
1446
1918
2221
2505
2773
3067
3433
3747
4051
4387
4702
4961
5072
4969
4671
4251
3786
3329
2917
2463
1879
1167
342
-518
-1320
-2073
-2799
-3435
-3995
-4421
-4688
-4926
-5157
-5408
-5677
-5850
-5860
-5706
-5356
-4825
-4209
-3482
-2664
-1844
-972
-110
671
1506
2359
3212
4091
4820
5321
5668
5811
5812
5789
5681
5581
5575
5538
5508
5483
5312
5070
4752
4283
3796
3312
2798
2277
1641
830
-100
-1132
-2236
-3305
-4332
-5285
-6058
-6713
-7264
-7654
-7937
-8099
-8091
-7949
-7618
-7073
-6336
-5456
-4515
-3555
-2669
-1851
-1104
-415
295
962
1605
2226
2736
3197
3591
3926
4268
4601
4993
5406
5801
6120
6220
6115
5759
5200
4575
3900
3284
2728
2165
1610
982
289
-457
-1238
-1958
-2586
-3058
-3403
-3694
-3948
-4286
-4697
-5140
-5590
-5900
-6034
-5941
-5603
-5074
-4374
-3597
-2802
-2025
-1301
-559
208
1048
1960
2851
3677
4347
4807
5107
5255
5329
5405
5477
5594
5730
5843
5902
5830
5615
5264
4828
4379
3911
3441
2909
2257
1475
523
-528
-1620
-2718
-3759
-4732
-5610
-6369
-7031
-7598
-8086
-8489
-8767
-8871
-8750
-8387
-7812
-7094
-6300
-5472
-4610
-3701
-2758
-1793
-847
55
925
1751
2511
3159
3666
4043
4335
4640
5018
5478
5973
6400
6707
6869
6882
6766
6497
6099
5618
5089
4577
4066
3511
2844
2008
1062
107
-748
-1415
-1918
-2323
-2704
-3129
-3587
-4077
-4575
-5028
-5399
-5624
-5659
-5510
-5217
-4836
-4459
-4078
-3666
-3168
-2507
-1718
-843
15
780
1435
1968
2416
2783
3090
3362
3605
3834
4035
4184
4279
4329
4342
4339
4330
4322
4300
4204
3969
3548
2962
2292
1585
847
82
-711
-1498
-2275
-3084
-3923
-4761
-5546
-6246
-6866
-7370
-7708
-7853
-7826
-7697
-7480
-7136
-6630
-5964
-5179
-4284
-3268
-2139
-987
81
995
1753
2375
2849
3201
3507
3841
4231
4624
4969
5274
5576
5848
6042
6160
6272
6429
6563
6588
6447
6134
5670
5071
4360
3619
2938
2323
1701
993
229
-526
-1277
-2038
-2805
-3506
-4050
-4416
-4677
-4918
-5138
-5336
-5492
-5584
-5568
-5384
-5023
-4534
-3996
-3438
-2859
-2254
-1670
-1149
-688
-251
209
680
1130
1540
1908
2231
2498
2697
2858
3036
3226
3427
3614
3767
3873
3873
3730
3417
2975
2489
2004
1543
1102
668
187
-386
-1085
-1901
-2743
-3548
-4253
-4824
-5273
-5609
-5873
-6100
-6281
-6390
-6370
-6147
-5699
-5037
-4200
-3265
-2336
-1484
-745
-103
489
1055
1616
2165
2678
3144
3537
3859
4129
4353
4583
4847
5156
5525
5913
6261
6499
6593
6524
6309
5983
5580
5130
4642
4129
3595
3032
2422
1762
1073
374
-300
-906
-1447
-1931
-2387
-2868
-3387
-3949
-4526
-5071
-5546
-5889
-6083
-6124
-6034
-5861
-5637
-5401
-5158
-4859
-4495
-4013
-3415
-2760
-2069
-1432
-885
-409
-17
360
762
1178
1642
2100
2489
2823
3041
3204
3370
3533
3764
4019
4233
4380
4348
4134
3744
3216
2660
2082
1519
945
320
-367
-1148
-1992
-2830
-3596
-4222
-4687
-4997
-5184
-5291
-5335
-5347
-5300
-5173
-4919
-4479
-3884
-3122
-2262
-1356
-447
368
1089
1714
2261
2773
3262
3767
4279
4766
5209
5538
5755
5861
5883
5896
5911
5993
6117
6199
6208
6053
5704
5177
4497
3754
3011
2325
1713
1126
521
-167
-950
-1799
-2673
-3475
-4153
-4678
-5060
-5372
-5655
-5963
-6312
-6662
-6999
-7241
-7353
-7326
-7138
-6870
-6540
-6173
-5806
-5374
-4875
-4269
-3502
-2642
-1696
-729
168
1010
1736
2354
2918
3406
3882
4333
4721
5065
5302
5457
5532
5504
5447
5345
5230
5108
4920
4676
4325
3837
3253
2567
1847
1141
448
-194
-836
-1490
-2148
-2850
-3537
-4186
-4749
-5154
-5388
-5420
-5285
-5024
-4655
-4211
-3701
-3107
-2420
-1618
-708
245
1199
2070
2795
3362
3757
4025
4232
4414
4627
4855
5071
5227
5268
5178
4951
4633
4267
3886
3525
3156
2748
2265
1673
971
171
-661
-1443
-2121
-2657
-3054
-3361
-3621
-3892
-4212
-4560
-4914
-5223
-5431
-5536
-5542
-5486
-5421
-5364
-5356
-5355
-5297
-5156
-4863
-4422
-3883
-3276
-2669
-2105
-1592
-1106
-602
-42
592
1280
1990
2657
3216
3652
3939
4130
4277
4396
4534
4673
4787
4861
4844
4734
4541
4309
4097
3920
3791
3684
3561
3362
3048
2624
2091
1487
872
289
-234
-713
-1157
-1596
-2054
-2524
-2981
-3369
-3631
-3723
-3631
-3380
-3020
-2614
-2207
-1828
-1465
-1092
-667
-162
410
1007
1554
2009
2320
2481
2520
2479
2421
2375
2362
2349
2282
2119
1827
1402
873
306
-237
-723
-1147
-1512
-1871
-2249
-2644
-3057
-3444
-3744
-3918
-3952
-3853
-3687
-3485
-3288
-3134
-2995
-2841
-2621
-2303
-1891
-1419
-927
-481
-118
157
326
430
512
587
669
728
734
658
483
219
-95
-391
-597
-660
-589
-385
-95
220
527
790
1035
1262
1528
1860
2211
2575
2861
3049
3091
2993
2820
2600
2453
2393
2466
2646
2862
3091
3228
3297
3302
3279
3293
3328
3429
3501
3498
3378
3047
2569
1948
1289
665
90
-350
-744
-1100
-1479
-1929
-2378
-2855
-3235
-3494
-3633
-3608
-3548
-3447
-3411
-3467
-3563
-3736
-3834
-3884
-3857
-3731
-3600
-3436
-3333
-3282
-3249
-3222
-3100
-2884
-2542
-2128
-1677
-1235
-890
-628
-483
-375
-257
-105
141
428
748
1062
1347
1599
1806
2025
2245
2521
2828
3140
3461
3678
3812
3776
3587
3297
2865
2431
1919
1392
851
218
-415
-1156
-1877
-2564
-3199
-3637
-3986
-4115
-4111
-4015
-3748
-3492
-3127
-2719
-2274
-1678
-1061
-347
390
1065
1723
2249
2692
3073
3399
3799
4231
4705
5233
5682
6100
6425
6618
6812
6900
6965
7007
6915
6768
6431
5896
5202
4272
3270
2214
1133
137
-868
-1843
-2814
-3852
-4847
-5841
-6765
-7545
-8227
-8725
-9112
-9400
-9586
-9745
-9807
-9802
-9676
-9385
-8942
-8288
-7491
-6579
-5631
-4689
-3753
-2843
-1897
-921
92
1118
2144
3139
4020
4780
5363
5787
6091
6314
6513
6676
6781
6794
6668
6369
5938
5406
4812
4249
3746
3338
3026
2724
2418
2027
1550
1033
492
45
-330
-613
-828
-1064
-1327
-1694
-2119
-2581
-3035
-3358
-3554
-3594
-3547
-3460
-3356
-3279
-3183
-3074
-2893
-2604
-2175
-1600
-946
-262
370
921
1396
1813
2256
2723
3237
3768
4233
4612
4825
4880
4777
4540
4279
4012
3775
3546
3283
2942
2488
1938
1294
627
-2
-550
-972
-1328
-1663
-2021
-2478
-3026
-3646
-4286
-4865
-5329
-5639
-5825
-5923
-5997
-6071
-6178
-6278
-6301
-6209
-5933
-5489
-4890
-4211
-3518
-2848
-2257
-1720
-1233
-728
-134
549
1334
2122
2874
3528
4031
4422
4704
4954
5210
5486
5777
6038
6229
6263
6140
5843
5415
4946
4448
3981
3521
3059
2579
2015
1385
689
-24
-686
-1269
-1715
-2026
-2213
-2334
-2421
-2497
-2558
-2555
-2462
-2253
-1941
-1547
-1136
-762
-470
-266
-130
-37
62
187
318
442
514
515
442
279
46
-217
-457
-630
-738
-817
-911
-1048
-1248
-1461
-1666
-1851
-1958
-1995
-1965
-1880
-1769
-1654
-1574
-1522
-1494
-1440
-1316
-1121
-865
-610
-386
-206
-82
16
106
213
348
500
667
845
1041
1239
1392
1465
1432
1328
1218
1170
1211
1280
1280
1134
865
559
297
65
-190
-464
-722
-855
-851
-764
-704
-774
-929
-1052
-1003
-782
-476
-179
45
252
503
786
1042
1231
1362
1511
1747
2056
2368
2591
2699
2735
2745
2761
2775
2764
2700
2603
2492
2348
2126
1793
1365
915
490
101
-282
-691
-1072
-1382
-1648
-1920
-2221
-2500
-2678
-2706
-2629
-2505
-2380
-2270
-2139
-1993
-1884
-1862
-1915
-1962
-1927
-1786
-1637
-1601
-1712
-1938
-2146
-2210
-2145
-2030
-1959
-1953
-1902
-1744
-1526
-1364
-1333
-1390
-1387
-1179
-803
-398
-68
137
265
413
633
915
1235
1552
1842
2107
2341
2531
2660
2714
2697
2645
2554
2441
2359
2323
2341
2337
2223
2012
1791
1630
1556
1544
1538
1519
1465
1379
1244
1034
777
487
208
-28
-200
-311
-425
-565
-743
-947
-1108
-1220
-1272
-1244
-1144
-987
-806
-672
-621
-621
-673
-711
-696
-628
-499
-382
-308
-317
-380
-442
-471
-416
-297
-141
35
169
267
331
338
345
344
353
416
472
477
427
322
158
-43
-290
-555
-808
-1022
-1186
-1323
-1460
-1646
-1851
-2037
-2178
-2232
-2198
-2086
-1934
-1746
-1543
-1309
-1031
-753
-472
-253
-42
215
507
830
1054
1192
1251
1245
1253
1211
1162
1106
1069
1054
992
894
724
543
371
243
177
129
132
124
162
203
194
160
63
64
121
253
419
502
645
750
914
1029
1036
1061
1036
1195
1363
1467
1478
1270
1130
1005
991
985
841
751
645
681
710
668
583
408
402
430
457
398
171
-25
-242
-365
-516
-822
-1099
-1355
-1390
-1313
-1304
-1327
-1500
-1596
-1606
-1556
-1429
-1410
-1379
-1376
-1300
-1189
-1160
-1150
-1234
-1222
-1125
-946
-714
-569
-412
-266
-54
213
417
521
488
451
466
535
583
487
291
65
-76
-119
-164
-247
-372
-471
-430
-296
-140
-97
-212
-328
-345
-192
-25
49
45
7
118
288
484
615
643
702
815
1084
1333
1456
1454
1365
1396
1473
1546
1487
1304
1173
1064
1013
902
686
425
158
-3
-163
-376
-671
-986
-1193
-1338
-1479
-1685
-1899
-2041
-2061
-1992
-1969
-1965
-1956
-1880
-1682
-1418
-1118
-866
-614
-307
47
458
849
1206
1503
1746
1994
2223
2439
2586
2651
2674
2675
2690
2664
2577
2436
2277
2193
2121
2003
1794
1520
1260
1016
749
414
30
-377
-743
-1038
-1369
-1768
-2229
-2677
-2980
-3144
-3251
-3375
-3526
-3623
-3595
-3479
-3349
-3229
-3107
-2971
-2746
-2411
-2070
-1762
-1505
-1302
-1047
-722
-367
-11
281
528
793
1076
1374
1687
1931
2063
2145
2216
2307
2436
2494
2441
2314
2127
1958
1825
1678
1513
1339
1127
920
757
577
405
262
114
-38
-184
-302
-354
-361
-387
-459
-570
-696
-776
-774
-703
-583
-478
-416
-350
-225
-59
89
163
172
200
322
538
751
841
786
657
569
568
567
485
329
200
197
268
258
75
-219
-491
-618
-608
-568
-559
-581
-624
-651
-650
-664
-701
-736
-749
-692
-557
-415
-325
-322
-379
-425
-395
-312
-238
-168
-76
40
147
188
168
126
136
218
300
313
265
237
233
219
111
-142
-421
-606
-607
-514
-456
-475
-610
-752
-854
-888
-851
-787
-662
-536
-380
-186
-60
13
-18
-91
-86
-1
235
496
714
882
920
932
917
910
961
1016
1108
1169
1244
1301
1205
1080
879
675
557
462
465
433
418
385
256
234
171
115
60
23
156
259
431
550
524
441
220
56
-114
-130
50
89
32
-163
-357
-425
-433
-372
-423
-515
-613
-714
-683
-552
-406
-464
-725
-1025
-1250
-1305
-1310
-1309
-1377
-1538
-1691
-1866
-2014
-2094
-2098
-2089
-2063
-1914
-1745
-1568
-1394
-1287
-1153
-982
-725
-405
-79
243
527
806
1074
1362
1642
1840
1989
2125
2306
2526
2756
2956
3041
3006
2882
2739
2629
2555
2485
2368
2222
2005
1757
1499
1195
880
555
243
-12
-217
-404
-576
-769
-955
-1120
-1324
-1489
-1619
-1696
-1670
-1600
-1494
-1420
-1429
-1449
-1465
-1414
-1256
-1056
-841
-660
-532
-413
-293
-155
-5
93
154
237
312
419
576
688
700
592
442
348
305
351
400
331
204
23
-132
-229
-312
-386
-538
-721
-877
-1000
-1057
-1096
-1185
-1326
-1509
-1670
-1746
-1755
-1693
-1632
-1606
-1581
-1557
-1477
-1368
-1244
-1091
-947
-766
-544
-261
68
349
579
721
840
1020
1227
1509
1795
2033
2242
2331
2399
2472
2516
2616
2658
2672
2695
2657
2669
2631
2536
2433
2212
1997
1761
1519
1375
1166
966
719
371
69
-265
-529
-724
-941
-1109
-1329
-1522
-1655
-1793
-1853
-1914
-1972
-1973
-1963
-1896
-1790
-1687
-1570
-1489
-1398
-1244
-1089
-925
-807
-728
-617
-512
-368
-266
-217
-176
-179
-151
-92
-31
21
17
-41
-127
-185
-195
-206
-244
-314
-402
-456
-489
-528
-598
-686
-764
-827
-812
-781
-747
-712
-690
-598
-501
-335
-161
-35
96
131
258
419
591
821
918
1043
1109
1171
1296
1346
1454
1451
1461
1499
1478
1586
1593
1625
1601
1502
1496
1389
1395
1324
1226
1158
967
869
666
555
465
319
260
50
-85
-295
-495
-621
-832
-914
-1075
-1160
-1216
-1295
-1277
-1371
-1384
-1433
-1460
-1403
-1378
-1231
-1135
-992
-821
-702
-497
-371
-217
-70
13
161
263
402
513
559
617
597
590
573
532
518
472
453
390
321
243
113
49
-70
-160
-241
-348
-398
-501
-591
-709
-858
-1013
-1130
-1243
-1311
-1286
-1313
-1247
-1263
-1295
-1257
-1301
-1195
-1129
-1017
-830
-665
-432
-256
-67
85
267
426
595
823
1015
1315
1522
1725
1892
1947
2085
2103
2173
2241
2260
2338
2308
2284
2193
2071
1902
1689
1499
1267
1150
986
847
692
435
252
-70
-316
-569
-824
-933
-1094
-1132
-1201
-1264
-1306
-1405
-1451
-1523
-1509
-1484
-1375
-1245
-1139
-986
-928
-797
-716
-630
-506
-467
-343
-264
-155
-53
-28
-12
-64
-97
-167
-220
-273
-312
-308
-371
-431
-553
-678
-772
-892
-965
-1010
-1000
-938
-910
-909
-911
-955
-951
-956
-906
-749
-592
-333
-157
9
147
202
340
426
625
852
1095
1349
1479
1618
1631
1664
1632
1573
1580
1545
1624
1595
1557
1452
1275
1164
938
820
667
588
600
539
530
395
291
156
10
-69
-162
-137
-150
-135
-177
-256
-280
-374
-404
-490
-518
-468
-449
-362
-374
-373
-344
-330
-282
-283
-247
-166
-69
18
59
65
75
63
31
7
-55
-94
-162
-252
-344
-465
-560
-687
-838
-994
-1126
-1183
-1226
-1266
-1335
-1396
-1377
-1337
-1246
-1128
-1022
-849
-720
-572
-393
-229
10
143
271
390
474
637
685
782
835
843
926
884
912
909
862
892
809
790
779
748
806
765
728
683
571
537
455
382
324
184
97
-23
-133
-211
-357
-451
-562
-640
-613
-597
-518
-456
-436
-373
-327
-230
-111
-3
166
313
493
682
805
868
801
689
620
627
711
795
813
735
597
437
284
123
-69
-270
-426
-456
-379
-265
-232
-346
-588
-857
-1028
-1068
-987
-873
-772
-688
-633
-567
-552
-599
-696
-810
-823
-727
-508
-248
-84
-29
-100
-201
-258
-234
-119
-7
79
162
225
316
410
437
376
244
157
160
276
455
589
648
638
592
584
595
629
661
673
742
818
919
991
943
846
690
570
526
479
476
390
257
132
-39
-131
-246
-363
-450
-601
-662
-738
-809
-819
-908
-923
-917
-898
-798
-789
-752
-731
-747
-651
-582
-468
-367
-358
-309
-296
-247
-174
-162
-149
-204
-237
-227
-218
-149
-120
-70
-16
21
92
95
114
129
137
223
297
399
443
416
398
313
269
224
171
187
159
157
158
147
175
157
172
183
168
192
197
261
341
387
406
381
359
323
301
317
322
302
251
197
162
130
97
78
73
76
84
89
89
63
28
-17
-39
-18
0
12
-5
-31
-46
-83
-116
-146
-163
-183
-211
-214
-210
-205
-220
-258
-287
-311
-308
-287
-249
-195
-159
-142
-134
-137
-155
-188
-200
-166
-108
-39
4
16
0
-77
-168
-226
-242
-197
-154
-104
-43
-32
-45
-97
-160
-208
-248
-219
-151
-71
-6
16
23
8
-37
-91
-145
-153
-119
-41
72
152
198
184
140
108
97
139
189
267
368
448
501
515
483
422
358
331
369
425
468
495
479
444
394
335
270
195
146
136
156
195
212
188
129
58
-10
-61
-84
-95
-96
-85
-77
-97
-165
-253
-337
-402
-420
-418
-429
-443
-456
-458
-463
-493
-536
-562
-531
-450
-344
-250
-208
-191
-180
-148
-104
-64
-13
36
99
159
193
198
170
140
113
96
102
122
146
170
170
142
83
-1
-76
-118
-111
-65
-35
-45
-90
-137
-163
-178
-188
-201
-197
-151
-78
-1
47
65
91
146
205
258
278
272
285
350
459
540
545
470
389
367
398
451
468
429
375
321
288
250
184
116
67
54
61
52
-5
-92
-169
-225
-236
-236
-258
-284
-320
-339
-345
-369
-400
-445
-489
-506
-500
-483
-466
-462
-447
-431
-420
-404
-388
-365
-315
-243
-175
-125
-90
-71
-59
-39
-23
3
17
26
41
52
76
86
90
85
73
73
81
111
151
185
217
232
228
207
177
171
202
263
331
377
382
352
312
279
276
299
338
378
411
436
433
424
415
390
357
315
265
242
240
252
270
261
218
137
30
-63
-124
-144
-138
-134
-140
-183
-243
-289
-323
-327
-328
-324
-319
-317
-290
-266
-246
-236
-248
-265
-299
-326
-333
-338
-337
-339
-344
-356
-386
-403
-421
-450
-471
-487
-474
-437
-381
-313
-269
-236
-217
-200
-170
-117
-33
41
126
189
246
309
334
367
378
388
414
437
471
490
493
473
435
398
360
354
362
368
373
344
306
265
233
228
221
230
235
225
213
169
131
86
38
12
-12
-20
-30
-42
-58
-106
-152
-205
-242
-248
-247
-215
-194
-189
-179
-204
-216
-216
-216
-183
-166
-132
-105
-90
-66
-71
-66
-75
-76
-55
-33
5
20
27
34
23
34
30
19
26
25
42
59
73
83
71
59
29
4
-9
-10
-1
-7
4
-6
-29
-45
-80
-81
-94
-101
-92
-102
-90
-92
-81
-73
-85
-77
-104
-106
-110
-115
-90
-100
-81
-79
-85
-73
-97
-87
-86
-83
-63
-51
-13
6
29
57
66
93
110
149
186
209
238
247
258
248
246
256
252
266
266
276
284
263
247
214
191
179
162
154
124
108
96
76
59
26
2
-34
-70
-89
-104
-113
-144
-169
-194
-218
-213
-224
-245
-270
-290
-280
-269
-254
-242
-232
-235
-248
-237
-223
-190
-166
-160
-137
-114
-89
-73
-72
-72
-67
-43
-2
49
96
118
115
88
59
54
60
81
117
139
161
176
170
146
99
44
3
-12
8
57
85
87
62
23
-8
-27
-34
-17
15
40
60
75
92
103
99
102
109
123
148
167
181
176
164
144
114
99
88
83
89
77
47
8
-29
-52
-74
-74
-75
-95
-110
-131
-153
-189
-217
-233
-248
-242
-228
-194
-149
-118
-100
-106
-119
-131
-125
-111
-78
-25
33
92
152
195
206
203
189
177
177
196
240
278
315
352
360
333
280
200
118
58
21
13
19
30
26
-15
-92
-195
-294
-378
-445
-484
-480
-450
-420
-409
-427
-469
-526
-580
-614
-616
-572
-487
-385
-278
-192
-142
-112
-90
-70
-30
43
149
281
417
536
628
668
667
653
632
628
646
670
702
720
718
690
631
549
453
360
288
229
169
117
55
-13
-90
-166
-230
-274
-295
-314
-328
-368
-435
-496
-557
-601
-604
-578
-522
-458
-402
-361
-359
-384
-416
-429
-413
-347
-236
-103
21
110
155
156
125
90
77
105
171
265
356
413
424
378
298
209
120
63
52
80
126
169
184
161
105
21
-62
-119
-136
-102
-36
34
92
124
115
80
32
-10
-33
-27
11
73
133
165
170
144
93
29
-23
-46
-30
18
76
123
144
132
88
33
-15
-34
-32
-7
28
50
57
37
-10
-73
-131
-171
-186
-189
-186
-191
-212
-234
-267
-303
-334
-358
-361
-357
-354
-352
-346
-340
-338
-327
-310
-275
-237
-199
-150
-111
-78
-55
-29
6
56
112
183
259
315
348
349
329
298
276
271
291
335
371
388
374
335
268
189
130
99
109
130
164
194
193
179
134
76
33
21
49
100
156
200
222
206
164
108
63
54
67
91
116
139
156
139
94
32
-12
-36
-46
-38
-33
-4
23
18
-11
-64
-119
-167
-209
-231
-226
-199
-165
-153
-171
-212
-267
-328
-382
-406
-394
-360
-318
-282
-262
-259
-273
-309
-340
-349
-329
-287
-238
-185
-136
-104
-94
-96
-107
-104
-80
-42
13
71
110
135
140
134
127
123
135
155
182
215
234
243
230
207
191
180
175
184
187
178
161
136
109
73
46
31
33
44
41
42
37
28
25
20
24
33
49
77
111
140
168
180
178
176
172
179
196
222
238
238
231
215
191
165
137
110
95
88
87
76
55
27
-12
-54
-94
-123
-137
-145
-142
-145
-162
-177
-205
-235
-262
-286
-300
-302
-294
-279
-271
-276
-277
-275
-276
-267
-248
-226
-202
-166
-132
-115
-109
-109
-103
-101
-92
-75
-60
-39
-26
-23
-30
-49
-64
-58
-34
-3
34
73
96
107
107
111
123
145
184
223
253
271
272
250
207
156
116
89
77
75
78
80
75
68
52
42
41
44
73
112
149
186
206
212
201
183
168
151
146
146
139
125
97
63
24
-20
-58
-76
-82
-76
-77
-87
-100
-120
-151
-177
-194
-206
-205
-194
-177
-158
-149
-152
-168
-193
-212
-223
-215
-180
-141
-107
-82
-71
-83
-113
-136
-150
-144
-115
-73
-15
41
93
130
135
133
123
118
127
141
177
209
242
267
261
243
208
182
165
147
143
139
135
132
121
108
94
92
81
70
67
45
15
-21
-70
-108
-132
-134
-117
-99
-77
-68
-80
-101
-129
-162
-191
-196
-161
-119
-63
-17
0
1
-23
-56
-91
-118
-115
-91
-46
5
42
55
29
-11
-55
-101
-118
-111
-78
-33
3
23
17
-9
-40
-68
-83
-77
-51
-13
27
59
74
68
50
23
-1
-20
-24
-6
16
41
54
55
57
49
43
45
50
63
73
91
101
97
84
61
50
41
45
51
41
31
10
-21
-49
-75
-89
-86
-80
-68
-47
-20
-2
0
-7
-13
-15
-8
17
49
81
112
129
130
118
94
70
46
34
27
20
24
32
35
26
7
-6
-17
-22
-17
-6
10
15
21
21
13
7
-8
-18
-25
-30
-27
-39
-55
-73
-89
-101
-115
-120
-112
-107
-108
-110
-111
-114
-110
-102
-101
-91
-82
-75
-59
-55
-43
-39
-46
-37
-38
-29
-23
-13
9
16
30
31
33
38
32
38
40
47
61
59
67
59
53
48
26
24
13
15
31
29
47
49
45
42
24
20
14
21
47
69
85
93
93
80
66
54
46
46
56
68
90
103
98
86
63
46
29
19
24
37
58
69
72
67
38
8
-19
-41
-41
-17
3
16
19
3
-24
-51
-76
-103
-113
-114
-106
-94
-77
-67
-79
-101
-119
-127
-121
-107
-91
-72
-60
-51
-39
-33
-16
2
12
21
21
24
27
18
4
-20
-33
-30
-19
-4
7
13
0
-17
-38
-58
-61
-55
-28
-5
15
32
35
29
11
-5
-18
-24
-20
-2
24
39
46
43
28
10
-6
-16
-17
-8
3
23
48
67
72
70
65
63
68
84
106
126
135
137
128
114
99
85
75
64
59
51
41
33
14
-6
-25
-39
-42
-38
-31
-30
-27
-25
-22
-23
-25
-23
-24
-18
-10
2
5
-2
-11
-28
-43
-60
-71
-73
-64
-45
-38
-42
-58
-76
-99
-118
-124
-123
-103
-79
-54
-42
-42
-46
-63
-74
-77
-73
-57
-41
-16
4
20
30
27
23
18
12
14
30
45
60
71
67
59
39
19
5
-7
-11
-13
-10
-2
-2
-9
-13
-16
-14
-8
2
15
34
53
64
73
71
70
73
69
74
74
75
76
70
69
54
34
29
25
18
12
8
-2
-12
-14
-10
-13
-9
0
-3
-10
-12
-13
-10
-6
-3
1
5
8
11
11
13
14
6
-10
-27
-36
-34
-29
-28
-27
-35
-45
-52
-63
-70
-74
-70
-58
-50
-38
-25
-24
-18
-22
-29
-32
-37
-40
-38
-34
-39
-43
-45
-48
-49
-51
-47
-39
-36
-21
-11
-11
-3
1
16
32
44
63
74
88
94
85
77
72
73
68
58
59
63
58
51
47
43
39
36
32
32
42
47
56
60
56
52
39
32
24
18
9
6
8
8
5
-3
-14
-26
-42
-60
-72
-77
-77
-78
-67
-59
-61
-63
-67
-73
-85
-92
-81
-69
-59
-45
-38
-30
-21
-17
-16
-10
3
20
31
45
53
57
62
65
73
68
65
62
51
42
32
24
22
15
6
-6
-21
-27
-32
-37
-39
-41
-32
-18
-7
-2
4
5
-1
0
-1
2
11
19
28
30
36
44
41
35
26
13
3
-7
-10
-8
-19
-23
-19
-16
-11
-7
-13
-24
-30
-27
-18
-3
10
12
11
3
7
18
6
-5
-21
-32
-32
-27
-12
0
2
-3
-11
-25
-27
-30
-37
-35
-29
-17
0
8
9
3
-6
-11
-12
-16
-20
-15
-8
11
26
27
31
30
22
23
22
24
28
25
26
23
21
24
29
39
40
40
37
30
22
13
7
6
11
16
24
31
30
24
21
8
-6
-16
-25
-19
-13
-4
3
9
13
5
-10
-26
-37
-46
-48
-45
-41
-32
-25
-23
-19
-14
-16
-17
-23
-35
-38
-39
-36
-30
-26
-24
-28
-27
-28
-27
-23
-20
-20
-18
-17
-17
-10
-4
7
11
10
18
14
14
16
15
22
24
32
40
43
38
30
28
23
23
29
37
52
59
57
45
30
26
22
20
19
23
22
23
25
19
16
12
11
8
5
5
4
4
12
15
10
9
12
2
-8
-11
-20
-23
-24
-28
-29
-29
-29
-30
-34
-39
-46
-44
-46
