64
65
61
56
62
62
70
78
83
82
80
77
70
63
46
24
8
-1
-7
-8
-5
-8
-10
-26
-41
-42
-51
-53
-53
-57
-55
-46
-34
-22
-8
1
-7
-19
-26
-24
-10
19
48
64
55
24
-5
-22
-23
-11
6
28
30
17
-3
-22
-21
-19
-16
-17
-25
-32
-44
-52
-43
-23
-15
-31
-58
-77
-79
-64
-32
11
44
49
8
-48
-90
-108
-85
-33
29
80
90
65
21
-7
-13
-12
-3
12
32
50
66
74
87
99
103
98
88
85
85
88
89
91
90
82
62
39
24
19
18
10
9
3
-22
-43
-56
-61
-58
-61
-75
-99
-116
-128
-142
-135
-118
-96
-80
-72
-76
-88
-95
-107
-110
-111
-108
-84
-49
-6
35
49
42
22
4
9
21
39
62
77
91
112
133
152
171
173
152
120
85
62
42
35
32
12
-9
-37
-54
-46
-23
15
59
97
112
99
62
12
-35
-63
-79
-79
-59
-32
-5
14
18
6
-12
-40
-77
-112
-138
-146
-141
-125
-103
-82
-68
-60
-49
-37
-23
-5
15
20
24
14
6
15
31
58
79
89
93
90
72
60
60
63
74
74
73
72
64
60
43
14
-14
-37
-51
-51
-41
-22
-15
-14
-17
-26
-22
-22
-27
-17
-17
-23
-27
-28
-31
-24
-13
-14
-11
-19
-22
-15
-6
2
3
7
8
5
7
7
4
9
10
8
6
6
9
5
-1
-7
-14
-24
-27
-15
-6
-6
-12
-25
-26
-25
-28
-29
-29
-25
-32
-46
-35
-12
12
29
30
21
8
-10
-23
-13
12
51
76
84
78
49
24
24
39
63
68
57
39
22
15
15
41
74
99
92
43
-11
-54
-68
-66
-32
24
57
53
13
-36
-80
-98
-96
-67
-14
31
41
9
-19
-41
-45
-32
-10
29
47
39
18
1
11
30
37
31
18
-12
-56
-87
-87
-63
-47
-56
-75
-90
-99
-112
-113
-91
-53
-18
-8
-18
-24
-34
-52
-60
-52
-23
11
40
68
82
83
74
56
44
30
25
22
24
42
56
57
60
62
50
30
12
11
26
51
63
50
30
7
-13
-23
-27
-15
-1
7
6
5
25
49
76
86
81
58
21
-10
-25
-13
13
31
41
36
12
-18
-41
-51
-50
-42
-24
-14
-15
-15
-12
-11
-13
-19
-24
-32
-45
-54
-67
-89
-101
-110
-118
-126
-127
-122
-107
-86
-66
-44
-24
-7
3
28
46
57
65
57
40
13
0
-4
3
13
26
40
35
37
37
35
43
45
50
55
63
67
67
55
34
27
33
45
59
75
86
85
67
31
-3
-22
-10
8
26
37
47
55
57
55
53
47
40
29
12
-18
-58
-88
-114
-118
-115
-110
-99
-85
-74
-66
-65
-73
-61
-50
-39
-20
-4
18
28
29
18
3
6
11
22
31
37
38
35
34
26
14
-3
-13
-30
-49
-60
-64
-51
-31
-12
-9
-24
-45
-61
-69
-72
-68
-56
-38
-25
-5
5
0
-10
-19
-17
-13
-1
11
38
71
88
96
88
79
66
64
71
74
77
65
46
22
5
1
7
29
53
57
52
48
50
57
69
74
65
48
16
-20
-41
-43
-28
-26
-26
-38
-66
-87
-94
-76
-59
-39
-22
-19
-16
-15
-12
-13
-10
-16
-25
-35
-32
-4
9
1
-10
-21
-20
-4
13
38
51
44
18
-23
-48
-74
-100
-120
-110
-68
-28
-15
-49
-82
-93
-107
-104
-91
-54
1
38
40
37
47
48
26
-11
-18
21
90
143
155
137
112
92
59
38
29
29
20
-12
-18
-4
15
17
13
24
37
62
66
64
49
23
31
44
88
113
93
53
-6
-17
-6
19
33
19
-2
-48
-64
-88
-109
-104
-114
-86
-38
18
64
65
27
-4
-60
-105
-119
-136
-106
-83
-48
-23
-39
-56
-117
-152
-145
-108
-42
-4
23
25
9
4
12
55
97
110
111
90
94
83
93
106
94
70
17
-3
-2
39
16
44
20
25
-10
-74
-19
-47
72
25
40
16
-54
-8
-87
-41
-57
-28
22
51
55
1
-30
-5
59
99
73
-9
-29
-42
5
24
9
38
29
39
-1
-64
-51
-67
-40
15
38
76
12
-53
-51
-65
-53
-68
-47
11
34
16
-13
-15
-12
-41
-80
-61
-20
16
9
-17
-24
-35
-48
-50
-20
14
24
16
8
18
-5
-2
3
-6
35
5
17
39
14
38
16
-1
-9
-34
-29
0
-20
-17
-2
-8
37
1
-28
-23
-44
-29
-22
0
89
129
116
134
81
69
48
-18
21
49
94
126
86
73
46
-18
-75
-82
-63
-34
-51
-97
-62
-52
-22
8
3
33
8
2
14
-3
3
19
36
34
-4
-58
-73
-103
-122
-126
-129
-86
-87
-84
-62
-52
-26
-58
-84
-71
-55
-22
22
74
119
128
97
86
88
77
70
27
-2
-11
-9
25
56
72
66
32
-18
-65
-69
-16
35
68
58
47
63
30
-6
-69
-90
-12
32
40
30
18
12
-15
-46
-9
26
26
15
4
58
75
59
92
138
159
104
17
-46
-69
-101
-82
17
84
83
-69
-207
-264
-247
-145
-94
-38
-26
-16
-27
-127
-201
-214
-94
3
-31
-43
57
144
-40
-356
-325
122
388
91
-445
-581
-156
201
126
-276
-528
-140
525
780
144
-887
-1012
0
1075
1043
-39
-738
-249
715
1101
478
-468
-626
103
1043
1170
222
-566
-294
703
1229
620
-305
-614
-265
195
320
170
52
82
222
355
147
-270
-523
-406
23
262
221
115
17
-80
-224
-225
-24
160
75
-190
-309
-211
-23
-26
-230
-442
-475
-261
-92
-118
-240
-226
-88
-147
-447
-719
-629
-266
27
56
-164
-376
-455
-371
-229
-199
-231
-185
-15
90
-14
-186
-188
94
458
620
493
237
84
90
194
308
394
491
575
592
518
372
227
128
59
38
140
344
470
385
195
135
228
233
14
-246
-278
-24
275
319
63
-254
-325
-154
-61
-197
-369
-280
39
208
-2
-370
-517
-336
-117
-116
-218
-212
-46
130
165
101
21
-42
-99
-164
-157
26
329
520
348
-122
-428
-281
142
367
201
-33
-17
137
70
-269
-478
-235
269
535
315
-130
-399
-348
-150
-77
-160
-224
-114
79
41
-269
-516
-371
41
220
-9
-299
-265
45
215
94
-58
-31
159
258
172
73
40
104
195
156
4
-140
-88
222
428
271
-62
-161
162
374
-4
-564
-592
61
666
527
-15
-272
-62
257
127
-363
-645
-341
485
1021
622
-328
-823
-281
586
673
-61
-681
-408
425
846
531
-31
-197
110
346
172
-239
-421
-133
336
587
370
-213
-623
-489
14
276
-107
-614
-591
-124
163
-173
-628
-604
-286
-103
-289
-568
-574
-422
-298
-307
-381
-294
-87
-12
-233
-603
-642
-205
283
456
381
371
478
411
164
93
381
807
953
717
378
141
91
215
388
502
454
275
128
23
-16
17
33
60
57
90
183
174
145
150
212
254
142
-17
-148
-311
-464
-494
-378
-230
-210
-240
-161
-89
-211
-426
-455
-179
148
212
31
-229
-316
-163
72
198
39
-181
-194
12
142
-1
-78
158
450
299
-258
-649
-588
-255
63
334
595
723
697
580
182
-509
-911
-508
259
481
88
-162
144
401
129
-337
-624
-453
207
862
900
-12
-1123
-1057
-157
235
-125
-654
-372
382
492
402
194
-72
119
460
688
-16
-1509
-1758
-427
697
606
-177
-348
330
506
170
-165
-337
126
619
1008
840
-274
-740
117
1823
2433
797
-808
-1507
-1534
-812
-257
354
790
488
441
-70
-1823
-3015
-2732
-839
1754
2336
1567
713
-738
-1332
-1129
-385
810
809
728
1214
1041
422
-13
12
382
334
-76
28
10
-377
-692
-847
-381
-8
-116
-139
-72
-325
-705
-621
-296
-87
-69
278
736
557
20
-157
281
527
531
658
1178
1617
268
-1389
-1035
589
1364
-19
-1475
-791
341
63
-900
-1705
-1371
178
1236
1075
-765
-2429
-1266
954
1752
572
-1073
-876
550
1137
574
-180
-545
-118
790
1112
664
-204
-464
185
458
166
-488
-990
-624
-196
-146
-75
-200
-571
-899
-749
47
32
-520
-45
618
1168
838
-75
336
308
-466
-606
-178
935
1125
453
366
91
-274
-443
-674
-255
618
1327
1829
1050
-909
-1698
-753
541
643
-311
-208
765
1246
591
-607
-654
-176
126
490
725
565
159
-133
-299
142
234
-459
-1127
-1009
-33
-44
-440
-339
-323
-43
-154
-1020
-1679
-1692
-830
1032
1467
303
-461
-1173
-863
-863
-1151
302
1250
2002
1896
223
-566
-935
-443
786
1151
1159
1425
1531
525
-674
-816
-474
-383
-358
22
447
588
100
-705
-929
-379
-196
-1209
-1637
-569
223
297
8
-348
-45
-420
-865
-420
-623
-497
221
1186
1669
248
-877
-777
-609
-374
128
1346
2721
2414
676
-352
-789
-850
-369
269
1476
1723
1472
1590
-171
-1877
-1835
-1024
213
225
410
1902
1865
-105
-1678
-1367
-542
-532
-279
798
1568
1224
1018
1037
113
-1116
-1859
-1008
922
1025
395
317
-281
-854
-1076
-929
-1551
-2202
-844
720
1115
175
-1340
-2134
-2280
-1584
-576
64
46
-49
724
932
-136
-1293
-1027
-133
-131
533
1370
1539
784
-303
184
114
-167
84
295
1279
1254
1590
1035
-1125
-868
136
1282
1230
178
948
1065
919
194
-730
-323
-891
-518
1059
1532
412
-1017
-42
426
-1208
-2071
-1191
447
246
-378
472
809
61
-1181
-1205
-173
-122
-243
317
849
786
318
52
-275
-819
-585
-142
-153
-137
-131
515
705
203
-101
-899
-450
469
290
397
597
904
205
-1082
-784
-69
-213
-524
202
669
379
180
-536
-710
-796
-654
266
277
460
453
319
615
-898
-1835
-770
317
907
-39
-510
451
365
-60
-706
-966
290
646
689
991
301
135
262
363
173
-767
-399
809
1153
471
-404
-244
-50
-438
-275
300
279
61
390
455
-67
-149
174
-55
-717
-341
693
547
116
219
357
275
-520
-889
-497
-134
387
563
534
230
-518
-885
-1016
-978
-426
415
698
237
-295
-670
-918
-1086
-899
-207
553
909
781
-35
-953
-885
-445
62
35
-2
1186
1649
916
-414
-1162
-469
-73
311
618
508
591
526
620
303
-499
-836
-712
-270
53
-12
206
769
611
1
-402
-600
-254
-94
-126
627
1086
877
767
316
-194
-802
-998
343
1435
1468
809
-281
-816
-987
-750
-327
-147
115
312
99
-201
-379
-814
-1006
-668
105
697
457
21
-341
-273
21
81
-247
-738
-245
517
824
696
-36
-179
253
347
-15
-812
-1080
-252
838
1649
1328
-102
-1303
-1690
-673
354
203
-49
7
769
1035
11
-1087
-1575
-1132
-266
728
1056
335
-268
-336
9
-116
-667
-752
-297
389
724
749
364
56
273
298
12
-370
-656
-251
760
1231
959
324
-87
-129
-156
208
97
-218
-8
457
1003
525
15
-296
-551
210
711
517
42
128
509
-28
-978
-1480
-1114
-566
-126
13
-125
-426
-1088
-1242
-1378
-1676
-1710
-1546
-742
-52
312
485
162
-259
-401
-13
378
359
349
892
1730
1604
935
735
1103
1664
1453
1079
1015
774
919
1368
1512
1076
188
-189
219
577
393
51
-1
219
673
705
-20
-396
-431
-492
-258
-119
-228
-654
-901
466
1639
516
-1051
-1872
-1744
-1305
-1262
-1304
-1258
-426
662
302
-1473
-2761
-3219
-2341
-872
-233
319
-8
-79
56
-1069
-1823
-1776
-765
769
1261
215
-555
108
744
879
19
-208
534
691
1435
1547
757
397
340
958
1342
1148
780
9
34
861
1054
807
444
509
1039
834
95
-737
-1019
-498
-335
-216
125
6
-344
-762
-1276
-1872
-2293
-1861
-890
-88
682
1280
1015
402
119
-151
124
797
1491
2511
2699
2153
1707
1167
902
520
142
674
990
660
693
586
116
-482
-772
-561
-1134
-1758
-1245
-208
395
-157
-858
-992
-684
-657
-1379
-1258
-602
-363
37
96
-404
-645
-445
-92
60
-118
31
142
-249
-403
-867
-1240
-61
943
342
-220
-408
-591
-447
-590
-697
-485
-404
80
472
-199
-724
-498
-324
-34
-15
-247
-20
141
51
-294
-402
38
186
185
173
232
262
-150
-203
9
224
561
485
480
493
164
226
608
630
293
66
144
426
494
694
805
129
-218
-83
440
691
140
165
279
434
650
451
552
929
1779
2128
1233
253
-247
180
1125
1874
2387
2113
1182
71
-983
-1512
-1569
-1042
21
564
-223
-1672
-2759
-3457
-3649
-3229
-2544
-2269
-2668
-2672
-2047
-1586
-1598
-1914
-2053
-1831
-1255
-62
1172
1564
1541
1313
1341
1682
1588
2011
2556
2399
2237
2197
2226
1953
1418
1080
1108
943
668
768
672
702
623
253
-275
-680
-534
-533
-486
-538
-432
-316
-476
-471
-738
-1050
-704
438
447
29
-428
-586
547
558
226
-795
-641
787
508
934
656
-385
-488
-593
-525
-169
100
363
176
-847
-1005
-963
-728
24
-205
-610
-698
-428
-285
-758
-1076
-719
-38
273
-438
-1066
-1004
-979
-357
-452
-839
-809
-1026
-809
-392
-12
-329
-350
-242
-405
-141
45
361
189
425
1449
2392
2943
2332
1242
295
86
836
2001
3105
3518
3154
1895
425
-801
-1587
-1233
-671
-21
694
340
-989
-2948
-4116
-3934
-3365
-2989
-2872
-2227
-1605
-1420
-1314
-1490
-1873
-1811
-764
463
1676
2631
2854
2868
2535
2201
2358
2897
3347
3330
3475
3764
3514
2713
2359
2637
2570
2185
1924
1723
1360
768
-107
-936
-1382
-1652
-1768
-1683
-1647
-2034
-2608
-3082
-3447
-3545
-3330
-2688
-1964
-1623
-1453
-1353
-1557
-2227
-2833
-2101
-583
375
634
249
534
871
229
-22
127
446
894
1153
1030
892
380
88
440
-405
-1380
-2075
-1726
248
1090
741
9
-350
5
-8
-446
-822
-946
-462
709
1246
1073
389
-814
-836
-312
-386
54
761
1250
1633
1190
620
613
959
1773
2276
1795
755
901
2787
4364
3628
1149
-710
-753
781
2204
2385
1555
312
-568
-1333
-2646
-4413
-5083
-3508
-812
57
-1930
-4867
-6954
-6739
-5084
-3452
-2381
-2266
-2378
-2064
-961
-508
-1213
-1259
410
3147
4858
5070
4511
4182
3878
3348
3704
4434
5207
5903
6059
5316
3696
2473
2502
3230
3199
2370
1733
1508
1205
368
-858
-2463
-3821
-4145
-3387
-2322
-2090
-2788
-3669
-4325
-4711
-4869
-4888
-4288
-3100
-1627
-230
-102
-1548
-3450
-4116
-2806
-475
1676
2643
2378
1819
858
-231
-529
-140
799
1909
2422
2165
1502
627
-79
-481
-874
-806
-277
542
1250
1009
-57
-1105
-1477
-1397
-886
-212
364
805
690
560
246
-282
-373
134
1372
2081
1737
952
286
474
1416
2403
2613
1913
1518
2589
4064
3907
1791
-295
-303
1083
1828
1315
36
-1001
-1528
-2382
-3665
-5288
-6310
-5304
-3100
-1858
-3306
-6684
-8890
-8187
-5764
-3738
-2996
-3124
-3077
-2771
-2388
-1801
-1236
-128
1673
3539
4876
5348
5328
5499
5884
6018
6397
7370
8480
8730
7638
6299
5265
4530
4125
4019
4134
4272
3948
3166
2565
1390
-429
-2200
-3543
-3323
-1953
-1173
-1656
-3546
-5910
-7044
-7293
-7256
-6756
-5974
-4130
-1867
-1226
-2407
-4937
-6816
-5935
-3160
165
2497
2493
1133
-376
-1189
-687
513
1949
3203
3628
3112
1833
488
-126
8
556
1307
1573
1120
343
-660
-1333
-1245
-532
290
710
242
-582
-702
-525
-435
-665
-717
62
902
1017
630
390
605
1579
2483
2661
2855
3184
3946
4239
2340
98
477
3177
5251
4253
861
-1520
-1738
-1591
-1844
-3082
-4667
-4715
-3468
-2426
-3805
-7900
-10737
-9522
-6260
-3918
-3429
-4163
-4820
-5616
-6207
-4862
-2289
326
2451
3421
3388
2521
2003
3229
5204
6559
7472
8294
8827
8556
7126
5975
5984
6020
6449
7263
7288
6107
4168
3652
4404
4097
2071
-732
-2267
-1925
-1077
-807
-920
-2239
-4433
-5926
-7094
-7610
-7438
-5898
-2946
-1636
-3076
-6233
-8610
-7805
-5016
-2301
-304
91
-1249
-2603
-2966
-2219
-942
432
2080
3078
2932
1799
496
297
870
1631
2914
4203
3868
1819
-210
-1108
-594
918
2048
2143
1468
137
-1092
-1267
-883
22
1323
1945
1510
142
-261
494
968
1277
1266
1956
3649
4045
1926
-1229
-2505
-475
3195
4622
2845
163
-1628
-2682
-3787
-3858
-3337
-2411
-1284
-1686
-3963
-7755
-10666
-9573
-5257
-2203
-2230
-3551
-4839
-5674
-5822
-3955
-506
2144
2691
1856
1399
1546
2111
3447
5916
7821
8193
8165
7614
6451
5150
5173
6612
7513
7223
5898
4115
2407
926
1678
4621
5175
1824
-2533
-4348
-2457
-21
688
598
-824
-3108
-5125
-6793
-6328
-4981
-2887
332
459
-2642
-6187
-8140
-6365
-2826
-466
887
153
-2377
-4077
-3828
-1860
-76
1301
2189
1971
704
-996
-1445
-593
839
1642
1972
1808
260
-1250
-1779
-1438
-740
424
1613
1894
625
-1495
-2098
-1002
1127
2390
2440
2013
1450
1991
3649
4644
4687
5602
6028
4911
2083
-92
1887
5355
6149
3771
987
-253
-1229
-3212
-4621
-4623
-4514
-3437
-3093
-5347
-9740
-14539
-14491
-8861
-3528
-2768
-4970
-7898
-9898
-9600
-6752
-1723
2046
2189
466
-565
347
2124
4614
7906
10057
9799
8545
7466
6892
7436
8663
10166
10229
8273
5848
4490
3890
3016
4023
6031
5939
2525
-2818
-5053
-3476
-923
472
304
-1929
-4961
-7456
-8974
-7856
-6548
-4385
-1020
-793
-3427
-7033
-8946
-6116
-1987
671
1630
105
-1957
-3676
-2946
349
3188
4940
4431
2529
838
237
1254
3406
5362
5181
3451
947
-1162
-1637
-971
127
811
648
-736
-2564
-3512
-3570
-2705
-1745
-1045
-28
78
-647
-1441
-781
1209
4189
6377
5701
2708
-628
223
4723
7683
6002
3519
2409
2573
1350
-2260
-3121
-2376
-1840
-1302
-2747
-6066
-11135
-14331
-12050
-7525
-5751
-7098
-8893
-10365
-11277
-10859
-6769
-1102
942
-943
-2330
-2230
-250
2639
5755
9418
10155
8787
8072
8312
9609
11440
13492
14231
12840
10480
9622
9911
8571
8525
9920
10006
6212
79
-2936
-1041
1552
1086
-909
-3331
-6137
-8734
-10535
-10763
-9816
-8319
-5450
-4334
-7340
-11348
-12946
-10213
-5928
-3764
-3235
-3788
-4786
-5526
-3982
-554
1721
1612
1146
1616
2427
3657
4272
4627
5059
4970
4653
4756
4389
3392
3078
2465
1489
1152
1911
2537
1447
-1215
-3172
-2379
-733
336
57
-1196
-1115
1915
4164
3149
-1573
-5303
-1016
5691
7487
4152
128
-946
-26
-446
-368
1771
997
-1444
-2411
-3162
-4460
-7314
-8108
-4249
-1908
-4965
-9246
-10458
-8493
-6766
-5886
-4174
-3734
-5202
-5766
-3967
-1358
670
1401
2506
3818
3325
3771
5953
8193
9997
10228
9801
9125
8435
9338
11504
12241
10639
11539
12341
9768
5522
1603
3183
7572
7778
3766
-157
-4232
-6083
-6122
-6367
-5059
-6373
-8021
-7985
-10202
-12098
-11878
-10602
-7682
-7219
-9172
-9993
-10237
-8749
-7023
-4281
-1968
-3043
-4096
-3847
-1590
1533
3994
4275
3445
3484
3718
5074
6697
7520
7108
6224
4909
3404
3507
4353
4977
4783
3999
3171
2332
428
-808
-19
2683
6570
5829
551
-4675
-4906
148
4739
3920
707
240
41
-1424
-3760
-3799
-847
1045
883
-1223
-5110
-10079
-11863
-6588
-162
0
-5792
-10886
-11124
-8230
-4994
-2340
-1130
-3040
-6981
-7490
-3381
774
2936
2662
1859
1528
1939
3920
6324
7488
6813
6535
6504
6750
8120
8961
9585
8664
9122
10173
9046
6552
4006
5793
8924
8274
4183
1430
-77
-168
-143
-1020
-1258
-4057
-5302
-4828
-6548
-8294
-9696
-9660
-7502
-7850
-10497
-11068
-10267
-8705
-7547
-6032
-5061
-6910
-8012
-7034
-3878
-369
1405
186
-1830
-1655
161
3748
6152
6111
4609
2984
1894
3087
6611
9130
9145
6248
4379
5438
5440
4225
6130
9665
10695
5726
-1074
-482
5616
9414
6660
1319
-492
698
837
-961
-2315
-3628
-5149
-3972
-2186
-4263
-11071
-16268
-13319
-5803
-3029
-7578
-12766
-13490
-11949
-10482
-6720
-2223
-1849
-6088
-9123
-6365
108
4176
4070
3610
3522
3508
4670
6730
9472
11237
10613
8956
7956
7836
9256
11512
10958
11570
11130
7496
4601
2559
4738
9142
9280
4367
1235
-1370
-1956
-1578
-3027
-2258
-4697
-6544
-5428
-6358
-8319
-10093
-10469
-7455
-5990
-8650
-10689
-10768
-7698
-5135
-4250
-3468
-4699
-5589
-4662
-1865
286
1538
681
-1195
-85
1436
3170
3406
2829
2255
2091
2116
2253
3986
4009
3859
3436
2241
2184
2812
5597
9331
8323
1573
-2483
1486
9775
12616
6400
1479
1968
3343
3061
1474
1429
1515
137
-404
516
-1376
-7585
-10721
-6476
-1312
-3779
-10416
-12836
-10785
-8986
-9015
-7855
-5930
-6829
-10457
-10994
-6419
-2281
-1605
-3115
-3602
-2166
-295
1873
4730
6475
5915
5793
5456
6265
9081
11567
12451
11838
12803
12593
10992
8601
8030
11468
13901
12020
6817
4020
2755
3573
2758
1661
708
-5290
-6354
-4500
-4730
-6214
-9716
-11916
-10607
-10306
-11957
-12188
-10916
-8876
-10069
-11464
-10815
-10080
-7739
-5246
-3465
-2989
-3075
-3728
-3141
-359
2795
5319
4474
3248
2320
1504
3357
6328
8358
8480
6770
4314
3883
8059
10956
8608
3445
1895
6884
11268
9933
3936
1388
3617
5718
2991
-943
-81
-464
-2235
-1190
-399
-4105
-10908
-12990
-7152
-1263
-4287
-12330
-14274
-9975
-7182
-8631
-7970
-5133
-5490
-7578
-7124
-3230
-587
-746
-1209
556
2504
2998
3639
4642
6232
7004
6992
7294
7850
8064
9139
10302
9663
10286
10143
8413
7010
6929
9380
11022
7810
3323
2420
3325
4763
2849
-597
-2888
-4388
-3001
-1973
-4219
-7231
-9401
-9293
-7358
-7514
-9578
-10772
-10547
-9555
-8396
-7241
-6987
-8520
-9257
-7347
-4350
-2867
-3188
-4853
-4808
-2345
-236
333
-67
10
-89
-267
1261
4242
6703
5271
2920
4853
7210
7232
4299
4245
9229
13058
9601
4834
5986
8062
7846
4393
5350
8219
6023
2530
1210
1286
-1736
-5628
-5058
57
818
-7443
-13093
-10822
-6656
-6986
-10041
-9267
-7685
-9477
-12010
-9675
-5420
-3814
-6372
-8364
-5171
-1395
351
177
1095
2916
4129
4065
4853
7265
9146
10784
9649
10050
12177
12277
11474
10749
12538
14138
12947
9148
8730
9180
8549
6754
3387
3072
1246
170
-503
-2556
-5273
-8263
-9240
-8516
-8624
-10765
-11796
-11693
-11405
-12403
-13176
-11846
-11354
-11244
-10590
-9122
-7976
-7369
-6691
-5814
-3885
-3078
-2983
-3102
-876
2481
3688
2951
4469
7380
6887
4234
2816
7178
12883
12581
6842
5698
9143
10954
6521
2207
6108
8680
6868
3458
1814
756
-2295
-4436
-2026
2021
-606
-7725
-10966
-8023
-4511
-6551
-7804
-6252
-6306
-8597
-9758
-5952
-2291
-2657
-5735
-5719
-2835
-686
-801
-1159
1977
3633
1616
24
2098
5793
7623
6563
5211
7422
8835
8761
7744
7814
10373
10533
8923
8130
9480
8899
8486
6733
5159
5210
3320
4063
4406
3313
-67
-3357
-3130
-1973
-2506
-5016
-6052
-6088
-6808
-9158
-10488
-8584
-8494
-9185
-10095
-10118
-9128
-9641
-9868
-9156
-7434
-6723
-6224
-5927
-5840
-5283
-3183
-709
106
-1434
-1592
1235
4156
4197
3229
5391
7276
7710
4219
3009
5481
7633
8976
7779
5391
1968
548
1510
4504
5770
1875
-1139
-1483
-1292
-1299
-2221
-2003
-1970
-2779
-4591
-4699
-4144
-4675
-4545
-4626
-3098
-2991
-4664
-5912
-4515
-1502
6
-286
-1657
-1300
284
2114
3180
3013
5220
7813
6571
4663
5010
8068
10952
11008
8753
8370
9308
9107
8874
7491
8371
8046
4443
4335
5411
3404
852
-542
-1232
-266
-1229
-4513
-5584
-5492
-5414
-7195
-8610
-7927
-7638
-8629
-9505
-8670
-8941
-8683
-8424
-8856
-8708
-7267
-6398
-5833
-2847
-2803
-4993
-6035
-4011
819
3149
1851
-43
-887
993
3627
3170
2839
4097
4373
3931
3382
2646
1836
1432
2854
4839
3766
-115
-2631
-2309
543
2373
194
-2101
-2433
-2696
-2977
-1096
1410
1640
-1469
-3909
-1878
1156
2719
2183
498
78
609
362
1220
3380
3384
1434
140
1508
3414
4267
4548
3557
1887
2237
4303
5955
6819
5837
4490
3800
4000
4213
4393
5022
4810
2718
856
1821
2718
2111
421
-928
-1309
-1510
-1606
-2501
-2660
-2164
-3331
-5592
-5788
-4762
-3961
-3903
-5180
-5789
-5387
-4492
-4459
-4408
-3940
-3114
-2112
-2365
-3183
-3724
-3525
-2078
-1031
-1190
-1876
-664
-729
-1032
-820
-2176
-458
434
1542
1234
-403
-2214
-3353
-1183
352
1601
-1238
-4601
-3823
-2178
458
-110
-2385
-2987
-2391
-1255
-1120
831
738
-90
-1237
-1616
1731
3027
2981
1760
1853
3428
3691
4346
5367
6928
6539
5011
4766
6043
8418
8910
9062
7360
5733
5593
5529
6873
7981
7236
4593
3533
3506
3915
2375
738
-342
-1251
126
-185
-2227
-4916
-6436
-6406
-5768
-5075
-5599
-7237
-8915
-7855
-7156
-7487
-6140
-6459
-5866
-5435
-5536
-5465
-5394
-3942
-2884
-1586
-1326
53
923
835
1474
884
2091
4014
5393
4210
2453
4194
4454
4888
2299
876
2359
2219
2858
687
-372
-2224
-3279
-2915
-2190
-671
-5134
-8365
-7667
-5019
-3293
-6169
-7902
-8389
-5536
-4599
-5268
-3494
-3876
-2750
-3854
-3113
59
1575
1950
550
1949
2972
4062
4484
4510
6572
6862
7080
6509
7478
9701
10670
11214
9029
8491
8732
9555
10669
11985
11878
9134
7277
5684
7254
7084
5074
2734
1446
2616
2294
-600
-4559
-5303
-5647
-6459
-6509
-7471
-8970
-10148
-10538
-11459
-11194
-10053
-10655
-10818
-10767
-9441
-8423
-8428
-8545
-7777
-5645
-3921
-2018
-1280
-1908
-2285
-1464
1286
4768
5675
3453
2558
4381
6238
7732
5378
4223
4891
5620
7155
6801
5058
1767
1193
1722
3609
3626
-597
-3704
-4982
-2981
-1208
-2643
-5245
-7027
-6148
-6272
-6646
-6191
-5627
-4612
-5749
-6103
-5341
-3154
-2507
-3176
-1546
-746
-451
-585
508
3335
5022
4943
4061
4748
6214
8350
9641
8799
8872
8377
8819
10414
12322
12429
10937
9157
7985
9088
9094
9020
6899
4966
5243
4807
2369
-243
-817
-1596
-2461
-3939
-5880
-7362
-8355
-7996
-8959
-10031
-10104
-11315
-11303
-10914
-10171
-10455
-10823
-11063
-10398
-8266
-7246
-4250
-4770
-7070
-6690
-4422
-669
1555
2151
61
1220
2167
3393
5102
4106
5963
5511
5346
5841
5965
4070
2094
4037
4954
6257
3620
-604
-862
65
2586
1495
-1313
-2156
-2005
-1528
-2789
-1927
-2433
-3012
-3186
-4507
-3342
-2632
-2441
-3938
-3960
-2104
-1912
-1514
-1543
-24
963
823
1227
1064
3173
5098
6133
5926
5868
6902
7372
8854
9079
9744
8888
8017
8288
7971
8696
8284
6929
5134
5169
4191
3293
2859
945
-453
-2022
-2001
-2051
-3199
-5431
-6814
-7142
-7742
-6783
-7196
-8309
-8820
-10042
-10204
-9358
-8061
-8116
-8243
-7335
-7796
-6856
-5526
-4410
-4583
-4658
-2207
-925
74
-675
1093
1900
2649
4195
1437
2427
3878
5481
5909
4677
2742
431
2204
3967
5205
2994
-522
-300
-663
1154
1582
-783
-1494
-1483
-297
-1673
-1971
-1720
-1865
-1774
-2816
-1233
-1177
-1601
-2255
-3100
-639
279
-475
-1593
-375
1690
1457
1809
1901
3652
4332
4190
4535
4514
6059
6788
7276
7418
7737
7561
7332
7657
7248
6872
6135
5304
4843
5466
4681
2725
1420
-9
-518
-857
-1451
-1952
-2438
-4305
-6208
-6305
-6063
-5400
-6076
-7181
-7313
-8069
-8431
-7607
-7325
-7964
-7794
-6274
-5735
-4718
-4403
-5601
-4818
-3446
-1537
-1072
-414
-636
105
758
1163
2634
122
737
2358
3815
4379
2308
-234
-1260
2251
4462
4012
1378
-1502
-694
111
1524
2041
-56
-723
-1199
-399
-501
102
552
-470
-570
-1378
-119
142
-246
-407
-831
907
1064
-73
-852
101
1530
1370
1854
1758
2490
2385
1898
3310
4696
5133
4211
3311
3706
5670
7280
6378
4713
4236
4713
6162
4725
3433
3981
3554
3607
3040
786
-1134
-1022
-794
65
324
-2782
-5484
-5992
-4588
-2205
-3157
-6000
-7207
-7558
-6905
-4745
-4508
-6824
-8721
-8258
-6952
-4723
-3057
-4552
-6284
-7274
-4317
-1479
111
426
-869
-520
-850
1907
1672
1319
3225
3085
3983
2736
1938
589
1411
3986
3897
3185
334
-126
822
1250
3106
1586
280
-866
-1023
80
-517
916
190
-66
-559
-927
287
-257
648
-495
61
1646
808
134
-686
1528
2471
2186
1701
972
2330
2854
3390
2874
3082
4450
3989
4234
4034
3833
3747
3730
3680
1977
2570
2478
1971
2702
2546
1419
-820
-1804
-1286
186
-1
-1889
-3509
-4227
-3367
-3236
-4601
-4502
-3873
-4952
-5742
-5008
-4620
-4609
-4528
-4536
-4576
-4690
-4264
-3983
-2650
-1700
-2144
-3538
-3597
-186
1034
657
-665
-181
458
648
1890
-616
635
2403
3493
3293
875
102
-1178
567
1918
2592
1357
-1635
-1085
-1132
672
2356
892
-39
-1495
-153
-81
612
1881
892
1340
183
951
1249
1665
2822
2438
3443
2635
2221
2079
2720
4782
3849
3376
2753
2793
3090
3467
4344
3929
4467
2471
1058
1992
3446
3968
3124
1467
-443
-355
417
970
-789
-1417
-1789
-2842
-2919
-3440
-3888
-4915
-4682
-4622
-4906
-5426
-6010
-6178
-6889
-4682
-3753
-5679
-5730
-5427
-4285
-2814
-1349
-1625
-2901
-3264
-2582
-1
252
1755
2158
-940
-1760
-187
2294
3885
4089
1478
637
1627
2661
3609
1995
2192
2378
1386
1873
2298
614
-1070
135
929
1051
341
-1490
-1865
-1433
576
1538
24
-1105
-1151
-91
91
998
971
635
1025
-237
231
1851
3551
3193
1893
2307
2461
2634
2797
4262
5080
3755
2755
1788
2597
4093
4603
3628
1998
2762
2051
1617
2050
2183
2015
1307
1606
-243
-812
-597
254
-1674
-3402
-2290
-3576
-2771
-3003
-4439
-6040
-5952
-5079
-5442
-5751
-5763
-5486
-7174
-6474
-4471
-5543
-5954
-5517
-5801
-4910
-3079
-2905
-4296
-4468
-2853
-713
-818
259
2216
651
-761
1146
3821
5578
6832
4384
2611
4258
6422
7160
5152
4654
4675
4452
5056
5618
4098
1135
1306
1990
2469
1996
-446
-1480
-1588
-571
-466
-2030
-2891
-3270
-2360
-2618
-2556
-2463
-3084
-1952
-1947
-1514
-589
409
133
-1036
352
1689
2428
2273
2389
3199
2614
2991
3838
4493
4833
4196
4094
4328
5001
5054
4539
4372
4065
4141
3638
2960
2075
1316
1841
540
-1055
-1981
-2371
-1368
-2017
-4229
-6190
-6370
-6178
-5800
-5339
-6679
-7865
-8614
-8437
-7113
-6659
-6825
-7465
-8092
-8034
-6248
-4602
-4990
-5113
-5585
-5309
-3770
-2221
11
394
583
1099
923
1671
3538
6131
6012
5602
5092
6843
8987
9250
8246
4731
5550
7549
9228
8685
6310
3769
1645
3506
5375
5562
2708
-382
-1196
-1861
-521
70
-1319
-2815
-3885
-3190
-3295
-2491
-2473
-3396
-3563
-4087
-3467
-2880
-1466
-1392
-2180
-1483
-1255
-1360
-1606
-157
1533
1237
775
613
1365
2407
3359
3703
3244
3298
3179
3378
3721
4138
4567
3567
3329
3186
2734
2048
1366
1529
980
716
-201
-1846
-3032
-2834
-2701
-4074
-5001
-5494
-6237
-6527
-5735
-5585
-6840
-7862
-8506
-8278
-7579
-6301
-5247
-5701
-6325
-6256
-5011
-3802
-2132
-2456
-2783
-1552
-367
1672
3006
3746
2578
2375
4284
7255
8859
7286
7063
7071
7494
9147
9114
9142
8380
7803
7885
7469
6430
4194
4637
5106
4609
2617
-311
-175
-23
102
-100
-1582
-3131
-4652
-4172
-3618
-3522
-3930
-5007
-4613
-5251
-4991
-4189
-4281
-4836
-6211
-5232
-3461
-2934
-3688
-3936
-2818
-2520
-2008
-1351
-159
882
180
86
1012
2607
3484
3366
3277
3416
4077
4111
4115
4293
4484
4554
3354
2402
2343
2775
2994
2213
201
-1456
-1229
-1366
-1675
-1799
-2865
-4554
-5897
-6008
-5013
-4340
-5112
-6271
-7096
-7320
-5486
-4352
-4784
-4980
-5050
-4437
-3210
-1817
-1403
-1039
-1194
-319
1415
2532
4087
4775
3570
2488
3654
6321
9063
9550
7933
6893
7219
8145
9598
9319
8710
7971
7220
7197
6804
5827
4058
3808
3165
1961
-40
-1354
-670
-1095
-1855
-2638
-4490
-6332
-6616
-5314
-5131
-6191
-7964
-8887
-7879
-7467
-6606
-6714
-7521
-8076
-8223
-6885
-4951
-3902
-4900
-4939
-4022
-3322
-1820
-637
93
238
216
1061
2354
3691
4741
5690
5734
5080
5124
6107
7208
7313
6716
6011
5175
4400
4561
5016
4241
2352
307
-415
-70
-33
-1249
-3336
-4613
-4741
-4183
-4489
-4845
-5404
-6214
-6095
-6152
-5716
-4545
-3645
-4240
-4924
-3854
-2119
-1158
-974
-595
567
1096
1897
3044
3814
4606
5645
6089
4687
4954
6247
8556
9629
8447
6838
6341
7058
7603
7402
5903
5779
4629
4174
4775
4138
1398
-449
-276
-428
-792
-2680
-3852
-4801
-5660
-5282
-5542
-6917
-8260
-8582
-8224
-8174
-8602
-9419
-8655
-8031
-8165
-8065
-7699
-6732
-6842
-6325
-4669
-3476
-3289
-2905
-1459
-173
562
1193
1845
2868
3406
4264
5063
5975
6391
5576
6161
6999
7870
8140
7846
6798
5944
6047
6324
6519
5105
4047
3665
3303
2397
729
-585
-1280
-1023
-1117
-2278
-3495
-4341
-4416
-3632
-2914
-3692
-4848
-5270
-5036
-4051
-2939
-2518
-3281
-4358
-3867
-1437
130
625
-92
-792
-185
1322
2608
2922
3175
2573
2992
4582
5263
4746
3880
4106
4500
4772
5103
5120
4639
3337
3115
2852
2689
2332
1548
679
-831
-2541
-3920
-2863
-2276
-3592
-6065
-7417
-6997
-6890
-6871
-6700
-7484
-8605
-8486
-7278
-6107
-5703
-5923
-6057
-5441
-4867
-3313
-1743
-990
-1147
-1848
-797
1027
1970
2324
2519
2850
2850
3683
4896
5948
6250
5535
5417
5307
6319
7330
7386
6778
5955
5574
5664
6167
5631
4939
4429
3358
3083
2842
2836
2365
904
157
136
282
-405
-848
-1970
-2716
-2341
-2348
-2828
-3302
-3390
-3749
-3860
-3595
-3406
-3104
-2995
-2879
-3006
-3337
-2939
-2563
-2153
-1744
-1213
-1199
-1168
-1170
-1002
-405
-184
228
17
86
272
1331
1676
601
-49
228
1765
2117
1936
597
-104
-255
151
865
487
226
-1218
-1121
-732
-1056
-2665
-3752
-2512
-1804
-2141
-3697
-4310
-3771
-3482
-2339
-2212
-3223
-3513
-3174
-1969
-1551
-1286
-1107
-789
-981
-1093
607
1601
1539
501
-102
1226
2306
2442
2389
2562
2766
3236
4117
4676
5180
4542
3956
4452
5032
5841
6259
6033
5216
4875
5359
5845
5578
4758
4720
4444
3593
2868
2658
2535
1975
1400
601
330
30
-1002
-2116
-2422
-2418
-3140
-3922
-4404
-4442
-4307
-4448
-4821
-5514
-5675
-5237
-5211
-5516
-5488
-4977
-4481
-4398
-4576
-4399
-4151
-3993
-3981
-3552
-2684
-2091
-2282
-2719
-2172
-1215
-723
-332
387
112
-594
-301
1707
3093
3136
2298
1818
2252
2766
4107
3447
2565
1728
2326
4201
4342
2381
-205
346
1561
1744
589
-541
-998
-1870
-1700
-759
-909
-2165
-3044
-2418
-1751
-1809
-1788
-1693
-1633
-1885
-1703
-995
-275
-282
-536
165
1096
1601
2193
2927
3670
3809
3778
4410
5266
5948
6378
6067
5703
6275
7002
7221
6951
6082
5349
5647
5610
5340
4508
3866
3313
2274
2192
1659
380
-1179
-2044
-2619
-3152
-3413
-4606
-5932
-6955
-7257
-7621
-8480
-8229
-8068
-8782
-9576
-9875
-9463
-8878
-8497
-8885
-9140
-8520
-7577
-6971
-6357
-5050
-4206
-4022
-3329
-1955
-384
1021
1732
1525
1826
2898
3803
4483
5206
5961
5738
6239
7031
6710
6260
6487
7888
7676
6699
5750
5590
5522
5070
5344
4139
3420
2667
2529
3181
2057
-590
-2458
-1528
-389
-554
-2026
-3830
-4553
-5023
-4180
-2807
-3574
-4829
-5154
-4234
-3207
-2402
-1955
-2015
-1820
-1751
-584
852
1524
1561
1357
2093
3135
3983
4595
5009
4755
4013
4231
5157
5942
6208
6104
5513
4572
4049
4316
4455
3605
2745
1907
1231
713
218
-96
-1187
-2988
-4379
-4470
-4156
-4612
-6394
-8213
-8149
-7467
-7307
-7762
-8788
-9369
-8966
-8482
-8363
-8263
-7938
-7482
-7130
-6504
-5022
-3685
-3520
-3677
-2768
-1105
211
1014
1177
2094
3521
4346
4464
4568
5470
6347
6906
6790
6866
7065
7370
7500
6685
5940
5979
6521
6285
5671
4806
5108
4595
2671
1494
1822
3261
2994
1811
41
173
298
667
968
-436
-1211
-2171
-1384
-405
-946
-2730
-3157
-2243
-2431
-2589
-2816
-3192
-3246
-3744
-2659
-1814
-2398
-2513
-2416
-1645
-1724
-1349
-1115
-652
-202
-497
550
980
927
1022
1097
1556
1210
997
788
663
293
2
589
110
-543
-964
-896
-676
-1133
-1552
-1467
-1227
-1622
-1795
-1316
-1281
-1364
-2309
-2552
-1946
-1520
-1336
-1812
-1790
-1716
-1227
-1747
-1884
-1310
-842
-521
-1237
-1556
-1034
-340
-278
-557
-320
284
764
690
762
1542
1607
1286
1131
1834
3059
3633
3012
1984
1867
2854
4075
4038
3026
2224
2002
2286
2781
2889
2803
2340
1756
1595
1902
2065
1607
880
377
694
986
939
649
831
1370
701
-476
-1039
397
1412
1603
657
-160
-70
-16
1369
1101
371
-1320
-1726
-717
-516
-1051
-2637
-2710
-2868
-3205
-3211
-3855
-4421
-5216
-5123
-4053
-4458
-4913
-5428
-4720
-4083
-4392
-4152
-4513
-3961
-3615
-2759
-1755
-1735
-1606
-1728
-1142
-975
-708
474
1093
1372
1068
1391
2066
2637
2972
2801
2686
2530
3326
3950
4171
3948
3790
3762
3940
4482
4331
4430
3937
3579
3574
4159
4302
3551
2854
2116
2020
1566
1564
1478
783
-95
-725
-1064
-1347
-1089
-1082
-1458
-2056
-2927
-3054
-2268
-1525
-1732
-2452
-2933
-2773
-1843
-1001
-501
-1098
-1954
-1756
-798
78
658
831
348
132
195
670
1434
1604
1189
506
514
1018
1380
1302
680
146
-261
-151
61
88
51
-200
-593
-1132
-1250
-558
23
-382
-1589
-2355
-1771
-769
-86
-630
-1687
-2651
-2774
-1417
-1158
-2021
-3138
-3430
-2483
-2043
-2465
-3416
-3437
-3290
-3140
-2344
-2391
-2414
-2436
-1882
-743
-603
-852
-766
0
604
1270
2008
2088
2306
2508
3088
3993
3972
3608
3606
3822
4006
4441
4966
5231
5151
4460
4139
4458
4554
4359
4095
3571
3101
3204
3320
3119
2487
1799
1555
920
495
69
55
-102
-886
-1350
-2003
-1636
-1863
-2368
-2895
-3534
-3719
-4179
-3721
-3542
-3681
-4145
-4772
-4654
-4223
-3503
-3434
-4051
-4354
-4118
-3150
-2273
-1814
-1691
-1786
-1395
-914
-275
184
335
334
279
793
1472
2101
2224
1944
1772
1697
1819
1923
1788
1458
1199
1142
1212
1181
1188
929
403
-37
-308
-430
-573
-586
-573
-808
-1159
-1411
-1197
-806
-766
-817
-1174
-1093
-761
52
788
613
80
-147
847
1663
2027
1695
1503
1528
1734
2315
2340
2187
1699
2051
2683
2794
2321
1511
1508
1585
1652
1533
913
493
163
572
714
-65
-847
-1475
-1298
-1401
-1518
-1431
-1607
-1727
-2070
-2150
-2154
-2262
-2429
-2658
-2443
-2088
-1913
-1824
-1744
-1482
-1405
-1394
-1221
-953
-560
-219
8
258
716
1018
1201
1333
1526
1641
1616
1806
1845
2065
2231
2498
2384
1896
2002
1818
1801
1380
889
722
433
596
303
142
-266
-711
-749
-1129
-1083
-1436
-1616
-1559
-1757
-1596
-1876
-2106
-2462
-2632
-2359
-2212
-1817
-1885
-1973
-1921
-1755
-1230
-1093
-1159
-1364
-1206
-470
299
722
850
953
948
996
1170
1603
1806
1872
1913
2059
2353
2206
2231
2249
2411
2181
1610
1420
1269
1514
1607
1781
1461
778
561
491
676
404
-21
-577
-876
-643
-376
-46
-519
-1363
-1966
-1711
-1027
-1188
-1665
-2194
-1955
-1574
-1465
-1382
-1734
-1638
-1664
-1375
-1069
-1096
-1120
-1531
-1176
-671
-96
83
-203
-140
-144
240
411
485
548
534
914
1107
1398
1505
1416
1313
926
921
1123
1534
1662
1461
1430
1341
1309
1076
954
848
681
656
700
723
473
272
224
145
-170
-482
-546
-494
-572
-655
-685
-709
-599
-473
-314
-506
-762
-825
-751
-552
-513
-211
3
50
-12
-171
-158
-396
-391
-225
-95
-75
-286
-235
-213
-186
-237
-488
-794
-1055
-866
-446
-363
-708
-1080
-1023
-708
-505
-419
-568
-805
-908
-736
-398
-301
-250
-164
-62
-17
11
296
408
152
-126
-21
533
947
1095
1094
995
961
922
1100
1376
1552
1768
1805
1710
1451
1412
1663
1558
1138
676
590
710
636
400
107
-154
-469
-774
-823
-706
-715
-960
-1336
-1354
-999
-651
-716
-1166
-1535
-1581
-1282
-953
-770
-825
-969
-1076
-979
-698
-415
-334
-528
-643
-605
-302
-125
-69
27
113
284
285
323
312
352
403
398
477
541
758
860
865
644
402
299
229
332
413
634
548
288
148
158
297
82
-11
51
362
580
450
396
242
244
122
31
180
447
863
938
837
631
533
585
546
587
666
849
847
604
504
625
777
528
68
-78
156
406
227
-153
-385
-441
-433
-541
-606
-663
-767
-978
-1222
-1300
-1337
-1379
-1567
-1745
-1790
-1767
-1715
-1749
-1733
-1727
-1697
-1703
-1719
-1670
-1567
-1343
-1175
-1002
-914
-820
-756
-712
-565
-459
-327
-307
-127
195
502
584
352
252
411
853
1122
1146
1071
1127
1485
1826
2102
2067
1957
1884
2033
2409
2610
2622
2340
2253
2265
2223
2002
1625
1480
1407
1363
959
491
177
153
284
42
-285
-732
-784
-717
-656
-668
-938
-1018
-1254
-1185
-1096
-984
-910
-1131
-1131
-1185
-989
-943
-988
-956
-960
-709
-668
-569
-457
-251
-104
-294
-403
-309
167
455
457
379
409
586
580
585
578
637
515
299
288
408
484
115
-376
-696
-701
-553
-666
-967
-1363
-1532
-1474
-1330
-1240
-1399
-1647
-1908
-1930
-1726
-1489
-1361
-1367
-1280
-1117
-936
-833
-689
-464
-327
-310
-283
50
540
890
865
691
681
892
1345
1641
1713
1562
1498
1696
2022
2377
2511
2501
2248
2013
1947
1989
2067
1965
1856
1648
1384
1027
705
558
465
358
75
-198
-388
-411
-441
-630
-900
-1085
-986
-833
-769
-919
-1078
-1145
-1142
-1025
-831
-590
-581
-742
-832
-656
-363
-185
-108
-66
0
6
60
152
243
260
312
490
654
736
660
561
408
297
263
212
55
-213
-283
-236
-382
-963
-1693
-2040
-2025
-1932
-2079
-2319
-2411
-2386
-2285
-2262
-2289
-2368
-2463
-2397
-2153
-1741
-1330
-973
-676
-461
-236
-28
187
348
492
734
1056
1502
1953
2414
2739
2814
2787
2805
3081
3374
3472
3365
3215
3257
3331
3313
3144
2847
2505
2106
1807
1636
1484
1285
937
562
194
-111
-268
-389
-544
-884
-1322
-1713
-1970
-2010
-1943
-1902
-2067
-2323
-2386
-2158
-1816
-1715
-1895
-2166
-2239
-2009
-1630
-1279
-1121
-1097
-1103
-1011
-757
-418
-129
-27
-9
41
205
395
399
304
206
267
430
542
621
634
619
456
194
-20
-58
65
93
1
-118
-99
-23
-84
-264
-521
-742
-931
-1005
-848
-565
-348
-392
-566
-592
-391
-123
-27
-89
-148
-101
36
180
300
392
472
585
752
956
1055
971
778
638
705
926
1181
1318
1301
1227
1172
1189
1240
1263
1164
977
870
947
1134
1186
1038
800
634
559
413
198
23
44
209
341
326
136
-110
-341
-489
-574
-625
-679
-763
-748
-592
-397
-395
-671
-1005
-1183
-1152
-1094
-1116
-1166
-1157
-1021
-853
-716
-693
-790
-944
-1128
-1215
-1109
-778
-424
-296
-375
-490
-452
-366
-368
-461
-527
-474
-339
-60
317
645
670
301
-221
-576
-538
-219
120
321
395
439
418
262
-14
-287
-435
-427
-253
58
339
389
182
-33
1
248
447
395
179
59
211
611
1026
1277
1285
1134
991
944
978
960
881
877
1091
1415
1598
1512
1198
847
560
411
453
597
702
642
454
272
183
169
154
32
-241
-538
-709
-631
-364
-130
-90
-307
-608
-807
-877
-934
-1099
-1245
-1194
-922
-632
-560
-734
-1058
-1365
-1571
-1609
-1419
-1132
-925
-934
-1040
-1018
-877
-741
-768
-876
-874
-768
-601
-429
-222
26
219
314
325
333
324
322
419
617
863
1016
1069
1107
1125
1073
908
744
683
737
872
984
1066
1110
1105
1029
838
607
451
434
472
430
328
304
400
442
247
-61
-240
-219
-149
-158
-159
-69
75
86
-115
-356
-463
-407
-347
-365
-381
-290
-78
84
22
-243
-490
-514
-332
-130
-90
-196
-267
-211
-131
-146
-219
-265
-321
-374
-331
-177
-90
-188
-259
-145
56
112
-56
-256
-361
-390
-384
-329
-224
-149
-154
-247
-406
-563
-563
-350
-137
-186
-461
-646
-566
-382
-335
-432
-413
-143
195
326
219
124
143
200
237
305
431
526
538
484
431
435
516
651
697
564
401
412
541
548
371
207
224
317
353
352
313
213
66
21
168
332
392
388
381
310
92
-148
-223
-147
-59
-39
-54
-52
-21
45
179
283
221
3
-200
-212
-88
-7
-56
-180
-221
-126
9
62
24
-17
1
23
-29
-81
-75
-19
-1
-65
-184
-333
-442
-527
-554
-566
-586
-604
-665
-693
-668
-651
-739
-909
-1039
-1071
-1062
-1025
-1000
-986
-900
-721
-474
-457
-463
-265
70
223
-45
-144
3
153
158
344
780
983
858
718
904
957
933
921
1219
1544
1429
1389
1258
1475
1543
1359
1341
1074
1124
954
842
996
907
978
663
449
448
335
410
217
34
-193
-459
-413
-353
-303
-513
-747
-694
-562
-499
-669
-781
-807
-720
-572
-477
-533
-839
-947
-897
-664
-506
-446
-247
-322
-474
-708
-802
-724
-806
-784
-741
-614
-517
-537
-490
-588
-828
-992
-921
-647
-576
-775
-811
-631
-410
-361
-394
-259
-260
-387
-428
-205
222
413
424
361
350
369
375
510
672
830
914
1058
1266
1328
1245
1057
1003
1057
1149
1244
1219
1174
1100
1045
1034
1065
1164
1104
850
497
329
426
509
493
324
202
114
-28
-150
-279
-277
-292
-330
-345
-375
-384
-584
-816
-961
-979
-926
-928
-782
-614
-520
-610
-757
-605
-434
-410
-603
-743
-553
-412
-428
-512
-380
-92
-47
-256
-483
-481
-384
-322
-240
-80
79
53
-98
-244
-307
-285
-182
4
196
323
354
339
238
101
6
-49
-5
101
248
349
336
314
317
297
163
-16
-81
11
136
183
239
268
190
4
-164
-107
24
55
9
-15
100
220
259
240
176
96
-18
-91
-41
142
312
328
277
211
207
183
52
4
101
309
457
395
305
275
225
47
-183
-201
40
277
282
167
96
88
79
4
-22
14
51
101
173
226
157
-12
-133
-72
55
88
-21
-205
-266
-206
-147
-165
-250
-300
-328
-408
-568
-752
-833
-770
-629
-542
-561
-652
-736
-757
-733
-644
-511
-409
-399
-405
-279
-40
100
7
-156
-156
25
187
242
290
398
507
533
486
433
429
477
512
475
407
391
427
430
426
500
617
564
281
37
65
254
337
298
320
449
484
299
74
9
89
161
181
187
190
158
84
25
-19
-65
-74
-11
78
86
22
-13
1
-45
-169
-244
-179
-61
-42
-96
-146
-172
-211
-273
-266
-205
-214
-343
-509
-569
-501
-416
-426
-519
-601
-607
-579
-568
-537
-430
-297
-234
-248
-285
-313
-362
-426
-426
-327
-194
-82
72
285
443
443
343
322
427
551
595
572
574
623
670
663
614
588
642
756
837
799
646
483
400
361
280
105
-106
-259
-315
-326
-330
-299
-182
-21
44
-42
-221
-399
-575
-778
-924
-892
-697
-520
-466
-439
-313
-145
-90
-108
-57
92
201
181
91
27
-16
-134
-274
-296
-176
-21
85
222
436
623
679
599
519
508
474
372
265
239
279
285
268
293
355
362
253
126
67
62
17
-74
-118
-97
-100
-204
-341
-427
-465
-559
-739
-878
-896
-824
-745
-640
-487
-356
-335
-422
-453
-351
-217
-133
-80
-10
68
109
124
204
370
549
670
726
731
695
605
461
319
203
148
156
204
278
338
360
329
220
58
-120
-260
-319
-301
-244
-175
-102
-40
-1
-17
-45
-35
-2
33
57
115
230
334
390
389
369
352
320
300
312
339
349
339
325
330
324
269
171
63
-39
-96
-86
-18
72
133
147
108
25
-98
-247
-381
-467
-510
-531
-516
-493
-512
-605
-750
-881
-1032
-1214
-1363
-1420
-1383
-1336
-1293
-1213
-1072
-926
-864
-848
-800
-716
-646
-552
-352
-36
268
445
522
560
595
637
729
932
1200
1422
1528
1533
1485
1401
1314
1280
1338
1436
1476
1427
1335
1252
1154
1054
971
894
787
592
341
112
-57
-185
-283
-351
-400
-496
-686
-904
-1059
-1104
-1053
-920
-737
-580
-532
-607
-735
-861
-943
-970
-909
-762
-599
-467
-391
-346
-312
-289
-235
-127
11
117
186
248
314
363
354
298
225
168
153
207
323
438
509
517
473
403
309
216
133
70
17
-30
-68
-110
-177
-250
-289
-260
-176
-94
-45
-31
-53
-113
-199
-272
-323
-357
-374
-369
-301
-201
-131
-125
-155
-180
-184
-154
-78
10
44
25
-22
-28
18
62
107
134
132
87
22
-16
-2
81
201
329
411
396
314
228
211
266
344
388
356
238
81
-58
-152
-206
-226
-220
-179
-79
56
163
191
132
16
-110
-187
-165
-83
-17
-7
-48
-106
-129
-122
-96
-51
-5
37
94
166
217
210
129
10
-114
-203
-229
-182
-77
35
117
175
217
225
208
158
94
49
25
32
95
201
317
376
309
136
-77
-242
-283
-161
78
326
462
436
267
50
-123
-221
-244
-209
-154
-108
-77
-84
-102
-131
-176
-248
-333
-371
-337
-257
-195
-167
-153
-152
-182
-213
-192
-147
-132
-143
-129
-44
47
77
49
10
-19
-27
17
103
189
220
200
148
98
68
14
-46
-75
-67
-46
-48
-65
-95
-152
-230
-306
-351
-362
-352
-328
-260
-155
-40
17
-12
-102
-213
-275
-263
-159
1
174
312
378
396
378
370
392
425
455
470
475
470
448
427
416
405
384
327
258
233
280
401
535
637
667
598
475
326
221
185
185
203
211
219
187
102
2
-66
-89
-99
-109
-104
-100
-140
-240
-351
-427
-474
-534
-618
-684
-718
-729
-729
-683
-573
-466
-436
-490
-548
-593
-641
-680
-626
-467
-334
-297
-309
-283
-230
-234
-258
-222
-118
-46
-50
-56
-30
20
16
-25
-19
-3
-30
-72
-58
61
210
277
305
324
336
312
217
157
193
274
348
343
294
274
266
298
353
386
412
398
386
413
432
430
400
378
414
416
301
123
-18
8
145
260
352
364
322
258
147
48
-59
-143
-123
-18
140
245
230
163
84
11
-82
-234
-351
-358
-282
-151
-74
-60
-105
-260
-412
-512
-514
-459
-440
-403
-293
-162
-94
-146
-268
-339
-357
-360
-351
-335
-302
-286
-283
-268
-248
-249
-267
-250
-179
-54
45
79
84
95
179
310
420
451
377
266
147
67
47
69
116
187
250
283
283
211
127
71
73
125
166
199
212
224
205
111
-31
-167
-221
-192
-110
-9
82
134
112
54
13
16
6
-48
-94
-89
-28
27
56
82
94
102
114
140
157
132
55
-16
-18
23
72
72
42
6
-48
-93
-134
-142
-149
-182
-210
-217
-194
-170
-152
-128
-113
-139
-202
-248
-260
-253
-225
-163
-64
32
62
43
42
98
170
172
123
74
48
66
71
60
56
47
52
48
15
-33
-76
-104
-115
-106
-71
-33
-9
16
28
33
49
58
46
23
-21
-56
-64
-48
-6
38
99
161
193
185
139
119
133
170
195
180
143
109
97
74
35
-23
-55
-41
-6
54
101
123
139
138
136
123
82
48
9
-19
-48
-94
-112
-111
-86
-65
-73
-72
-66
-67
-74
-82
-85
-84
-95
-137
-175
-212
-215
-203
-229
-252
-249
-180
-89
-41
-23
-38
-44
-55
-80
-101
-89
-37
3
41
44
51
62
46
51
54
76
106
98
62
16
-6
-23
-33
-17
13
32
25
33
51
61
55
22
23
35
32
50
86
129
147
102
46
30
34
59
85
107
143
150
133
101
77
93
103
97
65
20
-21
-53
-80
-91
-74
-46
19
85
124
124
65
7
-31
-44
-28
1
38
80
113
108
93
67
44
17
-10
-16
-22
-17
-32
-67
-111
-153
-159
-132
-72
-18
8
-1
-55
-139
-216
-260
-273
-270
-259
-221
-178
-155
-148
-143
-143
-171
-204
-212
-176
-110
-53
-36
-67
-130
-202
-222
-177
-106
-53
-31
-47
-86
-102
-63
29
120
176
214
242
253
235
192
145
121
124
167
238
286
304
274
226
204
223
262
283
281
253
207
142
72
25
20
44
58
53
43
49
64
57
20
-19
-43
-72
-83
-77
-55
-38
-56
-92
-119
-126
-140
-161
-155
-90
16
92
98
36
-50
-117
-153
-138
-96
-21
35
38
25
28
79
115
94
5
-80
-117
-119
-102
-116
-101
-73
-56
-45
-67
-65
-69
-62
-51
-46
-6
28
34
-16
-66
-74
-58
-14
8
13
11
16
24
19
-8
-77
-149
-210
-228
-212
-174
-105
-49
-27
-57
-83
-89
-96
-107
-108
-65
0
73
134
169
186
157
103
54
54
106
162
188
193
226
257
276
280
271
272
240
213
209
238
312
349
333
284
247
228
193
117
53
60
112
185
225
223
178
91
-8
-66
-38
24
28
-51
-134
-163
-136
-111
-132
-184
-262
-342
-401
-387
-304
-240
-250
-335
-386
-365
-327
-311
-340
-361
-341
-317
-311
-316
-304
-290
-295
-287
-219
-93
-10
-30
-131
-217
-235
-205
-144
-55
52
129
143
92
21
-35
-72
-71
-23
74
159
175
142
110
104
123
140
144
138
108
73
66
106
207
313
393
415
365
257
141
61
70
170
299
414
471
477
416
304
209
166
185
230
274
322
356
353
325
309
337
366
366
323
246
180
152
168
210
242
220
145
51
-27
-69
-83
-105
-146
-205
-285
-369
-433
-497
-550
-596
-626
-613
-615
-645
-710
-800
-866
-907
-920
-894
-846
-762
-653
-584
-548
-580
-661
-721
-738
-672
-530
-360
-197
-95
-77
-102
-126
-105
-36
47
131
217
301
380
458
528
580
627
656
694
754
814
887
941
969
987
988
999
1006
985
959
916
880
871
850
825
780
711
637
532
423
341
280
211
124
24
-73
-147
-202
-248
-317
-392
-465
-526
-541
-522
-485
-466
-486
-546
-636
-708
-730
-686
-588
-459
-359
-314
-321
-372
-426
-470
-479
-444
-375
-301
-249
-233
-251
-283
-315
-334
-337
-324
-313
-296
-264
-225
-190
-163
-144
-135
-135
-136
-121
-76
-29
9
36
41
36
30
36
79
166
261
308
305
290
301
328
357
413
482
525
517
471
445
456
485
511
537
561
546
490
434
403
404
409
385
341
297
253
198
145
125
124
113
57
-22
-99
-167
-212
-229
-210
-165
-136
-149
-178
-205
-239
-281
-304
-280
-254
-254
-277
-303
-295
-298
-337
-366
-371
-358
-369
-407
-408
-370
-318
-276
-238
-202
-201
-251
-314
-311
-220
-88
26
93
111
71
14
-7
32
127
213
248
228
177
143
130
131
123
112
116
134
147
139
126
131
136
119
108
141
219
272
257
203
149
91
15
-25
11
97
139
100
45
-1
-38
-85
-112
-76
-11
10
-38
-71
-49
-2
13
-14
-32
-39
-41
-54
-39
14
57
56
2
-46
-58
-41
-30
-22
-12
-25
-65
-112
-116
-84
-54
-45
-53
-47
-44
-65
-87
-77
-35
3
11
-11
-25
-23
-24
-30
-24
15
55
70
51
18
3
7
20
36
46
36
25
15
18
26
35
56
79
101
104
94
82
92
114
131
135
103
69
27
4
-1
-6
5
0
-12
-42
-79
-109
-121
-111
-89
-53
-37
-33
-47
-72
-83
-68
-30
-2
17
14
10
0
-10
-4
3
16
5
-20
-44
-66
-75
-74
-65
-60
-74
-94
-97
-93
-90
-90
-95
-85
-71
-59
-64
-75
-78
-68
-51
-37
-28
-28
-35
-35
-25
-11
9
44
72
93
105
111
127
143
148
144
135
137
162
177
173
154
131
107
92
82
76
87
96
83
50
7
-14
-5
14
32
27
14
3
-9
-14
-24
-22
-12
-5
-9
-30
-39
-31
-10
7
12
9
-3
-7
-7
-9
-8
0
13
12
4
-5
-12
-16
-31
-43
-55
-81
-92
-94
-101
-103
-125
-154
-176
-183
-175
-161
-139
-122
-114
-125
-132
-134
-114
-88
-84
-84
-89
-85
-77
-57
-36
-24
-4
11
31
48
61
71
76
91
93
87
84
88
107
118
128
141
156
168
170
168
157
153
142
130
126
131
140
134
118
91
60
30
8
9
19
24
25
11
-2
-30
-66
-98
-101
-71
-45
-32
-44
-51
-52
-60
-66
-59
-13
39
56
36
14
0
-12
-27
-21
18
58
80
65
41
33
13
-14
-45
-58
-53
-64
-82
-87
-73
-67
-92
-141
-192
-218
-239
-245
-224
-190
-155
-169
-217
-260
-275
-255
-243
-229
-188
-139
-105
-109
-117
-102
-66
-44
-43
-27
16
70
111
137
178
222
237
206
154
135
158
202
250
294
337
373
381
359
322
294
277
271
273
291
302
302
294
280
262
215
157
102
60
25
-19
-56
-68
-41
-22
-47
-105
-178
-227
-277
-300
-277
-244
-199
-171
-163
-176
-211
-240
-250
-215
-162
-120
-95
-82
-66
-63
-72
-88
-82
-56
-30
-13
4
23
40
45
37
21
-17
-50
-73
-76
-57
-23
16
34
20
-27
-73
-102
-101
-82
-48
3
37
43
24
-8
-30
-27
-13
14
41
68
84
79
69
43
28
27
39
59
68
77
69
76
77
75
85
91
121
121
105
80
54
51
54
64
59
69
77
68
52
23
9
-3
1
24
38
54
41
18
-8
-34
-48
-42
-11
12
24
12
-26
-48
-69
-77
-81
-70
-45
-45
-56
-87
-104
-109
-113
-106
-91
-58
-44
-39
-42
-50
-42
-53
-57
-58
-49
-33
-26
-5
10
31
37
25
19
7
18
24
34
61
80
95
89
78
63
45
23
1
7
18
21
0
-33
-47
-62
-69
-75
-66
-51
-51
-47
-49
-34
-26
-29
-33
-34
-7
18
33
42
52
53
47
44
40
46
58
71
73
62
43
21
-1
-8
0
10
13
9
3
-3
-11
-8
-2
1
3
-1
-3
-3
4
12
21
33
33
26
17
7
-7
-10
1
24
40
46
42
26
13
-7
-22
-22
-21
-20
-8
8
13
11
-5
-23
-35
-49
-52
-52
-50
-44
-40
-34
-34
-43
-58
-66
-62
-50
-34
-16
-2
-5
-17
-32
-34
-19
-14
-19
-22
-26
-25
-20
-16
-11
-12
-4
6
9
11
12
20
23
28
28
23
23
39
59
63
55
42
37
31
24
22
22
31
38
40
24
5
-1
8
27
42
50
48
41
26
28
24
23
31
33
28
7
-12
-25
-22
-10
-2
-5
-8
-3
-5
-1
2
7
18
25
35
35
28
21
18
7
-17
-46
-64
-60
-50
-38
-34
-39
-40
-46
-55
-55
-57
-56
-56
-50
-44
-59
-65
-58
-42
-28
-26
-26
-35
-36
-38
-37
-32
-31
-17
-6
0
-6
-3
11
17
28
37
40
38
34
40
44
47
34
23
21
23
18
3
11
20
24
31
29
36
43
45
36
27
23
18
20
12
7
-1
7
20
23
40
46
50
44
33
28
18
15
5
-5
-17
-20
-10
-1
14
24
27
17
-3
-26
-44
-52
-47
-21
9
33
37
13
-9
-38
-59
-59
-54
-31
-15
-9
-2
-2
-6
-15
-25
-39
-59
-73
-80
-75
-65
-36
-5
9
6
-17
-36
-40
-43
-35
-19
-5
2
-10
-29
-54
-62
-56
-44
-31
-25
-21
-27
-28
-30
-31
-25
-14
3
9
16
25
28
16
-1
1
18
44
71
87
86
73
59
57
58
79
102
117
129
130
120
110
102
98
97
99
95
79
57
40
29
31
47
58
57
41
9
-23
-45
-63
-64
-41
-19
-3
0
-14
-37
-55
-61
-64
-65
-64
-67
-79
-82
-79
-69
-52
-37
-32
-47
-70
-83
-87
-81
-64
-51
-45
-44
-62
-88
-115
-118
-94
-56
-18
-3
-18
-55
-97
-125
-127
-95
-51
-11
10
8
-23
-62
-77
-76
-53
-28
