26
24
35
10
16
4
-22
-15
-36
-40
-33
-45
-33
-37
-42
-29
-33
-8
14
28
57
65
90
113
125
150
148
155
159
142
140
121
100
87
55
33
3
-37
-63
-100
-124
-125
-135
-133
-137
-158
-160
-168
-163
-152
-157
-154
-146
-148
-157
-168
-185
-195
-204
-215
-205
-200
-176
-135
-101
-51
-15
22
73
118
174
226
269
296
307
316
309
302
304
296
304
298
279
248
196
163
163
161
159
137
58
3
-48
-84
-53
-90
-132
-196
-327
-335
-344
-327
-263
-305
-309
-336
-360
-266
-219
-138
-90
-123
-93
-91
-28
71
100
133
90
38
39
56
131
187
193
175
120
101
125
148
185
173
126
105
87
124
183
191
186
128
67
61
50
88
112
80
59
13
-7
-2
-27
-42
-93
-154
-169
-188
-162
-136
-145
-151
-183
-203
-193
-174
-141
-122
-120
-120
-119
-112
-102
-99
-113
-133
-141
-128
-81
-33
-4
8
-13
-36
-31
2
68
141
199
229
232
217
199
198
202
219
225
214
203
167
117
61
5
-20
-12
1
35
63
57
36
-16
-56
-45
-16
53
107
108
93
31
-33
-55
-69
-43
-15
-23
-19
-65
-126
-159
-209
-206
-184
-173
-143
-160
-197
-222
-257
-247
-211
-177
-111
-75
-70
-53
-62
-48
-2
31
95
146
165
191
165
142
161
170
209
245
244
248
203
142
106
55
56
70
58
67
24
-37
-70
-122
-125
-102
-100
-63
-56
-72
-58
-71
-70
-45
-42
-7
23
28
50
36
-5
-12
-26
-34
-8
0
2
2
-39
-49
-40
-51
-3
35
45
85
58
40
51
28
63
82
81
119
98
81
71
14
8
-7
-15
29
21
12
-6
-73
-109
-150
-160
-131
-121
-80
-71
-90
-95
-141
-151
-145
-138
-86
-58
-20
20
-6
-24
-61
-86
-37
-13
31
83
64
57
8
-46
-13
10
60
132
150
168
132
60
55
42
53
104
118
159
161
94
56
-11
-50
-25
-7
68
128
116
94
20
-29
-26
-19
51
102
102
98
39
1
-2
-38
-22
-20
-42
-33
-72
-94
-100
-145
-142
-148
-157
-133
-170
-177
-171
-206
-163
-133
-123
-70
-95
-101
-78
-106
-61
-20
13
81
86
107
135
105
100
107
112
147
185
218
230
210
165
113
74
49
62
81
87
76
19
-30
-76
-115
-98
-78
-29
10
2
-2
-50
-91
-91
-88
-28
25
54
73
45
11
-18
-37
-30
0
26
30
26
-22
-70
-101
-139
-116
-82
-70
-39
-55
-90
-103
-120
-107
-54
-4
64
108
102
104
55
27
40
44
121
145
132
147
48
-16
-55
-109
-50
-43
-22
20
-55
-82
-144
-201
-157
-147
-71
-5
-18
-8
-54
-87
-64
-51
27
107
137
167
138
103
96
69
110
159
171
196
163
116
83
31
38
71
95
138
141
116
69
18
-16
-26
-11
-3
27
13
-34
-54
-122
-154
-177
-193
-126
-123
-114
-74
-118
-125
-161
-175
-115
-129
-79
-10
-14
13
-20
-40
-19
-61
-42
-2
8
26
-4
-12
-9
-49
-41
-20
2
10
-34
-31
-56
-88
-56
-35
67
125
110
156
159
135
99
91
162
166
150
205
220
174
136
119
100
44
24
45
-15
-65
-60
-41
-83
-135
-55
-21
-49
-103
-79
14
-58
-92
-50
28
-8
-123
-7
25
-1
-15
-40
50
-53
-73
-68
-114
-35
-107
-43
-30
-77
-31
-119
-32
-74
-110
20
-29
29
7
10
81
12
68
35
46
84
31
68
24
66
65
8
74
58
75
33
-5
27
-32
-48
-100
-87
-31
-83
-36
-24
-42
-14
-70
-80
-33
4
12
35
67
54
81
70
29
75
102
87
80
91
77
36
-1
4
-1
-41
23
27
-36
28
-14
-81
0
30
39
121
150
69
90
98
-47
6
85
6
49
56
12
-11
-120
-161
-156
-172
-171
-205
-147
-92
-193
-172
-113
-156
-117
-135
-145
-74
-105
-72
-72
-63
73
20
-34
20
29
35
-39
-18
86
85
99
47
67
170
27
0
114
142
205
154
186
288
202
112
104
163
184
158
158
212
304
203
76
107
106
28
-42
15
76
51
-15
-106
-101
-205
-330
-281
-284
-225
-237
-273
-204
-352
-376
-322
-355
-241
-224
-135
-71
-166
-142
-154
-87
-105
-126
127
151
130
158
93
167
167
94
218
443
416
277
337
373
317
197
201
257
158
206
141
71
178
57
-53
-107
-84
-76
-223
-144
-95
-142
-127
-147
-158
-212
-215
-278
-295
-175
-147
-204
-300
-201
-322
-472
-168
-145
-80
-8
-82
-2
-112
-15
-12
93
421
240
372
428
295
412
101
192
435
283
349
326
396
245
-95
46
21
-22
43
-23
91
54
-39
12
72
75
-163
-116
37
-102
-26
-1
47
17
-308
-272
-252
-285
-301
-338
-115
-280
-247
-100
-380
-127
-134
-300
-26
23
132
47
138
243
0
125
20
149
302
42
180
137
116
-11
-187
39
11
79
-120
-151
232
-102
-178
-102
-97
72
-198
-161
7
69
-9
-211
10
48
86
-43
-182
257
124
-108
50
111
112
-45
-86
-56
42
62
-71
-77
-73
-26
-187
-190
1
-50
26
0
-12
104
121
102
80
206
188
313
332
98
424
354
144
380
338
349
317
261
220
248
290
66
228
199
-88
22
-49
-81
-108
-191
-21
-118
-340
-212
-137
-272
-320
-342
-290
-364
-486
-417
-414
-309
-411
-403
-106
-327
-407
-294
-358
-284
-308
-220
-98
-61
-46
-214
-161
-105
-136
7
41
206
376
268
233
207
150
139
163
203
312
490
451
347
270
307
320
111
246
439
380
342
243
256
145
6
107
113
235
300
195
236
38
-158
-30
-192
-263
-127
-6
121
-190
-169
-60
-259
-369
-457
-95
-126
-211
-180
-305
-26
-381
-392
-141
-195
-103
-250
94
-63
-314
-61
-222
-104
-233
-176
131
50
-96
-136
267
44
-192
38
126
91
-1
253
6
81
175
-248
46
59
49
43
9
47
-165
15
-126
-168
-101
-63
86
-195
-80
59
82
-47
-184
200
212
24
96
188
241
433
160
188
582
393
311
68
554
542
78
434
258
532
187
12
330
-17
245
-108
9
244
-127
-116
-413
-347
-287
-321
-394
-434
-160
-408
-683
-666
-506
-362
-413
-495
-242
-29
-414
-576
-243
2
-349
-59
256
-36
181
-334
-183
241
-102
147
61
266
80
-132
134
-303
180
309
-42
150
258
342
109
439
303
327
808
382
521
455
504
894
360
384
670
658
425
-123
225
289
-3
27
-309
2
17
-425
-656
-531
-68
-481
-436
-295
-365
23
-661
-527
-126
-331
33
-370
-360
4
-287
-484
-492
-84
-163
-472
-45
-293
-428
-371
-286
-116
-337
98
282
-169
-190
-236
308
75
-118
352
267
573
75
3
78
335
485
-117
447
346
65
571
42
281
568
296
253
134
431
705
-8
369
806
301
416
-155
-51
422
268
174
79
330
-235
-468
233
-642
-306
205
-392
-279
-282
-297
-432
-734
-241
-108
-200
-368
-598
29
-38
-377
-326
-247
-3
-9
-29
-28
-164
161
-401
-255
145
37
243
-66
41
218
-148
-307
-251
430
134
-26
431
-243
-197
-220
43
-126
-299
292
128
-183
-276
-127
-12
-372
-244
-24
456
44
-209
319
117
227
-123
-65
313
355
622
455
127
191
76
162
102
378
628
555
524
247
241
261
-1
-4
129
603
809
221
-220
343
550
-491
-387
-124
239
216
-396
0
106
-236
-1072
-729
92
-530
-416
-516
-183
46
-808
-825
-442
-123
-581
-638
379
-198
-667
-159
-546
-106
-92
-440
-153
-115
-40
-543
-213
-80
-292
-2
-437
89
230
-290
-68
-2
392
502
215
578
767
369
458
1012
771
386
911
1091
526
642
1023
761
364
-111
511
422
-402
-29
125
115
-254
-550
-231
-260
-367
-613
-265
126
-685
-168
-88
-154
285
-93
-123
-308
-45
120
-520
-239
271
-75
-163
-452
-671
-126
-174
-613
-601
249
337
-629
-808
313
680
-611
-250
679
1057
-39
-332
573
304
188
-526
104
1040
-109
-219
333
259
-307
-988
-262
210
36
-373
-421
737
-2
-1060
-115
413
-138
-681
129
416
-201
-54
-116
178
267
-439
-224
206
242
-238
-178
514
-22
-237
-144
182
479
-26
87
228
477
-31
-154
353
183
212
59
384
630
-390
-251
434
-278
-117
38
326
500
-127
-13
-706
310
27
-316
960
135
380
359
-420
-170
168
182
-341
462
852
-415
152
516
-503
-86
-112
198
-25
-243
96
103
857
-899
-645
565
-609
-689
-271
188
364
-484
-688
-104
486
-861
-1457
212
219
-760
-491
520
118
-870
-459
-10
-202
-565
-229
510
492
323
338
-251
237
52
-401
288
276
63
-177
-384
-59
43
-393
-1004
-124
993
-530
-359
277
492
185
-844
1629
968
143
815
-262
1273
343
-113
835
579
704
-55
-10
166
-473
-149
-350
496
290
-811
242
-282
-396
-400
-206
345
-163
919
443
-22
380
-321
253
71
43
776
761
-73
-561
633
-269
-1948
91
651
-602
-998
-255
417
-858
-1323
-471
-137
222
-974
-440
963
-900
-736
-359
138
434
-192
-37
-633
710
439
-1687
422
1050
-80
-511
131
1180
145
-804
-459
821
826
-440
-303
894
370
-264
-87
658
620
-369
-171
405
568
202
-66
444
-201
424
550
-833
-10
286
68
-116
-176
878
433
-715
-428
148
756
-485
-516
1027
531
823
-1063
-551
1391
-838
-794
-71
910
531
-976
169
-455
-65
-548
-1848
1141
371
-498
-17
-220
167
-505
-647
-409
-133
1149
-569
-242
1192
-311
-435
-989
100
667
-320
294
376
409
-67
-1134
5
437
-842
-745
858
70
6
-365
-304
805
-650
-922
-42
1196
-325
-761
2012
-295
-64
419
-1134
828
567
854
-317
172
1560
-567
-353
141
634
789
-1445
-315
1548
412
-573
-882
455
-187
-1404
311
411
107
-689
322
675
-702
1007
-1184
-223
1612
-829
787
1489
271
-562
181
417
-872
902
235
-922
1515
-34
-1440
-160
-355
-527
-875
-395
726
191
-920
-1266
528
153
-2026
799
542
-1291
1011
191
-1849
342
517
-1058
-255
1139
-298
-422
-191
-1259
767
371
-1330
120
1486
-156
-152
236
840
414
-1143
225
1429
1430
-272
-489
2657
823
-1995
320
2001
473
-1480
91
1550
48
-917
-1245
116
1105
-2173
-1232
1770
75
-1640
-992
1468
629
-1989
-396
1539
-7
-1266
45
1694
365
-1849
-368
1943
181
-1575
32
958
-261
-618
172
61
514
-1004
-1215
1278
516
-999
-277
823
720
-898
-81
1231
1040
-619
-701
2425
1119
-1584
225
1316
521
-1246
-788
1748
385
-1314
-1194
560
558
-2382
-1503
800
555
-443
-1531
1007
259
-1420
-229
-575
1474
-235
-754
1790
44
289
-1012
-472
1018
-1540
243
1053
1023
-308
-1216
1125
-423
-892
-713
185
2214
-936
-380
1841
-164
-457
-962
96
657
470
578
-27
1180
71
-736
75
-884
676
793
-525
60
699
676
-573
-1049
-454
-231
713
12
-1285
1149
663
-832
-778
-327
800
-354
-727
-40
857
475
-1998
481
699
-1405
-173
-198
694
-82
-390
-53
-592
323
-640
-370
988
196
121
241
-369
-154
537
-296
292
1031
53
520
917
123
-702
104
-202
295
1376
-7
787
346
-1373
-5
-145
-233
144
365
464
-729
401
424
-1042
-1284
-778
410
6
106
987
-553
-510
-1473
-852
504
568
922
-451
277
591
-394
-1040
-545
985
596
-543
92
958
229
-1560
-1541
177
810
138
-217
809
693
-1211
-733
329
63
294
1074
1260
539
-145
-573
478
789
-275
333
843
662
120
-611
-445
-782
-541
-481
-139
1272
-374
-1384
-772
-138
-326
-678
565
13
170
545
-353
590
-317
-667
-30
771
856
-205
-36
158
-305
-366
-126
243
265
-642
-108
305
528
-243
-557
577
557
119
-379
-201
674
166
-469
100
711
428
-959
-737
387
-168
-755
-405
1127
892
-896
-638
186
56
-990
-472
1327
1108
511
270
136
128
-1283
-961
863
1018
363
17
950
122
-917
-1035
-825
-46
-472
106
881
602
-492
-1397
-529
-586
-334
191
243
992
531
-176
-28
-270
-161
97
306
905
672
272
727
456
-934
-1207
-357
291
474
225
521
802
-711
-1609
-915
-40
-150
-154
1323
1106
-212
-667
-1231
-1017
-527
-504
553
1604
852
-101
-728
-865
-911
-896
196
1085
1573
1400
576
-17
-874
-1103
-120
756
902
1516
1560
334
-324
-944
-1119
-342
149
317
997
892
110
38
-991
-1605
-535
38
478
597
1155
907
-709
-746
-675
-177
-67
193
918
560
-171
-425
-556
-590
-128
-583
-377
384
-96
-383
-332
-195
-368
-883
-222
251
372
-332
-736
110
-428
-990
-681
-368
-174
-1223
-1115
-305
-577
-1040
-1418
-719
-532
-1218
-1006
-345
-101
-136
-20
774
1182
601
287
985
1406
1507
1385
1871
2493
1755
1165
938
1563
1564
759
1858
1910
1030
1013
233
595
188
-634
614
936
231
-407
-611
-907
-1586
-1380
-1026
-519
-77
-240
204
-365
-1078
-1226
-858
259
-422
229
1439
529
-285
-1065
-692
-791
-1583
-1341
808
4022
5079
2930
-923
-2136
-1420
-1784
-838
1930
3547
2691
663
1324
2059
-1189
-6077
-7383
-3188
-46
409
614
-853
-5335
-11129
-12153
-7885
-2830
-1556
-2187
-838
-1212
-3903
-5062
-3637
-2325
-1336
2000
7099
9450
7117
3787
2206
1502
2733
6513
10240
11727
9361
6599
6042
5452
3136
513
1062
2771
3002
2696
2300
968
-3258
-6155
-4470
-2096
-1531
-3460
-4353
-3405
-4421
-5123
-4141
-4094
-5232
-5668
-3042
584
1765
773
263
495
465
1408
3286
4293
3602
2854
3059
3687
3977
2928
1324
590
275
-139
176
532
-559
-2506
-3462
-2422
-1162
-1289
-2441
-3719
-4453
-4382
-2471
-789
-126
978
1993
1648
-774
-1613
-185
1028
1679
2659
5488
6384
2545
-1250
-1786
-1841
-3886
-5050
-1790
1074
-1678
-6345
-8532
-8854
-10596
-10912
-6755
-1826
-908
-2963
-3227
-3160
-4336
-4396
-745
4478
7036
7279
7585
8020
6106
4329
5591
8565
10724
10965
10791
9574
6476
2885
2009
3362
5215
6371
5509
3370
-1567
-5555
-6782
-6169
-3704
-2779
-1694
-2131
-4348
-5118
-6634
-7792
-8304
-6925
-2929
191
1397
-243
-3237
-5664
-6077
-2514
2685
6257
6938
5519
4131
2994
2387
3253
4252
4723
5572
5995
5028
2746
-919
-3484
-3359
-2488
-889
193
-1211
-4448
-6807
-6046
-3716
-1593
175
246
-1489
-1616
-96
904
-1043
-3170
-40
3932
5164
4167
3253
2724
-697
-2744
486
4094
1432
-5089
-6889
-4917
-5477
-8402
-9016
-7975
-10222
-13001
-10632
-5340
-4131
-7185
-7645
-4435
-1489
358
2789
5494
6310
5800
6910
10262
12238
11255
9938
10384
11696
11766
11537
11374
9740
6582
4683
5473
6235
5992
3732
409
-3236
-6933
-6934
-5928
-5575
-5798
-6994
-6266
-6429
-6703
-6327
-7511
-7854
-8103
-5178
94
1812
902
-2137
-4072
-2940
-108
4077
7018
7350
5859
4829
5328
5516
5329
5032
4423
4692
4741
4011
2130
-1803
-4453
-4538
-3232
-2123
-2843
-3990
-4969
-5134
-3405
-980
567
844
1164
862
-2417
-5126
-2393
3473
6399
5472
5009
4923
1830
-2567
-2467
1013
331
-4145
-5208
-2970
-4499
-11029
-15675
-14504
-12713
-12858
-10463
-5869
-5063
-9262
-11891
-8811
-3250
599
3395
6982
8756
7760
6849
8424
11023
11635
11682
13414
15287
14659
11618
8647
7292
6439
6889
8476
8212
6033
1454
-2229
-3704
-5396
-4631
-4333
-4854
-5390
-6930
-6434
-6919
-6692
-5973
-6001
-4353
-4551
-3289
-1198
-925
-231
-409
620
1979
2345
2821
3626
5033
5324
5858
6860
6396
4841
3445
3159
3135
3013
1972
364
-940
-3536
-5280
-5049
-4685
-4618
-5776
-6360
-5242
-2993
415
2348
1608
-2376
-7451
-7043
-994
4989
6717
4707
3229
3687
2806
1640
1810
-515
-4487
-5707
-1493
2694
-831
-9316
-16059
-17181
-14736
-10007
-4339
-2446
-6230
-11738
-11705
-6660
-1474
1213
2637
5442
8246
9710
10347
10393
9214
8661
10708
14247
16336
14369
9527
5624
4520
5817
7556
7565
6651
2548
-2308
-3828
-4800
-4718
-6600
-7946
-5918
-5853
-6275
-7680
-8328
-8072
-8623
-5715
-3361
-2162
-1833
-2691
-165
1576
1977
2723
3240
4094
4226
5813
7950
8655
7988
6394
5853
6248
5612
4993
5023
3898
2655
443
-1570
-2675
-3974
-3980
-4328
-4127
-4675
-4484
-842
1660
1376
-4016
-10254
-10284
-4901
919
2261
1811
930
-736
-2059
-1656
638
-1034
-6620
-9004
-4243
2023
-160
-8649
-14724
-16020
-14168
-9586
-3460
-142
-3462
-9555
-9802
-4015
1667
3675
4006
5952
7972
9387
10714
11405
11098
10343
11461
14193
15394
12946
8241
5171
5284
6680
8171
6936
3415
702
-2388
-3910
-5047
-5432
-4074
-5336
-6073
-5989
-6021
-6347
-7718
-5896
-3922
-3811
-4719
-6000
-3835
-1231
-384
591
763
-149
-645
439
3057
5541
6188
5849
5854
6017
5352
4566
4688
5110
5346
4756
3781
1999
-564
-2383
-2390
-165
1091
-495
-1961
-782
3638
7043
2685
-5334
-9132
-6430
-452
1636
1140
32
-2820
-5008
-4354
-801
-1852
-9251
-14057
-10004
-1899
-1210
-7768
-15770
-20138
-19906
-15913
-6566
-153
-2124
-8617
-12069
-7123
495
4737
6370
7541
8765
10883
12292
13058
12839
11359
12775
15906
18615
16982
10952
5942
4468
6641
9070
9175
5559
1151
-3059
-5494
-5162
-6193
-5925
-6086
-7144
-6987
-7226
-6588
-7071
-6042
-3727
-2831
-2255
-4511
-3953
-578
927
2846
3103
2408
959
252
1997
4777
7734
7177
5804
5620
4625
3132
3431
3552
3581
4321
1984
1344
-433
-3796
-4533
-4133
-1668
198
2487
4442
4505
769
-6346
-8492
-3942
2991
5034
1626
-1216
-2400
-2829
-3155
-1478
-1260
-6806
-12140
-10893
-4032
-2067
-9414
-17978
-21243
-19490
-15931
-10600
-5614
-5150
-10009
-13685
-9914
-2088
3525
5099
6815
9424
11347
12241
13467
15367
15444
15611
16711
18004
17309
13009
8299
7166
8724
10189
9629
5297
1819
-996
-3564
-4439
-5877
-5596
-6093
-7805
-8533
-8180
-7241
-8071
-6347
-3950
-3468
-3878
-7083
-6079
-1522
1419
3455
2814
1435
-8
-227
2537
6018
8597
7689
5246
5248
5517
5292
5693
4584
4165
3740
1868
977
152
-406
-1261
-1415
-1132
456
4284
7142
5254
-2142
-7548
-5226
1654
4027
460
-2093
-2424
-2581
-3622
-2921
-2587
-8902
-16359
-15291
-4981
1503
-4401
-15738
-22621
-22763
-19229
-12098
-4935
-3461
-8966
-14995
-13041
-5805
172
3627
6231
9040
10121
10375
10703
11840
13543
15232
18084
20069
18190
13164
8443
6466
7785
10767
11956
11112
5091
-3565
-6850
-6669
-2267
-477
-3599
-6550
-9887
-10168
-9017
-5227
-2035
-4239
-6129
-9429
-8162
-2707
-996
978
1029
-506
-1396
-579
2361
4736
6378
6290
6573
8449
7368
4921
5322
6030
7188
8411
6474
4226
841
-2045
-1094
1753
4985
6066
7293
7575
1360
-6168
-7612
-701
8011
7666
2034
-2348
-5042
-6489
-4842
648
526
-9128
-18390
-17013
-7470
-3946
-9671
-17021
-20866
-22013
-20564
-13708
-7060
-6828
-12331
-15741
-11364
-4311
-875
861
3268
5785
8808
11358
12830
12685
11279
12274
16457
20062
18432
13230
7934
5796
7688
10624
11335
8379
3997
-2661
-5906
-6400
-4863
-1013
-1532
-4713
-8778
-9893
-8726
-6310
-2147
-2053
-2198
-4891
-8683
-5353
-1440
1648
2807
1124
-419
-1113
192
1917
4780
6790
5513
5346
5639
5172
4959
4888
4997
6011
6933
5832
4025
1837
1013
1579
4122
8357
12597
14232
5463
-5730
-6562
1699
10521
9973
4411
1091
-2026
-5026
-4138
2168
1952
-10595
-21290
-18815
-6985
-2634
-10147
-19122
-24091
-25835
-24226
-15570
-6362
-6445
-14446
-19529
-15441
-7185
-1363
828
3719
6005
6772
8108
9986
12381
13490
14385
15866
17764
17189
12916
8926
6881
8069
10379
10853
10111
4830
-2993
-8121
-8251
-2163
1206
-1339
-6693
-11256
-11154
-8601
-3024
-56
-2257
-6320
-10644
-7319
-299
3536
4048
800
-1963
-2705
-519
3491
6655
7935
5018
2518
3520
4572
5691
6230
5558
5674
4311
3089
3304
2245
1999
568
1539
6620
11438
13346
5054
-5990
-7467
2472
13346
12565
5947
618
-2400
-3487
-240
7965
8173
-6003
-19829
-17152
-4577
-428
-8194
-17526
-22506
-25983
-25175
-15461
-4885
-5976
-17307
-23684
-17531
-7080
-1882
-754
408
1752
3837
6658
10993
13771
12830
12009
13561
17681
19019
15723
11502
8279
8102
9796
11043
11495
8137
162
-5821
-7138
-4276
-853
-2074
-5730
-9765
-12104
-11284
-6816
-2698
-4330
-8176
-11617
-10052
-3063
1279
1492
-1005
-3923
-4048
-329
5037
7744
7119
3732
1327
4408
9019
11158
9714
5566
2593
2748
5314
6919
5713
2851
-68
-1489
924
6233
10746
9444
-902
-9237
-5250
4898
8887
5055
1186
-62
-718
-1850
2180
8154
2013
-11795
-16209
-6654
2965
371
-8790
-15871
-20241
-23042
-18373
-6436
-478
-7753
-19361
-21703
-14939
-6649
-1465
882
1448
-1137
-2395
2153
9170
12893
12714
11459
12241
13919
13841
14384
14781
13752
11508
10257
13004
13278
7220
161
-3480
-395
3308
1105
-2933
-7109
-9941
-10610
-6889
-2495
-4833
-10080
-15600
-14795
-7825
-4451
-4414
-6285
-8930
-9856
-6663
-787
3259
3502
225
-2055
1684
7241
9238
9507
7803
6175
6526
8150
10344
10086
6676
2422
1962
4547
7829
11855
13342
7816
-3478
-8899
-2211
8023
10372
4151
-1777
-3785
-4924
-4072
3287
8196
-465
-14199
-17677
-6874
2485
-608
-8463
-14409
-18444
-21302
-15770
-4309
-995
-9513
-19983
-20303
-12696
-5753
-1999
156
-447
-3419
-2929
3389
10373
11587
9363
8475
10774
13578
14307
15088
14637
11801
9661
12115
16130
15904
9919
2495
397
1456
2799
3710
2927
-1005
-6529
-7682
-5909
-3646
-5020
-9794
-11160
-10882
-9722
-8508
-8012
-8735
-11109
-11373
-8950
-4704
-1947
-3055
-4884
-3923
-1173
2146
5327
6413
5836
4194
4502
7898
11999
12301
7004
3170
2976
5429
10034
13066
13543
9742
1754
-4655
-3643
4096
10000
8749
2513
-4006
-6131
-4501
-602
5081
4966
-3858
-13855
-15185
-6861
-499
-2274
-8322
-13744
-17320
-17712
-12513
-5018
-3086
-9710
-16458
-16628
-11271
-4824
-1187
-62
-1693
-3435
-1934
3358
9236
11046
9316
7040
7646
10994
14762
15930
14038
11722
9944
11547
15029
15418
11499
5526
2259
3561
6613
7303
4971
1110
-3326
-5288
-3462
-1901
-2737
-5971
-10276
-11717
-10623
-9019
-8217
-9192
-11343
-12615
-11182
-9194
-7674
-7121
-7792
-6730
-3742
-641
1097
855
292
1360
4656
8652
10568
9085
5486
2855
4336
7924
11002
12539
10414
7218
4503
2466
2594
4105
6072
6076
2613
-2366
-4414
-1786
581
613
-333
-3084
-7080
-10540
-9766
-3737
289
-2722
-9463
-13900
-14199
-12259
-8080
-3560
-3322
-8429
-14569
-15144
-9338
-3103
-66
568
-1172
-3856
-3486
1154
7685
11399
10311
7721
6452
6824
8845
12506
15828
15564
12000
9350
9316
10638
11002
9833
9578
8591
5584
3374
2899
3115
1962
-344
-89
555
-2065
-5942
-8957
-8159
-6138
-5542
-4711
-6271
-10195
-13838
-13813
-9637
-6114
-5519
-6990
-8830
-9670
-8523
-5173
-825
1246
124
-914
-12
2130
3604
3723
3676
4558
5660
5972
5429
3922
2550
2716
4950
7727
7447
3343
-1526
-3198
-621
3013
4322
2260
-1951
-5420
-5759
-2478
1884
2642
-418
-4484
-6814
-5585
-2645
-414
-997
-4486
-8226
-9286
-6943
-3809
-2153
-2157
-3492
-5057
-4666
-2292
628
2182
1696
1745
3469
5200
5012
4175
4854
6584
8034
8467
8897
8851
6981
4359
3935
7250
10322
9737
6356
2289
217
369
2202
4886
5073
1628
-3100
-5420
-3864
-1212
103
-637
-2974
-5400
-6998
-6599
-4512
-3480
-4356
-6051
-7316
-7119
-5915
-4296
-2709
-2681
-3884
-3938
-2006
371
875
-436
-1613
-1150
1215
3283
3432
1866
-461
-980
1014
3734
4954
3237
151
-1620
-623
1972
3375
2315
-436
-3091
-4353
-3435
-999
946
485
-2658
-5198
-4353
-1555
-41
-695
-1979
-2847
-3263
-3273
-1981
408
1333
-253
-1885
-1780
-511
509
835
1728
2932
3383
2535
1733
1981
2498
3775
5084
6303
6539
4628
2621
1794
3301
5998
6943
5854
3181
498
43
1119
2477
3393
1937
-983
-3230
-3662
-1906
-643
-1229
-2461
-3171
-3040
-3076
-2899
-2081
-1873
-2591
-2976
-2186
-1321
-1456
-1814
-886
142
-608
-1429
-746
626
693
-357
-70
1192
1628
646
-647
-1156
-903
-82
1291
2465
1580
-551
-2088
-1487
804
1992
1562
-277
-2192
-2911
-2296
-455
964
127
-2646
-4719
-4823
-3016
-728
-117
-1462
-4098
-5643
-4406
-2060
-904
-1481
-2401
-2364
-1845
-1130
-251
136
355
597
1878
3970
4560
3941
3056
3316
4982
6531
7902
8038
6375
4185
3013
4237
6343
6827
5783
3448
1013
-53
79
1544
2276
695
-2210
-4619
-4982
-3761
-1835
-1166
-2570
-5058
-6836
-6085
-3786
-1784
-1716
-3245
-4982
-6076
-4886
-2078
207
1104
241
-1071
-1304
-674
777
2309
2922
2901
2501
2107
1556
746
636
1651
3118
3653
2645
725
-612
-375
973
2357
2378
873
-1383
-2943
-2627
-893
1185
1638
-170
-2823
-4507
-3809
-1209
1144
1466
-474
-3746
-5603
-4282
-1140
914
158
-1907
-3418
-3357
-2171
-533
1099
939
-733
-1737
-1197
87
1080
1544
1680
1693
2022
3078
3892
3587
2666
2804
4626
5756
5221
4172
3243
2967
3013
3158
3631
3333
1542
-645
-1699
-1053
202
608
-23
-1617
-3552
-4362
-3835
-2397
-1138
-1713
-3210
-4609
-5382
-4279
-2359
-798
-465
-1488
-2001
-1689
-801
322
721
756
568
44
88
60
-572
-767
-387
472
690
-344
-1113
-1053
-569
-116
176
299
-481
-1961
-2573
-1702
-96
811
337
-623
-1384
-1589
-860
635
2049
2293
868
-967
-951
744
2405
2962
2464
1677
687
152
655
1982
3009
2571
1885
1640
932
72
133
990
1678
1741
1653
1964
1561
28
-546
939
2883
3331
2358
976
-143
-425
172
1504
2331
1140
-1101
-2640
-2646
-1321
223
721
-385
-2227
-3589
-3621
-2369
-861
71
-280
-2044
-3985
-4353
-2868
-760
789
957
-190
-1814
-2649
-1710
380
2109
2257
978
-572
-1613
-1525
-366
1094
1942
1582
176
-1428
-1902
-1247
-272
382
-240
-1620
-2986
-3827
-3372
-2344
-1414
-1147
-1958
-2886
-3351
-2852
-1353
-145
379
230
-705
-1135
-537
701
2201
2690
2466
2102
1482
1624
2542
3798
4559
4069
3528
3362
3377
3679
3883
3995
3749
3321
3692
4539
4564
3409
2226
2049
2492
2696
2443
2029
1431
427
-558
-878
-880
-1319
-2191
-2995
-3320
-3256
-3153
-2994
-2812
-2813
-3195
-3829
-4066
-3790
-3121
-2240
-1983
-2613
-3722
-4374
-3402
-1179
639
744
-594
-1902
-1988
-523
1428
2361
1830
251
-1119
-1051
251
1782
2282
1266
-80
-516
9
646
907
976
464
-669
-1544
-1461
-514
-119
-715
-1141
-1340
-1615
-1787
-1737
-1343
-982
-766
-392
-127
-503
-1218
-1181
-89
1122
1626
1483
830
42
-26
804
2218
3226
2739
1513
750
907
2147
3422
3568
2788
1947
2017
2716
3246
3654
3451
2593
1849
1620
2197
2539
1728
885
335
-318
-765
-899
-717
-878
-1789
-2383
-2376
-2218
-2046
-2149
-2247
-2553
-3196
-2967
-2042
-1480
-1596
-2276
-2600
-2034
-1004
-123
130
-334
-1082
-988
187
1373
1607
483
-941
-1346
-860
-106
401
423
-76
-880
-1242
-933
-567
-533
-646
-657
-657
-1017
-1518
-1518
-1418
-1358
-789
-229
-109
-627
-1421
-1211
-243
867
1763
1613
765
-34
20
1332
2660
3222
2888
1815
1147
1358
2331
3457
3540
2667
1653
1110
1378
2052
2473
2250
1650
1147
1113
1542
1872
1852
1268
476
230
500
923
679
-269
-906
-1086
-965
-981
-1420
-1817
-2256
-2590
-2467
-2202
-2159
-2544
-2904
-2808
-2607
-2568
-2625
-2523
-2427
-2467
-2255
-1743
-1140
-916
-1072
-1057
-853
-233
778
1464
1463
709
96
435
1189
1756
1695
1094
335
-209
82
931
1381
826
-352
-1101
-1069
-650
-317
-258
-553
-1193
-1771
-1857
-1254
-414
-192
-746
-1447
-1376
-405
519
793
637
422
360
567
1363
2563
3060
2477
1813
2044
2958
3472
3327
3105
2861
2567
2575
2987
3310
2844
1857
1368
1562
1960
2168
1933
1291
595
407
839
1135
724
-48
-628
-901
-994
-1060
-1324
-1971
-2741
-2957
-2586
-2343
-2737
-3490
-3958
-3847
-3189
-2418
-2143
-2723
-3842
-4332
-3601
-2175
-1050
-1016
-1767
-2597
-2855
-1946
-244
1063
863
-601
-1658
-1271
67
1200
1453
859
-164
-759
-264
985
1825
1531
622
-158
-537
-431
151
852
906
113
-682
-722
-102
514
675
425
14
-122
232
806
1091
973
876
1085
1548
2017
2270
2216
2010
2147
2804
3485
3535
2926
2332
2245
2676
3271
3568
3287
2443
1598
1362
1752
2222
2111
1298
203
-539
-580
-169
162
-13
-727
-1637
-2269
-2329
-1967
-1672
-1782
-2222
-2609
-2717
-2651
-2507
-2346
-2192
-2045
-1975
-1935
-1830
-1815
-1975
-2023
-1709
-1157
-890
-1163
-1555
-1579
-1096
-440
-51
-191
-930
-1643
-1551
-740
141
468
84
-499
-924
-1077
-718
-111
230
130
-349
-876
-1242
-1394
-1127
-618
-226
-254
-755
-1139
-1051
-535
226
530
230
-52
-82
230
657
921
1311
1650
1657
1664
1798
1986
2106
2191
2588
2966
2825
2423
2248
2670
3334
3588
3453
2930
2189
1902
2255
3016
3477
2872
1716
913
851
1377
1694
1538
1116
388
-485
-1211
-1308
-869
-799
-1253
-1788
-2140
-2384
-2783
-2844
-2304
-1948
-2186
-2713
-2938
-2682
-2393
-2016
-1500
-1248
-1373
-1745
-1853
-1555
-1166
-588
-68
13
-418
-1101
-1230
-666
31
420
200
-271
-585
-724
-557
-271
-123
-248
-775
-1147
-1014
-866
-909
-1049
-1106
-1035
-1217
-1391
-1173
-871
-677
-580
-403
-197
-290
-335
73
666
1093
1208
1220
1328
1402
1560
1978
2413
2615
2559
2359
2248
2317
2570
2862
2846
2597
2387
2200
2042
1932
1929
1978
1681
1177
939
905
901
703
265
-144
-464
-513
-269
-229
-610
-1259
-1796
-1890
-1701
-1376
-1162
-1449
-2086
-2573
-2422
-1757
-1341
-1450
-1796
-1980
-1772
-1368
-905
-521
-434
-513
-509
-207
367
781
893
844
856
1136
1389
1388
1268
1129
1138
1154
1090
1077
839
388
0
-169
-90
-258
-704
-989
-1164
-1279
-1485
-1802
-1988
-2210
-2287
-2035
-1884
-2008
-2369
-2544
-2154
-1710
-1462
-1270
-1124
-889
-680
-459
-12
384
724
1144
1495
1730
1750
1782
2106
2428
2602
2699
2718
2662
2478
2353
2409
2419
2216
1917
1704
1573
1393
1152
907
647
334
58
-65
-136
-313
-629
-953
-1153
-1239
-1300
-1362
-1401
-1493
-1654
-1808
-1806
-1661
-1632
-1671
-1645
-1504
-1282
-1171
-1002
-740
-585
-451
-280
60
459
651
841
1067
1201
1271
1334
1558
1750
1640
1447
1437
1586
1618
1406
1127
915
610
268
210
422
516
94
-629
-1096
-1240
-1213
-1038
-809
-851
-1479
-2287
-2508
-2077
-1557
-1370
-1460
-1673
-1976
-2102
-1749
-1065
-581
-526
-541
-375
-102
241
690
1207
1444
1336
1314
1574
1959
2112
2024
1898
1692
1452
1296
1306
1329
1057
602
282
164
34
-314
-672
-774
-721
-738
-896
-1065
-1229
-1451
-1478
-1109
-607
-520
-934
-1267
-1151
-716
-255
9
11
-275
-561
-417
75
504
583
419
323
337
502
866
1204
1306
1119
931
1082
1383
1568
1534
1387
1350
1308
1243
1253
1218
1056
688
364
360
375
225
-49
-351
-639
-1051
-1310
-1144
-955
-1107
-1536
-1895
-1981
-2045
-1985
-1589
-1222
-1200
-1544
-1818
-1636
-1232
-723
-238
-60
-166
-383
-333
121
641
1007
1097
943
835
934
1158
1316
1298
1216
1180
1057
891
818
715
578
402
202
64
-223
-477
-427
-410
-511
-814
-1161
-1158
-1113
-946
-621
-585
-694
-960
-1039
-539
-75
169
108
-212
-195
18
294
623
676
636
481
280
494
877
1050
827
434
543
1005
1303
1320
1205
1212
1138
906
869
1047
1260
1231
963
799
602
341
66
-205
-5
493
703
281
-786
-1441
-1337
-1135
-770
-382
-136
-271
-1048
-1483
-1444
-1646
-1900
-1952
-1419
-629
-461
-654
-1109
-1734
-1885
-1619
-1064
-589
-544
-423
-368
-578
-597
-484
-77
533
1027
1466
1199
219
-576
-754
-104
818
1287
1249
621
23
49
142
-151
-792
-1193
-994
-771
-594
-175
139
59
-190
-1
600
556
-424
-1289
-1097
188
1781
2936
3367
2778
1351
70
-91
1050
2569
3369
3287
2662
1827
966
263
142
568
1074
1428
1489
1276
641
-399
-1120
-1228
-901
-366
81
518
527
-205
-1008
-1450
-1393
-1104
-799
-194
188
-208
-1050
-1716
-1747
-1522
-1374
-1026
-587
-405
-668
-1219
-1597
-1716
-1620
-1228
-623
-81
-37
-487
-828
-748
-562
-581
-712
-547
-114
158
154
-52
-334
-614
-793
-605
-143
198
122
-405
-961
-1198
-1097
-815
-496
-78
273
173
-430
-1062
-1202
-839
-339
31
264
407
491
534
555
575
642
763
952
1306
1800
2265
2449
2309
2125
2047
2115
2356
2649
2880
2865
2563
2201
1873
1674
1586
1498
1407
1232
943
582
232
9
-116
-214
-348
-639
-1066
-1410
-1417
-1191
-1054
-1068
-1089
-1067
-1176
-1473
-1674
-1627
-1441
-1144
-850
-585
-474
-683
-905
-1022
-943
-662
-519
-484
-457
-427
-460
-627
-645
-285
-50
-302
-629
-677
-415
-433
-659
-470
-257
-324
-507
-422
-228
-561
-1176
-1379
-1163
-973
-755
-513
-434
-775
-1429
-1718
-1860
-1847
-1430
-856
-253
-78
-247
-490
-825
-882
-538
76
774
1329
1688
1740
1493
1460
1676
1838
2042
2162
2447
2806
2873
2826
2526
2167
1894
1622
1657
1874
1986
1882
1331
932
986
900
856
648
271
217
64
-99
-82
-47
54
-184
-622
-796
-1057
-1260
-1265
-1216
-655
-398
-936
-1345
-1491
-1194
-920
-1030
-828
-523
-287
-386
-408
-2
-300
-713
-584
-388
-146
38
153
105
-234
-579
-464
-192
-485
-1000
-927
-870
-1038
-811
-1053
-1283
-1199
-1173
-856
-736
-903
-1775
-2214
-1906
-1570
-399
6
-220
-209
-399
-290
-784
-1303
-720
346
991
822
912
1596
1450
19
-764
276
1619
1568
705
1457
2708
1652
-123
435
2099
1752
785
1088
2127
2527
1398
926
1459
753
55
846
1376
1959
1822
275
4
-166
-527
-84
204
143
354
423
-430
104
250
-1727
-1733
-394
31
368
602
474
-118
-1629
-2207
-694
40
-303
258
993
552
-839
-1271
-1219
-1410
-576
49
515
592
197
163
-774
-1413
-1442
-963
-537
-727
157
389
-568
-1752
-1865
-1080
-1672
-1744
-1065
-470
-746
-1722
-1135
-1562
-1903
-880
-854
-230
-293
-376
-601
-1447
-61
403
303
451
648
1986
843
-428
614
1830
1679
429
1860
2993
2047
1142
754
2197
2304
830
689
2170
2845
1193
-47
127
1180
957
-124
378
1368
1011
-904
-1456
-564
146
-415
-589
1021
980
-375
-1501
-796
-185
-1084
-865
321
1537
311
-668
320
-234
-1057
-469
-18
-391
596
600
-323
-88
-91
-202
-550
-50
-110
38
-493
-1160
695
640
-899
-922
-330
549
-507
-1097
-660
-1455
-1169
-1050
-961
-241
-930
-1667
-1596
-1434
-1870
-2127
-1174
-1237
-947
-235
-837
-1257
-1215
-505
-54
-660
-176
901
1258
658
305
826
398
847
1544
2187
2352
1628
1457
1611
2012
1409
976
1827
2267
2204
1749
1553
1486
921
1012
175
673
1472
854
462
172
814
542
-1055
-795
-436
-298
-976
-1533
43
-30
-1389
-2112
-545
-443
-2303
-1900
-1458
-968
203
-491
-695
-423
-362
-1048
-1521
136
752
477
606
451
582
-541
-1514
175
345
80
98
400
618
-687
-530
-424
-631
-40
-396
21
34
-106
256
-177
86
-982
-1273
-865
-766
448
440
-12
-640
-1023
-833
-1511
-602
-93
-246
105
-10
727
575
-367
-673
-593
219
729
1088
2027
2095
1308
543
911
1075
49
355
1137
1478
2289
1716
1074
533
-759
-791
730
731
201
796
577
-393
-281
-414
-475
94
58
131
6
-402
-735
-398
-162
-148
-497
-315
32
249
-59
-499
-102
-75
-318
-738
-450
162
-260
-189
54
136
-20
-827
-620
145
-125
-501
-633
-232
217
-430
27
9
-214
-183
-1087
-1078
-184
-225
-731
-475
37
-385
-575
-1428
-1272
294
-55
-921
-621
464
-44
-414
-32
-64
691
-265
-806
436
771
781
453
545
1380
1433
-13
-573
183
850
883
154
1704
1867
137
-54
210
895
121
-546
670
987
1118
-343
46
962
-571
-815
-487
325
-262
-406
195
306
-210
-708
-998
-818
-198
25
-521
-36
317
752
-453
-819
45
235
-113
-450
330
801
535
731
548
229
199
148
-15
381
1225
823
662
302
356
642
-484
-948
-306
468
636
-193
-914
-717
-150
-2187
-2128
89
353
-1387
-1954
-1117
-626
-1155
-1975
-1475
-765
-124
-327
-677
-428
-103
-153
-2086
-6
2201
449
-750
-10
1205
313
88
383
1050
1900
96
708
1936
645
819
1211
1293
724
1337
2006
1027
937
-138
574
754
-37
673
381
262
23
153
341
-393
-544
-262
-943
-455
327
-293
-685
-74
142
-1568
-1784
-543
-364
-448
-1405
-359
463
-776
-846
-80
521
-638
-629
808
698
381
-128
134
6
-73
107
-288
149
-512
-1158
-557
-114
-710
-1243
-291
-1572
-2068
142
315
-224
-296
-992
-378
13
-629
-13
1406
775
-577
698
1409
-145
-106
-127
231
1218
1052
527
241
1107
-78
-758
517
1114
1292
700
1199
1994
1261
-152
841
2068
676
491
1695
2176
848
40
1072
550
105
-35
145
823
-42
-603
-314
219
-253
-1144
-921
-83
-770
-1079
-871
-1327
-644
-377
-1458
-1837
-1190
-642
-1027
-1231
-820
-323
-725
-1486
-1439
-611
-208
-1309
-1078
-446
-94
211
-1072
-1353
162
-475
-1640
-609
875
199
-269
40
152
120
-426
-806
-557
314
258
620
544
271
351
-374
-988
49
1458
540
376
1162
1006
546
501
332
321
1541
484
240
1735
1741
637
204
1417
903
626
833
385
1291
1331
541
785
1336
1213
837
423
805
641
226
489
911
759
275
-30
575
355
-632
-596
-309
-383
-975
-306
544
171
-745
-782
-352
-1201
-1297
-879
109
-48
-986
-454
242
-348
-1377
-1469
-979
-492
-1357
-1522
-435
-755
-1771
-2128
-1699
-752
-1226
-1643
-805
-305
-585
-1601
-1278
-312
138
-235
-998
1037
1083
-548
-645
145
978
-163
-515
705
989
-6
-243
399
-76
-998
-783
66
497
842
202
330
885
55
-282
814
997
460
1138
1633
1583
1402
1079
950
1496
1875
1241
1364
1705
1833
1184
623
1296
1202
479
529
1016
891
156
4
465
377
-115
-813
142
676
-314
77
164
-381
-700
-641
-29
298
646
-479
-811
630
-731
-2080
8
814
-594
-1029
-475
-430
-601
-906
-1417
-466
-746
-2312
-1067
-146
-1225
-1559
-1332
-1628
-1879
-1047
-1731
-1811
-803
-1444
-1449
-917
-618
-1168
-1037
149
-678
-1164
-11
465
518
89
190
1251
732
76
360
941
832
419
1225
1537
472
461
824
669
553
460
735
983
758
158
854
1184
560
388
385
872
1277
613
552
1203
1233
338
729
1122
1326
1144
133
160
1124
1247
326
163
760
832
-236
-562
700
1092
-436
-1018
-12
85
-385
-132
-39
-319
-470
-801
-606
-232
-514
-376
-494
-574
-601
-561
-309
-253
-914
-938
-489
-830
-838
-389
-137
-751
-1276
-740
-708
-1479
-967
-709
-1109
-881
-1091
-843
-713
-1323
-1581
-1147
-446
-1044
-1456
-207
19
-977
-883
97
149
-653
26
702
261
433
767
1005
694
729
1122
1283
1012
1076
1948
1688
517
728
1617
1638
1200
924
1872
1222
828
517
175
1122
1422
507
95
700
932
-62
-352
127
274
603
-254
-69
617
606
-161
-502
321
203
-128
72
-132
310
191
197
-271
-498
-553
-513
-482
-495
-455
51
-456
-1359
-675
-495
-889
-416
-372
-910
-671
-324
-441
-1072
-520
-566
-750
-184
-1176
-830
288
-841
-1624
-966
-292
-892
-1522
-682
-356
-774
-1369
-1360
-172
-227
-996
-1387
21
364
-784
-306
265
159
-19
-160
980
1166
268
-154
1215
2000
337
608
1511
1406
1455
343
1267
1910
1181
897
1054
1604
1199
719
554
1144
1372
631
559
1141
954
508
111
297
785
167
-15
502
175
140
166
167
181
-234
-551
-59
-78
-632
-506
472
20
-947
-843
-468
-425
-926
-628
-311
-297
-591
-886
-243
-465
-976
-342
-620
-809
-598
-451
-549
-683
-231
-561
-982
-1177
-1016
-363
-913
-769
-290
-532
-615
-1010
-583
-725
-1138
-351
-467
-338
-473
-432
215
-501
-641
-259
152
140
-553
195
1253
465
-118
353
846
273
-157
412
1406
1135
269
642
1120
883
758
688
943
1009
709
878
1484
1317
1118
1030
206
981
1024
345
758
845
751
75
289
564
305
-45
-684
469
101
-365
-115
-141
184
-847
-383
113
25
114
-470
-100
-287
-279
123
-199
128
86
183
-137
-447
59
-448
-953
-646
-523
-508
-646
-745
-722
-1237
-1040
-1110
-1194
-807
-996
-499
-644
-764
-334
-577
-509
-694
-581
83
-36
34
117
123
-191
-385
-278
-224
328
-211
-516
262
205
-429
-167
408
-330
-467
135
414
259
71
425
660
892
253
747
1295
780
858
720
900
1366
821
501
866
1522
565
9
971
794
375
-208
120
566
329
-398
-489
580
398
-459
-340
346
128
-890
-765
-111
332
-362
-433
429
49
-527
-252
104
-27
-337
-180
93
447
188
-526
509
185
-650
-198
80
433
-592
-308
645
-45
-382
-779
-83
158
-954
-930
-318
-149
-747
-992
-299
-278
-1240
-1048
-343
-639
-863
-857
-542
-211
-452
-387
-273
-589
-54
89
-462
177
460
82
308
274
640
106
76
721
359
525
351
225
1162
278
26
209
297
813
75
674
1189
469
293
345
719
429
301
803
670
1012
1084
372
772
546
156
422
591
542
341
1021
676
-568
-180
247
-203
-156
-371
-577
-117
-407
-806
-962
-642
-767
-1659
-1103
-909
-356
-340
-1052
-1059
55
-117
-1570
-587
535
-49
-372
-730
223
709
-533
-696
-38
89
-714
-1009
-20
-479
-480
-85
-551
-579
-347
-200
-532
-213
208
-358
328
442
-196
257
732
708
278
374
833
736
690
494
774
769
225
281
828
916
516
536
353
356
267
281
364
379
327
433
532
286
316
564
475
79
-12
397
730
588
232
747
678
247
28
145
478
308
-190
-284
518
162
-503
-404
-174
-343
-1375
-1082
-691
-798
-937
-1413
-572
-661
-1350
-1329
-1123
-690
-1434
-1290
-505
-669
-708
-885
-400
-311
-767
-683
-350
-102
-931
-202
733
-164
-605
-31
550
171
-691
268
959
353
-271
366
1387
664
73
697
950
763
541
761
1030
772
974
628
667
753
792
1265
455
714
1272
606
884
421
297
604
172
336
477
600
72
-230
297
-243
-520
-341
-555
60
-94
-534
-222
-219
-503
-579
-253
-485
-481
-16
-660
-342
291
-461
-697
-246
-331
-45
-331
-651
-188
-90
-231
-644
73
270
-676
-118
-8
-226
-103
-639
-358
186
202
-349
-258
454
111
-382
-393
-258
50
-523
-723
440
533
-560
-345
-101
-324
-616
-876
-433
-72
-28
-466
-288
559
-284
-923
-587
240
-207
-697
361
973
105
-746
699
1021
-383
-251
924
1154
-68
514
1017
-22
935
648
281
1442
779
461
658
637
737
451
462
365
899
876
540
692
-88
590
477
-345
86
457
912
92
-614
410
744
-115
-1046
-367
618
-119
-783
-294
581
-106
-1066
-907
137
92
-1191
-1075
-173
-1
-368
-975
-742
-341
-520
-1605
-1109
520
-493
-1527
-440
213
-691
-824
-308
-292
-276
-578
257
418
-384
-18
-127
-107
-365
-487
496
-228
-489
-83
319
-194
-849
-105
-651
-254
309
154
584
-78
48
707
37
229
733
623
627
822
755
702
583
149
53
676
434
604
886
313
-34
397
565
-134
-101
705
606
587
664
56
735
583
-311
-182
687
1229
217
145
449
743
221
-757
340
542
-91
-186
-53
241
123
-99
-319
-577
-636
-570
-627
-466
-292
-513
-466
-675
-1017
-807
-642
-1373
-1234
-108
-386
-778
-163
-324
-1130
-1231
-552
-255
-474
-401
500
431
-783
-450
358
-395
-812
-474
222
297
-610
-20
165
-381
-26
-251
-219
-20
221
345
327
66
783
1377
77
771
1518
1473
807
531
1673
1170
948
1127
1438
1050
601
1420
373
196
614
262
-39
-216
355
254
-692
-753
52
-321
-1297
-470
-218
-663
-651
-546
325
-523
-1142
-11
421
-715
-1050
618
218
-746
-503
258
960
-902
-986
686
-75
-1296
-534
705
-223
-1033
-281
306
7
-1131
-910
620
7
-911
-534
689
308
-927
-128
368
495
151
-360
-272
330
301
-360
-270
400
623
-381
-827
216
317
-965
-652
252
-179
-359
49
51
-248
-318
-133
-383
-308
403
415
164
-240
133
581
402
143
222
1137
870
-10
16
1291
1816
-213
-125
1512
1563
38
-199
1415
1248
-99
-467
1075
1451
55
-639
592
1308
-361
-657
925
1425
-377
-1189
579
844
-841
-1317
91
1083
-698
-2333
-93
1275
-1453
-3048
-717
1168
-461
-2454
-1071
1167
-60
-2564
-1446
1261
398
-1901
-1446
877
1270
-1262
-1451
490
407
-877
-962
423
763
-203
-971
-96
1132
-136
-1170
583
1091
-290
-374
677
1343
16
-938
927
1026
-3
-352
448
1320
-298
-999
-2
794
-200
-1291
-143
396
-82
-918
-647
705
152
-637
-478
427
863
23
55
505
1120
953
-764
335
1755
449
-381
274
1355
975
-311
-108
529
661
-12
-449
872
1096
327
252
314
406
47
198
120
11
505
61
65
487
-284
-947
-525
-657
-992
-392
174
-770
-1052
-137
-439
-763
-733
-979
-566
-193
-600
14
587
128
-95
-318
-841
-598
467
-189
-250
987
427
-77
-697
-430
-103
-776
-826
444
1586
-233
-1251
420
525
-770
-750
830
567
-364
583
575
789
556
-304
-100
328
647
143
228
506
-387
202
28
-798
270
459
-710
-914
137
702
-317
-733
-146
-550
-280
101
-192
35
460
-169
-624
394
300
80
180
-244
814
1074
92
273
686
455
-248
145
265
152
537
145
-84
-34
23
-630
-572
197
-162
80
314
370
584
-387
-618
142
671
-243
-329
1022
678
-246
-729
78
889
-346
-1576
-704
846
706
-683
-594
656
508
-1283
-1248
415
64
-683
-1182
46
1877
91
-1646
-608
64
-979
-1240
-14
771
690
-122
-145
629
121
-1270
-938
681
695
170
675
873
29
134
128
-618
38
477
350
450
440
592
668
81
-186
274
549
281
-73
545
452
173
290
-84
363
213
-295
-82
277
132
-613
-241
437
88
-474
-621
-157
111
-733
-980
-11
308
-720
-1023
139
-26
-811
-1397
-1112
144
-174
-756
-515
-9
-106
-739
-635
-170
75
-143
-237
300
718
389
-46
175
570
761
610
249
555
849
465
522
884
838
347
-46
114
395
503
322
-15
-65
276
147
-221
-210
-284
-334
-366
-209
366
528
-58
-491
-725
-596
-35
97
235
114
-189
255
468
-112
-201
182
-109
-237
56
653
1074
210
-289
34
17
-340
-452
338
551
71
88
672
815
-468
-1103
-378
305
1
-150
729
827
264
-270
-545
-425
-645
-1114
-846
107
862
545
-707
-856
-654
-1595
-1903
-872
-187
-251
-238
-253
-38
-226
-1311
-1553
-690
-438
-343
551
982
832
424
-308
-319
-27
-103
369
975
1069
1549
1525
552
462
479
-245
-98
950
1492
1448
1082
868
670
12
-243
-69
104
158
524
841
631
407
-96
-541
-864
-678
-369
-362
299
592
133
-548
-865
-669
-953
-1371
-1020
58
654
177
-274
-35
-233
-1304
-1496
-569
21
166
429
886
885
-113
-779
-632
-709
-530
166
784
1075
880
532
163
-355
-652
-509
-174
308
796
873
631
384
212
-292
-673
-265
29
-3
75
422
693
97
-391
-2
-209
-865
-555
-9
63
84
52
114
107
-368
-682
-570
-470
-172
20
-136
-13
-2
-158
-229
-248
-148
-416
-327
163
230
2
-260
48
211
-68
183
433
111
-3
279
132
144
369
73
-5
265
383
166
153
206
-280
-227
359
209
-83
343
444
12
-35
261
452
111
-83
511
928
424
69
383
323
-24
-96
222
472
215
62
169
154
-30
-286
-371
-154
-204
-177
159
-142
-434
-573
-748
-561
-529
-278
-46
-165
-158
-377
-404
-249
-375
-291
57
359
521
453
7
-84
-65
-536
-379
-43
66
153
-244
-452
-388
-289
-407
-605
-251
-40
-95
-90
-26
169
63
-152
17
178
123
94
14
22
183
-12
-61
235
-26
-264
-112
-24
42
72
295
394
299
415
334
183
244
355
636
534
389
874
854
421
367
359
290
77
-86
226
621
559
329
304
303
-1
-299
-376
-453
-148
36
-102
72
-43
-333
-592
-823
-745
-740
-527
-215
-290
-181
-20
-463
-768
-612
-674
-651
-335
-120
-124
-181
-142
-208
-518
-639
-298
-187
-284
-25
81
43
-11
-240
-46
277
236
175
219
487
547
170
219
591
595
510
614
897
931
454
179
337
491
326
266
637
610
391
373
237
184
26
-113
64
193
140
49
-30
-90
-226
-371
-167
-14
-213
-316
-260
-224
-448
-559
-371
-358
-272
-209
-301
-296
-426
-461
-338
-382
-339
-85
-6
-184
-289
-203
-149
-372
-411
-138
-56
33
61
2
-2
-165
-252
-256
-305
-249
-32
280
300
91
209
231
-193
-325
-86
112
180
257
519
614
334
11
70
245
45
-33
279
576
539
175
72
303
185
-210
-200
196
408
175
-21
191
198
-155
-298
-87
271
274
105
328
461
97
-273
-300
-117
3
-62
131
392
300
91
-259
-362
-343
-492
-334
-164
136
534
307
1
56
-38
-373
-512
-231
59
198
330
316
306
231
-33
-283
-428
-158
188
151
170
507
601
25
-270
-80
-201
-334
-193
88
197
-2
-90
-151
-346
-519
-642
-508
-289
-296
-338
-233
-119
-343
-540
-312
-253
-346
-228
-53
52
8
32
139
94
21
45
75
61
147
225
118
53
36
-33
-135
-193
-44
22
-68
-52
9
-42
-175
-120
-83
-107
90
234
259
240
307
403
182
102
277
375
392
313
525
674
344
258
254
157
216
138
264
444
379
345
153
124
89
-53
79
94
311
430
179
256
178
-90
-207
-285
-181
-43
6
3
81
0
-345
-510
-494
-458
-453
-282
-37
-41
-80
-162
-316
-453
-552
-480
-388
-346
-146
-3
-192
-316
-363
-447
-471
-469
-160
53
37
148
129
49
-82
-111
-51
-99
107
300
165
141
212
71
-144
-293
-235
-90
-102
-113
-76
21
-24
-275
-341
-239
-120
-158
-170
103
279
211
122
214
301
200
211
402
566
612
644
709
717
616
473
475
524
472
420
456
486
341
89
-38
-49
-144
-279
-232
-32
15
-132
-134
-30
-125
-279
-216
-87
-113
-110
-6
-1
-136
-260
-303
-421
-517
-462
-416
-393
-370
-366
-355
-411
-470
-485
-465
-343
-265
-183
-40
-20
-117
-212
-228
-183
-184
-118
39
99
136
123
57
44
32
46
105
259
436
484
518
555
512
421
388
468
488
440
470
497
427
277
177
156
42
-90
-72
12
29
-26
-42
-10
-50
-138
-118
-28
3
-15
1
84
115
40
-55
-100
-86
-124
-190
-116
-10
-72
-227
-310
-255
-243
-402
-413
-259
-268
-358
-342
-256
-254
-400
-423
-269
-204
-193
-137
-47
34
21
18
109
158
186
213
196
250
257
149
77
51
60
26
-18
54
71
-25
-81
-72
-32
-40
-43
61
143
170
204
202
178
173
141
108
136
216
245
172
121
122
67
-31
-74
-21
18
-9
4
54
44
-29
-86
-59
-15
-16
-7
49
98
86
46
35
38
19
-10
-5
22
17
-40
-86
-85
-97
-153
-180
-135
-104
-116
-114
-81
-59
-82
-93
-64
-28
-1
25
42
48
55
65
55
27
38
74
59
39
59
65
18
-48
-70
-68
-91
-120
-125
-105
-97
-133
-158
-134
-119
-136
-148
-110
-75
-51
-27
-26
-18
3
1
-7
4
30
60
84
94
105
137
153
131
141
194
196
164
198
232
200
165
181
182
127
88
79
84
66
13
-17
-23
-44
-96
-139
-108
-84
-120
-117
-99
-95
-78
-96
-72
-33
-11
23
5
19
45
1
-27
-36
-41
-30
-61
-71
-48
-63
-86
-100
-74
-58
-84
-51
4
25
57
60
74
105
77
53
46
54
72
28
27
55
28
5
-24
-41
-35
-53
-51
-51
-53
-1
-23
-75
-55
-78
-86
-97
-137
-90
-68
-80
-76
-66
-3
11
-9
46
84
100
107
66
93
121
62
47
65
55
38
-6
-17
0
-34
-51
-27
2
23
30
74
89
77
110
102
80
95
76
52
31
5
-15
-54
-77
-71
-73
-107
-105
-35
-24
-56
-30
26
28
-13
-5
45
47
13
-1
12
1
-37
-42
-39
-49
-31
4
17
25
26
41
50
27
30
56
66
64
50
52
38
-7
-25
-39
-52
-42
-53
-58
-36
-40
-37
-31
-47
-43
-47
-47
-22
-22
-26
-1
3
-8
-7
-20
-19
-33
-57
-43
-32
-23
-13
-5
25
35
25
33
26
19
28
20
42
64
52
56
41
31
14
-32
-32
-18
-31
-32
-31
-4
23
7
20
29
26
35
19
32
44
33
47
35
30
41
17
18
10
-27
-19
-28
-22
7
1
22
49
42
28
12
26
44
10
-2
24
31
17
-13
-24
-28
-73
-116
-138
-139
-133
-153
-155
-141
-123
-102
-99
-64
-10
20
62
90
116
153
144
137
121
87
73
26
-16
-16
-47
-63
-67
-82
-57
-49
-26
29
60
118
146
155
195
188
178
162
119
96
45
-5
-24
-63
-100
-117
-145
-138
-118
-111
-73
-47
-29
-10
-11
22
41
30
31
-1
-18
-50
-110
-143
-173
-199
-213
-224
-195
-150
-129
-110
-78
-34
16
42
70
129
155
153
145
146
149
128
97
60
59
45
13
0
-9
9
10
0
9
40
59
58
66
89
106
83
75
79
62
36
6
11
18
-10
-26
-16
9
7
-12
14
53
46
21
25
60
61
17
1
15
-15
-68
-82
-78
-71
-116
-152
-128
-131
-119
-109
-95
-54
-59
-54
-5
27
53
49
29
46
36
15
19
3
-18
-35
-69
-55
-46
-76
-56
-63
-53
-18
-26
18
50
56
95
101
110
119
93
77
65
35
-2
-34
-77
-80
-90
-120
-108
-102
-91
-86
-90
-43
-4
12
44
85
132
153
159
179
196
179
148
127
97
62
20
3
4
-36
-47
-43
-47
-33
-47
-35
-7
-9
2
14
33
44
21
21
32
8
-18
-46
-79
-98
-151
-189
-196
-217
-229
-242
-234
-198
-182
-159
-117
-72
-42
-26
15
45
51
64
85
105
96
71
75
85
60
42
31
35
31
0
16
46
52
79
109
158
201
215
257
297
317
331
316
309
305
269
231
186
134
109
63
3
-30
-49
-73
-106
-131
-138
-141
-159
-175
-175
-170
-178
-204
-218
-225
-245
-268
-287
-299
-304
-306
-303
-284
-257
-227
-197
-172
-148
-124
-99
-83
-72
-55
-44
-34
-29
-26
-20
-27
-27
-13
12
32
65
114
144
180
224
260
280
286
303
319
312
297
292
289
282
252
223
201
162
122
88
60
34
16
-6
-21
-29
-36
-29
-37
-24
-1
8
31
46
59
64
52
32
-8
-64
-115
-168
-219
-253
-281
-292
-282
-277
-242
-192
-149
-94
-42
13
69
110
151
180
188
182
156
120
76
10
-44
-94
-151
-187
-211
-234
-241
-251
-249
-236
-237
-215
-186
-159
-113
-77
-41
14
42
53
65
52
50
35
14
48
55
48
70
69
102
117
103
136
152
173
202
216
261
263
232
232
202
167
122
78
71
51
21
36
66
73
80
60
72
101
57
49
77
79
108
62
29
64
1
-43
-83
-139
-95
-136
-182
-134
-151
-137
-163
-219
-158
-159
-175
-154
-149
-88
-80
-107
-74
-48
-38
-44
-36
17
46
26
0
8
8
-19
-40
-32
4
27
15
38
52
32
28
2
9
25
1
15
15
2
-2
-43
-62
-80
-99
-82
-74
-56
-42
-32
-11
-2
1
-3
14
44
57
87
116
132
137
121
121
109
93
78
43
12
-35
-78
-104
-114
-102
-86
-65
-52
-32
-5
1
20
33
48
88
108
121
133
120
108
69
23
7
-25
-39
-38
-32
-14
-12
0
15
17
13
2
2
2
-3
-12
-18
-15
-29
-36
-53
-61
-51
-67
-59
-48
-37
-10
-26
-23
-1
-13
-13
-18
-16
2
-15
-15
7
9
30
29
32
56
50
39
27
32
35
25
18
18
34
37
34
39
37
36
27
14
5
-10
-24
-44
-65
-68
-74
-84
-91
-90
-92
-95
-99
-100
-97
-98
-88
-77
-68
-49
-29
-7
10
25
61
80
86
92
82
85
80
55
42
32
17
4
-16
-16
-3
3
24
44
72
107
121
146
156
145
137
110
83
53
12
-27
-60
-81
-97
-101
-94
-76
-48
-24
11
40
60
85
80
81
65
26
3
-40
-66
-76
-101
-101
-109
-104
-90
-102
-101
-101
-114
-109
-107
-96
-71
-63
-25
12
37
88
99
122
148
119
132
124
99
119
91
84
108
94
127
152
149
192
197
187
202
180
166
156
105
80
50
-17
-42
-87
-142
-139
-180
-208
-214
-258
-254
-255
-283
-264
-264
-257
-232
-234
-215
-188
-178
-142
-115
-87
-48
-33
-15
-3
-10
-16
-28
-45
-53
-60
-63
-44
-29
-9
23
46
78
105
111
138
155
159
169
167
180
199
202
209
217
209
197
176
143
111
77
55
47
36
31
26
9
-5
-29
-47
-47
-44
-42
-43
-39
-49
-66
-81
-91
-68
-33
7
56
99
124
125
119
104
79
62
63
87
102
103
100
83
35
-22
-76
-134
-173
-208
-236
-234
-225
-204
-185
-171
-152
-122
-107
-91
-69
-67
-72
-87
-102
-116
-141
-165
-171
-177
-196
-227
-252
-262
-281
-294
-278
-241
-179
-119
-54
25
73
106
140
157
193
208
220
252
253
267
276
269
281
246
217
214
191
203
197
206
243
248
275
284
268
285
267
269
289
270
297
291
270
273
202
159
109
28
9
-47
-72
-72
-116
-106
-128
-170
-158
-197
-213
-211
-258
-237
-245
-253
-212
-225
-199
-192
-220
-195
-216
-219
-199
-233
-213
-208
-204
-140
-131
-111
-89
-131
-112
-118
-126
-67
-71
-46
-30
-58
-13
-5
4
47
26
51
80
107
194
233
271
290
246
237
217
207
235
217
201
186
125
92
58
23
7
-58
-116
-157
-197
-181
-169
-174
-183
-228
-259
-265
-259
-214
-181
-168
-136
-134
-108
-39
12
98
142
162
211
219
264
310
323
365
357
344
358
347
377
396
371
355
310
276
256
