70
18
-10
-21
-7
15
31
36
18
-1
-16
-8
13
27
44
57
76
94
88
74
66
59
32
-23
-65
-73
-61
-59
-65
-53
-2
35
34
10
-29
-47
-45
-24
6
20
5
-20
-58
-121
-173
-180
-143
-101
-100
-113
-94
-46
-4
6
7
13
-5
-55
-116
-132
-93
-30
16
23
21
37
55
46
33
47
80
112
125
117
107
112
129
127
90
35
1
23
87
154
202
242
271
260
175
46
-68
-134
-148
-132
-100
-64
-32
-17
-35
-62
-82
-70
-20
19
32
38
36
18
-26
-107
-192
-245
-244
-180
-94
-16
27
31
33
22
-12
-66
-110
-105
-75
-74
-114
-131
-78
2
55
77
90
97
64
5
-42
-32
19
36
11
-24
-24
22
67
106
138
174
200
186
141
69
-21
-99
-156
-188
-198
-173
-109
-25
51
80
48
-1
-19
-17
-6
1
19
57
56
-2
-69
-92
-67
-31
10
84
187
263
276
267
267
223
133
59
34
33
22
23
67
121
117
55
-3
-32
-60
-88
-99
-89
-86
-123
-146
-119
-80
-80
-97
-98
-72
-72
-109
-133
-115
-77
-76
-98
-115
-131
-165
-186
-155
-85
-27
8
61
122
137
97
49
21
-7
-62
-117
-117
-83
-77
-95
-102
-85
-55
-30
-4
27
34
35
53
87
106
77
66
106
150
164
145
147
206
260
231
143
58
14
-4
-18
-1
33
37
3
-11
40
102
110
63
18
8
-5
-46
-65
-40
-8
-31
-67
-36
46
100
76
42
55
88
84
5
-86
-127
-124
-120
-119
-120
-127
-101
-64
-49
-76
-144
-166
-127
-97
-144
-239
-272
-255
-228
-196
-156
-71
22
40
20
25
12
-12
23
96
164
186
124
60
49
37
6
25
102
169
209
209
164
115
94
60
40
75
95
85
88
98
102
131
119
76
101
135
85
18
16
40
42
8
-45
-58
-8
-23
-123
-138
-107
-100
-43
24
25
-6
-45
-116
-164
-182
-230
-233
-131
-32
27
88
103
52
-6
-60
-99
-63
-23
-40
-35
5
15
-32
-82
-106
-111
-97
-116
-128
-87
-44
-30
-7
21
-10
-70
-126
-172
-165
-92
19
120
168
180
208
249
228
150
101
106
114
101
101
122
146
139
80
20
-33
-97
-136
-106
-11
86
164
186
131
46
-28
-62
-59
-55
-30
37
90
71
33
47
40
-30
-72
-18
96
160
124
97
144
141
12
-92
-88
-75
-101
-125
-87
9
53
-7
-71
-85
-117
-170
-182
-159
-132
-125
-156
-190
-173
-123
-83
-70
-52
-11
41
58
18
-20
-20
6
3
-19
-19
-37
-58
-41
21
81
107
125
156
172
137
61
11
8
-13
-38
-36
-19
-10
-10
-6
22
51
33
24
76
107
79
41
36
36
-3
-36
-28
38
88
82
60
36
-1
-37
-18
28
56
50
8
-33
-50
-55
-71
-56
-33
-47
-85
-120
-136
-123
-88
-85
-121
-167
-178
-135
-42
39
94
137
98
-16
-124
-105
-6
69
134
211
299
302
257
231
227
168
24
-31
-3
29
24
40
111
53
-86
-255
-346
-353
-366
-242
-65
116
159
69
30
-99
-206
-324
-356
-242
-141
22
105
220
270
184
112
-22
-42
-96
-134
-75
22
202
246
294
290
207
123
-1
5
-25
-52
-40
-28
-8
-124
-172
-199
-274
-357
-392
-219
-52
52
126
180
201
64
-80
-129
-94
6
98
210
271
239
217
241
324
371
310
190
25
-76
-112
-83
3
43
67
19
-76
-159
-222
-211
-208
-169
-72
24
61
-21
-115
-187
-207
-157
-62
93
205
209
116
0
-59
-80
-40
48
140
166
83
-33
-137
-209
-233
-196
-105
-23
14
1
-21
-15
-19
-7
27
79
129
140
137
121
82
39
0
-6
19
47
75
70
65
59
21
-14
-51
-35
6
20
16
8
27
2
-31
-54
-58
-47
-54
-30
14
39
-9
-102
-149
-147
-108
-62
-30
-12
-23
-46
-42
7
61
84
75
72
82
77
73
66
52
16
-19
-43
-55
-61
-78
-82
-72
-71
-78
-82
-84
-91
-86
-54
14
93
126
121
106
77
51
35
47
84
104
107
100
79
41
7
0
12
35
37
31
19
4
-10
-20
-7
33
77
93
72
43
38
46
44
50
64
53
-10
-76
-84
-59
-55
-89
-104
-88
-93
-125
-141
-119
-114
-149
-178
-145
-90
-68
-67
-60
-52
-69
-104
-112
-80
-54
-47
-20
22
58
64
63
75
74
63
48
36
18
-3
3
45
104
146
163
168
156
114
67
34
23
24
35
38
14
-16
-42
-45
-30
-16
23
82
120
124
116
108
97
67
25
10
21
27
1
-21
-18
-41
-86
-133
-153
-139
-126
-115
-98
-54
-15
-11
4
34
41
18
-1
7
-7
-24
-13
6
33
45
32
7
-9
-14
-25
-19
14
60
88
118
129
71
-9
-49
-63
-93
-129
-131
-121
-133
-158
-190
-197
-172
-159
-165
-125
-57
-32
-22
17
50
50
49
80
112
112
98
76
76
115
141
133
147
166
130
66
13
-9
0
36
62
37
24
52
56
24
15
40
62
64
54
43
29
29
-4
-64
-102
-126
-136
-115
-61
-7
33
87
120
87
22
-23
-17
-13
-17
-7
17
47
16
-41
-42
-24
-13
-18
-4
23
13
22
11
-36
-39
-29
-78
-166
-205
-192
-200
-193
-121
-97
-113
-96
-81
-58
-33
7
34
-7
-44
-97
-189
-213
-172
-117
-85
-66
-11
40
93
113
106
155
197
167
140
153
195
189
148
161
135
126
173
160
155
156
155
139
96
195
285
254
298
348
311
141
0
48
34
33
121
103
70
0
-118
-255
-389
-302
-220
-231
-92
-2
9
-54
-151
-105
-117
-114
-75
-141
-187
-301
-402
-420
-475
-386
-254
-249
-265
-326
-380
-444
-443
-275
-186
-201
-150
-133
-164
-223
-225
-93
33
194
315
359
449
423
358
294
247
317
361
488
581
587
593
488
501
572
502
422
418
487
367
68
-51
-134
-194
-135
-107
-118
-182
-75
-36
-273
-311
-270
-292
-339
-262
-62
-116
-32
208
222
122
35
45
13
36
133
26
-80
2
-5
-172
-265
-175
-123
-205
-243
-289
-399
-371
-225
-173
-291
-330
-227
-257
-375
-331
-144
-50
-11
147
175
-30
-63
166
264
131
144
339
343
226
219
183
160
273
386
302
162
224
201
17
-21
3
-3
48
94
100
-26
-137
-121
-152
-49
46
26
153
229
234
132
51
154
97
15
36
23
4
-145
-261
-216
-239
-298
-341
-279
-188
-238
-202
-82
-71
-130
-102
-16
-36
-79
-44
21
51
100
126
41
-10
-43
-122
-162
-172
-158
-101
-10
104
124
125
194
190
187
163
149
183
92
52
52
-9
-18
-34
47
66
13
64
49
90
109
25
33
67
30
-109
-126
-74
-207
-272
-176
-169
-243
-179
-56
-83
-48
129
185
142
194
265
172
69
85
111
43
-1
93
202
189
112
173
230
64
-71
-34
-31
-131
-159
-33
5
-88
-67
-22
-42
-88
-98
-28
-18
-39
-13
-26
-7
32
3
-75
-102
29
21
-139
-99
43
59
20
145
224
69
63
103
-72
-225
-135
-64
-201
-222
-113
-125
-186
-155
-135
-167
-96
-12
-71
-105
-76
-43
-68
-78
-67
-126
-109
-65
-59
-28
25
147
225
204
122
85
199
184
111
171
199
188
55
-46
-107
-194
-73
9
46
150
162
173
80
-7
3
-57
-71
-23
37
-30
-196
-159
-71
-6
82
159
215
337
516
321
186
400
459
362
325
364
352
199
264
192
-67
42
-53
-54
-104
-253
-106
-212
-208
-313
-478
-228
-438
-615
-458
-424
-379
-506
-423
-383
-426
-163
-272
-353
-2
91
-5
-170
64
62
-173
39
-46
-198
-18
76
-12
-114
172
171
-67
265
87
-220
-65
0
-221
-397
-252
-40
-174
-50
-70
-107
276
138
16
99
332
214
16
187
167
-67
-18
79
-82
-1
316
391
319
548
640
391
162
318
302
170
322
428
433
378
314
234
18
52
267
239
133
-9
71
49
-289
-424
-363
-296
-182
-140
-228
-308
-131
-85
-170
-11
151
63
38
207
-9
-228
-73
44
-41
-99
-2
81
-115
-312
-295
-247
-258
-397
-262
14
-105
-262
-315
-299
-222
-214
-90
-77
-143
-58
-52
-136
-165
-95
-44
7
44
-20
94
75
3
161
136
95
-26
118
229
-36
87
233
185
294
325
189
111
170
289
199
129
221
192
199
183
39
32
105
105
0
8
-15
-48
106
-5
-63
-32
-116
130
91
3
43
-41
49
-33
-70
127
97
92
34
-168
-256
-204
-137
-272
-22
36
-110
-204
-240
-46
-52
-121
138
53
33
62
-53
104
14
25
82
-32
197
346
141
-34
-73
217
-64
-90
121
-5
-121
-270
-129
-296
-529
-209
-135
-142
-181
-336
-187
-243
-220
-212
-303
-106
17
-115
-175
-76
-46
-262
-96
94
123
99
214
412
198
155
90
-17
354
309
220
548
566
44
-158
195
-40
-41
143
482
130
-149
354
-21
-507
-209
27
291
153
-173
150
270
-109
-106
314
280
-189
34
472
178
-117
-208
201
186
16
-141
-235
-192
-259
45
236
-429
-292
9
-43
-319
-415
287
163
-163
144
139
-8
145
-334
-134
506
592
-212
-99
407
172
-420
-49
299
-461
-235
422
114
-736
-442
107
-627
-928
121
-116
-573
-264
400
-280
-565
57
152
-252
-267
512
39
-133
338
469
346
52
-195
-4
-230
3
-215
-194
58
-5
245
-168
-425
-85
-150
-195
-90
-121
229
245
372
397
369
184
-392
20
418
265
524
652
441
303
762
512
-324
98
466
144
77
113
669
-55
-120
474
212
-389
-220
330
234
-372
151
172
-425
63
-27
50
-31
69
20
-347
-392
-272
-353
-245
-48
39
297
136
-141
-58
-125
-483
-286
-187
-153
65
-50
64
52
-551
-341
-365
-723
-243
121
8
-483
-282
71
-500
-650
-666
-359
312
347
-204
-166
683
306
-242
-29
652
-66
-325
721
738
94
174
238
-11
-394
-345
165
-146
372
574
586
333
-199
125
-29
-395
-118
452
-260
-524
62
46
-565
-168
346
460
462
738
299
81
405
-16
-772
-252
99
-138
-82
325
337
181
722
332
72
172
354
99
-6
-344
-279
172
-77
-929
-297
684
10
-665
215
699
-145
-459
218
393
-644
-449
35
-364
-881
-164
293
-291
-272
244
188
-919
-392
634
-479
-647
248
82
-57
-177
-166
-183
-316
-132
-186
-116
107
-212
144
309
-407
-314
159
11
-235
52
168
126
182
144
-156
230
269
-528
161
699
261
-300
562
792
-54
-33
276
547
372
114
271
658
556
126
-93
402
229
-533
455
861
-280
-88
815
156
-620
-72
-189
-391
-55
482
75
-725
-160
36
-732
-417
-29
-203
-39
98
287
-223
-683
-241
-95
-275
-15
-52
-129
45
50
-10
-326
-644
-210
-443
-125
-39
-217
295
16
-255
-197
-202
-139
-628
75
408
149
542
123
47
-386
-135
92
-155
151
469
583
594
-101
401
-83
-63
527
238
437
57
811
735
119
178
-237
-117
541
-108
-185
-150
237
275
-614
-200
-182
-512
-821
-67
152
-921
-199
199
-459
-636
-2
163
-795
222
452
-255
-368
-223
465
-81
358
495
-450
617
67
-669
406
218
-188
13
511
869
-399
-310
186
-369
-319
-146
361
509
499
-348
357
625
-283
-357
480
83
78
545
483
414
299
129
183
301
47
209
-49
703
-465
-493
509
26
-316
380
-243
-372
-82
-566
-559
-572
231
-557
-355
579
-814
-946
-1
-536
-1130
-433
57
-708
-877
325
45
-655
-453
-720
-1067
-475
197
-159
-161
378
610
-215
553
-344
-782
162
889
276
951
1766
572
305
489
376
-233
152
541
1128
752
1025
409
684
168
-549
330
49
-475
274
275
235
176
-46
-84
-565
131
-623
-725
454
994
1
393
243
640
231
-368
389
662
76
-284
695
541
-48
141
35
-652
-1080
-534
-186
-1024
-998
-733
-239
-435
-1117
-944
-1037
-1339
-494
-787
-794
-823
-575
-73
-884
-249
513
-240
114
571
319
239
422
719
632
393
403
809
558
129
782
440
-287
-46
1075
263
-922
1006
979
-689
-6
392
100
-188
236
405
-540
199
318
304
439
233
184
510
349
-18
191
657
57
-75
859
342
-423
-418
516
-474
-897
-346
-180
2
-535
-50
-626
-350
-109
-434
-464
-807
-343
57
-245
-506
-642
-39
10
-720
-411
288
-17
-249
436
456
552
440
-103
344
1076
-162
-435
852
410
-73
-394
500
273
127
582
253
777
922
610
429
206
17
67
-104
-455
-848
616
-231
-1622
-662
-71
-1078
-1057
-237
434
-525
-422
-348
-1274
-640
-813
-519
-666
-43
338
-286
286
817
536
369
125
818
582
254
515
49
1043
265
-1258
300
398
134
333
725
1117
391
74
593
-286
-182
359
-359
235
195
304
-288
-281
399
197
-636
-102
208
-206
257
384
-594
-55
370
-546
-1375
-567
535
-13
-409
380
769
-532
-109
-204
-268
-109
-498
-557
215
-30
56
282
-265
-198
-582
-387
-739
3
58
443
-269
111
888
-286
-411
-111
57
249
-226
-449
1109
765
736
940
-67
-666
403
488
-868
-955
436
1572
-362
-351
759
-513
-502
-490
-219
400
-320
33
588
148
227
-523
263
591
178
333
414
-354
-427
-250
168
164
-277
275
226
-213
-46
-317
-994
-124
615
-161
-597
441
-9
-426
109
11
-438
-15
104
-67
-974
81
676
-601
19
159
345
-199
142
433
-506
-341
-193
153
-469
-667
600
610
-158
244
753
-16
-716
241
1728
-198
143
490
-402
-324
-380
663
-185
-33
708
-43
141
753
875
-262
193
819
-331
-448
-327
256
-256
-1018
-351
445
-212
-327
-550
908
-498
-1394
-46
252
-656
-1013
119
-121
-197
-492
117
96
-96
678
-132
-932
696
515
334
94
1113
-95
-620
323
-75
-68
-490
444
920
195
-74
-347
378
-6
-1240
-305
351
441
-46
-309
-563
175
139
-194
-934
1041
655
-988
209
781
18
-894
872
566
-565
79
234
-88
-278
731
210
186
999
272
-82
247
-196
-384
558
-142
183
-401
-439
78
44
-684
-1107
526
614
-297
-449
-163
486
-81
-775
-425
486
401
11
-68
-67
1449
-600
-433
422
277
355
-569
1026
1064
-167
228
3
-265
195
-706
-1052
489
-150
-630
-69
-522
-370
-64
-904
-311
-404
-637
-66
-1140
426
826
-353
-482
355
401
-224
-266
147
46
456
53
711
-34
326
580
57
346
-153
-232
199
24
-3
652
-652
132
478
-499
-343
1305
-319
-653
295
-41
101
-574
168
923
-876
182
959
-553
229
357
115
81
-60
455
339
152
965
-305
-334
291
104
-46
59
926
365
-453
-74
255
362
-784
-89
679
71
453
-420
-337
535
-458
-382
-31
64
-178
-405
172
352
-689
-1022
12
-433
-334
-325
-121
-426
-153
1
-318
-749
-713
-98
-130
-1
166
72
-689
-646
619
-615
-1151
435
1168
-284
-460
735
-104
-762
-878
927
-230
287
268
-129
1052
-486
-204
406
-138
-236
132
885
1367
-601
4
660
192
544
-620
171
631
748
292
-369
461
-225
444
-314
-294
759
32
-24
431
-168
349
419
-829
-797
220
131
-1055
1262
630
-21
786
84
-492
-870
-361
-49
547
187
454
1053
-120
-712
295
-42
-1481
379
1387
-267
-156
882
545
-1506
-436
683
-812
-1069
1377
73
-786
483
439
-1006
-1822
1259
-83
-1441
382
-563
-1007
-85
-234
-902
-1616
966
126
-2331
-162
792
-1551
-1704
-86
-235
-769
682
306
-1161
225
845
-266
-860
40
141
759
672
295
856
1551
1641
-268
531
1022
-181
99
585
1789
939
593
1401
263
-43
608
1102
796
-427
208
1937
-705
-525
1188
165
249
220
807
-127
-600
725
-600
-1117
1102
-234
-1658
-254
951
91
-1497
321
589
-1405
-513
-118
110
-861
-68
1066
-338
-1096
-498
139
-120
-514
-754
-616
-206
-532
-660
-531
-697
-142
-1094
-392
-302
-1710
-468
267
-977
-479
70
400
-527
-1063
993
-270
-1132
240
198
980
-246
295
758
-140
560
280
129
254
863
515
-151
976
1240
-630
621
1852
627
-258
-16
629
600
849
277
-353
1292
1837
-104
126
1454
-738
-391
1039
-184
-280
917
388
-352
471
1008
-1455
-1742
581
340
-176
-649
-437
250
759
-1643
-1790
804
-393
-2186
979
1589
-2610
-1449
2422
-141
-2653
-410
702
29
-1000
-644
-590
728
713
-1717
-122
1720
-633
-1893
-8
782
-995
-1096
1774
1172
-1876
-582
1107
329
-689
-791
268
659
-189
-185
1050
249
-549
636
707
407
-283
-449
725
382
750
398
-607
709
493
-853
93
1375
189
-1810
367
1218
-525
132
1078
448
-758
-107
1508
-195
-1463
472
1513
444
-757
528
1338
-546
-322
792
-213
-990
-245
1210
329
-1077
-324
898
108
-740
-105
-550
-1124
578
-183
-1512
-27
351
593
166
-637
-142
-1318
-1636
311
1215
-443
-1449
609
1179
-298
-353
-568
-503
269
244
95
-245
-476
331
851
-317
-345
1006
151
-1195
559
721
-1030
-313
1166
318
-1350
306
1165
-728
306
809
-652
563
1212
-486
-1137
861
1447
-1319
-210
1021
-38
478
43
298
-58
-1181
734
706
-1617
-189
1158
850
-318
-993
-592
-530
-475
337
-247
-193
1168
417
96
-376
-1270
-860
218
4
46
-168
-210
334
411
624
-334
-749
-112
-465
-190
465
304
552
250
663
1273
-227
-1029
-297
408
-288
584
684
-429
645
211
-918
-343
757
477
-654
-576
639
-374
-1044
131
1216
1478
-160
-531
356
-75
-1284
-873
385
382
162
547
180
-70
75
-695
-1447
-624
763
-569
-153
1459
102
80
382
367
219
-473
-280
31
708
339
-354
780
635
-822
-766
-726
-368
-64
-119
-62
-536
260
80
-639
-375
-191
152
132
-269
-342
-354
485
876
-499
-267
422
-482
-1122
-628
436
691
-25
-217
-179
84
41
-163
-338
758
661
-210
178
367
421
50
543
511
-206
-497
-545
-154
626
385
406
1025
911
-249
-823
-597
-339
571
490
-80
1467
3037
830
-1681
-634
279
-1006
-1074
798
876
474
523
-300
-965
-1200
-552
-710
-383
583
415
-67
-284
-72
462
-221
-842
-138
202
-72
-215
-600
-179
399
257
-363
-859
-185
-267
-906
-769
-287
-359
-356
326
370
97
-115
-286
-165
-186
-136
127
277
561
533
692
806
-327
-763
-515
-317
-39
272
760
612
247
499
173
-423
-504
-317
166
764
598
193
243
655
430
-777
-389
421
-34
-368
-23
995
944
351
544
403
-85
-802
-570
-152
262
681
336
-127
-67
756
521
-590
-935
-215
537
587
497
117
-178
113
-335
-1089
-1369
-1012
-913
-1026
110
535
-95
-774
-1112
-525
-458
-155
532
464
-138
-135
753
496
-603
-603
-251
16
145
265
548
153
-147
-319
266
648
-283
-1259
-856
240
873
1035
1256
1602
1321
1430
1354
1297
1544
1347
1726
2190
1498
540
90
-484
-1536
-1805
-1447
-1545
-883
-808
-1796
-2398
-2553
-2667
-3582
-3823
-3010
-2229
-1372
-806
-702
-559
-516
-695
-284
892
1577
1723
2077
2463
2540
1744
555
-75
528
870
1341
2376
2324
1381
333
229
170
-509
-923
-889
-368
523
1262
1707
1220
458
287
632
1193
2134
2841
2350
2249
2417
1801
395
-545
-467
-330
-149
222
754
679
-122
-1643
-2877
-3240
-3133
-2415
-1838
-1376
-1166
-1422
-2037
-2538
-3070
-3977
-3530
-1885
-758
645
1711
1530
710
-556
-1369
-1866
-1893
-695
649
1386
2580
3621
4402
3508
841
-903
-1690
-560
1398
3201
4069
3114
1988
35
-3408
-6249
-7310
-7209
-6209
-4013
-1680
-189
323
-207
-1346
-2558
-2584
-976
1763
4503
6647
7842
7988
6738
4285
2018
1160
1503
1874
2646
3464
3977
3098
940
-1024
-3174
-4602
-4650
-3635
-1524
-440
226
344
-586
-1348
-1981
-1398
-768
110
1568
2631
2961
3219
2759
1535
-18
-590
301
774
908
333
-104
-2098
-3507
-3025
-3171
-3708
-4132
-3598
-2802
-1799
-763
-1593
-3012
-2505
-2165
-1984
-1210
790
2185
2188
2560
2790
2452
1108
921
1950
2734
2609
2445
1805
276
-1112
-2012
-1823
-1887
-1018
-146
7
167
-462
-1076
-1743
-1330
4
927
1241
1017
462
-68
-687
-384
316
694
1063
1487
2328
3030
2771
1225
1477
2650
3308
3188
1666
1026
720
-77
-567
-1200
-2206
-3616
-4544
-4972
-6627
-7564
-7783
-7798
-5888
-4484
-3157
-442
582
1195
2156
2523
3417
4284
5565
6680
6472
6367
6061
4948
3539
1759
710
-103
-694
-847
-1252
-2069
-2710
-3040
-3272
-3308
-3307
-2616
-1786
-803
273
1350
1989
1950
1886
2533
3641
3925
3639
3187
2820
2383
2099
1877
1123
-235
-1069
-721
-564
-1450
-2782
-3670
-4339
-4574
-3960
-3298
-3026
-2794
-2249
-1437
-439
-67
-285
-487
-199
657
1411
2168
2398
1853
914
709
1204
1550
967
77
-364
-132
686
139
-307
-697
-1702
-2087
-1895
-1125
-718
-946
-433
248
948
1129
187
-486
-1103
-232
536
789
1292
1325
854
-518
-1583
-2332
-2593
-1501
802
2692
3425
3618
4845
4899
2905
-258
-2037
-974
289
1800
2310
1255
-716
-3263
-5547
-7980
-9864
-9217
-7702
-4656
-1367
315
1461
1177
119
-195
579
2606
5092
7161
8835
8880
7587
5291
3066
762
-956
-1155
-476
319
554
-292
-1954
-3503
-4803
-5340
-4612
-2845
-942
800
2249
3301
3295
2819
1833
1088
1445
2965
4016
4126
4047
3245
1705
120
-872
-1661
-1898
-1960
-1625
-1131
-969
-2564
-4350
-4818
-5091
-4597
-3459
-1798
-673
-329
-344
-381
-365
-588
-1065
-584
727
1734
2800
2711
1694
340
-825
-803
45
812
900
937
1168
934
-174
-1189
-1622
-1822
-1318
-643
-94
424
761
-30
-843
-1553
-2084
-1621
-699
662
1278
1595
1692
1580
817
359
-861
-1945
-1739
-405
1777
3123
3919
5282
7178
7815
4673
-1188
-3431
-2572
-37
2274
3299
3160
669
-3157
-7046
-11651
-14242
-13409
-10227
-5244
-1431
1024
1615
633
-1077
-2153
-1303
1729
5456
9438
11809
11548
9208
5428
1667
-1290
-2436
-1752
-348
722
1310
79
-1550
-3865
-6146
-6857
-5885
-3171
-597
1696
3825
4370
3334
2321
1889
2344
2762
3594
4059
3868
3503
2546
1137
-716
-1862
-2674
-2681
-1147
273
242
-1148
-3305
-4132
-4046
-3525
-2430
-1737
-419
674
1149
1563
1127
5
-854
-838
756
2526
2917
2220
666
-350
-588
-785
-920
-707
192
1280
1570
1308
301
-1464
-2026
-2127
-1694
-670
209
610
257
98
-680
-1609
-2629
-2310
-1812
-1374
-65
-115
253
-1112
-3070
-3380
-3080
-1964
-2021
-2152
-187
1171
2507
6261
9319
9260
4128
-331
546
2788
4615
4149
2917
1871
-711
-4056
-8488
-13022
-15468
-14725
-11000
-5331
-591
1445
1136
25
177
1120
3233
6088
9148
12144
13153
11801
9558
6065
1693
-1633
-2821
-1966
-1402
-1573
-2175
-3409
-4385
-6005
-7387
-7107
-5291
-1989
1405
4904
6849
6542
5253
4385
4838
5227
5572
5417
4487
3341
1981
296
-2258
-4527
-5778
-6253
-5341
-3549
-2182
-2582
-4052
-4875
-4247
-2532
-1158
-302
374
1117
1733
1741
1687
1220
105
-566
-226
1288
2219
1501
-148
-1845
-1988
-1006
-148
328
427
1084
1887
2225
1961
954
96
-565
31
541
221
-390
-1294
-1097
-1726
-2081
-2194
-2568
-2432
-3432
-2722
-1914
-2336
-2566
-3123
-2146
-1758
-1186
226
682
2297
3898
7424
11762
11098
6206
564
-300
1962
2700
3342
2336
-384
-3374
-7003
-10746
-15417
-17326
-14680
-10156
-4284
161
2385
2710
1644
1598
3364
6751
10053
12510
14110
13788
11578
8242
3995
-519
-3676
-4460
-3794
-3542
-4189
-5985
-7741
-8508
-8309
-7221
-5939
-3214
567
4465
7932
9693
9502
7789
6531
6708
7860
8787
8017
5649
2755
93
-2796
-5473
-7424
-8450
-8042
-6971
-5176
-3749
-4408
-5824
-6161
-4340
-1325
1011
2464
2819
2841
2760
2098
1420
446
-973
-2097
-1334
429
1099
-173
-2702
-4168
-4513
-3553
-2139
-1006
641
2299
3938
4985
4711
3035
700
-4
1101
2837
4486
3608
1623
-529
-2132
-2574
-3699
-3217
-3160
-2790
-1244
-1128
-949
-3185
-5588
-5146
-3678
31
3316
4967
7506
9770
12400
11200
4510
-1045
-3350
-721
3080
4686
5307
2031
-3654
-9148
-15332
-19979
-21296
-18839
-12746
-6344
-688
2395
1774
593
-892
367
5365
10561
15540
18588
18801
15822
10197
4769
135
-3286
-4464
-4572
-3921
-3043
-4219
-6965
-9859
-10943
-9727
-7869
-4645
-122
4424
8375
10538
11120
10407
9125
8597
8719
10102
10714
8793
4804
105
-2988
-5011
-6313
-7806
-8592
-7777
-6814
-5591
-5907
-7200
-7472
-6178
-2645
1218
3738
4424
3663
3181
2664
2119
1803
377
-1250
-2062
-1546
-1095
-2309
-4128
-5644
-6066
-5476
-4141
-2456
-1051
-227
1205
3360
5337
5766
3678
1727
1248
2373
3615
3378
2489
927
-674
-578
-1171
-2468
-3377
-5311
-5040
-4730
-3323
-2114
-4880
-5271
-4180
-666
4512
8639
14265
15595
11482
4941
-371
1350
4260
4163
4858
5132
3335
-1392
-8344
-15141
-21340
-21920
-17167
-10617
-4165
-462
718
429
277
719
3007
6228
11250
16158
18047
17444
13449
8624
3587
-878
-3145
-3502
-3277
-4713
-6834
-8558
-10290
-11962
-12111
-10671
-8070
-4385
-500
3299
5669
6879
7423
8226
10222
11926
12181
10811
8918
5627
1996
-544
-2981
-4707
-6291
-6328
-5732
-5714
-5840
-7520
-9437
-10416
-8581
-3917
554
3937
5184
5241
5055
3992
3682
3904
4114
3874
3171
3155
2301
-250
-3458
-6469
-7636
-6729
-4860
-3057
-1927
-1001
287
1026
900
1760
2406
3494
4916
4889
5804
4638
3314
2035
-887
-215
-659
-910
-930
-3180
-3271
-4845
-5237
-4869
-6940
-4956
-1224
3202
7655
9134
9764
5058
-1784
-2892
-468
3638
5657
5112
3769
-619
-5387
-10716
-17253
-20215
-18406
-13149
-6281
-1329
1006
1011
-535
-928
93
3575
8663
12536
16173
18089
16230
11844
6104
1467
-1987
-3782
-2892
-1875
-2190
-4398
-7594
-10262
-11999
-12789
-12109
-8561
-2403
2943
5890
7639
7924
7421
7362
9458
12738
14426
14261
11965
8299
4396
276
-3097
-4771
-4732
-3982
-4135
-4642
-5436
-7543
-10773
-12386
-10570
-5929
-1065
1749
2639
1750
937
402
106
1624
3239
4219
5066
5583
5141
1918
-2167
-4805
-5580
-4236
-2400
-1773
-1732
-2431
-2923
-1897
-1306
98
417
1105
3750
4441
5249
3762
2283
1858
1198
1691
253
-535
-128
-733
-2047
-2924
-4796
-5946
-4856
-1847
2787
7089
10604
8953
1699
-5338
-6816
-3609
359
3859
5708
4199
-865
-5865
-12082
-18970
-21901
-19685
-12514
-4038
2765
5100
3760
1030
-943
-208
3467
9114
13944
17830
19004
17144
12768
7203
2155
-2302
-3646
-2316
-867
-1035
-2679
-5466
-8841
-10771
-11532
-11108
-8619
-3858
918
3633
5570
6536
6146
5971
7233
9665
12243
13708
12509
9477
6058
3506
1001
-1986
-2992
-3609
-4572
-5118
-5688
-6929
-9842
-11918
-11144
-8388
-4675
-1125
544
1073
999
-432
-1508
-1507
-472
420
1409
3267
4154
3119
705
-1381
-2367
-2244
-1599
-1011
-401
405
44
-1462
-2118
-2787
-2988
-2673
-656
2364
2384
2350
1791
675
1306
1326
1520
848
180
327
-1128
-1825
-181
2432
5601
9813
12193
9890
2588
-4560
-5269
-2613
982
4041
4617
3450
-1197
-8437
-15658
-21193
-21470
-17887
-12303
-4549
774
2837
2031
-345
-1062
-736
2650
8503
14155
18622
18841
15717
11675
6814
2200
-1348
-2327
-887
-487
-1211
-2362
-4687
-7592
-11076
-13200
-12039
-8393
-3639
99
3205
5696
5613
3641
2088
3188
5774
8792
11543
11654
9390
5182
930
-2194
-3540
-2993
-2067
-692
-7
-634
-3769
-7727
-9426
-9013
-6187
-2617
390
2330
2534
1894
607
-501
-510
-635
-478
946
2436
2557
514
-1930
-3221
-3429
-2133
-423
1109
2275
2391
1989
676
-646
-1152
-1038
-30
630
935
634
-507
-1969
-3298
-2941
-1781
-893
-19
-541
-1590
-1940
-349
5076
11096
14166
11220
3102
-2083
-2463
-900
1582
3145
4042
3383
-329
-5636
-13598
-21319
-23177
-20341
-14221
-7019
-1302
1784
1157
-822
-2060
-1672
2025
8039
13902
18938
20543
18682
14478
8664
4095
25
-1620
-1172
-1353
-1136
-1976
-4061
-7425
-10884
-12739
-13311
-11168
-6332
-1130
2498
4764
5210
3757
2736
3583
6475
9629
11550
11801
10005
7316
4350
930
-2255
-3700
-3695
-3010
-1943
-3096
-7052
-11535
-13067
-10565
-6743
-3055
-486
820
1735
2834
3667
3805
3445
2589
2150
2854
4777
5343
3135
-46
-2469
-2944
-2378
-1319
-710
-639
-248
-40
-412
-1378
-1577
-2598
-3213
-1304
728
3117
3159
1770
562
-1849
-1844
-1359
-526
2262
4528
8728
13160
11995
5726
-2619
-6921
-4429
-1023
2418
4764
3913
877
-4985
-10355
-15235
-19303
-19253
-17134
-12630
-6439
-2564
-1366
-2430
-4446
-4501
-2904
1176
7220
11998
15945
17214
15906
13012
7839
3347
811
943
3065
4099
3596
1762
-2219
-6538
-9632
-11093
-10637
-9410
-6109
-2016
876
2063
1274
1337
2712
5271
7925
10028
11877
12106
11328
9908
8109
5585
2541
146
-671
312
1038
-367
-4849
-10015
-13137
-13769
-12588
-10662
-8374
-7271
-6655
-5496
-3392
-605
595
879
1596
4092
7614
9067
8218
6320
4590
3041
2027
1816
2371
1880
-234
-1234
-2095
-1859
-2457
-5102
-6229
-6665
-4850
-3356
-2988
-1536
-1450
-1170
-776
631
4538
9068
13773
15799
13217
8180
3650
1598
1502
2363
3638
4009
2264
-2251
-8782
-15097
-20016
-22666
-22410
-19400
-13817
-7220
-2153
-71
-936
-3301
-4791
-3391
1776
8822
14922
18555
19445
18178
14826
10177
5416
1736
111
234
1489
2238
832
-2873
-8102
-12543
-14236
-13090
-9799
-6079
-2795
-63
954
868
838
1411
3106
5124
7312
9688
11733
12743
12170
10303
7794
5421
3219
2080
1576
-60
-2549
-5751
-7941
-8789
-9179
-8820
-9107
-9182
-8852
-8135
-6389
-4973
-3900
-3148
-1747
449
2117
3189
3825
4487
4885
4687
4786
5214
5325
5722
5852
5933
5640
3692
1622
-1460
-3771
-4260
-4589
-3506
-3710
-4370
-4796
-6344
-5494
-2935
1026
6697
10038
10093
7940
4577
3396
3677
4704
7509
9074
9261
6253
-8
-6614
-13602
-17733
-18697
-18030
-15212
-11845
-9140
-7711
-8893
-11064
-11662
-10021
-5176
941
7142
12279
14182
14249
12875
11353
10020
8296
7849
8871
10608
11556
10378
6657
906
-5746
-10719
-12339
-11476
-9157
-7069
-5448
-4841
-5574
-6356
-6373
-5127
-2920
120
3439
7289
10869
12295
11844
10074
8601
8186
8186
8994
9430
7664
4646
1068
-2170
-4630
-8161
-10945
-12163
-11756
-10056
-9656
-9024
-8640
-8919
-8966
-7904
-4148
-583
1515
2069
2335
3709
4742
5611
6186
7018
7718
7405
6621
5913
5248
3626
1669
227
-211
-706
-1970
-3978
-5977
-5986
-3574
2107
6943
6827
2337
-3170
-4623
-3520
-888
3246
7209
10033
9291
5347
-187
-6255
-11197
-13481
-13091
-9570
-4247
-762
439
-1225
-4611
-8349
-11972
-11975
-8140
-2495
3368
7127
9206
9481
6845
3186
-243
-1437
-100
2258
6433
10506
12230
10234
5229
-102
-4554
-6649
-5876
-2683
1240
3759
3845
2156
-301
-3235
-5462
-6417
-4909
-1964
465
2715
3960
4660
4297
3088
2937
3900
5233
5305
4242
3478
3564
3099
1643
89
-978
-1659
-2907
-3640
-4182
-4940
-6342
-8072
-8142
-7220
-5860
-5408
-5561
-5127
-4535
-3599
-2724
-1297
688
2250
3142
3260
3638
4938
5848
6357
5765
4071
2750
879
-8
-125
765
4330
7725
9237
7153
2180
-2227
-5207
-6100
-4294
-610
3825
6514
5643
2272
-2653
-7119
-9906
-11522
-11497
-10127
-7524
-3734
-532
975
222
-2640
-5241
-6074
-4658
-1597
1374
4228
6811
8556
9248
8394
6414
3558
457
-1044
213
3830
7326
8057
5664
1854
-1611
-4218
-5407
-5083
-3780
-2718
-2753
-2011
-105
1668
2023
409
-1157
-1943
-2330
-1920
-401
2020
4411
5672
6212
6529
5511
3174
202
-1622
-1192
-116
945
1267
765
-210
-2315
-4062
-4753
-5123
-5514
-6216
-5744
-3565
-1432
-540
-845
-1688
-2187
-2620
-3020
-2390
-1336
-71
1152
1765
2467
2837
2412
1739
805
85
-318
-1048
-758
394
1889
4351
6928
9377
9495
6664
3110
-139
-2021
-2143
-2
3670
6508
6556
4094
-127
-4944
-8622
-11043
-11536
-11060
-9649
-7083
-4331
-1729
-1031
-2358
-4890
-6795
-6618
-4604
-1613
1389
4181
6149
7407
7469
6520
4891
2486
880
773
2864
5941
7590
7345
5214
2571
138
-1800
-2614
-2636
-2419
-2664
-2814
-1997
-341
815
778
165
-598
-1022
-1309
-1074
-327
657
2102
3746
5564
6635
5720
2890
-259
-2293
-2746
-2165
-914
1086
2757
3185
1847
-320
-2109
-4089
-6535
-7759
-5963
-2205
834
1660
945
-474
-2163
-3720
-4647
-4079
-1977
295
1193
1170
936
272
-1044
-2513
-2978
-2453
-1623
-964
-454
-353
-460
68
2421
6631
9032
7779
4211
965
-221
-292
1045
3577
5808
6800
5878
3459
634
-2358
-5309
-7719
-9125
-8359
-6114
-3558
-1671
-1842
-3349
-5415
-6552
-5762
-4190
-2379
-1069
37
1479
2761
3703
4030
3735
2971
2053
1749
2989
4847
6102
6617
6022
4915
3229
1581
974
298
-805
-2248
-3328
-2899
-1817
-921
-220
-18
-364
-1393
-2549
-2613
-1706
-430
632
1558
3228
4927
5243
3509
976
-339
-872
-1201
-940
229
1861
2133
1042
289
104
-585
-2456
-4245
-4146
-2307
-625
0
117
-112
-338
-861
-1584
-1417
-1043
-1037
-1524
-1771
-682
127
-262
-1355
-2402
-2718
-3334
-4157
-4051
-2899
-1428
-410
830
3011
5275
5643
3484
767
-398
401
2237
4280
6215
7304
6883
4953
2329
409
-945
-2305
-3655
-4742
-4777
-4499
-4477
-4488
-4269
-3705
-3836
-4368
-4548
-4131
-3453
-3182
-2614
-1290
530
2051
2990
3494
3451
3167
2822
3157
4138
5168
5798
5480
4906
4453
3994
2945
1128
-567
-1433
-1531
-1383
-509
916
1956
1384
-767
-2688
-3887
-4210
-3761
-2220
382
2460
3147
2489
1333
202
-850
-1737
-1787
-659
761
1638
1389
1021
930
360
-883
-2437
-2907
-2316
-1432
-807
-559
-467
-636
-937
-1468
-1731
-1576
-1162
-723
-650
-471
-148
-129
-387
-665
-767
-832
-1480
-2187
-2215
-1773
-1394
-1665
-1541
144
2836
4756
4622
3145
1794
1119
1106
2193
4347
6553
7343
6459
4743
2850
794
-1551
-3354
-4355
-4543
-4325
-3855
-2670
-1719
-1616
-2734
-4303
-5060
-5407
-5673
-5872
-5151
-3069
-544
1385
2183
2064
1394
582
322
1274
3108
5134
6392
6608
6175
5061
3890
2785
1981
1498
749
31
-357
56
900
1015
106
-1455
-2917
-3864
-4250
-3913
-2872
-1672
-889
-385
332
1036
991
143
-705
-705
-33
634
1285
2045
2639
2366
1072
-346
-1249
-1562
-1681
-1839
-1684
-1165
-632
-262
74
248
-105
-1060
-2084
-2231
-1311
157
1309
1287
585
55
-94
-215
-909
-1751
-2205
-2404
-1928
-293
2476
5077
5308
3176
562
-951
-1097
-538
980
3401
5457
6242
5520
4007
2345
345
-1844
-3955
-5469
-5797
-5239
-4140
-2887
-2222
-2536
-3623
-4621
-4905
-4806
-4741
-4754
-4210
-2280
471
2885
4254
4181
2895
946
-526
-221
1941
4987
7384
8277
7987
6893
5333
3451
1393
-19
-637
-613
474
2198
3462
2833
-21
-3291
-5569
-6420
-6156
-5273
-3468
-1474
-55
918
1072
352
-1027
-2457
-2869
-1959
80
2394
3921
4419
3763
2308
980
-114
-1121
-1765
-2051
-2189
-1986
-1285
-390
208
281
-165
-936
-1259
-946
-390
532
1305
1252
673
-127
-973
-1645
-1940
-2203
-2786
-2673
-884
2336
5531
6571
4972
2252
90
-795
-280
1535
3573
4694
4689
3730
1935
-635
-3558
-6172
-7995
-8897
-8617
-6840
-4516
-2965
-2918
-4346
-6088
-7092
-6811
-5330
-3090
-429
1901
3718
5035
5659
5679
4710
3126
1889
1476
2300
4045
5939
7339
7958
7711
6301
4698
3719
2917
2363
2108
2264
3035
4452
5695
4889
2066
-1514
-4660
-6134
-6266
-5348
-4005
-3152
-2278
-1692
-1639
-2241
-3691
-4927
-5526
-4699
-2228
340
2605
3924
3382
1554
-347
-1322
-1751
-2140
-2149
-1766
-1057
-346
-165
-349
-1043
-2467
-3902
-4613
-3831
-1858
-163
748
1044
995
434
-291
-584
-935
-541
1996
6244
9838
10221
7701
4621
2251
564
355
2834
6643
8688
7457
3527
-1094
-4776
-7822
-10613
-12787
-13379
-11911
-8964
-5295
-2742
-3020
-5932
-9906
-12550
-12068
-9062
-4795
-658
2417
5088
7104
8351
8677
7458
5263
3124
3180
6288
10275
13106
13832
11967
8486
4738
1888
822
703
1068
1748
2528
3867
4905
3837
388
-4173
-7888
-9133
-8081
-4743
-721
1322
1553
491
-561
-1032
-1719
-1810
-1408
-387
1756
3507
4646
5022
3346
27
-3336
-4795
-4612
-4323
-3993
-4100
-4587
-5447
-6831
-7542
-7506
-7172
-6628
-6023
-4679
-2209
58
672
361
161
-29
326
3317
9910
16407
18056
14022
7998
4816
4138
3973
5467
8470
11009
10609
6259
345
-5649
-11340
-16240
-20103
-20493
-16755
-11856
-7846
-6294
-7787
-10872
-14033
-14716
-11457
-6193
-472
4986
9360
12665
14277
13269
10335
7360
5732
5211
6291
10121
14282
15402
13100
8307
2422
-2859
-5958
-6307
-5236
-3591
-1766
-903
-841
-1615
-3955
-7641
-10971
-10610
-6791
-2171
2886
6610
7344
6014
4206
4096
5013
5584
6473
6848
7733
9691
9767
7648
4379
309
-3777
-6559
-6392
-4557
-4181
-6459
-9818
-11789
-12314
-12364
-11819
-11057
-10198
-8728
-7298
-5556
-2457
248
736
-162
-870
1275
8954
19027
23747
19550
11248
5574
3802
4729
8085
12826
15718
13580
7308
-484
-9046
-16853
-21973
-25179
-25228
-19767
-11769
-5971
-4875
-8640
-15284
-20245
-18981
-11406
-704
9395
16022
18064
17029
15569
14327
12310
9663
8281
8870
10879
14605
17804
15363
7239
-1929
-9678
-14512
-14801
-11471
-7736
-5827
-5476
-6188
-7870
-9397
-10223
-11215
-11164
-6994
1159
8970
13204
14306
12454
7995
4658
5690
10151
14599
15958
13876
10832
8842
6731
2915
-1497
-4795
-6923
-8746
-9077
-6633
-5566
-9421
-15007
-18124
-17421
-14302
-10758
-7176
-4444
-3126
-2468
-2256
-1062
1920
3953
4255
7484
17312
28298
29481
18909
6402
-939
-3438
-1257
4828
11468
14210
9222
-1324
-12538
-22286
-28255
-30748
-30913
-25662
-16109
-7875
-3461
-3532
-7663
-13645
-16505
-11403
263
13813
25182
30363
28494
22795
16687
11991
9092
9103
11432
12959
13672
14260
11503
2609
-8995
-17693
-21808
-21455
-16084
-8514
-4313
-4552
-6729
-9742
-12957
-13134
-9656
-5391
-228
6248
12257
15185
14262
11589
8184
5231
6757
12154
16402
17135
13573
7106
182
-5206
-8029
-9042
-8427
-6029
-4469
-5604
-6817
-8160
-11651
-16266
-17219
-12170
-5698
-552
2653
3421
2210
134
-1082
-328
1836
4641
7537
12004
22142
30674
27285
13655
-550
-6160
-5530
-2010
5574
12473
11781
3490
-8223
-19713
-28313
-32524
-30589
-25254
-18022
-9538
-5536
-6154
-8721
-13318
-17537
-15733
-4938
10854
22723
27535
27685
23164
16907
12401
10333
11312
14031
16077
15413
12147
8948
3649
-7299
-17565
-20540
-17842
-13063
-8348
-4574
-4283
-7875
-10288
-10151
-7613
-1446
4942
8966
11042
12497
13294
11017
8300
7994
7386
7310
10073
13513
12972
6116
-2110
-8162
-11853
-11737
-9204
-7125
-6868
-8567
-11078
-12667
-12403
-10399
-9882
-9951
-6102
33
4576
5247
3697
1544
-356
16
3667
8529
10675
10348
10873
16561
22528
19543
8731
-2210
-5805
-3239
626
5212
9871
8609
-1192
-13797
-23743
-28507
-28702
-24654
-18598
-12157
-6754
-6231
-9249
-12483
-13970
-12757
-7793
1926
15214
25506
26908
21818
14462
8887
6743
7203
9852
12992
13947
10921
4666
-1635
-6969
-13228
-17960
-17892
-13354
-7661
-3855
-2172
-3300
-5565
-6779
-5206
33
7475
14518
17783
17020
14575
12474
10243
8432
8337
8741
8541
8531
9928
8502
1383
-7362
-12639
-11995
-8619
-6284
-5474
-6269
-9385
-13325
-14368
-11272
-6468
-4100
-4787
-4932
-1443
2982
3954
2489
662
104
904
2993
5130
5056
4535
6947
13843
18162
14055
4785
-3271
-5601
-4306
-535
4670
7914
6421
-326
-10150
-19642
-25242
-26619
-22445
-14560
-7821
-3905
-4240
-6497
-8762
-11091
-10613
-5006
4648
14301
20272
21853
19264
13913
8714
5294
5045
8140
11938
12311
8614
3238
-2323
-7974
-13797
-15837
-13906
-11401
-9321
-7536
-5486
-5327
-6383
-5879
-2354
3788
9506
12231
11711
10615
9339
8067
8315
10625
13002
11724
8756
7391
7547
5957
1162
-3102
-4405
-2981
-1768
-2960
-5902
-8996
-11285
-12138
-10029
-4885
-301
-1082
-4518
-5603
-3955
-1374
326
1497
2335
2346
1931
2057
1634
1097
2198
8346
17148
17845
9896
-59
-5221
-4839
-3513
-1287
2945
5853
2877
-4684
-14644
-23016
-26884
-25894
-19332
-11557
-5518
-3578
-6838
-9556
-9191
-7405
-3032
3781
10921
16610
19095
19160
17344
13266
8349
5774
7167
10968
13547
10631
3444
-3813
-8257
-10159
-11139
-9486
-7934
-8908
-9447
-8133
-5690
-4856
-4497
-2420
1571
7427
11797
13236
11848
9461
7816
6578
7557
10494
12088
9743
5150
1983
274
-2576
-6079
-7428
-6345
-4298
-3405
-5148
-8732
-11082
-11094
-9404
-5839
-1641
510
-386
-1746
-1269
769
2203
2740
3192
3564
4403
4865
3710
1223
553
5493
15031
19462
14009
3391
-5569
-6850
-4132
-677
2687
4475
3428
-2439
-9924
-17938
-24434
-26137
-22495
-14036
-6205
-2137
-3030
-7740
-11230
-11948
-7957
1355
11083
17330
18376
15774
13297
10760
7831
6125
7502
11273
13257
11555
5642
-2295
-8381
-12056
-12517
-9906
-6207
-4644
-7144
-9123
-8738
-8026
-7650
-6176
175
8479
13773
14257
11244
8687
6996
6541
7275
10033
13995
13049
8229
4301
2851
1953
-2294
-5490
-4701
-3069
-2761
-5333
-7897
-9301
-9723
-7895
-5323
-2639
-1820
-4631
-7570
-6947
-2100
2117
2188
1925
1732
1716
1768
612
125
-1137
-1045
3235
12208
21184
19209
7640
-5182
-9853
-5889
-1281
3980
6669
5582
976
-7424
-14626
-22257
-27656
-24697
-15905
-6429
-1453
-2343
-6992
-12026
-12871
-8933
-544
10159
17453
20485
19545
16875
13341
7284
4033
5988
11511
15984
14368
8053
-1037
-8719
-11982
-11360
-8748
-6146
-4498
-6219
-8787
-8672
-7786
-7813
-6518
-282
8453
13540
13108
9372
5086
2530
3269
6449
9647
11396
9664
4741
207
-887
701
-131
-1947
-1963
-882
-421
-3457
-6391
-7972
-7534
-3692
-331
1333
697
-2118
-6024
-8437
-5930
-721
2130
1512
565
19
-642
-2615
-4081
-5027
-5138
-400
6997
16506
21069
15400
3904
-6578
-7164
-1864
3133
7877
8755
6657
434
-9475
-17733
-25588
-26782
-19938
-10713
-4364
-5006
-8329
-13246
-16344
-12717
-5201
3659
10815
14830
17082
15634
12606
9318
7198
9805
15387
19761
19207
13835
5816
-2497
-7909
-7789
-4136
-1794
-2479
-4465
-7267
-10035
-11806
-12163
-10181
-5450
2746
8489
8769
6146
2023
-1078
-2167
1774
7905
10093
8914
5297
1963
511
881
2352
1771
948
2163
3595
1569
-3353
-5991
-6207
-4886
-1981
1016
1874
-676
-4930
-8468
-9219
-6607
-2792
-797
-299
952
1438
-384
-3114
-4507
-4086
-2477
2554
10533
18159
21319
16323
6264
-2919
-4873
245
4421
8083
9873
6843
-303
-11284
-19705
-25031
-26616
-21337
-12880
-7466
-8506
-13059
-17275
-18385
-14619
-7941
-1120
6250
13788
18521
16992
11588
9105
9870
13099
18414
22472
22485
17299
9264
2234
-1308
-1526
-516
-1772
-4617
-5592
-6696
-9293
-11941
-11766
-8626
-5125
-403
4090
4683
1295
-3120
-5285
-3831
1329
7468
9815
8305
5212
2319
824
429
1684
3119
3836
5078
5636
2760
-2976
-7344
-8839
-7562
-3871
573
2364
-424
-5115
-8899
-10054
-8632
-5254
-2350
-1026
-140
670
327
-1966
-3938
-3740
-867
4435
10618
15363
17122
15751
10169
2373
-2447
-954
5194
8142
9145
7236
1825
-4227
-12513
-17784
-20726
-20064
-15022
-10607
-9822
-11965
-13938
-15961
-15984
-13588
-7741
373
7601
11968
12429
10854
9463
10240
11616
14041
17162
17546
15585
12187
8465
5125
1466
-715
-718
-388
-850
-2571
-5419
-7666
-7861
-6394
-4494
-2197
771
2343
1718
314
-620
-1196
-1398
63
2665
4796
5400
4830
3891
2453
1346
782
1029
1759
1772
581
-2208
-4264
-4840
-4270
-2702
-1253
-809
-2341
-4506
-6293
-7276
-7029
-5544
-3848
-3116
-2728
-2716
-3484
-4876
-5600
-4258
-1168
2866
5598
6229
5406
4622
6213
8328
8537
6459
2960
1701
3848
5660
7448
6838
2988
-1188
-6697
-9594
-10293
-10883
-9599
-7961
-7982
-9223
-10502
-10943
-10289
-9237
-6601
-2445
1907
5392
8140
9248
7837
6176
4947
5838
9235
12356
13859
11689
6799
3096
1469
1842
2526
2239
1852
1757
1235
-534
-2296
-3062
-2833
-2199
-662
1871
3256
2721
119
-2968
-4743
-4362
-1543
1669
3677
3837
1616
-1760
-3190
-2116
-602
-797
-1213
315
1706
1953
1129
412
-530
-1812
-2033
-1481
-543
-1182
-2811
-4265
-5172
-4985
-4824
-4701
-4328
-3524
-3312
-3512
-3533
-3716
-3177
-2189
-1165
-1171
-2285
-1932
1122
4822
6321
5130
2324
930
1861
3207
5446
6674
6573
5483
2164
-280
-2662
-5674
-6972
-5748
-3281
-1881
-2057
-3253
-4643
-7024
-8536
-7133
-3274
1064
4255
5479
4246
2973
1824
1359
1927
3117
6174
9051
9838
8965
7125
4851
3149
2113
2068
3564
5018
6435
6882
5765
3806
835
-1261
-1837
-1202
-331
-380
-957
-2008
-3464
-5509
-7559
-8462
-7626
-5355
-2962
-1413
-942
-1913
-4316
-5944
-4827
-1366
2921
6040
7024
5379
1883
-731
-804
1186
2715
2655
1668
420
-575
-1720
-3094
-4817
-6037
-6432
-5901
-4676
-4719
-5825
-7512
-8125
-7054
-6068
-4973
-3847
-2438
-1058
300
2284
3828
4190
3659
4589
6657
8840
10672
10630
10117
7942
5156
3643
2946
2834
1999
950
-590
-2131
-4787
-7435
-7884
-6803
-4195
-2269
-2212
-3534
-4804
-5793
-5076
-2558
106
3300
4025
3176
3002
2509
2485
3122
4969
7974
9596
8727
6735
4449
2576
2144
3247
5179
6059
5073
3060
397
-2063
-4053
-4716
-3453
-1948
-769
-841
-2269
-4012
-5948
-6993
-6490
-4766
-2205
-221
68
-838
-1980
-2321
-1688
-333
1243
2343
2434
1917
1763
1455
-198
-2909
-4434
-3974
-2625
-2418
-4111
-6406
-8551
-9447
-8235
-5832
-3943
-3444
-4169
-4636
-4114
-3189
-2160
-1119
115
1951
4024
5975
7696
8227
7794
6526
5966
7401
9898
11409
10998
9407
6928
4613
2163
1306
2209
2862
2422
1491
453
-1122
-2624
-5003
-5678
-4454
-2685
-424
-553
-2698
-4575
-5594
-5246
-3365
-1608
90
695
-838
-1927
-2322
-2237
-1680
-897
1056
2646
2015
131
-1690
-2969
-3615
-2686
560
3956
4874
3240
537
-1368
-1910
-1344
653
3108
4860
5332
4068
2128
508
-271
280
1958
4218
6121
6356
4521
1429
-1444
-3025
-3383
-2543
-1449
-993
-2115
-4917
-7659
-9842
-10901
-10360
-8794
-7385
-6784
-6727
-6667
-6467
-6523
-5453
-3062
-616
1421
3127
4737
5277
4321
3192
3840
5820
7679
8663
9059
9132
8194
6599
4851
3391
2497
2986
4197
5612
5575
3985
2637
744
-636
-915
199
1494
2002
1080
10
-29
-980
-1406
-1780
-2130
-1652
-1355
-1438
-1999
-3649
-5478
-5817
-5511
-4216
-3266
-3903
-5051
-6643
-7374
-7045
-6343
-4733
-2783
-1486
-960
-1174
-1173
-1002
-1187
-421
2151
5580
7783
7789
6174
4354
2948
2863
4767
7239
8978
9192
8495
6592
3528
697
-516
133
994
1371
672
-889
-3342
-5848
-7467
-8351
-8233
-7273
-5994
-5847
-6894
-8324
-8815
-8183
-6874
-4566
-1609
1028
1982
1682
1197
1432
2167
2699
3545
4690
5564
5449
4527
3223
2261
2000
2079
2959
4021
5002
5065
3748
2076
1373
2066
3218
4739
5598
5527
4300
3281
3412
3818
3906
2938
2047
1007
281
-87
-948
-2386
-3802
-4562
-5024
-5463
-6873
-8039
-8461
-8502
-8065
-8413
-8707
-8286
-7921
-7316
-6231
-4745
-3425
-3283
-3534
-2993
-2160
-941
954
3116
4929
5594
5588
5617
5481
5300
5257
5669
6631
7066
6455
5061
3837
3350
2724
2253
2311
2564
2368
1176
-402
-1591
-2267
-2722
-3160
-3404
-2958
-2287
-1961
-2402
-2938
-2977
-2490
-1166
424
1708
1863
1249
336
112
683
1583
2582
2482
1888
1000
63
-800
-1500
-1956
-1922
-1615
-1150
-503
-640
-1385
-2515
-2419
-870
1452
3403
4473
4765
4401
4486
5149
6294
6401
6138
5797
5521
4485
2778
1813
640
-206
-1661
-2912
-4035
-5504
-6702
-7483
-7944
-8773
-8957
-9269
-8645
-7729
-7540
-7200
-7438
-6867
-5617
-4405
-3087
-1506
-227
360
491
265
893
1409
1709
2564
3632
4834
5164
4544
3474
2352
1458
1724
3277
4768
5217
4404
3420
2848
2600
2422
2431
2532
2696
3014
3013
2579
1720
982
931
1724
2791
3747
3921
2931
1372
-186
-842
-653
113
1089
1697
1442
298
-1546
-3388
-4415
-4335
-2791
-1339
-1018
-1955
-3704
-5286
-6274
-6033
-4452
-2130
-455
201
342
407
451
483
882
1975
3952
5552
6030
5766
4533
3511
3071
2728
2972
2848
2321
1665
609
-1231
-3197
-4946
-5881
-5004
-3959
-3141
-3759
-5604
-7253
-8152
-7924
-6707
-4312
-2423
-1336
-1441
-2278
-2870
-3622
-3308
-1720
-154
284
-86
-558
-893
-1606
-2629
-2156
-571
1113
2307
2378
1804
812
198
726
2079
3506
4737
5546
5541
4889
4080
3848
4219
4968
6170
7284
7672
7297
6462
5814
5447
5145
5162
5223
5024
4794
4306
3247
1686
-213
-1756
-2487
-2781
-2748
-2784
-3587
-4790
-5841
-6256
-6165
-6084
-5854
-5522
-4776
-3814
-3111
-2741
-3276
-4088
-4263
-3542
-2200
-935
-112
-87
-508
-1119
-1418
-1293
-1155
-823
-25
1187
1855
1798
1294
800
837
1293
2215
3331
3714
3359
2786
2494
2026
1331
1036
573
571
312
-143
-245
-985
-1951
-2971
-4187
-4919
-4652
-4632
-4768
-5049
-5186
-4553
-4878
-5672
-5584
-4851
-3805
-3054
-2780
-2199
-1656
-1250
-314
700
1573
2180
2802
3748
4665
5213
5364
5554
6140
7258
8765
9823
9944
9455
8823
8590
8456
8283
8240
8089
7528
6739
5910
4716
3332
1575
137
-777
-1434
-1751
-2615
-3922
-5288
-6046
-6123
-6207
-6298
-6214
-6244
-6669
-6955
-6731
-5929
-5439
-5589
-5874
-5948
-5383
-4385
-3661
-3837
-4582
-5076
-4541
-3479
-2568
-1825
-1360
-957
-840
-688
-92
550
1077
1688
2530
3588
4457
4876
4979
4813
4202
3764
4176
5048
5989
5764
4471
2958
1766
1196
761
398
-246
-604
-1136
-1875
-2494
-3659
-4808
-5720
-6010
-5412
-4386
-3747
-3574
-3875
-4670
-4949
-4658
-3777
-2387
-1303
-438
185
294
180
251
886
2189
3644
4773
5701
6183
6118
5993
6265
6939
7467
7703
7928
8351
8319
7537
6833
6355
5958
5448
4613
3917
3158
2069
1216
663
90
-568
-1440
-2396
-2831
-3045
-3430
-4417
-5984
-6908
-7045
-7075
-7534
-8087
-8336
-8403
-8434
-8308
-7708
-7126
-6813
-6533
-6076
-5538
-5013
-4307
-3488
-2559
-1636
-785
-24
377
887
1853
2631
2886
2668
2463
2739
3131
3414
3923
4267
4235
3960
3514
3654
4208
4736
5228
5294
4701
3921
3283
3192
3486
3595
3566
3163
2231
707
-470
-1267
-1967
-2404
-2850
-2871
-2915
-3543
-4165
-4441
-4721
-4402
-4077
-4097
-3790
-3786
-3381
-2726
-2484
-1708
-777
-171
565
1037
1440
1814
1860
2509
3664
4561
5175
5548
5786
5685
5224
5003
5170
5344
5198
5033
4910
4335
3317
2381
1583
827
137
-495
-552
-659
-916
-1159
-1854
-2555
-3124
-3416
-3724
-4263
-4764
-5005
-5158
-5435
-5641
-5629
-5619
-5844
-6014
-6108
-5894
-5372
-4742
-4053
-3691
-3658
-3513
-3098
-2583
-1980
-1600
-1260
-715
-174
593
1239
1593
1870
2058
2473
3055
3782
4442
4729
4741
4608
4551
4379
4328
4603
5206
5617
5534
5516
5558
5652
5302
4741
4399
4362
4583
4623
3991
2465
688
-676
-1076
-1366
-1765
-2557
-3762
-4605
-5313
-5552
-5771
-5968
-5826
-5235
-4867
-4749
-4381
-4058
-3334
-3178
-3195
-2733
-2267
-1391
-473
247
656
554
251
412
966
1638
2283
2434
2399
2384
2454
2682
2747
2556
2238
1876
1610
1595
1661
1540
1178
861
801
1013
976
655
519
344
239
46
-148
-137
-419
-1039
-1502
-1699
-1627
-1554
-1909
-2419
-3127
-3640
-3494
-3007
-2603
-2613
-2890
-3008
-2812
-2472
-2018
-1707
-1536
-1309
-875
-100
670
1218
1520
1708
2096
2729
3473
4023
4167
4255
4484
4806
4885
4357
3491
2670
2278
2303
2331
1924
998
-148
-1033
-1254
-1084
-675
-327
-126
1
-222
-549
-873
-850
-343
338
898
1067
750
33
-696
-1491
-1898
-2124
-2434
-2431
-2539
-2546
-2760
-3465
-3992
-4091
-3884
-3378
-2931
-2738
-2510
-2620
-2625
-2386
-2117
-1349
-492
239
664
633
632
844
1300
2157
3074
3593
3671
3409
3263
3231
3009
2863
2760
2655
2475
2048
1621
1128
545
2
-374
-423
-180
99
-12
-461
-963
-1141
-880
-403
218
663
619
175
-65
158
576
790
664
725
896
1101
1373
1306
877
197
-294
-174
235
274
-198
-1097
-2066
-2410
-2243
-1839
-1625
-1869
-2029
-1951
-1804
-1628
-1475
-1293
-860
-297
194
453
162
-277
-484
-531
-398
-71
319
519
429
76
-66
42
111
372
707
987
1248
1464
1473
1369
1116
820
1049
1391
1836
2294
2189
1640
925
229
-152
-87
-229
-370
-721
-1527
-1954
-2276
-2468
-2317
-2236
-2215
-2022
-2175
-2476
-2575
-2902
-2891
-2649
-2407
-1792
-1217
-877
-753
-1051
-1423
-1268
-615
404
1404
1942
2104
2112
2252
2561
2867
2900
2714
2873
3407
4089
4720
4742
4333
3948
3538
3517
3713
3536
3172
2594
1949
1803
1857
1635
1104
118
-873
-1397
-1700
-1877
-1972
-2351
-2989
-3499
-3871
-3957
-3990
-4404
-4758
-4829
-4624
-4190
-3922
-3977
-4154
-4323
-4164
-3383
-2366
-1516
-1197
-1369
-1307
-807
-126
447
759
1107
1730
2464
3072
3445
3436
3199
3157
3310
3576
3816
3684
3413
3263
3053
2888
2625
2184
2090
2170
2074
1892
1459
1091
1031
906
733
508
-122
-812
-1260
-1460
-1368
-1609
-2099
-2539
-2823
-3058
-3598
-4124
-4547
-4483
-4001
-3444
-3059
-3157
-3572
-3833
-3370
-2527
-1501
-1016
-1053
-828
-457
311
815
1008
1257
1498
1982
2534
2967
2937
2466
1832
1841
2496
3258
4008
4187
4105
3640
2928
2436
2056
1981
2045
2409
2850
2882
2228
958
-322
-1170
-1278
-1054
-796
-954
-1530
-2028
-2410
-2439
-2548
-2814
-3058
-3058
-2662
-2266
-2089
-2267
-2404
-2291
-1835
-1212
-712
-398
-319
-138
129
448
594
483
488
744
1234
1589
1637
1426
1188
1113
1179
1419
1607
1689
1664
1563
1481
1318
1026
761
783
1132
1552
1600
1099
387
-143
-326
-257
-253
-426
-803
-1153
-1215
-1163
-1173
-1577
-1999
-2091
-1924
-1693
-1958
-2401
-2661
-2324
-1575
-818
-514
-845
-1298
-1800
-1651
-1313
-823
-299
-51
343
297
152
-210
-375
-124
401
1058
1388
1573
1244
954
488
86
-63
-237
72
273
422
249
-199
-552
-812
-728
-401
157
605
813
657
379
324
451
935
1395
1747
2004
2022
2111
2062
1904
1794
1752
2018
2282
2366
2167
1848
1659
1665
1716
1556
1372
1175
1252
1342
1182
789
62
-420
-721
-781
-829
-1161
-1490
-1858
-2031
-2121
-2259
-2411
-2507
-2453
-2219
-1873
-1679
-1544
-1597
-1626
-1485
-1318
-1013
-863
-805
-803
-853
-813
-707
-550
-363
-201
-228
-360
-708
-989
-1052
-887
-373
58
382
314
24
-220
-285
12
357
673
650
485
172
-97
-277
-524
-573
-675
-566
-460
-378
-356
-465
-440
-384
-99
140
426
668
878
1084
1113
1226
1304
1590
1927
2198
2338
2198
2008
1760
1648
1531
1448
1351
1189
1077
882
716
460
162
-146
-359
-405
-314
-144
-142
-288
-567
-719
-669
-510
-433
-581
-807
-962
-850
-532
-139
57
3
-204
-340
-192
120
509
663
566
330
125
80
80
58
-102
-258
-283
-107
141
274
199
-41
-208
-250
-120
19
56
-20
-159
-234
-302
-385
-591
-771
-816
-727
-548
-490
-538
-761
-1000
-1182
-1227
-1097
-970
-880
-969
-1124
-1295
-1384
-1333
-1230
-1063
-970
-893
-834
-669
-368
-53
202
237
173
70
72
233
466
725
884
1004
1086
1138
1076
864
647
571
706
857
895
761
612
570
617
713
730
708
692
850
1166
1541
1812
1897
1950
2019
2196
2329
2422
2455
2400
2277
1984
1660
1341
1186
1066
785
217
-701
-1655
-2492
-2983
-3190
-3314
-3452
-3738
-4044
-4376
-4644
-4797
-4747
-4340
-3686
-2903
-2303
-1987
-1885
-1830
-1556
-1071
-404
286
957
1598
2097
2371
2371
2266
2218
2368
2662
2930
3052
2932
2625
2218
1849
1633
1560
1593
1652
1689
1642
1477
1224
973
854
871
965
1020
971
778
458
62
-343
-661
-865
-959
-983
-1025
-1144
-1387
-1701
-2025
-2315
-2539
-2700
-2753
-2718
-2616
-2527
-2488
-2452
-2378
-2159
-1817
-1325
-756
-207
286
695
1119
1603
2154
2659
2952
3029
2996
3038
3197
3359
3341
3067
2665
2291
2025
1766
1349
737
97
-322
-446
-405
-453
-721
-1165
-1642
-2023
-2289
-2405
-2391
-2271
-2100
-1996
-2038
-2258
-2568
-2786
-2803
-2584
-2215
-1875
-1616
-1482
-1419
-1332
-1203
-970
-676
-413
-259
-219
-225
-130
129
522
944
1201
1260
1162
1082
1166
1402
1777
2242
2782
3378
3814
3893
3572
2957
2408
2172
2298
2655
2943
3002
2760
2230
1532
760
44
-428
-643
-687
-756
-1067
-1633
-2350
-3006
-3424
-3577
-3534
-3382
-3187
-2938
-2649
-2349
-2045
-1768
-1472
-1101
-682
-288
-15
120
228
447
862
1383
1834
2118
2235
2307
2415
2513
2561
2487
2298
2119
1979
1887
1771
1520
1169
810
485
275
139
-29
-226
-390
-466
-506
-564
-773
-1196
-1752
-2383
-2875
-2986
-2811
-2581
-2481
-2606
-2818
-2994
-3149
-3250
-3295
-3294
-3186
-2959
-2634
-2258
-1992
-1959
-2015
-1938
-1617
-1014
-288
375
947
1396
1718
2031
2374
2771
3242
3617
3818
3878
3761
3502
3269
3197
3309
3516
3542
3216
2698
2128
1569
1143
879
760
835
930
824
535
7
-607
-985
-1024
-758
-338
-76
-86
-171
-283
-431
-565
-670
-646
-383
-86
46
6
-228
-487
-627
-681
-690
-699
-790
-883
-926
-999
-1094
-1206
-1270
-1186
-992
-871
-964
-1201
-1413
-1387
-1058
-606
-274
-138
-167
-255
-314
-392
-478
-508
-428
-238
-31
49
-61
-272
-445
-496
-439
-341
-275
-237
-230
-274
-370
-512
-604
-559
-346
-35
242
388
386
318
265
298
436
631
816
940
981
973
976
1011
1094
1180
1235
1238
1169
1026
826
627
497
514
708
977
1155
1076
697
212
-136
-190
43
344
527
507
296
20
-257
-529
-692
-728
-639
-444
-317
-341
-548
-833
-997
-976
-780
-568
-494
-547
-675
-769
-742
-664
-582
-512
-467
-372
-267
-195
-151
-138
-30
176
388
503
423
231
100
112
260
411
408
307
180
149
269
393
460
408
288
252
331
471
572
516
332
126
-4
12
98
195
210
101
-81
-292
-440
-505
-496
-456
-459
-566
-737
-927
-1038
-1054
-1065
-1094
-1226
-1389
-1487
-1452
-1218
-864
-518
-275
-166
-118
-67
13
97
172
277
441
666
897
1096
1192
1250
1330
1448
1621
1721
1758
1707
1601
1498
1358
1221
1067
969
966
1065
1213
1266
1202
989
739
550
431
367
255
102
-89
-253
-424
-659
-950
-1238
-1384
-1404
-1317
-1241
-1233
-1273
-1363
-1464
-1596
-1719
-1786
-1741
-1620
-1501
-1432
-1437
-1448
-1451
-1423
-1348
-1215
-993
-749
-550
-449
-442
-437
-358
-169
54
240
346
393
432
510
675
874
1091
1257
1401
1510
1563
1580
1525
1458
1377
1385
1496
1696
1914
2014
1968
1749
1477
1237
1120
1102
1129
1127
1019
836
561
302
86
-56
-138
-228
-343
-525
-718
-905
-1037
-1134
-1185
-1232
-1303
-1379
-1476
-1546
-1607
-1626
-1602
-1526
-1404
-1281
-1185
-1171
-1243
-1390
-1548
-1643
-1628
-1483
-1262
-1028
-861
-783
-776
-781
-723
-570
-310
33
398
719
931
1025
1047
1049
1097
1221
1392
1557
1685
1755
1788
1821
1838
1839
1808
1760
1707
1640
1573
1496
1408
1308
1199
1067
926
769
611
481
363
249
98
-73
-256
-423
-529
-586
-616
-682
-795
-936
-1077
-1168
-1174
-1079
-934
-781
-698
-706
-789
-910
-981
-965
-843
-661
-497
-397
-403
-513
-671
-799
-833
-757
-631
-524
-485
-533
-634
-730
-757
-688
-550
-395
-270
-190
-138
-90
-35
20
44
5
-90
-224
-332
-356
-301
-191
-74
-11
-38
-134
-222
-215
-62
225
572
880
1075
1117
1045
955
944
1052
1260
1512
1716
1799
1716
1486
1213
996
886
860
901
976
1001
917
728
508
293
98
-56
-131
-131
-162
-266
-437
-644
-879
-1097
-1208
-1156
-984
-793
-639
-553
-569
-695
-850
-906
-818
-659
-520
-437
-400
-420
-495
-532
-418
-158
111
257
276
205
38
-180
-309
-225
28
295
459
540
552
447
281
194
293
508
710
849
908
845
640
389
229
185
171
145
107
91
48
-95
-289
-482
-693
-950
-1221
-1410
-1467
-1434
-1374
-1288
-1187
-1155
-1253
-1460
-1627
-1609
-1379
-1003
-590
-213
63
190
180
93
28
56
195
407
660
975
1286
1450
1386
1202
1093
1112
1162
1197
1312
1546
1770
1822
1771
1820
1935
1875
1562
1216
1066
1031
880
607
480
585
646
441
98
-106
-195
-404
-759
-950
-798
-563
-577
-802
-906
-836
-887
-1204
-1552
-1641
-1522
-1417
-1381
-1281
-1110
-1054
-1195
-1354
-1333
-1187
-1036
-913
-789
-668
-602
-580
-536
-427
-287
-130
32
101
-27
-225
-231
-2
262
336
272
231
179
34
-161
-194
12
226
244
209
319
457
451
350
381
666
985
1056
919
835
890
1006
1156
1326
1451
1458
1336
1126
938
852
860
955
1077
1043
859
705
595
468
326
215
158
124
18
-95
-37
130
147
-83
-389
-607
-691
-723
-780
-805
-730
-651
-688
-806
-966
-1163
-1283
-1255
-1158
-1082
-1106
-1243
-1373
-1392
-1330
-1212
-1035
-913
-918
-955
-949
-921
-858
-736
-526
-243
-4
88
123
239
422
587
675
732
801
900
982
1058
1233
1441
1517
1432
1292
1196
1161
1138
1121
1168
1233
1196
1026
812
591
352
159
42
19
31
-50
-259
-485
-660
-846
-1027
-1152
-1176
-1105
-1046
-1087
-1141
-1151
-1249
-1431
-1478
-1277
-977
-820
-825
-767
-542
-362
-331
-213
62
241
189
112
272
613
842
862
953
1181
1280
1186
1096
1118
1127
1043
998
1140
1398
1510
1362
1121
886
639
424
349
410
534
635
619
517
394
285
184
59
-76
-178
-238
-335
-488
-616
-669
-697
-776
-907
-1033
-1132
-1212
-1273
-1253
-1173
-1124
-1118
-1142
-1181
-1239
-1297
-1296
-1250
-1192
-1145
-1068
-927
-779
-642
-482
-302
-148
-15
156
391
631
778
846
858
804
695
611
634
727
815
873
915
888
721
493
346
323
345
339
338
361
345
285
234
201
134
-24
-186
-229
-165
-28
149
326
438
445
382
316
298
343
448
587
726
825
879
864
729
505
281
129
60
60
131
247
293
175
-66
-299
-421
-457
-467
-435
-404
-422
-515
-677
-858
-1040
-1164
-1186
-1117
-1059
-1101
-1186
-1233
-1208
-1115
-952
-738
-578
-542
-591
-585
-472
-330
-243
-238
-239
-191
-40
202
453
665
768
790
819
922
1123
1362
1544
1563
1436
1236
1063
1010
1064
1176
1259
1217
1045
814
634
525
435
313
168
37
-91
-230
-385
-562
-740
-902
-1008
-1058
-1102
-1159
-1205
-1178
-1097
-1031
-1035
-1114
-1184
-1158
-987
-744
-528
-404
-363
-321
-273
-211
-100
45
193
340
480
625
741
758
707
668
717
857
1039
1207
1291
1272
1188
1095
992
872
742
634
567
506
401
212
-63
-350
-554
-616
-548
-467
-460
-539
-665
-758
-760
-675
-571
-501
-481
-463
-429
-413
-418
-448
-480
-487
-475
-450
-409
-399
-434
-525
-659
-783
-856
-837
-708
-496
-255
-91
-102
-233
-296
-173
106
366
503
563
599
658
734
781
806
784
746
721
673
595
498
488
609
774
849
785
645
517
425
320
190
53
-67
-156
-196
-176
-107
-12
81
199
369
593
780
869
830
673
439
228
144
205
329
349
214
59
24
109
150
13
-248
-509
-754
-1039
-1346
-1563
-1604
-1499
-1397
-1371
-1365
-1316
-1209
-1067
-869
-621
-396
-348
-487
-644
-669
-593
-540
-507
-412
-278
-249
-342
-369
-160
178
415
502
538
585
572
481
444
549
724
831
841
830
805
749
701
752
935
1104
1132
1056
988
969
947
925
970
1071
1107
1020
875
758
673
557
388
231
116
14
-89
-207
-327
-491
-701
-879
-987
-1056
-1141
-1210
-1186
-1071
-966
-938
-934
-911
-867
-828
-807
-773
-721
-672
-648
-656
-686
-709
-628
-417
-186
-75
-122
-205
-222
-197
-189
-174
-47
186
391
473
466
476
540
611
662
689
683
627
527
442
435
512
629
751
849
865
748
558
404
356
382
416
448
499
556
608
654
675
636
531
391
242
106
-17
-109
-157
-177
-191
-183
-144
-155
-299
-535
-721
-783
-767
-725
-672
-628
-657
-766
-838
-807
-756
-783
-894
-981
-988
-910
-759
-566
-387
-323
-373
-438
-431
-367
-303
-216
-98
52
205
321
369
322
224
139
131
200
319
458
542
580
596
606
607
561
494
454
489
612
760
828
745
543
319
157
68
48
116
220
309
341
324
287
218
105
-8
-34
55
163
180
84
-88
-274
-431
-501
-470
-384
-283
-199
-108
-28
12
-3
-70
-114
-141
-142
-86
19
141
188
155
75
13
-12
-11
17
74
178
280
339
325
192
-48
-329
-549
-651
-637
-556
-441
-279
-101
44
111
66
-27
-130
-218
-222
-145
-47
-39
-144
-275
-350
-333
-287
-245
-188
-104
27
152
227
204
49
-178
-370
-435
-400
-330
-282
-273
-264
-251
-218
-164
-106
-75
-89
-100
-90
-57
-29
-6
1
-29
-89
-148
-160
-132
-71
19
131
261
364
424
433
426
414
413
462
535
596
629
642
678
749
841
949
1057
1145
1185
1155
1078
963
838
731
667
656
683
692
614
445
240
58
-50
-79
-92
-129
-236
-417
-616
-803
-950
-1054
-1099
-1048
-894
-709
-590
-592
-681
-768
-807
-791
-746
-701
-676
-678
-670
-626
-547
-459
-400
-360
-340
-310
-260
-211
-207
-265
-310
-317
-311
-359
-454
-502
-500
-485
-500
-517
-471
-403
-335
-263
-143
-3
60
47
31
130
304
423
461
472
541
616
645
665
732
827
813
726
712
820
955
957
879
841
859
841
744
675
667
678
640
537
458
368
226
31
-154
-229
-236
-214
-197
-173
-148
-174
-249
-332
-365
-335
-255
-186
-166
-200
-311
-457
-595
-669
-639
-549
-461
-438
-449
-432
-371
-292
-235
-186
-109
22
172
285
314
275
205
107
28
34
155
311
383
371
378
448
502
465
360
282
256
217
112
-11
-96
-148
-215
-299
-323
-285
-242
-251
-272
-225
-126
-21
24
2
-77
-217
-364
-508
-609
-608
-515
-369
-266
-245
-257
-273
-280
-304
-309
-225
-96
-28
-56
-101
-67
22
69
67
78
114
142
143
180
308
475
578
552
446
343
270
229
218
254
339
428
469
430
338
232
139
97
119
178
230
221
135
18
-97
-186
-240
-270
-267
-220
-129
-6
111
192
223
199
146
68
-18
-97
-172
-220
-244
-249
-248
-243
-238
-219
-179
-127
-52
25
81
90
27
-86
-219
-333
-390
-373
-295
-211
-164
-172
-224
-269
-285
-262
-195
-136
-130
-195
-290
-347
-346
-272
-150
-9
111
172
213
271
358
425
438
420
381
343
319
330
398
504
597
656
680
663
633
610
615
645
657
628
527
366
223
159
210
332
439
456
357
193
17
-117
-201
-268
-331
-430
-576
-765
-994
-1197
-1326
-1332
-1197
-1043
-957
-978
-1075
-1135
-1107
-1018
-884
-735
-582
-416
-283
-197
-147
-122
-74
13
123
218
288
348
419
489
509
451
335
270
340
530
728
812
779
671
565
492
449
439
441
435
417
382
318
229
122
39
2
-25
-73
-165
-271
-337
-330
-258
-166
-92
-40
-7
8
-1
-36
-80
-76
2
160
339
480
555
538
437
282
171
202
345
457
432
299
157
71
12
-73
-131
-119
-108
-190
-356
-460
-412
-295
-220
-216
-213
-227
-346
-518
-583
-437
-192
-39
3
64
208
303
262
194
243
383
456
378
241
151
101
44
20
90
191
189
32
-167
-275
-270
-258
-259
-209
-118
-71
-158
-306
-389
-391
-359
-357
-379
-361
-326
-300
-267
-258
-293
-392
-524
-601
-587
-515
-447
-431
-462
-522
-572
-556
-462
-320
-185
-96
-43
-13
27
113
255
421
549
613
614
586
580
611
665
714
774
882
980
983
889
758
669
649
693
815
975
1074
1049
880
658
479
409
481
619
721
734
644
464
222
17
-33
39
77
-11
-179
-348
-512
-665
-739
-707
-661
-713
-869
-1008
-1040
-1001
-937
-914
-939
-973
-1024
-1088
-1140
-1132
-1008
-861
-786
-785
-793
-756
-719
-714
-680
-535
-291
-42
132
238
315
335
308
324
453
674
875
943
891
791
686
600
548
541
568
565
489
343
198
136
122
106
79
60
55
29
-9
-9
42
111
149
150
123
85
41
2
-10
19
75
125
122
53
-44
-145
-216
-242
-218
-145
-64
0
22
-13
-95
-200
-289
-318
-280
-211
-131
-54
-5
10
-7
-38
-58
-44
17
137
283
405
480
471
394
306
238
222
229
230
216
182
111
-7
-134
-222
-241
-234
-241
-274
-314
-360
-438
-530
-577
-532
-426
-312
-218
-159
-152
-212
-307
-355
-278
-92
114
274
353
356
296
200
111
77
112
187
251
291
298
266
203
123
78
94
154
216
257
274
263
237
182
104
28
-15
-19
-16
-17
-10
15
27
12
-24
-59
-76
-126
-199
-261
-305
-328
-341
-331
-286
-233
-195
-182
-188
-201
-208
-213
-188
-130
-69
-29
-22
-19
-23
-33
-25
25
131
245
337
378
376
346
285
226
179
190
214
216
206
175
145
101
63
61
103
163
181
163
116
57
-18
-105
-185
-255
-316
-379
-401
-377
-319
-248
-191
-152
-143
-136
-137
-114
-63
4
64
70
41
-38
-119
-201
-251
-227
-165
-55
28
90
125
150
187
204
241
246
267
278
261
262
243
246
230
203
168
117
93
71
89
100
102
90
28
-37
-114
-159
-164
-139
-88
-63
-52
-92
-157
-218
-277
-280
-267
-205
-126
-74
-48
-79
-110
-144
-145
-99
-48
6
6
-15
-36
-61
-61
-57
-21
27
64
98
68
28
-21
-42
-28
-9
57
105
153
136
78
53
41
105
146
169
163
122
115
74
58
50
67
121
139
155
128
94
39
-26
-48
-69
-49
-62
-81
-74
-59
-15
-52
-108
-148
-132
-52
-25
-14
-44
-73
-95
-124
-102
-72
5
67
86
48
-34
-74
-96
-79
-55
-27
14
19
9
-28
-29
-23
-27
-12
-10
10
9
19
37
52
62
40
23
7
2
-8
-24
-26
-29
-2
21
47
69
81
96
78
59
40
43
51
38
12
-26
-53
-75
-73
-50
-24
-4
-2
8
10
9
7
14
31
37
24
-8
-36
-54
-60
-49
-21
12
30
29
20
12
11
12
39
67
77
49
0
-42
-75
-83
-73
-46
-26
-18
-20
-34
-58
-85
-73
-45
-7
19
26
23
9
-17
-54
-74
-72
-49
-14
28
66
91
96
77
50
15
-3
2
25
51
54
35
10
-5
-10
1
30
56
62
54
37
19
13
14
9
2
-14
-42
-60
-72
-71
-54
-48
-41
-25
0
27
29
16
-7
-36
-58
-68
-66
-45
-7
38
70
69
50
26
19
29
34
41
40
35
30
25
16
13
10
10
3
-19
-28
-21
0
21
38
34
4
-26
-61
-71
-60
-33
13
47
61
51
31
12
1
-7
-17
-17
-17
-15
-19
-36
-58
-80
-79
-50
-23
-7
-16
-34
-54
-58
-57
-56
-45
-41
-38
-44
-54
-66
-69
-54
-19
15
37
46
39
42
54
61
55
31
8
-10
-7
9
26
41
45
44
47
50
42
32
34
49
64
67
62
49
25
-10
-38
-49
-46
-45
-35
-5
23
55
75
79
66
40
27
17
9
-4
-19
-17
10
48
72
85
78
59
46
35
47
53
62
68
56
23
-31
-75
-93
-72
-36
-1
22
32
33
3
-41
-83
-105
-108
-111
-134
-168
-179
-168
-150
-135
-144
-171
-216
-258
-267
-248
-208
-162
-117
-80
-67
-76
-95
-115
-119
-107
-60
23
116
188
211
188
142
114
115
148
189
208
206
186
148
110
78
58
51
42
34
30
49
74
86
74
34
-11
-47
-46
-19
11
39
52
51
50
54
73
112
157
195
217
219
210
188
162
130
91
50
21
8
6
16
28
22
13
-1
-10
-13
-39
-92
-148
-194
-213
-186
-125
-66
-32
-38
-69
-104
-108
-91
-61
-34
-34
-61
-120
-172
-202
-205
-174
-135
-102
-73
-48
-34
-23
-19
-22
-37
-86
-148
-213
-224
-183
-118
-43
20
51
53
57
52
67
96
125
152
162
158
137
113
89
71
47
41
56
79
108
127
135
111
65
4
-52
-81
-85
-56
-26
2
5
-15
-34
-27
15
87
165
220
232
191
132
74
28
3
-11
-1
18
69
136
178
189
158
101
50
29
40
80
109
114
95
49
-5
-52
-76
-77
-50
-10
22
39
40
37
35
14
-41
-130
-224
-301
-328
-309
-277
-243
-240
-257
-260
-242
-203
-169
-150
-167
-209
-249
-271
-276
-276
-281
-289
-280
-235
-161
-78
-20
10
23
24
51
110
178
239
276
270
241
198
165
173
186
204
219
208
187
157
126
106
99
116
164
222
267
259
201
132
69
38
37
55
69
59
52
60
89
130
173
182
153
101
48
17
-8
-12
-18
-24
-29
-48
-79
-132
-186
-229
-247
-225
-171
-101
-57
-33
-35
-46
-46
-46
-23
0
26
45
56
57
28
-22
-106
-180
-232
-238
-183
-123
-74
-72
-102
-143
-167
-154
-115
-68
-43
-35
-64
-113
-164
-199
-194
-167
-108
-35
37
86
95
75
35
18
32
61
75
52
-5
-67
-88
-55
6
59
112
157
198
231
250
256
243
193
121
56
23
33
55
62
44
30
44
93
158
199
205
187
169
157
146
109
37
-38
-81
-60
-16
41
89
113
118
98
74
44
19
12
13
-4
-45
-107
-170
-207
-224
-212
-161
-92
-14
51
75
64
31
2
-9
-30
-66
-109
-139
-138
-117
-112
-159
-233
-297
-323
-319
-280
-214
-158
-137
-143
-150
-152
-144
-107
-48
8
27
20
8
4
11
30
47
44
27
28
62
111
152
161
118
25
-77
-145
-154
-126
-67
-1
46
77
106
154
199
241
264
255
219
170
142
142
176
226
295
342
345
325
275
227
180
149
132
111
102
88
72
41
3
-12
-19
-7
9
29
26
-4
-52
-114
-166
-200
-204
-191
-183
-181
-164
-127
-81
-24
18
22
-33
-126
-214
-273
-287
-259
-209
-179
-163
-154
-141
-113
-83
-56
-56
-68
-80
-80
-81
-109
-136
-149
-132
-88
-22
44
85
92
95
113
148
191
226
229
191
124
47
-13
-36
-28
-11
3
-3
-6
-5
16
58
84
100
95
84
87
104
127
132
117
90
70
54
55
73
87
109
118
107
79
38
7
-26
-52
-65
-66
-65
-69
-74
-78
-77
-71
-60
-47
-34
-24
-20
-19
-18
-21
-30
-40
-46
-48
-53
-58
-62
-61
-56
-52
-48
-46
-35
-27
-17
-12
-16
-23
-36
-29
-16
-5
14
39
68
92
106
84
37
-10
-46
-53
-28
6
25
10
-26
-63
-90
-104
-88
-49
-6
37
62
78
92
96
97
84
61
41
22
8
3
3
7
5
2
4
8
14
8
6
8
7
-2
-16
-22
-34
-40
-34
-18
-6
-2
-11
-15
-14
-14
2
15
20
26
22
11
6
-6
-9
-6
-2
9
10
-8
-22
-29
-32
-31
-27
-19
-15
-18
-17
-13
-11
1
15
25
31
35
43
43
40
35
28
16
3
-12
-12
-7
-10
-11
-23
-40
-63
-75
-68
-59
-45
-32
-13
2
1
-6
-7
-5
-6
-2
8
14
33
55
65
63
53
44
40
34
36
40
39
32
29
28
25
17
7
-2
-13
-20
-24
-20
-18
-17
-8
-1
-3
-21
-46
-59
-61
-61
-53
-50
-48
-47
-50
-49
-47
-44
-49
-59
-64
-70
-68
-50
-22
9
35
46
42
25
12
9
13
24
41
63
85
107
122
132
129
122
120
113
102
93
90
92
93
95
87
74
45
0
-42
-82
-106
-125
-133
-128
-121
-121
-130
-132
-130
-122
-115
-94
-63
-33
-4
20
37
46
52
52
60
66
82
100
108
101
71
33
-11
-46
-62
-54
-40
-37
-47
-75
-116
-148
-151
-127
-91
-57
-42
-56
-92
-119
-123
-100
-61
-27
-6
3
7
15
26
43
66
79
88
100
116
135
151
151
137
118
99
92
100
109
114
95
52
2
-28
-27
-9
7
7
-14
-53
-94
-126
-129
-117
-103
-86
-77
-65
-51
-35
-9
14
28
35
47
73
82
75
68
67
64
60
74
95
102
92
64
37
23
20
8
-7
-21
-43
-58
-62
-49
-32
-22
-23
-39
-72
-118
-138
-115
-50
25
62
59
13
-54
-95
-95
-53
2
39
44
18
-14
-34
-31
-10
7
6
-4
3
11
15
22
30
32
21
10
13
31
29
17
-5
-27
-46
-64
