-10
-13
-10
-15
-19
-18
-18
-14
-17
-20
-19
-21
-26
-33
-29
-26
-21
-20
-24
-24
-34
-32
-27
-25
-18
-21
-18
-14
-11
-6
-6
2
2
13
20
22
36
30
33
39
37
53
49
49
58
58
71
68
68
77
67
72
68
62
67
52
55
48
36
34
25
22
9
-5
-17
-28
-34
-46
-50
-54
-59
-59
-66
-69
-72
-76
-66
-63
-52
-40
-35
-14
-5
4
8
11
23
16
18
14
7
11
0
-11
-15
-24
-34
-46
-54
-58
-56
-58
-61
-64
-64
-60
-56
-48
-44
-27
-14
-2
12
9
22
26
27
40
39
52
51
44
53
44
51
54
50
65
52
54
54
42
53
41
47
54
46
52
42
42
42
32
39
19
12
12
5
10
-2
-7
-6
-7
-3
-9
-12
-15
-19
-25
-27
-22
-19
-17
-26
-27
-27
-30
-27
-31
-31
-35
-36
-39
-40
-37
-46
-43
-41
-41
-34
-35
-30
-30
-28
-21
-21
-15
-10
-8
1
3
5
6
4
11
17
19
13
9
2
1
-2
-3
2
-5
-1
1
6
8
-5
5
4
13
21
16
23
20
26
28
27
37
38
43
38
39
42
41
52
41
40
35
36
35
28
35
25
22
14
7
8
-2
0
-10
-18
-19
-32
-32
-40
-49
-56
-60
-56
-54
-53
-55
-55
-52
-48
-45
-46
-42
-45
-38
-36
-35
-24
-15
-8
-1
3
10
9
7
13
14
20
21
20
23
24
22
26
32
28
29
33
32
33
28
29
35
30
30
29
23
21
18
21
21
18
18
10
17
20
17
16
11
15
11
6
6
7
5
3
-3
-13
-21
-20
-16
-20
-23
-28
-26
-23
-28
-30
-27
-26
-23
-23
-22
-20
-30
-34
-37
-28
-24
-30
-22
-24
-16
-18
-17
-6
-7
0
-4
-4
8
12
16
9
6
5
5
10
11
17
12
10
13
5
11
10
5
1
-1
4
-3
3
9
6
17
12
16
20
14
25
22
23
25
27
30
22
25
22
11
13
17
19
16
10
1
-4
-7
-7
-6
-9
-14
-19
-20
-25
-31
-25
-23
-28
-23
-18
-22
-20
-20
-22
-18
-10
-2
3
7
15
15
19
17
17
18
16
13
8
17
7
8
6
-6
-5
-16
-17
-24
-34
-32
-40
-45
-46
-49
-43
-42
-38
-28
-29
-26
-20
-22
-13
-6
-2
4
10
12
19
19
27
39
41
49
50
53
55
46
49
38
43
49
36
47
41
39
42
31
35
25
21
24
13
10
-1
-14
-14
-25
-30
-32
-38
-37
-34
-28
-23
-22
-26
-28
-27
-24
-24
-21
-14
-13
-8
-3
-7
-2
2
-5
-4
-5
-10
-16
-10
-5
-10
-2
-1
-2
-2
-8
-5
-8
-9
-3
1
10
14
20
24
18
17
10
8
8
11
17
11
8
14
13
6
2
-5
-9
-11
-7
-10
-12
-9
-14
-4
2
2
13
10
-1
-1
-2
-3
6
6
-5
-4
-5
-6
0
0
-2
0
2
6
6
0
0
-5
-3
-5
-8
-5
0
0
-4
-3
-9
0
7
3
-2
-7
3
1
1
3
6
12
6
7
0
-1
6
6
10
8
3
5
0
4
8
-2
1
-2
2
5
0
10
10
4
7
3
-7
-8
-9
-15
-12
-12
-12
-11
-12
-19
-18
-15
-21
-10
-5
-6
-6
-7
-2
3
2
-13
2
6
1
16
7
9
13
10
6
3
9
10
12
12
4
17
14
6
11
3
4
7
5
9
7
-5
-7
-7
-8
-1
2
0
-3
0
-7
-1
5
0
4
-6
-12
-6
-8
-6
-2
-3
-5
-2
7
2
5
14
1
5
3
-3
6
4
-6
-7
-5
-9
-11
-8
-8
-15
-16
-15
-22
-15
-12
-12
-6
-10
-2
-6
-1
0
-2
14
7
6
6
0
3
-1
-4
-1
5
13
13
6
7
9
9
9
8
10
12
11
9
14
14
17
9
8
16
13
20
24
17
8
10
3
-7
-2
3
0
3
-2
-11
0
-6
-15
-15
-9
1
-3
-6
-13
-10
-12
-26
-9
-1
-10
-6
-12
-6
-13
-17
-11
-9
-9
-16
-14
-15
-18
-12
-23
-15
-11
-22
-25
-9
-5
-18
-7
-16
-10
0
-8
7
11
1
-1
12
11
1
10
4
10
24
17
10
23
21
3
23
20
9
22
19
22
18
21
19
22
29
12
22
27
4
10
4
-1
-1
-6
5
4
0
-10
-7
-3
-4
-4
-7
9
-5
-9
-1
-7
2
-7
1
18
-5
-9
-6
-10
-2
-21
-14
-14
-20
-5
-25
-10
-12
-31
-13
-16
-12
-24
-19
-13
-13
-7
-23
-5
-2
-11
-11
-10
4
-9
7
5
8
15
-6
17
6
16
19
9
29
17
16
24
22
18
16
7
12
21
12
23
20
26
16
1
19
8
20
25
5
16
19
5
6
8
-1
6
2
-1
-3
-17
-10
-33
-24
-9
-27
-13
-27
-23
-17
-32
-38
-41
-35
-32
-30
-32
-21
-31
-29
-29
-41
-15
-17
-5
-6
-15
3
-14
-8
-3
4
10
1
9
0
14
13
16
32
11
29
32
25
21
8
39
35
33
40
25
40
37
29
39
32
31
28
22
24
13
2
14
2
12
12
-3
25
8
1
19
3
2
-8
0
11
-2
-3
-8
-4
-6
-19
-21
-22
-20
-23
-33
-18
-23
-37
-31
-37
-45
-50
-48
-42
-35
-42
-37
-25
-30
-47
-40
-21
-33
-39
-26
-12
-6
-9
-21
9
18
15
20
8
24
15
22
23
8
29
28
23
16
25
30
15
18
28
22
29
30
6
35
29
13
20
15
29
27
33
28
23
21
14
19
34
22
0
33
25
6
5
9
16
11
11
-16
9
12
-22
-11
-4
-2
-23
-16
-23
-35
-21
-42
-34
-45
-45
-38
-36
-27
-47
-40
-29
-28
-33
-29
-24
-13
3
-21
-12
1
-3
11
2
0
11
20
5
-13
-17
-22
9
19
-9
-7
13
25
15
3
4
22
16
-7
6
22
18
14
9
-6
-5
23
30
19
21
28
35
22
18
19
25
43
34
30
24
27
29
6
-6
16
30
11
18
2
-17
-15
-27
-32
-36
-42
-41
-4
-9
-50
-30
-25
-52
-47
-31
-22
-8
1
-17
-14
-15
-29
-3
-2
5
16
9
22
-2
-5
-11
-32
-21
-2
0
-8
22
8
-15
-16
-30
-32
-7
-8
-16
21
5
-16
0
4
-1
6
47
24
38
49
14
28
25
34
44
71
48
27
31
-2
14
13
27
30
15
-7
-45
-23
-24
-40
-26
4
-8
-35
-43
-36
-43
-38
-26
-22
35
12
-11
27
16
17
14
37
47
48
74
30
21
25
-5
-10
-2
-12
-19
3
-24
-50
-67
-88
-50
-64
-33
16
-17
-30
-81
-87
-66
-98
-92
-61
113
87
-136
-96
-89
-74
-103
-97
49
121
192
2
0
83
-28
-21
29
131
147
228
236
140
84
41
98
139
166
165
201
213
78
-70
-22
4
-59
-53
-88
-16
-84
-132
-121
-185
-89
-143
-90
-47
-93
4
-25
-19
1
12
-43
-83
12
-18
-48
-1
-30
-5
8
-98
-89
-94
-71
-12
-6
-1
-29
70
83
57
69
18
79
54
-14
61
34
57
198
76
-146
-253
-225
-215
-170
11
56
139
128
-61
-94
-114
-166
-113
-21
-8
35
106
135
155
133
85
35
93
175
172
110
5
-19
-29
-68
-16
11
49
58
-53
-69
-79
-103
-96
-62
-34
-60
1
1
-1
90
96
115
151
140
73
24
2
-43
-45
-41
-21
11
6
-43
-43
34
24
-52
-60
-11
-4
-31
-43
-20
-34
-52
-29
-27
-22
-28
-11
-16
-17
-19
-58
-9
17
7
26
48
53
27
31
5
-1
0
-31
-1
31
20
32
58
60
13
-70
-81
-46
-46
-50
-17
-20
-73
-90
-95
-76
-39
-35
-32
-2
-11
-72
-38
-10
-45
-13
5
33
77
62
62
43
29
8
11
65
49
51
69
44
47
42
52
110
116
102
77
48
37
21
28
13
20
42
19
-1
-6
-16
-40
-51
-41
-21
-24
-43
-51
-64
-80
-90
-63
-37
-31
-8
2
22
20
-10
-4
-18
-47
-48
-45
-20
-10
-18
6
7
13
17
7
12
-4
0
9
-3
-5
-19
-23
0
21
27
37
40
48
21
-6
32
48
56
56
27
17
1
-10
-12
-27
-46
-59
-37
8
14
22
25
6
-13
-34
-44
-62
-70
-84
-93
-68
-33
-7
9
49
53
31
24
5
-4
0
-24
-35
3
35
52
82
127
142
166
172
133
110
33
-65
-108
-134
-122
-75
-25
12
49
70
38
8
-26
-99
-161
-203
-219
-211
-175
-146
-146
-126
-88
-77
-80
-91
-126
-150
-162
-173
-132
-33
53
125
244
332
360
379
376
383
406
439
478
538
600
590
602
650
649
600
544
503
453
383
299
207
139
14
-190
-319
-457
-662
-886
-1133
-1285
-1400
-1497
-1566
-1641
-1640
-1666
-1653
-1555
-1466
-1336
-1211
-1036
-776
-475
-137
178
490
771
1019
1291
1541
1726
1836
1847
1768
1644
1506
1397
1291
1132
935
757
653
547
421
308
227
194
156
127
162
288
399
438
473
499
530
497
391
256
117
-12
-140
-244
-319
-367
-444
-566
-743
-885
-933
-938
-1003
-1172
-1301
-1293
-1151
-983
-832
-688
-552
-451
-389
-353
-329
-392
-587
-820
-937
-805
-560
-358
-359
-458
-554
-655
-674
-632
-482
-361
-51
758
2128
3560
4305
4287
3807
3203
2307
1094
-208
-1304
-2141
-2778
-2854
-2221
-1127
-345
-189
-411
-640
-827
-1348
-2352
-3775
-5130
-6036
-6125
-5334
-3861
-1976
-27
2014
4066
6063
7583
8216
7882
6770
5477
4269
3328
2453
1529
738
169
85
173
262
79
-456
-1103
-1850
-2279
-2482
-2461
-2468
-2548
-2242
-1482
-219
888
1608
1919
1933
1824
1411
880
165
-621
-1459
-2124
-2284
-2011
-1567
-1450
-1556
-1727
-1732
-1598
-1457
-1234
-1087
-872
-635
-109
613
1240
1648
1714
1752
1651
1524
1167
583
-124
-904
-1373
-1617
-1440
-1159
-785
-428
-172
151
263
424
371
239
50
7
330
582
589
71
-288
-287
-45
12
-265
-507
-933
-1403
-2070
-2121
-1494
-788
-402
-297
382
914
1090
806
772
1110
1186
2139
4283
7035
7692
5983
4134
2887
1527
-1357
-3805
-4736
-5006
-5642
-5852
-3878
-1142
739
989
922
977
657
-163
-1859
-3778
-6029
-7247
-6925
-5090
-2121
684
3144
4699
6324
7846
8420
7607
5542
3394
1254
-223
-856
-642
-480
-853
-1013
-700
3
6
-507
-1375
-2222
-2706
-2815
-1995
-830
362
974
1393
2441
3835
4622
3767
2025
346
-1011
-2328
-3328
-3528
-3328
-3376
-3529
-2934
-1768
-980
-1278
-2018
-2401
-2163
-1418
-442
847
1935
2563
2722
2754
2985
2835
1838
170
-1291
-1791
-1684
-1522
-1243
-764
-61
349
481
685
635
202
-708
-1357
-1110
-195
1036
2112
3045
3918
4448
4369
3522
2083
547
-1136
-2841
-4248
-5103
-5178
-4858
-4062
-2737
-1131
570
1841
2495
2437
1775
1180
565
-187
-1056
-1949
-1962
-1064
675
2459
4145
6727
9249
9932
7315
3074
-478
-3735
-7692
-11324
-11809
-9402
-6544
-3943
-348
3799
6326
6249
4620
2965
838
-2007
-5065
-7347
-8521
-8499
-6530
-3084
924
4377
6410
6872
6437
5626
4271
2316
421
-632
-888
-346
947
2761
3970
3803
2796
1667
663
-765
-2476
-3715
-4032
-3479
-2106
-79
1949
3470
4181
4031
3436
3069
2558
1425
-152
-1544
-2079
-2193
-2255
-2297
-2172
-2208
-2636
-2675
-2274
-1920
-1921
-1800
-890
530
2027
3426
4493
4641
3523
1507
-581
-2195
-3550
-4797
-5577
-5323
-3890
-1936
-80
1248
2136
2585
1948
826
-217
-1076
-1747
-2416
-2187
-944
736
2179
2889
3341
3410
2878
1845
279
-1210
-2288
-3135
-3285
-2913
-2210
-1012
39
712
979
1360
1488
530
-324
-251
329
668
817
947
968
343
-1167
-1721
-687
1122
3507
7418
10948
9880
5717
1500
-1891
-5156
-9319
-11834
-10833
-7698
-4830
-1626
3904
8021
8059
6323
4285
2473
117
-3491
-7559
-10699
-11614
-10557
-6879
-1097
3430
5966
6852
6918
7287
6819
5011
2263
530
668
1204
2686
4509
5272
4292
1671
-471
-1938
-3323
-4772
-6514
-7030
-5718
-3093
57
2504
3943
4084
3532
3115
2862
2968
2378
648
-1086
-1932
-2145
-2701
-3555
-4616
-5632
-5989
-5479
-3744
-1440
448
1715
2958
4830
6405
6998
6506
4916
2502
-833
-3909
-5608
-6178
-6156
-5896
-4558
-2049
585
2572
3513
3908
3687
2653
1427
133
-892
-1512
-1895
-1633
-840
181
1038
1473
1860
2043
1887
1387
469
-226
-443
-684
-1131
-1501
-1821
-2500
-3323
-3382
-2556
-1503
-499
100
1141
2897
3638
3530
2859
1511
82
-1465
-2962
-4079
-3359
-529
3513
8760
11981
10599
6182
400
-4942
-9422
-13259
-14604
-12370
-7834
-3093
2447
8820
12084
10906
7222
3425
610
-2560
-6195
-9282
-11156
-11171
-8559
-3179
2622
6238
7114
6219
5120
4591
4242
3632
2792
2563
3783
5566
7146
7978
6832
3394
-895
-3957
-5548
-6358
-6732
-6612
-5162
-2400
725
3731
5715
5435
3542
1657
704
742
1218
1456
890
-37
-1397
-3197
-4881
-6977
-8972
-9973
-9245
-6294
-2154
1953
5038
6990
7655
7179
6283
4779
3011
827
-2069
-4799
-6503
-6921
-6615
-5862
-4872
-3441
-1383
566
2298
3800
4722
4684
3929
2809
1297
-206
-1840
-3234
-3872
-3664
-2593
-1200
539
2482
4373
5302
5151
4580
2931
1073
-634
-2073
-2894
-3618
-3482
-2695
-1353
-160
1018
2501
2012
1368
1494
1862
2324
723
-610
-943
-1887
-3293
-4314
-2200
2718
9014
13252
12252
8238
2106
-4414
-9828
-14831
-16504
-13535
-8798
-3398
3248
10216
13738
11660
6588
1777
-547
-2197
-4970
-7226
-9485
-10996
-9966
-6034
-456
3048
3256
2092
1948
3492
5215
6034
5961
5788
6361
7065
7655
7628
4753
-184
-4826
-7673
-8056
-7322
-6469
-5653
-3884
-1033
2049
5188
6435
5397
3695
2344
2209
3006
3607
3167
1571
-644
-2508
-4263
-6044
-7523
-9098
-9540
-8056
-4530
55
3489
5499
6127
6575
6895
6257
5972
5243
3341
459
-2888
-5058
-6439
-7590
-8127
-7277
-4483
-1101
1722
3859
5137
5550
4926
3555
2229
468
-1703
-3644
-4806
-4408
-3178
-1923
-945
102
1399
2523
2899
2601
2023
692
-428
-1462
-1108
-108
-1212
-2385
-3467
-2903
-1787
-1316
232
601
1390
1810
2083
3521
2443
-227
-3283
-4245
-1509
4027
11673
16486
15442
8927
417
-5820
-10483
-15409
-18899
-17669
-12014
-4698
2754
9418
12631
10248
4027
-879
-1027
1091
2239
991
-1945
-4735
-6086
-4815
-2775
-2256
-3958
-5809
-4549
-87
5843
9981
10959
10384
9502
8935
8560
7065
3576
-1215
-5449
-6894
-5846
-4132
-3615
-4028
-3784
-2775
-188
2567
3893
3506
2087
1376
1674
3024
3761
3723
2213
-712
-3458
-5870
-6737
-8249
-9513
-9555
-8440
-4637
-1495
1214
3076
3826
4524
4517
6103
7642
8629
8518
5533
1896
-2582
-7239
-10738
-12492
-11404
-8000
-3038
2004
6048
8697
9144
7841
5599
2815
440
-1222
-1848
-1576
-1008
-356
-272
-985
-2194
-2485
-2025
-1057
241
1151
2962
4436
4318
2771
1026
-636
-3345
-5766
-7472
-6760
-4629
-3569
-1811
975
3217
2926
1330
491
286
1402
3984
8482
13673
14107
7942
-143
-6041
-9461
-13053
-15375
-13032
-7498
-2239
-325
1396
3622
1793
-3011
-6458
-4470
527
4306
6545
6871
5207
1906
-837
-1930
-2760
-4749
-6577
-5731
-1742
3502
7066
8935
8975
7914
6916
5955
5893
5344
3571
1281
190
526
62
-1580
-4255
-6290
-6663
-5151
-1612
2054
4474
4773
4265
4246
4069
3607
1905
-176
-1546
-2827
-3578
-4481
-5151
-5839
-7275
-7643
-6860
-4504
-2383
-1644
-290
1387
3479
4946
6251
7965
8120
6702
3796
33
-3923
-8264
-11864
-12956
-11282
-7513
-2740
1816
5454
7285
7542
6440
4486
2304
-241
-2071
-1925
-227
1468
1993
887
-377
-2112
-3742
-4052
-4064
-2246
-453
1361
3336
3913
4370
2937
1438
-430
-2448
-2993
-3946
-2894
-1266
-294
401
-641
-1340
313
5464
13163
18075
16115
8685
-336
-6654
-11112
-13570
-12278
-9040
-3774
-37
3235
5894
3583
-2199
-10298
-13521
-9507
-2764
3777
6306
5467
2438
-398
-875
-421
-801
-2565
-3429
-346
5025
8622
9330
6091
1481
-1635
-2439
-171
1784
2476
2174
2252
4182
5327
4831
1798
-2558
-5125
-5145
-2148
1435
3209
3100
1438
160
-46
388
1035
1341
1900
2405
2712
1975
-1274
-5489
-9581
-11556
-9861
-6195
-1704
1372
2537
2185
668
-599
-1717
-1253
496
2938
5954
7106
5709
1371
-4400
-8870
-10891
-9820
-6766
-2891
898
3972
6531
7730
7052
4666
957
-1188
-706
1418
3742
3803
2891
904
-1199
-2807
-4447
-3484
-2874
-1483
184
1021
3226
2159
437
-2760
-5454
-4397
-3718
-131
1833
2665
2334
-899
914
5309
12766
17524
14118
7691
-578
-5028
-7841
-10697
-10997
-9383
-4791
-1353
617
2044
46
-5592
-11551
-12431
-6492
1393
5826
6591
3305
-2022
-6432
-7414
-3802
-635
875
1213
2527
5424
5772
3981
556
-2005
-1686
977
5665
9421
9938
6662
2095
-1071
-2712
-3707
-4291
-3717
-1398
2601
6277
8227
6954
2864
-1059
-3092
-2118
634
3820
6288
6938
6120
3268
-963
-5714
-10018
-11533
-10216
-6848
-2566
130
761
-494
-2666
-3880
-4036
-2184
1214
5578
9859
10997
9170
3813
-3386
-9203
-12426
-10962
-6563
-1589
1979
2755
1942
-256
-2568
-3339
-2272
738
5012
9327
12414
12056
8068
2499
-2834
-6382
-8246
-7078
-3543
-894
231
-22
-52
36
-1762
-3949
-4385
-3595
-1983
-1214
-1620
-2938
-5178
-3102
4690
15882
21890
16193
6156
-2820
-6593
-7740
-8740
-5074
91
3588
3427
2301
1688
-3419
-11965
-18266
-15723
-6145
2871
6844
5337
-643
-8418
-10721
-5967
2646
8902
10162
10789
11199
10288
5989
-175
-4990
-7413
-5706
-724
4614
6451
2995
-3582
-8139
-9253
-7458
-3356
895
5662
9336
11913
12959
10599
5917
-234
-3803
-3163
1
4259
6126
5788
4203
341
-3705
-7403
-9069
-7205
-4764
-947
2179
3097
2192
-1682
-3952
-4738
-4220
-2097
-281
3036
4948
4357
1984
-2589
-6970
-10090
-10267
-6548
-1183
3152
4470
2650
-551
-3442
-4738
-4514
-3107
-140
3498
6519
7439
5768
3115
405
-1241
-747
998
3606
4805
3985
2048
-827
-2157
-3423
-3726
-3280
-3177
-1442
-1205
-2010
-3596
-3040
3490
12161
16364
11165
2410
-3628
-6044
-7321
-7000
-1140
6193
8647
3882
-1238
-3551
-7091
-11627
-13649
-8177
81
4816
4963
883
-6299
-15297
-17835
-9468
4661
14792
16054
12861
8754
4956
651
-1891
-1128
950
3796
6220
8457
7636
1314
-7245
-13149
-12744
-7887
-2459
1045
1650
29
-1993
-2716
-1542
1212
3850
6155
8115
8995
8850
6205
3150
2021
573
-261
-1684
-2758
-1880
-3809
-5723
-6752
-7199
-5957
-6438
-5301
-3350
-1475
1336
3218
6720
9365
9834
8288
3941
62
-2445
-3508
-2845
-918
1069
1537
-626
-3435
-4927
-6013
-5804
-4502
-2204
-61
540
1494
2821
3588
3719
3626
3992
5130
5854
5498
3429
520
-1067
-2826
-4214
-5845
-6974
-7241
-9334
-8030
-814
10417
17489
12273
1107
-6771
-6255
-2882
-1441
1284
5545
8377
4615
-2208
-6058
-7840
-10367
-13127
-9828
-986
5928
4873
-3395
-12153
-17408
-16880
-9474
2338
12375
14867
10256
4248
1277
1102
2739
6280
11512
15579
15124
10054
3202
-2102
-5173
-5817
-3938
-1020
711
-1084
-6124
-11070
-12930
-11360
-7173
-1162
5638
10977
12193
9430
5681
3855
3925
6329
9641
10793
9047
3587
-2211
-6716
-10152
-11030
-10415
-7629
-4922
-4181
-4717
-6897
-7926
-6883
-3131
3342
8756
10899
8730
3824
-383
-2998
-3021
-332
3023
5606
5550
2899
-442
-3291
-4207
-3744
-2851
-1712
-525
-111
-1347
-2935
-3952
-2707
-35
1638
2739
2349
1819
1492
684
819
1010
2195
2637
197
-1773
-1198
3247
7113
4039
-2983
-8651
-8196
-3427
-909
111
291
316
-339
-2989
-3226
-1535
-485
-1568
-3375
-1463
1662
2020
-2191
-8299
-11659
-10474
-4747
1786
5623
4324
-295
-2732
-482
5324
10767
14295
16208
16523
14125
8199
1505
-3064
-3716
-1147
2205
4512
3643
-915
-6845
-11058
-11435
-8709
-5528
-2345
428
2805
4131
3190
1135
-415
120
3177
7992
9144
6154
924
-4666
-4817
-3874
-1955
-770
-2319
-3038
-6229
-6829
-7033
-7249
-5656
-6144
-2527
1040
3098
3328
-1206
-4009
-5032
-2831
2361
6145
7514
5925
3047
1841
3406
5822
7360
6442
3763
1100
-745
-2285
-4366
-5791
-6248
-4063
-1566
-801
-978
-2690
-2978
-2579
-693
1716
2541
3033
3429
8560
14168
14683
8357
-2618
-7968
-7217
-3655
-1160
-111
591
-1838
-6703
-10854
-8894
-3829
-1678
-3663
-6091
-3994
-1500
-1984
-6226
-10372
-9462
-5439
550
5768
7933
6358
1088
-2959
-1639
4682
11313
13864
12769
10746
9516
8755
7734
6942
6391
4560
1275
-2558
-5452
-7077
-9134
-10282
-8654
-4604
-587
-443
-3749
-7189
-7756
-5006
862
7314
12481
16134
12434
5326
-1534
-5244
-1331
921
1928
1202
-1447
-3013
-7689
-9755
-10103
-8347
-5144
-5603
-3831
-2484
-1689
-774
-2855
-2250
-267
1115
2922
2937
3019
2526
427
19
1594
5142
8111
7672
6292
3792
2078
1427
932
3079
3752
2034
-1867
-5713
-5154
-3560
-1694
-1168
-555
705
250
2495
6784
11176
8603
-1998
-8630
-6526
2728
8232
7523
5862
1925
-3638
-11107
-13630
-9258
-5440
-5011
-7079
-6309
-2914
-2170
-6404
-13258
-17668
-16340
-9508
-1121
4499
3526
-2336
-7248
-5879
2635
11828
17045
16742
13735
11911
11095
11842
12988
13349
12277
9561
6809
4181
802
-4229
-8811
-9911
-7706
-5224
-5728
-8844
-10894
-10468
-7300
-2690
2174
8487
9253
5447
1262
-824
5508
9404
10037
9516
5711
4319
-372
-4244
-5521
-5706
-3568
-5717
-7248
-8474
-8819
-6356
-7466
-7920
-6746
-5385
-2613
-1694
-2037
-1584
-1181
29
3370
7220
10885
12048
9080
5604
2018
487
1949
3194
5272
4798
1622
-1060
-4529
-5374
-4967
-3937
-1216
-943
1193
5256
7979
6524
-2793
-9177
-5842
2412
8523
7829
4809
1927
-2982
-7830
-7206
-1428
3213
1624
-3515
-5593
-5641
-6234
-9559
-14042
-14736
-12525
-7550
-2879
-2095
-4457
-9308
-11412
-7310
1072
9440
12697
11088
8450
7021
7757
9995
13224
17988
20925
19780
14313
6159
706
-2010
-2321
-382
1029
646
-3561
-10349
-15116
-14821
-10503
-4398
71
849
-593
-4489
-6845
-5449
-797
6204
10028
9995
6969
3690
2518
2266
3235
3607
3455
2397
-18
-1485
-2376
-3359
-5093
-8375
-10440
-8920
-5873
-3567
-4021
-6239
-6664
-5446
-3849
-2289
-584
1355
3141
4105
4892
6394
6932
5732
4282
4743
6875
8161
6960
4573
2623
1087
2889
9290
14210
9175
-4398
-12883
-8503
-144
1390
-1403
-2697
-3658
-8052
-12274
-8693
-1439
1178
-2763
-8219
-9009
-6222
-2512
-1483
-4921
-9867
-12611
-10120
-4692
-1133
-1799
-4641
-5199
-1643
4036
7920
8998
7251
4631
4142
6826
11729
14550
14267
11405
7867
5918
4720
5118
5007
3583
2752
2097
1226
-1683
-6126
-9665
-10133
-7698
-3531
2073
2949
-1300
-7640
-12073
-7221
-61
5012
6405
1977
-1034
-2598
-1325
2200
4608
6373
4499
2037
207
-8
2545
2268
-23
-2762
-5425
-4773
-3291
-3844
-5227
-6807
-7267
-6157
-5289
-4101
-2003
-475
200
710
1466
1957
1931
1484
1812
3329
5240
6828
6725
7909
9423
11869
14454
9936
3148
-3413
-2496
6223
8326
5012
-1358
-4202
-4501
-8088
-8263
-6115
-3330
-4824
-10165
-12058
-11783
-10363
-8999
-8925
-9907
-9866
-9167
-6818
-3667
-3702
-3217
-2388
795
6253
7654
6398
3816
3603
6843
10331
13557
14384
12728
9163
5110
4098
6315
8955
9113
4984
-351
-2823
-3347
-2921
-3556
-5467
-5721
-5467
-4296
-1263
112
-730
-3965
-7253
-4537
777
4252
3866
-813
-3377
-2775
12
3331
4202
4111
1722
-1042
-1940
-1222
1699
2379
612
-1172
-2254
-1794
-1055
-1184
-2655
-3983
-4577
-3868
-2537
-3052
-3952
-4571
-4948
-4553
-3590
-1932
-1017
-674
-185
775
2788
3433
4915
9188
14946
18879
13377
2729
-3186
1855
12109
14008
9224
3109
-702
-3930
-7124
-3486
2529
3310
-3772
-12315
-14628
-12890
-11128
-12313
-14788
-16897
-16559
-13413
-10614
-8508
-8926
-9755
-7920
-2560
6032
11698
11707
9150
8344
11211
15184
17649
18662
17949
15635
13110
10262
8807
7562
5843
5780
5136
4070
794
-4259
-6918
-7697
-7260
-7014
-5851
-6077
-8684
-12586
-16366
-13534
-9308
-6105
-3754
-4369
-4192
-4530
-2510
1900
6892
10452
8880
7910
7476
8117
10237
8807
6633
4306
1386
257
87
-719
-3502
-7305
-8924
-7719
-5498
-5654
-8348
-9676
-9631
-8075
-5417
-4205
-3790
-3597
-3347
-1666
1336
4402
8111
13506
16655
12255
3011
-1695
5216
16442
17818
10835
5287
3693
1598
-1791
-633
4111
4859
-2134
-10203
-12629
-11273
-8993
-9285
-12903
-17714
-18754
-13388
-7630
-5958
-9113
-13008
-13339
-10026
-3702
1744
3366
2385
2702
5902
9039
10592
12098
14989
18270
20226
19553
18066
17093
14790
13704
14394
14813
13120
6311
-1323
-5756
-5810
-3524
-4694
-8418
-14526
-19238
-17996
-14995
-10822
-8088
-9376
-11608
-13100
-11703
-7619
-3083
-727
-352
974
2369
4243
5856
5935
7554
10370
11537
10491
8729
7512
7992
8749
8054
8420
6801
1316
-5027
-10150
-9570
-6112
-4823
-7421
-13482
-18283
-19545
-15893
-10671
-6095
-1760
1909
5020
1917
-4225
-4952
3784
16323
19203
14214
9208
8214
8112
6551
10424
16949
17723
9088
-1659
-4594
-2352
-899
-2961
-7826
-14298
-19566
-20373
-17345
-14784
-16819
-20516
-21601
-18381
-11445
-4427
-363
656
803
2684
6327
9870
13720
17687
20928
21161
17845
15126
14296
15091
16253
16856
17205
14265
7873
1837
893
5444
6188
1230
-5548
-11130
-10435
-9778
-11276
-11007
-11432
-11693
-13158
-14901
-14156
-11591
-8355
-6985
-4907
-3098
-4080
-4835
-4815
-1743
4281
8401
8893
6821
4761
4520
6201
8829
10467
10651
9512
6691
4206
3761
4043
3923
2515
-514
-3277
-6114
-9889
-12253
-12528
-10743
-8767
-7347
-4164
-3695
-7874
-12164
-10804
-1200
6465
5503
1919
2202
5879
7107
7340
10608
13794
12269
6107
2325
4690
7550
6246
1382
-5221
-10670
-11938
-9063
-5173
-5236
-10061
-15030
-16719
-14122
-9399
-5455
-3640
-4000
-5190
-5230
-2416
1510
5523
9044
10660
11581
11682
11423
12573
15136
17901
19548
18909
15073
10640
9838
13182
15362
11394
2920
-4764
-6594
-4836
-4675
-5759
-7841
-11759
-16508
-19390
-18715
-14580
-10837
-11538
-13162
-12925
-11533
-9153
-6696
-4325
-1615
920
1873
2466
4460
6604
8623
11037
12800
12930
10897
6850
4243
5704
9047
10842
9241
4029
-2658
-7432
-8725
-6493
-3959
-3448
-4718
-5680
-4088
-5201
-9906
-12775
-9178
62
4128
-193
-5375
-4498
224
2128
3014
6389
9822
7691
2198
84
3110
7906
7914
3571
-2131
-7110
-6597
-2164
356
-2098
-8578
-13251
-12877
-9107
-4175
-1911
-3522
-6059
-7608
-6109
-1806
2277
5815
7323
6346
5289
5266
7217
10047
13170
15426
15346
13113
9082
5784
6861
13018
16488
13690
5775
-2933
-3684
-1403
185
1049
-1144
-4514
-10097
-14254
-14315
-11182
-7258
-8319
-11501
-12983
-13368
-12168
-10520
-9078
-5824
-1422
545
428
134
1010
3933
6778
8603
10030
11557
11544
8234
5756
5536
6537
7965
6061
2704
-674
-3583
-4641
-5288
-3441
-1916
-493
481
-4615
-10298
-11904
-6623
1022
1692
-3454
-8135
-6251
-2090
484
3012
4430
3246
-1308
-4151
-1619
4566
8072
4975
-735
-6938
-9448
-5621
987
5051
1288
-6322
-10998
-9819
-4579
-383
1712
1412
-439
-2292
-2872
-1026
2378
5322
6214
5049
3329
3392
4056
4523
6327
9408
12269
12205
7400
3922
6733
10239
11779
8611
3657
2745
2096
2085
1961
1283
-1129
-6110
-8388
-9479
-8024
-5900
-7404
-7804
-8397
-10227
-10817
-11351
-11185
-8104
-3637
-499
485
-729
-2163
-1146
3424
8307
9945
9494
7589
5837
7000
8401
8940
9089
6568
3677
1257
-1125
-3146
-2952
1219
2694
2369
243
-6275
-11365
-13127
-7553
1633
4007
-2574
-10797
-11396
-8184
-4858
-1424
555
-528
-5397
-8899
-6676
484
4475
2509
-869
-4889
-6752
-5279
-953
3673
3772
-432
-4900
-5395
-2335
1338
3494
3685
2432
801
351
1376
3815
6066
7581
7296
5009
3728
3836
5872
8894
9761
10002
9047
6446
5182
3766
4432
6021
5395
5025
2355
-890
-2854
-2960
-1067
-800
-1628
-4673
-7109
-7914
-9585
-8427
-5358
-3549
-4000
-7026
-11106
-12262
-8786
-3094
2678
4136
283
-4085
-4185
1148
7178
9816
8367
4854
3048
3740
5830
8018
8568
6150
2023
-24
365
1346
2913
2661
520
984
506
-2947
-6318
-8323
-4370
1417
1444
-3713
-8167
-7592
-6361
-5859
-3574
-292
27
-4233
-9618
-9768
-3523
-759
-2804
-5912
-9026
-8587
-6370
-3481
-1209
-1561
-3161
-4502
-2587
1517
4012
4525
3918
3422
4357
6289
8213
10250
11316
11044
10188
9150
8405
7113
7477
8905
8424
7754
6025
5486
5117
1690
-383
-993
1182
3009
93
-3596
-6019
-4566
-2452
-2447
-3485
-5720
-6231
-6893
-7537
-5639
-3528
-3737
-5826
-7752
-8622
-6619
-3861
-1914
339
333
-2252
-4865
-3211
2895
8425
10323
6549
1865
1526
3784
7319
9807
9830
6852
1891
-1406
-1465
2507
6499
4925
718
-645
-376
-1333
-4424
-7160
-4898
-881
-807
-4310
-6050
-5208
-6004
-7075
-6458
-3930
-1857
-3389
-6612
-6704
-3486
-2382
-3614
-5904
-7662
-6678
-4545
-1836
-613
-1659
-4445
-7091
-4720
785
4460
4141
1435
19
1788
5143
7283
9366
10231
9513
8540
8248
10193
11423
11995
11674
10164
9202
8700
8907
7076
4311
2216
1675
3610
3017
-733
-4728
-6501
-5768
-4586
-4437
-7331
-10354
-11556
-12039
-10682
-8275
-7270
-8587
-10030
-10457
-8756
-4715
-1885
-356
1242
2525
2762
3001
4827
7332
10007
11079
8952
6710
6600
6678
6561
6390
4798
2794
1019
-955
-1687
-515
1095
305
-2151
-2563
-2617
-3132
-4087
-5021
-2351
-195
-2462
-5571
-5173
-1911
-1311
-3302
-3980
-2562
-1232
-2610
-5549
-5483
-3274
-4111
-7026
-9229
-8851
-6261
-4505
-4191
-5331
-5864
-6118
-6842
-4139
662
4194
4647
2405
1514
4035
8194
10390
10982
11423
10961
9953
9556
10197
11311
11877
10245
7780
6600
7589
8356
5428
2011
-29
812
3512
2729
-634
-3830
-4817
-4153
-3233
-2585
-4260
-7148
-9299
-10383
-8888
-5178
-4640
-7700
-10576
-12327
-10250
-5152
-1669
-1210
-2617
-4192
-4362
-1455
3830
8048
9782
8609
5312
4555
7151
10001
11382
10754
8508
5810
4366
3582
3652
4516
4394
2084
-1402
-1917
-1762
-3410
-6125
-8589
-6514
-3839
-4769
-8282
-9833
-6830
-5951
-6893
-6954
-5495
-2555
-2878
-5822
-6865
-4005
-1978
-3403
-5276
-6290
-4909
-2604
-1217
-1403
-2614
-3865
-4793
-3119
111
2747
3607
2657
1236
729
2727
5024
6578
7951
8560
8610
8087
8206
9245
11258
12741
12191
10638
9618
9651
7964
6622
6124
5448
5887
3869
547
-2204
-3364
-3192
-3944
-3981
-5945
-9606
-11593
-12641
-11467
-7943
-6666
-9018
-11268
-12636
-11907
-7918
-3396
-80
1088
136
-2220
-2330
1915
6918
10725
10912
7730
5724
6679
9328
10886
10866
8953
5967
3736
2632
3400
4269
4028
1685
-1056
-2476
-3032
-1591
-1712
-3516
-6169
-8057
-6317
-5101
-5338
-6714
-7630
-7029
-7041
-7181
-6382
-4096
-2916
-4899
-8144
-8038
-5136
-3379
-3884
-6451
-6870
-4936
-2822
-1164
-1328
-2211
-3111
-3027
-1122
1967
5090
5853
3785
1082
1378
5540
9219
10444
9902
8434
7386
6954
7865
10387
12219
11466
9115
6877
6940
7318
6132
5685
4897
4641
4080
1345
-779
-1175
-516
-1285
-3176
-5033
-6948
-7624
-7739
-8350
-8653
-7945
-8381
-9261
-9504
-10538
-10084
-7797
-5243
-2903
-1832
-2633
-3642
-1806
2629
6502
7492
6090
4741
5852
9105
11213
11128
10272
8160
5570
4798
5675
6752
6031
3298
375
-230
436
-884
-2232
-2812
-4117
-6044
-7614
-7293
-5927
-5524
-7224
-9145
-8143
-6259
-5913
-6213
-6521
-5303
-3662
-3621
-4136
-4387
-3638
-3277
-3970
-3923
-3192
-2384
-1840
-2131
-2541
-2081
-1598
-949
-51
941
2095
2045
1662
1986
3225
5590
7362
7512
6291
5233
5699
7649
9942
10663
9942
8730
7147
6309
7868
9832
9699
7256
3012
791
1950
3782
3563
997
-1892
-4355
-5030
-5021
-5454
-5255
-5839
-7881
-9364
-8811
-7702
-7556
-8527
-9469
-8276
-5449
-3525
-3413
-3392
-2514
-1244
713
2732
4215
5197
5112
4959
6224
8554
9598
8347
6445
5523
5996
6269
5382
3655
2284
1222
186
109
-44
-390
-2288
-4096
-3265
-3208
-4313
-6804
-8627
-6888
-4529
-4045
-5597
-6305
-5626
-4952
-4221
-3304
-1696
-422
-1361
-3988
-4214
-2310
-911
-1196
-3474
-4400
-3145
-1189
-478
-1593
-2581
-3027
-3037
-2405
-643
1724
3029
2248
752
1035
3103
5171
5799
5793
6187
6358
6451
6711
7107
8153
8740
7831
6415
5607
6057
6462
5619
4250
2822
1864
1447
1158
1051
565
-934
-2725
-3455
-3108
-3066
-3789
-5391
-7292
-7422
-5882
-4762
-4824
-5765
-7219
-7652
-6040
-3363
-1002
-609
-2039
-2777
-1022
2397
5272
6227
5400
4066
3956
5860
7509
7887
7629
5821
3583
2540
2459
2759
2242
327
-1680
-2799
-3276
-4123
-5058
-5344
-5326
-4234
-3730
-5450
-7828
-8931
-7004
-3382
-813
-800
-2328
-3209
-3024
-1629
501
2481
3042
1408
-1078
-1880
-225
1813
2389
762
-1566
-2932
-3165
-2148
-1163
-1028
-1928
-3511
-4462
-4117
-2559
-796
135
129
49
503
1587
3072
4431
5500
5861
5684
5706
6171
7096
7980
7883
7433
7092
6486
6444
6230
5210
4126
3043
2635
2979
2569
1227
-694
-2716
-3397
-3218
-2433
-2299
-4161
-6145
-7258
-6411
-4236
-3100
-3320
-4918
-6460
-5867
-3776
-1141
353
-486
-1687
-2136
-917
1787
3625
3731
2694
1558
1567
2402
2902
3092
2216
1094
318
-106
745
643
-510
-1948
-3124
-2922
-3006
-3718
-4133
-3749
-2781
-2583
-3661
-3809
-2765
-1935
-1522
-2184
-1970
-775
-145
-75
268
1963
3321
3512
2719
2249
2849
3228
3030
2526
3045
3391
2063
-327
-2668
-2910
-1874
-1382
-1977
-3285
-4347
-5447
-6338
-6031
-4258
-2367
-2003
-2991
-3620
-2308
30
1706
2609
2942
2985
3328
4085
5563
7452
8205
7649
6928
6992
8040
8698
8383
7451
6253
5877
5423
4664
4047
3049
2114
621
-789
-1458
-1588
-1415
-2264
-3448
-4144
-4663
-4987
-4985
-4830
-4620
-4584
-5129
-5559
-5295
-4519
-4012
-3832
-3669
-3474
-2845
-2340
-2598
-3003
-2496
-1389
-211
407
-200
-1018
-1744
-2240
-1975
-696
838
838
-628
-2371
-2824
-1647
-392
43
-109
-476
-788
-387
459
1554
2050
1659
1963
2573
2861
2271
1492
2000
3619
5119
4755
3596
2912
3125
3936
4191
3811
2931
1790
12
-1312
-1380
-593
-282
-2430
-5926
-8754
-8924
-6905
-4935
-4130
-4979
-6308
-7722
-8064
-5948
-2498
459
1092
-300
-843
1018
3689
5588
6185
6135
6706
7637
8663
9626
10353
10315
9165
8328
8347
8968
9529
8778
7418
6183
4850
3734
2909
2493
2012
580
-1335
-2742
-3155
-3353
-4482
-6127
-7287
-7610
-7476
-7948
-9243
-10490
-10996
-10411
-9264
-8405
-8434
-9214
-9661
-9335
-7792
-5368
-3655
-3129
-3538
-3812
-2768
-913
838
1764
2038
2223
2115
2279
2919
3704
4640
5128
5033
4906
4315
3269
2822
2994
3993
4775
4319
3341
2026
1378
1635
2401
3463
3690
2593
1345
899
1393
2530
2742
2055
766
-573
-697
61
1357
1781
606
-1071
-2431
-2964
-2502
-1895
-1681
-1673
-2507
-3430
-3910
-4297
-4323
-4386
-4185
-3368
-2266
-1154
-760
-1232
-1508
-863
802
2674
3312
3081
3082
3638
4747
5614
5861
5733
5293
5348
6070
6879
7306
6781
5849
5057
4554
4327
4197
4183
3678
2425
731
-944
-1866
-2108
-2862
-4369
-5952
-7121
-7377
-7596
-8203
-8744
-9053
-9015
-9425
-9892
-9782
-9350
-8466
-7621
-7147
-6616
-6191
-6121
-5744
-4720
-3134
-1361
-31
639
1084
1867
2876
4152
5509
6598
6924
6409
6050
6339
7720
9171
9146
7860
6000
4697
4588
5324
6122
6163
4912
2698
526
-534
22
735
535
-636
-2449
-3509
-3831
-3829
-3434
-3159
-3140
-3516
-3978
-3550
-2299
-1037
-335
-520
-670
-15
823
1409
1702
2094
2839
3429
3482
3148
3002
3206
3084
2359
1589
1028
939
1341
1320
618
-581
-1956
-2614
-2584
-2416
-2375
-2659
-2881
-3237
-3773
-3851
-3763
-3419
-2602
-1825
-1095
-761
-1221
-1634
-1184
-40
956
1259
1160
1000
1069
1180
1036
1233
1749
1816
1295
331
-507
-434
305
838
545
-591
-1965
-2789
-2721
-2132
-1620
-1620
-2214
-2906
-2929
-2265
-1635
-1476
-1636
-1446
-798
-261
28
283
822
1424
1475
1303
1534
2070
2614
2853
2942
3293
3430
3033
2517
2387
2949
3508
3204
2246
1286
983
1338
1556
1193
431
-320
-928
-1403
-1525
-1373
-1120
-846
-761
-837
-1085
-1650
-2024
-1520
-323
712
979
495
-156
-164
499
1216
1691
1769
1534
1340
1263
1273
1370
1689
2176
2348
2021
1073
-116
-662
-544
-227
-77
-496
-1328
-1915
-1907
-1509
-1306
-1662
-2512
-3389
-3733
-3616
-3064
-2315
-2327
-3295
-4634
-5580
-5527
-4652
-3616
-3030
-3142
-3703
-4115
-3872
-3006
-2025
-1322
-969
-836
-530
198
1270
2275
2904
3334
3557
3615
3788
4343
5371
6377
6723
6293
5581
5016
4666
4563
4725
5100
5280
4736
3469
2048
1157
1045
1161
859
110
-733
-1268
-1507
-1702
-2033
-2486
-2997
-3672
-4187
-4114
-3585
-2963
-2645
-2814
-3211
-3416
-3218
-2462
-1223
-67
567
860
1245
1907
2691
3158
3129
3001
3098
3412
3754
3907
3761
3261
2490
1728
1186
872
522
-165
-881
-1263
-1535
-2108
-3138
-4250
-4857
-4718
-4274
-4089
-4243
-4596
-4849
-4675
-4023
-3193
-2512
-2244
-2532
-2758
-2342
-1256
121
896
651
-231
-846
-574
381
1563
2332
2523
2365
1980
1665
1567
1730
1908
1836
1676
1618
1897
2316
2426
2162
1688
1244
827
498
441
563
633
393
-120
-576
-909
-1256
-1655
-1876
-1787
-1638
-1659
-1850
-1946
-1689
-1202
-747
-448
-304
-261
-113
376
1200
2130
2811
2945
2591
2174
2134
2714
3718
4448
4414
3775
3140
2965
3182
3499
3596
3448
3134
2646
2265
2047
1843
1473
851
299
-108
-438
-891
-1542
-1974
-2173
-2290
-2677
-3471
-4222
-4662
-4648
-4429
-4303
-4354
-4685
-5178
-5527
-5419
-4821
-4117
-3760
-3732
-3736
-3496
-2910
-2208
-1536
-1054
-923
-995
-1021
-642
151
851
1123
898
590
594
770
1138
1540
1856
1969
1666
1451
1694
2320
2848
2795
2588
2539
2628
2696
2574
2655
2950
3154
3168
2903
2533
2177
1869
1815
1981
2084
1857
1210
516
164
139
215
-107
-856
-1619
-2085
-1939
-1511
-1192
-1197
-1745
-2415
-2705
-2370
-1554
-974
-900
-1027
-962
-471
107
462
637
673
777
957
1134
1357
1403
1282
1125
993
985
908
671
456
430
621
724
393
-267
-808
-798
-277
250
443
184
-389
-964
-1280
-1052
-447
-44
-205
-902
-1584
-1812
-1641
-1346
-1322
-1617
-2023
-2324
-2335
-2175
-1977
-1779
-1622
-1487
-1405
-1365
-1249
-968
-446
188
632
707
519
443
687
1133
1571
1857
1975
1907
1659
1387
1260
1365
1605
1768
1718
1411
920
445
205
274
501
559
268
-237
-630
-650
-364
-145
-297
-763
-1173
-1212
-892
-491
-333
-490
-755
-844
-570
-69
312
348
163
158
568
1199
1620
1607
1400
1382
1672
2033
2166
1974
1668
1559
1697
1896
1864
1474
841
260
4
67
191
13
-610
-1414
-1983
-2111
-1869
-1533
-1403
-1648
-2226
-2813
-3007
-2645
-2029
-1609
-1533
-1575
-1477
-1201
-872
-616
-434
-352
-417
-493
-319
240
955
1405
1384
1098
927
1002
1158
1222
1138
928
633
323
99
-35
-188
-460
-748
-829
-762
-839
-1195
-1631
-1764
-1418
-815
-321
-135
-231
-442
-500
-198
395
966
1132
817
431
477
1046
1741
2062
1854
1343
963
919
1146
1419
1469
1231
908
787
905
1020
835
353
-85
-178
38
244
217
13
-123
-37
170
255
132
-21
19
298
631
751
552
198
-58
-61
170
419
453
222
-123
-382
-400
-191
-1
-56
-352
-664
-735
-518
-280
-315
-649
-1085
-1384
-1420
-1256
-1106
-1163
-1501
-2010
-2404
-2497
-2365
-2219
-2173
-2217
-2303
-2370
-2367
-2186
-1771
-1288
-995
-932
-887
-647
-193
320
745
1104
1418
1625
1706
1735
1854
2141
2533
2815
2807
2563
2276
2136
2185
2306
2371
2271
1918
1401
1007
962
1158
1205
865
315
-88
-224
-233
-232
-212
-192
-333
-701
-1064
-1108
-818
-524
-487
-629
-725
-698
-665
-672
-621
-465
-309
-310
-459
-616
-648
-526
-332
-216
-283
-482
-630
-585
-389
-170
-24
33
12
-40
-20
183
548
901
1044
967
822
787
924
1133
1290
1320
1199
962
672
454
404
463
421
110
-368
-753
-910
-926
-949
-1014
-1136
-1381
-1775
-2142
-2207
-1927
-1572
-1434
-1544
-1754
-1906
-1895
-1596
-1015
-421
-162
-283
-460
-357
88
696
1225
1518
1525
1333
1185
1264
1546
1821
1885
1709
1400
1077
807
626
515
414
241
-57
-449
-809
-1014
-1039
-990
-997
-1128
-1332
-1470
-1404
-1127
-809
-632
-599
-568
-394
-116
122
357
605
876
1124
1263
1314
1329
1453
1731
2044
2223
2077
1763
1587
1614
1798
1948
1832
1541
1141
788
698
686
610
418
125
-198
-565
-902
-1091
-1016
-926
-1166
-1680
-2223
-2400
-2204
-1993
-1938
-2137
-2343
-2331
-2164
-1923
-1801
-1641
-1364
-1092
-831
-683
-486
-191
89
338
555
789
928
960
1006
1086
1239
1342
1216
989
801
663
672
743
637
318
-60
-274
-144
40
-142
-331
-435
-411
-110
-113
-149
160
149
239
483
343
538
738
579
834
905
710
744
481
456
496
447
446
238
211
117
46
-171
-328
-164
-25
125
-257
-444
-462
-518
124
-380
269
152
-1682
-899
-1059
11
1407
14
-637
-1227
-1280
-219
77
168
199
389
715
713
377
-293
-7
716
1441
1154
475
672
812
503
175
-18
245
849
327
-617
-947
-714
-689
-849
-1246
-1960
-1637
-1692
-1781
-1758
-2685
-2382
-1326
-1168
-1497
-1551
-1679
-1506
-1063
-462
53
430
538
404
846
997
1264
1598
2438
2724
2470
2341
1805
1838
2195
2396
1983
1605
1862
1501
914
738
27
55
167
406
401
-275
-373
-1169
-1374
-1163
-887
-477
-889
-1053
-1347
-1383
-1284
-1332
-783
-610
-446
-202
-627
-894
-416
310
984
979
770
959
976
1047
1082
1436
1749
1501
1291
1063
1039
1173
845
705
766
624
194
-198
-616
-1011
-895
-1123
-835
-308
-825
-1202
-1375
-1831
-1886
-1833
-1843
-1483
-984
-1161
-1216
-1306
-1095
-1227
-1474
-1115
-1198
-1123
-1008
-858
-482
31
496
318
103
-94
-901
-63
723
823
679
1318
2204
1419
198
51
583
995
528
334
1336
1634
924
438
818
-25
-769
94
1270
1871
1160
56
283
423
68
-302
313
699
-184
-4
661
891
459
13
107
-373
-576
-577
-807
-250
13
255
493
413
614
589
120
-87
-791
-655
159
-20
-94
-439
-532
-768
-1245
-1570
-1245
1
-46
-793
-868
56
411
-473
-433
-8
370
413
474
942
1246
1566
1568
1791
2193
1917
1677
1985
2156
1155
466
598
2
143
618
203
-463
-840
-1359
-1987
-2528
-2579
-1456
-1519
-1665
-1895
-1825
-1820
-2562
-1772
-1873
-1743
-1064
-880
-792
-1408
-1329
-1327
-923
-1020
-935
210
76
208
361
354
894
1030
1756
2162
1551
1233
716
675
1136
1168
1568
1587
1561
1660
981
677
946
658
281
385
558
441
419
54
-207
299
-158
-121
-2
-146
-336
-733
-571
-395
-501
-609
-709
-947
-1203
-958
-1031
-661
308
181
457
461
-25
-2
240
791
951
794
227
-281
568
1518
1555
1788
1066
397
295
337
368
411
477
595
706
228
-58
416
835
131
-160
-57
-210
-407
-582
-873
-1002
-1179
-1607
-958
-472
-1107
-1287
-1590
-1732
-1733
-1982
-1669
-792
-545
-949
-698
-805
-1058
-959
-743
53
544
1011
673
303
734
567
497
722
1430
1540
1789
1188
234
458
93
369
440
232
412
546
658
341
-284
-727
-536
-34
-178
-415
-385
-710
-895
-562
-382
-305
-196
-473
-706
-686
-633
-855
-182
103
-684
-133
363
289
569
177
31
373
519
342
755
1565
1683
1343
540
273
368
1216
1752
1462
1605
1343
992
941
852
693
681
590
697
592
81
309
258
-2
-386
-559
-326
-541
-957
-1191
-868
-943
-1096
-1334
-1430
-1441
-1662
-1232
-726
-1108
-1314
-1096
-1031
-275
-441
-877
-693
-405
57
185
-24
-262
144
227
197
463
53
80
544
374
144
157
78
73
43
-265
170
607
282
-323
-161
350
303
-183
-853
-543
-545
-859
-364
-110
-231
-516
-852
-465
15
-168
-176
239
492
501
559
281
-412
-697
-252
435
1241
1344
1135
954
782
611
485
679
39
598
1194
1246
1551
945
666
778
1068
1433
1157
771
1088
831
853
977
882
675
-83
-329
-158
-104
-334
-426
135
-279
-655
-624
-1396
-1162
-1555
-1283
-752
-892
-702
-1116
-1354
-1354
-1311
-1134
-1033
-1188
-1105
-680
-541
-776
-740
-867
-638
-35
164
-122
-314
-15
-41
-178
320
526
718
656
-221
154
593
327
77
210
408
28
35
126
327
206
-267
-12
-60
-463
-829
-958
-367
-408
-183
582
518
143
-128
-284
-262
-33
-138
207
498
365
639
691
905
1113
968
1037
953
1002
1106
1120
1414
1468
1237
733
518
615
835
814
607
474
511
654
474
43
-446
-539
-554
-625
-872
-1151
-1117
-864
-882
-910
-844
-749
-848
-916
-870
-603
-257
-685
-411
-118
-76
108
56
268
106
-45
227
502
890
911
473
136
10
-461
-556
29
173
325
103
-53
-205
-760
-1006
-1061
-854
-422
-394
-628
-523
-618
-744
-807
-844
-959
-1059
-539
-191
-318
-546
-570
-310
-282
-277
-459
-118
177
-205
166
430
501
324
237
639
455
399
665
828
988
1042
892
1042
1166
696
810
1001
752
863
961
1061
1092
984
800
474
539
491
419
864
772
551
643
483
188
-12
-164
-328
10
167
-54
-37
-98
-33
-142
-553
-711
-613
-416
-208
115
-31
-488
-678
-667
-403
-535
-937
-1060
-738
-677
-951
-821
-821
-922
-1022
-1155
-1215
-972
-736
-730
-340
-234
-499
-641
-705
-529
-179
-15
-73
7
-32
-294
-335
66
219
270
175
-159
171
496
502
435
632
811
639
782
732
727
903
858
1000
1045
990
841
528
412
410
352
390
298
165
190
-103
-319
-335
-338
-260
-315
-111
9
-255
-366
-501
-511
-348
-155
-18
-81
-4
10
21
-202
-453
-204
40
121
45
181
285
-55
-123
104
175
216
307
535
729
554
269
284
520
470
392
400
218
191
132
50
-31
-184
-205
-208
-191
-345
-514
-513
-438
-226
-169
-144
-187
-427
-407
-374
-236
-22
-50
-52
-159
-151
-217
-390
-266
-210
-77
-20
-66
-81
-175
-211
-340
-159
95
7
-67
-100
-82
-61
-43
-110
-169
-96
-157
-205
-151
-112
-92
-163
-265
-191
-82
-94
-135
-196
-224
-272
-147
106
204
283
190
103
140
117
293
572
673
748
900
860
652
560
747
876
904
1149
1116
948
771
627
832
849
730
712
750
581
344
376
181
-43
-78
-33
-56
-170
-377
-648
-786
-990
-798
-528
-651
-915
-1156
-1061
-1225
-1273
-915
-883
-911
-925
-1012
-985
-974
-1066
-800
-490
-445
-337
-368
-501
-618
-376
-211
-205
9
94
222
-64
-215
38
-22
89
229
351
390
79
18
218
268
342
338
265
362
205
143
412
298
354
500
279
207
136
206
333
380
472
382
222
33
-44
79
174
156
113
69
88
-26
-64
77
-62
129
132
-2
197
82
448
514
313
686
537
488
590
586
724
515
680
758
788
955
600
730
676
220
-18
29
220
-45
119
273
-283
-570
-654
-740
-540
-512
-746
-738
-693
-834
-857
-821
-966
-1008
-823
-685
-770
-720
-514
-725
-801
-600
-565
-439
-398
-309
-156
-163
-237
-319
-11
300
213
261
451
358
154
257
308
251
490
548
380
272
145
52
10
70
-34
-125
-64
-249
-255
-110
-199
-208
-221
-192
-83
-103
-82
-153
-138
1
-54
-40
-8
18
60
86
175
159
105
78
171
384
454
447
433
347
328
401
582
669
523
477
415
346
426
465
524
440
330
367
243
284
315
212
280
181
172
247
250
280
117
142
159
42
93
29
23
70
83
22
-167
-209
-312
-400
-376
-323
-229
-384
-571
-680
-840
-862
-818
-767
-726
-717
-727
-874
-965
-1026
-1078
-909
-739
-638
-612
-694
-704
-719
-602
-413
-375
-212
-221
-277
-141
-96
51
67
115
187
63
190
259
370
524
561
641
536
541
578
614
789
843
894
855
785
749
684
696
684
725
664
610
633
541
549
450
384
409
286
275
243
208
175
68
93
-55
-221
-201
-295
-298
-287
-280
-291
-470
-473
-517
-544
-414
-397
-279
-287
-361
-342
-380
-280
-221
-112
10
-64
-52
-27
-24
5
70
165
151
108
82
113
98
127
216
164
175
119
56
87
58
143
148
109
98
31
57
27
3
58
11
-55
-48
-18
-30
-36
-19
-12
-35
-30
12
-1
39
76
102
145
159
150
95
101
69
55
84
32
9
-79
-80
-133
-257
-190
-266
-311
-263
-289
-265
-341
-336
-285
-323
-240
-222
-263
-234
-244
-233
-172
-134
-128
-133
-115
-97
-104
-40
18
-19
37
84
24
45
79
91
158
191
214
209
170
187
175
232
316
306
316
283
210
237
301
313
341
327
265
239
199
215
201
181
221
182
149
87
13
-5
3
27
7
-33
-120
-179
-198
-164
-128
-174
-172
-217
-253
-211
-219
-221
-207
-200
-163
-179
-178
-137
-161
-98
-74
-96
-46
-82
-48
7
-18
8
-26
-16
31
18
89
71
19
35
-3
48
60
49
85
43
85
65
49
60
-8
47
61
53
30
-29
-9
-3
33
41
3
-38
-45
-16
7
19
11
-1
-15
12
6
-16
-24
-27
17
13
15
-20
-55
-21
-28
11
-7
-33
-21
-29
26
6
-10
-25
-34
5
8
40
22
6
21
23
52
32
26
22
23
49
50
32
-7
-12
4
61
74
38
4
-29
21
53
78
66
17
29
20
42
25
-8
-2
-22
5
-11
-68
-99
-131
-104
-84
-103
-130
-194
-199
-185
-180
-166
-197
-216
-233
-237
-217
-209
-179
-170
-153
-134
-121
-73
-20
32
70
110
159
215
256
292
310
323
374
414
456
452
418
406
386
395
381
356
308
239
221
183
158
101
23
2
-32
-36
-65
-124
-164
-186
-176
-152
-159
-180
-171
-166
-125
-107
-111
-104
-113
-57
-40
-42
-37
-65
-43
-49
-45
-45
-94
-87
-118
-131
-141
-200
-204
-254
-266
-276
-313
-306
-357
-345
-354
-361
-352
-382
-339
-331
-280
-260
-258
-209
-202
-121
-99
-53
-12
-26
57
67
140
176
167
235
207
261
258
236
289
268
335
316
292
309
265
327
310
320
327
274
318
288
312
326
293
310
280
312
324
317
324
298
308
306
300
304
254
216
190
153
137
86
37
7
-34
-60
-108
-148
-185
-227
-240
-272
-282
-303
-332
-327
-335
-316
-320
-309
-287
-282
-247
-239
-222
-203
-200
-165
-141
-127
-122
-120
-96
-80
-65
-75
-82
-85
-89
-77
-92
-101
-126
-143
-126
-131
-121
-152
-165
-139
-146
-124
-132
-126
-113
-117
-85
-88
-68
-45
-39
4
14
40
58
74
116
118
142
154
177
208
204
231
241
258
264
254
278
280
285
279
266
262
241
241
217
202
198
170
165
141
127
111
89
90
68
58
49
32
18
0
-13
-18
-26
-41
-56
-60
-67
-79
-81
-84
-86
-93
-93
-75
-86
-82
-77
-79
-59
-72
-73
-70
-64
-65
-80
-75
-73
-78
-94
-109
-106
-124
-138
-143
-151
-152
-167
-173
-173
-186
-194
-198
-192
-178
-182
-177
-165
-153
-142
-145
-127
-104
-96
-82
-66
-37
-20
-16
1
19
35
30
35
58
68
79
74
93
113
94
99
105
125
139
136
155
156
169
175
186
206
193
197
195
193
195
174
176
176
158
145
117
92
72
52
31
11
10
-11
-30
-40
-50
-50
-56
-57
-48
-47
-47
-45
-39
-31
-21
-13
-12
-4
3
9
12
2
-2
-12
-19
-24
-27
-32
-42
-46
-54
-55
-62
-54
-49
-58
-52
-47
-37
-34
-37
-36
-32
-32
-40
-34
-33
-38
-39
-40
-34
-40
-44
-41
-56
-62
-55
-58
-62
-66
-66
-61
-53
-44
-39
-35
-31
-34
-27
-11
-11
1
11
13
21
24
35
38
43
56
52
58
55
46
44
36
42
29
27
25
14
23
12
11
3
-8
-10
-15
-8
-16
-14
-10
-15
-5
-10
0
-1
-4
11
15
40
49
55
59
51
72
71
75
80
76
101
98
109
113
110
119
100
120
125
124
135
130
145
144
149
147
136
134
112
101
78
48
29
-7
-39
-70
-100
-117
-143
-163
-183
-200
-210
-222
-227
-233
-229
-217
-213
-204
-205
-196
-173
-166
-157
-153
-146
-140
-140
-128
-126
-119
-112
-106
-94
-92
-84
-82
-80
-72
-68
-51
-43
-33
-28
-25
-10
2
21
30
33
40
54
66
71
80
85
100
118
129
135
128
133
148
157
169
170
172
183
191
204
200
175
173
175
182
184
169
160
148
141
134
116
102
89
84
86
76
68
53
39
51
49
46
41
27
25
19
11
-1
-20
-37
-57
-71
-84
-103
-115
-128
-142
-158
-168
-175
-185
-189
-190
-187
-177
-175
-168
-152
-149
-144
-138
-130
-120
-112
-98
-91
-85
-82
-83
-77
-71
-63
-46
-36
-32
-26
-26
-16
-9
6
20
32
42
43
57
67
74
85
93
96
101
110
108
109
114
117
120
114
117
112
106
103
95
89
87
83
76
64
54
51
50
47
44
33
33
34
32
34
29
29
32
25
15
18
19
12
10
3
-3
-7
-22
-37
-43
-56
-68
-74
-87
-88
-89
-93
-92
-96
-90
-84
-79
-68
-60
-50
-38
-29
-16
-8
-7
-5
-7
-13
-8
-11
-23
-17
-33
-53
-68
-88
-91
-94
-94
-85
-91
-97
-95
-97
-86
-74
-69
-51
-37
-39
-24
-18
-3
22
32
51
60
56
64
70
73
92
109
115
118
109
105
101
89
96
100
99
99
86
85
89
79
78
81
78
73
64
51
46
39
32
20
4
-7
-18
-29
-35
-39
-41
-43
-39
-40
-31
-28
-32
-29
-31
-30
-22
-19
-21
-17
-23
-25
-24
-26
-18
-11
-14
-13
-7
-4
-1
-5
-6
-4
-7
-4
-5
-15
-18
-26
-33
-32
-34
-32
-36
-40
-39
-38
-35
-32
-32
-30
-25
-23
-16
-13
-11
-9
-15
-12
-14
-18
-15
-14
-12
-10
-11
-12
-11
-11
-10
-4
-1
3
7
15
17
14
13
15
21
23
27
32
33
29
28
20
18
26
29
34
27
22
15
12
11
11
9
2
4
5
8
6
2
0
-4
-2
6
7
4
6
1
-11
-14
-13
-6
-9
-8
-8
-15
-20
-19
-10
-6
-5
-3
1
2
1
3
11
17
15
16
18
18
12
5
4
6
7
6
5
-4
-7
-2
3
2
7
7
3
3
-11
-11
-5
-1
10
5
-4
-8
-16
-14
-13
-6
1
-2
-7
-7
0
0
1
7
5
0
-2
-3
-3
0
-1
-6
-10
-17
-20
-21
-21
-22
-22
-21
-33
-46
-55
-59
-53
-42
-40
-37
-38
-41
-43
-42
-37
-35
-20
-5
-2
-2
-8
-13
-12
-4
13
25
38
36
24
18
16
19
23
28
41
51
42
38
31
31
35
34
45
54
58
58
52
47
44
40
41
50
51
46
39
25
16
18
21
29
28
28
27
18
17
12
12
16
11
12
14
10
5
-3
-11
-13
-12
-13
-11
-15
-25
-31
-42
-44
-43
-45
-42
-46
-49
-49
-53
-57
-56
-47
-45
-40
-37
-39
-39
-45
-43
-45
-41
-33
-31
-18
-12
-11
-8
-3
-2
1
7
7
9
15
18
25
22
20
12
10
14
8
8
6
12
16
11
10
7
8
5
2
-2
-7
-6
3
6
2
6
9
13
17
22
28
26
27
25
26
23
26
23
15
19
18
13
16
12
9
-2
-9
-5
-5
-3
-4
-6
-3
-6
3
7
-1
-1
-5
-1
2
4
10
4
0
1
-2
1
0
-2
-3
4
7
4
4
3
6
9
10
4
-4
1
-2
-4
-8
-13
-11
-16
-7
-17
-19
-16
-25
-22
-33
-31
-25
-29
-22
-21
-16
-14
-17
-14
-20
-19
-16
-23
-21
-24
-22
-18
-15
-7
-4
-3
-5
2
6
4
16
17
22
24
16
20
22
22
20
22
25
29
38
37
33
32
32
38
33
34
32
29
23
17
20
14
15
14
9
6
0
-4
-10
-16
-18
-21
-23
-29
-36
-37
-33
-35
-34
-34
-32
-31
-24
-17
-21
-13
-10
-6
1
-3
3
5
7
7
6
7
6
13
13
7
6
2
4
2
-3
-5
-8
-8
-5
-12
-14
-17
-16
-14
-20
-28
-25
-22
-29
-22
-26
-26
-19
-12
-1
-1
3
7
9
24
29
37
40
38
44
48
52
55
60
65
72
68
63
62
57
49
45
40
28
25
15
5
3
-7
-18
-26
-33
-35
-40
-44
-50
-49
-49
-57
-53
-47
-41
-47
-50
-49
-52
-53
-56
-57
-59
-57
-57
-59
-55
-51
-47
-40
-31
-25
-20
-19
-16
-10
-3
11
22
28
31
30
30
33
36
44
50
58
58
50
51
51
51
53
47
42
38
32
32
33
24
15
12
8
1
0
-6
-10
-10
-12
-8
-4
-1
1
0
4
-3
-8
-4
-6
-5
-7
-3
4
9
18
15
18
24
19
21
16
14
6
-7
-6
-16
-19
-21
-28
-29
-35
-39
-43
-41
-37
-40
-41
-38
-41
-44
-43
-40
-40
-38
-39
-33
-27
-28
-22
-22
-20
-5
-2
3
8
15
27
30
33
36
40
40
44
48
43
43
34
32
33
29
34
30
31
37
33
30
20
10
4
-1
-2
-3
-4
-11
-19
-17
-14
-15
-13
-11
-12
-16
-21
-16
-12
-17
-18
-18
-18
-17
-16
-15
-18
-15
-12
-6
-2
-2
-2
-4
-1
3
5
3
3
5
4
6
4
1
-5
-9
-4
1
4
6
2
5
8
7
6
9
16
11
11
6
-1
3
2
11
15
13
15
8
16
10
5
-6
-19
-20
