21
57
68
51
15
-23
-36
-29
-1
36
66
82
73
47
15
9
12
26
47
57
59
44
25
12
-1
-8
-9
-8
-15
-22
-30
-41
-52
-54
-52
-52
-61
-65
-67
-64
-46
-30
-12
3
9
9
10
23
30
43
57
62
63
51
35
27
26
22
9
2
-15
-29
-37
-42
-31
-22
-19
-25
-32
-36
-32
-24
-20
-11
-14
-18
-23
-25
-6
10
31
49
53
50
40
36
39
51
66
77
77
65
45
21
4
-1
9
27
34
20
-5
-32
-48
-57
-50
-40
-36
-30
-34
-43
-59
-73
-79
-70
-51
-38
-22
-10
-6
4
17
20
25
19
0
-9
-22
-21
-2
11
29
38
43
45
41
40
34
11
-9
-26
-34
-36
-26
-3
9
7
-3
-9
-14
-22
-25
-22
-17
-21
-30
-38
-45
-37
-10
19
36
39
30
22
16
22
41
59
64
65
59
53
38
22
12
1
-5
-8
2
22
44
59
63
57
40
28
12
-1
-11
-21
-22
-27
-25
-26
-31
-27
-34
-35
-42
-42
-27
-24
-25
-42
-67
-78
-76
-63
-46
-34
-35
-40
-52
-59
-50
-30
3
33
43
33
10
-25
-51
-51
-34
4
46
74
80
78
70
60
46
22
0
-25
-45
-46
-38
-3
26
43
57
43
28
2
-27
-38
-26
10
47
79
95
84
59
24
-6
-13
5
44
85
110
106
66
11
-42
-73
-61
-24
27
62
53
22
-15
-52
-63
-50
-34
-21
-28
-43
-50
-57
-44
-26
-20
-31
-58
-90
-111
-102
-66
-29
-5
-6
-22
-43
-55
-53
-45
-27
-14
-23
-31
-36
-24
0
22
34
16
-19
-36
-30
8
70
124
153
156
133
97
71
69
87
114
129
135
120
92
71
58
54
47
19
-20
-54
-73
-69
-51
-34
-30
-41
-51
-58
-62
-64
-60
-50
-32
-20
-12
-4
4
0
-15
-25
-27
-23
-24
-30
-34
-36
-40
-37
-23
-11
-8
-17
-40
-68
-89
-111
-114
-84
-41
-1
9
-17
-49
-78
-88
-64
-18
27
54
59
50
43
49
53
52
56
67
69
74
74
79
93
95
87
62
29
-2
-25
-26
-6
7
12
11
11
13
8
5
-1
-5
-1
-5
1
13
25
30
22
13
12
29
43
38
23
10
2
-15
-27
-24
-1
16
1
-17
-41
-52
-65
-78
-61
-42
-34
-42
-57
-63
-63
-55
-39
-22
-4
5
6
7
13
30
44
44
45
50
49
43
29
21
26
25
10
-7
-13
-11
-4
-9
-15
-18
-27
-34
-43
-41
-25
-8
-6
-16
-21
-29
-42
-50
-39
-22
6
22
28
31
18
-2
-25
-32
-31
-31
-35
-32
-22
-13
-6
0
28
58
72
75
61
46
24
21
34
63
92
113
127
118
111
99
87
86
76
69
49
8
-34
-60
-59
-42
-14
7
10
-9
-43
-80
-99
-92
-87
-80
-83
-88
-82
-74
-59
-44
-20
11
17
-13
-60
-98
-108
-109
-113
-117
-106
-72
-46
-45
-49
-58
-78
-108
-138
-134
-103
-55
-22
-25
-33
-47
-56
-43
-4
51
92
97
68
44
44
51
53
58
83
127
183
232
279
330
372
374
341
307
274
243
194
140
136
182
229
234
182
108
38
-32
-82
-92
-63
-47
-91
-158
-176
-151
-133
-155
-201
-197
-147
-104
-78
-58
-58
-102
-194
-279
-288
-225
-145
-114
-117
-102
-90
-112
-175
-232
-241
-226
-223
-237
-229
-193
-154
-143
-136
-88
-13
43
42
23
33
55
74
85
112
158
187
152
91
78
109
154
189
230
298
351
336
253
147
77
31
-3
15
95
181
197
143
70
38
50
65
60
42
19
-16
-45
-35
22
64
66
40
7
1
-2
-26
-53
-61
-55
-61
-64
-57
-40
-36
-51
-50
-19
39
88
111
100
54
-6
-91
-165
-204
-221
-217
-226
-225
-192
-158
-124
-96
-87
-97
-123
-150
-166
-160
-138
-120
-99
-57
1
50
54
34
43
84
135
177
217
245
218
132
38
5
31
77
112
134
132
90
32
-14
-19
-14
-30
-52
-59
-53
-36
-27
-24
-4
20
34
43
55
69
54
14
-5
17
57
67
59
51
37
7
-41
-77
-84
-77
-67
-48
-9
17
16
1
-8
1
11
14
8
10
13
3
1
7
20
17
9
12
16
19
15
5
-11
-34
-54
-54
-34
-27
-35
-45
-51
-46
-27
-7
-4
-13
-33
-56
-75
-84
-78
-63
-45
-30
-26
-22
-17
-16
-17
-23
-15
8
20
3
-27
-27
16
85
145
159
135
81
8
-52
-78
-53
10
72
117
122
98
62
27
-7
-42
-50
-30
8
31
16
-15
-22
6
45
80
93
89
76
59
30
-9
-30
-26
-5
8
-6
-30
-41
-22
12
30
29
16
-9
-32
-51
-54
-34
-5
18
6
-15
-11
20
57
66
49
24
5
-9
-32
-64
-89
-89
-73
-53
-32
-1
22
21
-19
-91
-143
-163
-156
-136
-129
-116
-94
-64
-46
-46
-36
-8
32
58
63
59
50
49
36
15
4
11
44
66
84
98
110
121
118
103
84
72
71
69
49
44
59
89
125
127
109
79
47
25
12
8
21
41
55
50
10
-40
-64
-71
-76
-81
-103
-123
-127
-131
-123
-108
-125
-148
-185
-217
-206
-174
-103
-21
26
-3
-90
-166
-182
-168
-151
-97
-23
40
65
-23
-101
-78
-21
39
-11
-52
42
92
104
42
7
236
357
256
17
-228
6
349
444
334
-92
-267
-168
-226
-96
-72
-175
-113
-508
-776
-565
-430
56
221
-160
-169
-325
-379
34
156
440
687
428
494
608
646
928
823
654
727
637
718
807
657
627
476
237
183
86
24
-26
-222
-366
-444
-490
-446
-478
-581
-657
-759
-748
-680
-667
-571
-507
-438
-257
-182
-141
-146
-265
-240
-134
11
191
163
56
-42
-119
-21
118
189
171
14
-104
-106
-77
-11
-24
-46
-3
-46
-70
-101
-158
-57
-2
13
93
56
47
74
11
86
172
161
202
158
162
285
272
233
187
140
257
322
324
301
222
244
274
304
350
337
329
259
161
141
111
122
88
-45
-96
-183
-278
-319
-433
-436
-394
-400
-324
-310
-308
-290
-370
-320
-210
-122
7
-20
-32
10
-45
-41
-57
-48
114
231
299
278
51
-136
-279
-395
-371
-358
-252
-99
-158
-309
-527
-661
-519
-407
-389
-349
-206
217
563
498
208
-40
126
614
959
1049
903
690
573
339
78
-58
-74
25
-16
-213
-347
-443
-523
-642
-885
-1019
-969
-829
-546
-274
-66
99
99
92
221
448
737
919
938
942
981
1063
1111
1058
1031
932
805
691
531
542
507
322
86
-207
-255
-190
-217
-386
-642
-700
-678
-629
-634
-692
-710
-691
-664
-492
-273
-440
-454
-531
-46
831
545
154
-845
-1023
242
570
1026
110
-1307
-1114
-1700
-1134
-322
-947
-368
-1152
-2156
-1436
-1605
-699
176
-564
-344
-365
-567
558
892
1114
1748
1073
1012
1335
1257
1990
2157
1779
1873
1634
1535
1721
1365
1185
1038
820
725
539
365
128
196
-19
-67
-173
-1034
-1285
-1562
-1031
488
742
368
-785
-1877
-1148
69
1118
1498
716
-299
-1117
-1479
-1012
26
581
77
-1449
-3104
-3297
-2390
-1065
-347
-1102
-2192
-3167
-3192
-2037
-823
-77
-336
-1061
-1314
-751
356
1314
1682
1419
1099
952
1231
1921
2306
2473
2331
1894
1866
1921
1868
1844
1439
1097
1004
905
960
752
376
56
-306
-312
-293
-497
-817
-1337
-1442
-992
-454
-108
-384
-860
-978
-800
-114
489
649
488
-216
-428
212
1226
2060
1540
259
-763
-1016
-190
573
917
787
-10
-743
-1318
-1422
-861
-457
-525
-1073
-1650
-1663
-1214
-725
-542
-621
-911
-1163
-1146
-885
-231
282
261
32
-221
51
759
1127
1080
626
113
159
578
1085
1444
1240
711
330
200
421
610
342
-80
-336
-249
51
105
-117
-440
-841
-1057
-686
352
1596
1739
184
-1529
-1776
-33
2359
2958
1788
196
-876
-726
-70
533
1089
765
-511
-1766
-2361
-1837
-770
-550
-1035
-1831
-2649
-2681
-2176
-1314
-294
-114
-613
-1104
-1111
-147
1032
1588
1551
1027
779
1169
1832
2502
2579
2102
1532
1211
1491
1971
2066
1603
779
255
257
499
701
501
19
-507
-1033
-1114
-859
-633
-595
-992
-1209
-924
-499
-227
-540
-914
-801
-277
383
391
-102
-622
-775
-37
791
1190
933
-165
-891
-1013
-688
128
318
69
-398
-1274
-1605
-1494
-1058
-383
-385
-951
-1572
-1876
-1460
-576
7
41
-376
-1050
-1121
-568
304
1273
1469
1149
675
476
986
1617
2080
1981
1636
1308
1122
1437
1520
1726
1481
636
375
-22
454
1004
392
139
-873
-1366
-876
-1228
-405
382
444
640
-1160
-2438
-1706
-265
2198
2718
1019
-365
-1577
-1373
-104
382
832
402
-1304
-2445
-3104
-2664
-1126
-795
-1294
-2227
-3418
-3144
-2308
-1447
-420
-500
-831
-979
-1059
-133
976
1726
2283
2050
1581
1437
1389
1986
2784
3018
3005
2374
1638
1473
1380
1684
1993
1746
1393
623
-146
-282
-274
29
218
-244
-670
-1192
-1480
-1023
-590
0
230
-346
-724
-970
-678
63
280
411
307
-7
-87
-228
73
699
803
385
-480
-1077
-672
-135
-36
-282
-933
-1194
-1123
-1284
-1138
-1001
-975
-920
-1249
-1289
-1086
-961
-668
-671
-533
-223
-279
-288
-204
139
587
752
625
301
567
1008
1129
1271
909
665
770
560
456
235
115
293
152
108
20
-508
-714
-781
-568
1063
2224
1776
453
-1678
-1807
309
2372
3612
2527
542
-733
-1418
-719
416
1038
1008
-414
-2434
-3251
-2873
-1807
-814
-1362
-2444
-3132
-3359
-2383
-1271
-431
-49
-727
-1283
-1221
-343
1279
2262
2202
1817
1479
1764
2678
3233
3428
3094
2340
2005
1978
2391
2667
2057
1089
155
-163
176
456
348
-237
-1036
-1673
-1841
-1621
-1222
-1033
-1349
-1609
-1646
-1193
-578
-509
-575
-752
-553
-120
-58
39
-72
93
576
731
813
430
-130
-246
-44
455
736
453
-115
-542
-680
-610
-481
-346
-110
-66
-255
-692
-1109
-1097
-990
-657
-284
-190
-88
-410
-735
-415
-52
552
768
97
30
31
219
857
387
464
631
307
801
1
-323
-6
-526
416
288
-384
-225
-955
254
1866
1870
970
-1374
-2097
-330
1976
3351
2461
705
-471
-1173
-1379
-1015
-334
319
-187
-2158
-3654
-3675
-2503
-1241
-1486
-2586
-3381
-3522
-2434
-1118
-145
421
-93
-545
-112
1061
2717
3651
3442
2826
2471
2684
3377
4077
4338
4113
3418
2718
2441
2473
2776
2535
1762
1117
483
302
126
-489
-1083
-1562
-1833
-1944
-2206
-2637
-2900
-3051
-2722
-2065
-1826
-2127
-3082
-3515
-2642
-969
491
449
-612
-1661
-1838
-742
756
1900
2015
1057
-52
-301
692
2001
2608
2081
829
-98
-353
-15
522
772
523
-160
-894
-1190
-1035
-757
-351
-528
-858
-1110
-1356
-749
-301
339
529
60
-125
-730
-533
68
764
1008
384
-66
-585
-108
363
93
-225
-1020
-1065
207
2057
3272
2251
-302
-1723
-723
2279
4665
4010
1729
-215
-1207
-671
104
350
719
-266
-2291
-4034
-4778
-3472
-1960
-1822
-2788
-4260
-4710
-3693
-2439
-1180
-207
-378
-760
-910
-348
1456
2953
3402
3017
2347
2698
3747
4506
4916
4543
3825
3515
3341
3695
4185
3936
3024
1687
937
1041
1134
767
-195
-1359
-1940
-2096
-2345
-2413
-2739
-3242
-3372
-3363
-2811
-2467
-2838
-3340
-3604
-2806
-1704
-1321
-1577
-2179
-2223
-1545
-627
100
236
-105
-471
-248
727
1743
2056
1555
807
650
1051
1500
1747
1691
1677
1361
690
354
237
862
1478
955
622
187
127
981
840
1069
1058
104
275
-655
-887
258
-137
636
56
-1695
-1133
-1362
-364
450
-1025
-392
794
2286
3459
717
-1615
-865
1036
4142
4600
1565
-157
-1286
-1429
-110
-503
-629
-1081
-3806
-5341
-6047
-5602
-3345
-3506
-4889
-5688
-6681
-5385
-3426
-2804
-1799
-1937
-2451
-1555
-769
1045
2764
2502
2451
2237
2427
4220
5394
5935
6023
4904
4381
4683
5133
6293
6492
5552
4635
3287
3048
3592
3494
3451
2538
1218
531
-120
-409
-556
-1007
-1277
-1553
-2274
-2957
-3854
-4258
-3459
-2821
-2529
-3221
-4671
-5148
-4666
-3355
-2017
-1624
-2138
-3219
-3911
-3366
-1481
457
972
-119
-1744
-2241
-1108
697
1992
2107
1200
226
-50
533
1892
2980
2746
2125
1129
959
2093
2311
2654
2116
966
983
386
333
690
260
785
322
-1102
-1331
-2206
-1541
180
1097
2620
1924
-721
-2364
-2238
689
4650
4860
2361
-500
-2707
-1423
305
702
1008
-607
-3061
-4548
-5651
-4336
-1881
-1585
-2538
-5124
-7029
-5912
-3699
-1108
329
-821
-2418
-3226
-2696
191
2729
3538
2913
787
-89
1090
2997
5178
5535
3912
2672
1864
2360
3919
4548
4572
4007
2892
2392
2585
2711
3098
2874
2189
2213
1767
1759
1504
648
893
1107
1325
889
-655
-2088
-2693
-2166
-1295
-980
-1890
-3250
-4409
-4758
-4128
-3470
-2982
-3250
-4086
-4715
-4527
-3481
-2478
-2065
-2483
-3025
-2758
-1899
-880
45
578
621
599
397
480
1577
2575
3393
3162
2294
2246
2429
3463
3551
2971
2587
2007
2154
1633
1657
1536
1420
1574
-134
-749
-689
495
2418
1837
245
-2337
-2743
-217
1972
3417
1505
-1654
-3004
-3032
-1520
-666
-873
-1560
-2935
-4179
-4985
-4743
-3689
-2667
-2992
-4288
-4941
-4861
-3322
-1709
-1055
-743
-1084
-1114
-770
231
1937
3150
3656
3276
2682
2729
3408
4152
4352
4018
3445
3122
3167
3392
3353
2818
2094
1426
1308
1705
1862
1279
349
-292
-281
391
870
916
435
41
102
-76
242
206
-335
-435
-800
-578
-239
-372
-614
-1701
-2256
-2254
-2413
-1785
-1622
-2033
-2158
-2523
-2587
-2172
-1900
-1853
-1851
-1867
-1631
-1331
-1380
-1341
-1270
-957
-504
-346
-99
316
1342
1895
1767
1933
1692
2281
3010
2856
2642
1682
1844
2432
2405
3141
1703
-38
973
2289
4309
5082
1702
-1756
-2235
-103
3496
4395
1858
-1281
-4046
-4405
-3564
-3514
-2448
-2779
-5612
-7815
-9338
-8491
-5033
-3673
-4754
-6719
-8457
-7235
-4626
-2253
39
133
-469
-559
-375
2117
5104
6353
6206
4777
4112
5591
6963
7735
7686
6087
5499
5084
4218
4812
4974
4437
3413
1374
393
792
1517
1727
721
-386
-720
-1023
-1028
-612
-750
-540
-444
-1309
-1686
-1873
-2188
-1700
-751
53
41
-1487
-2923
-3302
-2371
-566
-471
-1509
-2835
-4190
-3972
-2844
-1375
-645
-1551
-3019
-4256
-3868
-2172
-822
-550
-1018
-1699
-1974
-1285
-314
753
1252
1288
655
183
1038
1906
2778
3034
2826
2433
2211
2355
1928
2013
2494
2530
3433
5250
5920
4998
2494
287
1431
4874
6957
5731
2299
-525
-1039
-767
-889
-1790
-2853
-3924
-6241
-8687
-9410
-7918
-6279
-6354
-8237
-10115
-9992
-8496
-6534
-5095
-4144
-3537
-3349
-2622
-929
1636
3557
3934
3452
3417
5015
7107
8628
8877
8089
7336
6727
6995
7446
7507
7227
5808
3998
2893
2698
3088
3023
1835
95
-1500
-2093
-2095
-2129
-1882
-2250
-2803
-3122
-3431
-3287
-3069
-2842
-2774
-2646
-2631
-2984
-2834
-2292
-1370
-567
-477
-887
-1459
-1693
-1756
-1035
105
759
790
-250
-1264
-1266
-493
388
842
598
-193
-718
-1134
-938
27
543
873
454
-680
-854
-719
-152
662
574
718
841
1122
1619
1254
2041
3691
4902
5717
3920
1510
1912
4227
7092
7691
4978
1795
19
199
1157
883
-281
-2070
-4889
-7007
-7897
-7728
-6267
-6166
-8289
-10714
-12159
-10976
-8051
-5893
-5006
-5832
-7125
-6649
-4541
-1104
2474
3798
3052
1946
1977
4183
7157
9106
9399
8038
6773
6874
7858
9273
10209
9374
7709
6170
5132
5419
5334
4236
2362
306
-457
-642
-495
-544
-834
-1809
-3299
-3925
-4667
-4378
-3957
-4640
-5179
-5832
-5209
-4931
-5590
-5274
-5726
-4979
-2869
-2927
-2959
-2344
-2400
-1253
437
777
807
1106
1118
1454
2195
2774
2745
2550
2765
2787
3365
3594
2889
2484
1907
1995
2189
1955
1544
828
841
136
-501
-524
-664
1251
3332
3987
2511
-1142
-2838
-855
4165
7404
5800
2267
-1600
-2480
-198
1091
855
-77
-2174
-5249
-7666
-8077
-5846
-3807
-4763
-7813
-11126
-11304
-8486
-5894
-4079
-4459
-6338
-6616
-5865
-3968
-411
2157
2283
1077
227
1347
3791
5991
7348
7146
6559
6391
6652
7653
8296
8405
8001
6803
5697
5770
6272
6228
5728
4344
3220
2953
2105
2582
2986
721
-280
-963
-1533
-484
-1063
-2630
-4557
-5158
-4015
-4916
-5091
-5336
-7226
-5580
-4893
-6106
-4580
-4407
-5441
-5041
-4646
-4582
-3556
-2587
-2818
-2680
-1755
-1110
-520
455
1123
1280
1402
1698
1962
3173
4363
4452
4174
3643
3055
2831
3165
3164
3636
4401
5405
6745
6224
4317
1880
1176
4251
7168
7460
5843
1955
-515
348
398
-197
-765
-2887
-4268
-5793
-8673
-8630
-7161
-6414
-6364
-8753
-10917
-10904
-9384
-7000
-5735
-6345
-6725
-6647
-5882
-3519
-1263
991
1888
715
952
2734
4691
6557
6661
5661
5626
6182
7514
8518
8049
7485
6404
4892
4445
4805
5529
5938
4563
2949
1968
1198
2415
2029
421
51
-1614
-1128
14
-476
-1649
-3981
-3853
-3581
-3638
-2316
-4127
-5110
-3205
-3460
-3384
-2752
-3870
-3985
-2593
-1866
-1601
-821
-1442
-3031
-3319
-2206
-553
676
1170
-358
-1658
-849
-651
357
2063
1597
1061
420
-621
-76
1422
3202
2847
1624
3264
4907
6494
6912
2697
631
3729
7462
10262
9755
5577
2096
1719
2371
2960
2632
1287
-625
-4026
-6506
-7352
-6980
-5921
-6962
-9120
-10727
-11766
-10876
-8827
-7767
-6970
-7192
-8335
-7521
-5610
-3266
-555
-282
-1486
-1344
564
3556
5192
5420
5377
4959
5581
7094
8099
9065
9108
7496
6205
5736
6291
7725
7451
5798
4499
3132
3519
3379
1136
1010
391
-279
441
-347
-1295
-3334
-4684
-4328
-4499
-2588
-2772
-5805
-5453
-5361
-4755
-2030
-2321
-3866
-4107
-4137
-4126
-2237
157
426
-780
-2570
-3209
-1684
1450
2443
785
-127
-1477
-1655
358
1315
2062
2203
334
-1878
-2727
-733
1413
2644
5342
5682
4400
3280
-34
568
5700
9689
10211
6662
3016
1324
2418
4643
4002
2447
1444
-1145
-4489
-5583
-5079
-3707
-2481
-4900
-8549
-10213
-10355
-8058
-5864
-5765
-6239
-7497
-8060
-6816
-4256
-1114
619
191
-1240
-1872
-420
2873
5252
5888
5376
3558
3205
4924
6669
8058
7948
5854
3724
2941
4046
5650
6483
5714
3884
3044
1333
297
232
-55
1191
1689
1237
-744
-3062
-3177
-3953
-3079
-1101
-2534
-3372
-4095
-5903
-4710
-2325
-1353
-1489
-2370
-4027
-4431
-2292
323
1813
1585
-8
-2245
-2507
-488
1192
1869
1428
-24
-811
-90
533
1046
1526
589
-699
-1453
-1729
-948
1800
5144
5464
2875
-1113
-3196
-290
5979
10522
8835
4318
-120
-1786
2125
4776
4231
2703
-1968
-6216
-6705
-5499
-2684
-1043
-3864
-7968
-10741
-11237
-7586
-4008
-3733
-4717
-7163
-7800
-6061
-3671
-40
1542
705
-445
-1360
424
4370
6724
7440
6703
4691
4786
6668
7959
9152
8954
7551
6261
5038
5295
6061
5945
5078
4362
2884
1350
308
-1526
-1217
-659
-651
-1052
-3594
-4535
-5467
-6473
-4792
-4566
-4164
-3218
-5479
-6880
-5464
-3598
-1648
-366
-1722
-3668
-3751
-2428
52
1810
2271
595
-1293
-923
183
2033
3081
1790
383
687
1398
2150
2849
1902
198
-907
-1160
-817
1419
5528
6205
3879
-421
-4400
-1958
3651
8599
8897
4548
586
-2395
-1205
1493
1773
1818
1
-4375
-8379
-9175
-7256
-4111
-2712
-5423
-8671
-11315
-11162
-7158
-4306
-3172
-4433
-6820
-6811
-4813
-709
3643
5129
3616
987
-69
2164
6012
9094
10603
8984
6449
5927
6642
8705
10468
10295
8752
6483
4696
4864
5784
6655
7462
4559
930
-1169
-3008
-1251
246
-899
-3279
-5754
-5280
-5659
-6120
-5168
-6896
-6817
-5581
-7820
-8121
-5601
-4294
-3387
-2591
-3719
-4819
-3726
-2077
-885
674
1716
162
-856
289
1424
3278
3894
2259
1136
1293
2188
2674
3193
3091
1653
1970
1210
371
5135
8472
8049
4327
-2356
-2753
2669
9760
12918
7861
1779
-2643
-3285
905
2623
853
-910
-4554
-9389
-10714
-9747
-7823
-6004
-8236
-11097
-12931
-13927
-10692
-7911
-6628
-5628
-7081
-7694
-7316
-5335
-500
2971
3531
2959
1774
2302
5867
7976
9318
10717
9097
8542
9546
9989
11546
12357
11627
9081
6136
6601
9056
11424
10667
6283
2502
177
203
2300
3578
1051
-3859
-5934
-7187
-7039
-4205
-5821
-8517
-7994
-8956
-9073
-7177
-7132
-7745
-6420
-5392
-6007
-4941
-3336
-4080
-4304
-2656
-1681
-1529
-1039
-1489
-1676
866
2736
2507
2602
1397
232
1430
2374
2718
3252
3318
2228
3372
7144
8758
7795
3609
308
2748
9282
13981
11973
7896
3070
483
2987
3688
2730
2068
-912
-5531
-9043
-9511
-7034
-5299
-7244
-11208
-14437
-14983
-12669
-10408
-9314
-9204
-10307
-9995
-8928
-7528
-3827
-857
-217
-309
-705
646
3808
5669
6799
7973
7327
6384
7365
9020
10456
11305
11224
9943
8596
8993
11747
13025
10502
7180
3409
3065
5083
6461
6231
1372
-1352
-2726
-4623
-2441
-2965
-5424
-3928
-4286
-6410
-6286
-6384
-7322
-6933
-5431
-5448
-5662
-5115
-5351
-6598
-5703
-3231
-2757
-2296
-3634
-6327
-5071
-1577
974
1679
461
-1475
-2758
-1845
-281
1085
2247
1767
2380
5079
6651
6333
2994
713
2735
8629
14568
13376
8176
4033
1893
4788
7008
5581
4563
2410
-1233
-5102
-7117
-6301
-3917
-3682
-6483
-10255
-12919
-12579
-10590
-10029
-8983
-8584
-8704
-8480
-9331
-7881
-4541
-1898
-571
-1141
-1277
676
2559
3145
4586
5377
5086
6035
6295
7181
8730
9239
8906
7695
8713
12295
11440
9217
6660
3375
5147
7801
7647
4969
1462
414
-738
-229
2352
-422
-3332
-2896
-4432
-3276
-170
-1139
-3983
-5290
-4915
-3933
-1490
-383
-2092
-4839
-5726
-5573
-4862
-2233
-2464
-5198
-5988
-5731
-4015
-2023
-2236
-3128
-4146
-5006
-4874
-3602
-1974
-355
2126
3906
3861
817
-2752
-1936
3262
11348
14187
10265
4586
-705
626
6349
7908
6785
4093
39
-3018
-5018
-4191
-781
184
-2332
-6195
-9490
-9788
-6857
-4632
-4335
-5164
-6452
-5889
-5771
-5027
-2243
-210
1049
363
-1669
-279
2354
3357
4332
4938
4672
4569
4803
5425
5724
5859
6204
4622
4094
7433
7520
5017
3096
401
1559
4778
5280
1418
-2297
-1040
-1588
-2296
343
-1568
-4245
-2664
-2966
-2957
765
1959
-784
-2800
-2456
-1132
2361
6062
3896
-937
-2288
-1835
-701
2091
2196
-1431
-4076
-5549
-5117
-1907
174
-228
-2136
-4622
-6851
-6442
-3211
459
4403
5654
1577
-5802
-8428
-3416
5342
13358
12337
4756
-1658
-3991
-689
3389
5012
4094
-963
-6630
-9026
-8201
-4093
-768
-3202
-8050
-9865
-9007
-6593
-4558
-4417
-4365
-5500
-5275
-3177
-1883
675
2793
1854
1176
2514
3875
5659
6894
6456
6339
7133
7580
7257
7285
8636
8876
8271
7706
7590
7821
5050
3723
3048
2260
4170
4103
1442
-3303
-4532
-2602
-4756
-4173
-2598
-6478
-7463
-7765
-10578
-7347
-880
396
-2762
-5230
-6752
-5465
988
6257
5020
1731
10
-2911
-1865
4051
6595
5337
2039
-2384
-3389
-31
3086
3551
1772
-623
-3060
-4026
-1759
1970
5546
7026
2101
-6095
-7000
-1141
6769
11875
8367
1759
-2708
-2839
506
2236
2503
966
-2809
-7279
-10478
-10192
-6093
-2950
-5821
-10515
-13115
-11942
-7518
-4151
-3034
-4905
-7880
-7662
-4763
-1390
2367
3742
1015
-1118
-505
2647
7394
9531
8381
6728
6188
6566
7637
10231
12452
11690
9250
7723
7851
7556
7290
6679
3769
2822
4181
4682
2251
-2425
-3192
-3483
-4819
-3483
-5058
-7071
-6022
-7788
-9639
-7084
-3787
-2889
-3424
-4265
-6030
-5210
-231
2716
942
0
-134
-1934
-712
2115
2539
1793
-229
-3299
-3540
-449
2192
2495
655
-1915
-4293
-3003
1741
5824
8788
6522
-967
-4971
-1273
6601
13515
14120
7298
-270
-2168
1278
4090
4605
3460
-668
-5902
-9488
-8969
-5132
-1842
-3348
-9368
-13789
-13113
-8935
-5228
-3305
-4475
-8165
-9580
-7947
-5078
-1183
2562
2529
-1027
-3163
-1476
2527
5980
7253
5954
3959
3865
4950
7254
10093
11245
9735
8669
8949
6358
6178
7751
6817
6829
6144
4544
630
-1637
904
-156
-1995
-2199
-5401
-6188
-4264
-6296
-8127
-5594
-3811
-4643
-4271
-4408
-6171
-4298
241
1863
806
931
-502
-2696
-741
1899
2917
2601
395
-2533
-2012
705
983
598
-80
-1465
-1863
13
2527
4462
5971
2702
-3580
-4635
794
7722
11614
9412
2397
-1948
-371
3024
3805
2052
-285
-3286
-6838
-9085
-8646
-6950
-5572
-6687
-10286
-12165
-10980
-9144
-7607
-5365
-3982
-4282
-4553
-4526
-3905
-588
4234
5509
3472
2132
2776
4111
6199
8075
8343
8047
6579
5128
6237
9565
11816
10872
8483
6390
4521
4466
6397
6195
4918
4098
1546
-2081
-3872
-2568
-1818
-2245
-3041
-5409
-6562
-6948
-8138
-7762
-5538
-3374
-3219
-4159
-5022
-5112
-2488
792
1554
537
-143
-653
-323
1468
3008
3789
2854
214
-1667
-47
2829
3216
1804
-1159
-2954
-1143
3146
6688
7660
5743
-1299
-6580
-2992
4831
11131
12504
6840
-2279
-5664
-1058
3837
4742
2269
-2900
-8413
-11336
-10420
-6535
-3902
-5535
-10938
-15978
-15472
-10977
-6634
-4980
-6046
-8456
-9331
-6718
-3420
-452
1970
2956
1992
157
1330
5453
9125
10223
9716
8177
6628
6932
8785
11444
12983
12796
11599
8645
6184
6684
7619
8359
7826
5178
2525
578
529
-671
-2416
-920
-3086
-6698
-5740
-6509
-8407
-7483
-6655
-7157
-7101
-5602
-5268
-6247
-5276
-4248
-4166
-1817
87
-1191
-1687
-1388
-1236
491
2139
2359
1131
-177
349
775
1013
1846
2557
3361
2956
3175
6217
7609
4637
1489
1613
4655
8776
11203
9495
4516
719
1481
2806
2488
2132
-538
-4641
-9040
-11827
-9899
-6586
-6501
-11259
-16602
-17444
-14845
-11755
-8747
-7283
-9034
-9898
-9217
-8059
-4760
-294
3019
3149
1139
116
1926
5260
8170
9773
10057
9884
8129
6888
9210
12393
14007
14637
13760
10018
6147
5216
7008
9292
10074
8388
3562
-1143
-2122
-1507
-976
-465
-2109
-4187
-5037
-7416
-9469
-8097
-5370
-4907
-6237
-7214
-7493
-6140
-4041
-2995
-3255
-2898
-2243
-3095
-2871
-1589
-607
563
547
-1617
-3216
-1292
891
895
-70
186
1844
3073
4513
6195
7821
5895
1422
1340
5778
11326
14276
12275
5779
1383
3622
6684
6617
3698
396
-1886
-4917
-8110
-8421
-6320
-6164
-10029
-15643
-16854
-13362
-10863
-10629
-11869
-12965
-11875
-9539
-7827
-6824
-5322
-2444
-752
-2032
-1914
1438
5160
6712
5547
4947
6853
8737
9422
10147
11028
11924
12636
12421
11690
11134
10202
9254
8251
6912
6414
6075
4873
2227
9
62
-890
-2863
-3049
-2682
-3927
-5254
-5970
-6434
-5452
-4542
-5354
-6205
-4710
-3513
-4364
-4673
-4785
-4626
-3229
-2031
-2937
-4092
-3694
-3545
-3889
-3593
-2739
-2767
-3668
-5190
-5382
-1661
3012
4706
3769
3641
3317
1739
2837
6842
11654
14684
13773
9366
5129
6353
11192
12846
9580
4605
1062
-393
-1567
-3089
-2740
-1993
-4602
-10339
-15167
-14890
-11130
-8337
-8565
-11003
-12782
-12454
-11030
-9408
-7100
-4874
-3370
-3321
-4949
-4453
-731
2847
3539
3067
3952
5246
6125
6417
7429
9660
11729
11588
9375
8182
8089
8646
9022
7609
6000
5827
6151
4538
1949
2180
2816
1025
-725
-2406
-3446
-2651
-2209
-3094
-3723
-3440
-4226
-5510
-4871
-3061
-2083
-2301
-3154
-4596
-4548
-2574
-2179
-3561
-4307
-4081
-4112
-4692
-4819
-4431
-4116
-4585
-5343
-4585
-1668
774
614
1042
1769
451
-368
1370
5972
10625
12639
10915
5863
3681
7240
10967
10733
7530
4051
2319
999
-1018
-1183
673
1038
-2302
-7901
-11106
-8732
-4591
-3501
-5626
-8437
-9064
-8473
-7711
-6600
-5715
-4009
-2385
-3483
-4954
-3012
319
1864
1391
656
1996
3938
4605
4966
5027
6285
8491
7862
5865
5200
6060
7549
7394
6099
4761
4125
4071
2526
838
1177
1678
307
-1235
-2511
-3659
-3189
-2616
-2659
-2976
-2924
-3267
-4552
-3946
-2212
-1255
-1453
-2171
-3207
-3600
-1927
-1110
-1154
-1221
-1991
-2979
-3755
-3154
-2546
-3053
-4212
-4928
-3918
-1410
385
-528
-594
819
439
-259
530
3790
8096
10092
8818
5264
3163
5930
9216
8646
6427
3855
2371
1452
-661
-1073
571
718
-1979
-6369
-9372
-7929
-4526
-3258
-3948
-5095
-5925
-7198
-7657
-5938
-3641
-1639
-476
-2163
-5050
-3990
-212
2101
2452
1586
855
936
2190
4214
5835
6948
7293
5252
3327
4237
5625
6400
5615
3857
3138
4005
4804
3657
1660
181
-327
-609
-515
-678
-1516
-2405
-3930
-4276
-2964
-1666
-1941
-2905
-3303
-3011
-1848
-1585
-1793
-2071
-2277
-2249
-2187
-1519
-1732
-2429
-2793
-2897
-2546
-2078
-2306
-3473
-3868
-3188
-1978
-908
-620
-1439
-989
972
1356
703
841
3383
6921
9358
9504
6872
4506
5239
7119
7153
6090
4571
3600
2933
1211
-201
-1085
-1601
-1836
-2878
-4812
-5333
-4796
-4230
-3758
-4805
-5993
-6261
-5325
-4144
-4145
-4031
-3005
-2790
-3336
-3129
-2179
-282
1172
884
-284
-435
1253
3412
4299
3921
4086
4083
3647
2945
2693
3984
5457
5842
4815
3702
2925
2610
2012
829
410
562
1120
799
-810
-2656
-3431
-2725
-2277
-2178
-2176
-2173
-2600
-3137
-2612
-1738
-1092
-1222
-1859
-2276
-1707
-713
-784
-1502
-2160
-1777
-1606
-2336
-2765
-2891
-2108
-1565
-2272
-3355
-3079
-1673
-1328
-1068
617
2816
2989
1313
754
3214
8359
12027
11332
6815
2927
3730
6498
8372
8285
6613
4344
1413
-1206
-1927
-267
1570
1674
-1140
-5443
-7327
-6890
-5319
-4408
-4948
-5801
-6547
-6726
-7012
-7134
-6135
-3847
-2301
-2384
-3079
-4336
-4533
-2773
257
2232
2201
1411
869
1631
2732
3747
4562
5052
5408
5479
5249
4974
5214
4983
4021
2872
2598
3298
3225
2035
392
-364
-164
-500
-2124
-3334
-2206
-240
-103
-2068
-3824
-3994
-2732
-1321
-640
-476
-1130
-2293
-3595
-3894
-2297
-428
-395
-2549
-4991
-5407
-3515
-1594
-1420
-2587
-3579
-3759
-3803
-2845
-844
770
1380
1054
605
740
2391
5219
7602
8020
6510
4977
5079
7073
9237
10116
8745
5836
3566
3176
4129
4469
3876
2523
786
-899
-2368
-3244
-3201
-2223
-2107
-3829
-6545
-8375
-8052
-6472
-5334
-5563
-6425
-6900
-6651
-6151
-5106
-3720
-2692
-1969
-1892
-2395
-2658
-1824
-179
1780
3006
3032
2568
2214
2756
3928
5277
6037
5489
3911
2854
3285
4163
4221
2738
1060
375
508
1101
1543
1495
1049
490
-392
-1331
-1831
-1293
-107
159
-598
-1782
-2725
-2843
-2284
-1730
-1676
-2184
-3111
-3901
-4288
-4169
-3596
-2783
-2055
-2200
-2952
-3208
-2623
-1493
-266
630
1074
1519
1900
2075
2685
3769
4492
4314
3714
3421
4109
5293
5511
4452
3222
3110
3297
3084
3002
3180
3127
2052
278
-828
304
2229
2335
296
-2452
-3622
-3159
-1824
-694
-591
-1487
-3245
-4817
-5330
-4047
-2296
-1734
-2633
-4073
-4209
-3523
-2690
-1860
-951
-40
146
-378
-1137
-837
345
1210
966
211
386
798
925
501
-45
88
286
95
-469
-194
754
929
-125
-1428
-1380
-685
21
140
-268
-373
-537
-543
-596
-380
122
337
50
-649
-743
-584
-410
-583
-992
-657
253
1345
1353
600
302
938
2161
3059
3695
3814
3843
3451
2689
2594
3317
4552
4802
3888
2726
2282
2126
1358
540
197
488
431
-135
-879
-1480
-1728
-2276
-2956
-3095
-2341
-1759
-2195
-3292
-4173
-4091
-3395
-2584
-2215
-2149
-2135
-2181
-2077
-1461
-427
52
-26
-4
723
1783
2226
1997
1515
1610
2352
3067
3140
2493
1775
1402
1154
567
28
-123
-282
-703
-1625
-2516
-2791
-2641
-2477
-2618
-2793
-3067
-3409
-3542
-3411
-3184
-3033
-2752
-2655
-2649
-2597
-2428
-2173
-2033
-1798
-1548
-1066
-505
-15
116
-156
-123
460
1434
2112
2614
3086
3451
3739
3922
4464
5414
6497
6826
6456
6128
5919
5791
5796
6129
6346
6321
5823
4489
2623
1126
819
1288
1678
1030
-528
-2175
-3375
-3795
-3637
-3300
-3529
-4393
-5400
-5963
-5676
-4971
-4313
-4004
-4071
-4574
-5008
-4474
-3293
-2158
-1582
-1793
-2470
-2677
-1858
-714
294
844
808
570
530
1008
1847
2881
3495
3308
2467
1640
1820
2800
3686
3387
1988
445
-416
-294
57
312
1
-1118
-2481
-3329
-3320
-2970
-2583
-2646
-3167
-3684
-3939
-3822
-3403
-2781
-2622
-2904
-3085
-2966
-2338
-1372
-583
-331
-216
-73
-18
530
1688
2817
3486
3774
3861
4105
4870
5753
6366
6851
7105
6867
6432
6233
6327
6708
6953
6490
5207
3456
2103
1593
1736
1879
1174
-211
-1602
-2711
-3403
-3717
-3767
-3871
-4340
-5214
-6231
-6580
-5914
-4965
-4632
-4893
-5459
-5599
-4594
-3827
-3321
-2259
-1981
-2579
-2692
-2015
-1235
3
1608
1590
778
1104
1558
2090
3580
4915
4605
3241
2509
2188
2292
3182
3426
2537
1529
1002
339
-366
-262
12
-287
-1237
-2424
-3112
-2995
-2483
-2412
-2987
-3934
-4724
-4818
-4351
-3754
-3140
-2730
-2934
-3507
-3585
-2769
-1466
-302
255
206
58
431
1485
2716
3590
3900
3958
4133
4487
5288
6476
7300
7412
7129
6634
6198
6341
6729
6538
6014
5493
4399
2920
1914
1423
1048
624
-172
-1554
-2948
-3779
-4050
-4115
-4249
-4706
-5662
-6632
-6967
-6509
-5813
-5477
-5637
-6092
-6376
-6194
-5468
-4407
-3462
-3034
-3025
-2918
-2476
-1615
-568
296
926
1417
1889
2205
2452
2795
3273
3909
4445
4624
4332
3919
3715
3652
3563
3322
3037
2767
2530
2102
1193
133
-462
-530
-461
-575
-1129
-2003
-2677
-2983
-3289
-3510
-3364
-3212
-3351
-3697
-3892
-3767
-3182
-2458
-2264
-2279
-2029
-1428
-686
106
873
1422
1975
2543
3081
3655
4238
4689
5124
5838
6511
6625
6177
5715
5681
6146
6556
6236
5183
3946
3233
2956
2692
2135
1163
-156
-1535
-2345
-2620
-2830
-3274
-4059
-5088
-5937
-6146
-6077
-6148
-6245
-6258
-6262
-6276
-6176
-5998
-5657
-5129
-4683
-4484
-4297
-3773
-3048
-2384
-1874
-1435
-930
-271
477
1031
1399
1855
2401
2836
3204
3616
4010
4290
4338
4138
3909
3896
3994
3993
3878
3632
3212
2593
1835
1166
879
897
831
455
-225
-1069
-1777
-2077
-2041
-1954
-2064
-2422
-2856
-3058
-2865
-2479
-2158
-1976
-1864
-1765
-1617
-1238
-578
194
836
1256
1500
1734
2176
2817
3470
3998
4307
4333
4229
4260
4553
4938
5012
4545
3751
3099
2832
2789
2634
2185
1488
664
-182
-878
-1241
-1333
-1506
-2113
-3118
-4016
-4293
-4008
-3749
-3971
-4591
-5152
-5311
-5117
-4807
-4566
-4486
-4513
-4424
-4137
-3782
-3437
-3142
-2822
-2264
-1555
-1184
-1198
-1037
-422
410
1129
1494
1522
1646
2035
2325
2481
2829
3237
3285
3016
2766
2763
3031
3191
2846
2245
1904
1823
1757
1638
1434
1078
565
29
-275
-181
43
-19
-398
-812
-1024
-1008
-958
-1053
-1166
-1090
-886
-687
-548
-482
-439
-283
-36
143
320
628
1067
1576
1963
2047
1928
1915
2106
2402
2723
2893
2764
2378
1908
1533
1423
1564
1622
1282
551
-259
-765
-805
-604
-601
-1044
-1789
-2423
-2620
-2423
-2173
-2145
-2375
-2732
-3016
-3088
-2877
-2463
-2163
-2276
-2675
-2847
-2532
-1999
-1717
-1834
-2036
-1854
-1290
-861
-801
-847
-691
-280
237
635
788
834
865
955
1308
1912
2292
2071
1573
1352
1559
1937
2097
1862
1419
1044
788
694
816
910
655
149
-138
-2
286
320
-5
-325
-243
113
325
293
234
213
96
-108
-175
54
396
542
451
415
604
803
796
690
811
1233
1650
1737
1516
1326
1369
1517
1534
1391
1176
902
579
337
310
379
223
-350
-1073
-1471
-1373
-1086
-1054
-1406
-1970
-2448
-2647
-2548
-2266
-2020
-2059
-2443
-2891
-3013
-2684
-2199
-1919
-1937
-2016
-1856
-1417
-892
-489
-233
-93
-15
100
342
738
1134
1320
1248
1114
1105
1204
1310
1385
1526
1780
2009
1972
1608
1126
819
831
1050
1164
964
525
88
-174
-255
-226
-165
-70
35
76
20
-77
-130
-88
77
321
532
602
480
228
-16
-78
89
384
615
611
377
76
-14
250
676
919
791
478
315
443
712
850
756
554
420
363
291
170
69
75
146
159
44
-199
-527
-820
-911
-752
-507
-487
-833
-1340
-1704
-1800
-1694
-1532
-1448
-1549
-1879
-2292
-2446
-2170
-1682
-1391
-1469
-1654
-1642
-1386
-1080
-820
-502
-154
28
-49
-115
158
708
1143
1249
1204
1266
1401
1487
1537
1624
1756
1812
1798
1815
1886
1822
1452
955
702
905
1242
1199
620
-102
-341
-7
447
473
26
-425
-497
-196
136
301
267
75
-211
-478
-465
-168
133
118
-196
-463
-508
-397
-283
-143
89
304
379
294
235
346
562
704
654
545
478
438
351
201
139
179
154
-108
-502
-720
-625
-351
-216
-389
-791
-1127
-1114
-778
-452
-477
-795
-1051
-1062
-1018
-1136
-1259
-1164
-939
-936
-1260
-1548
-1506
-1235
-1036
-950
-785
-591
-550
-682
-720
-429
15
336
402
295
148
46
153
495
856
977
869
829
958
1092
1065
1011
1172
1475
1626
1428
1120
973
1000
1076
1130
1230
1289
1169
864
561
448
542
808
1152
1356
1202
712
279
263
559
720
519
150
-87
-145
-204
-343
-472
-526
-573
-709
-922
-1068
-1010
-773
-573
-615
-893
-1200
-1364
-1388
-1361
-1288
-1088
-833
-742
-964
-1289
-1323
-939
-445
-277
-455
-608
-418
12
315
373
293
195
66
-122
-166
57
409
585
497
328
234
200
109
-46
-202
-254
-163
34
257
388
333
111
-153
-343
-376
-294
-199
-70
135
394
555
485
270
122
181
327
391
372
403
564
741
799
676
437
247
173
188
219
201
162
120
93
111
163
197
135
-18
-149
-175
-70
174
509
760
760
553
391
448
627
758
844
945
1009
908
640
386
302
358
383
222
-113
-455
-599
-517
-414
-531
-891
-1332
-1692
-1933
-2040
-1982
-1827
-1739
-1830
-1978
-1996
-1826
-1598
-1518
-1589
-1646
-1508
-1108
-565
-41
313
404
299
212
352
736
1174
1462
1512
1425
1386
1500
1724
1931
2012
1903
1648
1350
1120
1049
1139
1312
1423
1369
1124
774
443
211
117
132
228
351
403
314
90
-186
-402
-536
-642
-751
-840
-857
-782
-690
-687
-816
-1014
-1191
-1311
-1361
-1323
-1210
-1036
-848
-692
-538
-360
-193
-137
-215
-326
-307
-72
295
611
748
746
712
716
732
698
584
421
299
280
353
416
337
108
-161
-324
-318
-255
-287
-479
-723
-860
-818
-682
-637
-760
-994
-1189
-1223
-1104
-944
-835
-799
-775
-659
-410
-111
99
123
13
-42
147
622
1185
1555
1595
1420
1292
1361
1577
1762
1796
1721
1660
1733
1895
2004
1937
1683
1383
1173
1113
1144
1176
1145
1026
843
640
452
239
-34
-366
-691
-934
-1095
-1201
-1275
-1355
-1495
-1759
-2126
-2487
-2728
-2767
-2635
-2445
-2301
-2284
-2343
-2315
-2093
-1749
-1543
-1588
-1689
-1517
-961
-265
253
464
459
415
485
747
1165
1532
1615
1427
1268
1398
1735
1942
1778
1348
935
722
723
828
906
833
556
190
-59
-84
-52
-166
-400
-551
-478
-322
-299
-436
-547
-488
-334
-230
-216
-233
-242
-244
-168
88
476
757
729
497
393
583
908
1086
1027
896
888
1060
1319
1553
1653
1538
1223
908
828
1018
1279
1337
1125
803
547
367
181
-41
-229
-350
-458
-631
-907
-1190
-1396
-1546
-1686
-1855
-2045
-2234
-2378
-2421
-2345
-2207
-2121
-2190
-2369
-2485
-2391
-2071
-1668
-1340
-1148
-1052
-953
-781
-520
-199
104
287
365
464
685
1019
1315
1463
1438
1313
1196
1165
1279
1495
1687
1737
1643
1492
1409
1402
1387
1335
1223
1084
930
805
786
851
920
847
585
233
-71
-251
-329
-378
-448
-504
-533
-554
-581
-633
-702
-750
-731
-607
-382
-153
-22
-16
-27
87
332
597
757
793
784
786
815
858
884
880
880
912
947
886
623
195
-197
-353
-249
-61
-20
-265
-739
-1248
-1581
-1655
-1573
-1506
-1568
-1733
-1871
-1888
-1820
-1763
-1774
-1849
-1905
-1849
-1647
-1360
-1064
-831
-660
-505
-342
-165
-1
152
285
389
485
608
786
1008
1224
1370
1404
1343
1233
1143
1142
1227
1345
1381
1296
1149
1021
961
948
967
975
935
826
680
594
615
679
683
551
314
55
-132
-188
-116
-5
-8
-186
-448
-617
-608
-488
-401
-433
-546
-672
-735
-677
-499
-268
-84
7
56
145
310
476
554
529
435
361
399
563
737
754
533
175
-116
-199
-99
15
-12
-211
-543
-866
-1104
-1257
-1346
-1418
-1454
-1458
-1455
-1490
-1586
-1674
-1677
-1547
-1334
-1126
-975
-858
-694
-454
-184
21
89
59
49
176
412
656
788
780
726
743
891
1085
1193
1161
1039
969
1017
1161
1308
1351
1255
1076
883
735
655
618
642
723
808
834
739
529
312
184
166
169
91
-90
-331
-530
-616
-587
-519
-491
-558
-703
-869
-1007
-1042
-952
-754
-530
-347
-239
-210
-212
-201
-138
-23
149
353
530
649
684
661
627
625
677
752
817
841
817
737
593
375
95
-187
-400
-498
-497
-476
-491
-577
-726
-907
-1101
-1296
-1461
-1537
-1497
-1365
-1195
-1069
-1009
-996
-979
-913
-807
-696
-622
-565
-476
-339
-118
148
393
558
607
547
437
369
410
602
882
1150
1316
1327
1242
1146
1094
1069
1013
894
759
691
714
802
873
854
751
604
464
364
253
110
-60
-202
-264
-264
-246
-294
-414
-577
-727
-809
-849
-856
-868
-876
-849
-777
-665
-548
-439
-338
-209
-62
63
145
172
206
258
360
545
781
1008
1085
981
738
469
316
310
421
534
543
407
168
-71
-263
-394
-499
-596
-666
-718
-762
-864
-1045
-1242
-1359
-1305
-1100
-844
-666
-628
-718
-856
-903
-809
-583
-287
9
272
454
544
538
461
399
419
546
747
949
1080
1116
1079
1008
947
904
866
803
712
638
598
586
577
541
469
349
191
18
-130
-210
-246
-267
-299
-344
-406
-523
-685
-841
-937
-923
-831
-705
-585
-517
-515
-550
-562
-518
-436
-366
-312
-254
-161
-34
108
256
386
478
529
555
569
583
592
591
586
570
538
502
492
529
592
632
575
403
142
-142
-358
-471
-512
-538
-589
-657
-706
-740
-773
-808
-838
-839
-802
-737
-701
-708
-756
-810
-773
-612
-381
-181
-99
-133
-194
-190
-79
105
303
468
583
647
708
790
865
916
937
965
1045
1147
1232
1246
1173
1051
906
785
727
728
729
661
485
249
28
-121
-184
-201
-220
-255
-311
-368
-398
-396
-373
-340
-335
-367
-423
-480
-515
-548
-543
-491
-406
-311
-254
-253
-285
-341
-366
-329
-252
-159
-108
-123
-169
-215
-208
-152
-86
-30
-15
-27
-42
-67
-91
-132
-204
-285
-347
-359
-331
-307
-298
-308
-332
-330
-310
-275
-231
-217
-220
-242
-255
-211
-110
9
94
116
98
78
88
139
205
251
259
244
223
221
248
289
328
346
323
284
246
226
263
339
419
470
465
413
343
303
349
443
520
516
415
284
161
95
83
107
119
72
-11
-98
-139
-142
-124
-134
-176
-235
-295
-281
-201
-95
-3
38
34
-5
-38
-35
5
56
87
87
51
1
-48
-78
-86
-104
-137
-196
-268
-317
-332
-326
-359
-466
-622
-771
-840
-815
-738
-650
-625
-681
-737
-772
-723
-615
-543
-525
-564
-572
-487
-334
-179
-107
-120
-156
-112
59
310
536
600
508
393
378
520
756
932
983
941
900
941
1020
1076
1032
902
794
762
831
900
872
727
550
455
470
568
653
643
526
350
164
1
-137
-239
-290
-286
-247
-208
-210
-265
-350
-412
-423
-383
-344
-348
-412
-501
-555
-556
-489
-412
-359
-323
-277
-181
-51
52
64
-33
-200
-348
-398
-351
-258
-201
-206
-262
-313
-295
-189
-36
93
118
26
-118
-250
-319
-328
-326
-355
-409
-454
-452
-406
-339
-271
-237
-217
-193
-169
-162
-200
-257
-309
-308
-255
-157
-41
59
169
273
381
486
581
662
707
716
702
666
620
602
612
643
698
758
818
865
899
926
926
876
774
652
551
471
392
303
192
72
-28
-91
-113
-121
-162
-258
-386
-526
-651
-736
-798
-845
-864
-857
-831
-810
-799
-781
-740
-691
-634
-579
-521
-445
-334
-187
-56
35
67
54
24
7
44
128
247
339
350
270
137
20
-30
-6
50
97
119
122
134
148
129
53
-77
-213
-303
-310
-271
-231
-203
-142
-34
95
207
218
94
-86
-218
-237
-160
-55
16
23
12
42
124
227
305
332
332
352
389
454
497
497
471
423
407
421
441
464
475
479
487
475
427
368
315
305
313
292
227
114
-7
-110
-186
-240
-282
-322
-359
-373
-362
-343
-356
-412
-513
-614
-679
-678
-617
-541
-475
-439
-429
-438
-441
-438
-429
-402
-349
-261
-161
-69
4
39
35
14
1
16
73
161
250
296
294
262
222
193
164
131
86
44
24
38
81
129
144
111
42
-25
-46
-25
10
24
-3
-38
-48
-13
60
126
151
112
35
-37
-73
-52
4
75
140
204
263
298
314
308
284
251
225
225
256
295
315
294
233
170
124
118
140
168
172
133
75
-6
-76
-127
-168
-181
-196
-218
-235
-238
-221
-207
-196
-206
-238
-270
-297
-294
-261
-221
-191
-182
-207
-252
-273
-252
-206
-165
-136
-111
-100
-84
-56
-19
17
37
28
-7
-62
-93
-72
-9
85
167
238
276
252
191
116
48
1
6
60
122
159
140
87
14
-27
-2
52
111
140
121
57
-15
-62
-71
-62
-46
-18
0
17
32
52
86
101
112
101
67
20
-37
-63
-50
-12
28
48
37
22
22
29
38
36
19
0
-17
-31
-30
-14
5
20
30
30
13
-13
-28
-18
14
45
57
44
5
-38
-74
-94
-92
-95
-90
-75
-56
-29
-21
-34
-59
-88
-103
-103
-76
-52
-41
-39
-49
-56
-75
-88
-81
-56
-18
24
69
98
92
53
0
-28
-25
9
37
41
25
1
10
42
91
133
147
137
105
83
85
96
118
129
125
113
91
65
40
19
2
-1
13
42
62
56
36
-15
-62
-85
-86
-66
-53
-57
-81
-109
-137
-137
-104
-49
-5
5
-14
-47
-59
-50
-20
17
41
42
23
0
-33
-57
-58
-39
0
28
48
42
16
-12
-47
-68
-70
-51
-35
-37
-54
-84
-111
-130
-125
-96
-60
-42
-48
-73
-92
-98
-79
-42
-10
1
6
17
27
40
56
76
96
101
89
70
68
84
105
121
125
121
128
156
179
183
156
120
116
132
145
135
106
90
92
102
91
77
48
9
-13
-38
-45
-38
-35
-31
-37
-50
-86
-114
-117
-103
-83
-83
-91
-103
-117
-126
-122
-97
-80
-63
-60
-75
-101
-131
-125
-95
-52
-12
-3
-24
-55
-91
-110
-98
-66
-31
0
7
-15
-39
-59
-52
-14
8
14
19
13
9
14
29
33
36
44
53
58
40
28
35
51
53
40
34
31
36
48
58
67
67
67
71
64
40
12
0
6
17
23
26
27
26
23
16
3
-5
-14
-14
-6
-7
-3
-4
-9
-12
-8
-7
-9
-9
-23
-36
-49
-46
-26
-5
18
27
23
10
-1
2
5
6
17
27
27
31
37
45
55
59
56
42
38
38
40
41
27
26
29
22
1
-18
-33
-38
-35
-54
-73
-83
-73
-48
-35
-41
-67
-103
-127
-141
-138
-110
-74
-45
-27
-32
-51
-64
-65
-47
-32
-33
-52
-72
-74
-60
-24
8
26
31
27
20
13
20
44
61
65
54
37
20
-2
-5
17
44
73
104
139
171
188
174
148
123
105
92
74
44
8
-14
-19
-13
12
52
87
121
135
100
22
-82
-144
-141
-117
-130
-132
-123
-132
-128
-128
-104
-46
44
140
207
235
154
61
24
17
2
0
56
120
145
156
153
125
93
60
70
102
58
-68
-179
-225
-247
-238
-207
-201
-209
-224
-280
-372
-460
-491
-480
-500
-486
-466
-502
-575
-656
-648
-595
-611
-649
-626
-453
-161
301
790
735
69
-605
-831
-603
-17
608
819
686
583
564
633
527
129
103
742
1416
1766
1916
1540
768
388
409
357
286
328
381
560
738
450
-139
-528
-545
-47
662
698
49
-390
-384
-308
-294
-535
-977
-905
-282
44
-174
-614
-1058
-1122
-572
68
340
174
-429
-805
-285
305
149
-97
45
179
330
502
210
-189
1
277
29
-300
-263
63
365
197
-461
-842
-460
253
555
195
-453
-774
-597
-377
-383
-445
-364
-155
21
114
71
-179
-450
-505
-376
-248
-45
279
436
345
210
116
32
-13
70
348
627
667
619
658
542
329
426
672
664
563
579
550
536
539
274
43
282
556
479
219
-204
-635
-526
68
389
285
103
-154
-417
-455
-441
-565
-670
-704
-656
-324
87
62
-390
-826
-967
-704
-134
330
449
345
82
-340
-711
-816
-650
-335
-49
133
254
185
-181
-514
-467
-187
25
132
216
238
175
16
-202
-304
-252
-99
166
354
256
67
59
122
137
206
377
510
408
33
-350
-438
-291
-93
164
416
454
273
56
-50
16
202
369
468
433
216
58
141
261
257
312
492
596
523
355
263
287
218
-14
-127
31
169
76
-101
-242
-299
-200
-21
132
199
55
-299
-565
-601
-531
-374
-127
21
10
8
18
-79
-243
-360
-289
20
302
280
49
-164
-294
-359
-431
-503
-434
-183
20
7
-95
-155
-224
-379
-508
-423
-140
103
137
120
196
210
16
-233
-258
-66
85
53
-25
1
89
109
6
-135
-267
-355
-344
-251
-147
-97
-56
-4
16
11
61
187
247
177
164
391
734
879
758
589
562
631
670
705
759
761
634
439
336
328
272
127
32
36
5
-182
-429
-587
-595
-460
-228
-30
-18
-198
-422
-573
-647
-656
-513
-205
57
60
-120
-271
-338
-378
-395
-314
-142
10
66
37
-31
-88
-95
-44
-17
-58
-67
36
176
208
134
29
-91
-203
-227
-143
-45
-20
-35
-17
15
-45
-213
-291
-175
32
196
227
119
-61
-220
-221
-18
225
321
268
185
73
-151
-420
-523
-380
-92
207
407
392
142
-177
-318
-224
-12
244
518
710
701
540
421
420
441
463
585
778
844
677
453
320
205
95
104
313
544
526
243
-93
-329
-466
-501
-424
-297
-211
-184
-233
-422
-698
-877
-863
-704
-537
-393
-236
-217
-469
-792
-864
-675
-486
-455
-487
-443
-324
-252
-271
-264
-180
-75
-19
-44
-104
-137
-126
-52
96
316
567
745
722
414
1
-227
-152
154
567
965
1121
892
343
-149
-261
-91
51
91
107
157
157
33
-115
-183
-196
-243
-316
-336
-246
-115
-22
-3
16
59
102
130
108
49
10
68
212
340
409
451
447
371
264
245
340
402
309
168
174
322
391
252
8
-116
-80
-39
-93
-165
-143
-63
-32
-45
-27
-22
-121
-324
-509
-534
-430
-282
-183
-157
-211
-344
-459
-490
-404
-269
-207
-245
-309
-310
-279
-298
-373
-391
-305
-181
-77
-14
29
89
119
133
125
68
53
65
146
231
234
224
136
70
70
109
207
229
233
244
236
243
177
131
190
257
294
240
141
105
139
317
528
614
603
495
377
325
362
534
539
329
208
8
-289
-428
-302
-33
0
6
-21
-411
-649
-630
-654
-644
-430
-8
86
-31
78
-80
-346
-336
-221
-74
45
286
327
34
-93
-184
-350
-403
-310
-194
-207
-141
-50
-127
-137
-30
90
153
184
174
16
-47
44
43
-8
-56
-108
-193
-271
-234
-241
-257
-167
-105
-39
53
115
117
9
-30
-24
-107
-107
-84
-46
49
132
173
106
80
120
102
142
214
196
120
44
-11
-61
-26
101
164
186
264
330
349
349
301
214
160
199
219
122
3
-87
-171
-229
-251
-251
-196
-86
30
77
74
71
28
-8
-16
-48
-143
-281
-323
-272
-192
-107
-87
-108
-97
-43
6
26
43
49
36
32
41
-4
-70
-96
-100
-117
-146
-108
5
143
276
356
333
250
161
63
-22
-45
-30
-33
-34
-28
-48
-88
-99
-82
-38
70
184
168
43
-43
-76
-139
-226
-254
-214
-124
-27
-34
-135
-251
-288
-252
-110
138
330
408
307
41
-247
-377
-269
-101
43
174
209
118
-45
-111
-3
117
142
81
54
144
184
91
-33
-59
3
42
77
165
251
263
206
134
73
30
39
86
97
50
-44
-150
-176
-95
15
89
133
134
44
-79
-137
-163
-211
-204
-79
118
233
186
50
-81
-93
-1
113
222
316
356
246
36
-126
-197
-187
-103
21
94
69
-6
-19
50
112
96
13
-42
-48
-96
-241
-431
-569
-635
-656
-620
-532
-422
-351
-362
-411
-433
-360
-205
-60
44
111
122
77
-20
-100
-76
61
194
194
119
137
286
416
407
351
428
654
843
887
832
717
528
264
55
22
116
240
331
389
362
189
-21
-100
-27
46
47
8
-50
-157
-329
-487
-553
-523
-438
-316
-208
-173
-205
-207
-128
-73
-118
-215
-284
-328
-379
-365
-233
-59
34
53
87
128
75
-61
-114
-34
75
115
117
157
199
154
40
-27
7
57
63
70
95
98
40
-33
-53
-9
56
82
63
21
-61
-177
-300
-396
-402
-310
-185
-111
-91
-70
-33
3
11
34
114
183
169
93
32
10
-7
-18
27
134
227
256
240
213
164
110
64
60
114
193
269
307
298
249
179
95
1
-80
-108
-87
-66
-55
-19
68
148
146
92
31
-13
-43
-40
21
77
79
32
-26
-74
-122
-165
-186
-160
-136
-142
-166
-161
-90
-18
-6
-56
-126
-156
-158
-160
-176
-208
-224
-207
-160
-98
-63
-66
-86
-98
-83
-62
-61
-80
-69
-14
40
50
23
6
6
2
-6
1
30
70
96
118
136
121
97
97
142
220
274
269
229
180
129
86
75
115
187
264
317
332
298
218
120
36
-39
-96
-101
-56
6
46
45
16
-32
-102
-175
-215
-210
-164
-114
-83
-70
-76
-110
-165
-205
-193
-143
-97
-55
-13
40
80
72
53
58
83
105
102
74
36
-24
-129
-243
-309
-296
-229
-142
-51
21
44
1
-88
-165
-163
-104
-51
-44
-81
-135
-197
-249
-265
-233
-144
-30
68
133
165
188
186
169
146
115
104
89
52
-2
-43
-59
-46
-5
51
134
208
238
218
186
174
178
184
178
176
162
118
38
-35
-48
-32
-13
-13
-5
33
76
124
166
218
245
219
166
126
115
101
83
59
21
-54
-168
-274
-320
-271
-164
-45
58
122
112
26
-104
-207
-227
-190
-124
-63
-19
11
-4
-68
-156
-213
-224
-216
-209
-201
-173
-134
-125
-155
-182
-179
-143
-75
-10
19
18
-3
-32
-54
-59
-27
17
35
18
-21
-43
-13
44
98
130
128
103
68
36
22
38
64
85
92
93
98
97
103
102
83
54
18
7
-6
-14
-16
-27
-22
-9
29
82
134
159
172
180
196
225
229
221
200
163
114
75
59
68
76
66
57
31
16
7
-10
-19
-31
-37
-42
-48
-75
-131
-192
-235
-245
-217
-166
-130
-114
-116
-143
-168
-174
-170
-140
-108
-78
-46
-38
-47
-82
-124
-147
-155
-121
-62
-3
46
71
69
38
19
17
4
3
13
-4
-46
-85
-100
-92
-61
-9
26
48
66
69
77
71
63
58
32
7
26
54
73
91
82
66
62
83
147
228
266
267
241
174
130
115
98
84
43
-19
-52
-47
-31
7
48
72
117
167
210
263
280
236
169
69
-38
-107
-152
-160
-121
-78
-56
-53
-64
-79
-72
-60
-65
-94
-161
-251
-309
-336
-334
-308
-303
-311
-286
-226
-128
-21
44
66
44
-14
-75
-114
-125
-108
-74
-37
-18
-5
9
20
44
54
62
77
90
105
111
97
50
11
7
39
98
140
150
142
141
157
184
200
185
139
90
65
53
38
9
-22
-36
-35
-26
-7
14
37
55
57
47
32
40
63
63
11
-72
-135
-136
-84
-14
42
57
60
61
62
53
26
-7
-32
-41
-50
-76
-97
-111
-115
-98
-83
-82
-83
-73
-56
-33
-26
-32
-35
-42
-56
-82
-95
-82
-53
-31
-34
-42
-53
-42
-29
-21
-18
-31
-29
-19
17
65
100
113
87
51
25
20
37
61
78
93
106
108
109
108
103
99
86
71
66
65
64
53
13
-33
-64
-69
-51
-27
-15
-26
-59
-82
-79
-70
-68
-83
-115
-131
-110
-66
-4
33
32
25
-2
-30
-41
-27
-11
-9
1
7
22
32
41
41
24
20
25
