5
-2
-3
-6
-5
0
-6
-6
-6
-9
-14
-16
-15
-17
-15
-15
-14
-10
-17
-18
-24
-25
-27
-30
-25
-23
-16
-7
-9
-13
-9
-6
-13
-14
-14
-12
-3
3
7
1
-4
-4
-7
-9
-12
-7
-2
1
8
7
15
9
2
2
-2
10
11
18
21
22
23
17
15
5
1
7
14
17
14
15
12
6
6
5
4
5
7
1
4
10
9
6
-4
-5
-6
-9
-5
-3
0
-3
0
4
-4
-3
-8
-12
-9
-10
-5
3
6
8
10
11
10
8
9
6
-1
1
7
11
8
9
13
11
10
3
-2
-1
-4
-7
-12
-15
-19
-28
-21
-22
-25
-24
-26
-23
-24
-23
-14
-13
-6
-1
2
13
14
9
8
7
9
11
14
10
8
6
3
3
4
3
-1
-5
-8
-12
-11
-10
-11
-12
-11
-5
-5
-4
-3
-2
3
5
6
6
7
9
13
10
5
14
20
20
21
21
21
23
22
15
17
12
7
5
9
11
9
14
9
11
9
4
3
-1
-3
-3
-6
-5
1
3
0
-9
-10
-10
-15
-20
-27
-27
-29
-29
-25
-29
-38
-40
-31
-22
-12
-7
-5
-1
-1
1
-5
-4
2
2
7
13
16
17
16
15
13
11
13
16
16
16
20
17
16
20
20
25
19
10
5
4
11
4
5
-1
-12
-18
-27
-26
-22
-20
-13
-9
-2
-1
5
6
3
9
9
15
17
7
3
-1
-2
-2
-3
2
1
-4
-6
-6
0
3
4
5
3
3
3
-1
-1
-2
-7
-9
-14
-17
-11
-14
-13
-11
-12
-11
-12
-8
-4
-2
2
5
5
1
-1
-6
-9
-9
-7
-9
-7
-6
-6
-6
-9
-9
-6
-3
-2
1
3
5
8
6
7
15
22
22
26
24
18
15
14
13
7
3
0
4
3
2
3
5
9
9
6
1
-8
-2
4
6
7
3
4
2
2
3
6
8
2
3
0
-3
0
-3
-7
-8
-6
-5
3
5
3
1
-1
0
6
10
8
5
2
-3
-1
-3
-4
-8
-9
-1
-8
-15
-13
-15
-10
-7
-7
-5
-8
-6
-3
-6
-3
-8
-11
-12
-11
-7
-7
-10
-14
-17
-18
-16
-12
-12
-13
-14
-11
-8
-7
0
4
5
7
10
14
6
-3
-1
2
11
14
10
12
11
8
3
-2
-6
1
6
10
13
13
17
17
15
12
9
8
4
7
17
16
12
10
11
19
14
14
12
1
6
8
13
13
7
8
2
-2
-2
-1
-5
-6
-2
2
-2
-3
-4
-7
-2
5
10
10
5
2
7
2
-4
-3
-6
-8
-8
-11
-14
-15
-23
-27
-25
-29
-29
-31
-36
-36
-32
-28
-27
-27
-22
-23
-21
-14
-10
-4
-3
-4
1
3
4
4
11
14
17
21
15
19
13
13
20
17
14
10
4
3
1
1
5
8
11
13
6
9
10
5
4
3
7
15
15
20
18
12
9
6
10
8
10
14
13
14
14
13
12
9
2
-3
-5
-12
-6
-4
-6
1
-3
-8
-5
-6
0
5
3
7
13
14
17
16
9
9
2
5
6
6
9
4
2
1
-5
-6
-12
-19
-22
-27
-28
-26
-26
-28
-25
-20
-22
-19
-24
-25
-26
-35
-38
-35
-30
-30
-33
-30
-26
-22
-15
-8
-4
-2
-4
2
4
8
15
12
7
11
12
3
-1
-5
-4
5
11
17
24
26
30
32
32
33
35
31
25
27
27
34
38
34
37
37
36
35
28
25
24
22
18
21
24
15
4
1
-5
-9
-10
-14
-16
-23
-22
-23
-28
-31
-32
-32
-28
-26
-18
-19
-27
-17
-15
-7
-4
-6
-1
-1
4
1
-3
-7
-6
1
-2
-2
-4
-8
-7
-14
-20
-29
-31
-31
-33
-31
-33
-28
-20
-23
-20
-14
-9
-3
-3
-3
-1
6
3
4
14
14
11
6
0
2
8
14
20
20
18
15
18
21
25
18
14
21
24
33
39
42
49
46
50
56
54
55
55
58
61
64
64
58
51
50
39
37
35
32
37
29
26
16
-2
-13
-32
-44
-54
-65
-67
-74
-76
-73
-76
-78
-87
-86
-90
-95
-91
-97
-100
-95
-95
-88
-86
-89
-87
-89
-83
-73
-64
-48
-42
-34
-23
-13
1
6
16
27
36
55
76
90
89
95
94
90
96
96
99
101
104
105
100
88
71
57
49
43
39
35
29
26
24
19
13
7
-2
0
-2
-1
-3
-9
-7
-18
-21
-19
-22
-21
-29
-35
-28
-27
-21
-16
-22
-23
-36
-39
-38
-40
-40
-39
-35
-32
-29
-29
-29
-28
-23
-22
-22
-16
-16
-10
-9
-13
-11
-22
-23
-16
-21
-18
-17
-24
-28
-36
-34
-28
-30
-37
-46
-50
-57
-65
-60
-60
-60
-61
-54
-44
-33
-32
-40
-42
-45
-27
-1
18
32
36
53
77
101
121
129
143
153
184
223
247
274
267
254
257
253
274
286
278
275
271
282
283
263
238
206
186
187
187
181
157
125
93
56
21
-7
-39
-75
-108
-139
-162
-176
-202
-253
-308
-366
-417
-445
-475
-475
-461
-469
-478
-507
-533
-536
-532
-527
-523
-508
-465
-401
-342
-318
-327
-343
-336
-294
-230
-175
-142
-123
-81
11
137
273
363
373
346
331
378
500
621
709
745
774
820
825
782
661
478
310
222
226
289
303
203
-16
-288
-517
-651
-734
-796
-826
-849
-845
-827
-824
-826
-853
-889
-863
-755
-522
-206
88
310
476
612
736
875
1006
1117
1235
1363
1548
1792
1991
2131
2072
1858
1657
1543
1534
1526
1450
1258
1027
837
702
567
335
-20
-430
-783
-990
-1094
-1198
-1380
-1636
-1869
-2004
-2040
-2062
-2152
-2317
-2497
-2569
-2462
-2232
-1979
-1799
-1713
-1656
-1548
-1358
-1095
-811
-549
-302
-57
229
530
814
1042
1185
1272
1325
1395
1497
1606
1710
1771
1776
1716
1597
1480
1375
1313
1263
1180
1073
923
771
640
522
398
216
-21
-254
-440
-520
-532
-548
-617
-777
-959
-1082
-1120
-1080
-1029
-986
-920
-760
-461
-85
232
336
205
-24
-151
-27
308
703
1020
1162
1149
1032
836
556
219
-86
-222
-131
82
228
132
-254
-835
-1417
-1826
-2001
-2003
-1933
-1847
-1760
-1671
-1598
-1569
-1562
-1541
-1453
-1236
-877
-399
132
639
1082
1396
1567
1621
1609
1620
1695
1882
2166
2460
2690
2755
2642
2384
2039
1720
1497
1400
1381
1378
1325
1160
895
564
218
-96
-353
-547
-698
-821
-943
-1081
-1238
-1419
-1587
-1716
-1797
-1837
-1879
-1928
-1968
-1960
-1888
-1767
-1640
-1541
-1467
-1396
-1264
-1057
-806
-547
-305
-86
108
275
423
554
675
811
967
1125
1239
1294
1303
1295
1254
1163
1037
903
804
754
726
662
528
329
130
-20
-138
-242
-380
-530
-639
-685
-687
-716
-793
-907
-1011
-1051
-1022
-932
-781
-578
-363
-226
-277
-501
-670
-500
81
867
1522
1737
1463
938
526
500
793
1164
1502
1809
2081
2171
1879
1200
326
-408
-622
-251
343
606
266
-481
-1177
-1557
-1665
-1696
-1855
-2177
-2467
-2477
-2163
-1761
-1528
-1498
-1542
-1552
-1485
-1320
-1028
-605
-92
479
1035
1428
1574
1539
1486
1526
1664
1890
2212
2553
2805
2886
2770
2506
2169
1897
1768
1731
1641
1418
1178
1017
933
828
569
138
-412
-866
-1084
-1171
-1321
-1662
-2007
-2164
-2120
-1984
-1979
-2221
-2679
-3059
-3041
-2669
-2223
-1955
-1852
-1775
-1642
-1416
-1134
-879
-736
-634
-408
-31
394
733
1009
1244
1407
1458
1362
1257
1234
1369
1616
1842
1942
1803
1539
1285
1160
1094
924
692
494
438
439
323
88
-230
-516
-757
-919
-970
-1037
-1135
-1205
-1138
-980
-968
-1058
-1073
-900
-712
-704
-784
-802
-590
-46
757
1481
1691
1318
750
412
440
707
1095
1468
1852
2231
2503
2429
1811
859
-57
-474
-236
337
806
760
268
-332
-905
-1330
-1743
-2174
-2534
-2790
-2765
-2501
-2139
-1819
-1680
-1613
-1590
-1621
-1610
-1474
-1075
-476
168
814
1318
1600
1653
1577
1546
1500
1509
1697
2005
2332
2488
2548
2637
2660
2626
2444
2068
1496
880
614
729
896
845
546
169
-277
-863
-1444
-2032
-2614
-2982
-2890
-2297
-1729
-1497
-1523
-1700
-1879
-2171
-2365
-2300
-2213
-1960
-1461
-823
-399
-404
-477
-490
-420
-262
-112
152
401
667
1182
1768
2132
2092
1817
1581
1346
1198
1136
1170
1349
1432
1505
1462
1102
611
147
-148
-310
-461
-657
-787
-713
-560
-580
-748
-1249
-1660
-1545
-1584
-1585
-1616
-1698
-1867
-1783
-1002
-671
-502
-629
-301
1283
2584
3337
3075
2433
1346
388
925
1356
2074
2720
3238
4121
3971
2877
516
-1545
-2527
-2700
-1371
-589
-396
-728
-1971
-3144
-4309
-4857
-5513
-5866
-5145
-4081
-2701
-1731
-1133
-442
153
375
603
936
1410
2440
3907
5548
6384
6703
6514
5867
5496
4781
4105
3233
2546
2666
2981
3059
2485
1605
566
-621
-2155
-3645
-5135
-6132
-6149
-5618
-4298
-3827
-3832
-4391
-5390
-5907
-6734
-6336
-5251
-3084
-687
815
2200
2112
1788
1017
576
1064
1491
2697
4065
5594
6303
5562
4232
2734
1527
968
919
1141
1335
1068
1104
762
-60
-1364
-3087
-3726
-3944
-3398
-2586
-1987
-1238
-924
-558
-998
-1651
-2294
-2437
-1376
-321
1202
1670
1390
1072
446
412
-310
-396
392
1415
2295
2061
1831
895
-91
-1107
-1322
164
2222
6179
9343
10065
7064
848
-3635
-6244
-5752
-3623
-1349
988
1439
1667
210
-2848
-7577
-11516
-11043
-7844
-2233
1124
2445
1770
-1416
-2967
-4555
-4419
-3667
-2762
533
3864
7027
8052
6902
4996
3128
2299
2288
3158
4100
5572
6717
6929
6380
4092
1454
-1197
-3029
-3060
-2660
-1623
-591
-79
131
-1071
-2512
-3217
-3256
-2499
-2236
-2166
-2071
-2082
-1720
-1405
-924
-915
-1289
-1565
-1589
-1246
-1613
-1676
-1148
166
1970
2416
2243
1171
-180
-795
-1269
-875
-255
430
1564
2336
2634
1967
480
-594
-851
-158
923
1643
1942
1675
1129
379
-704
-1728
-1895
-1143
-138
55
-615
-685
-403
-542
-1373
-2405
-2462
-1652
-877
-434
-483
-1083
-1184
-882
37
603
-73
-823
-1420
-1076
-515
116
364
764
1149
1108
2864
5121
9003
11655
10503
7742
2709
-1294
-4108
-6342
-5931
-4279
-1765
824
909
-1323
-5694
-10782
-12576
-11068
-6813
-1793
1360
2965
2496
496
-1833
-4042
-5213
-4562
-2205
1704
5702
7816
8025
6429
4418
3089
2188
2197
2791
4088
6106
7721
8136
6923
4661
2168
-43
-1784
-2512
-1856
-293
1425
1930
1510
282
-1073
-2203
-4020
-5552
-6878
-6529
-4903
-3294
-1832
-1593
-1389
-1772
-2307
-3108
-4119
-4109
-3174
-587
2015
4067
4958
4304
3144
1376
140
-371
-546
-9
642
1519
2525
2557
1848
116
-1571
-1965
-1417
-86
796
1169
1022
367
-393
-1408
-2136
-2521
-2540
-1744
-1019
-142
853
1106
1362
54
-1623
-2773
-3145
-1834
-700
450
268
-102
-1070
-2411
-3220
-4653
-3810
-2728
-653
1270
1496
2103
1844
3834
7307
11782
15087
14383
10913
5119
507
-3532
-5965
-6580
-5266
-1982
121
690
-1846
-6299
-11480
-14253
-12704
-7705
-2063
980
2796
2808
2226
89
-2954
-4287
-4383
-2316
266
3099
5709
6740
6525
4875
3005
1864
1651
2725
4035
5030
5779
6079
6319
5444
3062
405
-1792
-1724
-383
1205
3070
3689
4501
3965
2356
187
-3658
-6768
-9565
-9764
-7895
-5578
-3326
-2605
-1729
-1989
-2791
-4627
-6596
-6322
-4389
-323
3041
4847
5197
4000
2730
936
-760
-1758
-2003
-732
1290
3252
4553
4119
2703
572
-1233
-1620
-867
1012
2454
3121
2548
1336
193
-1004
-1266
-1867
-1619
-986
-419
1201
1621
2423
1943
31
-968
-2380
-2102
-2719
-3751
-3588
-3385
-2372
-3402
-3730
-3744
-3537
-3097
-4204
-1634
1993
8102
15071
18027
18541
11734
3144
-3599
-8483
-8525
-7617
-3552
1880
4732
4756
-56
-6941
-13502
-17002
-14259
-7527
-410
3777
4731
4316
2271
-1264
-5369
-7520
-6010
-2035
2523
5846
7251
6769
4689
2341
922
485
759
1467
3161
5460
7039
6773
4931
2730
897
-426
-1289
-1142
-233
1651
3499
5156
6142
5712
4797
2739
612
-2072
-4489
-5183
-4633
-2528
-1264
-426
-291
-1398
-2968
-5763
-7369
-7220
-5120
-1687
1195
2979
2849
1342
-897
-2762
-3570
-3494
-2454
-1130
239
1600
1777
1184
-281
-2165
-2362
-1431
834
2849
2916
2446
1255
1020
387
-59
-16
-24
1670
1383
2157
2165
1503
1379
-1124
-1897
-2994
-2606
-1657
-1113
-136
-1308
-2284
-4219
-4553
-4458
-5084
-5335
-4546
1177
9028
16300
18437
14841
7917
663
-5413
-9107
-8788
-5957
726
6222
8992
7908
686
-7878
-15528
-17513
-12524
-5727
885
4418
5887
6035
2314
-2865
-7927
-9614
-6434
-1588
3820
7332
7827
6318
2635
-763
-3762
-5510
-4554
-1765
3382
7201
8761
8381
5802
3375
73
-2536
-3373
-2381
632
4069
7779
9531
9524
6489
2139
-1206
-3907
-4134
-3635
-1462
1057
3001
3405
1437
-823
-4641
-6884
-8132
-7403
-3786
-1095
2227
2746
2102
814
-1956
-3098
-4532
-4039
-2240
-302
1746
2111
1149
-333
-2373
-3732
-4116
-3810
-1499
703
3403
4795
3975
2012
-535
-1460
-1866
-957
-594
515
2243
2485
2688
1705
1257
490
72
-1441
-2861
-2539
-3110
-638
-1011
-1642
-2674
-4687
-2879
-709
8041
14150
14657
9147
-296
-3028
-6953
-9715
-11519
-7345
2226
6698
9471
5535
672
-6976
-16023
-15187
-9183
198
4023
3554
4179
3458
1479
-4279
-8759
-7586
-3564
1995
6989
9814
10913
8357
4929
2592
981
-62
-2023
-1565
1453
5235
7312
5674
2583
-925
-3406
-4870
-5048
-4203
-2270
909
4380
7247
5472
1449
-3393
-6358
-5948
-5756
-3384
-634
3224
5871
5611
4540
759
-1089
-3385
-3679
-849
758
3796
3375
1787
-61
-2573
-2436
-2377
-679
1330
2196
3278
2492
1349
211
-1782
-2390
-3113
-2724
-1471
-299
795
-839
-2931
-5369
-5621
-5031
-3638
-887
174
3457
2928
1970
1406
-1608
-1709
-3344
-2708
-1838
-484
-229
-2254
-1600
-4652
-3760
-333
6824
18199
20402
17089
7601
-91
-4912
-11520
-12432
-10474
-2419
5503
7625
7546
943
-8780
-18370
-20302
-11531
-546
7873
9433
8574
6473
108
-7018
-12855
-13323
-8605
-2176
4607
9357
10714
8308
4200
1333
635
1249
2338
4191
6820
9213
9007
6136
2037
-2105
-4260
-5731
-5291
-3146
-26
4107
6126
7403
5361
1781
-1772
-5491
-5648
-5265
-2983
18
2184
2856
1455
-351
-3594
-4736
-6399
-6503
-3941
-1823
1900
2779
1787
-932
-3337
-3149
-2775
-621
829
2221
3421
2344
810
-820
-1309
-1174
313
2939
5018
6735
5987
3998
1283
-1353
-3237
-3949
-3093
-2727
-915
-392
-1000
-754
-1638
-1093
-910
-1448
-979
-851
-1215
-3437
-4399
1251
12972
22642
19874
7039
-4805
-10767
-13511
-16493
-14115
-4554
4606
8475
6784
4401
-1905
-15018
-24124
-20263
-4694
9504
12121
9428
6050
1856
-4935
-13666
-15705
-10932
-2270
7159
14382
18466
14888
5323
-3566
-6599
-3193
1741
5503
9900
13843
15117
11570
3690
-4195
-10383
-13147
-10647
-3941
3733
8155
8107
7490
5338
1208
-4047
-9883
-10229
-7105
-2324
3306
6326
6127
1288
-3680
-6904
-6423
-3857
-2932
1485
5779
9582
9889
3326
-3853
-9992
-10325
-6918
-3051
1517
3903
5685
4832
1084
-2162
-5368
-6085
-4624
-1978
2420
4663
5442
4185
153
-3524
-6571
-6955
-4524
-1470
2210
5732
7309
6633
4915
1938
-265
-2413
-3785
-2588
-2667
212
7424
16766
20847
12519
-1300
-11311
-13672
-14730
-14746
-9400
-755
8310
8555
5654
236
-10216
-19688
-23784
-11118
6000
15082
13334
5059
567
-4753
-11256
-15248
-14268
-6847
508
6433
11032
10880
5748
-2972
-7807
-4300
2992
8918
11739
13821
16747
16716
11998
4336
-2709
-6320
-6500
-3712
336
3422
4027
3102
1050
-1929
-5365
-7630
-6969
-3578
206
3158
5160
4358
2036
-559
-2084
-1594
-1101
-1471
-1117
-44
1025
1424
-1531
-5513
-9155
-9585
-6087
-2523
397
499
65
288
66
-254
-115
1473
4203
7060
7301
5937
3927
1742
-268
-2276
-3955
-5955
-5848
-7075
-6057
-4733
-4842
-2479
-2600
-143
1396
1480
843
573
8710
20056
28775
23742
10231
-1017
-7678
-9890
-14830
-12469
-5058
2879
6919
2787
-2971
-13732
-25522
-29011
-17557
2268
16723
18068
10871
3287
-4327
-10718
-15551
-13818
-5775
2669
9297
10411
7111
435
-7844
-12046
-9358
-751
8463
14055
15363
13682
10212
5519
1142
-465
1135
3921
6928
9236
9387
6138
1144
-3083
-4745
-4208
-4218
-3865
-2753
-1696
-398
-199
-1159
-2823
-3916
-3180
-1084
2234
3799
3820
3535
3074
4221
3479
409
-3794
-6585
-5277
-3264
-1683
-2264
-4290
-5642
-7326
-7452
-5923
-3128
-410
755
1757
2717
4679
4863
2928
456
-1921
-1661
-612
342
719
568
-10
-343
-1187
-2862
-3684
-3937
336
9036
19849
23733
15713
2165
-9012
-9593
-7613
-5826
-2834
2372
7446
5400
38
-8723
-16776
-24707
-26294
-14247
3378
16460
15095
5308
-5593
-12738
-14961
-13225
-4885
6124
14617
17108
13676
6518
-2615
-11714
-14670
-8056
4353
15303
18512
16389
11584
5162
-522
-3996
-2080
2825
6772
8757
7873
6061
1663
-3355
-6803
-8602
-6567
-4186
-1243
926
377
-1331
-3412
-4331
-4749
-3559
-2371
380
4007
4319
3580
1250
-88
-738
-1600
-2250
-2849
-1003
489
1964
2650
416
-2661
-6033
-7738
-6222
-2895
318
1712
2611
2509
1219
465
-822
-895
-290
-594
-46
1723
2455
2017
174
-2862
-4427
-6677
-7315
-3084
7370
18945
20805
13142
804
-6374
-7396
-7635
-3523
3072
10631
11153
4568
-2823
-11265
-18043
-24787
-21177
-5821
10140
16316
8273
-3051
-10907
-13380
-12189
-8985
-1650
6794
11960
12045
6861
92
-5756
-9201
-7467
10
10744
18455
18319
11653
2919
-3004
-5000
-3798
666
6315
10573
11195
7015
1939
-1528
-4534
-5688
-6548
-5225
-530
2797
3454
581
-2460
-5096
-5677
-4446
-3657
834
2352
3385
3786
1979
1517
-865
-575
-852
-133
1118
585
2292
1591
-815
-2444
-4234
-4601
-4409
-4225
-3200
-2230
-948
-1849
-3133
-4853
-6889
-5588
-3904
-1834
-555
-866
-834
-1261
-518
26
597
3003
8059
17000
22781
19238
7575
-3572
-8797
-8009
-4708
914
8864
11467
5771
-5394
-14832
-18661
-20143
-17719
-9054
3366
11429
8001
-2584
-12623
-16257
-14155
-7547
2536
12645
18003
15338
7544
-396
-5306
-6599
-3561
3049
10652
15948
15768
10501
2938
-3761
-5996
-2588
3784
9395
11448
9476
5636
1334
-89
413
80
-924
-4155
-5352
-4396
-4611
-6326
-8804
-9213
-7138
-3274
-1279
-877
-982
-2282
-2447
-1630
688
2650
3688
3038
978
857
391
520
2021
3747
6088
7134
5371
1250
-1659
-4413
-5166
-4098
-3022
-1106
-1836
-4086
-8107
-10932
-11073
-10573
-8178
-6070
-3376
-1030
1608
4670
9838
17388
17644
13168
4506
-1434
965
3871
6254
6344
5857
3417
-2118
-8166
-14422
-16625
-16412
-11515
-1860
6344
6306
-4373
-16506
-22960
-19311
-9026
1590
10339
15545
14544
9255
2507
-2112
-1347
3185
10086
16758
20570
18356
10032
249
-6750
-8111
-4373
1628
6895
8851
5655
-128
-5110
-5559
-1048
4177
8122
7670
4272
381
-3559
-7130
-9075
-7806
-4308
863
3564
830
-2853
-7343
-8868
-6443
-2673
1631
3660
3578
538
-2405
-3403
-3578
-1331
2485
5533
8094
7712
3861
25
-2094
-1894
-130
2111
2141
578
-2048
-6179
-8206
-9283
-9643
-8915
-7031
-6008
-5810
-5145
-183
8480
12204
7984
-544
-4480
-522
5068
8877
10016
8761
5389
-470
-4868
-6393
-5947
-6509
-6111
-3735
-1394
-3072
-10445
-17389
-18765
-13771
-5914
824
4861
6218
3260
-1898
-6302
-6758
-1139
6912
14694
19342
18926
14317
7647
2485
1913
6870
13930
18796
17946
11918
2991
-5127
-9678
-9572
-2437
4843
8176
5769
-1330
-6879
-9769
-10894
-9335
-4554
1474
6583
8649
5582
126
-5197
-8926
-7455
-2856
1064
1578
-1026
-3737
-5902
-5718
-4774
-3011
1615
4321
4389
3706
1719
1068
599
-13
928
2695
3501
1327
-2399
-4905
-5585
-4547
-3032
-2337
-3678
-6421
-6929
-2553
7172
12176
7121
-2959
-9008
-7116
-594
2900
3382
3214
1711
-690
-3000
-3380
-4102
-6059
-6637
-3233
2746
4662
-2795
-13687
-19879
-16796
-7163
1674
4754
2544
-1792
-5524
-5969
-2675
2811
8412
11083
11559
11487
10945
9393
6227
4186
6048
11186
15557
15630
10605
3025
-2513
-4154
25
6695
10290
8500
1721
-5108
-8453
-8980
-8764
-7269
-4034
-1627
-332
-1582
-5338
-7216
-8052
-5689
30
5318
6869
3895
247
-2098
-1916
-534
38
1567
4843
6976
7755
6111
2872
-200
-1630
-1069
-177
2023
1589
-801
-3055
-5548
-7095
-7639
-7878
-8421
-8354
-5923
54
8628
10451
3235
-6566
-10997
-5625
1534
7140
9053
8025
4297
-3310
-8055
-8701
-6443
-5264
-5517
-3019
344
194
-6478
-16240
-19803
-16170
-8000
-718
1235
605
-2327
-4067
-3719
-757
2975
5860
8550
10424
13328
15425
14901
12776
9986
9458
11438
13572
13943
10860
6405
2908
1644
2840
4091
2530
-1852
-6707
-9390
-6913
-3588
-3488
-6495
-10471
-11355
-9167
-5747
-2918
-668
819
648
343
917
1755
2048
1183
259
1022
4292
6322
6006
4621
2099
1310
2474
3424
4077
4778
4228
3944
3869
1198
-1448
-3216
-4820
-5122
-5275
-6260
-6954
-6072
-2972
4277
7224
1623
-7645
-14292
-9973
-2238
2722
5225
4490
3949
-570
-6256
-9377
-10262
-9536
-7478
-1433
4384
5412
-2925
-15333
-19169
-14667
-5798
-40
-1452
-3839
-6658
-7538
-5430
-1806
2231
3077
1659
1780
5503
10185
12782
13834
14301
16452
17477
15901
13400
10882
10762
10957
11364
12559
12852
9816
3335
-4253
-9118
-7221
-3833
-2697
-4442
-8254
-11007
-11470
-10717
-11231
-10334
-8247
-6246
-3617
-2105
-1845
-2513
-1627
-427
1888
6351
7596
7055
6081
4847
4951
5379
4538
2669
2295
2485
3260
4227
3425
894
-2034
-3055
-2967
-1520
-1737
-3898
-5303
-4234
2330
5925
2630
-3663
-8409
-4758
667
3222
2762
423
-1270
-5991
-7752
-6721
-2211
1078
-1484
-4212
-8058
-8615
-10222
-13790
-12484
-8842
-2763
-621
-4258
-8678
-11730
-9824
-7148
-3057
1052
3706
4297
2345
2860
4536
7192
8476
8451
11263
15720
18968
18262
15146
11574
8906
9506
9735
9689
9247
6129
3225
1688
1784
694
-2244
-6222
-9757
-8062
-3986
-1805
-1301
-2818
-4745
-6588
-7854
-9550
-10359
-7425
-4379
-1912
-1048
-2942
-3800
-1879
490
2977
5569
7694
10021
9981
8036
6486
6059
7292
6356
2837
-1040
-3488
-3143
-2812
-3330
-5072
-5470
-2747
1227
1510
-4338
-8864
-8194
-1878
4528
4262
1761
-180
-2025
-3024
-3979
-3991
-2070
-1154
-636
-413
-2284
-5916
-12725
-16809
-14301
-8226
-2237
-2177
-6427
-9933
-10530
-8569
-5726
-2855
-926
1309
3152
4762
7211
8606
8757
7157
6263
9405
13721
16522
15205
11516
9328
9491
11789
11902
10406
8615
5170
3297
2508
1239
-323
-2617
-5831
-8683
-6873
-5196
-4495
-3988
-5244
-5364
-5980
-6596
-7936
-7171
-3129
-1010
753
56
-2892
-3749
-2671
424
3443
5440
5911
5155
5255
5728
5329
4805
3441
1454
827
1629
2296
1596
-1251
-4566
-4760
-1311
3715
3923
-1607
-6014
-5971
-1221
2210
424
-3249
-4329
-3940
-4113
-2799
-3938
-5138
-6929
-7594
-3224
-338
-112
-6743
-13563
-12941
-8337
-2213
-1918
-6532
-10188
-9090
-4693
-1173
20
-2274
-3913
-4111
-887
5974
11842
14418
10690
5532
5166
9640
15381
17855
16496
14168
12911
12397
11967
10504
8442
6167
3767
2406
1229
-115
-2095
-5110
-7866
-8590
-7151
-6848
-7656
-9366
-9129
-6004
-4023
-4313
-7422
-8195
-5250
-2189
-176
-982
-1694
39
2768
4470
4170
3922
4272
6026
8208
9396
9330
6899
4113
1587
647
1498
1446
251
-901
-1716
-2493
-310
-739
-5068
-7605
-7596
-2565
1197
-141
-4585
-7440
-6470
-6066
-4248
-3756
-3628
-4490
-6640
-6569
-6955
-5539
-7326
-9955
-8533
-5594
-937
390
-3060
-7269
-8141
-5283
-957
2530
1920
-344
-2352
-2068
2397
7736
10715
8914
5066
4220
7715
13266
16464
15258
13326
12061
11688
12861
13330
13330
12970
10193
6234
3137
775
-640
-1684
-4157
-6772
-8093
-9023
-9484
-9864
-9191
-8118
-7800
-8188
-9949
-9429
-6052
-3908
-3539
-4059
-3853
-1276
2019
3042
2104
806
728
1599
3739
6488
7657
7525
6090
4402
3357
4112
4152
2081
1253
185
-251
2200
3204
219
-5024
-8063
-7182
-2975
-752
-4052
-6801
-6676
-5763
-4600
-4970
-5558
-5821
-5773
-4653
-4265
-3146
-3958
-6926
-7470
-5336
-2252
-642
-2815
-6127
-5650
-1929
1592
2366
-67
-2035
-2388
-315
3605
7442
10869
10967
8369
6595
8320
12441
15579
15861
13535
11000
10262
10324
8608
7500
7588
6044
4803
3194
1
-1698
-2321
-5507
-8141
-8039
-7860
-6155
-5501
-5990
-7115
-7890
-8406
-11543
-11029
-8170
-5367
-3350
-4888
-7162
-7153
-3571
-453
613
527
741
2439
5191
8687
10134
9232
6605
3690
2833
5205
7887
7556
5929
3024
65
801
2119
-491
-4596
-6331
-4028
-239
281
-4215
-8474
-8157
-7525
-6576
-5785
-5725
-5414
-6431
-5867
-5667
-4781
-4788
-8476
-8827
-5867
-1820
620
-1072
-4018
-4519
-1468
1504
2617
1954
1044
841
1285
3761
6133
8727
10338
8872
7907
8916
11135
13238
13782
12950
12881
13742
14346
13103
9913
7991
6391
4811
3251
593
-834
-899
-1715
-4685
-7757
-10024
-11216
-10463
-8878
-7186
-8112
-10056
-12402
-12715
-8213
-5088
-5796
-9279
-12856
-11680
-5646
870
3077
895
-2265
-4105
-1427
4669
9166
10366
7579
3701
3033
6114
9279
8676
5345
1349
872
1994
4508
7354
4443
-1058
-6352
-6160
-1294
912
-930
-5385
-6615
-5866
-4996
-5080
-7045
-7686
-9204
-7702
-5934
-5065
-3935
-6978
-8195
-7501
-4674
-1211
-1686
-2446
-2350
-69
2345
2871
1853
1045
2383
3578
5991
8240
9664
9290
6956
6390
8612
12408
14419
13263
11084
10064
12121
15165
14339
11792
9505
7766
7966
7809
5711
1859
-1145
-4668
-7291
-6318
-5700
-5932
-8544
-10374
-11935
-12883
-11910
-14132
-13256
-9912
-8776
-8792
-10807
-12156
-10871
-6601
-2326
-1159
-1702
-2071
-2398
-652
3049
5223
5926
5016
3785
3489
5450
8697
8624
5738
2095
939
2553
5008
7533
6161
1817
-2671
-3682
-757
1520
793
-3512
-6255
-6158
-5537
-3545
-4720
-7669
-10482
-10778
-8107
-6654
-4576
-5168
-6546
-6945
-7330
-5828
-4720
-3407
-2339
155
3357
4797
4421
1527
1020
2806
5997
9770
10993
10497
8660
8091
9773
11878
12971
12055
10522
10499
12239
15123
15554
12162
8788
6157
6172
7919
7571
4450
481
-1993
-4309
-3894
-2937
-4783
-6392
-8168
-8945
-10169
-10006
-10622
-13006
-11981
-11759
-11739
-11657
-12965
-13360
-11796
-8820
-7062
-6340
-5046
-2782
-792
1531
3468
3828
4185
5101
6830
8789
10218
9275
5803
2473
1580
3113
5376
5070
4042
3480
255
-2388
-3579
-1755
885
-372
-3790
-7216
-6157
-4906
-4961
-4704
-6307
-6511
-7288
-6574
-5403
-5018
-4626
-7353
-8034
-6923
-3456
786
764
-637
-2167
-1557
263
1273
1903
3669
6588
7506
7623
7345
7787
9579
11188
12172
12437
12256
11927
11689
11603
12399
12554
11445
9164
6302
6115
7772
8806
7283
3179
-659
-2345
-2012
-2134
-2561
-3961
-6020
-7568
-8667
-8089
-8114
-9359
-12661
-15247
-14211
-11850
-9624
-9239
-9987
-11033
-10946
-10050
-8733
-6368
-3932
-1874
-868
680
2779
4142
5151
5592
6117
7151
8116
7943
6729
5341
4191
3927
4480
3268
1900
2255
669
-2192
-3535
-2920
-944
-484
-3496
-6715
-7516
-7038
-5739
-4581
-4464
-5018
-6566
-5948
-5339
-5066
-3714
-4752
-5386
-4437
-2061
1847
3787
2226
209
589
2363
4638
5691
5977
6354
5165
5514
7154
9540
11575
10643
8530
7758
9013
10984
11870
11688
10617
9981
9752
8017
6307
5447
5212
4691
3683
1422
-1624
-2117
-2579
-3358
-3647
-5562
-6745
-7870
-7621
-7161
-7979
-8674
-11802
-14132
-13346
-11560
-9669
-9709
-11897
-13075
-11498
-8480
-5634
-4160
-4218
-4200
-2948
-263
3205
5363
5648
5731
5886
7098
8630
9059
7518
4926
3970
4251
5346
6188
4364
1025
487
-94
-2175
-2789
-2120
-354
-1295
-4790
-7984
-8222
-5058
-3363
-2536
-3702
-5123
-5179
-4688
-2052
-1335
-1435
-2437
-3824
-2391
106
3499
4205
1508
-426
-10
3025
5343
4884
3304
3325
4172
4235
5108
6544
7703
7433
5879
5956
7918
9681
9865
8711
7514
7199
8424
8702
7041
5538
4597
4621
4459
3223
591
-2041
-1834
-1707
-2561
-2784
-3914
-5758
-7338
-7844
-8019
-8827
-10130
-12104
-12986
-12308
-11174
-10982
-12221
-12579
-11472
-8813
-6202
-5907
-5736
-4305
-1934
689
2943
4629
5264
5101
4873
5028
5914
7413
7610
6558
5411
4345
3174
1846
1242
737
-341
205
1512
28
-2878
-4333
-3345
-1760
-1899
-3435
-4591
-3129
-1705
-1232
-718
-1474
-1844
-1756
333
2029
1319
250
-904
29
1393
3039
4876
4237
2086
556
1679
3651
4449
3618
2066
1848
1954
1799
2364
3925
4425
3971
4036
4851
5938
6187
5892
5288
5096
5801
6435
6707
6139
4718
3113
2253
2895
2953
1590
-112
-1729
-2663
-3417
-4008
-5027
-6029
-6038
-6701
-7694
-9274
-10961
-12022
-11996
-10395
-9475
-9483
-10005
-10500
-9842
-7943
-5878
-4687
-3749
-2432
-645
971
2463
3071
2965
4032
5289
6411
7641
7316
5530
3700
2595
2595
2385
1827
925
-149
-649
-1803
-1454
77
-160
-1214
-1444
66
682
46
-358
-122
1262
1535
1894
2744
2764
2251
1363
2587
3678
3251
2529
1511
1896
2299
2728
3169
1999
497
-531
-594
-343
-1348
-2622
-2316
-1063
-65
479
-6
-492
101
830
1496
2432
3211
3821
4050
3573
3032
3271
4660
6240
7173
6449
3683
1783
2282
3279
2960
771
-2152
-3840
-3663
-2517
-2153
-3873
-6390
-8245
-8708
-8051
-7870
-7868
-8407
-9111
-8864
-8361
-7039
-6121
-6526
-6635
-5870
-4571
-3146
-1888
-1126
-71
868
1554
2202
2601
3834
4669
4830
4403
3384
3403
3634
3167
2471
2099
1752
1610
1906
2022
2288
2862
4233
4112
1934
1212
2509
4354
4550
3472
2785
3156
3921
4327
4503
3534
1995
955
1884
3420
3152
1325
-1291
-2261
-2294
-2330
-1445
-1482
-3156
-4720
-4801
-4195
-4538
-5682
-6153
-5550
-4623
-3834
-3324
-2651
-1956
-2111
-1798
147
2491
3987
4024
3250
2928
3870
5533
6629
6390
5175
3473
1641
1848
3478
3917
2592
436
-1458
-2969
-2527
-1078
-681
-1769
-3864
-5273
-5791
-4686
-3827
-4772
-6140
-7320
-7102
-6196
-5369
-5116
-5557
-5356
-4921
-4391
-3300
-2351
-1842
-904
-30
542
1640
2867
4072
5256
6069
6044
5188
4409
4677
6106
7635
7960
6402
4087
3310
4569
6016
5696
5115
5727
5514
4158
3145
4119
5332
4209
2649
1745
2557
2947
963
-590
-1918
-3111
-3706
-2787
-1179
-2078
-4886
-7195
-7183
-6201
-5709
-5645
-6302
-6989
-7728
-8139
-7733
-7741
-8143
-7425
-5890
-4900
-5016
-4872
-3500
-1498
56
225
317
905
2190
3623
4451
5571
6098
5580
4899
5069
6150
7064
6838
5530
4459
4391
4962
4899
3893
2205
557
231
488
127
-643
-2007
-3956
-5366
-5591
-4934
-4623
-5217
-6267
-6813
-6435
-5311
-3821
-3263
-3094
-2814
-2089
-647
470
1299
1807
2560
3560
4955
6299
6452
6240
6092
6592
7039
6864
6842
6964
7062
6508
5324
4238
4053
4062
3895
3772
2591
1096
-79
-873
-767
-593
-1431
-2712
-3277
-3570
-3247
-2928
-3685
-4421
-4724
-4230
-3523
-3037
-2928
-3364
-3549
-3864
-4266
-4390
-4003
-3432
-3335
-3555
-3984
-4141
-4252
-4676
-5312
-5618
-5330
-4737
-4004
-3951
-4235
-4009
-3451
-3029
-2610
-1625
-708
-343
216
1103
2050
2641
2476
2479
3103
4144
4770
4664
4723
4483
4269
4219
4349
5058
5167
4701
3605
2452
2730
3649
4187
3740
2754
2156
2003
2346
2325
1842
1584
1428
1521
1958
2590
2727
2254
1686
1278
1684
2409
2841
2988
2827
2877
2755
1910
1274
1410
1691
1646
851
-201
-590
-799
-1223
-2002
-3513
-5158
-5568
-4794
-4308
-4626
-5360
-5827
-6303
-7088
-6934
-5436
-3775
-3454
-4094
-4243
-3905
-3357
-2548
-1437
-732
-653
-635
-208
974
1712
1483
976
714
965
1357
1861
1900
742
-765
-1636
-2055
-2350
-2891
-3831
-4287
-4616
-5495
-5904
-5207
-4169
-3528
-2806
-1905
-1462
-1445
-1307
-680
410
1719
2450
2620
2776
2846
3290
3984
4505
4598
4849
6126
7110
7409
7592
7713
8127
8301
7989
7913
8542
9236
9134
8491
7833
7320
6802
6248
5702
5076
4711
4247
3318
2638
1999
1243
359
-893
-1985
-2914
-3480
-3826
-4516
-5573
-7121
-8524
-9375
-9708
-9704
-9673
-10111
-11320
-12344
-12475
-11600
-10454
-9818
-9838
-10003
-9043
-7399
-5995
-5325
-5054
-3893
-2190
-505
808
1849
3009
3604
4021
4817
5954
6997
7378
7554
7676
7830
7753
7354
7093
6516
5656
4853
4135
3083
1573
404
-138
-416
-1334
-2832
-4105
-5010
-5465
-5614
-5466
-5510
-6186
-6841
-6684
-5679
-4780
-4191
-3557
-2700
-1663
-914
-127
985
2117
2970
3423
4126
5315
6470
7284
7882
8328
8690
9184
9665
10285
10808
10898
10740
10386
10198
10124
10114
10162
9592
8447
7141
5789
4405
3021
1957
1145
81
-1524
-3427
-5050
-6102
-6867
-7934
-9436
-11097
-12564
-13354
-13719
-14279
-14874
-15252
-15302
-15168
-14952
-14308
-13403
-12442
-11568
-10825
-9780
-8307
-6501
-4700
-3202
-1964
-680
725
2072
3403
4645
5712
6499
7060
7472
7906
8625
9381
9891
9774
9185
8742
8439
8174
7807
7336
6692
5877
5098
4378
3831
3128
2192
1188
53
-898
-1411
-1652
-2171
-3048
-3927
-4348
-4198
-4021
-3967
-4100
-4255
-4348
-4354
-3888
-3280
-2657
-1893
-975
-27
577
977
1509
2425
3328
3961
4577
5271
6261
7085
7395
7357
7124
7120
7311
7276
6682
5970
5561
5092
4496
3813
3254
2803
2272
1627
852
64
-1042
-2206
-3035
-3797
-4729
-5786
-6572
-7096
-7600
-8264
-8990
-9542
-9995
-10199
-10042
-9622
-9281
-9163
-8923
-8370
-7394
-6432
-5915
-5643
-5267
-4487
-3586
-2933
-2552
-2302
-1867
-1059
24
1058
1672
1941
2388
3226
4133
4677
4936
5183
5549
5962
6159
6128
5731
5168
4811
4757
4907
4651
4076
3701
3827
4302
4500
4523
4469
4335
4035
3661
3620
3625
3439
2921
2306
1926
1739
1946
2057
1572
550
-368
-353
133
390
193
-158
-440
-779
-945
-986
-1038
-1345
-1808
-2012
-2160
-2288
-2486
-2785
-3108
-3356
-3176
-2866
-2930
-3475
-3939
-3740
-3164
-2882
-3168
-3448
-3312
-2805
-2241
-1914
-1622
-1343
-1004
-710
-505
-63
605
1330
1672
1630
1551
1652
1889
1908
1767
1467
1048
549
-3
-297
-458
-717
-1292
-1944
-2163
-2105
-2152
-2648
-3179
-3077
-2589
-2198
-2299
-2606
-2637
-2392
-1957
-1688
-1453
-1112
-644
-82
143
368
825
1511
2176
2455
2799
3219
3599
3790
3852
4106
4187
4135
4093
4282
4654
4580
4257
3975
3885
3802
3383
3014
2959
3284
3561
3307
2789
2403
2632
3297
3522
2949
1898
1310
1519
1919
1817
944
-190
-1140
-1610
-1572
-1543
-2021
-3307
-4853
-5845
-6132
-6047
-6176
-6630
-7233
-7658
-7626
-7364
-7204
-7506
-7995
-8026
-7405
-6453
-5716
-5197
-4723
-4259
-3744
-3027
-2014
-1040
-345
212
925
1777
2416
2755
3019
3510
4239
5034
5659
5859
5649
5394
5502
5769
5802
5605
5509
5656
5651
5264
4706
4230
3809
3407
3256
3342
3252
2608
1607
797
517
674
669
28
-1099
-1931
-1942
-1621
-1830
-2825
-3809
-4116
-3869
-3519
-3402
-3451
-3662
-3866
-3780
-3379
-2738
-2140
-1604
-1026
-480
-20
379
826
1259
1686
2172
2724
3244
3388
3039
2441
2086
2221
2533
2565
2125
1472
955
708
490
143
-288
-718
-956
-1148
-1319
-1498
-1746
-2051
-2520
-2788
-2730
-2491
-2258
-2221
-2103
-2020
-2069
-2085
-2077
-1855
-1607
-1357
-1117
-1138
-1202
-1387
-1588
-1754
-1934
-1808
-1588
-1361
-1333
-1568
-1619
-1489
-1135
-817
-667
-483
-373
-125
292
801
1274
1399
1383
1424
1824
2599
3215
3464
3306
3156
3375
3887
4425
4536
4288
3964
3713
3637
3691
3835
3788
3383
2864
2451
2216
1962
1640
1434
1322
1129
654
-13
-540
-849
-1036
-1245
-1486
-1724
-2002
-2293
-2610
-2850
-2893
-2849
-2878
-3032
-3151
-3090
-2982
-3002
-3232
-3458
-3386
-3048
-2661
-2500
-2670
-2949
-2934
-2340
-1425
-737
-557
-674
-581
-32
793
1443
1607
1486
1423
1647
2109
2490
2569
2309
1907
1567
1334
1283
1340
1365
1221
771
185
-318
-542
-537
-609
-816
-1142
-1439
-1542
-1479
-1367
-1402
-1433
-1231
-859
-528
-295
68
643
1318
1822
1923
1893
2099
2572
3097
3354
3228
2836
2479
2345
2321
2298
2168
1743
1047
438
125
-7
-128
-432
-1046
-1787
-2446
-2908
-3008
-2842
-2831
-3215
-3702
-3959
-3964
-3753
-3442
-3165
-2897
-2670
-2494
-2138
-1496
-874
-595
-486
-283
75
576
1000
1223
1392
1553
1569
1566
1826
2318
2820
3095
3007
2877
3174
3775
4166
4184
4016
3802
3625
3462
3278
3186
3075
2641
1886
1217
902
732
424
-80
-622
-1023
-1345
-1726
-2088
-2307
-2513
-2844
-3211
-3422
-3385
-3267
-3333
-3602
-3843
-3858
-3619
-3242
-2883
-2582
-2311
-2114
-1926
-1534
-830
-3
497
469
296
523
1185
1745
1835
1548
1215
1065
1024
980
960
970
859
539
181
23
106
224
121
-134
-242
-135
-28
-119
-309
-369
-281
-215
-264
-248
26
402
532
362
200
335
724
1095
1273
1313
1268
1008
560
288
470
898
946
300
-661
-1217
-1076
-716
-709
-1174
-1792
-2170
-2236
-2092
-1847
-1639
-1606
-1785
-1923
-1735
-1246
-799
-683
-676
-364
306
971
1294
1386
1598
2118
2748
3206
3507
3813
4148
4401
4506
4513
4524
4553
4584
4613
4618
4481
4062
3453
2937
2705
2658
2443
1833
982
241
-194
-439
-771
-1351
-2104
-2839
-3405
-3789
-4072
-4375
-4764
-5216
-5633
-5917
-6068
-6176
-6299
-6392
-6355
-6151
-5895
-5706
-5556
-5320
-4910
-4383
-3843
-3317
-2754
-2118
-1470
-886
-384
114
667
1271
1865
2357
2704
2914
3051
3207
3419
3666
3870
3962
3904
3736
3575
3560
3682
3785
3720
3493
3241
3092
3023
2913
2720
2504
2347
2215
2023
1731
1392
1127
943
776
588
362
169
56
-19
-127
-300
-474
-530
-433
-311
-286
-372
-484
-490
-393
-263
-148
-115
-143
-156
-126
-36
63
92
29
-137
-340
-471
-477
-348
-250
-429
-862
-1317
-1555
-1519
-1462
-1566
-1824
-2109
-2312
-2507
-2729
-2880
-2935
-2926
-2960
-3054
-3033
-2841
-2623
-2590
-2740
-2755
-2362
-1680
-1083
-825
-810
-743
-472
-60
398
873
1313
1602
1671
1679
1820
2118
2430
2561
2527
2458
2408
2430
2503
2573
2559
2338
1964
1666
1664
1877
1990
1802
1421
1159
1105
1134
1070
904
767
658
541
416
333
276
80
-258
-544
-602
-492
-483
-686
-927
-1002
-941
-913
-962
-915
-682
-427
-313
-340
-312
-125
199
580
893
1037
947
758
772
1089
1496
1633
1382
978
750
762
800
641
234
-194
-439
-522
-649
-1022
-1581
-2109
-2434
-2556
-2611
-2721
-2955
-3300
-3640
-3783
-3668
-3467
-3363
-3389
-3377
-3238
-3050
-2857
-2590
-2157
-1658
-1290
-1088
-900
-585
-139
368
884
1389
1789
1944
1930
2015
2407
2989
3410
3443
3191
2994
3041
3237
3353
3213
2897
2587
2428
2440
2480
2379
2024
1513
1088
961
1113
1227
1019
540
134
57
207
245
26
-273
-396
-309
-202
-202
-270
-296
-266
-210
-139
-31
71
112
162
340
626
783
653
384
300
543
862
916
666
331
113
15
-71
-200
-368
-578
-856
-1155
-1407
-1625
-1901
-2281
-2634
-2789
-2792
-2888
-3227
-3670
-3933
-3898
-3709
-3593
-3645
-3769
-3812
-3653
-3297
-2871
-2517
-2278
-2061
-1716
-1210
-647
-195
96
410
899
1521
2050
2303
2344
2401
2676
3119
3520
3685
3585
3366
3224
3231
3299
3269
3063
2777
2536
2389
2245
1965
1560
1152
882
807
786
643
306
-120
-442
-542
-464
-372
-377
-452
-496
-458
-364
-271
-179
-25
212
484
671
730
735
757
860
1020
1172
1270
1269
1182
1058
980
954
907
826
702
569
404
159
-93
-292
-446
-641
-949
-1301
-1604
-1846
-2103
-2410
-2713
-2965
-3175
-3434
-3718
-3909
-3991
-4017
-4089
-4210
-4269
-4212
-4079
-3934
-3752
-3490
-3143
-2774
-2412
-2033
-1613
-1147
-662
-124
498
1130
1652
2022
2345
2756
3243
3661
3928
4125
4353
4583
4728
4741
4685
4661
4660
4618
4488
4287
4050
3779
3480
3148
2774
2344
1872
1427
1075
767
407
-43
-508
-863
-1092
-1239
-1397
-1588
-1769
-1918
-2015
-2066
-2115
-2160
-2183
-2172
-2114
-2053
-2003
-1987
-1990
-1952
-1862
-1708
-1530
-1381
-1258
-1144
-996
-825
-653
-500
-379
-250
-95
81
230
275
219
140
144
246
342
321
159
-64
-200
-221
-183
-156
-236
-401
-568
-635
-601
-571
-614
-706
-755
-720
-654
-621
-635
-651
-606
-524
-445
-365
-295
-224
-152
-74
18
93
123
132
188
305
406
445
451
494
625
777
880
928
960
1053
1221
1408
1584
1724
1828
1925
1995
2070
2180
2310
2405
2413
2355
2277
2213
2138
2010
1827
1627
1447
1263
1050
803
496
139
-228
-541
-736
-872
-1074
-1399
-1778
-2067
-2179
-2190
-2212
-2302
-2433
-2514
-2505
-2408
-2281
-2184
-2120
-2074
-2001
-1848
-1648
-1459
-1319
-1218
-1102
-930
-735
-550
-398
-287
-187
-93
10
115
204
259
265
244
226
219
202
174
153
138
135
132
122
133
167
234
320
400
473
549
643
727
771
783
779
766
743
703
664
616
554
470
388
344
347
364
363
364
390
466
571
665
728
777
831
900
986
1056
1104
1115
1092
1039
961
898
839
785
726
642
546
423
275
115
-32
-180
-327
-461
-597
-680
-728
-773
-867
-1030
-1195
-1316
-1309
-1201
-1031
-875
-797
-806
-892
-927
-884
-789
-685
-671
-694
-752
-821
-889
-1040
-1196
-1360
-1456
-1443
-1336
-1142
-993
-902
-873
-853
-745
-549
-254
74
382
649
825
928
974
1031
1138
1291
1487
1689
1878
1992
2017
1965
1886
1844
1835
1866
1922
1969
1966
1857
1634
1346
1070
851
710
617
510
356
125
-165
-464
-735
-937
-1078
-1164
-1195
-1208
-1266
-1420
-1626
-1775
-1799
-1719
-1599
-1486
-1385
-1298
-1225
-1159
-1076
-972
-877
-771
-618
-425
-267
-240
-315
-374
-333
-216
-98
-17
19
63
141
249
369
465
512
526
568
666
768
792
695
533
430
424
425
345
162
-58
-241
-358
-419
-469
-547
-657
-765
-809
-785
-737
-722
-755
-757
-663
-490
-308
-185
-99
2
153
338
540
733
872
970
1051
1161
1312
1443
1517
1557
1613
1727
1831
1859
1810
1730
1673
1636
1593
1501
1344
1148
955
799
663
511
310
96
-56
-139
-191
-249
-338
-423
-475
-515
-551
-575
-596
-622
-643
-674
-738
-850
-991
-1134
-1258
-1371
-1486
-1610
-1754
-1882
-1977
-2047
-2091
-2113
-2105
-2053
-1968
-1862
-1740
-1610
-1471
-1308
-1139
-976
-837
-746
-662
-580
-477
-343
-229
-139
-86
-38
48
180
354
524
662
766
858
979
1138
1309
1450
1520
1524
1508
1503
1518
1540
1521
1441
1326
1239
1221
1260
1313
1331
1293
1226
1172
1173
1234
1306
1333
1287
1180
1071
987
918
863
783
657
491
315
178
89
22
-77
-216
-355
-460
-501
-506
-497
-494
-526
-569
-595
-590
-563
-531
-514
-545
-604
-658
-711
-745
-780
-832
-910
-1016
-1091
-1120
-1112
-1104
-1134
-1190
-1239
-1246
-1214
-1170
-1132
-1121
-1138
-1179
-1208
-1205
-1176
-1137
-1116
-1125
-1149
-1148
-1098
-1004
-884
-767
-669
-586
-483
-334
-147
37
192
314
439
598
771
953
1115
1234
1328
1413
1501
1618
1755
1878
1953
1976
1967
1955
1957
1978
1993
1994
1982
1948
1889
1805
1691
1563
1439
1317
1202
1095
974
815
618
372
122
-106
-278
-383
-461
-568
-728
-950
-1183
-1345
-1400
-1377
-1333
-1320
-1360
-1422
-1467
-1465
-1418
-1345
-1247
-1130
-1007
-897
-847
-841
-846
-820
-735
-607
-467
-360
-318
-323
-379
-445
-475
-444
-357
-256
-217
-263
-361
-451
-483
-484
-489
-503
-497
-424
-301
-229
-290
-452
-587
-567
-362
-118
-4
-62
-194
-227
-110
70
178
166
133
198
400
636
761
728
627
627
796
1045
1225
1260
1209
1178
1225
1315
1365
1368
1374
1425
1527
1589
1541
1396
1241
1163
1176
1211
1195
1128
1030
916
773
573
340
145
47
49
69
11
-172
-453
-731
-920
-1001
-990
-949
-907
-904
-963
-1066
-1188
-1300
-1354
-1331
-1225
-1073
-929
-839
-855
-971
-1131
-1235
-1213
-1055
-820
-595
-458
-439
-504
-626
-733
-769
-698
-517
-280
-68
6
-97
-327
-576
-730
-738
-618
-460
-340
-297
-349
-476
-637
-761
-783
-687
-483
-242
-35
96
132
118
113
176
336
575
862
1135
1345
1460
1462
1397
1348
1383
1537
1759
1954
2059
2032
1899
1716
1547
1454
1447
1493
1531
1493
1350
1123
876
667
535
467
407
321
196
51
-89
-218
-330
-429
-510
-557
-580
-584
-597
-615
-626
-626
-604
-601
-622
-657
-686
-677
-637
-612
-624
-687
-789
-903
-1007
-1092
-1139
-1156
-1151
-1168
-1254
-1396
-1551
-1661
-1685
-1635
-1552
-1492
-1479
-1508
-1545
-1554
-1507
-1387
-1214
-1023
-847
-699
-556
-412
-259
-84
127
361
583
776
923
1057
1206
1376
1563
1701
1772
1789
1777
1789
1847
1941
2033
2073
2034
1928
1795
1672
1591
1552
1537
1518
1446
1288
1073
837
638
509
421
340
224
47
-178
-416
-611
-733
-789
-809
-841
-919
-1027
-1148
-1249
-1295
-1271
-1182
-1076
-992
-962
-975
-986
-974
-910
-786
-623
-452
-314
-220
-169
-144
-100
-30
87
224
349
449
489
474
422
364
328
302
290
265
226
147
32
-92
-225
-342
-445
-536
-599
-640
-672
-716
-777
-836
-875
-870
-814
-735
-669
-618
-585
-563
-528
-468
-383
-274
-150
-28
67
117
154
198
267
387
520
649
747
810
859
888
907
927
953
987
1029
1060
1053
1007
928
837
760
697
653
621
585
549
497
418
304
179
74
17
27
72
114
120
74
-10
-101
-161
-171
-126
-48
17
49
21
-52
-136
-218
-255
-249
-212
-169
-153
-171
-227
-309
-400
-468
-491
-470
-431
-411
-430
-522
-664
-804
-915
-951
-924
-870
-828
-860
-954
-1080
-1180
-1203
-1140
-1005
-848
-724
-663
-670
-686
-668
-573
-378
-129
121
320
431
479
510
577
712
899
1103
1263
1341
1317
1231
1147
1107
1131
1186
1220
1194
1092
917
727
562
465
447
463
475
451
373
249
127
40
16
46
102
150
166
147
81
-10
-106
-185
-240
-263
-263
-266
-285
-332
-403
-496
-601
-679
-707
-676
-593
-495
-412
-371
-387
-433
-458
-427
-334
-201
-74
0
6
-57
-148
-214
-224
-160
-66
19
44
2
-82
-163
-196
-157
-62
48
126
137
87
5
-65
-92
-53
42
144
201
181
103
-3
-98
-139
-107
-25
67
129
138
89
26
-22
-33
18
109
210
298
343
338
295
237
193
185
202
230
255
252
219
155
75
6
-51
-95
-123
-156
-189
-214
-250
-289
-315
-349
-368
-382
-399
-395
-378
-346
-302
-271
-261
-254
-249
-235
-201
-145
-71
-1
43
71
87
99
125
165
215
283
354
415
440
425
401
377
369
387
427
458
471
448
377
279
189
126
92
81
64
23
-56
-162
-262
-337
-368
-361
-329
-312
-305
-306
-313
-299
-257
-190
-108
-36
23
65
92
136
187
248
304
336
341
320
288
259
237
223
205
170
114
50
-6
-44
-63
-64
-60
-63
-72
-85
-90
-76
-55
-24
1
7
-9
-47
-89
-128
-153
-174
-204
-249
-312
-389
-457
-514
-544
-542
-518
-488
-461
-428
-398
-359
-314
-257
-189
-124
-60
-6
41
79
99
113
117
128
145
153
161
156
153
153
153
159
147
143
135
129
135
139
153
158
153
151
152
158
156
154
167
178
178
175
163
152
144
153
187
229
267
292
317
337
365
395
423
455
485
509
520
514
493
475
450
421
390
346
308
265
209
146
79
9
-50
-107
-165
-218
-267
-312
-357
-407
-444
-476
-523
-557
-588
-610
-615
-620
-617
-620
-620
-607
-590
-567
-535
-514
-487
-456
-425
-391
-365
-334
-294
-253
-215
-173
-141
-106
-69
-40
-7
18
44
64
75
81
75
66
45
19
-6
-31
-55
-87
-112
-129
-150
-164
-175
-182
-175
-163
-141
-113
-80
-35
17
70
130
193
264
336
409
494
577
661
739
805
882
951
1003
1054
1089
1126
1163
1171
1174
1164
1149
1138
1092
1026
953
877
806
721
620
508
398
286
163
38
-97
-229
-355
-498
-628
-751
-865
-973
-1074
-1161
-1235
-1301
-1354
-1398
-1431
-1440
-1440
-1425
-1394
-1346
-1285
-1209
-1128
-1043
-947
-840
-723
-602
-476
-350
-219
-95
15
126
228
323
405
470
535
589
627
663
684
699
705
697
687
677
654
621
582
536
488
429
365
290
218
143
60
-10
-79
-148
-213
-277
-328
-365
-394
-408
-415
-400
-373
-336
-278
-219
-151
-81
-6
72
146
226
297
372
448
511
578
624
660
694
721
745
756
753
740
714
671
634
582
522
454
381
317
247
174
98
16
-62
-139
-215
-286
-346
-405
-463
-515
-568
-614
-647
-676
-701
-721
-738
-747
-749
-756
-757
-754
-744
-724
-720
-708
-687
-667
-615
-575
-529
-474
-423
-346
-279
-205
-119
-38
54
129
206
278
341
408
453
508
553
583
609
606
605
598
581
568
543
520
498
469
442
411
376
347
322
288
258
224
190
165
138
119
92
65
50
42
39
28
23
20
19
24
22
18
18
20
29
40
48
54
46
41
37
27
23
6
-5
-19
-37
-49
-73
-88
-110
-128
-143
-172
-189
-211
-234
-246
-269
-290
-320
-347
-375
-421
-454
-478
-495
-507
-540
-581
-607
-630
-644
-645
-648
-632
-602
-579
-556
-541
-523
-488
-443
-391
-333
-281
-227
-176
-139
-100
-47
7
75
146
216
297
367
429
491
556
634
718
795
868
933
988
1040
1076
1092
1107
1125
1107
1092
1082
1055
1022
957
882
819
743
670
592
502
422
342
264
179
95
9
-80
-151
-215
-268
-317
-368
-409
-449
-475
-490
-505
-517
-527
-534
-531
-523
-532
-533
-535
-531
-515
-517
-517
-526
-528
-510
-500
-481
-455
-423
-375
-328
-286
-242
-193
-146
-93
-45
-1
57
105
149
190
211
226
224
212
202
191
182
169
147
115
72
26
-29
-84
-128
-171
-206
-236
-262
-273
-285
-302
-313
-319
-307
-284
-246
-196
-140
-89
-42
6
49
96
153
210
267
318
367
413
442
463
473
479
482
484
484
476
470
454
424
387
341
296
242
197
158
130
124
112
102
85
66
43
27
21
15
23
26
33
36
30
8
-35
-80
-124
-161
-185
-206
-218
-239
-262
-300
-346
-386
-421
-431
-414
-385
-337
-294
-264
-241
-224
-195
-152
-93
-29
42
102
125
121
86
31
-14
-61
-86
-102
-117
-132
-176
-214
-257
-302
-322
-337
-319
-275
-233
-183
-159
-139
-120
-105
-81
-65
-50
-36
-25
-14
-1
23
39
57
74
98
142
191
246
305
359
424
502
577
638
701
752
810
866
891
913
913
927
944
912
880
816
759
715
629
542
446
350
262
152
41
-73
-186
-300
-417
-516
-604
-671
-727
-795
-838
-866
-886
-894
-906
-887
-853
-822
-774
-749
-726
-680
-640
-603
-576
-569
-549
-530
-511
-490
-476
-458
-436
-413
-391
-364
-329
-291
-253
-212
-169
-127
-93
-58
-19
12
41
74
105
134
166
201
245
292
339
389
435
470
510
547
575
590
592
596
596
585
577
550
518
493
462
440
408
367
331
298
269
238
203
166
130
91
53
10
-35
-78
-123
-165
-211
-247
-286
-323
-358
-386
-390
-395
-401
-395
-390
-366
-329
-300
-272
-247
-211
-163
-116
-69
-19
33
79
116
148
172
197
210
221
227
223
217
202
173
154
132
102
83
54
36
22
3
-1
-9
-15
-14
-16
-17
-21
-27
-37
-49
-61
-77
-93
-113
-127
-142
-162
-185
-200
-211
-218
-217
-216
-202
-190
-176
-160
-136
-104
-74
-51
-25
7
32
57
86
108
127
142
159
176
185
201
209
208
208
203
196
185
177
172
160
145
128
112
99
84
69
53
26
3
-10
-23
-41
-62
-78
-97
-112
-129
-147
-160
-181
-191
-197
-202
-195
-193
-182
-166
-153
-135
-119
-95
-71
-53
-33
-17
2
20
33
48
57
68
81
93
103
107
108
116
121
123
126
126
120
111
100
80
60
40
22
4
-20
-43
-63
-78
-90
-94
-90
-85
-82
-74
-62
-50
-39
-23
-8
11
40
67
91
115
137
157
192
212
227
247
259
267
266
263
250
225
205
172
140
101
56
15
-23
-52
-80
-99
-112
-120
-123
-116
-110
-109
-107
-107
-107
-106
-117
-126
-141
-165
-189
-231
-268
-305
-343
-370
-404
-426
-444
-460
-457
-447
-425
-390
-351
-302
-247
-187
-123
-55
12
77
142
196
248
289
320
339
342
343
334
322
310
291
279
256
241
228
210
201
187
186
182
187
199
201
209
206
200
191
178
166
149
135
119
101
84
61
39
13
-9
-27
-45
-58
-73
-84
-103
-122
-136
-146
-153
-163
-163
-169
-170
-166
-167
-157
-155
-152
-147
-148
-146
-152
-156
-153
-148
-147
-144
-137
-132
-125
-114
-97
-84
-65
-49
-33
-9
10
37
59
70
91
103
121
128
127
136
131
137
136
128
124
115
113
106
95
89
84
79
67
55
48
38
30
18
7
-4
-18
-29
-45
-61
-67
-74
-77
-79
-85
-80
-73
-69
-62
-58
-48
-37
-32
-24
-7
10
25
43
55
74
87
90
98
101
101
104
101
93
81
70
61
48
33
22
12
-4
-22
-43
-62
-80
-98
-108
-116
-123
-131
-133
-138
-138
-132
-133
-128
-129
-125
-111
-109
-99
-95
-84
-68
-60
-55
-60
-49
-43
-41
-25
-22
-1
16
22
42
44
62
78
82
99
101
114
123
120
133
131
139
145
140
147
130
127
129
116
116
96
82
73
45
39
24
10
11
-12
-19
-25
-44
-37
-52
-52
-46
-60
-44
-48
-40
-19
-28
-4
0
12
41
36
68
77
84
105
87
105
96
79
86
59
66
51
20
32
0
-5
-7
-32
-15
-39
-44
-46
-81
-78
-108
-128
-148
-190
-189
-219
-238
-260
-309
-321
-357
-372
-377
-414
-402
-399
-391
-360
-359
-327
-308
-279
-236
-216
-159
-130
-73
-43
-19
42
47
109
120
153
208
206
265
248
281
309
321
381
361
420
421
457
506
479
557
522
573
586
549
589
511
531
463
435
430
346
363
250
230
174
90
97
-12
2
-64
-107
-109
-192
-158
-218
-212
-214
-258
-214
-265
-234
-251
-259
-217
-255
-210
-225
-214
-183
-193
-152
-161
-138
-125
-119
-90
-105
-82
-71
-61
-38
-50
-34
-37
-46
-42
-56
-46
-48
-45
-32
-45
-37
-49
-59
-57
-69
-63
-74
-72
-59
-60
-38
-40
-32
-28
-35
-23
-22
-1
16
34
58
64
81
80
76
71
61
64
55
48
44
26
8
-8
-25
-33
-39
-40
-32
-29
-20
-9
-1
8
21
36
50
65
71
77
82
81
83
73
68
70
64
60
52
48
41
34
34
23
20
26
25
35
35
44
49
39
46
35
28
29
19
24
14
12
7
-8
-17
-37
-44
-50
-55
-56
-68
-67
-71
-74
-71
-73
-73
-71
-66
-55
-43
-39
-39
-32
-29
-29
-29
-30
-32
-34
-36
-37
-32
-35
-32
-35
-41
-36
-32
-24
-21
-22
-15
-16
-13
-12
-17
-19
-23
-26
-25
-24
-22
-15
-9
-1
1
3
8
18
30
35
51
70
93
111
116
124
122
123
126
122
120
112
110
107
99
87
79
78
79
83
85
89
86
89
86
78
76
61
56
47
34
17
-2
-21
-46
-69
-91
-112
-128
-156
-174
-187
-209
-220
-238
-259
-269
-282
-283
-281
-276
-258
-238
-213
-193
-178
-159
-133
-98
-61
-28
0
29
54
78
92
97
102
101
105
113
120
125
124
123
123
117
113
114
112
118
128
136
141
141
140
141
137
130
123
113
111
108
106
98
90
86
76
72
64
64
66
60
63
63
60
51
44
39
28
15
8
-1
-16
-29
-43
-59
-78
-95
-117
-138
-158
-173
-179
-183
-185
-189
-191
-198
-192
-187
-182
-174
-170
-154
-138
-124
-103
-89
-81
-69
-61
-51
-37
-22
-14
-9
-3
8
14
22
34
49
71
90
104
122
135
144
147
150
153
150
145
138
125
112
101
87
74
61
55
48
40
28
24
26
25
31
37
35
29
18
7
-15
-39
-55
-67
-76
-82
-95
-107
-116
-128
-132
-121
-107
-88
-58
-36
-16
2
15
35
52
80
118
152
181
199
208
202
186
168
151
148
140
131
123
105
84
56
29
14
-3
-8
-10
-13
-16
-30
-52
-84
-116
-150
-182
-213
-239
-263
-292
-312
-334
-349
-349
-341
-321
-285
-243
-195
-147
-106
-72
-42
-18
2
20
31
38
44
50
53
58
64
72
85
92
101
111
130
156
174
192
200
206
210
202
200
192
177
165
148
130
115
101
84
67
50
34
22
11
3
1
-6
-12
-20
-23
-26
-34
-39
-49
-48
-49
-53
-50
-52
-54
-62
-65
-64
-65
-61
-65
-66
-69
-68
-58
-57
-55
-51
-40
-27
-21
-14
-5
1
9
18
33
41
51
59
65
67
62
55
44
34
24
13
5
-9
-23
-37
-50
-64
-77
-87
-99
-102
-106
-107
-104
-104
-104
-100
-93
-80
-68
-58
-42
-30
-24
-12
-5
8
21
29
43
51
55
59
61
64
64
65
64
64
61
64
67
66
68
66
65
63
60
58
53
51
48
48
49
47
48
51
50
50
48
48
52
49
45
46
46
38
34
28
20
14
6
2
-3
-15
-26
-38
-47
-54
-61
-67
-75
-83
-94
-103
-110
-116
-115
-119
-122
-116
-122
-125
-129
-132
-123
-113
-102
-89
-76
-64
-58
-54
-49
-46
-32
-23
-13
2
5
15
21
31
43
45
53
59
65
73
74
78
76
75
68
58
56
51
51
50
46
48
44
47
56
57
59
66
76
84
92
97
96
100
102
99
102
105
102
98
93
86
85
84
76
71
64
60
54
43
40
33
22
13
0
-7
-17
-31
-39
-50
-70
-85
-102
-120
-136
-149
-152
-150
-154
-157
-156
-158
-152
-146
-148
-144
-142
-135
-127
-127
-124
-124
-124
-120
-116
-111
-108
-103
-93
-89
-82
-74
-64
-46
-34
-21
-4
14
32
42
56
70
86
101
115
125
133
137
140
146
146
148
158
161
157
153
144
131
128
136
141
142
144
133
128
116
96
89
75
56
43
29
21
28
27
20
8
-6
-11
-9
-19
-27
-32
-46
-57
-56
-50
-38
-35
-34
-30
-33
-31
-37
-46
-50
-55
-51
-43
-32
-26
-28
-34
-43
-51
-56
-59
-66
-73
-81
-93
-105
-118
-138
-156
-175
-187
-180
-170
-168
-176
-188
-194
-189
-169
-143
-109
-74
-53
-43
-35
-22
1
28
64
107
137
144
143
139
149
168
188
204
194
158
109
68
73
125
217
300
320
280
193
107
56
54
94
134
145
126
92
60
46
48
54
37
-19
-88
-153
-180
-164
-122
-83
-74
-78
-89
-90
-82
-76
-65
-63
-74
-78
-73
-63
-47
-34
-35
-54
-70
-80
-77
-61
-50
-38
-22
-10
13
42
62
67
62
51
43
40
40
43
41
39
29
18
9
-6
-21
-35
-38
-38
-41
-40
-36
-25
-11
-3
-1
-5
-17
-27
-34
-35
-32
-26
-21
-18
-16
-22
-29
-34
-38
-33
-26
-19
-18
-17
-16
-17
-17
-8
0
6
15
30
45
61
77
91
95
84
69
58
54
62
71
81
82
69
53
42
32
28
31
28
28
24
17
16
15
17
17
7
-10
-25
-32
-31
-28
-25
-32
-43
-51
-57
-56
-54
-50
-52
-55
-59
-69
-77
-81
-80
-75
-72
-68
-66
-63
-59
-55
-49
-40
