-213
-179
-71
19
79
51
-46
-156
-272
-298
-250
-144
5
91
122
72
-23
-96
-173
-186
-147
-69
34
106
140
93
-13
-110
-197
-209
-142
-31
91
147
154
92
-13
-87
-122
-82
-1
72
126
105
70
30
-8
-7
-38
-68
-113
-160
-137
-90
9
114
174
204
159
84
11
-68
-102
-99
-71
26
121
214
282
240
164
35
-93
-133
-126
-14
116
201
275
258
226
189
114
77
26
4
51
97
187
247
228
181
51
-69
-166
-243
-222
-203
-145
-92
-103
-91
-151
-195
-227
-307
-305
-307
-246
-125
-66
8
11
-25
-34
-78
-55
-30
-14
29
-1
-1
-3
-17
19
5
27
36
18
43
25
46
59
54
99
113
164
194
182
185
125
82
40
-16
-3
-19
-9
-5
-40
-35
-60
-39
-3
13
58
46
37
-2
-71
-104
-143
-125
-101
-83
-53
-68
-81
-95
-91
-53
-19
23
42
30
5
-61
-102
-133
-145
-86
-31
60
145
201
266
266
268
265
258
300
311
325
311
248
198
118
48
-13
-75
-79
-70
-20
52
86
113
82
14
-80
-203
-296
-385
-419
-415
-424
-413
-444
-479
-475
-466
-395
-308
-212
-109
-52
17
35
17
26
-9
4
23
58
153
213
307
358
341
326
215
105
-3
-129
-155
-182
-135
-31
35
147
165
134
113
34
38
54
94
188
212
241
216
134
83
5
-15
-12
-11
42
54
75
83
72
92
82
89
93
61
49
25
21
40
44
56
38
3
-18
-39
-46
-64
-89
-112
-153
-178
-203
-240
-250
-245
-193
-132
-107
-90
-106
-96
-54
-12
49
74
72
67
37
18
4
-22
-30
-45
-45
-31
-47
-56
-85
-93
-53
-13
26
15
-12
-36
-53
-14
19
43
69
84
128
169
197
204
139
83
22
-19
-21
-49
-24
1
37
113
126
132
90
26
16
-10
21
34
11
-13
-81
-80
-69
-59
-34
-42
1
30
28
32
-6
-1
-1
-15
17
13
33
33
-9
-15
-34
-27
-6
6
46
55
44
15
-41
-52
-61
-68
-71
-95
-98
-104
-92
-71
-61
-35
-19
9
46
72
106
109
97
76
27
1
-14
-26
-30
-47
-53
-46
-49
-46
-49
-34
13
53
94
102
91
65
14
-11
-18
-4
19
19
38
47
38
19
-12
-24
-31
-39
-43
-40
-18
2
2
-10
-27
-32
-29
-30
-4
33
52
45
20
9
10
21
21
1
-8
-34
-55
-48
-25
6
9
4
8
4
0
-1
13
25
23
15
-6
-9
-20
-25
-15
-16
8
19
24
35
24
31
19
-2
1
-15
-29
-56
-68
-33
-27
-12
-1
-3
14
11
32
50
44
63
57
40
28
14
23
-9
-40
-48
-69
-59
-36
26
84
70
34
-1
-33
-70
-113
-77
-2
36
41
27
44
38
-11
-22
-15
19
65
92
124
119
105
108
73
10
-49
-69
-56
-71
-73
-34
-3
7
-19
-18
-7
-34
-57
-84
-84
-69
-77
-48
-33
-72
-126
-211
-233
-226
-218
-143
-74
8
59
38
31
1
7
49
39
62
95
136
188
154
138
131
100
91
51
63
79
66
90
75
78
98
86
93
51
7
-4
-12
36
56
69
85
39
-9
-70
-103
-82
-84
-78
-58
-64
-72
-84
-66
-30
-34
-51
-48
-40
-38
-30
11
82
121
107
75
36
7
-11
-4
60
111
108
62
9
-49
-111
-155
-140
-82
-68
-62
-35
-21
-35
-96
-99
-74
-88
-60
-42
-4
0
-59
-64
-87
-128
-153
-176
-142
-117
-93
7
69
85
105
104
74
6
-2
42
47
71
119
165
172
151
128
89
47
6
-20
-11
24
72
101
107
108
104
122
125
65
47
74
102
117
129
178
167
110
47
-10
-55
-130
-152
-138
-121
-113
-122
-71
-78
-98
-100
-131
-124
-185
-171
-63
-78
-51
-34
-41
-5
-39
-43
-83
-114
-30
-49
-64
1
8
-7
-41
-48
-18
-46
-82
-24
49
54
74
74
79
91
56
71
56
41
86
68
66
45
-6
47
36
19
54
-23
-25
26
-9
-20
-44
-18
16
6
54
28
25
75
34
44
45
9
3
-14
3
-10
-5
13
-20
16
31
18
41
44
59
35
-13
6
0
-5
44
51
36
14
-8
-34
-70
-82
-91
-74
-35
-35
-30
-20
-33
-32
2
36
37
49
55
30
-8
-46
-74
-67
-20
9
-25
-76
-77
-34
-30
-38
-36
-15
18
-59
-112
-91
-61
-28
-25
39
47
-46
-23
-19
0
85
57
57
92
51
49
19
-33
-59
-121
-78
-31
-43
-3
-15
11
122
110
121
195
138
121
128
98
112
92
148
105
-19
112
80
-95
-19
64
84
55
65
100
-48
-88
24
-29
-64
58
49
-81
-133
-15
119
-30
-95
113
209
154
100
181
264
145
66
56
-93
-290
-324
-299
-391
-344
-164
-129
-187
-157
-44
-127
-251
-187
-161
-159
-121
-65
-17
-123
-263
-211
-72
-144
-185
2
167
194
31
78
217
67
75
182
62
-90
126
319
17
-121
125
265
120
72
150
-29
151
297
-77
-59
-25
50
194
54
212
77
35
216
-148
-2
5
-146
265
110
93
40
-92
278
-152
-247
9
-118
255
-86
-183
413
84
-23
125
191
253
-132
111
237
-414
-210
249
167
175
173
127
-5
-428
-558
-267
-270
-185
14
-215
-133
-175
-387
-185
-360
44
313
-384
79
327
-216
-273
-408
219
226
-456
372
508
-103
19
-207
-210
-261
-660
-55
47
-331
195
137
98
148
-364
163
-13
-350
556
98
165
854
393
406
53
259
694
-396
-47
463
-68
1
-153
240
216
-413
286
234
-341
70
100
-53
-153
219
546
-85
112
619
-10
-328
67
172
-155
82
479
206
218
118
-104
-212
-340
-137
-373
-363
-63
-188
-137
-649
-394
240
-551
-427
236
46
-407
-465
92
-287
-671
-209
-166
-53
-374
-332
114
-373
-372
-320
-303
-24
-391
50
330
-362
49
534
236
-237
82
782
-26
-444
535
557
21
185
790
682
13
275
614
321
6
355
805
418
351
489
371
148
101
553
-66
-312
412
41
0
128
-77
148
-49
109
-175
-622
16
-230
-321
46
-199
44
-175
-380
-221
-460
-39
-328
-542
312
178
-404
-750
-208
170
-741
-490
239
-81
-413
-346
-75
-198
-431
-142
183
-56
-103
-109
-282
116
-5
-323
59
447
21
-484
28
250
-277
116
906
407
-161
484
624
-185
-390
250
649
359
438
646
351
61
10
-154
-192
-14
-143
63
312
12
-155
-195
120
174
-225
182
427
431
625
38
119
304
-218
-232
-72
-115
-431
-319
134
-361
-902
-170
101
-355
-125
-121
-157
389
-231
-192
293
127
-72
-439
507
82
-980
135
97
-308
-384
-534
380
-493
-776
-146
-339
-151
-487
116
412
-549
489
481
-435
237
435
474
45
221
994
53
-153
448
-28
362
174
168
803
205
186
234
173
628
104
230
724
-55
-201
-221
-262
-513
-536
88
106
-25
-412
-146
289
-477
-438
155
232
147
-203
527
86
-267
56
-539
-248
345
-440
-538
323
499
-214
-485
120
506
-11
-668
-92
637
208
-604
131
487
-426
-512
397
-235
-829
101
267
-537
-419
144
361
-398
-429
296
-131
-289
-70
345
91
-344
628
353
-512
-768
-304
495
-381
-319
571
169
-239
-365
-41
-49
-488
533
560
133
164
120
430
-295
-560
540
655
-324
-75
610
-79
-776
112
705
-581
-593
747
69
-548
-82
934
620
-452
1023
1418
75
206
962
956
-40
496
1100
-163
313
375
-117
214
4
-155
-55
-167
-28
-246
-184
-126
-553
-219
-147
-655
-984
-41
-368
-617
-182
-185
-697
-507
-116
-294
-690
-497
210
-156
-690
-241
152
-316
-431
-440
388
-434
-387
327
-143
-156
-497
265
594
-1314
120
869
-172
214
-79
708
-328
-343
660
-460
183
938
-321
-116
144
550
-300
-404
1148
-83
-642
583
490
-539
-273
476
652
-666
229
657
-560
21
586
454
-192
156
992
262
86
386
-89
403
1004
734
-378
235
1533
25
-557
547
588
-409
-214
1040
7
-202
77
389
268
-1031
20
-278
-656
243
-651
-339
-559
-809
536
-1370
-847
184
-1067
-614
-927
446
-253
-1386
786
-185
-1260
56
-75
-154
-1081
283
1184
-694
586
297
-234
140
-563
492
275
-283
468
129
1550
295
-925
1722
-190
-874
339
287
605
-591
446
681
-246
651
-596
-818
267
-117
-241
-860
641
694
-1025
377
301
-432
-547
4
585
-916
-18
1115
-109
31
194
61
-320
-32
-43
81
1062
565
-543
-277
803
528
-743
-122
1247
419
-287
186
1088
222
-1105
-56
1018
176
-599
311
1048
-342
-1065
199
349
-476
-278
98
93
-301
-396
-120
-716
74
2
-575
162
-355
-313
-690
3
-21
-1079
69
-137
-148
-435
-620
576
-722
-379
421
-267
461
-273
-21
461
-354
67
113
699
381
-377
272
80
737
132
-298
597
136
338
-231
693
576
-1329
128
1044
115
-657
255
681
-655
-585
124
523
-120
-351
546
-125
-87
-70
-310
26
-346
278
780
192
235
-229
-15
-397
-529
155
291
739
177
157
-83
419
-33
-1263
118
572
-452
89
493
395
-717
-257
245
-647
-232
311
-277
-55
155
-196
468
-56
-558
-767
-130
-179
173
-147
410
385
-773
-350
-623
108
-446
-627
-37
232
436
-284
-352
-51
-38
-480
345
687
518
141
-138
1
-136
232
780
670
781
1179
220
-248
-4
303
727
676
239
530
748
-472
-334
826
484
-468
-592
1143
-45
-1155
-301
-295
109
-615
-1000
-995
-712
22
-266
-563
-898
-4
140
-1381
-548
102
-504
-193
-15
407
76
-305
652
-409
-574
574
451
35
-418
470
332
-624
-320
-215
-313
114
1077
-33
-230
225
19
-196
-429
429
920
649
372
1332
153
179
393
931
604
22
1083
1182
-197
173
1310
-13
97
-38
115
286
232
-432
-362
-184
96
-107
-898
-49
-1156
-794
155
-585
-272
-704
-695
-7
-1359
-772
-341
251
-121
-1230
379
-452
-1019
-339
-72
-183
-75
418
204
-1380
947
240
-527
158
6
690
-42
-12
647
-179
60
713
322
89
112
696
153
-31
-196
451
314
73
451
202
-23
881
-426
-48
-90
323
877
-862
600
1089
-364
-738
-92
934
-1054
-934
1698
447
-562
-19
1053
-185
-1303
366
698
-438
369
-97
423
-467
251
775
-824
334
-296
-249
696
156
-41
-326
-107
503
-619
-850
-255
76
34
-1158
-324
1188
-553
-880
-350
460
-787
-738
-230
87
-74
-1162
575
1060
-692
-445
-190
280
72
-314
192
92
-153
171
-7
104
82
288
744
-188
93
-275
246
-232
567
-603
90
1475
-377
-1188
731
678
-492
-19
687
624
-435
-87
471
-133
-537
-1
-16
935
-618
-595
632
191
-279
-742
669
1077
-431
-293
-44
646
406
-650
364
357
141
-875
178
2125
-1040
-400
1287
697
-739
-631
1340
350
-786
281
-104
174
-660
-504
-33
-750
-433
246
530
-756
-225
229
-772
-662
328
589
-357
-867
-49
-404
-291
39
115
-524
569
335
-948
-131
439
59
-235
-479
610
4
67
530
-842
344
322
-273
-285
145
160
610
-9
-429
433
272
-199
-921
495
-247
-1203
436
710
-195
233
281
471
-757
18
953
-1297
-176
1511
268
-810
-88
1758
-212
-1322
1367
-247
-183
641
-163
52
-245
569
-522
-491
1727
626
-738
531
737
-753
-712
125
780
-85
-216
1175
449
-1119
63
614
36
-1019
282
672
14
-217
-774
840
387
-931
-451
53
-38
-779
-1161
694
-254
-364
-368
181
896
-1386
-1318
921
840
-1593
-1551
105
1068
-327
-845
796
45
-643
884
-938
-641
-28
18
646
-1364
-178
397
279
941
304
-457
2
-412
-634
-179
47
715
1285
282
506
637
-745
28
124
643
224
162
1202
-52
-727
569
1185
-541
-483
1705
826
-336
-441
1100
493
-1601
877
1226
-1505
-629
1882
878
-1930
-535
2006
-506
-1738
350
525
-515
-579
-29
-536
-217
-495
42
589
-118
-480
-695
535
-88
-667
52
-898
-807
155
-489
917
1229
3
-141
667
-164
-1859
27
1381
-6
-742
268
1233
80
-1873
-136
1444
-77
-1526
188
2340
331
-1788
-149
1301
-1291
-1605
-40
532
43
-206
1027
-274
-159
272
-882
-1053
318
1141
-521
-331
948
-264
-1402
-696
401
-193
366
1628
1229
-517
-475
735
446
-335
-720
1104
1563
-343
-541
1045
403
-935
-667
-7
881
425
-324
84
839
-1062
-1924
1138
83
-1159
344
863
79
-357
446
280
330
-85
-605
162
664
27
-1129
740
1729
-1817
-771
802
-709
-1015
-818
1583
361
-2419
24
1569
-737
-1484
-44
1328
823
-494
-377
412
-835
193
1056
-102
-92
1246
2029
-27
-1651
-405
652
-293
-554
-506
675
1606
-57
-970
1178
356
-2427
-275
1416
-185
-1591
-317
3097
-132
-2157
-143
609
72
-2013
-810
1973
-146
-1168
430
74
-484
-2106
-56
1348
-923
-289
1332
471
-600
-1428
-1024
185
-23
610
565
637
420
34
163
-1085
-369
838
773
1485
839
101
708
-226
-404
277
23
-304
113
1822
1294
-936
478
197
-903
-401
221
761
277
-85
-128
-473
-1319
-1014
635
908
-599
-491
496
-134
-499
154
-68
-1162
-618
208
-88
216
194
471
546
-673
-628
242
508
-43
-266
1240
979
-640
-1338
548
833
-1017
-994
16
615
-24
-135
230
-490
712
-197
-2123
-111
273
-45
-106
165
416
-1084
-984
-544
-229
753
662
12
352
1069
544
-984
-233
725
530
1397
1122
458
-458
-535
142
-695
-100
676
482
478
365
-431
-1122
-521
-336
-17
-594
327
511
-263
483
-246
-656
-12
1108
643
-264
850
932
-710
-972
362
353
-248
-318
337
272
-638
-598
-1079
-890
1
292
-51
-380
-102
-716
-622
261
-139
-914
-293
725
223
-395
184
450
-551
-385
799
930
-314
-38
945
-117
-322
116
-265
472
1715
755
-434
37
629
182
-98
574
156
42
532
270
-174
-349
211
222
279
-69
167
189
-526
-154
50
3
-205
868
726
-449
0
423
716
283
118
836
1180
-203
-632
-115
-306
-776
-1079
-846
-757
-1124
-1992
-1810
-1454
-1553
-2013
-1796
-984
-1042
-897
-785
-811
-668
-601
-526
71
625
486
512
359
425
1112
1752
1384
1228
1677
1607
1200
1409
1680
1000
924
1498
1618
706
286
183
139
800
582
678
661
-51
-12
-171
-165
92
198
929
284
-792
-9
384
-400
-642
142
469
-474
-440
40
-543
-1542
-1561
-955
-1111
-565
2041
3800
2215
-233
-2022
-1899
332
2566
3689
3894
3484
1189
-1577
-3076
-3297
-3816
-3674
-1708
-981
-1915
-3134
-4155
-6150
-8316
-7727
-4558
-2197
-1873
-2089
-2452
-2738
-3509
-3556
-1188
1297
2513
3301
4449
5224
4185
2878
2942
4138
5303
6037
7193
7354
6476
6066
5827
4755
3384
2313
2048
2211
2489
2042
-36
-2154
-3897
-4165
-3989
-3854
-3928
-4344
-4072
-4262
-4001
-3685
-3195
-2696
-2518
-1169
563
1716
1855
956
226
354
1862
3110
3210
3360
2593
1814
1941
1430
521
423
486
-444
-845
-821
-1875
-3066
-3938
-3654
-2423
-2425
-2593
-2832
-2736
-2268
-1646
132
504
1610
4543
5753
4447
1795
1333
3760
5783
6413
6467
6142
3833
-24
-2889
-3950
-4028
-4925
-4762
-3925
-4888
-6867
-8663
-8944
-10075
-11195
-9515
-5896
-3747
-4154
-4383
-4121
-3868
-3536
-736
3043
4664
5421
6588
6800
6233
6223
7265
8842
8968
9393
10031
9669
7602
5275
5028
5089
5702
6145
5860
3987
-375
-3580
-4274
-3564
-2846
-2732
-2549
-3523
-5536
-7479
-9275
-9627
-7507
-3404
-324
1415
678
-1287
-1292
-1949
-804
2588
4580
5780
5417
4657
2662
837
404
225
1518
2679
2979
1920
-288
-2543
-4315
-4884
-4550
-3864
-3632
-3897
-4633
-5482
-5355
-5432
-4243
-1921
590
2698
3840
4535
3392
444
607
5863
10274
11353
10010
7493
4687
744
-2198
-1878
-793
-1245
-1756
-2940
-5536
-9772
-13570
-13324
-12088
-10994
-8520
-6607
-6180
-7964
-9495
-7941
-5572
-3047
1063
5260
6987
6354
5326
5294
5483
6762
10216
12990
13623
12894
10829
8719
7301
6402
6761
8708
10397
9565
5955
164
-3706
-4640
-4164
-1980
-412
-898
-3926
-8301
-10820
-10611
-9390
-7473
-4178
-486
1133
-1088
-3376
-2776
-915
1397
4059
6500
7488
5883
2522
19
-627
185
1285
2144
2635
1080
-2156
-5935
-7889
-7147
-6026
-4024
-3679
-5103
-6596
-9094
-9095
-6988
-2424
3611
6987
8247
5094
-475
-2331
1470
8513
14817
17256
14569
10122
4552
-1158
-3879
-3945
-2103
191
618
-1824
-6752
-13301
-17183
-16650
-14161
-10041
-6672
-5495
-7256
-11041
-11996
-10678
-6808
-300
5240
8485
8101
5759
4638
5020
6311
10217
15428
17793
16622
12984
9181
6324
5492
6526
9781
13200
12120
7424
364
-5561
-7121
-5702
-2812
-573
-922
-3832
-9256
-14000
-14773
-13317
-9173
-3501
404
1511
-1290
-4981
-5120
-1970
3091
8414
11658
11183
7861
3892
370
183
2705
4895
5554
4990
2274
-3103
-7877
-10752
-10158
-6634
-4544
-4314
-5305
-8614
-12496
-11873
-5387
2962
7350
3430
-3299
-5740
-1709
5562
10504
13037
11998
8584
5071
1252
-1105
-1429
-1523
-724
1258
198
-3327
-7325
-11279
-12905
-11422
-7089
-2669
-1401
-3763
-7301
-8855
-7703
-3945
1265
5578
7280
6576
5162
3457
2561
4428
8175
12192
14365
12557
8458
4670
1928
2926
6555
8667
10259
8946
4397
-1130
-6354
-7445
-5121
-1497
1436
1073
-2472
-7485
-12082
-12795
-10647
-6524
443
3494
1580
-2052
-5293
-3853
880
5789
9432
10752
9277
5701
3474
3118
2571
3138
4832
5107
3765
-204
-5570
-9014
-10259
-9463
-7256
-4764
-5195
-8694
-12071
-11390
-3926
5712
7980
-960
-9584
-9096
-590
9526
12655
11343
9482
5369
488
-1626
-1813
-1842
-1252
183
313
-3550
-8885
-12797
-14695
-13396
-9107
-3570
-86
-2712
-8382
-10138
-8704
-4292
2765
8112
10520
9026
6437
5606
5150
5727
9124
13808
16617
15193
10751
6815
3418
1901
4029
8128
9992
9072
5575
879
-2358
-6062
-7537
-5713
-2260
486
-740
-4771
-9241
-11939
-11813
-9212
-4848
628
2532
-371
-3466
-4197
-1626
2046
4936
6707
7796
7800
6201
5185
4547
3551
3098
3806
4321
2716
-313
-4502
-7786
-8042
-7121
-6395
-6413
-7235
-9462
-9648
-4802
2054
6145
101
-9189
-9541
-1137
8979
11844
10482
8340
3573
-683
-2773
-2818
-982
330
-527
-1970
-6032
-11516
-13267
-12869
-11270
-7682
-3785
-3548
-7534
-11466
-11147
-7047
-2484
2899
7488
9458
8149
5100
5275
7063
8972
13261
17092
17483
14338
8631
4238
3702
5884
9187
11308
9175
3934
192
-703
-62
141
-1458
-3658
-4764
-4083
-3965
-6410
-8934
-9778
-8294
-5734
-4924
-3879
-2796
-5158
-6486
-2962
2805
7228
6754
2896
856
2429
4677
6746
8708
8663
5806
2944
1598
703
1588
21
-3502
-4201
-3693
-4352
-6224
-7611
-8962
-5141
3456
8805
5125
-6575
-13807
-9393
3739
13087
12023
8154
2768
-3874
-5850
-4629
-3007
-514
-508
-3684
-7654
-11828
-14745
-14723
-13405
-10755
-6350
-3297
-5280
-11946
-14514
-9974
-3681
2321
5625
6128
6210
5086
4564
6814
9712
11871
14866
16780
14598
10406
7043
5778
6371
8761
11238
10470
5758
988
-659
1721
4970
4548
1485
-3507
-7509
-7249
-4709
-2734
-2326
-3693
-4741
-6115
-6997
-4028
-1504
-1173
-1188
1143
5149
6121
2157
-3182
-2521
2882
6915
8299
7375
3229
-1770
-4364
-4608
-1064
2797
1522
-2605
-6075
-8280
-9321
-8203
-6064
-721
7535
11325
5666
-6028
-12028
-7799
5629
18021
18939
13178
4580
-4425
-8542
-7264
-3397
2055
3671
-1875
-10861
-18800
-20750
-17991
-14156
-9700
-5825
-4499
-8722
-17114
-20540
-14731
-5207
3475
7902
6103
1463
-2318
-951
5607
12211
16137
17348
16342
13551
9561
6927
7232
9165
12311
15733
15772
9591
1820
-3088
-1722
4472
8144
7599
2782
-3611
-7797
-8617
-5459
-1735
-915
-1840
-4807
-6291
-3407
-1181
-1056
-1496
122
4029
7267
7095
2193
-1333
-324
2322
5602
7022
4776
651
-3012
-5589
-5617
-3441
-3303
-5523
-7316
-8565
-9969
-11125
-8627
-2015
5470
7623
-1998
-11568
-10232
-180
12110
16188
12213
6544
692
-3671
-3340
-49
4147
4818
72
-5629
-12883
-16820
-14311
-10971
-8524
-7285
-7630
-8354
-11024
-15306
-14606
-8277
-480
5505
6567
3698
-479
-1976
2258
9194
15081
18253
16727
12155
8263
6117
7540
10493
11421
11672
10273
6472
3276
1424
893
2050
2823
2984
980
-2980
-5279
-5436
-3317
-2344
-3963
-4654
-5311
-6784
-5677
-2175
833
1746
764
543
2256
4802
4880
3900
5490
6548
6324
6362
4786
1806
221
-673
-812
1165
1258
-2941
-7431
-10022
-10538
-8441
-6209
-3123
1961
5776
1341
-10492
-15566
-8913
4558
15158
15088
7516
-1408
-7165
-8945
-6030
91
4274
3003
-3418
-13318
-20505
-18345
-11882
-7725
-6628
-6919
-8217
-10644
-13455
-13188
-6924
516
4731
6298
6084
3600
1410
3891
10008
16306
19178
16612
12065
9188
8635
10331
12647
12992
11152
8475
4912
2271
1677
2224
3153
2053
51
-2425
-6243
-8399
-8170
-4867
-709
-795
-3708
-8488
-12269
-9244
-3100
1871
5601
5084
2673
2164
2765
3770
4972
7260
7994
8141
9460
7729
4457
1613
-1514
-2471
834
3399
1137
-2785
-7185
-10796
-11464
-9321
-4373
2616
7545
1966
-11422
-17812
-12314
1936
14678
15602
7768
-1407
-7252
-9179
-6094
858
4827
1883
-5152
-13056
-17956
-15666
-12146
-11009
-10059
-10436
-11379
-11899
-13486
-14132
-10284
-3904
1802
5095
4996
1535
-1984
1253
9472
16748
21245
19021
12938
9326
8559
11544
16288
17801
15915
12122
8689
6400
3407
2952
3012
1706
2989
3098
-13
-4485
-8555
-8831
-5865
-3262
-3456
-7029
-9226
-8906
-7839
-3056
661
-197
-333
1729
4259
6347
6530
4286
2794
4617
6405
7127
8494
6420
1252
-2401
-2796
-1312
-173
-193
-3094
-5764
-6941
-6864
-3436
2068
4422
-1731
-10073
-12909
-7350
4135
11546
10776
3710
-4440
-8774
-8199
-2306
4130
4015
-1187
-8070
-14967
-16280
-12399
-8811
-7238
-8518
-11609
-13166
-13157
-13118
-11788
-8350
-4439
-1649
1386
2994
387
-2212
-773
5257
13496
18534
17118
12548
9116
8041
11067
15547
17921
17051
13918
11849
9417
8603
7988
3720
1882
2092
3244
4428
1129
-3644
-7707
-8134
-5219
-4551
-4629
-5520
-7962
-7342
-5075
-4473
-2643
-653
68
1789
4031
4633
2765
1789
1770
2732
6719
8133
5239
1912
-1120
-2164
-1011
319
-1184
-4922
-6886
-7736
-4906
518
4230
3194
-4271
-10851
-11852
-3814
7555
11878
9714
2936
-3907
-6589
-5473
-463
4955
4256
-2117
-10306
-14975
-12233
-7634
-5619
-6756
-11304
-14275
-13926
-13571
-11637
-9467
-8144
-7113
-6898
-3567
976
1581
-782
-2700
149
7779
13068
13417
10786
7204
7278
10483
14643
17613
17860
16231
12804
10306
8896
8878
9498
9328
9123
7147
3761
-583
-4366
-4137
-2021
-555
-850
-4565
-8370
-9760
-8272
-4166
-1244
-500
-2257
-4214
-2725
312
2647
3374
2295
2028
3655
4801
5211
4585
1889
-814
-1983
-303
2104
1214
-1909
-6221
-6833
-3157
157
3425
1419
-5936
-11705
-11534
-3368
6716
10119
5564
-2796
-8260
-8388
-5685
221
3030
-294
-5769
-12154
-13698
-9121
-3543
-1725
-5613
-11887
-14826
-12379
-7661
-3867
-3254
-5070
-7977
-9103
-4818
904
2853
1061
-1898
-1787
3117
8358
10778
9600
5701
3835
5708
10435
14250
15413
14881
11632
8911
8739
10176
11520
10920
9538
8221
6510
4297
904
-564
1324
2447
2078
-611
-5119
-7311
-5175
-1628
-132
-1014
-3658
-5261
-3334
265
1916
1874
-38
-1980
-663
2723
5444
4488
1687
-1336
-2635
-376
1344
569
-2022
-4998
-5305
-2892
-338
1602
697
-3615
-8982
-11576
-5914
3260
7512
4211
-3728
-9321
-9532
-6413
-1750
1507
90
-4283
-9340
-12246
-10999
-7427
-3175
-2107
-6572
-11431
-12518
-10113
-5859
-2993
-1926
-2994
-5731
-6116
-2878
538
1216
-332
-558
2072
4695
6854
7662
6188
4342
4693
7903
12143
14614
13200
10367
8222
8524
11315
13396
13156
10867
8485
7186
5883
4918
5372
5311
4552
3006
157
-2878
-5085
-4736
-1802
405
-445
-4015
-6939
-5959
-3264
-471
1041
31
-2064
-2661
-406
2316
3532
1582
-1565
-2148
-30
2852
3409
923
-3092
-5920
-4718
-280
3096
1491
-3155
-7237
-8358
-6771
-4915
-2219
-846
-2631
-5920
-7532
-4956
-2503
-3752
-4994
-3795
-2038
-1796
-4648
-8224
-8548
-6844
-4880
-2662
-2715
-4714
-6359
-6372
-4762
-3250
-2233
-2605
-3978
-4178
-2688
-1149
270
476
-101
-51
-224
1393
4197
6263
6864
6291
6307
7115
7898
9610
11963
12519
11823
10256
9524
10779
11354
10504
9324
8988
9506
8705
6515
4467
2196
830
733
789
1680
1389
-1872
-5203
-6346
-5133
-2691
-1345
-1745
-3208
-3890
-3002
-2063
-508
-184
-2034
-3044
-2549
-526
1101
606
-1147
-2567
-2241
-686
-122
-683
-2060
-4768
-6469
-5929
-3653
-2450
-4602
-7003
-7875
-7642
-6565
-5685
-4810
-3951
-3965
-3451
-2375
-1861
-2274
-3893
-4735
-3512
-1228
48
-323
-1012
-911
-974
-1690
-1568
-1402
-1683
-2506
-3197
-1872
-20
-23
-1494
-2692
-2878
-1734
-263
1602
3179
2821
2281
2310
3517
5443
6141
6056
6143
6558
7107
7506
8118
8720
9345
10168
10176
10162
9551
7265
4783
4412
6106
7257
6744
4200
1519
-71
-1101
-1405
-509
866
-128
-2505
-3681
-3104
-2005
-2179
-2632
-2501
-2205
-2891
-3714
-2935
-1937
-2093
-3058
-2551
-848
58
-659
-2724
-3134
-2302
-1964
-2518
-2973
-2209
-2100
-3021
-4204
-4601
-4852
-5381
-5876
-5374
-3062
-1985
-3148
-5449
-6793
-6856
-6329
-4815
-3089
-1623
-1564
-2663
-3773
-3592
-2559
-1895
-1571
-1409
-648
-621
-1078
-1207
-1007
-115
473
747
954
864
422
814
2419
4277
4929
3986
3805
4406
5298
5986
5753
5874
5623
5257
6428
8317
9635
9159
6477
3682
2430
3057
5100
6792
7145
5283
1806
-796
-1036
756
2951
3579
1992
-493
-2281
-2440
-1146
642
1227
630
-1226
-3140
-2935
-1731
-114
175
-739
-1415
-1754
-1531
-1169
-558
-502
-1001
-1626
-2311
-2775
-2678
-2170
-1716
-2280
-3718
-4615
-4498
-3133
-2514
-2495
-2438
-3011
-3543
-4570
-5250
-4852
-4445
-4302
-4549
-4783
-4373
-4599
-4891
-4546
-3916
-3593
-4425
-5342
-5653
-4488
-3115
-2730
-2840
-3288
-3583
-2677
-707
883
2187
2901
3071
2801
3142
4657
6595
8426
9076
8335
7032
5782
5479
7712
10772
12234
10749
7184
4131
3560
5304
6984
7988
7133
4638
1582
-353
-200
885
2377
2480
1362
-174
-1432
-1518
-778
70
-133
-910
-1935
-3320
-3934
-3065
-1302
172
139
-1433
-3076
-3293
-2082
-619
357
27
-1935
-4269
-5087
-3823
-1847
-1222
-2298
-3496
-4127
-3993
-3471
-2793
-1810
-1615
-2247
-3014
-3222
-2801
-3157
-3834
-3401
-2479
-1721
-2075
-3190
-3047
-2690
-2732
-2949
-3375
-3557
-4280
-4293
-2863
-1573
-1511
-3075
-4494
-4045
-1904
531
1549
1356
734
232
608
1794
3753
5484
5527
4929
4448
4239
5010
6297
7874
9334
9602
8061
5738
4310
4608
6161
7274
7102
5246
2915
1636
1355
2086
3126
3215
2041
760
76
282
1027
1240
880
264
-183
-893
-1465
-1152
-601
41
233
-93
-448
-1088
-1810
-2187
-1585
-510
-1217
-3118
-4141
-3953
-2881
-2829
-4086
-5029
-5562
-5836
-5655
-4897
-4252
-4614
-5255
-4945
-3959
-3328
-3613
-4329
-4405
-3819
-3259
-2750
-2194
-1810
-1577
-1355
-1123
-1113
-1590
-2016
-1713
-895
-47
-260
-1452
-2466
-2549
-1106
513
1382
1041
-63
-132
559
2119
3595
3747
3497
3056
3004
3688
4599
5077
4730
4738
5820
6751
6862
6217
5326
5405
5759
5673
5705
5597
4849
3078
1886
2441
3482
4129
3490
2196
1445
1102
969
1057
1435
1251
160
-750
-718
-261
-195
-437
-712
-893
-1189
-1894
-1925
-991
-604
-1206
-2623
-3978
-4208
-3873
-3398
-3511
-4473
-5255
-5573
-5107
-4408
-4199
-4292
-4788
-5240
-5245
-4590
-3798
-3767
-4310
-4771
-4431
-3649
-2995
-2514
-2268
-2140
-2361
-2507
-2022
-1382
-1234
-1378
-1015
-574
-815
-1209
-907
254
1048
557
-246
-203
604
1219
1542
2258
2973
2946
2558
2749
3953
5185
5098
4097
3537
4124
5381
5932
5420
4548
4195
4961
6005
6472
5991
4725
3536
2822
3238
4320
4972
4477
2533
1033
828
1331
2083
2046
1530
895
96
-301
-308
180
579
161
-569
-1200
-1431
-1458
-1458
-1553
-1820
-2203
-3117
-3757
-3530
-2939
-2668
-3311
-4289
-4841
-4584
-4005
-3655
-3660
-4238
-4990
-5556
-5139
-4031
-3451
-3282
-3621
-4026
-3761
-3114
-2290
-1840
-2253
-2909
-3137
-2559
-1814
-1990
-2103
-1841
-1639
-1324
-1484
-1365
-992
-794
-376
-266
32
264
329
653
763
1298
1867
2279
2801
3165
4101
4881
5206
5294
5316
6085
6328
5958
5739
5633
6088
6228
6080
5893
5257
4378
3264
2891
3345
3689
3461
2468
1503
846
257
70
115
60
-316
-839
-730
-528
-638
-1126
-1606
-985
-377
-282
-573
-1178
-1545
-2041
-2073
-1656
-1199
-869
-1272
-1988
-2614
-3222
-3508
-3151
-2482
-2184
-2741
-3604
-4104
-3917
-3380
-3364
-3361
-3377
-3589
-3793
-3803
-3174
-2729
-2767
-3090
-2950
-2141
-1829
-2053
-2433
-2635
-2883
-3136
-2855
-2292
-2046
-2401
-2717
-2266
-1510
-1273
-1278
-1020
-485
-35
511
1325
2091
2623
2647
2976
3754
4439
5069
5667
6613
7506
7908
7896
7728
7770
7799
7681
7612
7492
6871
5668
4503
4189
4699
4960
4283
2810
1213
152
-376
-421
-405
-1008
-1975
-2742
-2924
-2713
-2892
-3515
-4085
-4003
-3172
-2420
-2194
-2487
-2916
-2978
-2907
-2739
-2404
-2032
-1807
-1925
-1890
-1621
-1328
-1179
-1487
-1770
-2063
-2435
-2436
-2100
-1671
-1897
-2700
-3313
-3451
-2978
-2441
-1993
-1692
-2161
-2977
-3281
-2554
-1427
-1176
-1771
-2538
-2616
-2187
-1906
-1550
-1542
-2139
-2831
-2860
-1748
-656
-789
-1833
-2411
-1475
54
1244
2037
2258
2093
1735
1865
3016
4450
5350
5559
5868
6599
6976
6848
6778
7284
8121
8474
8089
7307
6562
6044
5849
5843
5565
4632
3213
1893
973
696
814
634
-76
-1216
-1979
-2038
-2138
-2818
-3836
-4299
-3983
-3354
-2883
-2901
-3294
-3846
-4200
-3850
-3065
-2592
-2663
-3010
-3197
-3079
-2691
-2251
-2128
-2378
-2895
-3180
-2891
-2431
-2050
-1763
-1673
-1902
-2356
-2583
-2405
-1961
-1490
-1153
-1010
-1420
-2223
-2573
-2108
-1400
-1182
-1417
-1633
-1629
-1616
-1803
-1903
-1756
-1357
-685
-97
38
-438
-1085
-1086
-149
1230
2075
2006
1469
1077
1327
2310
3597
4648
4933
4435
4106
4621
5623
6318
6329
6178
6218
6093
5649
5213
5116
5070
4616
4075
3922
3759
2929
1646
781
532
178
-593
-1094
-926
-720
-1099
-2063
-2905
-3163
-2961
-2213
-1481
-1356
-1954
-2932
-3386
-3195
-2463
-1593
-1224
-1491
-2296
-2880
-2871
-2351
-1685
-1386
-1389
-1688
-1881
-2080
-2442
-2634
-2750
-2492
-2325
-2503
-2645
-2831
-2634
-2340
-2124
-2031
-2385
-2603
-2587
-2191
-1575
-1302
-1222
-1497
-1773
-1748
-1489
-874
-366
-39
20
-300
-495
-422
200
1233
2000
2295
1875
1297
1231
1731
2822
3749
4228
4295
3908
3694
3643
3821
4180
4375
4701
4954
4977
4701
4075
3615
3231
2983
2890
2727
2613
2168
1540
938
293
-28
-269
-392
-408
-643
-880
-1347
-1851
-2043
-1947
-1433
-1064
-1085
-1430
-2099
-2529
-2490
-1861
-971
-682
-1041
-1718
-2102
-1941
-1660
-1265
-1035
-1137
-1499
-1931
-1842
-1500
-1296
-1408
-1835
-2126
-2449
-2610
-2433
-2176
-1958
-2163
-2420
-2462
-2498
-2457
-2480
-2187
-1623
-1251
-1120
-1367
-1471
-1301
-922
-148
491
753
475
-91
-246
139
1060
1817
1903
1546
879
671
1236
2084
2813
2898
2613
2481
2696
3175
3279
3099
2977
3091
3673
4197
4193
3708
2921
2188
1928
2198
2569
2786
2605
2072
1547
1096
871
652
457
352
-48
-325
-466
-572
-475
-721
-1103
-1488
-1875
-1975
-2073
-1964
-1813
-1840
-1861
-2203
-2500
-2533
-2404
-2007
-1794
-1755
-1935
-2236
-2222
-2015
-1457
-1075
-1147
-1326
-1681
-1736
-1682
-1581
-1247
-1097
-859
-809
-1053
-1303
-1794
-2003
-1708
-1066
-249
40
-271
-934
-1489
-1451
-1034
-248
505
778
567
-122
-445
-91
756
1700
1997
1872
1427
1065
1196
1533
2058
2341
2383
2481
2545
2623
2406
1991
1732
1678
2014
2351
2403
2179
1636
1337
1370
1615
1878
1606
1123
588
329
635
978
1317
1272
810
323
-289
-572
-442
-89
322
152
-488
-1201
-1607
-1355
-984
-747
-820
-1307
-1774
-2159
-2109
-1673
-1323
-1126
-1320
-1552
-1680
-1841
-1670
-1313
-776
-344
-494
-763
-1025
-1061
-835
-868
-767
-636
-547
-445
-786
-1007
-1104
-1141
-951
-970
-882
-950
-1284
-1380
-1397
-1124
-784
-733
-767
-1021
-1230
-1153
-903
-334
197
490
559
243
31
114
457
1057
1453
1717
1934
2067
2219
2098
1819
1761
2103
2937
3606
3501
2825
2011
1726
1914
2106
2238
1992
1530
1093
779
933
1129
1125
945
558
454
448
427
573
646
788
565
-144
-663
-977
-886
-689
-560
-133
-365
-1337
-2364
-2908
-2464
-2045
-1740
-1222
-1092
-1005
-1344
-1861
-2027
-2283
-1764
-945
-490
-224
-551
-535
-368
-463
-212
-311
-458
-571
-860
-606
-416
-253
-113
-619
-1123
-1419
-1273
-793
-794
-864
-752
-721
-862
-1269
-1476
-1268
-1045
-819
-512
-257
-215
-562
-877
-664
-180
289
598
855
1207
1190
840
654
922
1713
2366
2502
2238
1693
1404
1478
1859
2424
2791
2914
2668
2256
2043
2135
2470
2632
2594
2368
2062
1936
1877
1942
1859
1508
1009
230
-449
-792
-625
-122
47
-186
-799
-1470
-1888
-2090
-1976
-1914
-2014
-2172
-2406
-2368
-2228
-2116
-2107
-2362
-2499
-2389
-1999
-1471
-1223
-1247
-1427
-1546
-1455
-1294
-1146
-1028
-880
-550
-23
501
626
186
-492
-922
-890
-660
-452
-266
-34
325
506
367
-44
-584
-790
-696
-363
161
574
959
1016
734
471
290
496
818
1070
1349
1425
1399
1233
1149
1384
1477
1176
456
-139
-77
418
1028
1286
1189
832
407
287
354
654
882
900
891
706
670
782
921
1136
1107
1026
969
874
963
1081
1254
1377
1162
683
12
-431
-335
-8
195
-98
-773
-1339
-1640
-1645
-1394
-1077
-926
-1216
-1692
-1816
-1563
-1198
-1153
-1329
-1216
-959
-814
-943
-1213
-1180
-993
-797
-639
-602
-537
-730
-1125
-1314
-1274
-961
-711
-762
-879
-1055
-1134
-1086
-953
-657
-414
-248
-163
-138
10
234
498
662
661
729
1094
1711
2011
1654
1071
796
905
977
889
983
972
593
206
192
674
1023
908
565
114
-38
181
728
1461
1799
1843
1780
1599
1437
1234
1084
798
403
375
617
911
1266
1523
1427
854
64
-463
-778
-1097
-955
-253
273
68
-428
-529
-667
-888
-879
-1042
-1022
-877
-1014
-680
86
438
-22
-774
-944
-1025
-1419
-1369
-791
-330
-459
-496
149
-303
-1820
-1988
-1491
-1663
-1805
-1499
-1299
-1774
-1927
-1473
-1561
-1913
-1827
-1190
-736
-926
-870
-492
-436
-505
33
746
489
231
743
904
744
823
1329
1945
1668
1106
1021
1289
1590
899
744
1730
1419
734
883
1183
1304
950
1135
1349
1080
1348
1164
937
1534
1800
1634
1359
1134
880
398
521
1058
1191
1365
1532
1177
250
-610
-454
14
335
671
598
267
-291
-266
20
-439
-626
-484
-88
-193
-861
-364
-398
-1294
-1666
-1450
-586
-1198
-2118
-1674
-1780
-1979
-2259
-2012
-1434
-2379
-2496
-1917
-2323
-2505
-2122
-1232
-1222
-1673
-1400
-1873
-1841
-976
-825
-1023
-764
388
-59
-1055
-327
19
333
616
1067
1594
667
221
503
1316
2155
1211
1596
2716
1850
1263
1837
1821
664
886
2159
1271
-217
684
1953
1657
1179
1980
1969
-52
-596
460
598
130
1578
3220
1389
135
1254
1027
416
754
995
290
81
829
-98
-154
1176
347
-407
-20
-196
-397
-10
344
-106
-226
361
-326
-706
589
363
-1093
-1074
-901
-1375
-712
-422
-1259
-1223
-802
-1451
-1921
-1452
-2020
-2827
-2036
-1248
-2200
-2480
-1386
-2068
-1793
-1486
-3023
-2487
-1493
-1750
-2938
-1507
516
-1275
-1124
-78
-294
-1293
-1474
1075
986
251
1245
1338
1314
710
1371
1726
998
2380
1213
523
1890
1432
862
1194
2306
2262
67
893
1648
766
1175
1196
1706
2266
1977
876
814
1910
2240
181
1062
2834
2400
1453
1794
1754
-51
468
899
261
500
1347
1926
1044
-506
-838
-527
358
11
-477
700
-525
-2144
-1690
-1233
-777
-1494
-1249
193
-28
-1908
-2518
-1592
-748
-2459
-3751
-758
-434
-2671
-2143
-1696
-3189
-3449
-1718
-1597
-3485
-2243
63
-1126
-2762
-1835
-1505
-2109
-1342
-965
-181
1147
-173
-717
321
143
312
44
1106
2144
1090
664
1436
2365
2128
1202
571
775
1414
1477
1040
1199
2700
1772
259
1590
1687
108
-425
1689
1956
-716
-782
1878
1967
-136
-25
1647
785
804
1868
1461
1821
814
1033
2253
1638
1074
701
2771
2326
-431
471
1378
1299
28
-370
619
503
-506
-1821
-1725
-152
-1483
-2223
-782
-260
-686
-2425
-1144
-1682
-3223
-1148
-940
-868
-1190
-2290
-1613
-2207
-2431
-1146
-1731
-2240
-1974
-1720
-1873
-1998
-820
-705
-2408
-2014
-380
44
-1487
-991
999
487
-603
-1098
846
1128
186
1273
1348
327
-12
1268
1740
-52
749
2402
1181
-201
-740
1047
1528
-111
732
1224
383
-623
179
1644
629
255
516
727
-108
-229
1270
1565
1725
1135
825
1420
1267
478
1008
1605
1350
1315
2112
2468
1282
683
1142
1472
-157
-112
1503
1652
692
-252
188
538
-1069
-902
370
166
-447
-1512
-1192
-571
-1248
-987
-567
-1352
-262
-122
-1021
-2919
-1776
838
-1186
-1902
-1190
-260
-852
-3630
-2158
307
-1904
-2457
-265
-507
-3105
-3357
509
48
-2616
-503
266
-1286
-958
-903
293
-880
-1574
850
931
553
-411
248
1537
-153
-413
294
625
1639
-170
496
1473
-557
-830
378
1215
-171
66
1684
-99
15
1500
871
568
2141
2398
353
0
2139
2233
701
953
2580
2040
1066
2043
2787
1653
-338
1945
1954
243
1336
2113
1318
513
571
883
-454
-816
-638
-860
1164
503
-1379
-1376
-480
-1112
-2915
-1921
1173
-1174
-2467
-43
-1076
-2363
-2640
-571
-593
-2569
-365
-333
-1137
-721
-1977
-1125
-979
-1414
-534
-1588
-1675
-109
-690
-1854
-1125
819
-38
-2914
-1144
1045
-851
-1144
158
1299
852
-46
671
147
-68
425
1077
1888
1429
559
665
-52
142
805
-364
458
885
1099
-163
-814
608
281
211
223
1017
900
-172
-58
993
922
365
-165
1580
2401
438
670
2637
1384
-546
790
2213
1155
-144
1252
2225
540
467
954
-43
29
-888
-96
14
-44
578
187
-218
-822
-1361
-364
-848
-1442
144
170
-850
-1008
-874
-685
-846
-858
-1439
-1523
-348
-872
-1573
-273
-56
-1710
-1953
-792
-1257
-1945
-1479
-646
-307
-376
-1851
-1229
-839
-855
330
-755
1304
-325
-399
1424
-500
250
1389
479
1117
1166
1043
1027
103
1201
814
-359
949
1672
-658
112
1751
371
-1054
-411
2025
152
-1314
703
841
-598
231
1036
-10
-429
789
527
114
1240
583
702
-347
287
2389
370
518
996
721
410
-640
1484
783
-390
444
408
646
-794
-834
627
517
-57
-816
-548
-385
-581
-626
6
-116
-615
-578
-865
-188
-338
-696
-87
314
-742
-1756
-1218
-96
-266
-1436
-1523
-601
-322
-1530
-662
-236
-691
-468
-574
-121
-593
-626
81
-930
185
482
-743
114
393
76
-707
-27
747
11
-142
1197
1209
-236
560
1671
340
-221
-86
688
134
-661
613
1193
859
-544
-608
551
-299
-909
-93
1420
508
-1606
-376
1727
-405
-1314
1216
1531
-265
-348
1888
1851
925
519
1536
1460
831
1382
1298
979
1492
839
453
516
730
814
-190
-430
747
-578
-1665
-120
-340
-372
-1174
-1066
-494
-1178
-2010
-854
-452
-1640
-1135
-870
-1463
-2075
-1525
-1170
-1766
-1586
-1057
-914
-1172
-1574
-696
-229
-1315
-132
847
735
-104
-311
845
862
1031
773
686
2465
909
1376
1656
732
1760
384
337
600
183
411
904
55
-164
-58
603
175
-852
-166
878
-132
-1140
-780
-70
-148
-1680
-2055
598
202
-2140
-374
667
-138
-371
-74
530
104
228
1505
-132
-293
1670
515
839
1578
1577
1260
-262
2337
2062
-343
1265
1788
885
-869
-227
1434
545
-784
-1245
-80
-108
-537
-738
-543
94
-1191
-1137
-540
-1331
-1874
-1318
-1315
-1722
-1706
-1900
-182
-904
-1493
-925
-1170
-801
-391
-402
-996
-610
543
431
-863
-618
510
148
184
829
1078
1624
1721
1398
727
732
1877
598
267
1334
729
1013
599
451
1195
393
-363
211
493
659
-399
505
860
-812
-693
270
-402
-993
-346
662
-975
-590
-7
-494
429
-1244
135
-401
-646
614
-356
119
491
-232
369
-103
-750
1452
1172
529
-366
568
1844
-557
-684
790
996
417
-934
387
1152
-664
-1352
-845
388
-539
-844
-702
-420
-641
-827
-1712
-1240
-161
-904
-998
-1158
-1130
-573
-758
-1044
169
1072
-169
-550
9
879
445
-1085
748
1482
368
610
1227
563
-181
-148
662
384
-42
902
1039
749
-482
-209
112
-899
245
375
552
-447
-35
484
-758
53
653
-798
360
981
-220
-23
-142
308
-125
242
1116
8
480
1025
-423
-466
1302
923
-250
204
494
967
-1029
468
1169
104
-109
679
956
-628
92
1053
590
-1296
-291
1120
-263
-1427
-150
648
-212
-1087
-592
-277
-459
-964
-862
244
-1175
-1318
-345
-860
-890
-965
-488
-1120
-899
-539
-797
-554
-505
-543
-235
-53
-113
-742
-286
1223
-887
-722
746
292
-15
-413
110
672
-37
24
-128
576
1350
359
-58
706
1990
-207
-223
2052
660
246
901
1123
635
33
779
768
255
546
-269
219
335
-593
173
115
-181
-898
-456
493
-601
-394
-8
617
-138
-1151
346
993
-133
-477
467
1088
-592
-89
1118
271
-267
247
1523
41
-678
1280
24
-899
844
516
-600
-860
213
394
-779
-361
116
-5
-726
-1266
-353
-221
-814
-848
44
27
-731
-1450
-243
371
-379
-863
15
252
-427
-533
-298
-75
-363
50
-366
-854
74
-441
-194
365
-1026
-92
-124
-619
85
-417
128
155
-512
273
-165
12
930
59
319
848
447
-290
122
1065
608
-287
1117
1390
79
86
-198
886
772
-939
-785
910
758
-696
219
656
344
397
-389
-787
429
488
454
192
1233
1033
-350
1053
350
36
373
125
889
1248
147
605
906
236
425
-163
434
23
224
1165
457
-43
-572
-580
-137
-316
-1048
-713
-397
-285
-1157
-2398
-430
-509
-2704
-1348
-675
-725
-1289
-1748
-721
-39
-1280
-1312
-626
138
-243
-1133
-124
122
-342
-559
-455
-245
167
227
45
-495
450
455
-530
32
410
927
680
-186
959
1268
878
351
460
1216
483
869
1024
860
830
6
562
762
-113
59
417
583
430
-167
45
-147
-143
169
265
614
396
800
-113
-74
907
23
571
297
780
1315
894
312
66
634
283
-126
-339
1432
1026
-575
-204
948
-361
-994
95
196
-574
-694
85
-315
-785
-481
-585
-1208
-413
-1314
-1199
-442
-973
-792
-651
-1830
-1711
-469
-1440
-1943
-183
-506
-2109
-1154
533
-590
-2072
-570
264
-857
-617
13
452
807
-43
59
135
847
361
-50
1583
1026
-420
1109
1272
703
684
463
528
36
625
711
96
1081
962
-347
50
122
508
-179
-457
665
376
-26
382
633
257
57
1147
136
-171
1541
746
-96
117
1730
850
124
1981
1170
396
298
597
221
404
1698
102
-381
871
396
-362
-332
286
-18
-307
87
-708
-884
-190
-648
-1236
-986
-847
-1135
-1332
-494
-1324
-1684
-434
-667
-483
-1085
-866
-702
-1705
-835
-1167
-1697
-507
-380
-837
-544
-1195
-208
-871
-799
671
-534
-463
-314
-106
-227
-796
-855
758
89
-1310
46
1089
305
-547
1341
1771
-101
-84
1201
911
534
656
1297
1579
532
987
1496
892
864
1023
1493
1485
1031
1247
365
532
1154
610
-113
426
1042
593
86
-25
783
746
-292
-314
112
642
75
-553
137
669
-450
-987
-77
260
-616
-746
394
152
-776
-155
-48
-672
215
-692
-896
-111
-288
-1345
-1585
142
-1204
-1489
130
-1185
-1446
-163
-314
-1617
-1108
567
-418
-1792
-321
-47
-441
-430
-653
-24
-210
813
-291
-1201
1156
288
-620
6
939
506
-708
322
824
-1099
69
1138
-659
165
570
70
-113
-558
345
197
-241
33
-497
819
336
-628
525
674
178
410
281
501
1159
52
679
1197
333
736
29
520
715
217
1375
453
1007
674
-371
1203
243
-330
631
1436
625
-590
465
981
-308
-465
896
893
709
226
195
415
-240
-79
-116
-317
202
-84
-644
-948
-396
-344
-1298
-1012
-257
-1163
-1382
-422
-1037
-1628
-495
194
-1185
-1714
-782
-855
-927
-1171
-452
89
-548
-249
-474
-469
-1312
-294
347
-206
-125
-245
-7
133
-406
-61
500
-219
493
578
-343
-294
334
767
-470
-296
1117
441
392
759
353
-95
-213
668
202
-378
701
857
812
99
379
503
-179
645
755
-145
714
1356
48
1031
1544
397
601
1020
1148
680
1179
1332
234
1051
1731
-546
-270
1263
985
-367
-37
989
-664
-722
207
-653
-936
583
148
-1239
-1311
-316
-682
-845
-627
-609
-281
-573
-907
-754
-408
-950
-734
-341
-330
-909
-1098
-1088
-860
-443
-1167
-1382
-281
-514
-1493
-1158
-763
-246
-893
-1011
-244
-267
153
-944
-146
344
-326
-402
-451
1030
847
-380
-60
1352
576
-433
504
1130
243
-211
923
893
-211
1199
1623
-31
317
724
230
-166
702
1625
302
330
1739
1220
265
248
507
841
811
1223
713
769
1464
629
540
271
132
1270
602
240
496
539
1111
-146
-634
126
-4
-397
-274
-275
342
-373
-577
-716
-1163
-100
-1040
-1523
-539
-688
-1010
-1304
-597
-276
-1605
-917
-1492
-1937
-688
-981
-1072
-549
-46
-54
-986
-810
-448
-828
-285
-289
-513
98
324
352
-193
12
353
-668
-858
212
844
208
150
-29
379
396
111
-129
-226
1297
93
-1558
515
1719
-447
-516
1210
772
-209
-190
446
152
414
716
232
806
1411
978
384
137
946
591
-2
536
1321
1587
1085
1210
482
421
795
-104
156
832
1446
1139
-125
253
89
129
-77
-289
424
17
-407
-49
22
-119
-287
-288
-138
-294
-515
-1378
-1529
-786
-365
-767
-1110
-804
-602
-716
-999
-2094
-1687
-472
-1239
-1600
-937
-56
75
-615
-1361
-919
-616
-961
-848
-948
55
-88
-170
87
-295
159
604
352
228
1033
797
141
1160
1840
652
72
611
965
171
519
664
315
862
1260
75
-273
612
-379
-612
-76
264
290
387
1192
707
277
683
502
306
337
75
698
1012
497
841
328
666
651
432
733
-510
-631
-36
-854
-76
724
-237
57
232
363
-471
-1015
-100
-141
-550
-187
-207
-224
-190
-711
-938
-1077
-606
-826
-900
-283
105
-344
-263
647
-219
-895
-35
-153
-571
-980
-602
-214
-387
52
-596
-883
-315
-1081
-1519
-363
154
-679
154
715
278
-34
-105
204
-204
389
1076
457
144
679
808
1042
171
-545
629
1107
306
-186
82
920
179
-795
286
839
3
-373
309
446
-103
638
867
118
339
547
457
-198
9
820
334
737
910
198
127
498
632
207
-432
-238
188
-12
-39
92
434
-330
-195
328
-189
-605
-603
404
134
-1193
-198
578
-291
-398
-661
68
-119
-1232
-848
-667
-215
-207
-1121
-475
279
-902
-956
-529
-815
-590
-630
-244
-574
-758
293
-100
-359
129
-345
-309
-118
33
57
-462
519
1344
-219
-33
1363
666
-508
-178
1572
138
-1338
1166
1649
-80
-459
55
607
340
-701
-622
114
99
164
158
640
415
-20
287
170
-459
-302
-188
63
1283
1266
544
356
81
793
941
404
532
234
1376
1640
79
749
1275
177
269
459
390
-266
-454
382
-25
-376
119
-347
-517
-170
-308
-768
-1335
-1031
-32
-917
-2000
-425
-39
-1505
-1453
-331
-370
-1364
-1355
-677
-770
-785
-281
-756
-829
-126
-626
-1107
-735
-531
-448
-314
-516
7
360
355
1065
839
382
219
86
586
2
-78
923
880
1003
946
304
-67
-104
-154
312
895
672
530
1199
990
-313
-761
-228
149
-499
345
1329
479
146
630
1032
632
-193
-318
862
1442
1226
766
775
506
-290
73
159
-341
95
1237
1289
392
93
350
75
275
-112
-205
287
-196
-314
77
-177
-1076
-1499
-935
-1286
-1701
-263
-32
-954
-897
-547
-175
-479
-1292
-1105
-863
-824
-736
-1150
-1153
-651
-606
-1038
-1073
-778
-472
195
119
21
261
306
165
113
-176
-304
833
1194
-112
-747
908
929
-945
-248
1459
1369
-183
365
1817
938
2
224
410
41
358
580
506
144
410
649
-764
-509
834
253
-530
341
1535
806
-549
142
1180
142
-714
373
792
162
-300
56
207
-52
-146
-294
-547
353
947
-260
-547
194
923
564
20
495
375
-116
-210
120
345
167
102
232
627
-206
-1003
-301
57
-459
-931
-333
342
-261
-312
-464
-815
-880
-1336
-900
-918
-1006
-236
-397
-844
-1191
-1295
-651
-477
-577
-350
-87
153
112
-8
-290
-297
265
109
78
512
565
389
328
704
66
-115
1038
721
279
699
572
81
-208
354
389
95
947
512
-687
-89
1002
561
-714
-99
1281
424
-579
-7
494
653
512
55
-98
441
1024
136
-911
-110
889
248
-544
-408
487
1120
-313
-1050
213
875
-414
-1473
38
980
242
-314
149
267
-255
-429
-1044
-559
342
-442
-919
111
586
-83
-333
-113
-341
-587
-196
-439
-549
334
316
-414
-429
-261
-694
-905
-393
-103
-238
-10
211
-6
6
215
-169
-347
280
146
-535
-74
784
430
-311
203
454
-308
139
980
579
107
801
1289
-89
-628
517
809
308
-239
4
748
341
-511
-367
80
-157
-605
-221
346
293
59
-587
-407
345
64
-311
-196
404
667
0
-343
233
159
-88
425
565
383
11
428
319
-514
13
-36
-333
-65
110
-8
-857
-601
340
-48
-942
-1233
-349
43
-799
-671
-384
-101
68
-839
-854
-96
-92
-437
-455
-99
169
116
91
32
305
126
-220
552
360
-365
-46
729
774
68
403
575
298
743
435
-57
191
282
515
849
777
509
597
868
29
-852
17
662
-171
-252
750
806
-338
-764
-373
-490
-591
-637
-267
481
359
-319
-760
-420
-274
-634
-334
8
192
518
259
-325
-179
423
28
-393
557
582
-415
-201
726
650
-92
127
275
47
125
-181
-415
-300
38
184
22
-36
-368
-314
11
-470
-744
-338
-13
-100
-543
-611
-277
-348
-653
-502
-80
40
-250
-476
-32
-8
-518
-235
94
-102
-201
-199
-76
344
308
-9
-328
-61
723
124
-289
316
568
429
147
377
328
99
358
319
536
726
544
538
155
28
149
273
635
418
625
643
-55
226
326
-135
-433
-344
277
89
-240
147
-75
-302
-49
-259
-510
-377
94
232
-223
142
541
115
-74
-79
93
-24
-94
490
729
625
328
162
45
-331
-339
-290
-27
97
-89
126
-195
-578
-365
-294
-603
-1039
-799
-386
-413
-465
-621
-844
-545
-236
-719
-967
-593
-194
-285
-535
-336
-316
-395
-392
-124
185
-29
-114
-16
95
252
174
178
227
9
296
760
415
-2
367
870
529
194
674
962
632
373
243
594
906
237
96
448
558
713
701
744
316
67
324
133
7
-113
-73
207
196
244
399
350
-53
-398
-375
-269
-322
-198
212
177
-13
142
204
-77
-280
-260
-273
-202
24
223
36
-18
64
-149
-242
-221
44
64
-336
-368
-166
-330
-622
-453
-403
-692
-877
-722
-512
-877
-1190
-1183
-985
-667
-821
-876
-720
-655
-509
-477
-330
-356
-243
193
257
320
161
146
537
544
514
617
944
1040
762
596
301
452
704
658
899
936
782
534
186
195
297
229
196
552
868
472
118
266
215
-17
-117
1
259
250
195
75
-53
75
85
-28
-234
-244
-119
-78
104
-4
-109
-36
-123
-140
-134
-7
6
-157
-204
-326
-213
-83
-243
-46
175
-46
-285
-291
-215
-333
-409
-227
-15
117
101
-147
-503
-514
-279
-293
-193
17
193
244
-141
-344
-429
-582
-445
-235
-93
38
80
-11
-214
-555
-594
-474
-453
-296
-179
106
262
-25
-304
-348
-117
-54
-202
56
487
541
346
236
277
216
109
165
344
527
519
614
600
388
378
156
-6
90
256
427
435
610
560
240
215
174
59
203
497
596
587
619
463
187
134
76
-8
134
154
169
68
-142
-235
-429
-290
-267
-401
-363
-375
-125
-226
-411
-250
-213
-105
-211
-333
-197
-200
-202
-350
-443
-228
-336
-426
-331
-409
-315
-406
-510
-348
-380
-380
-510
-438
-102
-44
54
31
-8
27
-95
-221
-392
-355
-138
10
43
-17
50
91
-189
-473
-405
-154
-93
-235
9
454
417
150
88
418
496
93
188
569
710
632
536
658
656
607
464
297
484
592
424
421
688
658
432
385
350
200
138
256
192
279
692
775
644
577
380
141
-113
-300
-317
-135
51
-52
51
70
-335
-555
-626
-757
-680
-320
-169
-66
152
130
-29
-140
-220
-349
-302
-340
-446
-512
-768
-793
-852
-1009
-1179
-1186
-906
-915
-804
-780
-772
-475
-436
-234
-31
-43
-98
-178
-166
-355
-370
-121
-91
-24
77
170
310
124
-114
-103
-32
68
239
599
782
701
574
369
346
308
113
152
419
628
668
713
784
744
605
419
378
576
678
548
507
634
707
656
579
601
630
459
329
356
400
301
19
-34
54
107
116
8
-22
-103
-297
-389
-376
-290
-167
-90
-50
-57
-100
-171
-377
-555
-587
-611
-509
-303
-256
-326
-378
-305
-193
-273
-422
-540
-489
-270
-251
-324
-391
-440
-400
-565
-798
-971
-985
-726
-673
-690
-551
-373
-256
-454
-658
-737
-770
-554
-354
-204
-31
30
131
200
226
224
168
256
414
567
626
515
467
595
780
736
581
675
844
862
700
681
929
933
724
694
875
950
579
271
483
719
682
575
678
931
784
423
352
388
416
346
277
417
355
56
-223
-454
-425
-426
-530
-416
-280
-81
-22
-269
-432
-569
-567
-498
-689
-823
-910
-933
-883
-965
-801
-541
-505
-516
-560
-495
-561
-793
-777
-669
-555
-579
-692
-564
-494
-554
-661
-676
-431
-338
-351
-291
-211
-78
-167
-303
-162
70
247
203
109
249
334
341
440
631
819
750
666
762
796
660
508
690
998
981
754
560
563
542
366
418
698
976
991
680
532
498
320
94
-61
93
217
47
9
87
77
-99
-267
-80
13
-191
-255
-60
202
39
-293
-248
-123
-120
-303
-352
-117
-153
-302
-332
-233
-39
-151
-198
-50
-42
-87
-235
-254
-204
-310
-348
-362
-405
-523
-636
-541
-347
-141
-40
-124
-301
-442
-419
-441
-534
-524
-444
-319
-387
-508
-437
-354
-256
-219
-173
-91
-99
-14
-31
-48
63
51
85
89
181
366
277
206
253
419
527
329
302
410
468
410
237
278
305
227
179
218
484
653
626
573
479
442
335
183
170
181
246
265
201
155
45
2
-3
19
207
388
488
448
268
133
40
1
-84
-153
-41
36
20
-29
-58
-6
-37
-168
-271
-301
-280
-332
-396
-323
-262
-284
-337
-401
-304
-212
-153
-39
-80
-100
-190
-289
-236
-301
-302
-352
-432
-432
-595
-609
-535
-493
-380
-389
-266
-163
-243
-241
-298
-246
-240
-428
-524
-641
-583
-437
-377
-181
-34
99
202
233
401
529
587
613
585
645
603
440
323
246
250
227
243
495
732
836
843
826
879
761
548
481
473
416
230
78
172
318
374
409
462
526
435
271
316
467
524
452
347
273
79
-230
-452
-534
-506
-478
-437
-316
-276
-383
-522
-522
-408
-461
-644
-787
-886
-947
-989
-906
-787
-879
-1055
-1116
-967
-668
-395
-123
115
148
-27
-258
-369
-365
-409
-422
-281
-21
164
144
136
246
295
211
115
167
293
354
405
489
537
471
315
211
264
392
446
419
421
462
424
345
361
473
516
393
279
310
410
427
336
217
64
-146
-313
-310
-162
-50
-20
48
183
285
239
134
86
69
53
31
12
-44
-138
-136
39
262
393
385
260
62
-119
-171
-127
-136
-258
-352
-344
-292
-295
-328
-313
-348
-432
-481
-422
-265
-182
-169
-151
-155
-213
-358
-476
-472
-362
-190
-14
170
311
320
235
134
51
-75
-269
-395
-380
-276
-201
-162
-112
-93
-142
-200
-188
-97
29
160
332
505
548
440
326
306
332
308
234
204
201
209
253
344
425
391
254
116
59
36
-13
-37
6
69
77
26
0
27
62
44
-14
-53
-61
-58
-48
-36
-21
-47
-96
-112
-88
12
116
175
215
188
142
92
37
-17
-85
-124
-123
-91
-70
-90
-151
-238
-314
-348
-316
-251
-189
-135
-108
-123
-185
-238
-265
-293
-307
-285
-197
-98
-43
32
138
210
222
166
119
90
57
54
43
30
8
-22
8
53
60
56
48
37
0
-38
24
151
267
316
292
226
116
7
-71
-74
-15
40
104
170
230
272
257
186
69
-27
-24
49
142
189
151
50
-94
-245
-358
-425
-427
-345
-208
-62
56
112
144
144
102
48
-11
-23
-39
-95
-124
-116
-36
60
108
115
74
35
19
-13
-38
-63
-32
62
117
132
72
-35
-96
-134
-130
-88
-45
35
92
75
-7
-147
-277
-374
-435
-433
-351
-183
1
88
77
15
-25
11
83
156
168
149
161
167
126
19
-96
-130
-100
-52
18
134
280
382
364
241
111
41
19
54
137
239
288
241
160
89
27
-26
-65
-46
-1
-12
-65
-89
-60
-51
-98
-147
-126
-50
-18
-42
-38
27
74
4
-141
-235
-237
-203
-160
-115
-62
-38
-54
-45
19
101
136
104
38
-32
-67
-73
-36
27
71
63
-28
-169
-283
-314
-289
-239
-171
-61
96
210
192
72
-51
-126
-146
-135
-84
5
95
153
127
45
-26
-27
64
189
302
364
360
309
209
85
-32
-125
-172
-169
-141
-124
-120
-121
-95
-52
-13
27
55
57
48
54
75
86
81
101
131
128
70
42
128
285
381
370
346
335
289
156
-25
-164
-244
-286
-281
-206
-70
77
184
225
174
41
-104
-169
-118
10
117
134
47
-88
-197
-273
-336
-389
-392
-296
-165
-42
58
123
143
51
-104
-224
-273
-318
-418
-482
-449
-368
-330
-371
-401
-359
-305
-264
-238
-194
-117
-82
-23
94
212
285
210
111
94
107
168
202
275
454
584
685
667
516
368
164
78
109
122
202
187
135
163
150
196
199
104
115
114
182
272
218
204
121
52
115
125
210
256
182
157
50
-38
-74
-180
-163
-88
-28
55
-12
-71
-97
-188
-218
-330
-436
-395
-362
-234
-104
-65
-15
-113
-239
-321
-426
-421
-457
-499
-397
-283
-105
13
-5
-24
-131
-229
-245
-238
-132
-92
-90
-10
30
60
-22
-153
-146
-113
-24
118
218
309
241
61
-44
-105
-112
-155
-228
-178
-91
22
176
289
355
308
205
204
274
320
311
275
322
414
436
450
456
478
481
392
340
326
394
495
476
425
267
76
-28
-120
-159
-251
-390
-400
-314
-182
-162
-299
-365
-364
-310
-253
-283
-225
-165
-155
-123
-155
-118
-87
-131
-124
-138
-99
-34
-28
31
55
46
56
36
41
-13
-82
-51
11
56
-36
-167
-174
-112
-44
-52
-70
-41
-59
-86
-110
-72
59
93
28
-67
-112
-53
-32
46
120
172
325
376
417
385
201
80
-77
-184
-233
-231
-94
11
107
91
-41
-82
-125
-129
-85
-106
-68
-53
-63
-46
-92
-107
-142
-131
-35
2
46
38
35
120
171
232
261
250
215
111
47
20
37
62
42
16
0
19
21
35
68
84
122
134
135
123
59
-8
-47
-24
36
35
20
-6
-44
14
25
49
103
49
43
-34
-98
-69
-94
-43
-40
-52
-38
-126
-195
-274
-310
-259
-255
-232
-218
-223
-207
-253
-226
-170
-159
-157
-246
-223
-184
-193
-135
-154
-84
-58
-139
-92
-47
48
102
22
27
25
22
77
80
154
202
151
192
222
275
336
304
347
334
282
275
208
219
204
143
183
198
227
199
91
70
77
125
205
222
226
188
97
39
-15
-29
6
34
92
144
139
72
-56
-208
-310
-360
-350
-297
-281
-277
-295
-299
-201
-106
-19
34
-5
-25
-75
-103
-59
-60
-46
-71
-126
-127
-161
-192
-213
-200
-86
18
80
69
-10
-61
-92
-87
-41
-3
23
-1
-63
-102
-110
-89
-53
-49
-39
-23
-32
10
59
136
231
236
235
185
114
75
7
19
68
79
116
95
70
28
-92
-131
-129
-93
-16
13
87
144
133
133
102
103
115
97
164
250
310
339
265
197
101
-16
-39
1
105
206
267
340
386
347
266
195
139
105
26
-55
-104
-184
-277
-361
-381
-345
-325
-293
-242
-170
-124
-139
-153
-164
-190
-251
-297
-317
-341
-348
-369
-341
-284
-222
-138
-113
-103
-110
-143
-174
-226
-229
-204
-162
-117
-72
18
75
81
42
11
11
-9
9
75
165
246
245
230
207
165
147
123
158
199
152
102
50
32
41
27
102
179
212
238
204
221
190
96
78
57
111
142
89
101
33
-10
-4
-9
141
186
136
60
-106
-116
-118
-80
53
87
133
89
23
79
90
122
98
3
-14
-85
-115
-116
-142
-116
-167
-180
-142
-98
-20
-20
-22
-47
-110
-144
-173
-152
-134
-143
-139
-154
-159
-174
-157
-74
17
82
77
68
51
3
-27
-57
-50
-50
-93
-127
-137
-124
-114
-87
-22
56
79
49
8
-42
-51
-43
-3
88
118
130
115
88
91
38
-3
-4
39
136
186
214
195
133
78
6
-6
4
6
23
14
49
82
80
87
40
11
-11
-31
22
49
69
66
22
23
6
7
1
-47
-61
-97
-91
-56
-30
15
4
11
9
-14
-1
-38
-25
-8
4
57
52
83
77
13
-31
-110
-118
-117
-126
-88
-58
12
17
-30
-63
-113
-102
-100
-70
11
46
62
10
-56
-65
-78
-71
-71
-71
-37
-37
-42
-54
-79
-85
-105
-111
-94
-70
-41
-34
-38
-30
-21
-16
-7
5
22
34
23
27
56
102
184
278
373
422
396
326
216
127
65
12
4
-6
18
45
25
18
-19
-20
2
3
59
109
167
167
77
11
-55
-46
20
87
209
247
213
157
30
-10
-43
-55
-10
-41
-49
-100
-192
-238
-321
-311
-292
-318
-310
-351
-297
-202
-145
-62
-49
-43
-99
-256
-356
-406
-352
-233
-177
-64
4
-20
-101
-253
-281
-254
-223
-144
-68
115
260
306
337
334
399
424
408
440
439
417
316
202
208
245
265
202
81
10
-28
-18
65
190
325
353
246
128
44
24
23
-17
-3
36
59
54
-5
-17
-32
-115
-184
-233
-203
-140
-126
-79
-44
-6
-21
-100
-134
-167
-193
-232
-251
-205
-192
-222
-316
-403
-430
-397
-264
-102
76
164
164
114
13
-32
-81
-67
-3
39
133
158
162
137
41
5
-46
-53
-10
15
113
158
156
133
17
-61
-127
-138
-46
39
156
217
216
212
143
93
61
40
87
137
195
236
205
172
133
124
157
184
221
198
134
74
32
15
-8
-39
-66
-53
-21
-6
-36
-119
-195
-216
-181
-128
-110
-145
-179
-181
-165
-145
-176
-232
-268
-289
-260
-243
-245
-223
-200
-139
-108
-156
-240
-358
-402
-353
-260
-149
-129
-150
-177
-204
-152
-85
25
140
166
168
89
0
1
55
248
462
595
631
491
316
183
140
258
425
622
758
754
659
477
343
300
352
492
581
588
472
304
151
36
10
16
41
62
53
31
-37
-138
-237
-298
-299
-311
-355
-435
-536
-582
-584
-524
-456
-419
-387
-381
-362
-369
-393
-415
-435
-411
-399
-399
-403
-406
-344
-240
-138
-67
-80
-129
-184
-226
-197
-147
-57
26
71
108
79
42
13
13
88
177
279
336
327
286
202
149
146
186
275
319
328
300
241
201
161
167
221
287
337
296
189
64
-23
-33
31
152
235
248
167
42
-39
-99
-89
-53
0
80
82
74
10
-72
-94
-131
-93
-69
-65
-23
-49
-24
-7
-17
20
-35
-54
-83
-130
-91
-96
-36
12
1
12
-66
-97
-138
-172
-119
-111
-55
-49
-90
-101
-159
-141
-123
-95
-38
-63
-54
-77
-99
-79
-98
-67
-58
-35
4
-8
8
-9
-28
-27
-46
-34
-9
25
62
77
81
69
80
114
153
192
178
134
68
14
2
-5
19
26
36
60
75
113
121
129
128
103
98
59
31
1
-45
-50
-73
-58
-48
-65
-53
-70
-46
-30
-37
-12
-23
20
48
52
54
-21
-75
-108
-93
-40
-19
11
17
10
21
5
0
-20
-22
5
15
34
10
-30
-45
-62
-38
-15
-6
18
15
36
56
60
69
43
33
14
-26
-32
-43
-32
-10
-7
19
11
3
-2
-10
23
52
75
78
50
10
-44
-69
-72
-67
-53
-58
-66
-70
-83
-82
-79
-61
-29
-12
13
19
12
6
-8
14
41
64
78
54
31
-1
-13
-6
-9
-1
-6
-18
-22
-21
-19
-11
-7
2
25
36
44
37
36
54
65
100
101
83
62
18
14
10
12
34
19
29
23
-11
-29
-75
-76
-76
-62
-13
-10
4
-9
-31
-25
-44
-25
-23
-24
-9
-30
-17
-19
-34
-18
-18
15
38
43
52
24
14
3
-3
1
-10
-11
-20
-26
-28
-33
-24
-10
7
35
47
48
43
19
12
-1
-10
-11
-20
-9
-3
10
20
8
-8
-23
-25
-16
5
23
32
31
18
10
-8
-33
-41
-43
-29
-3
4
9
12
9
17
19
9
13
5
-6
-1
-14
-20
-19
-22
-8
-5
-5
0
0
14
35
55
62
47
24
1
-25
-45
-48
-46
-33
-19
-15
1
-9
-25
-31
-35
-10
12
23
41
48
61
70
71
69
41
20
6
-8
8
13
24
32
19
23
6
-10
-9
-16
-3
-1
1
11
-4
-11
-23
-34
-24
-37
-44
-54
-69
-65
-85
-93
-106
-129
-110
-98
-76
-50
-44
-11
12
40
65
53
41
12
-4
-2
12
49
88
120
143
131
88
24
-44
-61
-43
1
57
69
92
111
110
97
35
1
-9
-1
29
43
67
61
33
27
34
48
28
-20
-48
-67
-67
-64
-52
-15
0
-19
-74
-125
-144
-157
-155
-126
-70
-20
-16
-25
-30
-27
-26
-53
-51
-22
27
81
88
101
100
64
39
16
47
92
81
70
53
71
93
69
57
26
14
8
-21
-9
-9
-3
6
-14
-14
-27
-28
-9
-16
-2
-9
-41
-49
-71
-71
-67
-90
-92
-111
-105
-76
-59
-16
-2
1
1
-22
-28
-44
-56
-38
-17
31
55
56
55
20
6
-6
5
36
53
87
111
128
139
108
65
30
-1
-4
-3
-3
-2
-19
-23
-34
-51
-52
-48
-31
-9
-1
10
7
10
29
35
27
14
10
16
22
46
60
55
39
15
3
-4
-3
14
23
33
30
15
-10
-51
-71
-78
-70
-57
-50
-48
-59
-70
-71
-65
-55
-35
-11
6
5
-5
-16
-32
-45
-41
-26
3
32
46
53
44
28
13
-8
-17
-18
-22
-17
-28
-37
-26
-44
-43
-43
-51
-23
-27
8
34
33
71
55
74
89
75
103
79
85
102
88
117
90
74
68
18
21
-10
-19
4
-11
22
6
-12
-2
-39
-30
-44
-61
-48
-67
-44
-30
-28
13
15
33
43
21
31
20
32
76
101
131
116
66
15
-49
-83
-91
-101
-82
-72
-89
-109
-150
-175
-187
-201
-177
-150
-118
-102
-119
-120
-147
-151
-132
-118
-48
-3
45
86
83
104
79
74
88
85
133
143
160
174
137
143
124
112
129
108
126
126
113
119
79
76
65
39
51
22
25
25
0
18
4
13
25
11
16
-23
-44
-53
-67
-32
-27
-1
20
-14
-23
-51
-56
-28
-12
24
22
3
-7
-37
-42
-47
-50
-29
-48
-55
-64
-75
-44
-39
-21
-12
-37
-54
-94
-110
-111
-112
-75
-73
-79
-79
-104
-100
-106
-99
-64
-54
-14
0
-4
24
26
43
54
39
42
24
30
46
57
90
96
99
93
66
50
24
28
46
56
82
86
85
75
33
-1
-45
-67
-56
-44
8
46
73
96
73
63
36
14
30
34
66
84
87
101
71
53
25
-2
11
-4
11
10
-5
-5
-54
-61
-79
-90
-55
-63
-43
-43
-65
-66
-88
-53
-24
-10
13
-24
-53
-91
-116
-83
-56
-5
29
32
39
18
19
18
9
23
7
11
5
-12
1
-24
-34
-44
-61
-40
-38
-6
14
15
23
5
17
28
27
41
13
-2
-12
-30
-2
-5
2
1
-29
-32
-51
-40
-14
0
23
15
-7
-30
-69
-75
-64
-42
10
38
70
82
62
66
49
49
58
53
70
65
50
38
18
26
22
33
63
73
94
96
87
82
50
32
4
-24
-33
-58
-56
-61
-72
-67
-72
-52
-38
-32
-20
-24
-17
-17
-18
0
4
14
13
-7
-12
-22
-12
14
29
59
52
32
12
-28
-40
-42
-33
-17
-28
-43
-63
-85
-80
-76
-53
-24
-26
-8
-13
-23
-28
-56
-59
-52
-40
-29
-32
-15
6
20
44
49
50
48
30
24
12
4
6
-3
-1
-4
-9
-1
-1
11
26
41
71
95
114
120
107
93
73
63
53
44
46
43
31
18
2
-7
-5
1
5
-8
-16
-23
-33
-38
-44
-43
-33
-33
-30
-31
-19
3
2
9
1
-7
-8
-25
-18
-19
-13
-9
-24
-34
-51
-67
-78
-90
-91
-80
-75
-43
-20
-7
2
-8
-1
-14
-6
3
4
30
12
28
29
26
39
20
34
35
36
38
32
39
30
24
24
31
35
36
27
25
23
21
26
2
-2
-23
-50
-56
-83
-69
-57
-39
-9
-20
-13
-19
-28
-21
-17
27
62
81
99
76
73
64
65
95
96
127
139
124
119
73
42
4
-26
-22
-35
-19
-22
-29
-25
-46
-49
-64
-76
-68
-84
-70
-70
-80
-71
-89
-73
-68
-66
-45
-64
-51
-62
-83
-81
-126
-135
-142
-144
-97
-83
-40
-4
-1
29
11
14
26
24
63
43
42
45
19
46
37
66
100
86
117
97
92
91
47
57
44
55
80
51
52
25
7
17
-4
27
30
25
39
29
65
60
25
-1
-29
-12
5
15
25
13
-10
-41
-91
-100
-103
-102
-40
9
89
110
68
36
-32
-51
-77
-73
-38
-16
20
26
38
34
11
-24
-50
-58
-61
-56
-73
-66
-58
-49
-38
-47
-46
-74
-90
-86
-66
-22
-7
16
24
31
30
13
11
27
55
69
