5
21
43
35
28
21
7
13
-11
-15
-22
-29
-42
-74
-52
-41
-11
36
75
113
100
83
66
33
21
8
1
12
17
22
10
5
29
36
53
62
49
54
25
5
-8
-30
-22
-41
-34
-35
-46
-45
-59
-40
-34
-29
-22
-24
-25
-55
-64
-61
-55
-25
-6
21
32
27
10
-2
-8
-11
-20
-21
-8
-18
-9
-7
-11
-5
-8
4
0
-4
-5
-22
-8
-4
-2
6
7
5
-3
-9
-11
-5
-1
-1
-3
6
14
25
30
24
26
18
5
12
20
40
46
45
50
29
14
-5
-21
4
19
43
60
61
58
32
15
1
-10
0
14
33
45
39
24
10
-7
-14
-23
-32
-24
-33
-30
-36
-45
-41
-57
-47
-37
-27
-16
-27
-25
-21
-15
-16
-22
-24
-34
-50
-70
-79
-70
-75
-61
-39
-19
-8
-31
-58
-80
-94
-87
-71
-14
34
58
80
67
51
29
13
35
57
96
130
131
129
90
53
18
-12
-7
-9
3
28
29
39
37
41
50
27
13
-3
-22
-30
-57
-51
-10
39
86
98
87
72
36
-10
-15
1
44
83
76
74
29
-43
-100
-136
-85
-15
49
107
89
60
-27
-122
-172
-209
-146
-80
-40
-13
-43
-39
-67
-101
-98
-103
-59
-59
-97
-108
-119
-81
-57
-51
-12
-9
-7
-31
-63
-19
48
106
132
125
119
67
-21
-86
-110
-50
41
128
212
267
275
207
96
13
-15
-10
9
39
80
127
130
61
-2
-45
-42
-1
54
150
219
229
176
54
-69
-161
-226
-208
-114
8
130
163
147
93
-24
-104
-204
-251
-221
-191
-118
-97
-63
-19
-27
-21
-53
-70
-87
-148
-188
-223
-191
-136
-95
-49
-23
0
-12
-50
-45
-5
61
116
136
141
105
46
-5
-32
-10
46
107
161
170
146
104
61
53
72
138
194
215
220
166
105
36
-41
-51
-82
-76
-58
-63
6
45
113
174
151
145
65
-25
-89
-181
-189
-179
-154
-76
-48
7
40
6
17
-42
-75
-65
-101
-42
-27
-27
-24
-123
-158
-226
-263
-224
-199
-76
11
44
79
24
-18
-76
-156
-165
-175
-119
-44
10
108
156
159
146
71
30
11
6
79
141
207
269
225
193
118
24
-3
-53
1
68
116
203
161
119
55
-40
-34
-69
-26
41
66
152
141
116
50
-63
-104
-135
-108
-72
-51
-34
-34
-27
-21
-33
-78
-130
-184
-210
-172
-129
-71
-37
-31
-31
-76
-125
-176
-202
-150
-59
82
189
226
213
151
105
76
77
75
84
102
97
111
88
56
25
-25
-19
-21
-5
38
18
25
7
-28
-13
-48
-51
-47
-75
-48
-84
-102
-110
-123
-75
-64
-10
35
51
74
52
45
15
-2
8
16
36
52
47
12
-14
-60
-63
-60
-53
-12
-10
13
-8
-23
-16
-30
-6
-16
6
17
7
27
2
19
9
5
4
-3
28
50
115
136
130
109
69
23
-25
-32
-38
-34
-17
2
-1
-15
-54
-121
-155
-188
-188
-167
-133
-73
-53
-4
14
19
38
28
68
95
108
121
104
112
111
119
137
123
101
51
-16
-60
-76
-71
-25
9
45
73
62
49
-2
-4
18
14
47
55
71
79
66
54
9
31
1
-49
-43
-63
-69
-99
-109
-125
-146
-116
-147
-176
-150
-163
-182
-153
-115
-64
-32
-7
-6
-61
-35
-71
-92
-26
-14
44
59
83
111
79
111
83
81
145
146
181
177
168
172
108
84
39
3
10
-27
-15
-23
-23
-12
-57
-38
-38
-36
-41
-65
-40
-24
0
11
11
24
2
-18
-39
-41
-23
-18
-20
-10
12
22
44
32
16
-1
-33
-27
-25
7
46
41
49
25
-9
-10
-25
-5
14
28
39
22
26
14
5
-5
-24
-15
-17
-13
-28
-51
-55
-64
-67
-71
-65
-60
-55
-60
-52
-41
-26
-15
-30
-31
-49
-39
-25
-25
9
18
50
64
52
71
56
57
48
35
67
83
99
94
77
56
36
10
-5
-6
-4
9
4
15
27
9
4
-33
-51
-50
-64
-54
-48
-34
-22
-9
-4
-3
-10
-14
-15
-24
6
16
43
84
77
76
56
25
8
-8
12
26
18
22
-26
-77
-103
-160
-148
-118
-85
-29
-22
3
-16
-16
18
2
49
82
95
135
132
136
141
105
104
40
24
33
-32
18
14
7
49
29
-41
-155
-171
-201
-182
-115
-126
-77
-29
-7
-105
-129
-139
-184
-80
-40
4
67
102
88
32
33
8
8
48
55
57
66
84
62
36
27
31
22
19
34
2
25
53
29
40
42
37
55
68
41
14
40
59
67
94
73
58
61
30
-28
-54
-51
-56
13
14
-2
19
-12
-16
-76
-82
-92
-99
-12
-71
-44
-11
-95
-71
-84
-23
-20
10
70
-38
44
21
-17
43
17
82
36
47
19
-76
-23
-18
-21
-15
11
-2
-43
-69
-99
-149
-118
-35
-126
-103
-63
-183
-159
-163
-108
-62
16
144
-18
42
55
-34
101
67
124
190
191
174
9
59
76
-4
122
98
139
241
110
88
94
92
33
-36
-34
-128
-140
-196
-227
-110
18
82
152
231
178
124
36
20
56
161
133
78
171
-21
-77
-166
-174
-44
-82
-3
-72
67
40
-128
49
67
166
115
-72
-175
-217
-267
-492
-422
-243
-142
-88
2
25
105
209
-1
77
96
107
156
8
52
0
2
-76
-155
4
9
77
215
179
224
254
155
73
25
51
-55
-84
-35
-196
-119
-53
-87
37
27
40
8
-90
-132
-190
-106
-42
-53
13
25
-14
-45
-111
-134
-21
7
-30
58
72
96
119
78
94
37
44
-28
-129
-10
4
42
164
209
270
252
196
252
164
193
219
34
41
-124
-228
-257
-297
-191
-223
-121
-112
-190
-229
-327
-274
-251
-152
-79
-62
0
-55
-36
-39
-29
69
134
219
281
268
272
223
237
228
49
89
44
1
79
19
139
151
211
161
-106
-52
-181
-188
-122
-95
40
-18
101
-41
-86
32
-43
55
-27
-65
-167
-197
-161
-201
-51
-53
46
-19
-88
-103
-186
-24
-66
0
18
6
31
-91
-47
-66
48
107
102
114
41
157
35
-16
-30
-63
69
-13
36
-48
-95
21
-123
-33
-26
-63
100
56
113
79
-14
31
-10
136
87
51
54
-65
65
-14
0
23
-1
95
39
66
-8
42
110
82
155
71
49
53
54
51
68
108
88
263
255
222
205
-7
112
141
209
170
6
111
-102
79
-58
-263
83
-163
53
-145
-369
-266
-414
-174
-379
-254
-249
-242
-171
-419
-482
-632
-511
-462
-213
-117
-200
-153
-350
-224
-243
-140
-122
-158
208
187
239
270
142
372
395
306
325
195
139
146
58
128
109
314
192
230
570
82
213
101
67
318
158
579
282
702
852
-161
180
-372
-511
-224
-113
392
580
772
200
-356
90
-22
61
482
134
421
380
80
-190
-396
-243
-220
-392
-142
-547
-694
-782
-808
-619
-516
-89
-715
-491
-707
-815
-554
-396
-61
358
1137
680
-337
-916
-911
-268
290
260
100
318
767
185
-220
-436
-175
79
117
470
694
822
358
27
-234
-105
105
38
-16
390
259
-150
-131
-139
84
540
483
547
447
132
11
-183
87
299
247
-113
-176
-7
8
-118
-129
-230
-84
343
246
-31
-15
-326
-334
-303
-288
-267
-391
-76
-180
-214
-40
-151
-181
72
22
-90
303
221
119
394
31
-138
-121
-82
127
289
472
126
14
30
-322
-147
-28
-32
219
59
-113
-195
-136
-188
-352
-234
-244
-36
322
350
182
187
211
109
133
77
143
133
201
40
-330
-367
-349
-462
-359
-429
-508
-174
-116
36
143
210
257
201
5
66
51
7
257
241
338
333
104
48
54
-125
-361
-490
-205
127
478
365
-21
57
17
72
212
-107
-135
84
156
274
222
-43
-182
-113
-71
-39
-148
-327
-288
34
242
223
55
30
-342
-260
-215
-201
168
245
86
-92
287
-64
-215
-119
-425
-46
334
238
131
266
211
-111
-212
-178
-158
-102
152
199
193
454
224
150
336
266
369
141
-98
17
5
-52
22
52
-171
-233
-310
-418
-369
-45
-128
-381
-238
-169
73
-128
-160
-167
-300
-5
-182
-315
-111
46
263
-43
111
482
267
-1
-356
-347
-266
0
-80
-430
-61
261
37
-163
-99
-152
171
344
47
298
265
229
277
13
216
330
206
-104
-344
-231
-141
61
210
371
542
500
438
78
-93
-183
-228
3
16
8
-98
-42
-131
-169
-24
-218
-246
-190
-77
95
262
326
388
487
275
90
-302
-433
-213
-222
37
103
133
242
118
119
69
80
-78
-317
-156
62
65
70
-70
-265
-107
-45
-299
-475
-368
-414
-422
-268
-278
-60
219
290
161
-54
-24
-16
-36
134
117
129
319
142
-3
-78
-321
-340
-257
9
214
313
324
76
182
324
273
279
172
128
97
-32
-215
-301
-153
74
125
75
62
-184
-380
-458
-461
-313
-197
-20
66
250
452
345
231
138
39
46
56
134
190
176
268
176
64
52
-184
-310
-241
-169
-10
54
24
-10
-96
-86
-55
-75
-86
-106
-76
-32
53
154
135
143
87
-6
21
-74
-97
-67
-9
156
161
193
47
-159
-193
-214
-95
12
163
112
38
37
-104
42
124
173
238
154
157
89
178
282
221
180
77
-57
-222
-347
-467
-587
-605
-644
-668
-545
-407
-435
-466
-508
-436
-186
-88
73
156
67
32
-219
-300
-147
-140
-154
-200
-18
296
480
546
421
380
520
598
698
857
996
1033
948
966
816
633
510
141
-54
-99
29
238
290
225
-107
-148
-60
-121
-70
-129
36
436
701
845
760
354
-46
-446
-834
-742
-771
-728
-544
-502
-1
-112
-343
-445
-823
-636
-819
-866
-718
-458
-5
-253
-331
-654
-1075
-1602
-1952
-1252
-241
1181
1424
1387
1905
2380
3197
2625
2336
2462
2940
3374
2132
1081
-613
-1489
-2640
-4359
-4719
-5607
-5349
-6045
-6518
-5610
-4843
-2951
-2614
-1951
-776
546
2187
2258
2554
2321
2591
2794
2141
1891
1250
1451
1298
1315
1869
2227
3296
3497
3595
3812
4139
4628
4102
3488
2680
1914
1167
-139
-1476
-2573
-3298
-3886
-4340
-4197
-3632
-2935
-2031
-1262
-154
1020
1969
2629
2790
3118
3149
3026
2526
1790
1225
692
456
-160
-781
-1256
-1542
-1552
-1559
-1402
-1428
-1336
-1486
-1959
-2242
-2555
-2772
-3216
-3618
-3754
-3662
-3339
-3332
-3067
-2481
-1584
-724
-290
326
798
1568
1995
2138
2564
2565
2791
2367
1925
1846
1560
1542
655
-110
-672
-975
-572
-295
685
1465
2229
2730
2775
3292
3473
3893
3775
3512
3245
2480
1538
-469
-2473
-4572
-6058
-6956
-7741
-7787
-7964
-7297
-6480
-5249
-3551
-2222
-406
819
2268
3509
4205
4743
4314
4001
3409
2911
2324
1472
1027
664
1010
1464
2062
2844
3494
4318
4845
5044
4932
4436
3600
2609
1497
465
-540
-1738
-2909
-3904
-4583
-4938
-5023
-5075
-4663
-4006
-3016
-1613
-557
501
975
1241
1502
1670
1943
1769
1550
1063
876
744
501
260
-462
-910
-1397
-1599
-1601
-1760
-1847
-2110
-2221
-2267
-2185
-2183
-2250
-2277
-2223
-1738
-1201
-639
-319
-212
84
403
815
1107
1381
1739
2110
2470
2596
2700
2648
2575
2449
2101
1803
1414
1074
729
114
-636
-1097
-1132
-454
345
874
1487
1944
2784
3377
3606
3631
3366
3255
2423
1325
-455
-2445
-4069
-6089
-7211
-8541
-9245
-9455
-9916
-9167
-8388
-6387
-4229
-2380
-448
845
2642
3820
4715
4876
4541
4445
4054
3988
3584
3194
2849
2357
2134
2071
2367
2751
3125
3507
3939
4534
4783
4808
4457
3695
2736
1287
-81
-1257
-2342
-3238
-4049
-4679
-4618
-4731
-4578
-4331
-3895
-2451
-1413
198
1217
2273
3296
3629
4167
3747
3378
2359
1281
418
-428
-883
-1349
-1719
-2151
-2583
-2942
-2819
-2889
-2913
-3080
-2879
-2068
-1584
-1473
-1894
-2043
-1766
-1363
-1242
-1120
-855
-250
409
809
1412
1900
2483
2664
2621
2856
2999
3182
2891
2236
1947
1369
1082
475
-260
-273
-284
420
646
855
1215
1924
2835
3050
2823
2090
1928
1182
113
-1888
-3889
-5426
-7344
-8817
-10667
-11198
-11416
-11170
-10309
-8889
-6048
-3546
-1124
690
2780
5117
6762
7727
7744
7786
7573
7009
6069
4749
3787
2804
2005
1341
954
1437
2063
2971
3513
4017
4624
4777
4605
3618
2642
1747
797
-317
-1832
-3152
-4124
-4906
-5410
-5861
-5762
-5110
-4145
-2668
-1329
324
1711
2888
4086
4756
5444
5280
4812
4194
3379
2824
1609
426
-1042
-2487
-3686
-4914
-5471
-5963
-6075
-6244
-6118
-5375
-4582
-3634
-3260
-2676
-2097
-1643
-1305
-1474
-1087
-681
114
943
1581
2548
2957
3466
3829
4267
5191
5683
6185
6418
5976
5635
4358
3541
3120
2565
2754
1824
1962
2017
1956
1873
251
-106
-620
-654
-1375
-3754
-5503
-7650
-9036
-10829
-13126
-14161
-14936
-14418
-13899
-12843
-10437
-7890
-4606
-2004
1084
4484
7315
9466
10093
10850
11457
11767
11158
9468
7908
6443
5296
4043
3077
2726
2807
3005
3021
3272
3535
3603
2979
1953
1237
522
-254
-1752
-3462
-4686
-5776
-6289
-7063
-7335
-6974
-6233
-4618
-3234
-1311
317
1924
3614
4962
6546
7356
7821
7639
7227
6739
5900
4751
3289
1855
453
-916
-2626
-4195
-5715
-6717
-7506
-8204
-8378
-8324
-7624
-7244
-7057
-6709
-5988
-4459
-3249
-2316
-1604
-705
629
1438
1747
1591
1710
2349
3306
4211
5045
5910
6424
6906
6925
7576
8458
8978
9135
8250
8145
7987
7265
5689
2823
1186
-138
-1562
-3621
-7075
-9112
-11287
-12857
-14353
-16148
-16024
-16801
-16424
-16061
-14379
-11042
-9038
-6346
-4688
-1303
2321
4746
6707
7183
8951
10149
10968
11093
10586
10813
10374
9946
9023
8462
8355
7797
7030
5828
5566
5502
5118
3848
1940
933
-170
-1176
-3124
-5125
-6114
-7249
-7926
-9255
-9781
-9440
-9353
-8623
-8226
-6359
-4116
-2422
-665
547
3117
5244
6683
7432
7634
8626
9014
8923
7984
6721
5501
4007
2190
456
-1119
-2494
-3804
-5351
-5990
-6507
-6338
-6464
-6698
-6192
-5821
-4774
-4674
-4433
-3927
-3312
-2272
-2155
-1656
-1178
-325
477
589
1096
1682
2927
4259
5756
7743
9352
10700
11258
11809
12446
12186
11207
9076
7426
5802
3324
183
-4210
-7425
-10564
-13177
-15516
-17881
-18339
-19067
-18618
-18087
-16462
-13449
-11151
-8376
-6669
-3780
-809
1686
3632
4226
5761
6708
7905
8107
7875
8404
8803
10015
10342
10910
11544
11980
12445
11910
11648
11214
10621
9585
7772
6030
4065
1803
-833
-3541
-5666
-7423
-9035
-10535
-11490
-11832
-11653
-11273
-10694
-9418
-7979
-6164
-4682
-3113
-1291
212
1738
2416
3102
3627
4007
4244
3982
3808
3545
3333
2749
2078
1290
777
272
-238
-410
-550
-287
-557
-945
-1426
-1539
-1337
-1551
-1790
-2261
-1944
-1697
-1700
-2040
-2658
-2321
-2214
-1807
-1486
-755
1325
3239
5305
6627
7931
9964
11558
12591
12295
11203
10352
9058
7072
4209
429
-2551
-5842
-9002
-12224
-15434
-16725
-17934
-17734
-17234
-15695
-12809
-10529
-7999
-6457
-4207
-1892
-11
1074
1343
1980
2510
3160
2750
2510
2355
2940
3977
4623
6052
7179
8931
10266
11103
12224
12624
12844
12074
10746
9912
8759
7322
4916
1986
-130
-2109
-3864
-6029
-8015
-8865
-9062
-8844
-8656
-8260
-7392
-6384
-5654
-4712
-3589
-2140
-1082
-761
-325
161
847
937
477
79
43
299
406
210
-206
-453
-760
-842
-962
-950
-584
-274
202
455
812
1343
1669
1739
1585
1563
1815
1851
1354
765
46
-5
303
1030
2452
3240
4184
4726
5940
7981
9033
9729
9051
8829
8983
7902
5880
1830
-1824
-4942
-8072
-10943
-14488
-16760
-18165
-18909
-18822
-18365
-16275
-13646
-10848
-7943
-4863
-886
2397
4467
5134
5444
6195
6408
5931
4456
3427
2905
2499
2173
1644
2212
3114
4416
5780
6994
8739
9699
10254
10151
9913
10111
9497
8108
5621
3081
1399
-6
-1480
-3457
-5249
-6130
-6476
-6411
-6278
-5670
-4664
-3807
-2838
-1956
-530
335
533
379
191
694
297
-569
-2035
-3054
-3232
-3700
-4207
-5290
-5951
-6158
-6029
-5516
-4801
-3742
-2522
-1291
-147
1206
2373
3396
3711
3471
3329
3199
3372
2962
1980
1260
1232
2451
3893
4845
5780
6847
8772
10662
11697
11975
11428
10949
10064
8396
5807
2247
-1521
-5308
-9071
-12501
-15576
-17912
-19515
-20654
-20609
-19546
-17191
-14346
-11570
-8335
-4898
-959
2299
4511
5730
6292
6665
6543
6025
4996
4192
3510
3238
3002
2738
2992
3388
4563
5636
6902
8048
8763
9279
8969
8607
7764
6761
5252
3286
1343
-529
-1932
-3350
-4307
-5011
-5160
-4795
-4154
-3100
-2168
-1023
118
1417
2819
3775
4204
3919
3360
2520
1435
193
-1109
-2309
-3560
-4703
-5916
-6835
-7670
-8448
-9071
-9446
-9001
-8323
-7262
-6257
-5241
-4168
-3322
-2350
-1739
-1037
-579
-270
174
602
1351
2129
3551
5594
7539
9236
10740
12675
15094
16852
17432
16880
16271
16107
14464
11066
5931
759
-3378
-7860
-12094
-16864
-20151
-21734
-22971
-22948
-22621
-19846
-16277
-12819
-9039
-5683
-765
3277
6153
7362
7770
9110
9457
8904
6794
4946
4033
3525
3122
2267
2352
3126
4501
5470
6471
8056
9540
10611
10404
9846
8973
7745
5646
2446
-697
-3520
-6115
-9062
-11630
-13130
-13180
-12375
-11324
-9742
-7633
-4336
-1228
1754
4602
7290
9836
10796
11104
10392
9541
8204
5763
3050
47
-2029
-4414
-6817
-9046
-10599
-10769
-10620
-9785
-9082
-7693
-5857
-4257
-2894
-2213
-1463
-1326
-1562
-2405
-3485
-3873
-3590
-2448
-1528
-558
711
2767
5888
9108
12010
14288
16635
19066
20709
20604
18589
15124
11179
6860
1698
-3746
-9385
-13929
-18035
-21468
-23674
-24871
-23967
-22406
-19578
-15946
-11395
-6032
-1612
2424
5345
8103
10123
11004
10889
9571
8292
6659
5282
3857
2774
2327
2239
2795
3646
5251
7182
9369
11160
12605
13793
14266
13929
11925
9143
5748
2159
-1606
-5986
-9961
-13569
-16137
-17850
-18733
-18220
-16761
-14065
-10825
-6888
-2419
1941
5905
8851
11371
13039
13877
13221
11186
8622
5429
2393
-1264
-4712
-7749
-10146
-11244
-11848
-11112
-10039
-8369
-6366
-4510
-2102
-373
1190
1733
1474
1123
477
565
377
-132
-847
-1168
134
2229
4297
5588
6775
9058
11983
14020
14084
12693
11299
10036
7880
4467
73
-3895
-7756
-11724
-15477
-18303
-19150
-19327
-19018
-18381
-16240
-12386
-8319
-4820
-2343
625
3872
6910
8425
8585
8529
8165
7895
6425
4870
3784
3321
3731
3676
4251
5463
7124
9140
10188
11248
12398
13240
13727
12638
11039
9092
6592
3733
-264
-4279
-7824
-10914
-13036
-14832
-15573
-15128
-14007
-11817
-9536
-6496
-3177
66
3187
5517
7543
8566
8751
7723
5958
3656
893
-2061
-5399
-8093
-10272
-11404
-11854
-11689
-10654
-9289
-7370
-5450
-3376
-1300
379
1810
3170
4694
6081
6513
6098
5838
6076
7012
7257
7032
7188
7926
9332
9247
8111
6244
4887
4026
2189
49
-2672
-4342
-6145
-8183
-9993
-11314
-11015
-11234
-11124
-11010
-9694
-7284
-5634
-4081
-3433
-2042
-669
82
292
-279
-417
-426
-91
245
670
1281
2137
3163
4138
5199
6299
7576
8837
10085
11053
11826
12059
11862
11157
9777
8099
5861
3828
1590
-671
-2558
-4410
-5239
-6156
-6504
-6311
-6022
-4412
-3143
-1043
848
2403
4276
5089
6132
5676
4850
3493
1501
-446
-3399
-5777
-8478
-10785
-12679
-14055
-14502
-14641
-14059
-12972
-10986
-8802
-6723
-4910
-2814
77
2800
4555
5316
6100
7583
9389
10119
9837
9345
9994
11177
10861
9397
6998
5642
4476
2627
437
-2407
-3464
-4692
-6137
-7693
-8711
-7583
-6985
-6131
-5949
-4796
-2233
-348
751
-127
85
878
1479
1174
-575
-1709
-2615
-2692
-3272
-4020
-3812
-2821
-1433
-467
1040
2995
5174
6833
7991
9023
10219
10972
9951
7915
5844
4506
2820
403
-2324
-4715
-5798
-6070
-6039
-6181
-5607
-4066
-2162
93
2279
4458
6458
7976
9007
9351
9559
9312
8000
6126
4043
2113
-203
-2759
-5546
-8427
-10455
-11482
-11521
-11566
-11475
-11121
-10289
-9158
-8325
-6977
-5193
-2517
-544
144
882
1966
3859
4769
4637
4107
3915
5081
5648
4902
2730
880
609
-118
-1502
-4130
-6152
-6657
-6988
-6929
-7212
-6011
-4248
-2836
-1345
94
3027
5567
7732
8745
8855
9806
10067
9906
8092
5908
4350
2907
1789
-753
-2900
-4077
-3989
-3082
-2901
-2069
-1070
539
2253
3410
4821
5962
6657
6013
4415
2654
856
-1061
-3639
-6687
-9099
-10016
-9910
-9804
-10181
-9719
-8005
-4938
-1568
1303
4361
7187
10380
12607
14174
14920
14316
13198
10745
8247
4923
1526
-1880
-5758
-8895
-11505
-12407
-12871
-13076
-12956
-12198
-10316
-8066
-5195
-2062
1332
4047
6076
7430
8630
9394
8839
7675
5963
5061
4234
2669
187
-3376
-5938
-7662
-8940
-10420
-12138
-12419
-11987
-11082
-10269
-9374
-7359
-5401
-3446
-1745
245
2886
4754
5851
6020
6245
6857
7182
6980
5692
4542
4111
4401
4610
4049
3861
4491
6049
7304
7995
8726
9626
10575
10507
10093
9621
8933
7408
4543
1416
-1558
-3908
-6233
-9013
-11803
-13755
-13908
-13113
-12263
-11678
-10698
-8486
-5630
-2809
-476
1728
3806
5364
6543
7102
7123
6409
5182
3765
2233
1017
112
-817
-2191
-3586
-4483
-4404
-4082
-4116
-4261
-4320
-3157
-1292
1043
2691
2888
3129
3823
5611
6813
6457
5706
5048
5323
4977
3109
467
-2513
-4350
-5930
-7920
-10017
-12087
-12730
-13184
-13605
-13599
-12788
-10346
-8337
-6607
-4921
-2111
1939
4673
6303
6640
7684
9264
9858
9595
7728
6704
6051
5600
4894
3236
2822
2648
3236
3115
2521
3237
4449
6332
6687
6835
7275
7338
7011
5051
3199
1439
297
-858
-2997
-4769
-6165
-6287
-6001
-5846
-5761
-5493
-3574
-1412
290
1300
2296
3713
4452
4964
4337
3232
1967
446
-1109
-3353
-4962
-6527
-7821
-8869
-10098
-10439
-10232
-9081
-8265
-7859
-6309
-3558
237
3331
5316
6933
8754
11360
13189
13167
12226
11323
11305
10649
8224
4711
554
-2270
-5053
-8329
-11430
-14029
-14473
-15318
-15949
-16204
-15452
-12680
-10903
-8827
-7244
-4653
-1330
533
2395
2907
4158
5157
5670
5967
5063
5084
4860
5331
5486
5531
6136
6595
8144
8691
9336
9939
11007
12450
12071
11719
10170
8841
7885
5658
2780
-1452
-4142
-6083
-8601
-10408
-12352
-12348
-10925
-8998
-6997
-5743
-2424
1207
4168
6436
7619
9018
9431
9590
8115
5528
3619
1488
-1010
-4675
-7356
-9141
-10458
-11384
-12505
-12409
-11612
-9798
-8822
-7988
-5301
-1611
2276
3760
4776
5910
7297
9099
8637
7657
6622
6973
7525
5647
3333
425
-1485
-3035
-5415
-7553
-9568
-9634
-9454
-10166
-10552
-10221
-8234
-6344
-5065
-4124
-3034
-650
1186
1835
1524
1282
1927
2242
2362
1464
753
1136
1569
2181
1966
2498
3541
4714
5887
5626
6171
7398
9139
10098
9723
9435
8801
8931
8117
6038
3407
1539
892
-780
-2299
-4015
-4506
-3886
-3363
-2631
-2356
-290
2062
3826
4997
5859
7116
7415
7116
5369
3530
2018
379
-2079
-5713
-8307
-10270
-11415
-12608
-13806
-14332
-13990
-12777
-11720
-9901
-6981
-2774
245
2166
3929
5613
8268
9127
8882
7562
6904
7877
6967
4998
1290
-1817
-3375
-5307
-6897
-9643
-10857
-10455
-10094
-9292
-8990
-7137
-5013
-3416
-1742
-536
1926
4044
4886
4598
3483
3724
3877
3569
2541
727
446
733
1513
1631
993
1585
2491
4040
4840
4994
5602
5903
6201
5704
4887
4177
3623
2626
707
-1079
-2070
-2380
-3363
-4413
-5202
-4824
-2984
-1356
51
1096
3149
5702
7740
9561
10483
11039
11496
11530
10615
8823
6916
5033
2351
-587
-3349
-5909
-7826
-9904
-11552
-12649
-12813
-12405
-12147
-10796
-8261
-5298
-3376
-1778
0
1878
3926
4909
5229
4604
4288
4278
2792
774
-2346
-4991
-6782
-8935
-10774
-13059
-13399
-12538
-12201
-11563
-10613
-7501
-4214
-1346
1081
2881
5927
8293
9947
9970
8983
8775
8193
7976
6649
4935
4001
3639
3929
3256
2816
2719
3000
3564
3374
3514
3782
4242
4190
3036
1864
699
-61
-960
-2856
-5236
-6783
-6901
-6861
-7275
-7440
-6356
-4174
-1892
-129
1455
3928
6970
9048
10011
10742
11371
11756
11326
9839
7750
5625
4032
2142
-670
-3269
-4859
-5553
-6244
-7373
-8223
-8533
-7774
-6237
-4084
-1542
-105
966
1802
2874
4287
4278
3745
2937
2473
2214
627
-1686
-5279
-8606
-10651
-12243
-13264
-15124
-16138
-16092
-15634
-14332
-13138
-10319
-7255
-4796
-2620
-809
2208
4647
6285
6962
7069
8002
8741
9516
9564
9254
9209
9209
10160
10751
10650
10316
9793
9424
8329
7109
6225
4957
3338
1542
-63
-1399
-2455
-4021
-5898
-7068
-7344
-6798
-6609
-6202
-5663
-4838
-2900
-1240
176
1106
2535
4547
5791
6722
6874
6949
7035
6786
6041
4828
4035
2842
1246
-592
-2437
-3739
-4911
-6360
-8122
-9244
-9682
-9363
-8180
-6375
-3299
-637
1158
3296
5010
7150
8646
8577
8322
7439
7251
6448
4073
948
-3509
-6311
-8581
-10812
-12893
-15630
-16069
-16262
-15681
-14670
-13832
-11334
-9734
-7643
-6118
-4848
-2705
-1769
-584
-265
495
1643
2502
4079
4804
6111
7270
8882
10958
12345
13982
14486
15022
15106
14429
13740
12663
11800
9958
7886
5653
3347
1527
-781
-2795
-4792
-6032
-6439
-6885
-6584
-6284
-5709
-4786
-3694
-2212
-901
959
2582
3447
4214
4461
4794
5154
5098
4500
3561
2853
1927
776
-718
-2287
-3972
-5786
-7063
-8223
-8848
-9257
-9162
-7869
-5346
-1951
-167
1084
2490
3696
5688
6259
6009
5457
4602
4203
2143
-315
-3301
-6495
-8302
-10668
-12207
-13387
-13613
-12394
-11780
-10256
-9036
-6744
-3895
-2581
-1222
-746
417
1229
1394
1602
830
1043
751
647
1227
1865
3090
3599
4693
5579
6552
7727
7931
8102
7347
7015
7302
7410
7224
6499
6242
5492
5189
5069
3957
2944
1931
1419
602
145
133
-543
-307
-133
-100
253
1410
2855
2965
3681
4393
4986
5745
5870
5318
3639
2893
1850
-24
-1637
-3912
-5981
-7991
-9328
-10475
-11476
-11421
-10950
-9504
-7040
-3414
-662
1336
3589
4844
6420
7352
7301
6276
4646
3612
1615
-691
-3742
-7157
-9481
-11542
-12830
-13878
-13901
-12951
-12568
-11594
-10470
-8699
-6411
-5168
-3873
-2804
-1482
-122
456
1273
1728
2277
2938
3877
5468
6701
7808
8160
8584
9298
9478
9599
8717
7384
6020
5122
4593
4065
3872
2847
2902
3198
3147
3954
3670
3363
2300
1333
855
-200
117
-835
-1612
-1750
-2353
-1553
-1087
557
1644
2400
4208
4933
6324
6961
7201
6590
5450
4990
3228
1898
57
-2083
-4279
-6329
-7190
-8285
-8226
-8439
-8311
-6715
-4278
-586
1148
2158
3368
3803
5056
5457
4739
3337
1513
697
-1232
-3400
-5538
-8702
-10355
-12083
-13354
-14122
-14374
-13339
-13732
-13274
-12704
-11297
-8844
-7857
-6161
-5445
-3620
-1128
268
2163
2791
4091
4960
5827
7205
7604
8681
8645
8672
8551
8062
8277
7397
6962
6256
5838
6107
6266
7428
7431
7874
8499
7938
8216
7624
6417
4343
2244
1221
-92
-142
-1145
-2778
-3193
-3274
-2598
-2463
-1355
-550
-229
1135
1579
2278
2532
2932
2529
963
571
-448
-761
-1322
-2598
-3814
-5082
-4484
-4870
-5609
-5932
-6259
-4886
-2865
518
2939
3886
5547
6356
7040
7537
7108
6015
4439
3647
1959
-597
-2647
-6013
-9266
-12036
-14381
-15703
-16839
-16481
-16755
-17071
-16071
-14719
-12327
-10757
-8989
-7695
-6343
-3674
-2082
-344
1031
2411
3489
4221
5830
6641
7610
8299
8666
9282
9580
10232
10086
9418
8868
7902
7192
6704
6912
7189
6865
7737
7908
7497
7930
7324
6324
4879
4159
3205
1691
2013
1140
99
64
21
-119
-434
530
-45
-681
224
229
365
809
1182
77
-796
-472
-1264
-1909
-2289
-3031
-4278
-4615
-4162
-5041
-5502
-5655
-6233
-5784
-3774
-846
1137
2261
3570
4055
4578
6099
6286
5282
4408
3732
2581
725
-631
-3532
-7196
-9691
-12255
-14532
-16220
-16483
-17147
-17779
-16537
-15475
-13611
-11291
-9145
-7377
-6011
-3347
-1596
-421
1360
2343
2737
3068
4243
5097
5985
7597
8216
8603
8905
9512
9739
9307
9436
8096
6918
6844
6858
7461
7412
7827
7862
7124
7418
7272
6463
5407
4250
3108
1920
1875
1719
581
133
84
-8
214
1254
1792
1364
2070
2516
2363
2676
2900
2386
1379
1119
273
-1085
-2106
-3106
-4798
-6490
-6489
-7335
-7868
-7185
-7430
-7145
-6005
-3851
-1254
1156
3065
3921
4636
5606
6589
6342
5245
4406
3459
2031
441
-1763
-5411
-8508
-11144
-13878
-15415
-16269
-16592
-16829
-16647
-15696
-14290
-12071
-9872
-7862
-6635
-5283
-3133
-2253
-1063
353
849
2017
3458
4843
6132
7609
9049
9904
10798
11278
11439
11330
10908
10351
8648
7256
6984
6695
7137
7411
7020
6885
6469
5855
5568
4808
3048
1512
215
-1485
-2254
-1882
-2444
-2734
-1759
-1699
-755
1559
3023
3776
4906
6052
5645
5496
6062
5278
3706
2618
1390
-628
-1550
-1918
-3722
-5238
-5441
-6328
-7135
-6560
-6762
-7781
-7528
-6164
-4916
-2298
383
1098
1841
2581
4032
4878
4599
4688
3289
2262
1198
-1005
-3381
-6271
-8553
-11660
-13961
-14812
-15400
-14431
-14130
-13506
-12438
-11193
-8401
-6775
-5727
-5008
-4794
-4174
-3330
-1568
-677
-72
782
1424
3530
5797
8281
10307
10834
11592
11870
11950
12243
11843
10475
8632
7840
7281
7153
7849
7862
7408
6816
6513
5696
4516
3521
1232
-1286
-2788
-3110
-3271
-2813
-1606
-2008
-1462
553
1864
3100
4459
5428
5303
5730
6335
5646
5235
4790
3442
1936
1373
1004
-491
-1753
-2645
-4394
-5525
-5452
-6176
-7442
-7983
-8436
-9187
-8567
-6748
-5096
-2321
-158
309
1025
1733
2564
2511
1657
926
-280
-1146
-2388
-3927
-5836
-8221
-9629
-11374
-12404
-12614
-13145
-12550
-12254
-11912
-10955
-9918
-8122
-6428
-4855
-3893
-3176
-2435
-1581
507
1832
2846
4135
5198
7078
8542
10184
11974
13267
13951
13490
13266
12748
12126
10776
8736
7947
7218
7357
7596
7539
7633
6352
5550
4384
2848
1909
244
-1885
-4469
-5266
-4697
-3665
-1648
-1212
-1009
784
3131
4710
5778
7002
6468
5451
5281
4822
4125
3088
1666
-638
-2118
-2015
-2610
-3645
-4663
-5898
-7435
-7787
-7107
-7949
-8177
-8044
-9027
-9388
-8688
-6898
-5926
-4246
-1643
-1006
254
1884
2671
3097
3051
2669
1049
757
913
-1275
-3291
-5066
-7124
-9240
-10712
-11484
-12873
-12717
-11838
-11633
-10486
-8884
-7233
-6345
-5340
-4086
-3642
-2445
-1228
-247
1132
3377
5901
7193
9424
11660
12914
14178
14729
14782
13661
12560
11367
10118
10107
9479
8540
7500
7173
7508
7395
7863
7523
6187
4113
2262
743
-1458
-2266
-3440
-4738
-3915
-1734
840
2401
4129
4489
3762
4210
3141
1267
412
-98
-1824
-3265
-2301
-1586
-830
335
446
-5
123
202
-2233
-4982
-7047
-9920
-12177
-13151
-13139
-13105
-11803
-9756
-8851
-6685
-3994
-2206
-1061
-117
1649
1664
518
354
-485
-782
-107
83
195
1369
3417
2992
1594
965
-1608
-4332
-6942
-10007
-12157
-12922
-12376
-12410
-11217
-8156
-5093
-2115
346
3210
5003
5644
5927
4627
3936
3858
3107
2608
3732
5904
7437
9419
11043
12241
13514
13624
13550
12846
11726
10452
7935
5476
4140
3335
2377
2282
2369
1977
3266
4406
4024
4290
4014
2662
2114
1301
118
-317
-925
-1804
-2058
-1264
-622
-307
38
180
469
345
496
64
-1001
-1288
-2797
-4599
-5408
-6891
-8903
-9909
-10633
-11579
-10650
-9572
-9321
-8184
-7358
-6898
-6239
-5958
-6354
-7364
-8514
-9631
-10149
-9267
-7404
-4866
-1777
1232
4286
6890
9186
10653
10192
9524
8027
6039
4184
1140
-1519
-3924
-5362
-5924
-6021
-4133
-2322
-524
971
1853
2473
1856
1377
-567
-2601
-3112
-4146
-4071
-3209
-1441
953
3538
7047
9250
11320
12558
12116
11712
10238
8909
6945
4874
4353
3906
4781
6202
7727
9151
9709
10251
9824
8972
6861
3461
156
-2811
-4059
-5173
-5770
-5563
-5542
-4205
-2454
-420
1147
1649
1295
-606
-1943
-3012
-4240
-4811
-5527
-5588
-4996
-3626
-1626
-253
589
217
-1414
-3562
-5891
-8022
-10619
-13067
-14498
-15304
-14789
-13287
-11647
-9985
-8616
-7313
-6647
-6236
-5766
-6101
-6795
-7437
-6667
-4837
-1940
2963
6545
9460
12483
13801
15317
16083
15592
14619
12756
11292
9599
7584
5690
3893
2558
991
580
495
-264
-176
-1416
-3144
-3912
-4755
-4775
-4915
-4793
-4478
-4241
-3325
-2612
-1269
-194
1141
2870
3517
5131
6349
7193
8790
9666
10255
10461
10621
10257
9349
8193
6630
5982
4876
3418
2405
1112
290
-566
-1585
-2566
-3250
-3931
-5329
-6222
-6689
-6982
-6918
-6487
-5375
-4211
-3012
-2149
-1785
-1665
-1578
-1256
-1909
-2916
-3811
-5399
-6352
-6535
-6883
-6993
-6715
-6833
-7114
-7020
-7014
-7020
-7357
-7791
-8053
-8674
-8855
-8674
-8674
-8358
-7522
-6325
-4414
-1650
568
2562
4369
5643
7087
7512
8101
8712
9203
11154
12208
13556
14765
14902
16038
15683
15487
15415
14282
14002
11660
8845
5778
1664
-1443
-5281
-7555
-8440
-8897
-8362
-8526
-7745
-7266
-6351
-5114
-4800
-3417
-3706
-3817
-3899
-4844
-3977
-4043
-2745
-153
2083
5125
6819
7808
7661
7105
6477
5430
5481
4596
3473
2317
1046
877
647
928
1119
1101
756
-308
-1189
-2667
-4158
-5939
-7562
-7795
-7476
-6523
-5938
-5480
-5043
-5181
-4854
-4708
-4287
-3977
-4514
-5180
-6188
-6248
-5835
-5588
-4813
-4189
-3437
-2724
-1946
-1471
-1675
-1775
-2202
-2427
-2066
-1228
-436
146
1248
1768
2244
3242
3989
4821
4951
4824
5217
5457
6297
7319
7389
7596
7935
7709
7765
8280
8297
7456
6320
5183
4179
3573
3754
4717
5626
6577
7308
6979
5863
4185
1860
-446
-1850
-3261
-4692
-5361
-5727
-5669
-5418
-4972
-4400
-4007
-3643
-3447
-3287
-3461
-3530
-3577
-4232
-4385
-4260
-4014
-3049
-2122
-1269
-179
640
964
810
236
-653
-2197
-3789
-4736
-5504
-6017
-5884
-5321
-4638
-3673
-2631
-1759
-1006
-636
-816
-1383
-1885
-2332
-2821
-2899
-2510
-2017
-1328
-335
443
1176
1947
2461
2910
2964
2947
2799
2066
1679
1523
1547
2255
2987
3577
4145
4688
4967
4682
4155
3360
2238
1003
-53
-852
-1358
-1223
-810
-169
931
2014
2914
3616
4178
4549
4514
4378
4357
4164
3878
3961
4231
4488
4775
4787
4485
4170
3867
3254
2331
1118
-454
-1940
-3055
-3809
-4209
-4592
-4763
-4500
-4312
-3766
-3248
-3339
-3326
-3538
-3747
-3814
-3922
-4191
-5011
-5393
-5656
-5717
-5346
-5395
-5061
-4904
-4624
-4012
-3839
-2940
-2309
-2298
-2240
-2287
-1919
-1777
-1695
-1439
-1421
-1083
-741
-589
-234
282
903
1150
1816
2910
3295
3802
4020
4224
4536
4347
4454
4115
4152
4374
4143
4224
4195
4511
4315
3955
3953
3281
2706
1935
443
-957
-2160
-3132
-3753
-3983
-3641
-3382
-2734
-1749
-818
337
1030
1915
2196
1990
2269
2172
2381
2876
3279
3450
4171
5292
5807
6486
6525
6227
5890
5035
4351
3066
1686
504
-840
-1708
-2331
-2685
-2923
-2796
-2420
-2238
-2151
-2739
-3391
-4356
-5916
-7040
-8009
-8466
-8703
-8836
-8310
-7734
-6732
-5756
-5117
-4337
-3714
-2935
-2607
-2975
-3337
-3716
-3747
-3208
-2481
-1770
-976
-341
243
1020
1590
2278
2870
2838
2486
2164
2082
1864
1913
2040
2125
3061
4138
5273
6164
6737
7288
7006
6593
5930
4866
3965
3232
3045
3061
3504
4116
3983
3320
2078
631
-427
-1301
-1902
-2261
-2194
-1670
-1492
-1498
-1634
-1864
-1939
-2131
-2160
-1942
-1167
-291
173
530
483
443
306
161
362
451
1019
1580
1749
2183
2535
2900
2801
2453
1949
934
702
383
-33
-10
-67
-31
-705
-1212
-1756
-2700
-3411
-4317
-5192
-6059
-6348
-6507
-6948
-6948
-6689
-6411
-5984
-5467
-5250
-5321
-5250
-5343
-5639
-5398
-4808
-4049
-3677
-3106
-2126
-1016
753
2092
3351
4477
5303
5808
5514
5702
5823
5654
5982
6318
7224
8301
9164
9736
9352
9005
8265
7051
5870
4613
3532
2086
927
243
-286
-436
-633
-892
-1365
-1841
-1986
-2321
-2603
-2839
-3001
-3082
-3089
-2719
-2574
-2240
-1687
-963
-161
376
1273
1832
1966
2054
1714
1504
1300
900
581
20
-160
-511
-1113
-1568
-2569
-3465
-4257
-4587
-4559
-4449
-4326
-4338
-4177
-4201
-4194
-4265
-4113
-3700
-3502
-3255
-2740
-2271
-1802
-1311
-1139
-500
292
674
865
868
814
800
889
965
934
708
640
584
562
638
579
286
-330
-692
-1188
-1292
-570
-35
536
1020
1511
2103
2433
3178
3705
3936
4629
4945
5217
5485
5609
5870
5722
6032
6162
5609
5486
4703
3744
2855
1978
1848
1406
1439
1337
635
353
-394
-1218
-2024
-2623
-2939
-3526
-3878
-4180
-4297
-4045
-3833
-3592
-3279
-2951
-2581
-2265
-2042
-1893
-1869
-1759
-1725
-1740
-1679
-1518
-1114
-714
-245
47
189
215
-241
-962
-1616
-1987
-2316
-2564
-2771
-2939
-2735
-2272
-1587
-885
-284
100
287
250
22
-56
-255
-430
-489
-427
29
587
1018
920
464
-378
-1428
-2283
-3276
-3811
-4176
-4456
-4292
-3956
-3011
-1844
-760
122
630
1009
1210
1424
1620
1699
1977
2452
3060
4018
4946
5879
6826
7502
8285
8818
9109
9278
8887
8239
7330
6467
5902
5237
4713
4138
3596
3186
2724
2301
1624
814
-171
-1242
-2190
-2903
-3428
-3891
-4120
-4289
-4240
-4033
-3896
-3967
-4385
-4746
-4976
-5113
-4992
-5044
-5210
-5399
-5619
-5550
-5477
-5112
-4782
-4778
-4704
-4697
-4544
-4490
-4463
-4534
-4755
-4605
-4216
-3461
-2503
-1412
-249
765
1757
2476
2881
3026
3020
2952
2888
3014
3294
3697
4136
4493
4843
5137
5358
5337
4916
4325
3458
2461
1471
529
-47
-405
-565
-616
-685
-564
-399
-380
-516
-889
-1224
-1550
-1792
-1610
-1268
-628
180
961
1861
2685
3486
4132
4389
4479
4223
3609
2939
2106
1416
865
491
505
671
1009
1222
1149
918
517
55
-442
-1008
-1470
-1834
-2122
-2216
-2219
-1892
-1409
-964
-420
-31
287
286
30
-409
-1111
-1580
-2141
-2673
-3055
-3390
-3423
-3445
-3122
-2686
-2514
-2457
-2852
-3427
-4143
-4777
-5114
-5381
-5023
-4221
-3203
-1940
-845
144
836
1275
1587
1670
1863
1979
1938
1950
2109
2591
3118
3650
4171
4504
4756
4758
4387
3821
3174
2366
1416
529
-83
-389
-611
-672
-632
-490
-145
74
212
202
27
-221
-687
-920
-918
-787
-524
-266
255
976
1785
2456
2840
2984
2962
2869
2717
2602
2411
2183
1819
1510
1457
1521
1745
1871
1960
2015
1925
1726
1166
373
-555
-1522
-2280
-2783
-2889
-2744
-2574
-2490
-2485
-2412
-2354
-2392
-2560
-2873
-3321
-3832
-4343
-4675
-4639
-4366
-4064
-3862
-3683
-3608
-3849
-4199
-4615
-4942
-4982
-4844
-4455
-3904
-3153
-2424
-1889
-1212
-371
653
1721
2673
3411
3840
4088
4146
4234
4567
4968
5232
5284
5180
4951
4683
4541
4334
3933
3449
2784
2050
1499
1279
1267
1247
1371
1422
1358
1365
1332
1340
1265
1331
1448
1525
1810
1897
1851
1666
1493
1401
1292
1472
1576
1590
1517
1327
1041
608
340
62
-142
-222
-302
-497
-892
-1227
-1707
-2260
-2631
-2828
-2924
-3101
-3212
-3431
-3800
-4049
-4264
-4355
-4253
-3885
-3449
-3203
-2896
-2716
-2747
-2782
-2884
-2996
-3128
-3106
-3021
-3076
-2923
-2734
-2524
-2189
-1768
-1239
-908
-541
-383
-447
-381
-410
-424
-538
-523
-388
-232
310
930
1650
2404
2988
3369
3492
3654
3691
3639
3645
3564
3460
3372
3385
3448
3590
3891
4174
4369
4511
4527
4373
4091
3674
3226
2801
2528
2373
2208
2092
1896
1635
1300
869
442
9
-422
-891
-1344
-1698
-1972
-2168
-2319
-2430
-2470
-2476
-2465
-2424
-2387
-2378
-2372
-2289
-2117
-1912
-1696
-1470
-1257
-1125
-1056
-1007
-863
-639
-495
-492
-662
-910
-1123
-1190
-1036
-769
-549
-469
-621
-959
-1378
-1696
-1746
-1598
-1402
-1336
-1378
-1478
-1650
-1819
-1926
-1928
-1941
-1989
-2014
-1951
-1752
-1488
-1180
-866
-582
-353
-170
57
306
534
692
766
777
722
699
756
894
1164
1571
2070
2439
2585
2593
2551
2578
2642
2832
3164
3466
3623
3558
3462
3412
3358
3306
3219
3112
2907
2565
2142
1677
1278
951
694
452
88
-379
-906
-1329
-1557
-1611
-1507
-1384
-1358
-1477
-1644
-1666
-1514
-1195
-768
-385
-116
-3
1
-32
-120
-244
-408
-600
-754
-848
-836
-716
-557
-420
-372
-449
-690
-1103
-1614
-2110
-2497
-2704
-2785
-2853
-2956
-3089
-3173
-3126
-2918
-2542
-2137
-1874
-1834
-1982
-2165
-2324
-2340
-2140
-1789
-1373
-1007
-674
-364
-113
114
370
727
1134
1429
1587
1587
1422
1179
985
1066
1398
1794
2193
2503
2766
2925
3005
3167
3286
3335
3252
3086
3009
2928
2941
3019
3162
3369
3414
3506
3633
3705
3745
3623
3531
3345
2941
2527
2000
1505
1018
517
230
-159
-572
-1052
-1650
-2108
-2712
-3273
-3763
-4255
-4647
-5173
-5593
-5870
-5982
-5820
-5557
-5047
-4443
-3899
-3454
-3188
-2878
-2548
-2206
-1820
-1435
-964
-537
-274
-35
203
460
634
577
538
467
424
455
512
825
1018
1059
1001
843
793
589
479
547
651
794
736
674
603
386
235
248
555
1075
1375
1513
1540
1400
1285
1111
1230
1660
2038
2386
2506
2590
2577
2288
1976
1685
1552
1380
1046
777
493
231
-70
-368
-439
-465
-449
-435
-492
-454
-482
-455
-285
-97
251
519
718
904
907
918
822
658
567
401
358
335
199
71
-217
-448
-650
-1022
-1350
-1762
-2072
-2282
-2615
-2809
-2968
-3056
-3008
-2991
-2758
-2493
-2361
-2287
-2419
-2446
-2404
-2283
-1854
-1356
-681
-82
282
590
573
495
435
450
794
1084
1380
1586
1534
1472
1231
1082
1028
843
749
540
350
245
31
8
60
191
447
623
891
1057
1105
1225
1297
1421
1456
1348
1297
1273
1349
1435
1437
1449
1343
1146
940
675
493
385
420
661
841
892
676
212
-182
-394
-270
63
393
608
572
526
563
700
941
1051
1047
856
579
396
195
101
8
-147
-285
-501
-628
-760
-870
-951
-1265
-1617
-2097
-2607
-2924
-3135
-3039
-2928
-2867
-2778
-2887
-2927
-3067
-3260
-3280
-3279
-3016
-2697
-2359
-1891
-1658
-1394
-1083
-703
-41
466
839
914
659
524
407
625
1166
1629
2032
2034
1811
1615
1389
1443
1617
1870
2198
2326
2401
2409
2400
2437
2312
2165
2131
2212
2421
2620
2774
2884
2905
2843
2675
2427
2124
1638
1005
462
197
253
465
612
570
269
-231
-750
-1121
-1180
-1013
-907
-879
-978
-1208
-1497
-1860
-2082
-2166
-2143
-2030
-2037
-2004
-1992
-2061
-2070
-2120
-2004
-1814
-1681
-1480
-1410
-1312
-1280
-1442
-1531
-1646
-1609
-1430
-1224
-869
-666
-581
-632
-793
-791
-786
-709
-607
-530
-321
-166
47
312
558
875
1055
1183
1246
1151
1018
794
681
773
1000
1408
1783
2083
2222
2101
1879
1606
1424
1341
1293
1360
1417
1442
1409
1294
1209
1108
1021
922
790
683
565
439
338
301
329
324
200
-15
-218
-384
-556
-739
-847
-851
-892
-1025
-1131
-1056
-805
-592
-491
-426
-363
-430
-748
-1121
-1272
-1163
-1011
-941
-831
-642
-517
-640
-869
-852
-578
-299
-238
-321
-379
-465
-638
-836
-858
-667
-469
-408
-405
-234
118
478
696
798
879
921
886
804
762
806
787
592
280
11
-70
-31
28
86
169
253
210
25
-193
-367
-527
-775
-1090
-1326
-1389
-1274
-1040
-677
-149
401
770
808
586
312
59
-106
-114
101
487
795
867
805
799
931
1145
1404
1711
1964
1976
1666
1231
943
868
925
1053
1249
1442
1455
1222
885
634
492
356
167
2
-100
-261
-515
-795
-952
-925
-869
-875
-961
-1061
-1194
-1425
-1683
-1856
-1841
-1717
-1601
-1492
-1367
-1223
-1201
-1316
-1476
-1584
-1573
-1540
-1497
-1446
-1377
-1285
-1238
-1158
-984
-676
-309
-13
187
264
252
111
-105
-265
-304
-142
112
435
742
915
979
891
798
739
759
896
1058
1225
1299
1298
1247
1160
1090
1053
1170
1384
1633
1835
1956
2074
2069
1974
1781
1573
1485
1358
1207
1038
934
939
864
727
520
325
189
-19
-203
-301
-268
-170
-195
-324
-518
-709
-882
-1058
-1084
-929
-705
-579
-661
-841
-1030
-1212
-1318
-1304
-1109
-841
-707
-747
-941
-1174
-1405
-1619
-1696
-1652
-1557
-1550
-1689
-1808
-1867
-1801
-1624
-1436
-1230
-1173
-1259
-1426
-1562
-1450
-1184
-772
-332
15
301
393
429
497
607
840
1046
1253
1432
1499
1572
1596
1680
1811
1889
1960
1912
1861
1822
1750
1731
1632
1528
1387
1173
1003
823
780
811
867
981
1003
1050
994
836
670
447
323
162
57
17
-18
70
53
47
-1
-129
-223
-454
-623
-757
-873
-890
-968
-979
-1021
-1124
-1236
-1403
-1442
-1405
-1324
-1235
-1186
-1103
-1031
-989
-981
-951
-803
-578
-365
-238
-212
-217
-195
-122
27
222
439
637
728
697
508
211
-44
-185
-177
-112
-71
-79
-148
-219
-295
-390
-463
-486
-435
-392
-480
-684
-900
-967
-821
-548
-226
92
393
634
712
635
487
434
553
737
873
895
879
949
1088
1233
1286
1249
1195
1120
1022
867
685
554
503
522
519
440
347
326
417
569
662
662
537
355
199
55
8
-12
-30
-47
-168
-288
-456
-597
-625
-626
-565
-615
-771
-959
-1180
-1249
-1226
-1106
-915
-810
-709
-677
-672
-609
-574
-458
-352
-312
-299
-403
-456
-418
-308
-81
75
184
167
-26
-194
-396
-431
-284
-69
253
412
464
382
189
41
-186
-337
-451
-502
-428
-410
-342
-326
-344
-330
-399
-411
-401
-278
-32
193
364
309
137
-54
-127
77
438
903
1286
1492
1488
1265
1024
893
978
1185
1363
1433
1368
1237
1101
1064
1146
1316
1448
1407
1181
797
397
113
38
157
341
488
532
490
396
280
158
15
-152
-360
-593
-848
-1131
-1390
-1578
-1633
-1599
-1542
-1492
-1470
-1449
-1504
-1635
-1777
-1864
-1861
-1808
-1699
-1566
-1460
-1438
-1472
-1460
-1381
-1247
-1077
-854
-584
-385
-316
-329
-303
-145
132
491
854
1142
1283
1285
1220
1180
1215
1274
1335
1355
1279
1103
869
722
702
757
797
753
660
539
452
443
516
633
664
547
323
70
-124
-185
-82
148
435
677
828
858
807
752
717
715
739
754
706
600
481
403
387
424
482
504
479
381
210
34
-99
-132
-128
-174
-254
-356
-473
-587
-645
-633
-614
-593
-572
-654
-856
-1105
-1353
-1535
-1552
-1386
-1181
-1017
-887
-857
-989
-1181
-1270
-1262
-1156
-922
-657
-491
-415
-416
-511
-596
-621
-609
-606
-536
-369
-209
-10
265
543
686
672
573
424
330
339
468
734
1034
1200
1125
914
665
393
178
118
224
397
571
738
836
870
812
662
499
328
178
24
-85
-83
-79
-46
57
202
378
496
570
604
616
657
659
672
664
557
404
240
202
292
461
738
925
906
648
206
-198
-480
-512
-298
32
423
619
586
422
175
9
-116
-155
-93
-102
-164
-328
-523
-684
-892
-1044
-1184
-1288
-1361
-1477
-1526
-1557
-1568
-1546
-1582
-1593
-1626
-1661
-1627
-1560
-1380
-1166
-959
-749
-628
-556
-563
-602
-589
-539
-365
-138
112
345
467
557
574
574
609
653
784
890
969
1050
1041
1070
1068
1076
1175
1221
1344
1419
1509
1658
1645
1663
1558
1398
1282
1040
971
904
891
962
872
884
790
663
609
471
515
500
483
507
372
316
123
-65
-179
-379
-433
-556
-615
-588
-643
-561
-558
-530
-455
-518
-499
-608
-723
-777
-927
-923
-956
-997
-1005
-1177
-1285
-1453
-1613
-1651
-1733
-1716
-1769
-1873
-1895
-1918
-1773
-1551
-1277
-985
-836
-749
-733
-709
-612
-456
-199
82
305
421
402
301
215
182
302
554
854
1147
1275
1300
1199
1012
904
811
870
968
1000
1034
957
931
902
857
962
1058
1194
1285
1283
1345
1325
1282
1237
1167
1189
1156
1119
1116
1067
1057
996
944
985
1019
1068
998
792
506
109
-246
-519
-665
-658
-671
-710
-814
-976
-1079
-1123
-1040
-856
-691
-577
-596
-703
-829
-948
-969
-929
-875
-865
-949
-1041
-1134
-1151
-1058
-908
-724
-624
-613
-660
-748
-798
-829
-824
-769
-722
-649
-576
-540
-522
-592
-699
-753
-739
-563
-324
-102
54
-29
-251
-590
-942
-1099
-1133
-946
-660
-362
-37
129
283
391
476
627
696
795
823
769
740
642
653
741
865
1081
1202
1303
1338
1277
1288
1295
1400
1585
1711
1849
1872
1834
1794
1696
1696
1703
1714
1726
1625
1516
1359
1191
1042
843
674
470
263
89
-62
-143
-213
-260
-347
-511
-696
-932
-1143
-1327
-1469
-1546
-1642
-1734
-1869
-2004
-2077
-2107
-2031
-1894
-1725
-1559
-1490
-1489
-1550
-1646
-1708
-1730
-1686
-1580
-1439
-1250
-1057
-837
-588
-341
-89
111
273
396
440
416
304
173
55
-19
-5
42
147
256
330
402
423
467
527
574
623
590
523
405
262
178
126
177
288
418
571
663
795
935
1087
1293
1417
1512
1487
1341
1179
994
943
974
1025
1108
1114
1122
1128
1129
1184
1201
1209
1176
1068
923
712
506
324
208
158
106
45
-107
-295
-484
-628
-662
-680
-693
-772
-909
-1035
-1161
-1236
-1347
-1469
-1577
-1690
-1716
-1733
-1723
-1706
-1722
-1656
-1579
-1458
-1309
-1213
-1081
-988
-897
-800
-802
-783
-747
-645
-380
-100
172
356
397
429
434
485
581
641
738
781
805
828
760
696
622
595
653
700
745
710
619
550
489
489
489
460
438
405
422
481
553
621
617
563
475
366
256
165
133
197
337
522
669
717
650
471
292
155
89
109
157
221
235
205
166
113
89
58
30
25
13
-7
-58
-144
-241
-338
-416
-454
-466
-419
-333
-215
-91
-22
-15
-131
-304
-515
-694
-776
-810
-762
-713
-643
-587
-595
-633
-718
-765
-815
-838
-829
-788
-720
-721
-786
-933
-1049
-1100
-1050
-877
-657
-371
-156
-34
15
10
47
56
93
150
244
399
541
684
780
859
910
898
891
889
953
1045
1136
1217
1238
1224
1133
1023
927
853
830
830
855
860
844
792
708
632
560
508
464
435
430
407
363
285
196
129
76
32
-27
-103
-185
-277
-360
-448
-525
-583
-638
-716
-834
-952
-1042
-1079
-1050
-970
-849
-748
-708
-736
-812
-905
-977
-979
-915
-778
-619
-490
-408
-416
-475
-571
-652
-668
-615
-492
-350
-212
-122
-105
-147
-227
-286
-319
-295
-217
-117
-8
65
115
127
123
136
164
224
288
374
458
530
582
620
668
703
744
778
812
843
869
893
926
967
989
997
984
942
887
804
722
650
599
578
546
514
477
427
370
302
259
240
231
212
180
141
81
-1
-106
-191
-252
-285
-314
-349
-355
-365
-386
-445
-521
-586
-649
-700
-757
-773
-770
-767
-759
-762
-741
-734
-730
-731
-730
-690
-636
-574
-516
-462
-398
-342
-299
-252
-211
-172
-139
-143
-161
-198
-250
-303
-352
-371
-356
-306
-244
-181
-113
-74
-70
-99
-147
-187
-220
-241
-222
-160
-53
81
213
356
481
591
670
706
736
748
764
782
809
859
932
1019
1092
1153
1184
1176
1138
1065
982
890
783
685
606
557
546
524
481
414
329
222
85
-35
-146
-236
-307
-362
-386
-418
-462
-523
-586
-633
-667
-687
-718
-735
-742
-749
-763
-794
-824
-861
-878
-876
-857
-818
-779
-729
-689
-650
-611
-594
-579
-555
-504
-429
-325
-213
-113
-36
25
89
142
191
227
274
338
421
516
588
636
638
599
555
489
408
301
180
85
38
55
96
119
102
51
-10
-49
-61
-83
-99
-107
-82
-7
94
200
288
371
473
619
769
875
928
932
909
864
803
743
683
642
630
625
608
540
421
281
163
106
85
69
13
-129
-318
-515
-671
-767
-823
-841
-860
-902
-976
-1100
-1223
-1301
-1302
-1220
-1113
-1015
-940
-906
-891
-873
-847
-791
-698
-566
-406
-264
-167
-116
-98
-63
27
176
363
538
661
708
707
686
688
723
763
793
776
716
614
504
419
377
380
386
373
333
263
174
88
33
9
7
8
10
20
27
29
15
2
25
73
128
179
216
237
228
204
189
206
250
298
327
325
302
265
215
179
170
188
219
219
193
151
96
53
-5
-49
-85
-121
-146
-188
-215
-220
-223
-224
-237
-266
-307
-372
-446
-520
-596
-650
-700
-737
-753
-762
-740
-714
-694
-688
-712
-724
-733
-725
-687
-635
-575
-523
-473
-416
-352
-282
-208
-119
-28
30
44
24
-1
-6
36
130
261
401
542
653
721
745
742
745
765
795
839
881
917
955
960
947
923
888
859
820
773
717
641
558
475
417
406
430
471
511
517
491
443
391
345
314
303
275
229
153
63
-21
-99
-148
-183
-213
-260
-347
-452
-568
-666
-735
-769
-781
-793
-815
-849
-883
-917
-933
-930
-925
-926
-944
-974
-998
-989
-946
-866
-756
-653
-578
-530
-490
-453
-406
-346
-267
-189
-132
-91
-64
-48
-27
3
58
125
183
241
290
335
373
396
427
459
487
512
528
543
558
564
560
565
566
576
602
617
629
629
611
596
566
541
525
515
534
548
561
567
544
503
451
396
366
346
327
308
273
226
171
108
55
13
-26
-57
-79
-124
-176
-237
-307
-351
-393
-410
-415
-430
-442
-475
-509
-532
-533
-515
-486
-466
-446
-439
-462
-469
-473
-459
-429
-405
-397
-410
-439
-478
-507
-520
-511
-493
-466
-435
-424
-424
-425
-413
-393
-340
-285
-223
-160
-128
-90
-81
-46
14
66
166
237
307
357
374
422
462
533
616
689
763
802
809
800
787
791
820
829
830
792
728
649
537
450
374
347
325
275
226
134
53
-22
-79
-91
-92
-62
-60
-53
-59
-77
-67
-73
-43
-22
17
54
60
66
36
16
-26
-78
-129
-182
-214
-261
-293
-337
-394
-462
-537
-582
-617
-624
-631
-626
-619
-635
-629
-647
-639
-630
-624
-571
-542
-479
-436
-417
-365
-364
-315
-270
-235
-159
-143
-104
-80
-64
-4
27
91
112
122
130
114
149
161
210
246
249
272
266
299
319
321
329
329
359
398
448
489
527
545
569
611
631
679
692
702
724
702
712
683
639
610
529
493
460
427
426
371
330
264
187
141
75
34
-16
-75
-119
-157
-166
-165
-166
-165
-182
-214
-229
-258
-282
-310
-361
-387
-444
-480
-513
-571
-586
-625
-639
-649
-684
-690
-727
-742
-734
-721
-642
-573
-505
-449
-458
-445
-452
-432
-361
-319
-213
-153
-111
-36
-32
22
38
19
30
-27
-23
-17
-3
69
72
104
90
50
72
36
58
73
74
147
170
241
290
295
351
341
372
405
401
454
449
470
495
498
577
613
656
675
650
685
678
712
744
718
742
689
666
657
595
616
575
559
565
482
473
396
311
253
99
17
-87
-188
-202
-251
-227
-216
-274
-280
-352
-411
-447
-545
-564
-619
-680
-691
-795
-843
-907
-981
-944
-968
-916
-874
-909
-867
-933
-953
-957
-1032
-981
-991
-966
-899
-895
-783
-716
-618
-463
-385
-240
-167
-132
-61
-66
-12
38
83
200
265
364
467
538
651
716
778
829
834
839
792
718
645
568
527
501
502
518
529
557
570
575
582
576
595
600
590
570
522
485
434
392
372
344
330
316
298
285
269
260
258
243
220
181
115
33
-85
-202
-310
-418
-492
-557
-589
-598
-594
-559
-505
-431
-352
-274
-212
-192
-199
-237
-287
-341
-393
-425
-437
-416
-378
-320
-251
-177
-102
-37
-1
12
12
-1
-22
-69
-121
-170
-217
-250
-268
-269
-264
-244
-211
-202
-204
-218
-240
-258
-293
-323
-343
-358
-352
-356
-351
-326
-291
-208
-122
-27
65
130
206
263
318
382
433
507
571
624
688
724
763
792
812
842
848
865
877
882
895
890
889
859
822
785
726
683
615
538
470
389
338
265
190
134
54
2
-57
-123
-162
-231
-277
-328
-399
-437
-526
-580
-637
-720
-757
-835
-854
-877
-923
-918
-965
-964
-958
-956
-890
-866
-808
-762
-739
-681
-670
-616
-552
-523
-457
-432
-392
-350
-335
-275
-237
-174
-99
-64
-11
15
32
50
38
49
54
58
87
102
142
184
230
297
343
424
514
571
624
613
585
560
504
509
520
529
583
574
596
611
603
694
742
827
897
856
853
747
659
637
582
654
660
658
668
549
536
493
494
609
622
689
623
471
360
129
7
-118
-263
-309
-472
-591
-723
-890
-925
-1018
-1047
-1041
-1117
-1118
-1179
-1223
-1188
-1200
-1126
-1094
-1102
-1077
-1136
-1120
-1075
-1024
-887
-829
-766
-736
-749
-667
-583
-428
-250
-136
-29
-38
-77
-96
-92
37
194
355
481
498
473
415
383
432
532
666
753
761
711
613
547
558
650
804
935
1004
972
844
704
596
558
594
654
704
687
598
488
383
329
329
371
423
458
447
403
338
267
228
199
208
245
270
283
236
155
68
-3
-16
-3
25
21
-61
-198
-385
-542
-628
-650
-620
-627
-693
-796
-912
-983
-1002
-958
-886
-857
-872
-932
-978
-974
-924
-821
-728
-661
-629
-625
-616
-556
-453
-317
-181
-92
-15
4
30
101
170
293
383
429
456
405
383
357
344
411
433
470
474
394
381
328
335
396
401
483
442
376
329
208
241
240
284
384
332
354
268
187
229
185
304
363
368
439
335
339
316
278
390
366
426
426
334
371
273
285
318
266
345
239
170
100
-81
-77
-193
-224
-215
-345
-320
-432
-480
-472
-592
-549
-606
-616
-548
-585
-486
-505
-537
-518
-626
-606
-619
-622
-533
-542
-464
-434
-450
-393
-429
-390
-338
-327
-215
-185
-146
-122
-206
-186
-211
-192
-113
-130
-71
-75
-71
8
15
117
178
223
345
392
505
574
574
624
585
601
634
614
655
611
592
610
604
695
709
711
700
612
595
514
442
374
248
217
150
127
123
47
30
-36
-53
-4
7
76
74
45
18
-69
-107
-184
-259
-300
-369
-382
-386
-382
-344
-338
-327
-320
-329
-316
-311
-301
-287
-301
-312
-334
-369
-396
-441
-483
-520
-531
-503
-488
-435
-371
-312
-221
-161
-91
-36
-23
3
0
4
21
33
57
61
64
59
43
40
46
84
129
187
236
257
273
269
281
285
283
289
284
300
300
290
288
265
261
253
245
261
258
276
281
258
240
190
154
123
76
46
0
-38
-53
-79
-81
-81
-85
-74
-77
-70
-63
-73
-80
-97
-103
-91
-94
-93
-111
-123
-95
-83
-49
-27
-29
-1
-10
6
20
0
9
-33
-57
-68
-93
-65
-67
-61
-48
-81
-72
-74
-58
-19
-28
-20
-53
-93
-96
-125
-101
-86
-84
-67
-110
-119
-131
-125
-62
-58
-44
-71
-105
-83
-82
-21
20
29
51
7
1
-7
-22
-3
-27
-6
18
43
100
107
109
85
47
65
86
136
182
170
156
98
50
52
60
136
191
219
232
168
134
106
89
112
103
110
115
101
120
112
99
90
64
70
68
60
50
21
3
11
37
55
55
22
-22
-85
-152
-191
-220
-198
-160
-126
-107
-154
-209
-283
-321
-308
-284
-223
-189
-180
-198
-239
-257
-269
-245
-201
-149
-92
-59
-59
-89
-109
-116
-97
-50
-5
43
72
79
90
88
79
85
86
112
138
152
180
157
156
144
118
126
93
111
133
139
171
138
133
107
73
94
79
104
114
109
149
142
147
138
102
101
82
91
98
95
120
118
123
134
134
138
118
89
60
29
19
22
42
56
51
15
-46
-101
-158
-176
-172
-147
-109
-123
-140
-203
-284
-318
-358
-337
-297
-258
-201
-214
-228
-258
-301
-278
-267
-221
-176
-159
-109
-112
-98
-84
-99
-74
-83
-60
-30
-19
47
55
84
108
80
104
76
93
148
161
239
241
243
256
201
224
197
193
220
178
197
160
138
146
94
117
97
82
94
57
77
68
73
91
56
62
19
-22
-40
-90
-75
-73
-47
1
2
38
34
35
36
13
16
-10
-12
-16
-33
-32
-69
-93
-111
-142
-137
-138
-120
-81
-58
-34
-31
-48
-69
-90
-106
-116
-117
-112
-100
-97
-86
-85
-91
-77
-73
-52
-30
-23
-12
-30
-40
-56
-77
-74
-80
-55
-38
-19
13
15
41
46
59
76
59
63
38
19
21
5
30
43
59
88
83
98
101
106
135
147
170
172
152
128
86
56
39
44
66
88
110
120
116
96
75
53
43
42
46
55
51
32
6
-20
-40
-52
-43
-27
-15
-20
-38
-64
-82
-98
-112
-104
-85
-59
-39
-36
-43
-63
-83
-92
-87
-60
-31
-21
-23
-44
-69
-88
-91
-78
-62
-43
-48
-71
-98
-130
-141
-132
-108
-87
-76
-83
-100
-107
-108
-94
-79
-54
-23
-11
-1
-12
-12
-14
-7
35
51
72
81
75
96
88
96
107
108
142
148
165
167
134
134
106
97
114
109
137
141
128
132
104
97
91
77
101
89
89
95
72
80
58
52
55
28
28
3
-2
4
-4
5
-16
-29
-43
-65
-65
-66
-59
-50
-60
-58
-67
-78
-80
-99
-93
-96
-99
-93
-106
-100
-110
-124
-119
-141
-154
-171
-179
-164
-167
-166
-171
-191
-215
-240
-254
-249
-220
-192
-175
-179
-203
-207
-202
-184
-151
-122
-87
-67
-66
-63
-61
-44
-13
28
79
130
176
206
241
285
319
360
377
387
393
386
400
402
398
400
403
433
453
455
455
444
438
435
410
380
346
310
267
213
167
126
98
84
70
60
51
39
22
-4
-21
-43
-68
-94
-130
-173
-220
-272
-323
-368
-396
-393
-382
-367
-355
-363
-389
-410
-436
-449
-454
-435
-396
-368
-359
-388
-419
-437
-443
-418
-378
-314
-255
-236
-229
-252
-263
-254
-239
-182
-123
-47
15
32
45
34
43
65
79
130
163
204
263
296
347
381
423
459
433
416
389
389
424
451
520
541
531
500
383
303
239
232
311
357
423
429
365
286
143
45
-5
-6
65
102
117
91
8
-84
-211
-277
-260
-194
-94
-24
16
4
-80
-181
-284
-345
-339
-295
-220
-180
-176
-172
-178
-161
-138
-112
-78
-71
-85
-122
-167
-186
-177
-130
-97
-109
-164
-226
-232
-194
-122
-29
44
68
7
-137
-295
-399
-375
-240
-93
32
118
139
98
-9
-135
-233
-255
-185
-96
-16
38
83
117
98
37
-5
2
43
80
112
183
281
363
377
299
132
-36
-125
-131
-70
68
270
426
463
375
231
110
51
72
106
112
84
71
65
51
74
125
198
231
195
146
83
79
120
131
106
8
-66
-89
-87
-21
20
49
75
74
108
103
75
46
-30
-103
-200
-242
-234
-277
-318
-395
-431
-398
-372
-261
-173
-150
-166
-280
-332
-371
-387
-323
-321
-299
-325
-375
-324
-293
-187
-77
-31
57
51
55
72
52
108
89
71
72
45
88
71
67
58
-5
-21
-46
7
83
118
157
156
162
156
137
132
85
32
10
61
210
375
511
578
511
388
271
222
294
391
506
570
544
491
387
325
285
210
128
-1
-94
-135
-150
-113
-102
-133
-209
-349
-430
-466
-423
-312
-251
-170
-151
-157
-131
-190
-210
-274
-339
-333
-367
-251
-139
-71
1
-78
-91
-122
-146
-58
-40
38
64
22
86
89
141
159
58
2
-115
-173
-146
-114
3
36
-10
-79
-190
-206
-184
-132
-36
4
17
-5
-22
-8
16
50
45
42
16
-11
0
3
44
70
87
103
81
100
117
150
221
272
345
378
374
370
318
296
282
264
275
241
204
150
59
6
-39
-53
-40
-48
-40
-68
-136
-183
-212
-197
-145
-117
-103
-139
-202
-229
-233
-166
-91
-51
-21
-47
-62
-74
-108
-103
-107
-74
-32
-14
23
0
-46
-110
-183
-187
-169
-108
-38
-22
-1
-16
-30
-27
-46
-14
6
13
30
-7
-8
-12
-25
17
20
41
60
26
32
-8
-28
-3
-3
40
66
83
107
77
52
29
9
35
71
127
188
194
169
96
19
-21
-42
-12
19
40
52
28
-8
-44
-76
-88
-79
-49
4
50
93
99
76
62
38
70
122
174
233
230
221
179
125
138
143
158
139
59
-7
-89
-129
-122
-125
-101
-109
-142
-160
-205
-220
-221
-233
-199
-186
-155
-132
-151
-145
-171
-161
-129
-86
-17
-15
-22
-60
-101
-94
-94
-46
-7
10
29
-1
-15
-38
-70
-67
-75
-49
-16
6
38
24
17
10
6
43
53
86
104
93
104
85
89
90
80
91
75
68
59
43
43
37
54
70
72
75
55
40
34
38
56
55
54
60
67
74
71
57
41
12
0
9
24
51
58
51
28
-22
-49
-58
-70
-70
-76
-80
-71
-71
-48
-24
-17
-8
-17
-32
-53
-53
-13
27
59
74
71
65
57
57
56
26
-16
-52
-86
-86
-82
-46
-4
3
-10
-62
-114
-162
-207
-232
-244
-228
-191
-162
-134
-126
-145
-188
-237
-258
-233
-167
-85
-20
20
12
-14
-21
0
48
93
116
114
104
106
133
186
244
288
311
306
284
254
239
250
273
312
332
318
283
221
168
131
110
136
176
217
223
178
114
13
-48
-57
-27
57
116
172
202
192
198
179
161
139
78
14
-59
-88
-58
-13
41
43
-25
-130
-267
-370
-422
-430
-389
-353
-334
-331
-368
-420
-495
-570
-610
-624
-590
-517
-438
-357
-322
-320
-323
-317
-258
-178
-92
-32
-19
-38
-56
-26
62
188
298
337
293
219
162
163
232
305
356
340
275
225
206
245
301
327
315
254
207
210
264
354
419
427
385
323
275
268
274
290
282
231
189
148
141
146
137
113
52
-9
-65
-100
-117
-135
-175
-235
-285
-319
-301
-248
-190
-150
-152
-162
-166
-154
-108
-59
-47
-60
-120
-183
-206
-215
-169
-140
-142
-147
-203
-222
-218
-182
-93
-66
-63
-119
-208
-251
-267
-212
-138
-94
-79
-113
-128
-111
-76
-12
27
46
57
40
35
18
-30
-64
-108
-82
7
89
180
178
155
120
83
144
200
289
344
326
325
271
246
243
247
292
310
316
310
276
241
178
103
92
83
101
125
97
82
0
-60
-63
-59
14
18
-3
-63
-176
-222
-250
-206
-146
-127
-139
-203
-253
-277
-268
-225
-176
-160
-146
-154
-145
-106
-104
-83
-85
-85
-67
-67
-30
-19
-25
-41
-69
-50
-26
16
58
78
85
62
35
20
9
31
62
99
119
85
28
-33
-57
-33
17
82
109
89
38
-20
-55
-49
-16
26
61
73
68
45
25
15
20
36
55
87
115
118
96
59
20
-14
-37
-41
-40
-29
-9
7
24
18
-1
-26
-57
-67
-62
-31
1
19
13
-20
-48
-50
-30
2
33
46
38
13
-4
-21
-48
-55
-52
-29
18
75
123
120
78
27
-15
-37
-30
-15
13
25
10
-10
-46
-65
-79
-65
-40
-21
0
-17
-24
-43
-51
-39
-34
-19
-16
-18
-23
-15
-13
9
38
49
59
40
27
2
-18
-24
-45
-50
-67
-61
-58
-48
-32
-33
-32
-47
-50
-57
-47
-22
-3
16
24
47
61
70
67
62
66
56
50
39
50
65
75
80
69
62
43
39
33
28
29
16
12
-1
-10
-15
-24
-31
-40
-43
-34
-27
-24
-9
-7
-9
-25
-32
-27
-22
3
14
38
43
42
40
20
21
9
11
4
-10
1
-1
11
21
14
-4
-36
-67
-95
-114
-113
-86
-64
-31
-7
-2
-5
-25
-22
-26
-19
-10
-19
-8
-19
-22
-16
-13
4
16
27
29
29
36
43
43
34
19
-4
-28
-54
-53
-45
-26
16
30
48
41
23
18
7
18
26
34
41
46
47
41
25
10
14
23
53
75
94
101
88
77
54
54
35
25
23
8
7
6
31
56
65
42
-4
-44
-57
-53
-51
-39
-54
-49
-69
-91
-130
-187
-198
-222
-187
-158
-126
-91
-97
-95
-125
-130
-97
-35
22
53
61
59
64
81
108
105
97
51
25
-5
-23
-11
-32
-9
-21
-17
3
-6
29
28
53
64
53
65
65
91
113
122
121
110
109
111
101
89
69
46
31
15
37
81
125
147
113
67
8
-26
-37
-35
-16
-27
-35
-51
-54
-42
-40
-43
-81
-115
-121
-111
-88
-94
-114
-133
-153
-160
-147
-115
-78
-45
-24
-12
-13
-18
-5
15
30
36
35
26
8
-20
-42
-54
-61
-67
-70
-57
-32
-6
14
8
-7
0
17
58
102
130
127
87
33
-12
-21
1
37
64
88
113
129
133
108
60
-1
-52
-62
-45
-15
7
25
34
37
44
70
89
68
35
18
23
63
120
155
127
30
-90
-178
-195
-150
-51
81
185
223
201
128
19
-77
-116
-103
-80
-82
-103
-109
-80
-40
-4
6
-55
-161
-238
-216
-116
6
120
166
137
28
-91
-156
-184
-176
-110
36
183
222
154
25
-96
-194
-242
-219
-181
-168
-164
-118
-36
-3
-31
-63
-50
-8
15
22
37
66
103
144
167
149
94
47
60
115
163
148
73
-12
-55
-33
-5
17
10
-32
-69
-82
-56
6
55
61
35
-4
2
91
229
290
248
141
-46
-256
-347
-158
220
508
582
485
287
25
-221
-252
-54
199
349
376
345
270
157
33
-128
-253
-300
-298
-244
-187
-93
-27
-91
-192
-247
-256
-334
-463
-445
-299
-151
-46
99
291
300
60
-225
-371
-345
-253
-80
211
447
478
306
55
-161
-356
-455
-360
-137
81
171
137
27
-141
-301
-382
-380
-350
-296
-208
-65
94
213
266
204
39
-146
-246
-197
-33
177
372
521
606
594
470
268
73
-48
-56
19
151
304
408
391
245
57
-84
-152
-184
-195
-163
-68
52
128
112
10
-119
-222
-280
-256
-149
-15
79
66
-23
-131
-201
-212
-214
-214
-169
-50
88
163
162
111
47
-26
-96
-116
-46
102
258
342
337
239
81
-80
-159
-112
29
166
185
92
-26
-88
-85
-99
-165
-258
-330
-313
-229
-111
-3
54
49
-17
-66
-88
-103
-131
-172
-139
-24
144
296
310
194
-4
-195
-296
-292
-176
-6
106
119
82
4
-77
-131
-136
-91
-49
1
83
150
185
166
98
25
-39
-34
54
191
294
303
294
306
296
251
196
155
100
31
17
67
105
109
112
141
125
55
2
-3
-7
-56
-83
-86
-159
-279
-361
-354
-289
-217
-118
-29
-41
-115
-172
-154
-109
-87
-55
-39
-65
-107
-126
-95
-71
-66
-41
-14
16
34
39
29
-6
-20
6
13
-8
-65
-145
-208
-237
-188
-80
7
28
-23
-64
-55
-32
13
75
131
181
205
232
267
273
248
198
160
142
121
105
118
172
245
270
205
82
-55
-151
-165
-90
38
135
144
78
-17
-81
-103
-101
-84
-73
-55
-36
-1
51
99
121
82
31
-26
-64
-72
-86
-83
-74
-81
-91
-117
-137
-158
-198
-227
-245
-223
-159
-93
-43
-28
-29
-22
-20
-10
-8
-22
-25
-42
-21
22
54
95
100
107
107
67
54
26
-11
-27
-39
-1
68
118
138
109
57
27
5
15
41
47
45
23
3
-7
-19
-18
-20
-27
-16
7
47
87
96
78
53
32
20
12
-23
-46
-66
-79
-59
-59
-35
-9
-15
-6
-15
-11
6
5
35
36
36
52
36
44
37
17
10
-15
7
24
18
13
-28
-35
-24
-31
-22
-37
-55
-64
-79
-62
-44
-16
31
31
14
-11
-45
-44
-34
-20
-9
-13
-11
-19
-33
-22
-10
2
9
11
31
47
51
47
27
9
5
17
38
57
59
45
36
25
16
-8
-37
-43
-33
-21
-9
2
0
-28
-51
-45
-20
2
3
-17
-33
-39
-49
-70
-85
-82
-67
-43
-24
7
36
46
52
50
55
58
49
48
52
51
38
21
22
27
31
51
60
68
65
41
25
13
14
14
1
-1
-5
-19
-40
-59
-59
-52
-47
-33
-11
9
18
15
15
20
32
35
31
18
-9
-22
-31
-21
-1
11
14
-6
-21
-26
-28
-26
-15
-5
-4
-5
-11
0
4
7
9
-11
-7
-11
-25
-26
-48
-51
-40
