-3
-6
-3
-6
-8
-7
-6
-6
-5
-2
6
4
0
-2
-3
-2
-1
7
10
12
7
-1
-2
2
6
6
11
17
23
28
30
31
28
26
25
25
31
33
34
30
18
12
-3
-8
-5
-5
-3
7
9
5
-6
-18
-20
-18
-12
-4
-3
-11
-25
-46
-71
-92
-110
-118
-105
-77
-64
-46
-30
-32
-38
-45
-37
-31
-27
-29
-39
-48
-58
-69
-69
-63
-44
-11
25
53
77
91
86
78
54
39
39
42
53
66
71
61
43
36
40
57
76
86
87
90
91
90
96
95
90
71
53
38
31
40
49
53
50
44
32
20
20
23
31
32
22
11
9
1
-16
-23
-34
-27
-16
-8
4
-11
-23
-35
-63
-86
-103
-126
-141
-148
-159
-176
-200
-205
-198
-191
-174
-158
-140
-118
-109
-98
-95
-99
-101
-101
-97
-90
-79
-66
-43
-17
8
35
62
88
107
124
145
160
164
180
194
206
215
211
207
206
195
183
171
160
155
149
139
121
102
85
74
61
53
50
39
19
4
-6
-16
-29
-46
-61
-77
-91
-101
-106
-112
-121
-123
-118
-111
-107
-105
-100
-98
-89
-78
-67
-58
-46
-29
-23
-26
-24
-19
-7
0
3
6
4
1
-1
0
-1
-2
2
-3
2
6
3
4
5
8
12
17
28
31
27
27
22
7
1
-2
-4
4
7
15
16
14
22
16
12
10
10
17
17
12
4
1
-1
5
17
28
32
28
25
24
21
19
17
18
17
10
3
3
11
18
17
3
-4
-5
-8
-8
-6
-5
-8
-29
-44
-47
-43
-36
-38
-40
-39
-29
-20
-25
-20
-18
-23
-33
-47
-42
-29
-14
7
17
25
18
-1
-24
-27
-13
-9
6
14
16
14
11
19
34
56
59
47
24
12
12
24
44
50
56
47
27
19
13
10
3
-7
-8
-5
-9
-13
-4
9
14
2
-20
-45
-71
-81
-78
-64
-36
-12
5
0
-15
-26
-36
-40
-33
-11
13
29
27
23
18
7
-7
-7
5
25
44
55
58
56
44
34
22
19
17
22
31
32
31
25
14
7
-1
-14
-16
-12
-19
-38
-56
-76
-93
-94
-83
-69
-57
-51
-53
-62
-76
-87
-89
-70
-45
-12
17
39
55
52
49
41
43
48
66
89
99
106
99
78
64
67
79
95
108
111
98
72
39
14
2
3
17
33
39
28
5
-21
-49
-75
-85
-71
-42
-17
-8
-22
-57
-102
-131
-122
-89
-43
-23
-26
-45
-74
-85
-77
-65
-56
-65
-74
-76
-71
-60
-53
-42
-43
-50
-59
-67
-58
-32
-2
21
26
20
-2
-24
-39
-41
-13
29
82
131
143
114
51
-11
-32
3
86
185
248
255
217
155
114
98
101
106
113
118
134
166
195
211
188
131
49
-31
-79
-90
-54
-17
4
-1
-30
-75
-129
-176
-208
-239
-263
-272
-248
-195
-149
-116
-110
-132
-185
-243
-281
-287
-241
-165
-61
37
94
110
81
22
-31
-62
-60
-12
67
151
212
230
203
136
68
17
-9
3
49
111
172
215
220
192
132
62
13
2
39
97
156
209
204
151
75
-5
-50
-67
-48
-9
22
31
-7
-59
-116
-161
-172
-160
-135
-120
-111
-109
-106
-94
-75
-57
-72
-111
-147
-159
-141
-97
-42
15
46
41
4
-53
-100
-116
-109
-68
-1
57
85
74
54
30
8
5
14
28
61
111
166
216
241
233
178
100
34
-6
0
47
123
206
246
230
163
60
-31
-86
-97
-71
-15
54
108
117
81
7
-74
-147
-190
-181
-148
-100
-55
-24
-6
-9
-37
-75
-121
-157
-165
-146
-76
24
96
142
133
70
-20
-119
-166
-174
-129
-57
-3
29
10
-72
-185
-287
-342
-332
-266
-164
-62
0
16
-20
-79
-125
-142
-116
-48
35
124
212
275
302
291
240
159
81
26
20
85
206
350
449
451
351
167
-39
-208
-280
-235
-99
73
217
273
215
83
-85
-221
-290
-276
-194
-71
57
156
197
167
95
-3
-79
-120
-114
-57
31
122
178
188
145
71
-12
-80
-100
-76
-11
60
103
96
31
-46
-119
-159
-163
-126
-76
-41
-44
-89
-155
-230
-274
-277
-249
-191
-134
-101
-88
-105
-126
-135
-139
-123
-104
-87
-65
-55
-32
7
55
114
153
169
170
138
92
53
42
66
117
178
233
262
251
215
165
107
73
63
86
139
176
190
183
150
113
72
34
8
-13
-11
-15
-16
-6
-2
-2
-10
-41
-80
-116
-147
-152
-145
-109
-57
-29
-19
-39
-77
-114
-154
-163
-140
-106
-55
-24
-15
-18
-60
-98
-121
-135
-111
-69
-18
33
30
9
-29
-88
-106
-121
-101
-66
-52
-22
-21
-31
-23
-21
0
39
59
90
103
110
131
120
124
138
132
130
117
118
124
114
122
143
161
188
181
139
86
23
-11
-21
-15
18
48
66
61
19
-33
-79
-100
-103
-89
-48
-21
-8
-16
-48
-91
-128
-127
-111
-95
-91
-83
-68
-59
-58
-71
-57
-39
-57
-85
-99
-78
-64
-56
-24
26
51
28
6
6
15
-14
-26
22
86
98
45
14
5
1
-27
-54
-38
1
34
20
7
13
10
-5
-20
1
31
38
30
25
47
47
32
24
40
55
37
19
4
17
21
13
6
28
70
73
49
13
-5
-16
-21
-7
-2
13
35
49
35
-10
-20
-11
0
-2
1
11
17
15
-11
-16
-24
-38
-26
-10
8
-3
-35
-34
-30
-34
-43
-51
-41
-36
-22
-11
0
-8
-20
-26
-46
-58
-60
-29
-12
-7
-21
-35
-19
-10
8
-6
-7
2
3
16
3
-5
-8
10
33
45
44
32
40
24
26
32
36
68
84
87
45
2
9
43
46
24
48
85
85
35
-4
-34
-73
-68
-14
28
17
-11
-35
-38
-34
-65
-81
-46
-12
-27
-60
-50
-12
-11
-43
-52
-49
-48
-40
-38
-38
-24
-10
19
36
15
0
-6
-8
-8
-11
3
28
36
37
36
15
1
9
6
-16
-18
43
96
68
51
37
-7
-50
-55
-9
18
25
50
37
12
26
7
-4
-3
-6
-16
-36
-17
26
13
8
63
32
-26
-54
-22
48
58
58
68
14
-22
-13
-48
-35
-28
-43
-30
-33
-23
-20
-33
-33
-29
-32
2
30
22
26
-7
-41
-15
2
-8
-17
-15
26
14
-28
-34
19
59
93
99
37
26
5
0
-41
-78
-26
-5
-74
-82
11
20
4
-22
25
70
16
11
36
-11
-56
-54
-82
-43
-63
-76
-5
25
20
19
-1
-6
65
46
56
3
-88
-83
-109
-132
-35
44
-20
-39
2
112
116
39
26
27
51
141
140
-13
-84
-47
43
14
-57
-47
-14
3
27
116
214
198
29
-89
-118
-133
-107
37
88
-86
-59
269
214
-205
-245
106
221
-124
-269
7
177
19
-84
-35
-61
-141
-135
91
217
-58
-355
-224
296
594
193
-352
-287
153
112
-266
-296
77
413
243
84
113
-87
-303
-252
140
263
-51
-196
10
140
-299
-474
-185
44
201
152
243
164
-160
-170
122
509
216
-261
-152
101
126
-580
-690
136
432
104
-300
5
370
6
-449
74
787
236
-225
-52
214
233
-638
-785
112
426
62
-269
309
521
-39
13
499
485
-64
-74
-40
71
130
-413
-312
134
98
-316
-368
-9
154
178
100
395
757
432
-186
-178
350
-20
-827
-342
428
-81
-583
-239
16
373
221
-362
123
588
113
-334
-205
-176
-411
-385
-144
-189
-373
-353
-181
-323
-274
69
-228
-42
4
32
23
-407
-220
15
188
-351
-137
243
-15
80
-310
-37
278
448
265
-84
431
481
110
-116
103
147
-19
-37
186
581
216
-472
25
938
279
-346
108
671
625
-19
-207
72
161
-36
49
123
126
247
-23
-10
157
167
256
-391
-20
695
212
-404
-562
203
285
-75
-405
-517
180
211
-376
-372
-41
-104
-616
-444
-157
-272
-248
-716
-194
233
-219
-457
-606
424
289
-585
-342
1
258
-287
-156
111
190
263
-180
163
-74
-337
181
443
526
120
-64
499
364
-242
-350
66
473
289
-14
-116
365
88
-554
-340
139
554
94
-160
267
484
109
-655
-450
202
174
-193
-337
347
604
41
-314
-345
251
145
-274
-11
259
395
-188
-462
-32
86
-94
-327
-107
245
286
-96
-357
-100
47
214
-96
-103
359
-122
-78
240
-118
-99
159
198
71
-184
-15
123
-291
-285
76
209
4
342
329
44
143
-425
-328
-135
-279
154
96
229
208
-62
-43
-305
-238
-438
333
276
-296
151
249
483
-206
-262
-124
-109
223
-210
65
282
91
254
-150
-134
95
-342
-556
-79
365
227
197
-206
190
495
-650
-684
0
74
30
6
224
631
302
-149
-598
-285
593
-280
-368
524
1003
387
-97
268
73
-41
-810
-484
210
337
251
-88
242
737
-273
-1097
-576
-538
-182
-356
-370
557
980
155
-751
-349
385
-302
-1361
-384
960
929
391
-222
407
821
-464
-1130
-205
156
160
150
186
1376
410
-300
-499
-137
232
-899
-316
398
568
219
-89
741
437
-400
-415
-449
105
-227
-565
26
709
559
173
355
10
-593
-781
-617
-434
27
749
390
404
488
-451
-503
-539
-776
-156
471
436
473
305
249
-618
-903
-9
95
-333
97
220
729
662
-571
-275
-10
177
-258
-570
43
726
-21
-285
213
300
478
-25
-364
-53
-261
-618
-91
97
631
469
401
458
22
-450
-1142
-808
-325
358
986
587
432
1133
-107
-964
-794
-883
-340
-81
318
696
744
397
69
-243
-295
-385
-399
-135
-26
143
31
156
321
-170
266
79
-323
-170
-399
201
142
-4
194
281
186
-332
-243
-24
-329
-134
219
-55
-136
365
147
-100
354
80
-182
-88
77
-160
-181
-214
-110
293
360
18
-208
-52
146
274
-345
-3
466
159
-26
-319
-22
-240
-75
-191
-352
749
582
129
-300
176
419
-637
-716
-324
550
-185
-208
714
256
-107
-16
-288
-217
-342
-36
242
-250
92
42
260
-202
34
262
-104
-75
-15
303
-612
-196
571
-66
420
43
60
-529
-15
726
-634
-239
278
59
124
100
5
107
172
-321
-2
-175
-451
-29
-230
574
498
327
217
-439
77
-724
-484
471
206
-203
-181
763
351
-378
-385
-161
103
-99
162
-300
67
-79
-324
744
209
-284
-746
130
48
-181
112
121
347
-59
-115
-118
5
-253
115
338
9
-59
-497
155
585
-53
106
537
161
-331
-345
-328
573
660
227
133
-125
176
-458
-537
-172
69
639
37
-236
-6
-64
-495
-1006
-349
-35
223
-84
-140
234
321
-238
-716
216
393
-316
-471
158
790
524
-102
129
849
205
-356
-50
153
526
57
215
583
563
-234
-228
623
-214
-267
55
377
641
-1065
-419
414
-299
-621
58
546
162
-334
-435
-42
-425
-460
-381
314
180
-850
-1170
45
185
-428
308
738
117
-146
-127
-621
-977
-62
-281
512
341
-622
793
526
-1219
-888
876
66
-97
264
776
944
141
-11
544
-153
-855
372
457
296
320
414
445
554
253
-45
79
9
235
-534
-238
348
-325
-543
621
-5
-207
-174
-389
-81
-746
32
-76
-109
597
49
-55
159
366
-428
-439
-27
-72
838
10
-67
470
-50
380
-259
-191
-309
266
-167
-576
24
-897
-418
50
570
-736
-459
479
-145
-734
-933
170
-24
-373
67
393
758
-377
-102
140
-171
-110
143
313
900
1024
-183
288
-244
161
154
235
739
-14
676
693
63
-334
-302
633
5
229
436
68
431
24
256
-584
-279
-266
-695
22
103
206
-768
-127
513
-567
-1376
-1014
335
-648
-1049
183
33
-360
-807
-236
201
-487
-880
-1060
500
73
-830
-476
423
729
-692
37
650
336
44
-245
209
754
-299
280
630
801
1034
672
1130
442
316
-572
335
546
-60
1032
680
951
606
-20
412
-187
-616
135
239
251
442
54
-6
-537
-123
87
172
-988
-322
795
-718
-169
-46
-580
-43
278
-354
-25
-124
-544
-866
-724
-101
610
-554
-444
176
-138
-298
-616
-686
-1011
-193
365
703
113
-177
67
344
-654
-948
-12
-202
184
384
133
222
-569
-772
73
-911
-576
-43
554
793
-562
256
818
-665
-655
543
-225
730
842
291
585
548
458
318
-582
-114
323
-125
176
113
700
709
-172
-141
1043
179
-250
-651
393
1559
227
265
568
971
-298
-17
836
-107
512
-119
-97
788
-889
-902
460
-69
-860
451
248
-918
-1004
-867
198
-326
-740
-291
528
-236
-245
-623
-237
-659
-567
169
210
1180
-819
-812
1054
-39
-1581
-1095
318
534
-1041
29
1076
-125
-1076
-513
-3
-258
-576
-574
1141
252
-441
704
1046
603
-1026
-727
280
572
91
-755
1165
1257
-459
134
346
-628
-666
-172
214
895
533
-198
469
103
483
1048
-956
363
862
213
1048
185
428
423
-102
467
607
655
-23
698
-154
-213
697
-767
337
216
144
-288
-721
856
-807
-435
-661
-505
667
-1698
-769
-141
-948
437
-878
-1066
-231
-1504
-457
91
-109
-472
-131
-434
-774
206
-685
-462
272
1002
426
-1113
566
463
-765
-132
903
942
-372
185
957
332
391
-453
333
1042
-535
415
814
134
466
2
-583
934
920
-780
-234
1159
-54
-700
77
562
884
-91
121
645
210
-696
-657
-3
-160
127
1182
595
-527
414
121
-924
-1301
-638
87
370
378
793
75
-1488
-204
-596
-1076
-226
620
321
-1093
-7
305
-1001
-29
-103
158
847
-718
-874
329
39
-945
44
1354
448
-487
-241
169
-139
-549
-8
369
0
221
608
177
-199
-62
172
-208
-193
388
-307
352
1098
291
-71
-73
-118
102
-367
-171
1013
-364
364
589
-70
189
-243
293
588
948
406
-399
-66
574
199
-18
419
343
-221
-316
179
-356
-934
-1181
-155
557
-605
-750
-491
-647
-753
-1057
-986
-107
565
644
652
-70
-408
-990
-411
463
-83
-389
42
1577
565
-779
-420
-51
118
-621
215
753
387
150
410
938
79
-516
216
983
392
370
490
-465
-94
446
-635
155
793
-108
17
-448
-539
-709
184
667
-861
376
177
-367
181
-853
-486
1286
627
-520
1172
-34
-1741
-42
-114
687
523
-999
604
-338
-639
-179
51
209
-678
1382
980
-1234
-1150
-194
563
540
241
562
845
-727
-387
410
-1087
-1212
-139
816
896
425
-87
-447
-68
-240
-1218
-427
-168
107
1821
745
-696
135
-368
-1279
-665
-188
1249
845
-590
624
1350
-872
-1769
234
1000
337
-30
328
333
708
-515
-1282
983
381
-472
28
162
262
-91
-630
347
541
-1041
-72
351
-244
-10
637
692
-693
-613
-239
-55
267
-441
388
1098
-147
-727
204
-206
-499
358
-76
571
448
-928
-157
250
-56
-7
-237
-245
847
685
-700
-621
-251
-451
535
514
-349
385
104
-163
-222
-24
-197
-148
260
19
295
-64
-369
-241
-535
103
743
57
-278
-474
31
-99
-49
257
-620
-259
102
760
805
-273
-269
-211
45
16
39
-124
351
1277
703
409
-331
-564
-62
-115
-168
507
1153
353
-212
49
-84
-195
-407
-1085
-16
700
229
308
-31
-201
-641
-1117
-667
-140
-164
-437
-4
838
446
-483
-1058
-960
-446
-48
265
180
121
388
395
-130
417
463
-315
49
18
193
351
202
582
770
797
609
402
-368
-1180
-463
393
657
732
726
488
136
-154
-556
-774
-1016
-467
274
717
888
69
-323
-486
-910
-684
-698
-875
-82
674
670
234
-237
-565
-1199
-909
-31
3
210
579
893
392
-812
-1036
-829
-325
413
765
921
566
-231
-356
-203
-629
-554
171
782
770
341
-27
-177
-13
-100
60
758
544
-145
71
321
24
-226
181
554
414
129
69
76
-174
-206
145
532
8
-217
404
-164
-737
75
256
183
395
83
108
-39
-492
-336
-266
-309
320
601
489
467
-281
-866
-406
-289
-608
-297
52
198
265
315
-81
-577
-407
-264
-89
-254
-32
131
-218
-150
-360
28
49
-277
-141
-511
-194
-2
-349
-113
-82
16
618
1021
779
255
86
-37
150
533
593
465
552
1006
989
518
-213
-775
-743
-492
-453
-659
-647
-690
-980
-1309
-1667
-1894
-1819
-1550
-1162
-624
-332
-430
-727
-786
-318
223
650
921
1502
2223
2136
1811
1565
1556
1840
1932
2147
2197
1887
1557
1294
907
435
285
120
314
136
-784
-684
-566
-939
-891
-958
-782
-15
388
263
491
404
340
659
535
417
356
699
737
694
490
-605
-860
-1315
-1584
-919
-1219
-1608
-1907
-2059
-2058
-1936
-1219
-1080
-1314
-1817
-1824
-1579
-1807
-1271
-984
-134
1338
1811
1636
69
-1912
-2800
-1561
1207
2693
2923
3967
6019
6920
3086
-2419
-3920
-2978
-1002
452
3136
5138
3112
-428
-3036
-4213
-8314
-10795
-7153
25
4657
1991
-1140
-2670
-4161
-5958
-7497
-3976
656
4639
7712
8202
8379
4630
247
-1118
115
3977
6825
8399
8940
7708
5007
962
-2161
-3769
-4806
-3383
-809
1361
1977
-407
-3230
-4866
-5695
-5599
-3950
-1215
1156
3117
4573
5296
4429
1703
-1135
-898
1212
2120
3299
2541
1875
1325
-1121
-2660
-4574
-5187
-4906
-2557
-256
-662
-1554
-4476
-5522
-6330
-7265
-5514
-4162
-1363
662
1968
2872
751
-308
-1633
-1335
1071
2490
5198
5635
5076
4202
1529
241
-1439
-1914
-1083
193
2217
2376
1840
179
-2015
-2951
-3189
-2016
-364
817
2918
3981
3109
974
-1973
-2988
-3113
-1817
405
2369
3656
2863
1631
-876
-2944
-4108
-2337
3027
7883
11708
10007
5055
538
-3449
-4802
-5552
-3668
767
4970
6920
3705
-2625
-9892
-14845
-13554
-7595
-949
3025
2593
651
-1228
-4600
-7686
-9255
-7068
-574
6059
11174
11747
8072
3058
-2143
-2907
-507
2641
5831
6731
7990
7631
3734
-979
-5858
-7436
-6281
-3844
389
2427
2012
-83
-2803
-4006
-5132
-5103
-3354
-282
4137
6959
7827
6767
3476
588
-743
-172
2129
3554
3965
3684
2791
1232
-2665
-6043
-7421
-6170
-2793
-633
513
-185
-2203
-3918
-5304
-6044
-5758
-4401
-1900
1664
4297
4547
2170
-606
-2148
-2218
-533
1041
2607
3692
3447
3122
1445
-1103
-2796
-3292
-1666
863
2965
3352
2395
1106
-884
-2452
-2970
-2487
-992
1177
2829
4151
3831
1251
-849
-1904
-1849
-571
1099
2162
2683
1724
-317
-2447
-3987
-4118
-3693
-1946
184
1500
2711
4733
7788
9748
7054
1785
-971
-888
388
-494
-1161
1292
3099
2844
-924
-7583
-13278
-16267
-12897
-4064
2730
3207
-1282
-4551
-5451
-6917
-8588
-8909
-3071
6162
11765
14111
11849
6012
-562
-4095
-715
4795
8595
9814
8802
7091
3345
-1766
-6508
-9039
-7283
-3882
-474
2888
3106
-491
-5236
-6727
-4909
-3740
-2261
699
4603
7848
8827
8024
5106
1497
-314
285
2544
5086
5155
3114
1472
-461
-3086
-7015
-8633
-6872
-3147
1025
1862
1042
-2292
-4836
-4890
-4518
-3263
-2523
-141
2313
4446
4203
949
-1753
-4289
-3742
-2018
-407
1541
1473
1167
348
-621
-2157
-4122
-3805
-2319
715
3628
4028
3150
1117
-575
-462
329
882
1403
2317
2987
2905
2424
496
-1713
-2760
-2376
-666
611
641
-224
-1237
-2142
-2040
-2246
-2850
-2414
-716
471
424
297
-299
2506
8426
13931
13826
6412
65
-2629
-2872
-4315
-5677
-1095
4133
6409
3083
-5714
-14888
-21994
-18712
-6699
4254
7841
2639
-1466
-2359
-4394
-7129
-8229
-2380
7806
15549
18199
14226
7076
-711
-5409
-3169
1448
4981
6168
5416
5006
2775
-2603
-8769
-11853
-9317
-4040
1487
5309
4941
1163
-3706
-5903
-4672
-2625
-144
3614
8095
11079
10331
6217
928
-2756
-3098
-1606
1824
4412
4149
2377
-741
-3162
-6775
-10014
-10526
-6385
1355
6254
7254
3455
-1670
-5051
-5486
-4105
-2482
-757
490
3491
4283
2266
-2353
-7087
-7677
-5951
-2025
160
489
891
266
377
-672
-2905
-4075
-4042
-662
3793
6777
7253
4381
1949
916
672
1231
728
493
1414
1909
2862
1866
-641
-3026
-4753
-3675
-1756
-153
252
186
469
959
471
-1084
-2267
-1625
440
2641
3333
1626
1486
3629
9432
13350
10114
2569
-4354
-5347
-5000
-5299
-4775
-2032
2406
3463
-391
-8588
-17206
-19917
-13184
-500
8268
8404
3825
417
-808
-3260
-6527
-5859
1283
10860
16646
16338
11092
3009
-4416
-7388
-4960
310
4005
5287
5620
4301
242
-5899
-10648
-10834
-6566
237
5632
7428
5331
589
-3210
-4624
-4138
-2600
-213
3274
7685
9441
7298
2306
-3144
-5383
-5115
-1623
1876
3601
3488
975
-1053
-4451
-7603
-9201
-7360
-955
5620
9429
7067
1429
-3928
-6071
-4445
-2416
-813
-648
657
2487
2542
-222
-5054
-6901
-5549
-1828
1320
1979
1956
732
563
258
-624
-1265
-1582
512
3123
5463
5495
3400
805
-856
-660
510
1502
1127
806
813
1192
810
-543
-2265
-2964
-3114
-1688
-288
218
351
-902
-156
-531
-930
-1815
-1712
-461
-122
-361
-484
3973
9223
14124
12203
5144
-1633
-6380
-6591
-7117
-5478
-1080
4415
6768
2328
-7493
-17404
-21364
-16236
-3722
6683
10050
6447
2137
439
-2979
-6612
-8224
-2779
8467
16345
18446
13281
4738
-2675
-7101
-6150
-2581
1405
4775
6602
6862
2715
-4802
-11115
-13223
-8789
-1554
5128
8831
7540
3423
-1638
-4684
-5340
-4681
-1824
2549
7614
10850
9699
4959
-1095
-5118
-5382
-1934
2610
5596
6014
3822
123
-5322
-10726
-13831
-11176
-3711
4435
10316
10042
5547
-1674
-7191
-8290
-6394
-1827
1746
5014
6539
4574
565
-5332
-8980
-8802
-5657
-376
3269
5260
4511
1331
-1843
-5133
-5613
-4024
-152
4388
6716
6741
4132
513
-2786
-4753
-4106
-468
2413
4463
3531
1726
71
-2152
-2164
-3333
-2250
-1639
186
2075
1025
679
-1637
-1436
-1879
-1484
-476
-918
163
2283
9492
16303
18127
12635
3243
-3657
-7811
-9107
-8104
-4078
2193
6172
4956
-1986
-13887
-23561
-25353
-15291
177
9453
10984
7443
4895
1367
-5447
-9667
-7792
1964
12478
17544
17584
11480
3365
-4145
-8056
-6472
-3714
-683
2570
5054
5445
551
-6881
-11449
-11216
-5863
-63
4216
6699
6265
5332
3326
695
-1866
-3770
-2121
2021
6529
7866
5313
1908
-1051
-1909
-2195
-2093
-860
779
2319
2041
-142
-3332
-6469
-7709
-5793
-1920
2961
4797
3853
2353
633
236
-1940
-4013
-4180
-2191
1017
2284
2102
802
-834
-2233
-3353
-3772
-3042
-1505
1043
3519
4189
2960
-21
-2165
-2348
-866
1684
3458
4854
4866
3229
766
-2808
-4458
-4900
-2980
31
1358
2009
219
-722
-1887
-3073
-3398
-2990
-989
593
1688
967
-308
-2076
-3418
-3435
-4485
-2904
2679
12725
21738
19438
9777
-2122
-8155
-9366
-9812
-6908
-992
6531
8472
3267
-8236
-20012
-26481
-22174
-7938
5915
12269
9304
5557
3062
-814
-5011
-6567
-333
8901
14718
15877
12779
7808
1133
-4445
-5591
-3448
-674
1384
2639
3948
2270
-2685
-6985
-8124
-4623
-498
2377
3898
3831
3342
2221
1737
1502
370
-186
173
1484
2245
543
-1086
-1608
-687
1375
2292
2710
1962
449
-881
-2519
-3350
-3968
-4085
-2937
-696
2185
2629
-267
-4359
-6070
-4093
-916
722
249
-349
-785
-1516
-2466
-2823
-1834
-342
509
1009
1041
953
442
17
700
660
756
371
623
1977
1956
1518
563
113
49
-264
-287
334
109
-730
-1373
-2074
-800
-1051
-721
220
-15
1061
-637
-1098
-880
-666
1138
524
989
-1099
-3203
-1073
5560
15312
16906
10983
1993
-2960
-4844
-7427
-7385
-4214
3742
8086
7006
130
-11450
-21019
-24298
-15620
-2839
4815
5430
2751
2569
1456
-2971
-6121
-4582
2159
8634
11748
13711
12775
8985
2368
-3519
-4600
-3453
-1082
1272
2907
3249
916
-1538
-2468
-3354
-4991
-6949
-5735
-100
5710
9391
8991
5909
2195
-1748
-3096
-2674
-762
1364
2980
4734
3807
330
-4165
-6861
-5536
-2468
771
2994
3069
1470
-1740
-4376
-4894
-3957
-1494
1015
2852
3259
880
-2237
-4639
-5794
-5650
-5590
-4534
-2192
781
3068
2638
975
-1239
-2393
-1941
-649
2253
4518
5953
5951
5118
3919
1429
-1074
-2045
-774
1429
3024
2362
1222
-1418
-3124
-3329
-3414
-3295
-3940
-1735
1481
4661
3758
1346
-1060
-2737
-1869
-1789
267
576
1092
1152
1826
5766
11082
14724
11923
5009
-1724
-3791
-5888
-7105
-7483
-4295
947
1598
584
-6072
-13198
-18977
-18721
-9143
-242
4185
3339
1950
2151
-375
-4966
-6088
-2709
3511
7181
8634
10479
9590
6621
1048
-2402
-2433
-2160
-728
820
3068
3973
1943
-70
-1240
-2316
-3602
-4833
-2634
1886
5820
8217
7327
6194
4177
1487
5
-876
249
1479
2457
3223
2447
712
-1576
-3505
-4402
-4632
-3746
-1722
-130
182
-950
-1441
534
3180
4032
1877
-1839
-4181
-3851
-1840
226
753
-514
-2995
-5450
-6099
-5447
-4432
-3690
-2993
-1158
1184
2438
2313
1439
1417
2508
3553
4921
5396
4909
3562
1727
1179
1160
1668
1232
-341
-2057
-3646
-3861
-4166
-4174
-4504
-3846
-2030
-1370
-658
-1869
-2361
-2299
-175
2520
1901
1165
2244
9855
16869
18412
12456
3543
-942
-3955
-4507
-5679
-4281
-274
2130
2509
-2900
-12096
-21260
-25170
-19157
-8129
1085
5211
4075
2504
-113
-3760
-5029
-3971
1518
6696
10576
14452
15336
13256
5484
-2963
-6864
-6101
-2173
948
2782
3340
1279
-2013
-4630
-6086
-6024
-6329
-4494
225
5289
8664
8135
7191
6746
6158
5740
5047
5776
6378
6096
5537
4727
3871
1717
-972
-3211
-4785
-6362
-7336
-7218
-6286
-5356
-5083
-3853
-1848
718
1585
-214
-2218
-3340
-2154
-596
139
912
481
-2
-1192
-2413
-2577
-3515
-4170
-4434
-3574
-1669
-955
-1008
-1269
-1442
-833
265
2193
4681
5653
5175
3928
2941
3077
2410
1096
-89
-510
62
49
-679
-1819
-3189
-4032
-3998
-2961
-2274
-2681
-3996
-4493
-3384
-520
5438
12060
17293
16188
10050
3175
-1576
-3120
-3684
-1599
3014
8073
9042
4985
-4134
-14255
-21995
-22941
-15542
-6422
312
823
-872
-2292
-4085
-5535
-6180
-3634
1510
6790
11798
15386
15989
13039
7073
2450
758
985
1949
1495
1343
1160
378
-779
-3652
-6801
-10429
-12966
-11916
-7794
-2469
1375
2765
3814
4379
4028
3722
3495
5412
7363
8761
10169
10646
10531
7633
3083
-1360
-4746
-6181
-6171
-5371
-4600
-4702
-4745
-3683
-3083
-3215
-5402
-7112
-6746
-5105
-1862
67
1451
1260
72
-52
550
2314
2717
2064
1648
2083
3060
2880
1807
500
-247
-424
-27
513
937
928
367
-216
-898
-857
-974
-935
-492
305
1991
1574
290
-1996
-4079
-4237
-4616
-3186
-2446
-1742
-688
489
3379
6368
8970
8467
5694
2174
756
507
-204
-197
958
4119
5425
4062
-420
-6701
-12768
-15963
-13769
-8722
-4577
-4488
-5914
-6695
-6372
-6321
-6244
-3874
402
5405
8768
11600
13795
14334
12410
8806
6576
5588
5096
3860
3190
3518
3561
2001
-1293
-4319
-7098
-9336
-11006
-10267
-6959
-3306
-1422
-1935
-2376
-1992
-484
1299
3300
5676
7598
8743
9142
9206
8771
7312
4292
1131
-1247
-1715
-846
-280
-508
-2051
-3294
-3565
-3424
-3995
-5977
-7890
-7692
-5595
-3404
-3081
-4530
-5493
-5119
-3434
-1382
223
1447
1792
1746
2147
3163
4438
4919
4879
4563
4677
4298
3361
1851
-103
-927
-1359
-104
972
1048
-550
-3513
-5314
-5775
-4644
-3747
-3064
-2450
-1354
-393
-209
-252
830
4076
7911
9799
8647
5644
2540
124
-2044
-2156
-254
3610
6482
6776
4338
-1046
-7094
-12026
-12480
-10345
-7898
-7413
-7337
-6260
-6199
-7970
-11127
-11352
-7890
-2770
1604
4954
8109
10884
12102
12212
12442
12793
12878
11502
9811
8523
7589
6822
5477
3904
1715
-1622
-5517
-8902
-10569
-10817
-10696
-10287
-8995
-6775
-4374
-2718
-1448
-226
660
1337
2420
5049
8513
11027
11468
10149
8043
5584
2678
-314
-2785
-3994
-3362
-1286
974
1205
-1350
-5782
-9686
-11296
-10709
-8667
-6645
-4712
-2893
-1379
-197
-333
-1196
-2393
-3156
-2408
-608
2064
4370
5516
5771
5053
3936
2909
2131
2202
2515
3027
3774
4326
4161
2606
128
-2292
-3788
-4741
-4519
-3857
-2616
-2122
-2688
-2856
-2292
295
2499
4362
4241
3164
1614
-4
-7
322
2693
4755
6804
7294
5876
3348
-85
-2477
-3825
-3653
-3641
-3656
-4551
-5142
-6018
-7203
-8152
-9310
-8962
-8314
-6472
-4349
-2071
273
1945
3477
4595
5807
6539
6907
6805
7052
7735
8465
9074
8745
7996
6157
4049
2197
673
-540
-2448
-3983
-4946
-4894
-4694
-4912
-5270
-5710
-5655
-5504
-4707
-3703
-2277
-924
460
2091
3425
4251
3702
2729
1998
2556
3937
5425
6218
5731
4151
1467
-1069
-3254
-4350
-4761
-4739
-4493
-4506
-4213
-3803
-2941
-2168
-1607
-1223
-885
-483
-196
150
451
1244
2069
3020
3386
2918
1831
175
-937
-1729
-1556
-991
-32
866
1248
1213
83
-1074
-2250
-2208
-1427
-817
83
1424
4067
5910
5242
2528
-414
-1907
-2727
-3378
-3225
-1556
958
2852
3371
2254
-130
-3286
-5142
-4483
-2421
-675
-428
-155
461
390
-912
-2773
-3428
-3093
-2955
-3047
-2419
-964
387
126
-713
-670
354
2018
2739
3278
3904
4197
4156
3550
3493
4273
4798
4558
3661
2477
1669
265
-1247
-1842
-1557
-164
781
1284
1653
1089
28
-1306
-1704
-513
629
1095
774
260
209
-254
-977
-1809
-2420
-2188
-1224
229
1068
653
-427
-1070
-1005
-1076
-1616
-2244
-2272
-1837
-1820
-1981
-1961
-1525
-1063
-1263
-1578
-1697
-1436
-1081
-914
-704
-257
529
1574
2369
2463
1972
1371
1389
1588
1529
1058
684
820
699
-84
-1556
-2743
-3129
-3123
-3115
-2839
-1223
1801
4597
5346
4098
2445
1657
1178
601
465
1287
2839
3561
3271
2012
76
-1891
-3397
-3664
-3876
-5167
-7097
-7869
-6598
-4621
-3779
-3744
-3149
-1835
-506
-340
-178
472
1387
2353
3057
4328
5309
5284
4256
2856
1977
1507
1363
1815
2657
3357
3296
2486
1930
1613
1501
1058
418
269
313
655
700
645
582
221
-230
-876
-1286
-1335
-1035
-444
177
539
454
196
48
331
583
848
1069
1020
753
-154
-505
-365
17
-224
-1703
-3168
-4417
-4538
-4112
-3289
-2328
-1524
-558
-240
-473
-1693
-2804
-3075
-2333
-889
-127
141
-31
389
1492
2247
2415
1788
1340
1142
554
124
-55
272
442
-87
-34
419
821
665
376
1324
2529
2845
2115
1017
466
-52
-647
-509
568
2234
3381
3590
3090
1961
529
-737
-1220
-1367
-2009
-3371
-4550
-4725
-4617
-5080
-6124
-6745
-6702
-6850
-7322
-7042
-5054
-2130
114
1200
1940
2702
2965
2597
2665
4216
6448
7790
7886
7688
7806
7406
5925
4085
2769
1920
775
-455
-931
-700
-673
-1298
-1753
-1144
24
570
151
-467
-498
-207
-49
-42
37
61
-392
-1008
-1095
-422
520
1010
1147
1161
986
568
-77
-537
-1012
-1531
-1797
-1577
-1021
-988
-1331
-1704
-1728
-1693
-1812
-1718
-1606
-1453
-1689
-1803
-1611
-1385
-1249
-1433
-1238
-817
-188
254
311
309
183
366
432
245
-194
-597
-566
-467
67
1380
3723
5709
5668
3765
1431
318
-75
-230
-60
936
2610
3712
3831
2647
557
-1889
-3441
-3103
-1891
-1477
-2834
-4576
-5255
-4916
-4452
-4346
-4072
-3881
-4276
-5242
-5658
-4692
-3106
-1961
-1555
-900
336
1463
1721
1326
1392
2208
3573
4994
6407
7635
7922
7194
6084
5836
6532
6977
6302
4559
2892
1747
1025
830
1165
1727
1325
-247
-1919
-2660
-2654
-3176
-4169
-4816
-4472
-3564
-2918
-2593
-2791
-3337
-3790
-3174
-1298
488
1120
696
556
1055
1406
1111
383
65
144
296
652
1156
1496
825
-863
-2319
-2584
-1606
-687
-462
-752
-1119
-1289
-1613
-1607
-1266
-665
-87
315
1110
1880
2209
1709
753
-91
-716
-548
848
3350
5141
4785
2765
895
97
-573
-1297
-1519
-139
2127
3810
4269
2946
661
-1807
-2610
-1360
97
61
-1789
-3284
-3819
-4104
-5111
-6267
-6447
-6328
-6582
-7213
-6637
-4889
-3341
-2915
-2936
-2028
-645
518
1135
2014
3177
4197
5108
6290
7797
8312
7356
5432
4110
3813
3894
3876
3803
4322
4732
4458
3350
2231
1506
441
-1011
-2151
-1861
-717
48
56
-53
-15
-740
-2362
-4141
-4844
-4511
-3685
-2440
-1265
-827
-1880
-3472
-4172
-3828
-3404
-3628
-3573
-2446
-462
1270
2253
2541
2199
1449
611
531
1061
1919
2459
2492
2403
2022
1771
1218
562
-100
-762
-1112
-1432
-1081
-550
-110
-530
-1155
40
3017
6467
6896
4760
2135
747
440
-517
-295
1352
4391
6264
6304
5264
2421
-1595
-6150
-7460
-5981
-4174
-4443
-5963
-5992
-5792
-6372
-8475
-9350
-8797
-8157
-8069
-7332
-4256
-1247
126
-444
-21
1704
2977
2759
1845
2420
3426
4282
4691
6055
7761
7909
6209
4020
3614
4041
4389
4142
4430
5277
5410
4725
3653
3088
1854
-322
-2387
-2706
-1442
-623
-908
-1706
-1935
-2286
-3423
-4803
-5407
-4836
-3721
-1952
441
2556
2584
265
-2332
-3203
-2225
-1152
-422
378
1547
2112
1286
100
-690
-1103
-2276
-3727
-4025
-2798
-1246
-787
-1108
-1390
-1285
-1227
-1034
-720
-469
-721
-1034
-299
1909
5579
9581
12776
13114
10342
5846
2151
612
410
1537
3499
6475
8279
7501
3548
-2908
-9304
-13717
-13544
-10535
-7170
-5948
-6386
-6894
-8113
-10102
-12950
-14103
-13455
-11332
-8264
-3909
1521
5045
5721
4043
3275
3956
5244
6470
7748
9895
11702
12954
13242
12915
11050
7227
2884
39
89
1433
2649
2781
2292
1344
-534
-3043
-5543
-6948
-7458
-7277
-6263
-4118
-1522
-111
-480
-1918
-2903
-3079
-2533
-1511
-34
2011
4154
6508
8320
8295
5498
842
-2746
-3648
-2550
-1335
-795
-724
-1063
-2106
-3497
-4524
-5288
-6117
-7186
-7066
-5135
-2459
-678
-941
-1538
-1773
-1487
-1077
-870
89
907
3105
8447
15912
20656
17906
10410
4136
1273
-929
-2335
-526
5302
10660
10917
7593
522
-8877
-18475
-22523
-17320
-9280
-4708
-5474
-7342
-8700
-12060
-17557
-20335
-16973
-10156
-3710
1106
7387
12482
12425
7393
2187
2603
6100
9797
12835
16293
19430
18823
14635
9729
6122
2451
-2041
-5117
-3629
847
3438
1950
-2004
-5384
-8508
-11772
-12974
-10107
-4526
-356
1226
2620
4839
5376
2346
-1869
-2853
-196
2972
5021
6210
7107
6363
3940
2339
2162
1316
-1912
-5404
-5647
-3188
-2141
-4423
-8309
-10829
-11451
-10978
-8854
-5330
-1884
-1165
-2589
-3304
-2304
-866
-731
-334
1819
5018
6400
5772
4470
4661
8467
14674
21145
21193
14258
5088
-1281
-3565
-5082
-3778
589
6569
8530
4709
-3270
-14755
-24824
-29303
-23087
-11642
-3748
-2520
-5793
-8818
-12866
-17644
-19833
-15460
-6216
3255
10244
15561
19325
17357
10774
3822
2882
8088
13954
18374
20437
20748
17732
11047
3743
-1426
-4748
-7285
-8290
-5866
-667
2256
444
-5138
-10667
-13800
-14504
-11555
-5450
1510
5919
6706
6255
6240
5649
3672
1789
2394
6014
9432
10216
7873
3299
-1355
-4362
-3928
-1475
-755
-3171
-6368
-7505
-6947
-7799
-10756
-12962
-12922
-10163
-6511
-2879
590
1600
-297
-3194
-4124
-2104
929
2577
4156
5810
6716
6885
4235
1458
1966
8535
18487
21296
14585
5241
81
-2861
-7798
-10640
-5257
4494
8400
5102
-2120
-11179
-22159
-29836
-23936
-8265
3636
3477
-3360
-6697
-7987
-12712
-18014
-15739
-3862
9162
15669
18401
19787
17031
7964
-2518
-3847
3776
12087
16050
16733
17087
14198
5468
-4668
-9919
-9421
-6889
-5352
-2498
2532
5092
1848
-5623
-10431
-9892
-6513
-1811
3766
9982
13076
10756
6204
3278
2816
3391
4105
6006
9308
10054
6690
409
-6101
-9419
-9787
-6702
-1587
906
-1467
-7530
-12709
-13847
-13148
-12502
-11398
-8635
-3676
-65
888
-59
-2519
-4434
-5436
-2945
2949
7841
9146
6997
3858
1133
-1603
-3864
-1172
6882
17527
23471
18668
7728
-3337
-9879
-12401
-10786
-3837
6770
13284
10884
2174
-11337
-23124
-29607
-24956
-9753
3753
8954
4501
-2989
-9255
-15203
-18852
-16380
-6714
6620
16858
21062
20716
14680
5238
-3136
-4110
4396
14609
20084
19576
15687
10280
2666
-5699
-10369
-9705
-5530
-1094
1964
3951
1946
-4618
-12271
-16151
-12219
-4437
3289
10159
13020
11683
6188
-259
-1936
275
3960
8647
12540
14012
11359
2769
-6453
-11971
-12517
-7249
133
7018
8919
2452
-8224
-16678
-18734
-15048
-10089
-4623
615
2946
1723
-3709
-8928
-11478
-11015
-6148
911
8593
12130
9194
3221
-2382
-5432
-6041
-5206
-1486
7152
17977
25310
20884
6224
-7527
-12664
-9536
-4718
1045
9267
15119
11920
2053
-10621
-22732
-30684
-29562
-12811
7942
16582
8874
-6404
-16639
-21117
-22439
-17192
-3435
13345
23866
22402
15429
7713
-1107
-7550
-6759
5228
21732
30488
26966
15678
3251
-7045
-13818
-13542
-5598
4006
9232
7250
1652
-4834
-13169
-19627
-19539
-10617
2874
12766
17065
15142
8627
272
-6414
-5553
2931
12846
19044
20336
15435
7789
-2463
-12765
-16337
-13348
-4035
5674
11159
10186
1046
-12819
-23740
-25358
-16594
-3813
4346
7564
4311
-2112
-9780
-16423
-16254
-10417
-152
8959
13446
11821
4574
-4960
-11066
-11145
-6213
1717
6148
10523
15536
19589
16526
2367
-10761
-13183
-5365
1796
5913
8885
11428
7743
-3036
-12473
-21243
-24929
-22319
-8783
10450
17050
6683
-11455
-22799
-23491
-18066
-9738
4260
17735
23802
20229
9868
2619
-3236
-5359
-701
11107
25866
31785
24774
9637
-4334
-12910
-13933
-8726
412
8179
8812
3492
-6166
-14129
-19230
-20756
-15661
-5613
6374
13079
11870
6041
-922
-5434
-4732
1841
11494
19339
20353
17120
11021
2440
-3789
-8500
-7847
-2761
2191
6397
6781
3342
-4761
-15175
-21223
-17626
-8177
1568
5534
3080
-1244
-7867
-11458
-12062
-8330
-1544
3983
8112
8392
5182
-1739
-7542
-8249
-3036
2589
5080
5073
4981
7952
10542
10775
4422
-2861
-5741
-3998
8
1948
3701
4864
3788
-1791
-7863
-15470
-21705
-21278
-12504
3262
10262
3861
-9795
-19291
-19734
-15498
-8299
1684
12943
17631
15535
9108
4099
2022
157
3554
12223
23212
27532
21351
8959
-2720
-7909
-7836
-2286
4245
7967
6129
-456
-7375
-13234
-15582
-15289
-10645
-2814
4999
8573
5312
757
-3532
-4275
-1579
4060
11734
16385
15400
10033
5584
466
-1924
-3531
-4859
-2495
-669
2322
2857
915
-4144
-11280
-15314
-13259
-5676
669
3370
-24
-4068
-6790
-7590
-5363
-3397
532
3470
5251
5057
2149
-1137
-4439
-3773
333
4624
5572
3664
3730
6769
12554
12741
5493
-2806
-7417
-5549
-4145
-2054
1407
4943
4452
-2352
-8649
-16350
-22583
-23925
-13332
3944
11615
4973
-11290
-20327
-20985
-16002
-7621
2798
14935
19308
16473
8874
3025
61
-1136
3338
13293
25632
28741
21034
6408
-6708
-10737
-8790
-676
7557
11107
7832
-1094
-8899
-13506
-13862
-11551
-6469
590
6897
8833
3950
-2035
-6230
-6148
-1274
5852
13708
16984
13864
6482
541
-2868
-3891
-2443
-2067
-1058
-877
-1009
-1736
-3745
-6002
-9565
-10938
-8957
-3612
862
1554
-978
-4184
-4724
-3958
-1669
363
2132
2582
2167
1913
928
254
-1637
-1354
1413
3728
3335
526
-45
2520
8950
14622
13821
5792
-4870
-9166
-7547
-3405
-183
2777
5921
3536
-1869
-9492
-17601
-23808
-22460
-8078
7787
12879
1989
-13618
-21615
-21691
-14863
-5443
6893
16606
18102
12548
3611
-1377
-3228
-1772
4787
15863
25746
25436
15413
1124
-8701
-10431
-5880
3080
10500
12524
7626
-1273
-9059
-13216
-12307
-7809
-643
6553
10017
7444
312
-6149
-8990
-6271
182
7972
13668
13968
8872
1499
-3369
-6175
-5176
-1893
1396
4041
3241
855
-2808
-5278
-6465
-7562
-6561
-3879
507
2388
400
-3161
-5987
-5863
-5185
-3461
-1339
-182
645
239
-856
-2530
-3857
-3620
-732
2955
3724
1587
-798
347
4947
11808
16005
12436
3475
-4559
-4753
-1333
574
1813
3927
6038
2725
-4034
-12801
-21027
-23191
-14796
1880
10569
4363
-10759
-21443
-21553
-16563
-7841
1482
10572
15229
12510
6740
-135
-3314
-2391
3625
15083
25369
28212
19572
5637
-4802
-7101
-2589
4523
10999
12378
8321
199
-7794
-13271
-14804
-10992
-3415
5320
9040
6276
-2561
-11839
-14503
-10594
-1431
6667
11540
12235
7652
1675
-3257
-4822
-3631
-324
4157
7701
8049
3866
-1329
-5159
-5430
-3992
-3583
-1784
525
2213
177
-5185
-8515
-9012
-6693
-3967
-1427
450
-15
-1600
-3758
-4724
-4713
-3515
-284
3829
6208
4951
1788
-638
815
5194
11957
16559
12886
4584
-2789
-2779
377
170
63
1491
3701
1613
-5128
-13200
-20182
-21286
-13526
13
5645
-1023
-13249
-20934
-18957
-13696
-5807
1978
7746
10967
9158
5597
540
-2376
-82
6966
17501
25460
25562
16455
4293
-2886
-1911
3388
8445
11309
9784
5334
-983
-6492
-9592
-10598
-7137
-1259
3841
4821
-211
-8280
-15148
-15625
-8284
1900
8459
9562
6046
618
-3268
-4860
-3223
293
4845
10088
12547
9587
1562
-6237
-8376
-4234
2360
6858
7706
5448
1134
-4490
-9283
-11234
-9602
-5143
-661
2031
1553
-2106
-7137
-11189
-11651
-7702
-707
5013
6994
5279
1582
-1085
-1950
-311
3927
12282
19901
17497
6506
-3163
-3235
-22
-718
-1276
2051
6307
4053
-4312
-14860
-23174
-24971
-17680
-3383
4439
-18
-11649
-20514
-20777
-16605
-9307
-2028
3958
9067
10978
9134
3233
-1752
-753
5686
14118
21064
23180
18652
10481
4149
4059
6730
8137
8585
8144
7656
5147
814
-3483
-6247
-4889
-1397
1173
922
-2176
-6465
-10102
-10221
-6103
-497
2481
2155
349
-1423
-2454
-2937
-2243
-612
1755
4459
5483
3495
-522
-3127
-1690
2147
4920
4950
3188
1680
576
-444
-1851
-3240
-3674
-3505
-2591
-2170
-2734
-4281
-6626
-7783
-7189
-4407
-422
2341
2206
-265
-1912
-1311
17
-451
-1064
1810
8751
15670
15440
7750
-1958
-6702
-4337
352
4534
6656
6780
3666
-2837
-9823
-16252
-19504
-16979
-6637
5156
6810
-3127
-16516
-22266
-19741
-13688
-5683
2191
8204
8908
4538
-1906
-7938
-9628
-4870
5328
15763
21082
19418
12546
4237
-1667
-1921
3286
11402
17912
19218
15202
8150
1677
-2645
-4095
-2156
2362
6456
6600
2416
-3817
-9392
-12287
-10631
-5326
-175
1650
421
-1527
-3847
-6273
-7317
-5417
-1452
2357
4505
4336
2716
780
476
1750
3482
5308
6723
7522
6377
3370
-253
-3228
-4596
-3973
-1582
405
-272
-3895
-7485
-8399
-6875
-4706
-3287
-2144
-844
-148
-1443
-4215
-6165
-5148
-1970
1247
4310
6522
7201
5036
1329
-608
-524
1499
3722
4889
4537
2567
1221
244
-1501
-4537
-7168
-6635
-3059
1630
2994
-715
-7385
-12267
-12064
-9504
-6937
-5076
-3054
-1355
-2190
-4540
-7100
-8610
-7765
-3521
3696
9393
9778
6114
2757
2297
4137
6666
9635
12948
15089
15177
12866
9370
6256
3881
3366
4652
6769
7720
5584
1641
-2028
-4075
-4500
-4086
-3108
-2150
-2393
-3938
-5771
-6730
-6487
-6364
-6266
-5269
-3046
-219
1193
1162
813
1110
2233
2788
2377
1957
2123
2751
2932
2007
484
-1571
-3214
-2863
-677
1581
1553
-211
-1355
-1509
-2185
-3995
-5243
-4532
-2939
-2395
-2474
-2273
-2370
-4073
-6621
-6352
-2822
724
1289
-307
-541
663
1440
837
-333
-398
1005
3524
5858
6652
5677
4232
3275
2785
2636
1842
583
-292
195
1619
881
-2534
-5952
-6809
-5132
-3416
-2697
-2590
-3274
-4379
-4776
-4105
-2672
-1546
-761
814
2416
3397
3035
1567
935
1347
2632
3954
4627
5112
4938
3545
1685
463
617
1833
2437
2443
1922
794
-215
-1546
-2230
-1547
409
2937
4009
3348
2096
1368
1405
2294
3839
5473
5860
4228
2149
526
-154
-507
-790
-390
-179
-446
-1372
-2570
-3703
-4697
-4769
-3618
-1866
-895
-1276
-2938
-4832
-5849
-5682
-4560
-3801
-3908
-4548
-4989
-4448
-3454
-2944
-3023
-2929
-2009
-903
-587
-1006
-1638
-1937
-1580
-222
1945
4086
5643
6209
5613
4219
3218
3591
4801
5362
5078
4507
3968
3574
2693
1575
443
-273
37
364
24
-1118
-2396
-3212
-3731
-3581
-2551
-1074
-332
-796
-2128
-3274
-3606
-3650
-3454
-3354
-2796
-1834
-1364
-1287
-1779
-2100
-1856
-1044
623
2187
2854
2303
917
-77
49
1574
4019
6067
6672
6006
5139
4899
5093
5192
5855
7422
8955
8972
6812
4191
2412
1522
1290
1309
1647
1544
190
-1883
-3688
-4549
-4302
-3466
-2401
-1552
-2114
-4143
-6949
-8689
-8002
-6219
-4966
-5220
-5980
-6008
-5660
-5668
-6494
-7575
-8108
-7237
-4958
-2225
-504
-762
-2262
-3913
-4017
-2008
1167
4061
5166
5070
4361
3149
1724
849
1998
4598
6814
7160
5714
3919
2699
2635
3285
4014
4359
4458
4776
4658
3585
1769
631
1018
2189
3205
3137
2074
235
-1784
-2954
-3075
-2279
-1610
-1758
-2803
-4230
-5049
-5362
-5500
-5774
-5515
-4244
-2757
-2047
-2648
-3615
-4101
-3537
-2006
-109
1628
2618
3236
3530
3707
3899
4321
5385
6512
7225
7048
6140
4983
4175
4304
5153
5942
5689
4638
3652
3258
3190
2830
2263
1784
1365
508
-988
-2752
-3926
-4287
-4389
-4712
-5175
-5235
-5360
-6165
-7462
-8269
-8247
-8131
-7905
-7236
-6295
-6076
-6546
-6567
-5904
-5036
-4230
-2893
-1385
-686
-677
-559
-91
3
46
874
2158
2795
2477
2064
1867
1857
2311
3574
5122
6125
6587
6522
5792
4591
4139
5201
7014
8489
8970
8216
6095
3553
1960
1586
1566
1242
1005
746
-74
-1689
-3493
-4813
-5518
-5369
-4547
-3538
-3257
-4110
-5846
-7720
-8378
-7118
-4406
-2048
-985
-702
-488
-311
-575
-616
297
2174
4182
5513
5800
4751
2913
1477
1657
3136
4429
4581
3879
3373
3226
3044
2667
2692
3430
3984
3386
1726
423
196
485
433
0
-253
-566
-1334
-2434
-3159
-3429
-3888
-4555
-4701
-3958
-3306
-3693
-4864
-5818
-6049
-5631
-4655
-3561
-3035
-3555
-4658
-5587
-6055
-6023
-5406
-4188
-2890
-2017
-1758
-2013
-2466
-2548
-1637
74
1854
3167
3926
4131
3642
2984
3019
4257
6319
8120
8811
8022
6413
4923
4397
5081
6305
7194
6804
5355
3613
2399
2025
1995
1949
1513
1069
804
582
18
-1190
-2321
-2862
-2373
-1522
-1104
-1492
-2542
-3436
-4116
-4365
-4460
-4325
-4036
-3769
-3354
-3255
-3596
-4584
-4970
-3661
-1043
1286
1642
658
-573
-899
-350
812
2548
4128
4998
4382
2970
1664
939
815
1097
2326
3844
4603
3894
2521
1709
1168
577
157
831
2116
2450
1300
-588
-2003
-2883
-3249
-2973
-2228
-1662
-2010
-2962
-4095
-5002
-5490
-5504
-5036
-4589
-4313
-4326
-4570
-4859
-4953
-4558
-3935
-3114
-2087
-988
-332
-415
-459
258
1749
3157
4007
4504
4888
5169
4979
4410
3746
3484
3752
4090
4105
3656
3208
2860
2473
1990
1536
1401
1469
1711
1939
2089
2068
1834
1629
1546
1699
1934
2177
2310
2118
1558
938
874
1286
1463
741
-666
-1844
-2260
-1839
-1134
-915
-1789
-3365
-4484
-4603
-4206
-4159
-4382
-4418
-4117
-3819
-3879
-4150
-4371
-4170
-3396
-2110
-685
167
23
-768
-1202
-827
-81
474
987
1827
2596
2725
2265
1814
1631
1632
2110
3212
4285
4255
3031
1633
835
551
411
449
689
911
878
414
-541
-1875
-2954
-3118
-2295
-1010
19
334
-269
-1334
-2027
-1884
-1105
-296
291
635
774
710
421
-162
-1015
-1568
-1388
-713
-343
-549
-735
-538
-233
-348
-761
-903
-491
300
931
1084
812
482
441
821
1598
2411
2658
2151
1582
1762
2456
2708
2251
1799
1901
2309
2524
2370
1930
1443
1326
1609
1716
1197
395
74
473
1181
1665
1423
279
-1173
-1981
-1848
-1383
-1137
-1056
-1059
-1406
-2205
-3091
-3803
-4434
-4854
-4664
-3849
-3162
-3339
-4259
-5120
-5243
-4578
-3573
-2771
-2321
-1941
-1340
-698
-452
-600
-690
-364
318
1080
1747
2158
2213
2060
1982
2107
2275
2372
2483
2717
3053
3315
3316
3005
2714
2917
3627
4279
4322
3881
3380
3093
2952
2804
2510
1956
1386
983
699
364
-1
-314
-851
-1754
-2670
-3044
-2954
-2918
-3072
-3189
-3147
-3120
-3012
-2747
-2660
-3043
-3601
-3514
-2702
-1836
-1469
-1512
-1435
-957
-94
798
1343
1540
1740
2204
2755
3083
3028
2715
2398
2368
2647
2791
2505
1902
1274
734
311
189
335
373
85
-289
-460
-645
-1084
-1619
-1931
-1876
-1512
-917
-328
-67
-228
-493
-522
-184
429
972
1094
711
139
-402
-1006
-1646
-2077
-2133
-2021
-1979
-2066
-2490
-3431
-4491
-4713
-3748
-2449
-1922
-2382
-3145
-3512
-3247
-2479
-1469
-497
335
1124
1845
2275
2370
2468
2914
3747
4701
5390
5437
4855
4223
4024
4053
3790
3275
2993
3087
3191
2977
2485
1847
1240
985
1299
1832
1941
1387
534
-46
-276
-415
-732
-1269
-1750
-1923
-1726
-1445
-1425
-1766
-2270
-2568
-2438
-1856
-1312
-1325
-1715
-1890
-1529
-1244
-1549
-2128
-2386
-2132
-1801
-1617
-1571
-1663
-1804
-1855
-1591
-1195
-892
-686
-503
-193
10
66
20
33
349
778
1246
1511
1618
1644
1460
1313
1236
1389
1404
1075
762
606
745
593
192
-172
-436
-565
-916
-1049
-959
-698
-413
-331
-245
-478
-726
-805
-515
62
377
453
273
338
632
876
921
754
782
774
637
383
303
518
575
454
269
247
121
-423
-1107
-1414
-1040
-545
-451
-672
-727
-484
-420
-591
-567
-26
589
788
867
1178
1544
1456
990
663
589
574
525
705
1097
1237
935
422
187
324
626
889
1082
1320
1383
1070
463
13
12
186
292
334
458
498
198
-342
-814
-988
-864
-475
35
307
8
-739
-1419
-1634
-1420
-1108
-936
-1059
-1406
-1778
-1920
-1826
-1816
-1982
-2201
-2166
-1862
-1478
-1195
-1165
-1245
-1237
-939
-505
-218
-155
-163
6
382
951
1448
1507
1071
611
691
1181
1548
1545
1483
1547
1501
1158
639
247
44
-36
31
185
271
95
-394
-1004
-1427
-1362
-790
-19
584
824
675
277
29
335
1155
1937
2281
2393
2579
2767
2603
2125
1767
1759
1954
2083
1980
1526
716
-109
-525
-474
-425
-811
-1568
-2326
-2875
-3296
-3620
-3788
-3745
-3601
-3465
-3355
-3305
-3356
-3467
-3423
-3034
-2299
-1396
-548
78
424
556
614
727
925
1257
1743
2287
2686
2785
2676
2499
2329
2202
2247
2544
2883
2964
2792
2679
2760
2792
2519
2092
1865
1917
1969
1699
1078
347
-130
-109
271
513
226
-462
-1077
-1355
-1452
-1591
-1812
-2053
-2351
-2780
-3237
-3592
-3838
-4042
-4146
-3982
-3613
-3409
-3596
-3903
-3823
-3177
-2250
-1375
-638
-100
71
-105
-220
136
857
1498
1937
2394
2875
3024
2640
2144
2104
2566
3142
3537
3680
3489
2882
2095
1619
1634
1775
1611
1178
832
648
308
-339
-990
-1242
-1036
-660
-381
-264
-331
-637
-1138
-1544
-1507
-946
-209
216
104
-364
-818
-1008
-874
-553
-277
-145
-76
61
164
-39
-616
-1219
-1381
-1043
-555
-337
-548
-1078
-1642
-1934
-1826
-1442
-1081
-907
-835
-742
-670
-674
-632
-309
301
912
1273
1424
1556
1729
1892
2080
2351
2593
2602
2357
2045
1750
1382
910
544
522
705
715
341
-266
-795
-1058
-1023
-757
-473
-414
-645
-980
-1167
-1153
-1082
-1033
-902
-582
-147
179
261
139
-64
-186
-51
416
1018
1388
1313
964
677
579
535
383
166
-8
-145
-329
-609
-883
-1057
-1165
-1297
-1437
-1472
-1372
-1250
-1204
-1193
-1105
-896
-615
-355
-160
-60
-48
-34
75
320
595
748
731
618
506
422
352
302
269
255
261
290
262
93
-183
-425
-483
-363
-213
-210
-403
-646
-720
-492
-42
386
569
462
230
131
320
705
1039
1128
1060
1067
1240
1413
1309
858
311
28
165
517
699
487
32
-316
-375
-320
-460
-807
-1083
-975
-533
-168
-208
-589
-889
-818
-493
-272
-343
-532
-541
-302
-50
-35
-257
-471
-470
-296
-119
-64
-83
-54
52
228
371
393
250
-6
-211
-232
-91
74
167
185
146
36
-102
-131
87
509
923
1163
1259
1317
1380
1409
1412
1464
1633
1858
1998
1978
1801
1512
1154
796
540
420
344
150
-178
-529
-825
-1119
-1527
-1977
-2257
-2296
-2255
-2346
-2557
-2730
-2762
-2721
-2681
-2597
-2378
-2051
-1738
-1479
-1265
-1075
-942
-839
-659
-382
-102
31
55
108
220
308
314
391
712
1187
1534
1614
1535
1496
1535
1575
1619
1719
1822
1771
1514
1186
987
957
960
925
897
918
919
871
842
884
925
826
600
424
402
382
173
-195
-490
-587
-644
-867
-1231
-1430
-1284
-910
-604
-511
-507
-472
-441
-510
-589
-491
-119
433
889
1012
717
214
-65
183
843
1416
1488
1084
576
267
152
44
-124
-276
-359
-429
-617
-930
-1264
-1508
-1634
-1678
-1687
-1673
-1653
-1666
-1720
-1822
-1920
-1947
-1881
-1714
-1482
-1200
-888
-549
-232
-30
39
54
202
611
1217
1786
2102
2130
1999
1874
1820
1869
2046
2333
2601
2672
2457
2057
1696
1485
1432
1461
1476
1388
1138
752
334
7
-182
-294
-405
-539
-696
-894
-1136
-1366
-1502
-1539
-1530
-1538
-1579
-1615
-1649
-1660
-1632
-1587
-1570
-1620
-1680
-1641
-1461
-1228
-1090
-1104
-1176
-1135
-890
-526
-219
-106
-124
-105
53
312
525
618
626
639
718
875
1083
1262
1336
1287
1202
1186
1255
1355
1429
1502
1602
1672
1617
1408
1118
857
746
819
994
1112
1028
756
412
115
-111
-268
-331
-283
-202
-209
-341
-563
-798
-1033
-1227
-1283
-1175
-962
-801
-764
-816
-934
-1090
-1225
-1205
-981
-693
-555
-634
-784
-851
-815
-762
-752
-764
-752
-708
-633
-571
-559
-582
-586
-469
-223
41
190
189
153
214
402
632
852
1056
1261
1438
1520
1505
1434
1353
1276
1218
1210
1249
1265
1159
915
602
323
143
36
-42
-101
-145
-189
-254
-337
-392
-389
-355
-334
-347
-345
-273
-129
27
112
125
143
189
219
210
212
316
481
602
597
495
371
238
96
-14
-35
-21
-78
-253
-472
-653
-823
-993
-1108
-1085
-965
-941
-1093
-1318
-1433
-1405
-1331
-1266
-1167
-1005
-857
-770
-727
-673
-596
-504
-368
-150
118
304
323
224
167
244
405
552
623
638
598
513
428
413
497
620
712
748
771
785
745
680
682
812
1007
1134
1149
1076
963
824
692
633
659
687
616
422
157
-106
-341
-553
-743
-894
-984
-1026
-1053
-1092
-1150
-1221
-1289
-1313
-1249
-1059
-778
-482
-215
-12
149
282
380
467
571
723
905
1041
1081
1054
973
883
817
793
796
750
647
500
367
277
211
184
166
159
108
20
-68
-140
-172
-214
-237
-241
-225
-201
-169
-128
-122
-134
-190
-245
-262
-232
-173
-134
-113
-95
-57
-54
-128
-302
-508
-646
-673
-595
-516
-536
-701
-953
-1173
-1282
-1321
-1357
-1401
-1419
-1319
-1114
-895
-773
-799
-882
-888
-720
-378
33
370
547
580
542
538
600
691
799
905
1029
1147
1185
1117
964
825
783
851
956
1007
969
852
750
736
783
786
664
461
291
268
391
570
673
586
333
57
-113
-94
41
172
188
83
-48
-133
-134
-115
-118
-141
-166
-164
-139
-135
-210
-351
-487
-526
-440
-294
-188
-211
-342
-489
-560
-529
-436
-325
-243
-186
-136
-116
-158
-253
-350
-387
-323
-200
-93
-62
-112
-202
-272
-291
-270
-216
-114
33
177
236
196
118
83
152
283
390
431
423
416
436
451
402
289
159
80
78
106
80
-32
-193
-336
-431
-511
-619
-765
-906
-992
-1024
-1017
-1016
-1010
-954
-844
-717
-643
-640
-662
-618
-461
-236
-34
93
164
223
300
381
416
411
407
470
596
736
838
872
897
958
1062
1146
1160
1123
1111
1199
1362
1529
1621
1589
1487
1362
1226
1074
919
815
779
796
783
666
438
157
-73
-221
-323
-451
-628
-816
-961
-1024
-1055
-1109
-1226
-1384
-1490
-1510
-1455
-1414
-1429
-1460
-1427
-1294
-1125
-1009
-1028
-1122
-1170
-1090
-914
-756
-682
-655
-597
-468
-313
-205
-181
-186
-147
-30
88
133
106
65
112
236
357
373
272
155
115
195
327
409
403
353
322
349
423
512
610
704
797
857
851
802
760
791
893
993
1027
978
885
815
786
777
770
741
707
694
695
691
662
622
595
590
602
608
592
537
445
325
211
130
86
64
26
-62
-227
-429
-616
-751
-828
-867
-873
-882
-918
-997
-1111
-1205
-1234
-1191
-1095
-1003
-962
-978
-1010
-988
-910
-806
-722
-680
-651
-611
-550
-486
-426
-390
-345
-285
-211
-139
-121
-137
-141
-87
15
102
124
76
15
-3
40
113
158
165
145
137
142
125
96
78
102
182
294
376
388
352
310
320
388
490
590
654
683
680
655
629
586
546
535
548
594
613
571
473
346
257
228
242
275
283
257
210
142
71
13
0
29
79
122
116
57
-28
-100
-112
-55
19
61
44
-31
-117
-175
-176
-120
-55
-3
11
2
3
5
30
72
112
148
158
151
142
143
145
120
67
-21
-127
-233
-321
-363
-384
-415
-493
-629
-765
-866
-922
-935
-932
-918
-914
-918
-932
-959
-960
-920
-836
-705
-568
-456
-370
-310
-251
-165
-54
45
121
152
165
200
242
286
314
333
371
445
531
594
608
592
612
682
775
846
859
843
828
831
841
796
697
600
555
571
593
568
501
427
397
423
459
465
444
444
507
591
640
610
488
365
300
301
326
292
199
101
34
-18
-101
-230
-362
-436
-423
-382
-383
-451
-560
-655
-693
-684
-655
-646
-666
-679
-674
-674
-695
-757
-823
-843
-821
-797
-818
-877
-942
-1004
-1040
-1050
-1041
-1006
-959
-910
-860
-811
-746
-636
-489
-302
-125
20
148
289
455
604
712
795
892
1017
1155
1259
1297
1297
1282
1285
1280
1242
1169
1080
1016
970
908
782
609
441
306
200
95
-17
-126
-214
-281
-340
-412
-490
-564
-611
-633
-636
-622
-606
-587
-560
-529
-496
-471
-443
-395
-331
-243
-145
-53
6
52
99
152
219
278
336
391
437
490
514
508
499
487
520
565
585
571
493
409
349
310
297
263
191
99
-7
-124
-240
-336
-405
-442
-467
-518
-587
-698
-815
-875
-889
-839
-774
-747
-730
-736
-747
-734
-710
-648
-534
-389
-236
-119
-51
-28
-18
-11
0
44
123
239
362
456
510
512
472
426
363
337
359
405
456
484
477
435
361
275
206
151
139
163
207
254
278
268
218
145
59
-20
-66
-67
-33
17
75
116
125
98
49
-3
-26
-8
61
179
290
345
332
254
160
91
51
44
62
99
123
104
37
-55
-118
-134
-98
-58
-51
-98
-197
-308
-420
-500
-522
-484
-402
-334
-317
-373
-480
-614
-707
-718
-660
-553
-490
-497
-573
-685
-746
-720
-612
-457
-310
-205
-155
-147
-149
-116
-28
113
270
377
408
375
310
273
289
324
355
353
324
317
332
376
412
426
442
476
540
611
637
617
580
553
583
641
734
836
914
964
936
821
634
435
301
270
301
311
230
31
-231
-488
-687
-811
-859
-848
-800
-737
-718
-771
-875
-1005
-1066
-1032
-946
-851
-784
-692
-557
-389
-217
-68
38
134
241
336
433
539
673
827
983
1115
1175
1131
995
834
729
719
778
867
934
911
786
578
328
96
-79
-180
-225
-233
-238
-275
-327
-404
-515
-655
-851
-1039
-1174
-1215
-1155
-1045
-928
-879
-969
-1212
-1509
-1731
-1785
-1677
-1452
-1170
-902
-712
-647
-671
-730
-776
-756
-623
-355
-11
328
576
672
632
480
315
265
389
652
937
1146
1209
1135
1008
902
866
900
959
991
963
918
911
959
1044
1129
1155
1089
951
795
698
671
732
850
969
1013
937
762
528
303
146
118
181
280
333
268
97
-129
-335
-469
-506
-493
-483
-494
-525
-548
-537
-510
-517
-590
-717
-846
-904
-838
-683
-508
-383
-385
-500
-652
-788
-827
-762
-641
-512
-452
-452
-499
-562
-594
-598
-576
-537
-505
-469
-435
-411
-394
-372
-329
-269
-221
-188
-182
-195
-193
-166
-100
-11
95
185
237
256
236
192
155
150
215
352
525
676
743
726
639
504
385
334
365
485
641
779
850
792
641
436
248
148
157
241
351
410
383
283
144
14
-102
-181
-223
-245
-252
-254
-253
-254
-276
-322
-405
-489
-531
-511
-437
-349
-271
-238
-237
-239
-214
-139
-48
39
109
162
218
289
349
387
379
334
288
275
328
414
493
514
452
346
235
173
176
207
256
275
231
149
45
-54
-132
-191
-215
-226
-235
-242
-270
-305
-314
-310
-294
-290
-318
-369
-416
-416
-361
-271
-176
-112
-123
-204
-327
-425
-452
-411
-310
-210
-138
-115
-173
-284
-402
-498
-524
-471
-363
-232
-141
-111
-114
-118
-86
-32
23
72
92
100
130
221
363
508
580
552
462
381
371
442
549
620
623
579
536
528
570
619
604
530
439
390
417
480
517
504
413
306
250
253
293
262
136
-33
-178
-205
-118
9
68
-27
-274
-582
-807
-842
-721
-559
-446
-446
-538
-683
-814
-882
-884
-844
-802
-771
-728
-680
-632
-599
-584
-551
-504
-457
-378
-276
-167
-86
-51
-25
29
130
270
402
502
562
557
523
535
609
719
795
808
784
757
739
699
674
662
631
581
514
471
462
431
367
302
230
152
74
30
43
90
108
80
24
-43
-105
-156
-182
-185
-182
-183
-177
-160
-148
-160
-210
-268
-298
-291
-251
-213
-183
-160
-142
-120
-117
-132
-164
-214
-246
-246
-219
-178
-149
-134
-117
-125
-157
-182
-194
-173
-160
-168
-190
-220
-228
-186
-86
23
65
24
-50
-118
-163
-154
-88
14
99
133
125
83
19
-47
-71
-31
36
109
157
171
142
88
54
55
83
115
151
172
167
135
104
96
115
147
155
131
69
6
-17
22
108
180
205
159
51
-54
-105
-96
-56
-11
47
108
122
106
88
58
5
-64
-78
-18
64
112
113
72
-9
-107
-150
-89
-1
44
50
31
-1
-43
-76
-75
-46
-23
-31
-33
-3
37
69
78
76
55
12
-28
-23
42
119
161
170
159
121
61
-19
-76
-68
-33
-1
9
10
13
-14
-77
-145
-187
-211
-225
-233
-213
-188
-190
-212
-233
-220
-205
-201
-218
-263
-301
-341
-346
-301
-224
-136
-76
-47
-71
-126
-190
-202
-159
-78
21
87
141
140
104
70
59
109
180
263
345
412
447
436
405
360
325
320
359
424
480
503
476
409
323
236
171
151
167
192
198
160
89
-8
-101
-159
-166
-130
-79
-46
-63
-112
-185
-242
-264
-237
-187
-141
-110
-116
-137
-174
-188
-171
-140
-97
-79
-86
-108
-135
-146
-145
-120
-92
-62
-19
6
5
-32
-89
-154
-216
-240
-228
-175
-91
-26
4
-32
-115
-203
-264
-255
-190
-79
49
150
185
140
48
-54
-105
-88
-9
94
182
243
249
202
117
41
-7
-23
-7
13
40
59
59
48
29
5
-13
-16
-16
-7
1
10
24
26
28
16
4
5
6
23
46
49
36
5
-26
-33
-6
45
107
151
165
149
122
102
101
118
153
205
235
247
233
197
164
150
159
169
171
154
118
75
44
26
17
10
-28
-73
-110
-141
-162
-184
-204
-234
-270
-299
-320
-333
-331
-321
-291
-250
-218
-199
-207
-231
-251
-263
-250
-209
-137
-55
24
84
99
76
24
-24
-27
18
98
181
230
231
176
98
25
-18
-4
35
77
103
97
56
-5
-55
-81
-83
-76
-53
-35
-18
-11
-11
-9
-15
-7
-3
5
18
27
52
79
106
128
146
148
147
156
161
176
187
192
195
182
172
167
171
180
186
173
152
135
116
103
82
65
44
10
-16
-40
-51
-58
-73
-91
-127
-162
-190
-202
-196
-171
-146
-144
-158
-178
-185
-169
-137
-102
-75
-66
-71
-68
-67
-67
-64
-56
-36
-11
17
31
34
30
14
5
9
20
23
29
27
24
11
-4
-17
-29
-15
5
16
20
-5
-49
-84
-99
-82
-46
-22
-19
-35
-47
-42
-17
11
25
27
11
-5
5
40
78
95
84
66
49
46
56
75
88
92
81
66
56
36
22
14
21
36
52
67
70
69
55
44
27
10
4
1
3
6
14
23
20
18
21
25
27
19
0
-20
-26
-26
-26
-26
-17
-6
-1
0
8
20
28
30
24
16
3
-8
-29
-50
-51
-43
-23
-4
9
5
-14
-50
-93
-123
-146
-143
-132
-123
-108
-97
-81
-70
-66
-67
-69
-71
-79
-89
-102
-105
-93
-73
-38
4
42
63
62
46
21
-2
-11
2
35
74
125
151
151
137
112
93
77
79
95
116
143
180
204
211
209
197
184
158
143
141
149
162
170
176
170
139
83
12
-55
-98
-119
-124
-125
-132
-145
-165
-198
-239
-268
-275
-263
-234
-203
-176
-154
-150
-143
-134
-129
-121
-114
-120
-117
-110
-104
-83
-63
-48
-45
-54
-81
-113
-129
-126
-85
-34
15
55
69
51
16
-4
7
44
112
188
243
271
270
239
203
181
182
196
211
216
200
192
178
165
151
128
113
86
63
50
47
51
59
61
46
17
-38
-102
-172
-220
-229
-208
-170
-157
-175
-219
-273
-318
-337
-306
-242
-149
-73
-29
-11
-23
-41
-47
-20
40
125
214
266
286
276
236
195
149
107
73
55
56
60
80
102
118
112
77
27
-46
-125
-179
-204
-205
-182
-138
-80
-22
23
33
10
-34
-83
-112
-113
-78
-20
38
76
85
48
-14
-65
-90
-69
-27
20
59
70
57
21
-13
-30
-22
9
53
92
115
120
112
92
72
65
62
69
77
72
64
59
45
21
-10
-60
-110
-147
-175
-185
-185
-181
-173
-181
-199
-218
-221
-211
-191
-152
-120
-93
-73
-62
-45
-28
-4
20
36
53
76
110
153
194
217
224
215
195
177
167
178
207
229
244
243
208
159
97
47
31
37
59
82
86
62
21
-23
-49
-51
-37
-6
25
48
50
34
3
-27
-51
-43
-35
-39
-41
-60
-83
-102
-110
-102
-81
-64
-57
-71
-101
-131
-144
-133
-110
-76
-38
-5
9
7
-6
-28
-30
-25
-1
33
51
60
52
23
-4
-25
-41
-27
-1
20
24
-1
-29
-50
-59
-61
-69
-67
-54
-42
-30
-19
-9
-11
-35
-51
-64
-75
-68
-50
-16
19
47
64
59
41
27
5
-6
7
36
76
108
116
105
89
65
42
32
43
63
77
78
52
24
-2
-15
-17
-8
10
23
28
22
24
28
41
59
69
80
77
67
58
53
48
50
57
58
52
33
8
-16
-33
-42
-53
-61
-69
-94
-113
-139
-155
-153
-139
-106
-84
-64
-56
-74
-97
-109
-105
-69
-11
31
54
50
38
27
9
7
14
21
33
32
25
23
26
39
55
59
52
32
2
-26
-43
-36
-15
23
52
53
25
-24
-75
-115
-115
-79
-20
35
60
58
18
-41
-90
-109
-94
-48
5
47
60
44
20
-6
-8
9
23
36
42
46
49
51
62
71
69
54
31
4
-16
-22
-17
8
25
25
13
-9
-31
-47
-43
-12
25
49
58
42
14
-9
-27
-31
-22
-16
-9
-7
-14
-29
-42
-45
-42
-41
-34
-28
-31
-25
-20
-16
-10
-6
6
20
36
43
38
33
27
26
28
34
42
46
46
46
44
39
34
32
29
26
15
-10
-34
-40
-30
-16
-3
-7
-17
-28
-46
-60
-62
-58
-44
-35
-34
-33
-35
-38
-39
-33
-11
17
32
41
39
28
17
-3
-15
-10
5
27
46
52
50
35
18
9
0
-7
-10
-8
-8
-12
-13
1
14
12
0
-24
-43
-57
-67
-53
-27
1
31
48
49
28
4
-19
-29
-28
-26
-5
12
22
26
30
34
33
32
37
38
34
32
19
8
-4
-6
0
3
10
13
14
15
17
14
8
-6
-17
-14
-30
-48
-54
-54
-41
-20
6
22
21
7
-9
-18
-32
-38
-43
-38
-27
-32
-37
-38
-31
-16
0
1
-10
-18
-30
-32
-27
-7
9
11
8
-2
0
18
40
58
67
60
44
34
31
33
32
19
13
9
3
-4
2
17
30
36
26
14
0
-10
-7
-3
3
7
8
14
7
3
-1
2
18
26
31
29
20
0
-19
-37
-40
-25
-20
-14
-9
-2
0
-9
-10
-8
-6
-16
-30
-33
-32
-28
-30
-23
-10
-1
7
6
9
14
20
14
-1
-18
-26
-25
-28
-27
-24
-17
-21
-30
