-47
-46
-37
-32
-25
-24
-29
-27
-26
-21
-20
-19
-9
1
-3
0
-11
-15
-12
-24
-17
-18
-8
2
-7
3
-3
6
16
11
28
21
25
27
19
26
19
28
34
30
36
29
30
35
32
42
43
42
42
38
44
50
47
47
45
42
43
39
40
29
29
35
35
39
25
8
-3
-8
0
1
-9
-23
-34
-41
-46
-48
-50
-57
-70
-73
-75
-73
-71
-84
-90
-84
-71
-59
-53
-62
-68
-61
-48
-36
-34
-29
-28
-22
-14
-6
5
-5
-11
-6
-3
9
8
9
12
17
37
42
44
39
22
29
30
41
53
44
56
64
79
89
65
55
45
51
79
76
86
84
77
93
79
76
55
38
58
69
99
89
53
29
-12
4
16
11
19
-8
-10
-14
-38
-44
-84
-100
-89
-81
-45
-51
-78
-105
-143
-125
-117
-96
-78
-107
-95
-96
-80
-54
-93
-95
-117
-109
-47
-44
-24
-51
-92
-73
-78
-41
-26
-44
-27
-43
-18
8
-13
-6
-32
-29
9
37
81
80
62
53
38
56
69
62
71
72
91
116
100
89
53
32
59
74
118
128
118
128
102
108
92
72
91
103
166
200
197
183
122
112
113
127
157
144
147
124
102
86
34
17
-14
-3
22
-3
-12
-80
-122
-136
-160
-127
-140
-150
-153
-196
-181
-208
-230
-235
-277
-245
-235
-214
-192
-238
-228
-249
-247
-208
-218
-169
-165
-143
-84
-88
-44
-66
-82
-54
-53
5
24
30
47
38
74
82
77
80
72
97
115
138
159
161
158
147
149
148
147
143
132
151
153
167
177
143
121
79
70
85
81
101
81
55
49
18
22
8
-18
-17
-29
-10
1
-6
-7
-44
-50
-57
-57
-20
-27
-22
-24
-35
-20
-31
-32
-38
-59
-45
-40
-25
-15
-34
-48
-64
-66
-52
-44
-44
-48
-52
-45
-31
-31
-39
-52
-55
-38
-16
0
-1
-13
-24
-26
-19
-10
-6
-9
-9
-1
2
1
-1
-12
-11
-11
-13
-13
-15
-4
3
1
6
-10
-16
-2
0
14
7
-2
4
-2
24
37
36
45
23
27
41
38
54
41
35
40
34
54
55
49
44
31
41
46
44
39
20
18
23
29
35
17
3
-4
-14
1
0
-10
-14
-34
-33
-29
-25
-20
-37
-39
-38
-31
-18
-30
-34
-37
-30
-12
-14
-8
-20
-34
-25
-23
-13
-12
-25
-21
-16
-12
-4
-10
-18
-24
-21
-4
-3
1
-7
-14
-2
-8
1
0
1
12
10
27
27
24
19
14
23
24
25
26
24
24
26
30
28
27
20
27
30
26
26
12
12
7
-3
11
4
10
2
-12
1
-2
8
5
-9
-1
-13
-17
-23
-32
-16
-22
-11
-6
-22
-15
-28
-25
-12
-16
-7
-14
-15
-19
-31
-26
-33
-31
-21
-18
-3
-11
-16
-20
-38
-25
-22
-14
9
-3
3
-3
-12
5
-6
8
13
13
35
25
27
19
11
26
27
45
49
49
49
32
39
33
35
41
33
46
39
35
31
22
26
21
20
22
26
25
25
15
4
-1
-15
-14
-17
-16
-8
-10
0
-1
-8
-18
-35
-45
-50
-40
-31
-22
-18
-21
-28
-42
-53
-67
-67
-64
-60
-32
-26
-27
-28
-56
-57
-65
-56
-28
-31
-7
-14
-23
-20
-49
-33
-36
-18
16
9
27
15
6
7
-2
28
46
66
72
63
68
54
62
69
78
93
88
94
87
79
79
70
71
73
74
74
54
34
23
12
26
25
16
9
-23
-30
-49
-57
-42
-49
-33
-37
-44
-45
-76
-86
-86
-72
-37
-26
-22
-37
-74
-88
-95
-80
-53
-40
-22
-23
-31
-40
-68
-76
-74
-51
-4
8
13
-6
-34
-30
-26
-1
21
29
37
22
31
32
23
33
21
38
52
46
46
25
23
24
24
48
43
38
23
10
35
32
37
41
22
31
27
30
34
19
31
34
37
51
31
30
22
9
25
21
31
22
2
13
3
11
16
-6
-4
-11
-13
-9
-22
-21
-26
-29
-20
-26
-34
-42
-50
-47
-46
-38
-34
-48
-55
-58
-55
-37
-28
-30
-32
-31
-32
-29
-30
-31
-30
-30
-12
-11
-12
-18
-34
-29
-27
-14
-8
-10
-5
-14
-2
7
2
11
2
13
31
34
50
39
34
35
26
50
50
50
54
38
43
35
38
35
30
35
26
25
19
14
14
8
8
6
10
15
10
3
0
-7
-5
-5
-11
-6
-13
-2
-1
-6
1
-12
0
-9
-18
0
-7
5
4
-3
1
-16
-8
-5
-5
5
-6
-6
-16
-24
-22
-22
-13
-5
-7
-11
-18
-22
-27
-32
-32
-23
-20
-19
-25
-39
-41
-41
-30
-18
-12
-1
-7
-11
-15
-6
6
3
14
8
15
17
8
20
10
27
34
30
49
32
39
30
17
31
20
34
21
17
32
11
24
11
7
26
10
24
11
3
22
7
25
24
19
36
17
22
26
13
20
6
-3
0
-11
-3
-5
-6
-5
-17
-8
-14
-17
-9
-24
-20
-25
-35
-30
-50
-42
-48
-54
-44
-65
-62
-65
-78
-68
-70
-56
-53
-58
-45
-55
-49
-37
-36
-16
-9
4
14
7
19
19
27
37
38
52
55
55
60
64
68
62
60
60
63
59
53
60
59
58
57
51
45
38
35
36
40
44
43
35
26
6
-1
2
2
18
25
27
16
-7
-15
-23
-18
-14
-12
3
-1
-11
-32
-51
-60
-78
-63
-50
-41
-47
-80
-101
-110
-109
-102
-93
-101
-86
-77
-72
-83
-138
-132
-115
-57
-21
-14
11
-47
-61
-84
-54
35
46
95
88
83
48
-30
-45
-16
81
159
204
168
147
111
80
84
41
86
58
57
20
-23
47
23
54
7
14
64
13
7
-108
-100
-27
93
245
317
418
365
263
130
133
227
279
252
201
230
126
50
243
1080
1924
1729
297
-1833
-3274
-3470
-2216
284
3002
4357
3047
-366
-4006
-5947
-5447
-2897
349
2812
3539
2484
584
-1582
-3334
-4140
-3492
-1365
1294
3731
5008
4621
2410
-801
-3099
-3169
-985
1845
3811
4137
2989
1332
45
-256
-149
-20
-73
-263
-355
-861
-1032
-548
249
710
-287
-1678
-2645
-2687
-1821
-1156
-451
-109
-39
-3
-482
-860
-1028
-639
281
743
665
286
319
879
1088
872
549
573
967
1085
988
902
763
546
22
-540
-791
-573
277
1120
1323
543
-839
-1844
-2262
-1954
-1106
59
1060
990
152
-906
-1442
-1236
-772
65
592
546
180
-156
232
712
913
844
437
76
-275
-201
325
788
942
655
321
-77
-385
-317
-59
228
-61
-655
-975
-949
-494
-150
-26
-72
-398
-688
-884
-854
-534
-120
272
386
175
-42
17
416
843
951
870
604
353
298
459
1067
1451
1387
987
351
114
19
285
821
1048
999
448
-28
-263
-429
-366
-250
-59
-16
-100
-210
-233
-257
-415
-573
-870
-970
-870
-494
-128
-248
-783
-1542
-1751
-1435
-264
960
1488
1658
875
343
-514
-1450
-1185
-692
535
935
705
1061
857
559
-290
-1037
-940
-1099
-1503
-1873
-1933
-1899
-2129
-2507
-2579
-2288
-2393
-2689
-2883
-2957
-2611
-2117
-1381
-219
514
884
1130
1148
1678
2142
2393
2883
3097
3527
4123
4445
5051
5915
6347
6123
5121
3916
3563
3223
2697
2272
1812
1972
1715
1017
678
-66
-1038
-2301
-3687
-4030
-3892
-4144
-4252
-4456
-4695
-4654
-4909
-4808
-4408
-4215
-3798
-3377
-2593
-1492
-650
212
842
992
1129
1422
1842
2612
3197
3165
3065
2792
2782
3034
2799
2538
2012
1512
1083
309
-22
-247
-617
-1283
-2242
-2847
-2956
-2810
-2690
-2552
-2560
-2454
-2380
-1821
-1031
-701
-303
-371
300
748
564
906
1039
2001
2116
1908
2395
2567
2748
1679
663
99
-438
-1133
-2029
-2009
-2259
-2522
-2906
-3274
-2778
-2863
-3357
-3616
-3656
-3215
-2748
-2337
-1262
-169
807
1600
1789
2588
3250
3543
4056
4390
4972
5550
5891
5964
6212
6452
6270
6047
5827
5946
5629
4689
3649
2571
2087
1198
-351
-1295
-1913
-2450
-3056
-3637
-3799
-4142
-4872
-6023
-7014
-7249
-7662
-8187
-8091
-7592
-6908
-6057
-5269
-4485
-3606
-3119
-2685
-1775
-352
1129
1947
2740
3260
3399
3661
3627
4140
5199
5834
5647
4864
4107
3292
2844
2730
2572
2364
1888
1064
278
-55
-435
-924
-1430
-1926
-2541
-2779
-1819
-847
-71
136
-778
-829
-428
-792
-313
807
1290
1251
776
702
1433
1870
1226
102
-589
-1516
-2841
-3459
-3632
-3948
-4063
-4663
-5284
-4517
-3907
-3828
-3582
-3567
-3339
-3120
-2943
-1718
-27
1040
1659
1822
2390
3524
4094
4731
5677
6026
6035
5841
5401
5484
5819
6129
6408
6657
7289
6777
5390
4235
2723
2211
1516
-120
-944
-1526
-1998
-3109
-3874
-3796
-4231
-4368
-5385
-6630
-6646
-6945
-7685
-7937
-7632
-7381
-6766
-5934
-5013
-3403
-1981
-1297
-607
609
1495
1652
2135
2904
3561
4558
5083
5417
6384
6497
5862
4963
4342
3960
3088
2756
2149
1656
1496
820
583
550
688
-70
-1052
-849
-718
-627
-1141
-2076
-2100
-1650
-2079
-2746
-1962
-786
-426
-682
-649
13
398
-604
-2406
-3202
-3262
-3740
-4535
-4346
-3896
-4345
-4967
-5806
-5797
-4987
-4847
-4762
-3847
-2700
-2250
-2094
-1578
-452
879
2065
2989
4193
5845
6507
6464
6703
7127
7333
7346
7257
7271
7963
8150
7522
7818
8224
7979
7531
6111
5124
4256
2605
1106
-652
-1122
-1869
-3354
-3796
-4666
-5049
-5616
-6838
-7448
-7576
-7897
-8932
-9510
-9749
-9746
-9310
-8781
-7521
-5922
-4746
-3982
-3078
-1102
683
1430
2342
2852
3457
4087
3932
4413
5394
6229
6459
6463
6633
6290
5558
4574
3831
3322
3054
2733
1985
1808
1447
949
1426
1223
744
366
-295
-349
-1064
-1811
-2434
-2893
-2624
-2774
-2456
-1699
-1104
-1412
-2048
-2463
-3106
-3445
-4590
-5650
-6334
-7073
-7603
-7989
-7168
-6114
-5204
-4333
-3734
-3162
-2710
-2567
-2230
-920
435
1410
2244
3174
4187
5144
5967
7108
8725
9744
10026
9703
9336
8864
8249
7775
7669
8120
8010
7687
7010
6146
5453
4059
2447
813
-461
-1645
-2998
-3998
-4770
-5392
-6030
-6972
-7695
-7729
-8026
-8537
-8932
-9426
-9713
-9886
-9875
-9272
-8122
-6958
-5678
-4049
-2201
-497
514
1329
1996
2364
2869
3237
3794
4606
4961
4942
4928
5034
5223
5349
5301
5225
5171
4982
4518
3924
3718
4020
3898
3302
2782
2155
1898
1190
-140
-661
-650
-369
-551
-762
-397
-451
-1026
-2237
-3309
-3736
-4165
-5382
-6535
-6969
-7813
-8506
-9052
-9053
-8248
-7701
-7149
-6525
-5487
-4459
-3944
-3451
-2508
-1334
-480
586
1441
2543
4144
5175
6409
7993
9364
10365
10547
10371
10339
10187
10429
10571
10273
10366
9514
8258
7543
6404
5623
4583
3226
1910
325
-882
-2593
-4057
-5059
-6440
-7494
-8248
-8729
-9062
-9140
-9623
-10312
-10299
-10298
-9971
-9196
-8259
-7170
-6293
-5231
-4028
-2665
-914
240
1190
2462
3028
3280
3472
3527
3870
4006
3910
3896
3826
3886
3749
3534
3899
4115
4304
4840
5047
4863
4209
3242
2411
1737
833
-40
-264
-42
108
-63
107
514
423
-138
-997
-1528
-1564
-2137
-3557
-4802
-5934
-7019
-7746
-8017
-7303
-6477
-6069
-5847
-5464
-4290
-3368
-3077
-2598
-2070
-1583
-1099
-467
595
2022
3249
3796
4720
6085
7193
8152
8581
8985
9138
9293
9389
8812
9099
8720
7596
6897
5531
4704
4049
3292
2463
1361
816
-585
-2106
-2770
-3708
-4470
-5133
-6657
-8130
-8683
-9428
-9737
-9201
-8722
-8237
-8184
-7858
-6975
-5934
-4033
-2671
-1887
-389
225
524
1517
2028
2398
2601
2346
2225
2411
2818
3006
2780
2955
3102
2792
3080
3274
3293
3837
3805
3084
2706
2467
2084
1638
739
51
-300
-260
17
-102
517
1088
825
651
256
-209
-524
-1557
-3032
-4109
-5077
-5755
-6393
-6653
-6259
-6307
-5883
-5129
-4463
-3200
-2503
-2397
-1807
-1311
-1071
-711
-577
-16
718
1353
2533
3522
4646
5959
6583
7606
8877
9344
9949
9860
9280
9067
8245
7772
6945
5761
4952
3608
2590
1799
937
210
-475
-1341
-2179
-3045
-4310
-5432
-6822
-7818
-8619
-9586
-9944
-10236
-9971
-9296
-8608
-7503
-6111
-4508
-2743
-1354
-216
871
1452
2047
2463
2745
3022
2808
2433
2065
1942
2091
2131
2000
2186
2433
2591
2867
2945
2931
2652
2124
1449
906
293
-774
-1666
-2154
-2212
-2166
-1800
-898
-141
658
1146
1189
1542
1435
394
-800
-1865
-2796
-3804
-4819
-5429
-5756
-5643
-5248
-4579
-3057
-1306
-70
576
1112
1545
1562
1541
1241
1005
1043
774
608
951
1811
2868
3651
4678
5828
6904
8044
8270
8783
9265
8788
8404
7001
5809
4903
3510
2552
1406
1065
768
-52
-292
-813
-1511
-1868
-2989
-4452
-5219
-6610
-8165
-9311
-10238
-10667
-10996
-10857
-10268
-9097
-7302
-5549
-4179
-2249
-268
672
1905
2772
3014
3280
2899
2310
1926
1757
1644
1339
1469
2170
2582
3425
4498
4773
5165
5166
4297
3470
2308
815
-484
-1855
-2790
-3622
-4227
-4031
-3986
-3365
-2394
-1730
-778
-247
-159
-238
-738
-1380
-2248
-3422
-4177
-4904
-5372
-4938
-4419
-3270
-1715
-358
1355
2924
4230
5312
5784
6018
5925
5247
4699
4031
3261
2951
2611
2600
3132
3901
4883
5614
6326
6931
6912
6960
6788
5904
4995
3758
1980
313
-909
-1956
-2932
-3398
-3685
-4142
-4012
-3860
-4414
-4333
-4325
-5101
-5544
-6142
-6824
-7557
-8363
-8672
-8980
-8315
-6637
-5437
-3445
-979
477
2071
3477
4239
4791
4800
4486
3710
2886
2517
1638
819
845
939
1285
2112
2951
3461
3777
3868
3143
2233
1615
590
-837
-2001
-3002
-4217
-4928
-5156
-5538
-5273
-4495
-4236
-3813
-3041
-2466
-2034
-1722
-1615
-2090
-2612
-3036
-3661
-3730
-3222
-2547
-1865
-674
858
2136
3900
5603
6737
7799
8426
8398
7929
7512
6839
5816
5165
4445
3962
3889
3776
4157
4411
4838
5422
5225
5255
5000
4112
3122
1767
473
-970
-2359
-3259
-4403
-5122
-5197
-5875
-6051
-5796
-6021
-5943
-5847
-5847
-6007
-5971
-5934
-6088
-5882
-5496
-4829
-4184
-2985
-1718
-824
718
1990
2855
3768
4335
4544
4368
4016
3667
3032
3041
3249
2747
3069
3304
3025
2964
2626
2221
1676
1204
462
-478
-1147
-1856
-3065
-4220
-4799
-5811
-6293
-6467
-7079
-6977
-6916
-7089
-6885
-6624
-6121
-5471
-5326
-4725
-3994
-3711
-2707
-2100
-1328
241
1241
2424
3773
5001
6443
7484
8403
9492
9975
10321
10353
9805
9723
9543
8925
8284
7907
7263
6450
6158
5419
4737
4279
3279
1987
930
181
-962
-2111
-2921
-4010
-5367
-5838
-6544
-7578
-7356
-7744
-8430
-8415
-8434
-8219
-7817
-7145
-6236
-5652
-4613
-3032
-2424
-1051
816
1430
2538
3671
4015
4450
4984
4933
4755
4714
4798
4940
4583
4979
5236
4842
5054
4573
3555
2838
1949
489
-887
-1676
-2847
-4116
-5105
-5933
-6776
-7278
-7265
-8047
-8421
-8183
-8784
-9062
-8662
-8408
-8163
-7829
-7680
-7299
-6844
-5917
-4790
-4061
-2152
-311
759
2796
4753
5913
7393
8559
9103
10128
10877
11197
11313
11294
11530
11020
10596
10740
10203
9708
9567
8941
8443
8245
7239
5847
4548
3061
1343
-479
-1858
-3473
-5176
-6319
-7573
-8497
-8814
-9182
-9841
-10177
-10067
-10159
-10056
-9488
-9029
-8562
-7854
-7170
-6403
-5144
-3421
-2081
-561
1506
2916
4043
5105
5708
6234
6780
6878
7104
7332
7183
7366
7025
7012
7322
6657
5976
5354
4514
3476
2608
1437
307
-818
-2501
-4172
-6045
-7039
-8285
-9783
-10259
-10955
-11293
-11312
-11340
-11180
-10604
-10146
-9842
-9355
-8715
-7405
-6833
-5838
-4319
-3412
-1783
-332
862
2476
4324
5877
7476
9127
10503
11847
12427
13074
13655
13824
13875
13416
12661
11879
11441
10662
9811
9122
8334
7309
6078
5339
4255
3084
1843
-27
-1968
-3428
-4875
-6881
-8207
-9462
-10855
-11661
-12349
-12612
-12448
-12141
-11700
-11127
-10224
-8622
-7334
-6190
-4455
-3139
-1969
-696
436
1329
2439
3494
4161
5319
6246
7059
7727
8001
8862
9017
8744
8837
8155
7514
6932
5792
4708
3585
2036
577
-958
-2348
-3081
-4696
-5968
-6733
-8250
-8702
-9147
-10065
-10371
-10807
-11345
-11235
-10974
-10556
-9664
-9336
-8383
-7113
-6287
-4430
-3087
-2270
-499
832
1991
3900
5022
6154
7644
8432
9850
10943
11618
12721
12683
12656
13207
12756
12401
12079
10740
9789
8714
7224
6058
4574
3539
2479
951
242
-777
-2223
-3061
-4416
-5713
-6370
-7344
-8175
-8868
-9513
-9728
-9943
-9852
-9037
-8406
-7552
-6194
-5448
-4446
-3195
-2389
-1503
-596
304
1067
1963
2729
3229
3955
4610
5107
5456
5872
6141
6236
6127
5748
5454
5042
4721
3879
2957
2082
613
-380
-1802
-3049
-3735
-5056
-5926
-6718
-7557
-7954
-8388
-8963
-9039
-8957
-8949
-8280
-7987
-7232
-6114
-5574
-4413
-3357
-2449
-1261
-315
376
1454
2440
3271
4423
5119
6000
6890
7546
8261
8925
9557
10022
10503
10524
10528
10259
9689
9056
7850
6970
5834
4410
3223
1936
690
-144
-844
-1951
-2504
-3192
-3962
-4383
-5170
-5583
-6114
-6783
-7121
-7482
-7736
-7280
-6876
-6681
-5573
-4783
-4014
-2761
-1996
-1082
-16
678
1498
2021
2197
3049
3222
3483
4240
3953
4113
4279
4095
4023
3856
3675
3158
2529
1741
1001
-81
-845
-1776
-3419
-4084
-4913
-5757
-6038
-6551
-6863
-7003
-7127
-6834
-6321
-5956
-4947
-4610
-4426
-3204
-2667
-1784
-771
-182
634
1319
2102
2803
3445
4103
4872
5133
5484
6303
6476
6796
7144
7060
7031
7211
7198
7100
6957
6567
6102
4897
4229
3619
2303
1721
720
-620
-1566
-2512
-3549
-4401
-4889
-5421
-5915
-6340
-6314
-6332
-6477
-5961
-5721
-5556
-4692
-4174
-3924
-3073
-2444
-1755
-798
-259
859
1568
2222
3666
3826
4420
5391
5221
5547
5581
5176
4866
4486
3887
3000
2395
1734
1332
392
-468
-905
-2154
-2617
-3486
-4706
-5202
-6123
-6814
-7667
-8292
-8330
-8597
-8737
-8444
-8198
-7627
-6361
-5661
-4513
-2833
-1656
-195
918
2111
3484
4431
5432
6192
6855
7642
8275
8463
8848
9531
9682
9866
9982
9799
9725
9396
8691
7892
7008
6110
4850
3241
2133
850
-599
-1656
-2978
-4063
-4777
-5810
-6812
-7470
-8073
-8462
-8996
-9485
-9299
-9262
-9108
-8634
-8297
-7528
-6354
-5565
-4751
-3451
-2385
-1202
-307
434
1656
2402
3499
4411
4856
6027
6809
7211
7567
7815
7904
7789
7602
6917
6433
5653
4710
3684
2069
1095
-325
-1768
-2871
-4356
-5316
-6442
-7335
-8162
-8884
-9229
-9638
-9728
-9945
-9626
-9251
-8781
-7791
-7020
-5904
-4693
-3328
-2027
-662
898
2282
3774
5021
6274
7254
8165
9089
9626
10243
10858
11412
11576
11956
12149
11867
11943
11520
10946
10330
9497
8461
7050
5763
4207
2372
697
-861
-2692
-4216
-5554
-7220
-8429
-9528
-10529
-11416
-11935
-12093
-12403
-12240
-12047
-11763
-11140
-10340
-9398
-8619
-7422
-6139
-5109
-3950
-2758
-1545
-173
1250
2374
3572
4783
5850
6705
7065
7651
8229
8420
8449
8240
7862
7450
6789
5696
4648
3522
2550
1279
-413
-1541
-2920
-4186
-5231
-6485
-7170
-7738
-8300
-8682
-8944
-8830
-8436
-8094
-7529
-6572
-5767
-4726
-3738
-2833
-1378
-230
937
2252
3293
4546
5661
6525
7485
8532
9356
10035
10726
11169
11640
11914
11943
11906
11571
11408
10919
10053
9418
8365
7032
5767
4497
2946
1521
198
-1624
-3060
-4519
-6009
-7142
-8399
-9188
-9959
-10628
-10689
-10823
-11056
-10711
-10367
-10119
-9287
-8596
-7883
-7053
-6488
-5902
-5458
-4529
-3315
-2610
-1708
-527
319
1373
2384
3019
3726
4499
4941
4882
5020
5059
4802
4222
3287
2607
1898
1320
575
-514
-1292
-2085
-2730
-3540
-4070
-4320
-4869
-5240
-5474
-5646
-5474
-5104
-5007
-4626
-3893
-3199
-2141
-1507
-663
241
913
2109
3064
4097
5206
6000
6585
7145
7782
8413
9149
9455
9965
10227
10197
10553
10258
10025
9853
9340
8804
8202
7537
6646
5498
4154
2884
1389
240
-823
-2375
-3375
-4576
-5745
-6586
-7429
-7749
-8162
-8451
-8416
-8487
-8307
-7818
-7520
-7284
-6656
-6110
-5705
-5332
-4887
-4166
-3588
-2960
-2238
-1707
-864
107
478
753
1201
1590
1760
1718
1856
1807
1621
1338
672
-18
-375
-579
-1448
-2211
-2651
-3453
-3942
-4533
-5112
-5440
-5820
-5867
-6060
-6093
-5479
-4910
-4467
-3593
-2518
-1674
-549
465
1165
2017
2770
3531
4249
4863
5739
6359
6681
7412
7926
8275
9021
9452
9875
10406
10705
10947
10753
10546
10333
9689
9110
8474
7559
6628
5670
4548
3309
2188
1179
-104
-1325
-2285
-3479
-4470
-5405
-6392
-7163
-7774
-8102
-8475
-8695
-8533
-8236
-8001
-7524
-6885
-6495
-5663
-5128
-4893
-4271
-3851
-3185
-2715
-2349
-1428
-802
-200
471
634
964
1513
1781
1926
2034
2034
1942
1482
791
95
-773
-1497
-2206
-3234
-3985
-4566
-5150
-5705
-6238
-6552
-6625
-6545
-6399
-6136
-5881
-5332
-4731
-4320
-3519
-2659
-1672
-658
158
1096
2029
3095
4048
4962
5896
6822
7676
8209
8780
9287
9790
10237
10415
10757
10996
11075
11037
10767
10459
10089
9695
9158
8438
7742
6819
5716
4593
3499
2274
969
-164
-1445
-2575
-3602
-4696
-5525
-6307
-6841
-7265
-7677
-7889
-8019
-8150
-8132
-7833
-7676
-7246
-6863
-6689
-6279
-5912
-5264
-4487
-3681
-2918
-2026
-1179
-497
316
376
726
1056
1019
1377
1193
1252
1299
934
687
201
-270
-534
-987
-1934
-2516
-3140
-3837
-4291
-5188
-5547
-5865
-6174
-6172
-6455
-6258
-5863
-5529
-5160
-4513
-3576
-2756
-1795
-1135
-399
567
1400
2342
3210
4130
5055
5723
6260
6892
7510
8246
9154
9691
10386
11155
11435
11766
11873
11661
11431
11149
10765
10123
9418
8587
7536
6346
5289
4226
2987
2049
790
-621
-1689
-2888
-3860
-4834
-5722
-6259
-6967
-7395
-7593
-7983
-7988
-7705
-7663
-7348
-6915
-6691
-6407
-6449
-6328
-6018
-5789
-4980
-4357
-3802
-2817
-2115
-1485
-844
-278
318
806
1071
1282
1371
1182
1111
584
-90
-386
-974
-1424
-1946
-2608
-2976
-3559
-4040
-4285
-4635
-4808
-4847
-5179
-5352
-5204
-5113
-4806
-4504
-4049
-3301
-2741
-2026
-1316
-608
320
1180
2045
2814
3793
4708
5228
5895
6464
6984
7655
8180
8627
9168
9644
9986
10303
10387
10666
10809
10531
10453
9995
9451
9000
8110
7263
6385
5360
4316
3129
1852
744
-417
-1594
-2552
-3596
-4428
-5125
-5907
-6517
-6949
-7269
-7506
-7490
-7490
-7337
-7053
-7015
-6869
-6756
-6655
-6426
-6218
-5896
-5355
-4826
-4277
-3526
-2865
-2059
-1225
-679
-44
453
938
1156
1145
1170
974
763
391
-230
-758
-1207
-1705
-2331
-2805
-3175
-3411
-3633
-4051
-4292
-4498
-4604
-4599
-4756
-4652
-4205
-3895
-3568
-3205
-2722
-2016
-1237
-504
313
1130
2192
3039
3620
4424
5209
6049
6831
7270
7906
8308
8796
9280
9301
9710
10219
10389
10541
10435
10237
10032
9617
9081
8375
7640
6965
6113
4874
3786
2737
1439
316
-772
-2028
-2954
-3907
-4884
-5721
-6544
-7076
-7470
-7991
-7960
-8007
-8147
-7811
-7708
-7546
-7171
-6930
-6525
-6282
-5975
-5647
-5533
-5255
-4678
-4138
-3504
-2501
-1696
-881
36
640
1188
1638
2103
2402
2457
2408
2167
1761
1144
627
-186
-742
-1015
-1651
-1930
-2466
-2928
-2984
-3532
-3582
-3759
-3940
-3681
-3859
-3966
-3927
-3855
-3461
-3025
-2458
-1743
-857
1
801
1570
2373
3402
4422
5271
6156
6905
7453
7939
8076
8289
8616
8911
9481
9573
9678
10067
9755
9621
9396
8887
8665
8125
7440
6514
5395
4462
3198
1864
721
-400
-1613
-2758
-3870
-5127
-6104
-6949
-7753
-8315
-8825
-9119
-9361
-9655
-9523
-9278
-9109
-8424
-7732
-7193
-6319
-5722
-5216
-4674
-4217
-3702
-3411
-2830
-2163
-1615
-834
-179
606
1429
2150
2880
3261
3594
3855
3721
3460
3267
2870
2432
1943
1181
488
-314
-978
-1551
-2269
-2412
-2660
-3026
-3076
-3484
-3803
-3957
-4221
-4283
-4155
-3922
-3590
-3295
-3010
-2558
-2022
-1280
-328
632
1815
2935
3925
4948
5781
6664
7461
8094
8752
9061
9296
9510
9354
9366
9508
9385
9432
9497
9287
9033
8619
8057
7353
6569
5783
4704
3437
2272
955
-593
-1925
-3249
-4698
-5796
-6957
-8090
-8937
-9755
-10257
-10723
-11066
-10955
-10973
-10857
-10395
-10047
-9517
-8717
-7970
-7177
-6250
-5367
-4605
-3898
-3189
-2470
-1858
-1191
-351
311
1129
2089
2708
3441
4172
4615
4972
5179
5266
5087
4869
4642
4047
3497
2956
2104
1337
621
-250
-966
-1510
-2044
-2501
-2841
-3136
-3377
-3530
-3682
-3762
-3829
-3801
-3645
-3655
-3341
-2805
-2441
-1665
-830
-125
925
1947
2925
3975
5075
6160
6958
7854
8593
9009
9546
9772
9835
9811
9604
9438
8982
8684
8494
8030
7710
7308
6678
5933
5157
4225
3096
2164
1026
-300
-1537
-3001
-4430
-5900
-7337
-8523
-9726
-10618
-11366
-12055
-12408
-12669
-12671
-12573
-12186
-11530
-10946
-9953
-9038
-8124
-6949
-5981
-4827
-3709
-2655
-1605
-783
58
669
1283
1879
2348
2999
3470
3924
4354
4704
5098
5338
5667
5865
5866
5805
5429
4888
4262
3562
2831
2123
1500
893
230
-407
-972
-1591
-1989
-2251
-2556
-2599
-2711
-2839
-2879
-3037
-2981
-2856
-2621
-2117
-1589
-979
-292
438
1152
1934
2843
3681
4568
5420
6106
6696
7151
7521
7791
7985
8158
8224
8152
7991
7740
7301
6833
6356
5731
5113
4465
3680
2836
1953
987
-48
-1053
-2081
-3142
-4173
-5210
-6257
-7300
-8251
-9166
-9990
-10640
-11237
-11633
-11892
-12015
-11908
-11690
-11221
-10601
-9862
-8936
-7954
-6888
-5754
-4537
-3363
-2185
-968
47
1051
1944
2623
3264
3746
4190
4592
4884
5217
5452
5602
5757
5823
5863
5854
5826
5727
5445
5182
4783
4229
3736
3124
2506
1942
1386
913
449
116
-145
-387
-478
-553
-608
-601
-598
-579
-538
-450
-307
-139
68
309
538
741
1012
1259
1482
1806
2031
2226
2467
2587
2728
2897
3021
3169
3287
3348
3331
3187
2966
2638
2221
1761
1231
654
20
-625
-1281
-1917
-2423
-2868
-3229
-3457
-3675
-3885
-4070
-4255
-4491
-4678
-4827
-5042
-5197
-5396
-5637
-5818
-6034
-6149
-6170
-6159
-5955
-5675
-5363
-4911
-4429
-3946
-3335
-2664
-2000
-1234
-496
180
875
1443
1988
2497
2891
3338
3695
3990
4280
4410
4477
4486
4432
4386
4367
4318
4253
4156
3931
3764
3587
3380
3378
3322
3277
3329
3217
3098
2976
2784
2692
2708
2756
2870
2976
2956
2933
2864
2782
2798
2752
2678
2482
2093
1614
969
280
-395
-1092
-1718
-2315
-2933
-3541
-4153
-4780
-5246
-5558
-5756
-5725
-5730
-5778
-5747
-5829
-5773
-5547
-5327
-4927
-4572
-4293
-3963
-3723
-3423
-3067
-2656
-2129
-1569
-953
-403
133
662
1115
1673
2192
2722
3263
3575
3801
3806
3646
3486
3199
2930
2552
2054
1505
798
152
-475
-1011
-1377
-1712
-1900
-2058
-2156
-2156
-2165
-2048
-1861
-1579
-1181
-820
-483
-248
-86
132
406
820
1324
1833
2337
2785
3250
3757
4282
4825
5298
5717
6067
6313
6452
6417
6243
5985
5694
5425
5167
4865
4487
4075
3632
3204
2777
2299
1787
1217
660
88
-525
-1198
-2029
-2887
-3768
-4622
-5361
-6140
-6884
-7627
-8363
-8954
-9452
-9834
-10142
-10375
-10495
-10492
-10297
-9979
-9547
-8994
-8354
-7533
-6567
-5508
-4383
-3293
-2225
-1150
-51
1064
2103
3028
3769
4373
4937
5453
5992
6476
6831
7128
7322
7475
7648
7739
7762
7710
7527
7274
6939
6459
5834
5083
4269
3453
2716
2006
1222
434
-345
-1056
-1550
-1942
-2305
-2542
-2781
-2934
-2864
-2784
-2604
-2323
-2095
-1680
-1123
-607
-19
487
851
1317
1778
2202
2656
2936
3122
3334
3476
3618
3717
3669
3553
3390
3176
2887
2463
1873
1119
309
-515
-1371
-2211
-3102
-4013
-4843
-5570
-6133
-6506
-6731
-6819
-6712
-6515
-6251
-5902
-5603
-5236
-4772
-4346
-3878
-3503
-3294
-3111
-3010
-2942
-2832
-2735
-2647
-2541
-2444
-2376
-2272
-2132
-1954
-1624
-1218
-781
-297
79
414
785
1125
1568
2058
2468
2892
3210
3421
3660
3852
4080
4374
4667
4977
5252
5493
5665
5859
6081
6269
6566
6786
6922
7087
7028
6955
6876
6623
6430
6157
5758
5338
4828
4247
3633
3035
2396
1775
1193
502
-169
-854
-1635
-2357
-3131
-3958
-4700
-5449
-6155
-6742
-7331
-7886
-8326
-8695
-8923
-8924
-8821
-8597
-8252
-7925
-7539
-7090
-6666
-6146
-5561
-4972
-4301
-3655
-3074
-2513
-1983
-1448
-859
-203
445
1076
1623
2009
2343
2640
2914
3221
3508
3707
3809
3801
3674
3544
3455
3373
3370
3363
3251
3081
2818
2498
2231
2001
1793
1585
1333
977
568
143
-296
-655
-947
-1216
-1436
-1656
-1891
-2074
-2178
-2197
-2071
-1804
-1468
-1037
-544
-29
566
1233
1941
2716
3494
4202
4866
5434
5870
6276
6615
6877
7111
7235
7236
7157
6949
6614
6233
5749
5170
4567
3851
3032
2160
1169
116
-918
-2003
-3053
-4042
-5100
-6132
-7126
-8150
-9075
-9882
-10624
-11212
-11664
-12043
-12252
-12321
-12296
-12046
-11614
-11043
-10261
-9393
-8481
-7468
-6436
-5363
-4171
-2955
-1737
-462
731
1860
2987
4029
5043
6061
6986
7824
8583
9146
9538
9814
9911
9913
9838
9581
9206
8699
8010
7252
6457
5608
4785
3965
3082
2221
1364
491
-269
-963
-1587
-2073
-2497
-2843
-3086
-3244
-3307
-3217
-3014
-2696
-2233
-1729
-1172
-576
-2
584
1176
1756
2326
2878
3339
3679
3919
3998
3978
3859
3646
3401
3057
2602
2031
1330
548
-278
-1088
-1861
-2575
-3252
-3925
-4572
-5206
-5769
-6229
-6596
-6843
-7004
-7090
-7121
-7135
-7089
-6972
-6767
-6467
-6096
-5668
-5191
-4702
-4202
-3665
-3109
-2502
-1821
-1106
-366
376
1063
1690
2263
2796
3330
3863
4349
4772
5083
5252
5315
5286
5199
5108
5014
4876
4684
4416
4041
3629
3210
2821
2519
2253
1975
1665
1307
928
564
268
43
-93
-161
-247
-311
-399
-476
-455
-377
-155
159
505
877
1187
1484
1747
2027
2340
2653
2974
3188
3312
3295
3140
2951
2686
2442
2199
1899
1561
1084
534
-67
-699
-1258
-1814
-2309
-2800
-3352
-3881
-4477
-5029
-5480
-5860
-6065
-6186
-6239
-6242
-6245
-6196
-6103
-5917
-5614
-5238
-4805
-4361
-3955
-3583
-3255
-2929
-2534
-2113
-1642
-1148
-752
-362
-84
151
442
673
1036
1361
1644
1934
2033
2181
2255
2334
2537
2648
2880
3010
3080
3184
3135
3211
3261
3333
3510
3556
3650
3651
3574
3573
3484
3482
3482
3429
3437
3329
3222
3093
2900
2823
2725
2691
2698
2636
2588
2453
2308
2193
2055
1980
1873
1724
1528
1230
885
480
67
-318
-681
-1023
-1388
-1801
-2267
-2765
-3245
-3647
-3954
-4183
-4364
-4547
-4748
-4955
-5153
-5260
-5276
-5196
-5032
-4848
-4643
-4467
-4297
-4089
-3851
-3521
-3150
-2753
-2371
-2063
-1800
-1591
-1373
-1128
-863
-583
-340
-142
4
126
245
392
589
796
1010
1192
1328
1459
1571
1708
1870
2040
2223
2361
2456
2502
2524
2569
2642
2757
2863
2950
2987
2961
2920
2879
2872
2918
2979
3029
3031
2961
2824
2653
2488
2361
2282
2207
2101
1927
1659
1339
989
666
412
210
38
-149
-389
-681
-1011
-1331
-1598
-1792
-1912
-1997
-2094
-2235
-2408
-2582
-2695
-2692
-2566
-2356
-2118
-1918
-1780
-1693
-1630
-1519
-1342
-1126
-911
-763
-712
-746
-817
-871
-860
-755
-610
-452
-317
-248
-217
-205
-189
-125
-45
26
54
-9
-143
-312
-488
-611
-672
-691
-704
-734
-791
-865
-924
-940
-907
-837
-747
-694
-683
-709
-757
-776
-749
-658
-512
-344
-178
-24
126
299
519
800
1139
1506
1871
2190
2447
2643
2801
2964
3142
3334
3522
3652
3705
3666
3555
3426
3294
3181
3083
2969
2803
2556
2239
1873
1520
1207
931
694
438
131
-225
-634
-1038
-1400
-1718
-1985
-2219
-2471
-2749
-3051
-3366
-3633
-3834
-3956
-3999
-3998
-3990
-3991
-3997
-3983
-3907
-3765
-3549
-3273
-2987
-2723
-2495
-2289
-2079
-1824
-1511
-1145
-763
-410
-125
92
271
452
671
924
1197
1462
1667
1820
1935
2040
2183
2363
2565
2769
2926
3013
3032
2986
2922
2862
2803
2737
2609
2419
2150
1822
1506
1217
991
819
665
526
350
166
-5
-143
-196
-200
-165
-124
-108
-104
-112
-120
-101
-42
51
165
269
337
376
399
437
493
566
639
670
642
543
391
204
13
-153
-324
-504
-734
-1032
-1359
-1698
-1987
-2195
-2335
-2429
-2525
-2653
-2801
-2946
-3029
-3031
-2953
-2811
-2668
-2557
-2490
-2445
-2371
-2233
-2015
-1729
-1418
-1111
-820
-564
-308
-16
322
715
1103
1458
1747
1948
2085
2158
2215
2257
2282
2289
2244
2155
2012
1864
1728
1622
1557
1506
1486
1434
1366
1273
1133
1022
884
780
686
551
437
263
94
-42
-147
-158
-112
-15
85
183
254
325
443
609
843
1073
1295
1439
1484
1480
1394
1347
1311
1294
1308
1208
1059
789
454
167
-125
-293
-438
-613
-807
-1136
-1476
-1840
-2166
-2364
-2548
-2656
-2783
-2957
-3126
-3335
-3462
-3508
-3476
-3336
-3188
-3033
-2892
-2776
-2625
-2428
-2144
-1787
-1408
-1036
-708
-424
-171
84
357
657
986
1272
1531
1721
1827
1942
2007
2130
2276
2395
2552
2595
2617
2588
2486
2456
2392
2382
2377
2272
2166
1919
1653
1421
1158
1032
889
766
643
382
191
-38
-193
-200
-215
-71
9
41
83
-18
-7
-12
27
178
210
277
207
48
-62
-246
-282
-291
-289
-241
-343
-437
-615
-830
-927
-1053
-1089
-1142
-1273
-1385
-1637
-1854
-2026
-2169
-2136
-2114
-2031
-1966
-1991
-1947
-1941
-1832
-1620
-1411
-1099
-887
-725
-608
-608
-508
-432
-277
-52
58
200
211
199
258
290
492
697
914
1148
1218
1304
1317
1325
1431
1490
1628
1696
1663
1598
1406
1251
1120
1028
1029
993
953
883
736
613
486
412
417
421
474
462
398
323
187
140
97
118
208
240
338
354
386
451
486
649
769
935
1093
1124
1187
1125
1093
1100
1055
1098
1035
946
806
543
340
88
-91
-229
-420
-599
-902
-1231
-1584
-1928
-2188
-2425
-2582
-2757
-2935
-3122
-3330
-3472
-3579
-3577
-3507
-3388
-3220
-3106
-2974
-2856
-2720
-2481
-2193
-1812
-1405
-1022
-656
-357
-58
265
612
1013
1397
1748
2009
2146
2236
2275
2325
2414
2501
2589
2598
2529
2415
2272
2181
2130
2128
2146
2114
2040
1872
1671
1477
1305
1228
1179
1142
1078
922
737
531
384
353
398
525
643
694
707
653
607
627
683
812
926
973
959
830
680
526
373
297
198
87
-68
-328
-600
-925
-1230
-1468
-1699
-1876
-2075
-2307
-2552
-2823
-3036
-3196
-3288
-3310
-3318
-3311
-3304
-3296
-3243
-3139
-2971
-2747
-2490
-2227
-1964
-1715
-1479
-1219
-950
-650
-328
-34
235
445
627
800
943
1114
1286
1468
1658
1798
1933
2007
2051
2120
2181
2296
2411
2480
2504
2423
2320
2202
2096
2051
1983
1918
1809
1647
1474
1257
1085
958
874
863
826
767
660
506
388
304
326
394
450
472
404
320
227
165
190
225
265
266
168
63
-73
-182
-224
-281
-281
-328
-421
-493
-630
-695
-740
-784
-754
-797
-835
-918
-1076
-1173
-1324
-1424
-1516
-1680
-1787
-1995
-2180
-2330
-2528
-2594
-2686
-2721
-2677
-2719
-2661
-2647
-2633
-2508
-2452
-2287
-2130
-2017
-1832
-1753
-1611
-1450
-1304
-1023
-773
-467
-134
116
448
735
1072
1496
1875
2327
2702
2997
3266
3402
3555
3683
3784
3921
3950
3940
3866
3697
3552
3377
3233
3141
3018
2905
2723
2466
2191
1868
1590
1324
1072
839
537
221
-155
-539
-862
-1140
-1296
-1401
-1469
-1513
-1593
-1638
-1656
-1616
-1480
-1326
-1138
-977
-878
-788
-754
-701
-622
-557
-439
-376
-328
-316
-387
-425
-516
-573
-599
-691
-744
-891
-1073
-1251
-1533
-1734
-1956
-2155
-2280
-2481
-2613
-2764
-2901
-2927
-2948
-2849
-2691
-2523
-2278
-2078
-1856
-1621
-1390
-1091
-801
-485
-193
49
260
432
615
814
1053
1318
1586
1840
2050
2231
2392
2555
2736
2916
3090
3214
3280
3275
3200
3111
2991
2879
2772
2631
2493
2308
2100
1882
1636
1433
1234
1057
912
741
580
400
218
65
-71
-158
-234
-310
-373
-454
-535
-595
-656
-692
-728
-773
-796
-830
-871
-931
-1009
-1071
-1125
-1155
-1175
-1203
-1240
-1316
-1406
-1493
-1562
-1584
-1601
-1616
-1661
-1752
-1843
-1922
-1942
-1887
-1799
-1699
-1628
-1595
-1574
-1534
-1420
-1238
-1015
-792
-625
-524
-459
-401
-297
-129
65
274
440
546
615
657
741
874
1043
1244
1400
1499
1533
1507
1487
1485
1514
1575
1610
1620
1558
1433
1308
1181
1123
1090
1077
1077
989
902
748
615
563
502
553
551
546
514
397
365
280
303
362
391
489
445
430
355
256
269
226
308
346
341
334
194
123
-5
-78
-101
-167
-160
-273
-381
-536
-740
-834
-995
-1046
-1115
-1245
-1320
-1532
-1678
-1822
-1972
-1997
-2065
-2074
-2084
-2162
-2193
-2254
-2255
-2157
-2052
-1850
-1671
-1533
-1369
-1291
-1133
-948
-741
-423
-193
85
286
403
594
668
883
1099
1289
1574
1672
1812
1855
1827
1927
1949
2106
2232
2271
2309
2182
2081
1963
1863
1862
1829
1797
1701
1517
1304
1085
897
768
679
594
482
314
124
-50
-189
-241
-242
-215
-181
-206
-251
-294
-326
-277
-210
-117
-25
-16
-36
-115
-200
-254
-297
-291
-309
-363
-452
-598
-737
-872
-956
-1000
-1035
-1051
-1117
-1201
-1311
-1436
-1509
-1575
-1590
-1577
-1574
-1552
-1587
-1634
-1684
-1751
-1729
-1687
-1588
-1448
-1374
-1286
-1266
-1256
-1175
-1093
-897
-677
-474
-256
-144
-42
82
213
460
717
984
1242
1364
1488
1556
1623
1787
1906
2085
2191
2189
2164
2017
1926
1854
1813
1830
1785
1717
1562
1366
1176
1022
944
896
903
868
814
714
575
489
401
419
451
478
514
448
409
318
241
245
226
265
266
218
159
46
-48
-116
-163
-174
-184
-244
-319
-452
-619
-741
-886
-957
-1016
-1123
-1200
-1389
-1576
-1744
-1927
-1988
-2051
-2102
-2123
-2235
-2321
-2411
-2488
-2444
-2397
-2287
-2168
-2095
-1989
-1922
-1805
-1647
-1465
-1234
-1026
-804
-618
-438
-234
-36
214
438
669
894
1067
1268
1434
1609
1798
1939
2104
2222
2312
2408
2437
2475
2476
2441
2432
2369
2319
2249
2142
2046
1891
1754
1610
1449
1341
1212
1109
996
833
700
534
403
305
200
143
36
-61
-165
-281
-349
-424
-431
-436
-454
-463
-536
-577
-630
-651
-608
-576
-516
-519
-569
-654
-772
-836
-885
-888
-879
-902
-961
-1087
-1224
-1364
-1463
-1503
-1502
-1484
-1486
-1520
-1606
-1684
-1756
-1778
-1711
-1643
-1526
-1460
-1429
-1394
-1406
-1327
-1246
-1101
-889
-731
-524
-403
-277
-127
-22
198
386
618
853
1004
1191
1277
1402
1530
1636
1814
1917
2037
2092
2089
2105
2053
2050
2039
2011
1994
1899
1783
1633
1463
1327
1195
1100
1007
876
732
553
381
245
141
101
61
12
-52
-153
-230
-298
-313
-277
-219
-158
-156
-178
-235
-285
-286
-260
-183
-133
-125
-179
-303
-423
-537
-594
-612
-635
-682
-798
-957
-1144
-1306
-1397
-1443
-1439
-1448
-1490
-1560
-1666
-1741
-1784
-1756
-1672
-1598
-1514
-1477
-1462
-1445
-1408
-1296
-1144
-977
-825
-709
-617
-532
-426
-283
-101
92
278
429
541
635
708
807
928
1085
1261
1388
1483
1520
1526
1543
1564
1636
1720
1793
1842
1828
1784
1712
1639
1605
1592
1598
1614
1588
1531
1431
1301
1193
1107
1068
1066
1055
1004
885
705
510
341
226
171
121
57
-54
-247
-447
-643
-783
-827
-860
-868
-917
-1040
-1173
-1342
-1461
-1507
-1524
-1490
-1490
-1541
-1618
-1757
-1857
-1915
-1916
-1829
-1755
-1679
-1659
-1710
-1732
-1766
-1713
-1589
-1445
-1254
-1143
-1054
-1020
-997
-888
-755
-505
-267
-36
164
258
392
458
624
841
1057
1335
1455
1566
1568
1524
1558
1547
1660
1732
1767
1762
1627
1490
1312
1210
1168
1164
1168
1107
1015
839
688
556
497
510
521
552
503
437
330
243
218
225
300
352
410
419
377
335
274
276
306
375
438
451
436
344
258
172
119
116
104
68
-38
-184
-356
-524
-661
-770
-849
-920
-1006
-1138
-1300
-1476
-1612
-1694
-1721
-1692
-1662
-1668
-1724
-1808
-1874
-1864
-1788
-1648
-1506
-1405
-1335
-1320
-1274
-1214
-1082
-888
-737
-556
-449
-337
-222
-160
-13
91
249
404
518
674
735
831
875
930
1028
1090
1231
1287
1331
1352
1308
1328
1308
1351
1399
1417
1446
1404
1386
1345
1314
1311
1282
1300
1304
1303
1304
1268
1249
1196
1135
1110
1062
1050
1013
947
879
770
689
594
517
455
355
251
106
-46
-188
-320
-432
-533
-650
-784
-936
-1108
-1256
-1398
-1503
-1569
-1633
-1673
-1757
-1853
-1961
-2051
-2064
-2061
-1987
-1931
-1903
-1893
-1926
-1897
-1862
-1749
-1610
-1494
-1362
-1310
-1230
-1164
-1058
-885
-725
-515
-365
-237
-138
-64
51
177
364
550
722
848
904
960
998
1097
1234
1389
1558
1653
1704
1695
1667
1687
1725
1825
1921
1957
1961
1870
1753
1643
1548
1515
1503
1487
1424
1298
1130
941
773
653
590
535
472
367
214
62
-86
-182
-228
-256
-266
-309
-387
-479
-572
-633
-654
-641
-611
-594
-614
-672
-746
-818
-870
-877
-866
-855
-865
-908
-971
-1053
-1135
-1198
-1227
-1208
-1175
-1156
-1168
-1222
-1281
-1326
-1319
-1249
-1149
-1041
-966
-934
-918
-907
-861
-763
-634
-491
-372
-289
-233
-194
-133
-30
99
243
372
476
567
641
715
809
917
1046
1165
1251
1308
1325
1350
1382
1419
1473
1492
1499
1475
1414
1368
1310
1265
1223
1166
1102
1021
912
798
670
540
445
347
269
179
71
-35
-183
-283
-386
-444
-460
-510
-520
-592
-659
-714
-781
-762
-762
-722
-687
-722
-728
-799
-824
-819
-825
-748
-738
-703
-699
-748
-732
-776
-745
-707
-660
-566
-557
-505
-508
-502
-459
-444
-346
-290
-212
-157
-146
-100
-107
-53
-11
42
129
157
219
240
268
323
355
429
487
545
598
616
635
643
666
696
725
752
756
745
720
678
647
631
626
622
598
558
498
422
355
292
255
234
192
149
76
-7
-71
-147
-181
-202
-223
-219
-250
-273
-286
-316
-300
-294
-259
-209
-204
-155
-156
-144
-111
-136
-84
-94
-83
-45
-91
-55
-96
-128
-111
-191
-156
-175
-214
-182
-274
-278
-315
-404
-386
-480
-485
-490
-574
-540
-639
-678
-683
-783
-724
-762
-763
-703
-775
-711
-712
-692
-568
-557
-429
-366
-329
-197
-175
-36
77
163
349
418
549
638
666
785
826
944
1049
1091
1188
1172
1183
1178
1139
1187
1152
1166
1152
1045
1006
878
786
747
651
632
555
448
378
231
152
87
18
35
-4
-24
-60
-146
-169
-222
-225
-190
-179
-139
-162
-206
-258
-331
-348
-355
-334
-295
-316
-361
-444
-545
-596
-631
-610
-569
-565
-578
-662
-759
-837
-883
-847
-790
-731
-700
-729
-778
-836
-852
-809
-722
-608
-524
-478
-483
-515
-511
-487
-405
-272
-175
-92
-59
-77
-65
-60
-13
92
158
262
304
294
333
292
339
398
428
552
571
619
668
633
711
715
751
843
824
901
896
853
900
832
864
873
807
852
754
706
675
556
597
543
508
509
361
344
236
148
166
56
80
9
-75
-85
-226
-231
-291
-337
-297
-359
-327
-366
-409
-408
-478
-441
-445
-425
-370
-395
-376
-413
-445
-457
-487
-463
-469
-459
-462
-493
-514
-571
-601
-612
-624
-610
-611
-621
-633
-655
-668
-645
-626
-590
-549
-520
-472
-443
-404
-339
-290
-214
-141
-78
2
64
129
209
274
351
433
499
574
624
674
726
764
818
848
867
887
875
869
851
819
796
748
710
666
598
541
468
406
357
289
252
194
141
101
36
15
-13
-39
-37
-62
-68
-83
-110
-104
-128
-133
-134
-155
-131
-150
-152
-153
-188
-185
-223
-238
-249
-277
-261
-296
-314
-339
-388
-397
-436
-449
-469
-492
-501
-534
-549
-568
-580
-586
-587
-573
-565
-547
-543
-519
-504
-471
-417
-386
-313
-287
-233
-182
-156
-64
-56
38
80
118
219
212
333
356
426
525
529
664
658
748
785
787
880
825
911
869
875
890
802
831
714
709
621
543
503
383
381
244
223
129
54
53
-70
-26
-130
-141
-153
-250
-190
-286
-248
-252
-301
-233
-317
-282
-303
-348
-302
-357
-312
-324
-341
-317
-372
-337
-365
-355
-333
-368
-336
-377
-362
-362
-387
-356
-385
-368
-390
-409
-413
-449
-447
-462
-446
-430
-421
-412
-414
-405
-402
-356
-312
-254
-197
-169
-127
-115
-90
-43
10
83
155
206
266
302
307
350
375
439
511
554
631
648
664
672
662
694
700
728
741
732
713
669
641
602
582
549
530
502
449
410
342
295
237
184
160
123
107
80
47
18
-30
-68
-91
-96
-91
-83
-74
-93
-114
-131
-141
-140
-152
-150
-163
-188
-212
-241
-252
-280
-311
-346
-387
-418
-465
-499
-542
-584
-635
-686
-710
-751
-769
-814
-850
-860
-884
-867
-864
-846
-828
-817
-783
-744
-679
-628
-541
-465
-388
-304
-236
-132
-48
56
147
236
335
401
490
567
658
722
779
834
867
921
939
971
992
984
981
955
945
926
907
880
839
795
735
693
647
603
552
497
451
395
347
303
251
207
150
97
60
19
-4
-36
-66
-92
-124
-150
-171
-173
-182
-186
-187
-198
-193
-205
-214
-211
-219
-210
-225
-241
-253
-287
-305
-330
-361
-389
-430
-467
-503
-544
-590
-631
-678
-716
-755
-794
-825
-861
-881
-897
-913
-913
-914
-914
-897
-883
-854
-820
-786
-728
-673
-606
-528
-447
-350
-258
-161
-51
57
174
294
414
534
638
735
831
919
1004
1087
1158
1220
1273
1300
1314
1307
1288
1267
1241
1215
1186
1141
1076
992
892
801
713
625
554
475
391
302
204
108
15
-56
-104
-154
-192
-232
-268
-304
-348
-381
-400
-403
-400
-387
-389
-396
-409
-428
-432
-435
-424
-417
-422
-436
-461
-469
-480
-484
-475
-468
-454
-457
-459
-460
-459
-453
-447
-441
-438
-433
-432
-435
-440
-448
-458
-460
-455
-449
-434
-424
-411
-401
-396
-371
-346
-295
-243
-194
-144
-104
-45
7
74
141
208
284
341
407
449
483
521
558
605
643
672
689
699
696
686
676
666
663
650
644
630
601
564
520
487
455
422
387
351
298
242
189
134
89
42
-12
-53
-91
-126
-156
-191
-208
-227
-234
-244
-247
-238
-249
-234
-234
-209
-185
-179
-154
-145
-114
-104
-88
-75
-83
-70
-90
-88
-107
-124
-144
-187
-193
-242
-257
-296
-336
-354
-407
-407
-449
-458
-477
-502
-485
-508
-487
-495
-472
-441
-417
-348
-329
-259
-218
-160
-75
-34
59
110
177
242
295
374
407
477
500
526
567
564
584
563
547
526
496
481
434
405
360
320
276
217
182
137
98
68
25
-1
-22
-41
-50
-58
-63
-58
-55
-47
-31
-27
0
5
10
32
19
38
21
15
32
-17
2
-30
-59
-55
-114
-97
-130
-158
-156
-204
-197
-224
-234
-219
-246
-236
-243
-250
-227
-239
-232
-213
-219
-196
-199
-197
-179
-176
-146
-147
-135
-123
-121
-96
-113
-100
-93
-86
-58
-57
-38
-37
-30
-20
3
35
43
87
94
117
146
148
197
208
240
272
274
300
287
304
304
295
308
280
281
260
224
226
189
183
170
143
150
106
88
68
36
45
18
31
36
25
40
2
-9
-15
-26
9
14
38
43
29
33
2
5
19
30
59
53
49
31
-6
-26
-45
-39
-35
-45
-47
-69
-110
-157
-201
-230
-243
-261
-264
-267
-301
-338
-382
-405
-414
-420
-391
-366
-349
-356
-348
-329
-312
-271
-241
-174
-132
-117
-87
-79
-30
7
48
121
144
167
175
181
209
216
256
315
333
332
304
280
276
251
257
290
298
300
249
216
177
109
113
118
143
142
98
98
45
-10
-34
-37
24
24
41
63
28
11
-31
-7
37
42
94
111
130
118
61
74
70
73
98
108
143
119
77
60
34
24
2
4
25
-3
-32
-69
-96
-104
-140
-140
-142
-166
-185
-233
-249
-263
-284
-271
-275
-270
-288
-309
-297
-304
-280
-247
-225
-194
-197
-189
-176
-163
-123
-96
-45
4
30
48
54
76
104
137
182
207
228
240
242
240
241
243
245
241
229
217
200
181
155
130
112
85
62
37
8
-11
-24
-37
-49
-57
-74
-80
-90
-98
-80
-88
-72
-60
-62
-39
-45
-22
6
15
49
44
68
81
67
95
90
105
110
83
91
69
54
61
40
47
33
12
19
-17
-32
-47
-81
-66
-82
-91
-98
-139
-142
-167
-175
-167
-187
-169
-185
-189
-177
-185
-153
-152
-134
-114
-112
-70
-69
-48
-22
-19
12
12
36
62
64
97
103
122
146
144
175
182
197
212
206
223
208
208
213
194
194
168
155
143
114
108
75
58
38
2
-3
-33
-60
-74
-104
-108
-125
-139
-131
-140
-123
-121
-117
-95
-96
-68
-59
-44
-15
-16
13
18
25
44
37
50
49
43
43
30
29
20
7
-3
-23
-29
-43
-59
-71
-92
-101
-126
-148
-160
-184
-193
-213
-230
-229
-248
-255
-265
-276
-271
-270
-260
-247
-234
-224
-204
-179
-150
-122
-97
-58
-33
0
34
72
118
156
202
236
275
320
346
373
387
400
421
436
449
464
465
466
459
435
423
402
391
387
353
319
277
228
204
172
145
120
77
49
5
-23
-46
-74
-80
-114
-116
-123
-136
-118
-152
-150
-151
-166
-126
-140
-129
-130
-179
-180
-220
-225
-217
-252
-246
-305
-360
-385
-432
-423
-461
-494
-513
-569
-561
-591
-597
-578
-624
-588
-596
-580
-508
-513
-424
-383
-357
-252
-234
-110
-7
21
138
141
210
307
337
475
492
517
575
530
607
617
628
708
643
668
639
584
648
587
614
599
503
524
432
422
415
324
331
224
176
151
73
93
23
-12
-38
-109
-87
-114
-114
-98
-129
-117
-121
-127
-108
-101
-107
-94
-110
-110
-91
-126
-113
-130
-154
-121
-172
-178
-176
-222
-206
-236
-238
-223
-265
-252
-261
-281
-255
-278
-272
-251
-284
-255
-261
-259
-229
-274
-219
-220
-236
-200
-238
-172
-195
-209
-155
-203
-134
-157
-158
-78
-135
-69
-64
-46
45
3
87
121
130
213
192
276
322
319
403
406
466
506
487
546
538
538
550
525
548
502
470
457
392
375
314
268
258
181
142
90
34
18
-61
-85
-103
-161
-172
-238
-250
-243
-301
-289
-324
-318
-298
-345
-280
-300
-293
-252
-285
-192
-197
-187
-133
-157
-88
-104
-94
-43
-71
-36
-49
-45
-37
-79
-71
-92
-102
-126
-156
-153
-183
-192
-217
-225
-215
-238
-215
-212
-205
-183
-189
-145
-128
-111
-57
-31
20
48
65
109
115
160
210
244
303
298
312
323
310
343
343
369
384
361
360
320
296
279
250
259
247
230
206
156
123
77
54
48
41
55
44
28
2
-48
-71
-85
-77
-58
-46
-35
-67
-113
-149
-180
-178
-166
-149
-141
-157
-191
-235
-274
-290
-285
-265
-236
-222
-221
-233
-243
-240
-229
-178
-116
-64
-29
-29
-25
-28
-9
35
74
124
137
118
97
57
40
44
60
89
97
95
66
20
-8
-24
1
36
62
78
63
38
7
-4
16
48
89
119
118
106
73
43
37
34
57
80
85
95
70
47
21
-14
-10
-11
5
24
27
38
22
-3
-14
-24
-6
23
53
84
93
80
59
42
41
49
61
81
92
85
64
36
14
-10
-23
-21
-19
-19
-24
-43
-68
-96
-116
-126
-126
-117
-117
-117
-117
-128
-143
-155
-150
-129
-115
-110
-106
-104
-103
-101
-97
-85
-71
-62
-51
-43
-34
-29
-21
-6
11
26
36
45
49
48
46
49
65
89
104
108
105
91
87
91
102
120
127
140
133
116
105
86
87
87
92
103
92
77
45
17
6
-10
-2
-1
-6
-9
-50
-65
-84
-96
-67
-58
-35
-30
-53
-58
-86
-88
-69
-57
-27
-19
-12
-15
-43
-39
-37
-17
14
14
32
17
-6
-13
-35
-20
-12
3
23
10
11
-7
-18
-5
-4
15
17
22
27
3
1
0
4
23
22
37
34
14
10
-7
-7
3
4
12
8
-10
-24
-40
-48
-46
-39
-29
-27
-24
-31
-45
-44
-47
-39
-25
-13
-4
1
-6
-13
-6
-8
15
31
32
50
33
30
24
7
28
30
51
67
48
55
30
19
27
9
29
23
9
16
-7
-3
-12
-23
-10
-17
-8
-14
-20
-13
-22
-7
-5
2
11
3
20
9
3
12
0
17
22
18
40
20
26
29
14
39
20
25
29
4
18
-12
-11
1
-17
1
-17
-15
-11
-38
-28
-43
-41
-25
-28
-9
-20
-20
-16
-38
-36
-46
-31
-15
-13
-1
-13
-23
-28
-40
-32
-23
-18
-3
-4
-9
-20
-36
-31
-31
-22
-2
-4
-2
-12
-23
-19
-28
-21
-6
4
17
4
-1
-6
-11
-2
3
16
21
24
23
21
28
24
38
39
41
55
37
46
43
38
60
41
52
49
44
57
36
49
40
37
52
28
46
37
26
31
11
24
18
15
21
5
11
-1
-11
-5
-14
-13
-17
-20
-18
-34
-38
-44
-50
-51
-57
-53
-54
-47
-45
-48
-49
-59
-57
-47
-43
-33
-29
-34
-30
-37
-40
-36
-34
-21
-14
-2
-5
-14
-18
-40
-31
-25
-14
9
-3
9
1
-8
16
12
27
35
30
47
31
32
39
27
40
32
35
46
35
45
32
28
31
22
32
27
25
25
15
8
6
8
15
20
18
23
24
22
19
15
20
14
15
24
23
28
26
18
19
8
15
13
10
16
-3
-2
-6
-14
-8
-22
-10
-12
-24
-17
-36
-30
-41
-57
-50
-68
-58
-62
-64
-55
-68
-61
-76
-79
-67
-73
-52
-51
-52
-47
-60
-50
-46
-40
-18
-14
-8
-3
-18
-12
-11
-10
12
17
30
28
19
21
13
26
31
39
56
48
56
52
53
72
78
103
108
95
100
100
112
112
112
123
122
125
120
109
88
75
64
58
64
49
42
18
-11
-19
-42
-33
-37
-39
-23
-54
-51
-71
-91
-65
-77
-44
-40
-43
-21
-65
-56
-76
-94
-60
-79
-40
-45
-70
-64
-129
-128
-140
-142
-91
-104
-82
-105
-147
-147
-181
-153
-138
-125
-91
-106
-92
-111
-123
-105
-105
-51
-32
4
27
12
40
27
52
76
84
134
139
161
157
133
135
122
139
146
157
171
160
167
145
132
130
123
149
155
162
175
165
172
156
144
150
143
163
161
147
133
98
82
62
57
68
62
57
29
-12
-57
-91
-101
-97
-88
-101
-128
-168
-219
-254
-271
-262
-238
-224
-218
-240
-267
-279
-293
-270
-234
-194
-149
-138
-136
-147
-151
-125
-103
-56
-18
-6
10
-6
-11
-9
-14
24
33
59
71
40
54
19
25
50
50
104
91
95
88
37
65
48
76
120
108
142
108
88
83
48
84
94
123
150
117
109
70
49
65
65
107
129
122
120
66
29
17
2
40
54
58
65
8
-18
-53
-80
-46
-41
-6
6
-30
-40
-83
-91
-73
-69
-30
-23
-29
-34
-62
-65
-66
-55
-24
-15
-9
-12
-33
-44
-60
-62
-41
-29
-8
-9
-28
-36
-64
-72
-69
-65
-37
-31
-33
-44
-69
-71
-68
-53
-30
-25
-15
-21
-35
-39
-44
-25
-5
13
39
38
35
29
17
36
42
65
85
85
104
77
67
60
48
76
74
92
101
76
73
43
30
38
30
56
64
50
51
21
14
9
2
29
14
20
16
-12
-5
-34
-18
-7
-21
7
-14
-12
-10
-41
-24
-25
-24
-4
-17
-13
-23
-40
-32
-40
-28
-16
-27
-17
-27
-36
-32
-51
-44
-47
-48
-28
-42
-40
-41
-50
-44
-54
-45
-35
-30
-21
-20
-16
-31
-29
-34
-28
-11
-14
