8
13
14
11
4
-2
3
5
6
7
12
17
9
4
-2
-2
2
5
7
9
15
12
10
8
9
7
4
7
3
8
4
-1
5
4
3
-3
-3
-1
-5
1
2
4
0
-9
-9
-11
-21
-19
-10
-6
-6
-5
-3
2
4
-1
-4
-7
-4
-7
-3
0
-8
-1
-1
1
1
0
6
4
3
6
0
-4
-4
-2
-4
-1
-1
-3
-7
-10
-4
-9
-14
-13
-12
-6
-2
-7
-1
1
-3
-7
-1
7
8
6
3
2
2
1
8
12
14
18
19
18
13
15
11
4
3
3
5
6
6
6
10
10
5
4
-1
3
3
4
4
6
9
1
-1
-5
1
-1
-3
0
-2
-6
-7
-5
-5
1
-2
-8
-7
-6
-7
-13
-14
-6
-11
-12
-14
-17
-20
-18
-7
-2
-6
-8
-3
-2
-5
-2
-6
0
-5
-7
-1
-10
-15
-21
-11
0
-6
-3
5
9
4
6
11
13
12
14
24
24
17
14
16
13
2
1
7
13
11
7
17
18
6
4
9
13
3
6
19
16
4
-4
7
4
-4
-9
-3
1
-4
-5
-13
-10
-14
-17
-13
-13
-7
-11
-13
-12
-13
-15
-16
-11
-11
-9
-4
-12
-15
-10
0
-6
-24
-16
-13
-12
-11
-13
-4
-8
-5
0
6
17
15
22
17
7
9
3
8
2
11
24
22
25
29
36
27
9
5
6
6
4
14
17
19
23
25
21
0
-8
4
22
29
36
42
23
-2
-25
-25
-10
-4
5
3
-3
-14
-28
-48
-51
-35
-14
6
3
-6
-25
-50
-57
-48
-20
0
1
-28
-41
-32
-32
-46
-64
-44
-32
-39
-45
-31
-18
-44
-60
-60
-25
-4
-10
-24
-44
-19
1
11
4
-5
10
3
8
49
104
109
47
22
46
62
54
66
118
137
121
91
77
69
42
41
77
135
145
100
64
50
30
-4
1
34
54
28
0
-9
-30
-68
-98
-75
-45
-39
-52
-47
-33
-58
-104
-87
-33
-49
-86
-60
-17
-44
-78
-64
-19
-4
-52
-48
-5
-10
-72
-71
18
19
-22
-44
-18
5
-65
-94
-49
14
-40
-96
-9
22
-25
-119
-113
-3
-28
-65
-36
48
27
-96
-90
-76
-35
-59
-81
34
54
10
-42
-16
-7
-59
5
59
112
123
93
121
87
37
22
89
168
143
182
192
151
110
24
49
76
96
108
121
157
81
39
-7
-20
8
-14
13
44
47
-30
-64
-30
-71
-97
-95
-39
-9
-52
-88
-77
-60
-117
-137
-79
-32
-35
-30
-35
-79
-60
-35
-82
-92
-26
47
-6
-52
-14
30
-10
-111
-15
62
21
-41
20
78
-13
-16
8
42
1
33
72
23
7
-5
59
-29
-69
23
103
55
-31
33
10
-11
-47
-30
-14
16
72
-20
-21
16
17
-53
-56
44
85
69
54
51
43
-52
1
75
14
44
112
192
-6
-38
7
59
42
-105
160
174
61
-123
-42
82
-84
-47
-41
71
46
-53
-146
-109
-12
-61
-129
-84
78
59
-192
-285
32
31
-210
-175
124
170
-203
-269
-42
31
-214
-223
128
162
-131
-209
45
65
-255
-135
170
229
-13
-185
186
193
-99
-170
157
350
93
-20
61
304
44
-176
103
228
209
-54
75
308
-5
-98
-18
199
89
-170
173
224
10
-116
36
121
-43
-36
-90
156
90
-76
-11
-35
65
-96
-88
-41
7
53
-36
-128
-57
-18
-174
-148
-112
14
-80
-124
-90
-25
-124
-260
10
-60
-168
-162
101
17
-285
-34
69
19
-169
-78
176
12
-110
15
65
11
24
46
12
56
68
16
0
-37
110
137
40
91
93
152
12
-104
157
204
49
150
221
171
70
6
36
65
83
61
263
117
48
198
36
-111
-169
138
-15
-58
190
15
107
110
-189
-203
7
-123
-204
-110
73
161
-87
-246
-78
-58
-397
-325
-22
119
-203
-161
266
-173
-516
-320
53
-65
-430
-114
334
248
-449
-398
120
56
-240
-292
219
509
169
-423
-3
373
-156
-177
-54
453
483
-73
24
291
193
-361
-48
328
193
60
172
539
-131
-190
44
31
5
-283
296
391
195
-203
-67
205
-332
-232
-201
205
321
208
37
-146
289
-212
-525
-268
179
366
92
128
234
222
-380
-388
-158
22
-15
76
543
57
59
-132
-281
-265
-195
-84
-4
522
-17
37
33
-185
-97
-421
-52
-1
172
176
16
102
-167
26
-244
-312
104
26
110
157
146
-48
-32
1
-278
-111
-37
193
210
-110
181
109
-102
-211
-232
168
85
-23
150
426
7
-387
159
-149
-336
-22
254
261
132
122
-87
145
-373
-499
28
245
203
-44
412
153
-188
-250
-510
-133
128
154
16
328
406
-91
-251
-730
36
322
-431
95
443
696
-107
-624
170
-53
-229
-266
235
283
147
234
-226
62
-221
172
-247
-236
425
-173
79
45
-147
54
446
-402
-276
94
67
-115
-531
326
505
180
-203
-143
-51
29
-349
-451
265
472
367
66
-289
-107
221
-556
-608
564
446
162
101
338
-50
-688
5
-243
241
92
250
773
-10
-367
-568
289
-151
-206
257
527
485
-297
-173
-415
10
-181
-49
471
426
268
-296
-50
-334
-191
-277
-107
773
329
-37
-122
375
-231
-1000
-24
566
245
-491
526
616
-402
-783
-284
400
-424
-610
549
697
-424
-443
-54
54
-675
-680
128
120
-203
-119
40
-10
-465
-398
-134
-170
-256
-18
40
-197
163
-249
-144
36
-135
328
-174
97
256
48
244
-202
556
191
281
191
88
582
260
-47
103
659
364
-81
244
539
296
-52
-3
551
-51
94
96
53
182
37
231
-95
96
228
-244
-206
-114
129
-38
-262
197
462
-307
-646
-87
-152
-290
-503
451
246
-89
-225
-786
286
-377
-793
-173
484
341
-570
69
-37
-265
-730
-124
354
-234
-11
-111
469
-270
-574
563
-225
-589
-41
790
-24
-663
453
48
359
-74
-154
-124
43
260
-393
360
333
400
-369
-380
781
54
-625
-85
630
566
-353
-59
343
-118
-160
103
573
453
-646
-59
395
-496
222
365
306
91
132
210
-402
-296
-199
131
42
860
638
-625
-138
-82
-281
-631
234
756
277
-259
-154
563
-485
-633
-12
-166
330
-9
138
294
-654
171
93
-641
-309
99
350
-434
-263
281
563
-448
-442
122
-528
-301
51
333
-50
-187
67
277
-376
-560
125
299
-401
-348
504
923
45
-759
-561
674
346
-613
181
398
688
63
-302
102
300
-460
-414
504
534
663
142
-41
-432
-412
203
-270
-77
-9
667
753
292
-667
-1169
374
-149
-737
130
1232
976
-250
-369
-95
-115
-845
-436
534
1040
737
228
428
-475
-486
-313
-353
216
464
617
752
562
-603
-902
-158
-373
-479
-251
753
937
-676
-764
245
-645
-1115
-778
-97
304
58
342
-271
-788
-795
47
-811
-471
866
387
77
-206
324
41
-1076
-372
554
736
359
425
548
-127
-690
19
305
69
13
679
879
329
-7
-763
198
-210
-392
997
866
-104
-484
421
309
-934
-521
608
531
-420
-254
813
365
-1039
-778
485
308
-390
-452
608
459
-963
-141
889
109
-870
-506
211
351
-137
-322
1087
296
-1288
364
178
-331
-165
-49
336
321
286
-187
21
-435
-776
346
792
32
-584
339
737
-563
-564
102
512
-136
-915
452
891
304
-916
-472
782
251
-568
-812
1046
288
-661
-36
743
581
-955
-279
350
-179
-106
-16
361
288
-621
421
213
-780
12
18
-43
294
233
-11
-207
-205
-168
-420
-135
808
-147
-219
401
-102
287
-518
-713
469
-63
-202
488
305
498
-313
-569
75
130
-254
-198
670
247
406
-67
-474
251
-357
154
49
-195
838
-414
294
241
-585
501
-377
-263
150
213
-159
-136
540
-38
-74
-119
-313
-530
-209
470
-281
721
233
-574
96
-439
-565
-439
80
300
551
590
138
-728
-213
-296
-716
336
51
884
791
-159
-49
-404
-711
-381
582
32
886
250
356
285
-1320
-180
-53
87
-120
302
1094
914
-1013
-1186
886
-512
-503
18
265
1133
-360
-91
-165
220
-280
-833
-9
469
446
-481
623
-196
-210
346
-960
405
-120
-584
816
367
142
-295
-202
219
-477
-528
-252
894
735
-311
7
43
380
-1213
-385
27
454
651
-312
726
-259
-452
36
0
-889
28
1093
-207
-287
74
666
-140
-712
-8
370
180
-817
191
510
281
311
-13
-277
-468
276
-283
173
-18
322
1124
-605
-215
319
-685
-804
91
525
578
-146
148
292
-718
-320
-266
-295
222
107
-83
540
254
398
-825
-1098
882
-137
-91
-364
1455
918
-982
-507
658
61
-1544
550
866
983
-13
-216
-323
-332
-738
-473
806
549
586
-313
-378
-153
-553
-1398
-483
1009
692
140
-494
314
120
-1702
-1324
700
1176
-355
-90
973
48
-254
-1048
-14
296
-155
377
434
1216
-253
325
-652
71
147
-411
341
177
1008
-209
639
-132
222
-400
-426
387
-204
493
-267
402
67
703
-476
-711
206
-490
251
-550
464
-158
482
684
-1147
-438
-502
-384
-143
396
336
266
232
-756
-662
-514
-62
-424
-128
1423
948
-799
-880
9
-347
-815
28
1007
1276
88
-761
-190
284
-469
-1397
810
674
1302
699
-632
-597
-161
85
-969
440
836
1157
306
33
-26
-791
-507
-181
-238
981
727
-22
1014
-836
-515
180
-162
-762
10
1225
264
-14
-204
633
-990
-66
330
-493
116
-431
803
491
215
-957
-70
-155
-1342
140
233
-52
50
397
-688
-79
-415
-1502
-822
470
1093
-236
-80
128
-570
-453
-957
-168
1471
-37
307
420
799
196
-1113
284
130
745
722
1167
120
-180
528
42
693
-722
204
787
380
146
-618
417
273
-436
-707
361
339
-1029
-738
-192
1175
202
-1369
-532
610
-284
-1768
-269
837
283
-653
-164
776
-543
-1121
-491
721
418
-586
230
710
63
-1425
250
921
-200
-29
456
898
-607
-876
161
875
119
-391
1067
841
-565
-1172
775
148
-987
229
844
1297
516
-805
-605
334
-165
-716
-425
864
1447
-260
-454
1087
403
-2044
-2029
1136
2054
-429
-838
639
1350
-1283
-1136
-182
-371
307
-131
1285
224
199
-1323
-830
-480
102
1001
-177
571
-376
315
-178
-530
-568
-350
251
144
1030
433
-117
-571
-569
-93
-158
653
-276
-235
521
657
805
-1034
-1333
-28
815
-22
-573
477
1478
-65
-1640
-230
672
165
-1179
-76
1521
1006
-834
-663
627
-265
-89
-613
614
664
-289
-81
479
505
-389
-964
-634
1444
371
-592
55
665
-336
-818
-382
541
668
-827
-2
1021
282
-1124
-821
241
111
-391
696
1157
-624
-842
316
442
-922
-1173
810
1090
-410
332
540
-599
-725
-771
27
692
701
135
-165
-57
470
-1202
-751
1224
-124
627
64
67
-52
-783
-233
579
226
-260
1027
-104
-683
-26
494
-433
60
335
-34
782
-386
-137
90
9
-195
219
-75
-527
429
-96
928
-499
-556
773
-1394
75
127
174
471
-733
281
721
-73
-1862
226
309
-395
577
-267
860
-59
-1032
328
-121
-467
-160
-8
1006
333
-398
-224
245
-514
-334
244
549
884
-885
-265
850
-118
-743
30
373
-39
226
741
-387
-334
-112
663
-141
-905
476
734
-355
-689
1344
712
-942
-1985
319
1424
165
-787
153
1573
-886
-729
113
-569
-375
-360
1227
1253
55
-1127
-300
-241
-896
601
278
456
-435
439
565
-318
-399
-572
-507
-49
1224
478
-808
-43
672
-112
-471
-237
579
-357
-420
270
542
434
-354
-759
-110
627
21
-59
-164
875
323
-1550
-120
894
-189
-1009
244
1455
117
-229
93
260
-1287
-1302
384
1328
1326
-1639
-226
1743
89
-1389
-1261
1228
-201
-1247
659
1969
1215
-2187
-733
111
759
-1319
-1207
2374
483
-211
-493
1383
-250
-2124
-1104
933
1993
-1218
-149
1681
99
-1152
-570
706
-168
-1495
390
1577
221
-589
153
782
-936
-1464
208
1062
-303
262
1519
-510
-652
-289
-655
-213
-116
189
1363
417
-306
1248
-1367
-1765
83
131
410
6
1158
1343
-224
-2218
-452
639
-1004
-2
1259
1837
24
-896
-504
-1080
-850
-328
1349
802
1079
522
-598
-454
-1552
-615
35
608
329
1282
817
-910
-921
445
-462
-2184
670
3079
509
-2383
-973
2866
-5
-3497
443
2288
370
-1915
538
1436
-314
-1868
75
2133
-1139
-991
499
1928
-889
-2759
1604
2455
-439
-2199
-477
1431
360
-1903
378
2161
45
-1312
-522
1337
156
-2666
84
2411
61
-452
-228
562
111
-1566
-788
2010
687
-854
-637
694
1774
-2623
-1531
1515
1581
-649
-1584
2009
1166
-2147
-1019
1565
156
-1949
-339
2797
774
-2008
-388
1336
-569
-1032
407
458
145
-743
944
686
-649
-714
-162
381
-189
115
575
-83
-786
174
541
-44
-588
177
805
441
-1173
-1195
946
240
-465
388
1645
-24
-1836
32
405
-289
-1471
184
2988
1139
-1309
-1858
-131
722
-931
-398
1796
1762
-981
-1770
460
751
-1052
-1231
904
1649
984
-597
-1638
-65
-173
-770
974
627
33
904
-702
-662
378
-799
-798
505
938
412
-17
68
344
-974
-1230
903
389
-353
-238
580
1471
-659
-1064
317
-114
-1015
167
1050
37
-44
318
648
-274
-1162
-332
-253
414
439
331
408
162
-487
-106
-32
-1186
425
749
-160
-77
672
545
-850
-719
204
238
-440
-108
718
445
-114
-522
304
459
-1212
-1108
1273
1204
-853
-49
622
130
-803
-879
489
471
-307
-358
1407
705
-1637
-586
799
-270
-1121
880
1827
-681
-873
-23
166
164
-656
-532
408
1394
-104
-232
125
-675
-636
-505
745
525
679
-72
-396
607
-728
-982
546
923
-1037
-245
1375
980
-776
-1133
-144
339
111
-408
698
933
-327
-964
181
337
-532
-355
448
307
-29
223
212
-111
-535
-569
-110
684
548
-122
69
-656
-462
430
200
-266
186
369
-105
-255
-218
89
-736
-216
739
561
2
-99
-170
-565
-794
-103
913
346
104
15
-41
-56
-508
-682
182
660
-276
81
707
-111
-359
-3
-305
119
104
-236
298
276
2
257
105
-203
215
-141
-264
-113
172
569
193
232
455
-462
-776
313
31
-38
448
417
428
-424
-370
15
-104
-222
-236
646
984
-54
-627
-463
-52
39
-95
332
492
-82
-367
278
107
-766
-453
462
516
-368
-348
387
-479
-703
-120
426
457
-425
-645
-275
-99
-182
-159
261
506
-401
-407
6
-330
-394
-101
201
565
502
112
-283
-613
-340
-137
576
949
32
77
350
-583
-461
349
306
-123
391
878
-40
-217
-298
-553
342
494
159
222
93
26
89
-18
8
83
155
89
306
651
-19
-230
195
207
-375
-103
-32
-132
35
-17
322
350
-158
-1029
-552
41
-78
132
603
805
111
-368
-32
371
173
-404
109
1429
1025
-259
-181
24
-327
-749
-456
-27
-306
-709
-938
-264
-672
-1866
-1754
-911
-658
-1670
-1334
79
-353
-1053
-1029
-712
-138
-519
-561
320
750
356
541
919
362
-99
352
1202
866
327
984
1207
668
721
649
707
637
269
448
1121
1216
765
571
462
519
551
682
850
920
810
783
796
634
348
495
757
920
889
819
697
128
118
406
-52
-491
-187
-110
-336
-747
-779
-694
-1378
-2050
-1881
-1308
-1318
-1348
-1208
-1184
-1550
-1983
-2002
-1795
-1461
-1300
-691
43
-321
-376
72
-703
-1493
-1554
-592
454
648
885
861
1486
2198
1968
1945
1879
1134
524
398
851
1639
1771
933
150
171
-83
-870
-2001
-3168
-3510
-3021
-2024
-1398
-1621
-2907
-4285
-3770
-3016
-2523
-1189
325
1662
2296
3325
3735
3107
2692
2491
3881
5183
5718
6241
5955
5028
3290
2090
1709
552
-260
-83
-142
-295
-702
-1388
-2426
-3623
-3979
-3712
-2897
-1911
-1156
-560
-226
-468
-1006
-611
-226
-303
338
1375
2212
2134
1293
243
-243
-430
-699
-208
232
-55
-963
-1864
-2400
-2833
-3399
-3700
-3289
-2636
-1675
-906
-768
-1507
-2121
-1325
-603
9
999
1761
2223
2273
2686
2938
2219
1390
1534
1938
1966
2604
2599
1698
623
-436
-860
-1099
-1600
-1847
-1229
-444
-324
-864
-1412
-1886
-2835
-3406
-2033
-338
-148
317
1820
2447
2011
1625
1648
3244
4775
4793
3910
2800
2367
1355
446
293
183
-388
-1649
-1785
-1737
-3456
-6193
-7654
-6368
-5000
-4638
-4201
-4444
-4638
-3960
-3008
-1716
-537
600
2409
4041
5649
6560
5928
5240
5075
5351
5958
6309
5808
4727
3277
1847
693
-757
-2396
-3359
-3450
-3521
-3306
-3142
-3409
-3741
-4151
-3628
-2595
-1559
-343
688
1647
2479
3406
3603
3261
3667
3942
3895
3484
2685
1985
1162
627
-282
-1294
-1712
-2279
-2597
-3340
-4593
-5540
-5737
-5191
-4870
-4137
-3214
-2701
-2543
-2383
-1276
-272
333
1265
2334
3139
3507
3934
3852
3245
2959
2745
3012
3052
2066
1399
884
30
-600
-1155
-1485
-1719
-2359
-2462
-1501
-1373
-2018
-2084
-1884
-1180
-711
-251
316
-89
-205
-5
796
1568
842
689
739
381
653
1360
2850
3276
2843
4029
5710
5484
1474
-2615
-2550
-1335
-1471
-852
1310
1688
-906
-3942
-4585
-4875
-7210
-7755
-5334
-1549
688
-62
-1822
-4272
-4873
-3851
-2201
873
2990
5263
6611
6006
5511
3562
1683
1094
2014
4570
5761
5827
4682
2399
-143
-2492
-2714
-2879
-2831
-1742
-1080
-280
-1084
-2732
-3665
-4183
-3591
-2223
310
2427
3002
3286
2999
2841
2443
1752
2228
3096
3839
3269
1553
172
-1533
-3057
-3657
-2804
-1430
-1259
-1271
-1575
-2960
-4526
-4915
-4224
-3317
-2097
-998
275
860
206
-195
-425
-243
333
1503
3138
3556
3315
2533
1437
910
263
213
297
316
929
1058
568
-848
-2108
-2242
-1963
-1387
-1086
-577
-235
-355
-239
-339
-449
-824
-909
14
976
1085
182
-376
-302
-277
-504
-692
-83
930
2625
3723
4104
5328
5636
4200
351
-1959
-4
1044
182
-385
1228
1849
-1886
-5325
-6614
-7565
-8619
-8224
-4702
-981
-513
-2868
-5513
-6307
-5348
-3684
-1518
1367
4778
7569
8431
7798
5927
3112
1949
3689
6573
8116
7760
6424
4369
1746
-1253
-3431
-3897
-3449
-2486
-1226
-200
-698
-2992
-5012
-5770
-5072
-3253
-1030
1630
3320
3746
3787
3353
2880
1984
1768
2942
4109
4690
3442
1251
-973
-3064
-3953
-4027
-3167
-2099
-1368
-1049
-1817
-3490
-5137
-5557
-4801
-3347
-1463
589
1851
1691
627
-392
-402
21
673
1919
3270
4126
3848
2418
732
-463
-1311
-1644
-1193
-127
445
140
-466
-1601
-2278
-2599
-2496
-1641
-795
231
231
-32
-229
-611
-119
-113
88
200
-84
282
493
419
-147
-317
-573
-1178
-1201
104
2775
4392
6284
8095
7923
4439
-1483
-2789
-835
270
796
2177
4324
2333
-2254
-6031
-9062
-11154
-11100
-6816
-1211
1528
123
-3465
-6283
-7748
-6592
-3692
-123
4674
8534
10511
10185
7655
4268
1253
1347
4205
7289
8902
8046
5702
2510
-1142
-4491
-6278
-6046
-4524
-2220
-399
426
-818
-3723
-5694
-5742
-3776
-1265
1221
3751
5173
5317
4394
2976
1791
995
1444
3116
4496
4582
2593
-1033
-4441
-6171
-6293
-5525
-4084
-2314
-1066
-1089
-2257
-4087
-5504
-5564
-4061
-1456
1216
3127
3541
2410
731
-308
-371
383
1267
2128
3195
3824
3226
936
-1664
-2893
-2382
-935
355
1527
1733
650
-457
-1335
-2184
-2663
-2079
-649
965
2333
2527
1346
-489
-1266
-1078
-777
-203
236
1109
1192
709
132
-1641
-3237
-3622
-1795
2171
6318
8681
9357
7851
4441
-438
-4616
-3932
-1469
1022
3327
4879
4182
-1643
-8327
-12214
-13567
-12154
-7942
-1967
2187
1478
-1965
-5695
-7757
-7211
-5113
-769
4753
9849
12518
11544
8397
4039
607
133
2437
6038
8337
8411
6684
3141
-800
-4567
-7086
-7227
-5540
-2003
1090
2211
1228
-1380
-3379
-4525
-3941
-1295
2091
5196
6387
5984
4923
3020
508
-1289
-836
1543
3416
3331
1599
-1449
-4742
-7182
-7616
-5951
-3809
-1861
-482
264
-480
-3100
-5208
-5379
-3382
-595
1577
3335
3512
2457
1139
45
-213
-637
-393
1022
2491
3055
2043
535
-686
-1590
-1939
-1639
-740
542
1769
2315
1744
235
-1224
-1538
-1222
-691
21
663
1363
1209
681
-31
-1151
-2063
-2524
-1960
-1051
-637
-617
-1016
-2265
-2914
-1760
1654
5786
8512
10258
8571
3803
-1386
-3610
-2108
-944
518
3299
5991
5026
-526
-6905
-11766
-13938
-11911
-5729
510
2767
490
-3334
-6324
-7528
-6381
-3658
822
6115
10578
12618
10936
6801
2111
-309
847
3606
6423
7579
6768
4469
1045
-2139
-5095
-6876
-6624
-4676
-1766
305
1081
368
-1467
-2833
-2928
-1432
695
2686
4444
5535
5923
4591
1876
-523
-1317
-706
98
771
468
-1004
-3474
-5503
-6457
-6558
-5488
-3708
-1191
304
238
-1253
-3017
-3582
-3159
-1326
529
2173
2642
1834
1034
164
11
-591
-737
102
1174
2018
1576
1157
406
12
-43
96
1064
1507
2169
2091
2240
2677
1885
901
-258
86
1021
1235
1058
584
5
-623
-838
-1049
-1335
-2079
-2167
-1334
-984
-1504
-2789
-3451
-1288
2884
7841
11681
10638
6242
38
-3246
-2859
-2533
-1084
814
4109
4479
225
-5901
-12231
-15874
-16263
-10640
-2386
2752
2111
-2733
-6423
-7888
-6938
-4333
-618
4499
9837
13282
12942
8802
3115
-1019
-1867
1087
5184
7375
6786
3882
651
-2698
-5474
-6935
-7094
-5283
-2340
934
2839
2358
493
-1147
-899
1049
3804
6189
7667
8390
8041
6743
4390
1532
-399
-1220
-515
634
650
-878
-4446
-7462
-8939
-8770
-7051
-4844
-1847
-77
408
-303
-1967
-3221
-3746
-2208
427
3333
5079
4491
2427
-175
-1519
-1941
-1575
-807
68
1011
1092
796
-298
-1520
-2329
-1946
-178
1804
3375
3480
3041
2286
1273
184
-793
-461
622
1361
1976
1933
1160
-341
-2266
-3074
-3736
-3966
-3955
-3148
-1703
-1140
-1502
-2301
-232
3560
7386
8596
6997
4473
785
-442
-347
360
961
1756
3468
2280
-1169
-6427
-11274
-13469
-11625
-5676
-864
675
-1216
-4151
-6210
-6909
-5240
-2379
1729
6565
10667
11867
9965
6354
2560
496
726
3373
5662
6294
4946
2045
-906
-4127
-6417
-7561
-6745
-4290
-1752
438
1224
913
-23
-379
663
2631
4908
7046
8714
9260
8774
6977
4455
2167
631
195
234
249
-171
-2022
-5163
-7752
-9035
-8414
-6795
-4931
-2553
-1505
-1632
-2559
-3620
-3632
-3436
-2330
-151
2117
3632
3277
1756
182
-1000
-1518
-1432
-874
-176
162
104
21
-339
-1334
-2124
-1768
-673
849
1729
2199
2440
1851
1768
1145
1082
1511
1069
622
-265
-89
312
276
-11
-602
-790
-1242
-1573
-2504
-3352
-2919
-943
3706
8199
10991
10744
6516
1729
-2471
-3006
-1210
288
2475
4344
5495
2621
-3640
-10603
-15850
-16877
-12468
-4213
1962
3227
-183
-4319
-6989
-7174
-4815
-1342
3593
8777
13000
13712
10853
6080
1515
-612
-119
2856
5354
5676
3574
175
-3001
-5993
-8090
-9302
-8788
-6750
-3822
-1081
37
31
-793
-938
96
2163
5115
7687
9312
9685
8757
7083
4896
2685
1431
767
1004
857
-164
-1629
-4238
-6623
-8882
-9052
-6714
-3645
-1027
-666
-1239
-2459
-3532
-3920
-3433
-2097
-635
1548
3298
4322
3441
1551
297
-565
-351
-59
654
1202
1041
621
408
530
58
-301
-615
318
1372
1390
1343
601
277
-68
17
1123
1836
1475
251
-1176
-2103
-2167
-2086
-1728
-1363
-1194
-1264
-1933
-2447
-997
2517
6728
10039
10356
7808
2802
-1874
-3107
-2276
-537
1303
3213
4142
1355
-4087
-10150
-14647
-15703
-12662
-6775
-1962
-399
-2177
-4743
-6158
-5341
-2577
491
4225
8206
11847
13180
11728
8516
4848
2620
2284
3817
5100
5000
3069
-169
-3114
-5312
-6570
-7712
-8193
-7264
-5200
-3145
-2056
-1597
-1379
-720
406
2380
4739
6671
7928
8412
8887
8514
6942
4738
3004
2242
1435
424
-743
-1937
-3564
-5253
-6258
-6171
-5392
-4372
-2908
-1785
-1400
-2590
-3873
-4101
-3338
-1811
-825
456
1453
2276
2479
1751
971
180
54
123
824
1500
1665
1171
115
-433
-776
-651
-368
-208
38
400
397
129
-447
-938
-599
-399
240
513
-304
-1099
-1571
-1591
-1355
-1950
-2423
-2483
-2963
-595
2719
5843
7670
7201
7086
4396
1068
-377
-171
726
1538
3182
4430
3009
-1466
-6163
-10710
-13157
-12490
-9680
-6124
-4201
-3827
-4941
-6365
-6495
-4758
-2290
1068
5758
10232
13149
13277
11480
8894
6273
5282
5447
5966
6421
5923
4438
1875
-1137
-4525
-7917
-10079
-10017
-8031
-5548
-3427
-2739
-3004
-3717
-3938
-2719
-161
3594
6830
9005
10567
11206
10201
7281
3839
1205
-238
-350
634
1253
379
-1987
-5196
-7442
-8482
-8416
-7637
-6549
-4215
-2022
-690
-591
-2086
-3853
-5009
-4025
-1071
2028
4268
5018
4434
3154
1413
29
-752
-778
420
2187
4031
4354
2787
99
-2222
-2958
-2063
-469
591
1423
1254
1331
378
-603
-1253
-2647
-2504
-1964
583
2173
1814
-636
-3707
-3811
-1077
4666
8040
9441
7091
2739
-744
-2676
-795
102
1778
3970
6528
7119
3201
-3077
-10796
-15455
-15298
-10029
-4294
-1451
-1975
-5254
-8240
-10166
-9342
-7644
-4761
-26
5654
11118
13700
14002
11511
8177
5532
4486
5589
7035
8535
8258
6634
3833
-151
-4562
-8602
-10340
-9899
-7790
-5422
-3532
-2858
-3510
-4617
-5544
-4983
-2740
829
4928
8523
10899
11549
10201
8158
6173
4565
3526
2509
2063
1290
-65
-1859
-3683
-4826
-5848
-6637
-7457
-7835
-7807
-7246
-5856
-4294
-2884
-2407
-2028
-1381
-466
777
2195
4161
5410
5562
4766
3633
2594
1505
1024
918
1130
1300
1185
477
-770
-1923
-2808
-2960
-2737
-1722
-784
-407
-499
-1333
-1436
-1562
-1271
-955
-634
37
-96
876
3048
6293
7851
6471
3802
513
-1583
-3110
-2813
-1405
781
3392
4783
4696
1511
-3055
-7930
-10418
-9262
-6011
-2737
-1993
-2976
-5208
-7250
-8623
-8666
-7093
-4296
-236
3764
7448
9765
10420
9387
7398
6372
6602
7742
8581
8872
8538
7245
5106
2228
-777
-3767
-6198
-7605
-7765
-6963
-5979
-5220
-4944
-5133
-5630
-5755
-4812
-2297
1034
4199
6524
7741
8240
7720
6762
5629
4759
4326
3977
3781
3096
2047
553
-940
-2308
-3852
-5518
-7551
-8989
-9430
-8752
-7758
-7154
-6510
-5601
-4141
-2602
-782
1219
3146
4652
5325
5492
5188
5272
5687
6056
6191
5710
4976
3392
1112
-1123
-2933
-3704
-3704
-2989
-2322
-2724
-4035
-5449
-5893
-5540
-4415
-3099
-1939
-787
985
4502
7655
8793
7161
4149
2061
956
1385
2010
2361
2549
2349
2025
656
-2000
-6078
-10335
-12347
-10676
-6811
-3793
-3328
-4940
-6496
-7039
-6139
-4597
-2843
-744
1365
3734
6024
8200
9218
8859
8098
8018
8856
9350
9122
7840
6357
5313
4855
4535
3272
1109
-1986
-4987
-7044
-7655
-7244
-6791
-6408
-6030
-5328
-4721
-4459
-4525
-4206
-2875
-356
2895
5784
7739
7940
6913
5345
4003
3332
2962
3203
3785
4449
4731
4088
2212
-780
-4224
-6948
-8294
-8474
-7665
-6708
-6046
-6247
-7096
-7425
-6864
-5450
-3870
-2249
-272
1929
4055
5790
6781
6931
6568
6172
6199
6183
5953
5434
4482
3560
2565
1644
185
-1683
-3175
-4205
-4850
-5952
-6835
-7492
-7056
-4641
-644
3481
4488
2930
430
-847
-867
-527
986
3129
5848
7234
7309
5970
2805
-1478
-5984
-7753
-7244
-5935
-6027
-7585
-8621
-8799
-7983
-7636
-7434
-7107
-6247
-4552
-2137
1448
5077
8120
9582
10002
10159
10150
9929
8994
8366
8318
8819
9012
8514
7461
5274
1961
-2109
-5182
-6430
-6235
-5597
-5223
-4840
-4770
-5237
-6325
-7191
-7031
-5764
-3555
-879
1911
3927
4694
4269
3418
2949
2824
2847
2923
3698
5154
6469
6597
5108
2542
-408
-2738
-4019
-4341
-4404
-4636
-5090
-5658
-6049
-6168
-5874
-5600
-5435
-5056
-3877
-1845
177
1473
2045
2513
3221
4018
4473
4557
4444
4520
4771
4898
4518
3549
2508
1575
1072
386
-753
-2501
-4572
-5519
-4576
-1298
2220
3714
2424
-514
-2811
-4172
-4519
-4303
-2843
-70
2943
5385
5828
4307
589
-3793
-6333
-5891
-3277
-1486
-1667
-3185
-4390
-4949
-5538
-6242
-6794
-6480
-5723
-4528
-2677
-265
2073
3395
4218
5416
7189
8556
8627
7779
6883
6811
7480
8444
9129
8666
6845
4001
1403
-11
-592
-1171
-2240
-3167
-3582
-3731
-4166
-4905
-5436
-5800
-5932
-5613
-4256
-2005
-102
625
227
-346
-450
-187
279
780
1506
2521
3542
4363
4664
4303
3224
1576
19
-978
-1394
-1521
-1737
-1928
-2058
-2306
-2686
-3308
-3985
-4572
-4903
-4387
-2986
-1115
580
1538
2022
2117
1901
1702
1551
1798
2292
2702
3275
3797
4230
4111
2887
1218
-597
-2102
-3093
-3156
-1184
2082
4646
4599
2177
-629
-2669
-4071
-4778
-3987
-1620
1335
3296
4207
4127
2483
-681
-4374
-6107
-5458
-3906
-3106
-3522
-3949
-4277
-4801
-5612
-6030
-5468
-4651
-4293
-4061
-2805
-463
1785
2858
3237
4027
5194
6060
6194
6221
6592
6859
6750
6680
7168
7617
6780
4501
2117
737
244
-87
-484
-659
-1025
-2160
-3695
-4547
-4184
-3496
-3471
-3787
-3543
-2602
-1720
-1473
-1507
-1323
-1085
-1156
-1282
-949
122
1256
1689
1659
1453
1435
1169
439
-94
-308
-205
-327
-555
-307
233
622
355
-294
-810
-1001
-993
-999
-1065
-1208
-1171
-837
-72
863
1429
1549
1294
1197
1350
1463
1546
1710
2231
2748
2856
2445
1564
269
-1036
-947
1231
4314
5793
4544
2049
-117
-1761
-3487
-4910
-4758
-2977
-692
1102
1971
1575
-630
-4056
-6604
-6825
-5437
-4397
-4430
-4379
-3458
-2528
-2861
-4300
-5436
-5558
-5131
-4452
-2992
-553
1745
2532
1993
1671
2346
3303
3707
3945
4899
6330
7192
7221
7125
7195
6646
5040
3296
2547
2611
2414
1694
1080
743
8
-1357
-2498
-2733
-2564
-2914
-3607
-3598
-2601
-1516
-1212
-1499
-1718
-1736
-1852
-1975
-1543
-304
1278
2376
2641
2274
1519
513
-558
-1295
-1421
-1073
-580
-188
26
-35
-386
-927
-1469
-1831
-1906
-1560
-933
-274
115
161
-49
-341
-411
-199
307
856
1401
1828
1810
1362
819
891
1500
2136
2370
2129
1408
66
-909
-197
2478
5146
5544
3831
1728
312
-1179
-2920
-3692
-2530
-230
1472
2140
1908
603
-2228
-5600
-7495
-7198
-5953
-5601
-5983
-5906
-4940
-4119
-4278
-4632
-4292
-3415
-3025
-2918
-1933
257
2474
3478
3786
4330
5124
5217
4506
4045
4342
4855
4833
4834
5562
6505
6370
4770
3016
2123
1833
1334
769
742
835
213
-1101
-1954
-1947
-1955
-2698
-3573
-3419
-2353
-1416
-1279
-1525
-1633
-1796
-2282
-2807
-2549
-1353
149
1233
1757
2025
1911
1181
-26
-991
-1175
-805
-352
-119
-38
-71
-356
-901
-1563
-2076
-2297
-2130
-1511
-683
-1
176
-90
-430
-619
-574
-300
389
1301
1943
2034
1827
1819
1884
1829
1671
1538
1214
708
1007
2812
5323
6434
5306
3046
1125
-81
-1077
-1663
-1332
-81
1290
2097
2139
1150
-1093
-4219
-6743
-7485
-6783
-6131
-6424
-6966
-6841
-6150
-5748
-5865
-5854
-5300
-4512
-3715
-2448
-312
2077
3622
4098
4326
5049
5978
6514
6653
6839
7150
7133
6667
6112
5665
4925
3610
2224
1477
1341
1107
484
-137
-401
-600
-1160
-2010
-2771
-3205
-3425
-3442
-3099
-2345
-1449
-920
-952
-1344
-1806
-2227
-2544
-2513
-1803
-421
1054
1886
1752
968
-17
-997
-1883
-2438
-2334
-1557
-496
399
852
713
20
-903
-1637
-1922
-1784
-1293
-412
664
1452
1520
873
-68
-802
-988
-551
377
1509
2476
3039
3148
2989
2719
2100
1196
986
2744
6277
9114
9064
6393
3102
528
-1458
-2584
-2073
-208
1305
1249
286
-785
-2459
-5321
-8222
-9206
-8159
-6881
-6685
-6985
-6807
-6575
-7128
-8035
-7877
-6259
-4480
-3517
-2647
-631
2257
4424
5173
5346
5721
5998
5750
5706
6774
8336
8949
8216
7266
6849
6164
4388
2092
637
201
-139
-713
-967
-634
-620
-1510
-2667
-3244
-3496
-4375
-5484
-5515
-3838
-1376
397
1197
1243
679
-545
-1901
-2176
-896
1354
3233
3997
3720
2762
1457
-116
-1494
-2224
-2170
-1775
-1554
-1375
-1102
-919
-1389
-2422
-3235
-3395
-3041
-2618
-1986
-997
159
1104
1578
1706
1475
1166
994
1080
1320
1470
1690
1925
2288
2729
3478
4780
6499
8072
8174
6387
3411
898
-372
-796
-437
741
2460
3238
2273
-162
-3527
-7376
-11067
-12717
-11526
-8606
-6449
-6461
-7718
-8990
-9664
-10238
-10434
-9452
-7095
-3993
-1024
2077
5176
7503
8058
7244
6678
7160
8478
9691
10694
11436
11551
10713
9011
7165
5157
2691
-129
-2253
-2751
-2164
-1704
-2155
-3128
-4172
-5233
-6076
-6251
-5509
-4464
-3564
-2443
-753
1030
1755
1219
363
148
746
1688
2934
4420
5757
6225
5405
3852
2059
358
-1279
-2516
-2835
-2377
-1704
-1620
-2224
-3494
-5069
-6422
-7010
-6418
-5164
-3700
-2473
-1399
-510
-88
-101
-232
141
908
1930
2939
4120
5323
5761
5418
4721
4927
6254
8084
9314
8753
6331
2803
18
-1437
-1798
-1683
-1220
-350
-381
-1586
-4181
-7508
-11004
-13662
-13468
-10736
-7330
-5912
-6628
-8030
-9047
-9313
-9031
-7371
-4433
-608
2775
5067
6799
7862
8304
7586
6611
6628
7935
9882
11374
12135
11785
10395
8036
5476
3209
1036
-952
-2620
-3190
-2706
-1956
-1839
-2606
-3848
-5109
-5888
-5975
-4975
-3456
-1955
-599
592
1819
2479
2350
1675
1026
846
1337
2285
3256
4065
4030
3296
1877
-58
-1838
-3370
-4219
-4375
-4185
-4116
-4384
-4967
-5503
-5618
-5540
-4935
-4167
-3384
-2416
-1612
-668
91
624
1203
1731
2299
2963
3655
4140
4421
4207
3821
3490
3443
4595
6476
8885
10992
10866
7726
2377
-2003
-3487
-3363
-2897
-1450
1043
2371
750
-3450
-7885
-11877
-15131
-15424
-12230
-7194
-3735
-3671
-5621
-7807
-9060
-9226
-8165
-5325
-470
4481
7433
8514
8881
9359
8927
7585
6943
7823
9642
10909
11118
10325
8592
5810
2329
-914
-3086
-3899
-4003
-3608
-2818
-2150
-2444
-4080
-5930
-6746
-6023
-4131
-1638
1076
3381
4563
4430
3525
2480
1580
930
951
1982
3586
4605
4563
3732
2506
1110
-693
-2568
-4317
-5753
-6749
-7320
-7442
-7580
-7684
-7817
-7599
-6682
-5258
-3519
-2474
-1962
-1539
-909
316
1747
3390
4570
4954
4802
4656
4753
4735
4666
4329
4216
3887
4307
6244
8863
11542
10994
7032
1558
-2819
-3724
-2726
-1534
-247
1361
1577
-196
-4225
-8854
-12704
-16026
-15497
-11305
-5679
-2148
-3338
-6601
-9261
-10114
-9100
-6540
-2955
2379
7350
9893
10498
9210
7814
6105
4773
5497
7936
10791
12209
11523
9362
6454
2643
-527
-2467
-3015
-2502
-2781
-3210
-3608
-4339
-5656
-7225
-7661
-6360
-3911
-1210
1418
3366
4278
3532
1861
825
1061
2304
3411
4210
5001
5375
4385
2338
228
-974
-1392
-1460
-1234
-1300
-1839
-3593
-5982
-8227
-9410
-9184
-8160
-6250
-4252
-2342
-1427
-1619
-2398
-3130
-2924
-1504
925
3151
5035
5728
5550
4400
2624
1523
774
1481
3310
5209
6774
7847
8375
8815
7859
5050
1938
-1373
-2262
-871
701
1983
2592
2213
-57
-4804
-10051
-12826
-13796
-11818
-7799
-4081
-2283
-4716
-8628
-11246
-11455
-9230
-5198
-1103
3182
7277
8917
8786
6621
4743
4433
5285
7745
10691
12913
12806
10437
6394
2813
299
-1361
-1622
-1589
-1021
-1036
-2269
-4063
-5932
-7343
-7897
-6672
-3926
-229
2647
3597
4330
4524
3353
1351
-259
701
3116
4484
4664
4785
3722
1644
-733
-3111
-3141
-3046
-2625
-1709
-1592
-1878
-4288
-7939
-10630
-10844
-9361
-6700
-4225
-1875
84
-71
-547
-1482
-1726
-825
1067
3956
6184
7071
6117
4129
1937
303
-252
533
1922
3673
4394
4086
4816
6104
8259
7994
4497
557
-1764
-1108
285
667
1231
2956
2121
-535
-4651
-9106
-12110
-15264
-12959
-6583
-1297
-720
-5782
-11289
-13828
-12646
-9085
-3635
853
5180
7847
7574
7372
5709
4792
4526
5938
9925
13639
15391
13662
10031
5596
2293
399
183
909
1091
838
-1202
-3296
-5581
-7860
-9112
-9160
-6598
-2921
674
2736
2948
3293
3032
1963
1662
2451
4538
6353
5861
4582
3357
862
-1233
-2385
-2739
-1446
-1060
-769
-1074
-3336
-6047
-9296
-11125
-10907
-9494
-7619
-5778
-4830
-4317
-3946
-3697
-2174
-1009
445
2072
3807
5709
5643
4643
3088
1974
1933
2591
4022
5533
5999
4716
2736
1603
2945
6047
8709
8392
4560
623
-1575
-1517
-1505
-2319
-713
941
772
-1391
-5848
-9917
-14062
-16073
-11980
-5236
-1338
-2418
-7504
-11725
-11777
-9189
-4009
1047
4457
7592
8527
8504
7817
6518
6276
7128
9779
13158
15143
14109
10603
5807
1870
374
553
1825
1905
169
-2386
-5067
-7141
-8519
-9267
-8880
-6888
-3646
-9
2842
3436
2554
2637
2724
3511
4703
6058
7651
6734
4315
1950
196
-2008
-2960
-3087
-2432
-889
-1779
-2601
-5300
-8830
-10920
-12042
-10719
-8510
-6280
-5271
-4730
-5210
-5639
-5212
-3843
-822
1263
3207
4494
5598
5843
4201
3063
2330
2617
3196
3540
4136
4304
3673
3099
4177
6483
8339
8871
8392
6142
1930
-1485
-1206
1993
3516
3239
3272
1353
-3312
-9646
-13621
-13477
-12608
-10094
-6333
-4671
-6784
-11902
-16259
-16637
-12656
-5909
1819
6550
7778
7318
5319
4316
4570
6753
10795
14756
17720
17715
14938
9898
4849
1889
1215
2944
4821
5266
2847
-1704
-6386
-10300
-11900
-11214
-8413
-4709
-1680
-58
624
512
-279
829
2826
5368
7573
8188
8458
7143
4309
1200
-633
-1969
-1565
-282
108
487
-2306
-5238
-7688
-9902
-10156
-9960
-8494
-7214
-6325
-6739
-7188
-7100
-7097
-5551
-3698
-306
2469
3566
3805
3614
4435
4353
4267
3977
3890
3832
3281
3617
3399
3258
1962
1271
3342
6676
10536
10577
7395
2548
-1537
-2044
-261
3175
4727
5048
3261
-491
-4562
-10013
-12859
-14063
-11623
-6255
-3205
-3531
-8890
-14463
-17631
-16449
-10800
-3610
3526
5974
5401
3173
1242
1851
3381
6933
10860
14353
15785
14351
10948
6054
2870
2114
4383
7744
9251
7541
2377
-3675
-8602
-10585
-9753
-6920
-3273
-337
944
375
-1136
-2720
-3201
-1425
3605
9342
12381
11335
7779
4194
793
-1441
-1644
-11
1644
2704
2722
1205
-2302
-7401
-11168
-12552
-10359
-6726
-4578
-4747
-7137
-9175
-10298
-9926
-8027
-4986
-1155
1830
3123
2605
1181
399
1246
3174
5391
6783
6392
5101
3453
2154
2190
2680
3040
2789
3216
5828
9290
11555
9574
4433
-959
-3090
-538
2643
4886
4962
3027
-15
-4248
-7896
-10625
-12936
-13701
-10755
-6271
-4243
-6621
-12334
-16207
-16580
-12885
-6290
-258
3701
4195
3176
1877
1405
3114
5915
9682
13012
14748
14524
11561
7587
4933
4299
5748
8011
8886
7204
2662
-3066
-6894
-8690
-8239
-6195
-4163
-1886
-1013
-1315
-2229
-3126
-2807
-564
4021
8494
11050
9960
6964
4128
1600
885
1924
3671
4345
3785
2014
-42
-3001
-6658
-8349
-9045
-7734
-5648
-5335
-6226
-8690
-10466
-10680
-10461
-8728
-5846
-2354
483
884
-78
-1228
-1094
1204
3861
5695
6411
5522
4248
3244
2593
3029
3284
2709
1874
2181
5027
9961
13517
11691
5682
-569
-2677
-771
1317
2923
4398
4788
2427
-1986
-6615
-10614
-14075
-15632
-11707
-5065
-2135
-5181
-11997
-16681
-16742
-12731
-6051
-438
2551
3447
3527
3287
2534
2748
4790
7968
11730
14964
15801
13374
8667
4989
4298
5446
7512
8559
6896
3226
-1463
-5130
-7143
-8268
-7945
-6839
-5214
-3177
-1919
-1857
-3268
-4036
-1973
1632
5169
7039
7140
6604
4779
2900
2454
2388
2760
3110
2920
2908
1922
-559
-3272
-6173
-7788
-6779
-5164
-4042
-4657
-6968
-8843
-10136
-10363
-9146
-6530
-3138
-845
-154
-664
-1317
-1059
-500
700
2766
4379
5292
4890
3843
3537
3260
2894
2784
2711
3191
5349
9219
13555
14260
9268
2517
-1539
-914
1900
3773
4794
4964
3302
-357
-5120
-9586
-13120
-15291
-13404
-7745
-2818
-2742
-8623
-15412
-18160
-15918
-9685
-3497
244
2495
3653
4277
4122
3144
3636
5644
8551
12400
15329
16022
13466
9132
6323
5642
6453
7206
6652
4820
1679
-1818
-4668
-6988
-8159
-8187
-7393
-5637
-3882
-2906
-3459
-4865
-5262
-3501
215
3887
6161
6017
3962
1894
587
450
1217
2215
3069
3852
4110
3175
343
-4143
-7097
-6683
-3879
-1102
-1291
-4311
-8159
-10892
-11150
-9560
-6930
-4048
-1875
-792
-1120
-1942
-2534
-2735
-1767
488
3548
6196
6947
5479
3220
1539
1397
2978
4869
6503
7609
8729
10775
12750
12702
9075
3523
-97
369
3221
4955
4775
3672
1434
-2446
-6874
-10377
-12484
-13676
-12523
-7717
-3530
-4491
-10256
-16055
-17442
-14793
-9572
-3283
1686
4029
4239
3428
2234
1353
2078
5250
9443
13161
15335
14941
12338
8519
5956
5331
5714
6819
7342
6331
3024
-1524
-5103
-7037
-7672
-7269
-5849
-4155
-2874
-2936
-3867
-4974
-5510
-4398
-2482
715
3867
4964
3587
-95
-2302
-1959
-576
1308
2746
3653
3621
2132
-89
-2027
-3825
-4204
-2654
-954
-230
-1984
-5018
-7762
-9125
-7881
-5359
-2572
-1156
-1131
-1429
-2532
-3417
-3672
-3400
-1791
1097
4016
5539
4457
1730
-207
-371
1847
5267
8056
9061
8028
6983
7868
11151
12796
9524
5137
3632
5088
6424
5706
4441
2400
-1452
-4804
-6496
-7984
-9903
-12013
-11640
-8714
-7224
-8718
-12378
-15489
-15997
-13734
-8931
-3526
102
1710
2136
1727
957
921
3185
6958
10355
13229
14903
14695
12263
8687
6681
6731
7749
9023
9316
7289
3115
-1725
-5286
-7181
-8011
-6920
-4385
-2270
-1742
-2993
-5033
-7182
-8203
-6570
-2664
1509
3556
2609
-216
-2971
-3964
-3019
-1103
1059
2920
3646
2832
1100
-726
-2168
-2923
-2463
-694
787
495
-1339
-3479
-4830
-5092
-4406
-3136
-1610
-353
93
-698
-2684
-4686
-5426
-4327
-1803
807
2226
1971
628
-639
-609
1289
4210
6602
7364
6864
6472
6993
8574
10385
10892
9100
6177
4609
5038
5839
4838
2553
495
-1226
-2637
-4138
-5648
-7844
-10568
-11421
-9653
-7279
-7485
-10261
-12846
-13441
-11834
-8523
-4356
-1335
-335
-622
-624
60
768
2452
5069
7712
9573
10399
10775
9994
8044
6453
6249
7004
7564
7398
6418
4436
1625
-518
-1371
-1173
-117
948
1546
666
-1328
-2943
-3973
-4165
-3400
-1913
-904
-1583
-3354
-4618
-4991
-5053
-4677
-4018
-3265
-2917
-2613
-1526
-506
-116
-635
-1536
-2272
-2791
-2229
-792
695
1332
1120
805
288
-272
-534
-322
-98
-286
-434
-460
-845
-1858
-2740
-2872
-2503
-1850
-884
738
2468
3398
3244
1927
653
699
2347
4666
5855
5706
4888
4135
4061
4484
5021
4703
3161
1253
-68
-264
26
1
-785
-2100
-2916
-2836
-2376
-2618
-3472
-3879
-3426
-2581
-1971
-1376
-1317
-2178
-3234
-3135
-1360
430
1332
1389
932
227
-518
-489
-151
-388
-1163
-1473
-547
803
1507
1042
-349
-1851
-2427
-1452
614
2752
4089
4297
3450
2129
1266
1191
1536
1993
2666
3379
3295
1903
3
-1273
-1430
-690
493
1629
1936
1256
166
-719
-1267
-1808
-2321
-2469
-1911
-762
222
219
-930
-2252
-2626
-1841
-742
-364
-1067
-2543
-3999
-4723
-4526
-3830
-3410
-3572
-3981
-4039
-3470
-2671
-1929
-1139
-135
891
1480
1847
2587
3763
4690
4793
4397
4029
3677
3251
3135
3431
3495
2676
1405
862
1368
2229
2620
2077
1010
277
541
1612
2259
1946
1234
829
1055
1397
1521
1296
713
348
362
432
98
-784
-1715
-2264
-2311
-2082
-2285
-3602
-5685
-7509
-8118
-7512
-6707
-6242
-6332
-6522
-6102
-5085
-3489
-1770
-271
953
1778
2510
3132
3404
3420
3698
4600
5641
5887
5100
3924
2897
2478
2671
3233
3969
4444
4749
4813
4382
3668
2778
1949
1514
1696
2467
2966
2341
796
-881
-1944
-2141
-1780
-1450
-1723
-2529
-3179
-3608
-4261
-5317
-6301
-6437
-5850
-4957
-4105
-3817
-4208
-4992
-5294
-4563
-3322
-2229
-1373
-489
651
1749
2288
2236
1701
1382
1896
2934
3746
3527
2409
1220
315
26
528
1477
2397
2595
2580
3031
3737
4068
3490
2854
2921
3916
5184
6036
6119
5260
4014
2782
2365
2304
2163
1750
1129
717
-306
-1884
-4196
-6558
-8326
-8980
-8231
-7282
-7035
-8272
-9864
-10840
-10654
-9501
-8087
-6286
-4417
-2257
-464
552
700
370
594
1526
3178
4606
5290
5220
4803
4706
4695
4635
4372
4310
4803
5676
6510
6606
5990
5081
4811
5296
5835
5841
4976
3813
2556
1734
1503
1266
507
-953
-2193
-2889
-3188
-3664
-4332
-4904
-5211
-4916
-4518
-4407
-5091
-5869
-5981
-5338
-4318
-3609
-3258
-3404
-3456
-3037
-2118
-1384
-1231
-1179
-754
303
1358
1925
1552
525
-292
-234
609
1497
1980
2051
1987
1808
1808
2020
2424
2808
3156
3875
5061
6339
6783
6215
5046
4241
4091
4362
4809
4805
4354
3358
2273
1113
-491
-2365
-3997
-4668
-4697
-4472
-4570
-5320
-6956
-8805
-9506
-8923
-7832
-7296
-6909
-6232
-5494
-5052
-5056
-5045
-4680
-3488
-1567
285
1252
1366
1172
990
1111
1650
2501
3166
3699
4619
5692
6103
5507
4644
4245
4542
5583
7084
8163
7977
7020
6264
5935
5457
4651
3950
3410
2964
2470
1853
749
-931
-2443
-3202
-3090
-2642
-2235
-2218
-2874
-3767
-4389
-4584
-4906
-5448
-5622
-5155
-4465
-4311
-4721
-5390
-5929
-6104
-5891
-5304
-4606
-3910
-3330
-2817
-2162
-1323
-533
-147
107
749
1818
2855
3597
4238
4757
4954
5050
5606
6587
7274
7318
7075
6910
6807
6707
6676
6433
5567
4239
2967
2003
1185
473
-228
-1269
-2657
-3778
-3962
-3676
-3762
-4358
-5036
-5461
-5717
-5563
-5191
-5137
-5694
-6218
-5959
-5408
-5238
-5636
-5970
-5947
-5526
-4595
-3506
-2780
-2641
-2352
-1489
-295
801
1743
2588
3035
3224
3496
4056
4687
5335
6083
6588
6510
6004
5570
5250
4922
4800
5156
5630
5701
5403
4977
4362
3375
2305
1535
1148
1108
1418
1628
987
-409
-1588
-1910
-1848
-1912
-2051
-2175
-2546
-3317
-4084
-4754
-5457
-6123
-6358
-6154
-6056
-6107
-6107
-5981
-5958
-5862
-5271
-4380
-3548
-2853
-1907
-704
482
1636
2655
3335
3531
3733
4357
5155
5768
6075
6278
6307
6220
6195
5958
5232
4067
3118
2586
2123
1657
1188
785
182
-415
-772
-1085
-1378
-1675
-1728
-1930
-2293
-2381
-2059
-1515
-1349
-1268
-1339
-1694
-2282
-2798
-2832
-2885
-2981
-3302
-3819
-4605
-5287
-5107
-4445
-3895
-4019
-4299
-4371
-4184
-3597
-2773
-1781
-960
-48
996
1908
2436
2579
2681
2619
2618
2917
3657
4468
4917
5163
5136
4870
4428
4228
4378
4568
4872
5316
5781
5696
5009
4123
3324
2835
2588
2596
2381
1738
857
-96
-1033
-2083
-2866
-3284
-3456
-3555
-3677
-3835
-4372
-4959
-5184
-4909
-4608
-4722
-4943
-5066
-4822
-4203
-3199
-2304
-2122
-2411
-2531
-1842
-623
674
1606
1867
1756
1741
2235
2771
2863
2536
2124
1951
1934
2102
2123
1655
807
175
264
783
1245
1309
961
377
-33
159
766
1153
985
547
234
235
510
832
774
227
-266
-163
386
737
753
608
447
240
20
-175
-647
-1305
-1771
-1682
-1470
-1690
-2386
-3365
-4307
-4981
-4912
-4315
-3858
-3863
-3997
-3799
-3396
-2877
-2305
-1735
-1242
-565
592
1859
2653
2927
3195
3625
4046
4390
4685
4880
4953
5102
5267
5088
4459
3786
3408
3199
3004
2812
2522
1983
1374
987
739
380
34
15
212
209
-128
-578
-997
-1243
-1052
-457
-40
-325
-1038
-1579
-1739
-1727
-1699
-1742
-2041
-2474
-2753
-2829
-3178
-3910
-4430
-4368
-3877
-3424
-3139
-3170
-3599
-3980
-3775
-2949
-2197
-1704
-1229
-684
-293
-153
180
717
1401
2129
2866
3404
3457
3467
3741
4244
4489
4347
4096
3746
3496
3313
3202
2796
2048
1491
1311
1347
1004
454
-74
-428
-514
-431
-194
-425
-1017
-1647
-1952
-2029
-2181
-2062
-1830
-1575
-1666
-1979
-2353
-2835
-2913
-2593
-1880
-1480
-1407
-1375
-1471
-1632
-1967
-1898
-1569
-1096
-605
-230
-64
-346
-513
-368
75
444
760
1235
1695
2146
2438
2616
2456
2102
1975
2193
2612
2900
3108
3095
2826
2445
2220
2187
2055
1887
1787
1804
1785
1754
1729
1417
670
-241
-804
-950
-840
-699
-690
-1029
-1744
-2387
-2687
-2684
-2636
-2506
-2257
-2086
-2129
-2416
-2808
-3324
-3709
-3621
-3097
-2501
-2248
-2231
-2323
-2404
-2344
-1984
-1336
-644
112
919
1620
1934
1907
1886
2044
2386
2825
3304
3618
3651
3462
3192
2872
2465
2142
2028
2097
2109
1891
1398
728
116
-283
-504
-777
-1168
-1601
-1888
-1979
-1899
-1819
-1976
-2282
-2507
-2377
-2020
-1586
-1209
-954
-726
-479
-30
281
268
-18
-215
-2
504
1259
1833
1978
1573
1118
1147
1468
1774
1708
1543
1333
1194
1218
1097
566
-461
-1207
-1268
-838
-467
-479
-798
-1426
-1947
-2100
-1914
-1762
-1740
-1563
-1318
-1252
-1527
-1880
-2152
-2288
-2147
-1744
-1306
-1104
-958
-647
-284
-110
-70
130
509
1049
1692
2308
2639
2636
2602
2705
2859
2884
2935
3086
3304
3570
3861
4075
3900
3396
2813
2398
2155
2077
2144
1991
1414
464
-480
-1308
-2065
-2675
-3135
-3387
-3519
-3457
-3485
-3937
-4723
-5363
-5272
-4600
-3661
-2926
-2674
-2836
-3033
-2763
-2229
-1754
-1441
-969
-234
443
938
1101
1056
946
1134
1755
2307
2467
2265
2136
2164
2215
2289
2239
1970
1473
1191
1325
1577
1682
1532
1279
915
629
647
855
929
669
423
392
549
692
631
356
-123
-383
-178
341
698
555
157
-309
-568
-598
-501
-420
-585
-803
-1066
-1311
-1673
-2131
-2463
-2718
-2793
-2892
-2934
-2995
-3110
-3171
-3237
-3122
-2991
-2712
-2287
-1756
-1220
-897
-602
-310
182
827
1587
2326
2736
2886
2920
3191
3624
3983
4094
3917
3657
3404
3330
3300
3136
2777
2370
2142
1992
1789
1425
1034
735
620
666
688
536
140
-253
-501
-570
-619
-768
-961
-1173
-1272
-1334
-1443
-1733
-2126
-2339
-2261
-1925
-1693
-1757
-2109
-2483
-2535
-2236
-1729
-1353
-1221
-1261
-1321
-1296
-1286
-1296
-1305
-1095
-602
-53
264
143
-218
-504
-441
4
606
1147
1458
1571
1534
1402
1208
1020
995
1191
1549
1806
1769
1445
1000
644
435
369
319
215
60
-83
-180
-346
-613
-966
-1238
-1345
-1279
-1125
-1089
-1163
-1288
-1315
-1226
-1055
-803
-546
-292
-79
252
689
1099
1320
1220
997
815
945
1361
1799
1913
1487
837
322
270
488
664
646
487
504
618
666
410
-88
-479
-565
-258
96
159
-275
-986
-1420
-1370
-960
-655
-614
-694
-741
-647
-585
-536
-470
-308
-49
100
90
-147
-404
-469
-271
119
385
424
263
154
224
356
458
471
547
699
862
921
803
610
409
352
491
777
1071
1192
1159
999
838
749
772
929
1151
1377
1434
1276
883
374
-100
-440
-546
-572
-585
-771
-1135
-1629
-2253
-2835
-3293
-3351
-3069
-2624
-2341
-2508
-2992
-3569
-3730
-3428
-2782
-2136
-1714
-1410
-1222
-953
-718
-437
-44
515
1291
1974
2430
2524
2459
2441
2510
2603
2544
2395
2239
2241
2346
2372
2211
1844
1503
1283
1197
1159
1088
1048
1054
1081
950
563
19
-424
-528
-341
-87
-69
-309
-652
-894
-921
-833
-744
-722
-701
-619
-472
-357
-326
-338
-290
-101
158
389
513
586
659
707
683
547
422
418
536
655
584
305
-52
-300
-400
-467
-644
-920
-1136
-1189
-1141
-1213
-1503
-1901
-2135
-2030
-1667
-1320
-1224
-1376
-1574
-1586
-1381
-1090
-851
-693
-549
-381
-241
-200
-260
-287
-134
202
558
744
702
557
506
651
945
1238
1417
1501
1562
1652
1761
1852
1919
2004
2127
2250
2292
2167
1897
1606
1401
1301
1206
1003
658
238
-144
-396
-532
-625
-756
-954
-1183
-1383
-1492
-1513
-1491
-1483
-1508
-1543
-1548
-1510
-1472
-1466
-1501
-1517
-1437
-1224
-944
-725
-632
-648
-660
-584
-407
-199
-51
49
149
302
482
598
597
501
417
433
565
730
822
794
675
562
498
459
412
328
243
214
279
397
475
466
378
292
283
364
500
650
803
961
1092
1142
1073
926
806
803
925
1060
1069
915
665
423
238
77
-115
-323
-493
-578
-619
-717
-947
-1287
-1604
-1749
-1699
-1538
-1405
-1395
-1481
-1589
-1632
-1585
-1502
-1432
-1394
-1346
-1237
-1069
-929
-914
-1044
-1226
-1280
-1118
-794
-477
-305
-258
-211
-56
205
474
679
848
1077
1406
1774
2054
2196
2264
2347
2487
2618
2675
2677
2684
2730
2754
2642
2354
1983
1675
1502
1420
1302
1066
720
326
-36
-324
-527
-679
-814
-962
-1137
-1328
-1523
-1692
-1829
-1905
-1905
-1846
-1745
-1682
-1719
-1833
-1943
-1947
-1791
-1521
-1253
-1077
-1012
-1016
-1028
-1009
-926
-766
-526
-223
45
189
146
-15
-131
-87
116
350
500
550
556
560
577
550
462
384
398
557
780
924
903
740
558
467
487
569
625
632
619
605
577
479
294
66
-124
-213
-175
-87
-53
-123
-312
-527
-691
-746
-677
-559
-412
-280
-175
-102
-80
-91
-133
-156
-122
26
256
481
614
567
413
234
133
170
290
438
531
558
542
496
449
396
361
368
456
593
715
775
753
693
621
556
484
401
320
254
221
172
67
-122
-367
-570
-687
-731
-773
-842
-931
-990
-979
-921
-864
-867
-926
-966
-915
-765
-573
-408
-317
-275
-237
-187
-134
-103
-87
-42
58
202
351
450
463
403
305
240
248
323
439
542
595
553
424
258
109
24
11
45
73
69
2
-128
-300
-478
-605
-657
-611
-527
-478
-504
-609
-726
-789
-760
-653
-508
-368
-258
-187
-135
-81
-18
65
168
292
421
528
595
607
578
542
533
567
644
728
770
747
670
580
534
537
575
610
615
576
502
421
337
267
212
167
124
70
5
-89
-198
-300
-377
-423
-453
-488
-527
-554
-565
-553
-537
-519
-497
-482
-458
-413
-352
-289
-224
-174
-141
-132
-136
-132
-109
-64
2
71
114
122
108
79
65
96
166
272
369
436
457
449
447
458
498
558
614
656
669
649
604
545
490
443
414
385
333
260
166
78
-2
-81
-162
-257
-358
-453
-523
-573
-622
-676
-746
-815
-877
-932
-979
-1020
-1032
-1021
-990
-966
-972
-987
-996
-974
-916
-841
-760
-684
-608
-511
-407
-314
-227
-134
-19
127
282
421
524
599
678
782
904
1019
1095
1133
1157
1175
1208
1232
1227
1203
1170
1143
1112
1066
985
894
819
759
716
658
570
441
298
175
80
13
-59
-137
-223
-319
-416
-524
-619
-699
-748
-774
-783
-791
-817
-847
-876
-897
-896
-877
-838
-777
-715
-661
-625
-609
-581
-539
-477
-402
-341
-279
-226
-171
-97
-36
14
46
77
123
174
226
274
314
358
404
434
447
455
481
546
632
708
757
765
750
734
727
737
743
751
761
760
729
648
532
406
303
242
205
156
69
-62
-223
-372
-499
-592
-660
-702
-735
-781
-837
-906
-976
-1032
-1055
-1039
-991
-924
-880
-863
-875
-889
-866
-808
-714
-620
-531
-444
-361
-273
-186
-95
-6
94
214
348
472
574
657
730
798
860
912
948
977
987
987
979
959
931
893
841
791
741
688
638
575
506
444
386
328
265
200
126
49
-14
-66
-118
-173
-229
-289
-334
-370
-405
-432
-473
-510
-528
-542
-546
-545
-539
-532
-520
-498
-465
-427
-387
-350
-314
-282
-250
-216
-177
-145
-129
-124
-122
-118
-121
-126
-138
-155
-175
-193
-201
-215
-231
-240
-247
-249
-247
-238
-215
-183
-154
-120
-84
-42
10
74
152
226
298
360
424
494
564
633
687
728
765
801
834
855
856
841
823
797
777
746
700
635
552
481
411
337
251
142
25
-90
-192
-296
-415
-549
-684
-796
-882
-954
-1040
-1127
-1193
-1231
-1231
-1214
-1193
-1170
-1131
-1060
-955
-834
-724
-614
-499
-364
-207
-71
46
142
228
327
422
512
567
597
613
623
648
662
665
646
628
626
625
628
619
602
593
602
614
626
624
607
586
566
550
529
495
453
413
380
348
310
258
198
141
93
46
-6
-64
-126
-180
-225
-267
-314
-359
-404
-439
-460
-479
-488
-506
-526
-536
-545
-549
-555
-565
-570
-575
-574
-569
-571
-573
-576
-573
-570
-570
-568
-567
-559
-554
-546
-536
-518
-493
-464
-423
-387
-346
-299
-237
-170
-104
-21
55
141
227
319
422
515
610
701
800
894
976
1042
1107
1164
1208
1237
1241
1241
1224
1197
1157
1098
1029
937
837
728
612
488
344
201
64
-66
-197
-325
-442
-547
-650
-743
-817
-875
-922
-972
-1008
-1030
-1037
-1022
-1000
-972
-935
-891
-835
-770
-694
-614
-534
-450
-367
-279
-188
-101
-16
67
153
229
298
369
429
476
518
555
585
602
613
612
612
597
571
544
507
461
408
360
309
254
197
139
89
42
2
-40
-78
-109
-135
-162
-186
-203
-221
-235
-248
-259
-264
-283
-303
-320
-342
-352
-365
-378
-386
-389
-387
-383
-381
-377
-361
-342
-319
-285
-251
-217
-182
-138
-88
-40
9
58
110
166
214
258
294
327
358
384
411
430
444
456
463
468
464
463
453
441
424
404
388
367
344
317
291
258
218
179
136
92
49
-5
-51
-90
-126
-160
-196
-220
-236
-246
-251
-250
-245
-238
-235
-232
-224
-215
-203
-190
-191
-195
-193
-198
-195
-205
-214
-221
-237
-239
-251
-269
-281
-286
-275
-261
-253
-244
-239
-220
-189
-154
-106
-62
-16
34
81
130
178
218
252
273
297
316
322
325
313
303
290
272
251
222
187
161
132
99
72
45
31
23
13
8
-1
-9
-18
-22
-18
-21
-23
-25
-20
-14
-10
2
10
23
39
49
62
71
76
79
78
78
66
48
24
-1
-18
-46
-77
-108
-143
-174
-207
-231
-249
-271
-282
-291
-300
-295
-288
-279
-275
-264
-238
-216
-196
-175
-147
-109
-70
-31
11
62
113
159
214
265
317
377
419
454
485
512
551
574
581
585
580
579
581
552
515
470
415
373
313
251
187
118
51
-26
-94
-162
-228
-303
-377
-434
-502
-564
-625
-698
-757
-809
-857
-887
-933
-962
-966
-969
-955
-948
-932
-891
-838
-768
-687
-595
-508
-416
-318
-214
-109
3
113
222
324
412
496
577
648
716
771
827
878
921
960
988
1004
1012
1015
1004
981
954
920
882
833
780
726
665
600
532
462
387
305
221
141
55
-32
-122
-220
-316
-412
-502
-579
-652
-717
-771
-823
-875
-909
-938
-954
-954
-949
-934
-913
-878
-832
-781
-716
-647
-572
-488
-400
-308
-208
-108
-11
84
177
264
346
420
488
549
607
659
697
721
734
743
743
738
729
696
664
627
584
539
484
428
371
311
252
187
123
57
-5
-61
-123
-177
-222
-255
-284
-303
-317
-330
-331
-328
-316
-297
-281
-270
-251
-226
-203
-185
-173
-158
-151
-160
-168
-183
-198
-222
-261
-305
-350
-385
-421
-462
-501
-536
-557
-575
-580
-582
-576
-557
-534
-496
-457
-409
-356
-296
-231
-163
-87
-12
69
148
230
313
391
460
532
605
665
718
754
791
816
832
846
842
829
804
776
743
708
671
625
577
527
479
437
397
356
322
292
266
241
218
201
184
167
141
119
96
72
46
10
-24
-62
-103
-147
-198
-243
-302
-357
-417
-472
-512
-565
-612
-653
-688
-721
-747
-766
-782
-791
-797
-799
-797
-788
-772
-751
-717
-676
-624
-567
-506
-443
-369
-289
-209
-124
-53
21
99
172
240
308
375
440
494
536
583
627
664
691
715
734
744
754
755
743
727
708
675
636
593
545
491
421
352
278
197
114
22
-73
-165
-253
-340
-428
-516
-598
-667
-734
-792
-842
-879
-911
-936
-949
-947
-934
-911
-880
-846
-799
-743
-680
-604
-524
-441
-347
-245
-139
-23
98
218
346
468
593
718
835
951
1051
1141
1225
1292
1341
1376
1392
1389
1366
1329
1284
1223
1157
1083
996
901
801
695
585
474
363
245
129
13
-103
-211
-312
-407
-500
-587
-665
-735
-798
-855
-902
-942
-975
-995
-1008
-1013
-1010
-1002
-985
-958
-926
-887
-849
-806
-758
-707
-661
-613
-565
-519
-473
-432
-389
-345
-302
-263
-220
-174
-130
-87
-40
14
66
121
170
217
269
317
364
408
446
483
509
525
540
553
565
564
556
545
524
497
468
429
388
352
311
275
235
199
162
123
97
70
52
33
26
31
33
45
48
57
72
84
95
102
105
100
103
103
100
94
89
84
71
58
46
29
14
-8
-32
-55
-81
-103
-129
-143
-156
-172
-188
-204
-206
-201
-197
-194
-191
-175
-159
-151
-142
-115
-90
-63
-39
-17
11
27
43
49
57
67
69
68
65
64
64
59
52
46
46
38
24
9
5
6
9
9
7
12
20
20
22
23
18
19
10
-3
-11
-20
-29
-47
-56
-68
-87
-97
-112
-118
-120
-135
-149
-156
-161
-167
-174
-188
-188
-182
-186
-187
-191
-183
-171
-170
-161
-148
-128
-110
-95
-80
-61
-32
-6
17
40
66
94
112
130
151
173
189
198
211
222
231
239
242
244
242
241
243
242
239
230
223
214
203
191
172
158
141
126
113
95
81
70
56
39
19
1
-16
-24
-37
-48
-63
-82
-94
-104
-122
-137
-145
-161
-174
-179
-186
-188
-190
-190
-188
-186
-181
-176
-164
-146
-131
-111
-93
-79
-62
-39
-17
-4
18
34
43
57
69
76
83
88
97
111
120
131
136
135
137
132
127
125
118
108
98
78
59
43
20
-2
-23
-46
-66
-91
-113
-136
-155
-176
-196
-212
-228
-233
-239
-249
-252
-258
-258
-254
-251
-242
-236
-226
-208
-191
-170
-154
-131
-107
-82
-59
-35
0
35
72
105
139
180
221
262
294
333
371
415
447
477
512
535
564
574
577
579
571
578
572
553
526
491
458
427
384
336
284
220
163
101
25
-52
-130
-206
-275
-343
-407
-464
-513
-547
-587
-616
-635
-648
-640
-634
-631
-621
-606
-576
-539
-510
-469
-427
-382
-319
-271
-222
-167
-114
-58
-9
35
73
107
136
160
181
194
198
202
199
201
203
202
197
187
180
174
169
161
159
149
137
140
144
149
137
125
123
119
115
98
78
65
53
42
30
18
7
-6
-27
-41
-41
-42
-51
-64
-77
-74
-70
-76
-78
-74
-63
-53
-44
-30
-9
7
16
24
30
44
56
54
55
69
87
98
99
100
104
108
104
96
88
78
65
49
35
12
-7
-27
-45
-53
-64
-74
-86
-96
-101
-106
-105
-105
-106
-100
-99
-92
-79
-74
-59
-52
-41
-30
-24
-11
-6
-3
-6
-2
0
2
4
-2
2
6
7
8
1
2
-2
-10
-14
-13
-8
-10
-11
-11
-3
4
4
9
12
23
31
28
35
39
39
41
42
44
47
44
38
35
28
25
21
11
6
-5
-18
-24
-31
-36
-35
-39
-41
-39
-39
-33
-31
-29
-24
-18
-17
-6
5
12
18
18
25
26
38
41
46
59
63
66
68
74
72
69
69
65
67
56
46
38
28
16
4
-9
-23
-32
-43
-52
-66
-82
-90
-100
-105
-105
-108
-107
-106
-105
-99
-96
-93
-84
-77
-67
-50
-41
-32
-17
-6
5
14
25
36
48
62
67
72
71
79
83
87
95
89
92
96
98
98
99
96
90
86
81
75
57
49
40
35
30
17
15
8
4
0
-10
-9
-15
-21
-29
-38
-39
-43
-53
-61
-67
-71
-81
-87
-92
-98
-96
-97
-98
-97
-101
-108
-110
-106
-102
-98
-91
-89
-79
-75
-64
-56
-56
-42
-38
-35
-30
-28
-14
-6
5
11
20
25
32
39
40
52
58
69
74
79
91
97
104
109
118
120
122
129
128
126
123
118
120
125
129
136
133
125
121
114
106
98
81
65
53
40
31
19
7
-10
-18
-28
-40
-54
-71
-81
-87
-91
-95
-106
-113
-116
-114
-109
-104
-99
-101
-99
-89
-79
-67
-65
-60
-51
-45
-36
-27
-22
-19
-17
-17
-14
-8
-12
-15
-20
-18
-18
-16
-11
-12
-10
-6
2
7
7
12
16
18
15
8
4
8
10
15
13
11
16
18
19
20
22
23
24
24
22
20
17
20
18
19
24
24
27
26
23
17
9
8
8
4
5
8
7
12
15
13
14
11
9
9
4
-3
0
4
7
7
-1
-7
-8
-10
-10
-13
-17
-24
-28
-30
-32
-34
-35
-29
-29
-28
-28
-26
-17
-14
-9
-3
-3
-2
5
13
27
40
45
51
51
53
57
55
53
56
59
58
55
51
49
43
33
21
20
18
17
12
4
-2
-12
-20
-28
-38
-41
-47
-49
-53
-54
-57
-64
-69
-66
-62
-60
-55
-52
-50
-40
-30
-26
-24
-24
-15
-13
-16
-13
-14
-16
-14
-12
-6
-5
-5
-4
-4
1
1
4
1
5
9
10
20
23
25
25
24
28
35
41
40
38
38
44
44
42
38
31
33
31
32
29
26
23
14
11
3
-2
-12
-15
-10
-17
-17
-26
-26
-26
-25
-19
-29
-22
-29
-20
-17
-23
-15
-21
-12
-15
-12
-7
-8
1
-3
2
3
-3
-3
-9
-3
0
5
5
2
5
3
11
10
13
14
6
13
6
10
9
3
6
1
12
19
13
11
9
11
10
13
16
17
18
16
15
16
16
14
15
19
18
20
19
11
12
11
8
9
5
3
-2
-10
-14
-20
-20
-24
-31
-38
-35
-37
-39
-33
-33
-28
-32
-32
-31
-33
-29
-27
-25
-21
-19
-20
-20
-20
-17
-18
-19
-16
-8
-7
-9
-6
-8
-10
-11
-12
-8
-1
6
7
13
18
21
21
17
21
22
31
37
43
45
40
45
49
51
47
44
41
41
42
35
31
27
24
23
23
25
24
17
7
2
-5
-7
-11
-19
-21
-24
-25
-28
-30
-29
-30
-32
-34
-37
-43
-53
-52
-51
-50
-45
-44
-44
-38
-33
-27
-25
-25
-21
-16
-9
-3
-2
3
6
8
15
22
23
24
20
18
23
24
30
29
23
25
25
28
29
27
28
28
30
33
33
26
20
15
15
17
13
15
15
15
19
17
14
12
9
4
1
2
1
2
0
2
7
1
-4
-11
-14
-11
-15
-15
-17
-20
-24
-23
-26
-30
-26
-24
-27
-28
-28
-25
-22
-20
-26
-29
-29
-32
-22
-15
-13
-13
-16
-11
-14
-12
-12
-17
-11
-5
3
6
0
-1
1
5
7
4
9
12
12
10
9
7
13
17
15
18
19
22
20
17
17
14
13
10
6
4
1
3
-1
0
5
9
6
1
7
13
20
22
23
28
27
22
19
21
16
20
17
10
7
3
4
2
2
5
3
1
-1
-2
-1
1
0
-3
-3
-6
-9
-17
-24
-25
-26
-23
-24
-27
-33
-30
-28
-29
-28
-29
-29
-31
-30
-29
-27
-24
-21
-13
-6
7
15
15
15
19
21
24
25
24
24
20
20
15
16
15
8
9
8
12
7
5
7
7
12
8
2
-5
-3
-2
-5
-3
-2
0
-4
-3
-4
-6
-3
-2
-5
-8
-9
-9
-10
-10
-5
-4
-6
0
-3
-4
-4
-4
-1
1
5
6
4
5
6
2
2
6
5
7
6
5
8
2
8
8
5
9
5
7
7
7
6
2
2
-4
-8
-10
-11
-10
-7
-7
-5
-2
-5
1
-4
-6
-5
-10
-8
-3
1
4
-1
-1
-1
-7
-6
-5
-3
1
-5
-5
1
-3
-2
0
2
6
1
0
0
1
2
2
5
6
13
9
3
4
3
3
4
6
8
9
3
1
3
3
8
6
5
10
7
5
4
3
5
4
3
2
-3
-4
-6
-7
-12
-10
-10
-9
-9
-16
-16
-13
-13
-13
-14
-6
-6
-3
5
0
3
-1
-4
2
-6
-2
3
-1
3
1
-4
-5
-4
-1
0
-1
0
1
1
4
5
4
2
4
8
9
10
11
10
12
9
6
1
-3
6
9
7
3
2
5
5
7
4
6
8
7
11
6
7
10
6
6
5
3
-1
-5
-6
-6
-9
-14
-18
-14
-9
-7
-7
-5
-7
-8
-11
-14
-5
-5
1
-3
-10
-6
-12
-12
-9
-14
-20
-20
-18
-21
-19
-19
-17
-10
-7
-1
0
3
5
9
19
20
18
7
4
4
6
13
16
17
19
19
19
20
19
18
18
20
19
17
12
9
5
4
5
-1
-2
0
-4
