-16
-24
-22
-23
-23
-25
-36
-36
-29
-21
-31
-57
-64
-65
-58
-36
-26
-22
-23
-43
-55
-48
-31
-15
-6
3
22
37
39
33
23
1
-18
-15
-5
15
18
19
27
16
6
-8
-19
-20
-15
2
20
28
16
-6
-17
-25
-27
-37
-34
-22
-23
-13
-19
-15
-13
-7
17
19
33
34
15
27
29
43
51
48
34
2
-8
-9
-4
11
15
27
30
18
10
-16
-28
-51
-67
-52
-27
-3
-2
13
16
13
20
23
45
52
62
62
52
70
68
58
20
-7
-9
-8
9
5
3
-16
-33
-23
-39
-42
-52
-63
-46
-53
-44
-48
-42
-25
-18
9
13
19
12
-3
-25
-63
-80
-81
-67
-47
-47
-56
-64
-62
-56
-51
-37
-10
38
70
53
30
-1
-13
1
13
38
39
63
60
51
58
28
38
55
81
100
78
55
35
39
21
6
-13
-12
17
13
10
-17
-31
-25
-20
4
15
34
36
24
10
-15
-35
-42
-22
-9
-6
-15
-34
-34
-26
4
46
65
66
51
37
20
6
-4
-7
-8
-10
-10
-23
-39
-50
-43
-35
-41
-29
-19
-7
-2
-26
-46
-60
-68
-68
-67
-56
-35
1
12
4
-14
-29
-12
10
20
27
36
47
58
58
44
53
65
73
84
73
50
26
10
7
1
-21
-28
-22
-8
-8
-49
-74
-85
-69
-31
-8
7
16
6
3
-8
-28
-13
7
30
44
31
25
10
1
11
12
6
4
-10
-6
-10
-38
-43
-48
-43
-37
-49
-38
-36
-37
-29
-39
-41
-30
-12
12
12
9
29
35
35
32
30
55
61
63
81
77
74
60
45
47
32
23
30
26
42
61
62
53
28
1
-15
-24
-27
-25
-8
17
11
-6
-31
-75
-84
-84
-69
-31
-39
-36
-46
-56
-48
-59
-58
-43
-10
8
-17
-51
-67
-52
-23
-3
4
9
8
1
-19
-40
-40
-21
3
17
20
12
-11
-20
-10
6
16
25
47
62
59
46
29
32
44
58
59
57
63
63
61
45
38
29
24
4
-4
2
-11
-1
5
14
4
-17
-19
-23
-7
-16
-8
-8
-22
-29
-59
-44
-28
27
38
13
-9
-30
-19
-30
-13
-7
-7
-16
-20
-20
-30
-40
-52
-12
-8
-11
-19
-31
-3
5
-8
-5
-3
-17
0
-6
-1
4
-13
10
27
31
22
10
6
26
2
-2
0
-5
14
-13
-13
-26
-34
-24
-16
6
15
17
5
-1
-8
-12
2
14
29
45
57
64
48
9
5
7
-5
1
3
49
74
52
26
-1
-6
-25
-36
-36
-1
5
11
5
-35
-9
-16
14
40
23
25
6
33
37
27
10
-1
11
1
-2
-8
12
9
20
20
12
25
-2
-6
-28
-53
-66
-70
-46
-55
-75
-86
-71
-55
-72
-93
-99
-99
-93
-73
-50
-2
5
16
40
22
-20
-74
-68
-34
15
33
40
43
37
25
-15
-10
-13
36
86
94
119
80
60
51
45
61
53
75
83
109
109
82
61
24
27
28
44
54
63
79
70
63
37
14
-6
-36
-60
-70
-62
-60
-48
-54
-31
-7
21
91
86
70
-9
-101
-105
-91
-50
-21
-24
-49
-59
-97
-98
-107
-89
36
114
157
116
16
-21
-45
-47
-56
-82
-92
-99
-89
-62
-58
-56
-14
43
75
22
-63
-139
-161
-143
-114
-101
-103
-104
-146
-171
-189
-133
-22
114
234
282
259
170
78
-6
-37
-18
49
120
157
163
101
36
-24
-33
-8
16
51
42
63
38
7
-42
-118
-123
-167
-119
-104
-34
45
102
233
237
325
243
250
289
249
339
210
234
180
173
193
140
129
13
15
-100
-116
-208
-209
-78
30
221
153
23
-241
-504
-644
-670
-515
-285
-87
62
94
-69
-215
-385
-387
-256
-50
182
230
187
-48
-228
-417
-414
-274
-138
108
121
235
126
-10
-155
-303
-142
-40
213
262
238
91
-112
-228
-329
-168
-74
167
275
383
425
227
115
2
132
281
439
471
447
310
97
103
76
249
265
235
329
279
281
150
7
-52
2
66
208
223
86
54
-181
-132
-178
-194
-112
-262
-164
-245
-297
-417
-564
-499
-331
-194
-64
37
-11
47
-121
-117
-138
-263
-165
-172
-9
4
-148
-213
-270
-178
43
203
290
314
138
124
-30
-96
-92
-111
115
133
195
127
28
-36
-111
-4
75
217
244
244
304
163
108
-87
-122
-106
-163
-55
-35
87
127
109
136
50
-2
-119
-83
-21
0
63
-52
-56
-211
-227
-136
-96
-22
-89
-129
-16
28
140
200
133
126
11
-47
-10
-13
-62
-29
-117
49
107
95
213
133
199
166
100
107
20
-135
-130
-128
-43
81
8
76
9
-84
-81
-73
1
124
146
103
128
-77
-92
-148
-169
-55
-133
-125
-194
-174
-214
-92
-77
-111
-28
-191
-54
-111
-133
-54
-79
5
-18
-81
-151
-113
-67
44
91
0
12
33
121
134
169
206
311
397
248
218
46
66
115
193
289
285
273
169
160
-21
-10
-58
-3
160
146
129
11
-146
-206
-218
-274
-208
-223
-170
-126
-91
-127
-101
-167
-238
-181
-216
-77
-119
-40
31
132
198
66
8
-133
-159
-110
-73
31
68
30
17
-74
-183
-238
-306
-182
65
166
200
76
-27
26
-29
28
138
197
373
356
292
209
-4
-68
50
117
132
33
-52
-50
-83
-176
-285
-213
-224
-154
-94
-117
-179
-98
-149
-60
23
-210
20
-83
-51
-88
-53
115
58
116
-24
135
194
291
442
535
420
392
390
183
133
-20
12
165
255
137
164
-16
-160
-26
-103
80
137
139
193
234
105
-145
-221
-312
-231
-258
-329
-249
-208
-230
-216
-197
-375
-396
-387
-281
-112
-175
-137
-92
-14
-92
-188
-292
-261
-159
-123
155
207
345
246
150
164
-18
-41
-62
99
165
207
114
113
94
-62
-118
-171
13
-2
84
47
61
116
-41
17
-93
3
2
-22
-33
-1
133
95
137
41
174
118
126
220
136
201
85
45
142
213
240
303
277
322
166
78
52
41
249
123
283
219
78
10
-145
-84
-217
-134
-190
-144
-122
-348
-356
-544
-539
-449
-355
-374
-407
-247
-229
-80
-172
-273
-207
-234
-110
99
99
74
-7
65
136
73
-29
-63
151
224
306
178
133
90
107
152
0
3
105
268
313
165
-71
-72
-22
-97
32
87
111
266
95
114
-130
-347
-245
-56
312
290
228
107
94
0
-77
-198
-180
27
202
294
160
-68
-150
-21
-45
20
-125
-178
-21
80
99
-24
-51
10
187
76
6
51
-79
-69
-139
35
142
40
76
98
126
-100
-304
-320
-30
-30
-130
-125
-86
198
-151
-332
-135
-131
-124
-171
-251
-184
-161
-98
136
22
-63
-33
-156
-45
77
11
-100
50
212
233
148
-13
240
-31
38
402
141
90
-92
96
253
25
-18
23
106
207
89
-110
13
70
-66
-200
48
170
196
311
166
135
-328
-242
201
129
198
49
8
84
246
73
-251
-280
-268
208
153
-18
90
-312
-204
-143
-275
-235
-385
-193
-8
205
158
-251
-345
-353
-192
-64
-6
87
20
50
136
201
196
-146
-152
51
94
174
-18
16
-135
56
340
190
263
-291
-304
-26
-13
327
92
18
29
197
209
-153
-329
-448
-13
397
742
315
-129
-47
122
97
-186
-100
-44
91
-72
-56
-108
39
218
67
112
-48
-151
-250
-267
50
198
156
313
-19
-385
-581
-367
276
212
266
339
-133
-73
94
146
235
-82
-121
80
30
72
223
-89
-169
-66
-259
-157
-186
-27
-85
-387
-212
-284
-361
-498
-495
-160
-255
-260
-111
-275
-93
-71
-127
102
48
182
177
359
468
335
400
71
304
194
82
498
469
647
367
94
485
304
-144
-8
-38
-14
-107
-262
-57
98
122
-6
-96
-406
-314
-46
199
212
-69
3
-61
-46
-132
-172
104
-16
30
16
-40
136
-226
304
116
-31
589
-80
-86
-171
-438
-250
275
209
291
-152
-657
37
-264
197
-209
-612
-334
-59
457
90
-388
-558
-93
-239
419
191
-65
368
-108
305
15
17
80
-173
86
45
218
-372
-266
-211
-675
-164
-508
7
-47
-202
-163
-553
-100
-447
53
-614
-663
317
469
1016
43
-146
-24
99
563
322
549
159
316
777
316
279
116
42
36
672
999
180
-196
-356
274
527
282
114
-62
130
626
688
-119
-212
-482
-101
328
473
901
43
-266
-78
161
-102
-382
-216
72
503
11
-193
-667
-827
-408
-633
-122
-121
-490
-673
-1094
-736
-443
-622
-761
-279
-383
-93
-189
-999
-472
-533
147
309
-56
-128
-637
-60
370
875
546
-233
-17
242
800
924
378
156
207
327
460
198
232
446
377
307
-140
-331
-310
-91
218
586
385
-53
-66
-232
321
-164
-674
23
835
1209
238
-86
-376
-291
57
35
651
557
319
-48
847
507
-510
-253
-1095
-21
927
715
-35
-581
-548
-406
231
-531
-429
-350
-21
798
-131
-394
-623
-670
217
221
680
250
-900
-50
192
263
296
-156
167
133
216
-180
-428
-475
-680
-109
-60
-112
-574
-823
134
419
-709
-1129
-733
-488
-39
-203
-37
318
-90
-71
207
-368
-342
-431
-467
1127
1213
581
504
79
365
259
-10
123
-48
420
729
865
511
58
169
-291
-23
-107
-110
541
757
805
-41
-116
111
-54
131
-167
345
127
-471
198
-159
26
-339
-575
277
-720
-946
-789
-553
334
316
384
576
437
-70
-452
-536
114
298
-167
-49
-511
-613
-734
-334
748
349
167
440
309
548
444
42
-268
-372
-31
-66
-575
-1288
-462
279
97
96
-435
-59
352
903
1178
527
40
300
785
250
-149
-197
-49
47
162
-125
-1239
-1432
-1168
-709
243
222
173
661
557
-31
-606
-1084
-870
49
578
621
463
287
-73
350
648
661
1109
552
523
411
-179
-219
-196
165
383
224
-230
-571
-1053
-1261
-1022
-468
179
200
465
516
411
303
-435
-794
-257
157
450
399
63
113
-169
-78
-232
-415
-327
-179
227
327
494
25
16
18
-349
-433
-743
-776
-321
482
556
600
375
87
270
188
172
-54
56
87
503
392
-228
-245
-456
280
338
89
-64
-504
-292
-187
241
241
286
-97
-465
-248
-296
-20
-68
63
115
525
782
638
235
-308
-100
-105
349
53
144
735
603
462
-302
-534
-883
-424
-107
-58
655
138
-92
-344
-530
-442
-425
-486
-488
-81
-204
-80
-512
-532
-92
-265
-181
-530
-241
-142
-404
-407
-429
-30
183
525
609
279
-228
-270
117
146
262
448
550
638
437
-264
-411
-243
107
892
1225
821
-6
-180
-320
-445
-176
20
659
910
549
248
-408
-936
-722
-199
184
254
263
304
170
-267
-560
-265
-11
258
583
397
432
360
33
-174
-219
290
325
261
355
466
567
214
180
213
282
298
185
50
-288
-320
-417
-491
-396
-543
-477
-426
-435
-295
-520
-673
-700
-651
-430
-391
-260
-195
-400
-530
-562
-726
-550
-404
-118
488
477
363
143
70
29
-109
3
107
388
538
551
520
319
133
15
-47
87
279
434
435
407
386
237
29
-332
-353
-238
-77
114
259
267
76
89
-19
33
-19
-54
262
343
335
261
101
-157
-239
-36
263
481
377
60
-57
-74
-209
-80
-137
-62
246
268
218
-183
-536
-570
-322
-1
114
70
54
145
64
79
-175
-335
-192
-24
425
374
128
6
-58
13
1
-48
-89
-67
-120
-128
-140
-239
-341
-287
-136
-32
-105
-363
-386
-338
-310
-375
-351
-238
-176
-132
-207
-76
-156
-185
-193
-188
111
114
330
423
314
295
180
257
318
325
183
121
134
153
196
58
151
289
341
417
326
390
763
1057
1387
1530
1330
1206
1100
1088
962
881
618
338
273
-267
-608
-946
-1323
-1597
-1936
-2139
-2325
-2230
-2459
-2589
-2636
-2844
-2546
-2318
-2031
-1801
-1717
-1426
-959
-288
305
813
1274
1656
2136
2585
2889
3344
3710
3949
3936
3561
3109
2758
2446
1847
1212
469
-34
-539
-1170
-1892
-2447
-2446
-2291
-1915
-2051
-2153
-2177
-1891
-1243
-959
-670
-631
-121
404
834
1055
950
1074
1236
1680
2123
2630
2812
2708
2420
2100
1972
1791
1398
529
-378
-1161
-1519
-1828
-2304
-2926
-3436
-3464
-3346
-3073
-2937
-2613
-2133
-1452
-767
-409
-199
-301
-293
-283
-100
27
117
95
-126
-109
3
694
1463
2193
2604
2834
3247
3584
3962
3792
3513
3038
2561
1895
779
-478
-1840
-2454
-2907
-3169
-3797
-4624
-4918
-4971
-4362
-4166
-4040
-3902
-3536
-2536
-1930
-1435
-1380
-1138
-484
107
843
1271
1958
2749
3479
4216
4684
5407
6074
6528
6493
5911
5390
4990
4784
4281
3225
1889
577
-481
-1398
-2228
-2811
-2944
-2811
-2642
-2704
-2839
-2795
-2520
-1933
-1450
-1015
-787
-702
-650
-894
-1050
-1277
-1199
-954
-780
-548
-504
-101
263
653
853
753
753
500
330
-78
-551
-1049
-1741
-2407
-3155
-3628
-3782
-3597
-3102
-2500
-1851
-1210
-629
-8
543
1071
1574
1952
2296
2430
2530
2538
2567
2558
2433
2305
2098
2013
1836
1667
1460
1256
1139
898
603
163
-254
-663
-1155
-1738
-2392
-2782
-2679
-2065
-1239
-583
-84
484
1300
2182
2713
2899
2992
3340
3876
3963
3195
1679
237
-510
-713
-1148
-2515
-4360
-5729
-5906
-5316
-4949
-5137
-5528
-5231
-4278
-3250
-2681
-2582
-2237
-1434
-301
656
1253
1728
2211
2782
3215
3622
4160
4832
5457
5608
5457
5260
5223
5178
4563
3547
2466
1799
1484
863
-180
-1473
-2265
-2371
-2227
-2265
-2752
-3083
-3001
-2542
-2052
-1845
-1691
-1530
-1236
-1073
-1027
-973
-862
-619
-501
-449
-416
-148
304
645
686
465
424
677
1040
1024
634
119
-184
-292
-647
-1231
-1917
-2221
-2089
-1725
-1350
-1135
-842
-437
86
541
783
903
1013
1216
1466
1614
1698
1693
1590
1386
1005
760
602
572
427
78
-172
-355
-323
-526
-935
-1409
-1844
-2009
-2143
-1894
-1265
-377
404
740
1204
2023
3137
3889
3704
3220
3005
3465
3843
3072
1327
-781
-1713
-1694
-1854
-3031
-5214
-6420
-6279
-5236
-4910
-5749
-6252
-5814
-4110
-2814
-2417
-2449
-2213
-1043
51
925
1279
1689
2491
3213
3884
4208
4795
5561
6152
6271
5820
5597
5671
5787
5284
4002
2757
2061
1944
1577
458
-940
-1926
-2011
-1828
-2004
-2517
-2938
-2660
-2066
-1581
-1489
-1597
-1403
-1108
-822
-819
-882
-672
-401
-227
-391
-487
-210
164
287
-121
-557
-547
-233
-105
-609
-1341
-1696
-1602
-1476
-1841
-2443
-2732
-2461
-1881
-1504
-1332
-1193
-834
-275
255
673
936
1295
1728
2089
2159
1969
1871
1865
1775
1264
571
190
201
278
-79
-672
-1043
-1010
-861
-1051
-1610
-2091
-1984
-1145
-57
614
869
1176
2166
3481
4281
4204
3644
3658
4101
4340
3559
1858
357
-576
-818
-1432
-2820
-4468
-5672
-5647
-5352
-5451
-6214
-6923
-6561
-5611
-4596
-4251
-4067
-3344
-2190
-847
-28
665
1529
2656
3862
4645
5302
5901
6601
7107
7137
6874
6506
6333
6108
5615
4750
3824
3157
2685
2144
1223
228
-604
-1041
-1323
-1725
-2139
-2553
-2734
-2943
-3208
-3454
-3595
-3458
-3303
-3168
-3140
-3077
-2797
-2403
-1972
-1689
-1417
-924
-268
238
259
-128
-457
-485
-326
-432
-962
-1516
-1752
-1578
-1453
-1582
-1737
-1491
-708
147
700
820
958
1318
1860
2287
2364
2373
2373
2537
2555
2298
1874
1415
1224
1112
946
570
63
-408
-784
-1161
-1558
-1949
-2183
-2001
-1560
-784
-157
336
805
1327
2229
2755
3034
2840
2725
3153
3411
3421
2243
801
-293
-737
-609
-1459
-2817
-4522
-5211
-4769
-4499
-4733
-5979
-6513
-6048
-4896
-3896
-3902
-3729
-3151
-1687
-292
417
802
1097
2063
3004
3840
4316
4656
5151
5314
5325
4945
4812
4838
4763
4369
3466
2896
2500
2314
1698
668
-54
-304
140
251
-64
-630
-937
-635
-457
-578
-1281
-1867
-2057
-2052
-2072
-2504
-2788
-2766
-2301
-1763
-1437
-1073
-662
-121
109
-53
-406
-674
-633
-640
-883
-1354
-1738
-1839
-1872
-1999
-2227
-2189
-1686
-920
-257
140
505
991
1549
1880
1979
2064
2317
2736
2967
2971
2691
2373
2061
1725
1437
1106
972
632
41
-1013
-2073
-2334
-1810
-681
-258
-393
-616
-63
1379
2212
2244
1290
964
1557
2111
1807
-101
-1613
-2070
-1336
-975
-2341
-4222
-5640
-5172
-4283
-4294
-5423
-6852
-6666
-5565
-4167
-3697
-3798
-3159
-1860
101
1357
2107
2786
3602
4750
5331
5760
5992
6319
6566
6097
5411
4610
4399
4311
3784
2773
1450
834
583
444
-229
-1211
-1622
-1415
-672
-443
-634
-887
-621
194
731
833
345
66
33
127
54
-358
-559
-641
-414
-311
-250
-90
142
489
514
434
219
33
-343
-1206
-2292
-3308
-3774
-4030
-4449
-5053
-5365
-4920
-4031
-3208
-2791
-2404
-1617
-504
530
1053
1285
1606
2218
2957
3326
3287
2989
2858
2985
3079
2878
2161
1426
991
1187
1803
2404
2819
2871
3027
3262
3584
3520
2838
1855
879
396
-187
-1215
-2932
-4697
-5599
-5697
-5465
-5945
-6903
-7649
-7439
-6459
-5805
-5766
-6138
-5845
-4795
-3639
-3014
-3069
-2778
-1790
-149
1465
2639
3779
5023
6593
7934
8883
9517
9895
10177
9909
9262
8270
7254
6191
4699
2989
1165
-41
-826
-1570
-2674
-4079
-4794
-4729
-3919
-3383
-3350
-3382
-3047
-1992
-1188
-785
-1005
-1178
-949
-748
-612
-1005
-1095
-815
-96
739
1213
1797
2245
2887
3190
3147
2941
2483
2055
1140
69
-1123
-2095
-2784
-3577
-4271
-4941
-5082
-4824
-4465
-4165
-4017
-3534
-2778
-1910
-1227
-889
-541
-163
225
490
518
663
848
1080
1155
1048
1368
2120
3392
4461
5080
5639
6252
7274
7672
7232
6102
4928
4462
3702
2234
-562
-3567
-5438
-6167
-6211
-7297
-9015
-10498
-10674
-9496
-8635
-8374
-8808
-8460
-6950
-5164
-3715
-3329
-2754
-1615
144
1979
3185
4437
5669
7251
8685
9789
10901
11725
12427
12324
11799
11147
10504
9878
8396
6361
3859
1801
340
-1076
-2593
-4570
-5981
-6739
-6849
-6896
-7299
-7424
-7190
-6197
-5237
-4629
-4440
-4396
-3896
-3337
-2710
-2414
-2072
-1464
-723
132
719
1354
1911
2562
3240
3743
4039
3805
3337
2603
1873
1148
379
-394
-1417
-2316
-3082
-3407
-3602
-3826
-3921
-3840
-3195
-2464
-1639
-1169
-812
-334
202
1007
1322
1573
1481
1603
1899
2046
2627
3044
4139
4985
5855
6690
7080
7786
7530
7358
6597
5855
5295
3752
2068
-856
-3148
-4788
-5848
-6530
-8466
-9984
-11250
-11031
-10116
-9922
-9868
-10366
-9557
-8191
-6888
-6022
-6038
-5263
-4122
-2353
-723
437
2046
3696
5907
7816
9444
11055
12320
13580
14004
13963
13461
12664
11688
9981
8074
5884
4050
2300
386
-1518
-3430
-4456
-5132
-5430
-6013
-6811
-7177
-7292
-6797
-6784
-6969
-7370
-7478
-6933
-6542
-5976
-5820
-5129
-3984
-2511
-827
346
1756
2961
4447
5630
6230
6459
6100
5931
5412
4863
3956
2745
1593
264
-567
-1311
-1663
-1866
-2151
-2186
-2290
-1927
-1604
-1451
-1516
-1948
-1989
-1938
-1659
-1580
-1856
-1768
-1269
172
1798
3272
4653
5869
7498
8795
9586
9624
9103
8768
8189
7176
5062
2052
-890
-3395
-5185
-7000
-9118
-11093
-12531
-12882
-12753
-12663
-12591
-12404
-11294
-9645
-7915
-6587
-5999
-5307
-4535
-3287
-1871
-549
1028
2430
4070
5559
7038
8641
10067
11494
12400
13042
13376
13486
13249
12306
10909
9166
7636
6142
4529
2560
343
-1439
-2715
-3338
-3948
-4619
-5100
-5244
-4927
-4829
-5119
-5682
-6066
-5971
-5732
-5767
-6015
-6155
-5728
-4765
-3831
-2946
-2269
-1267
-51
1055
1978
2349
2741
2913
3053
2960
2502
2026
1301
707
43
-394
-559
-539
-384
-343
-236
-50
318
599
760
686
635
621
634
618
454
672
1203
2362
3517
4558
5424
6099
6986
7302
7393
6759
6084
5452
4308
2850
195
-2116
-4186
-5613
-6820
-9047
-10902
-12711
-12972
-12617
-12663
-12681
-13106
-11874
-10025
-7968
-6455
-6003
-4766
-3302
-1123
585
1468
2596
3673
5579
7113
8178
9250
10193
11755
12801
13378
13485
13191
12987
12062
10793
9094
7471
5940
3930
1695
-781
-2424
-3494
-4147
-4999
-6110
-6575
-6624
-5931
-5802
-6041
-6457
-6444
-5507
-4803
-4233
-4605
-4628
-4125
-2987
-1618
-1004
-288
89
1184
2070
2687
3030
2897
3202
2981
2783
2005
1215
597
-101
-643
-1529
-2118
-2827
-3283
-3887
-4311
-4350
-4101
-3488
-3292
-2933
-2730
-1768
-598
780
2309
3606
5706
7449
9575
10948
11955
12706
12562
12376
10917
9684
7732
5646
3398
488
-1469
-3715
-5214
-7389
-9831
-11776
-13371
-13504
-13990
-14183
-14631
-14533
-13229
-12085
-10784
-10549
-10210
-9113
-7468
-5074
-3221
-1216
1011
3613
6602
8769
10664
12025
13395
14857
15613
16250
16162
15983
15310
13823
12007
9538
7488
5288
3283
1394
-356
-1349
-2401
-3143
-4377
-5539
-6540
-7368
-7924
-8701
-9093
-9522
-9251
-9116
-8781
-8216
-7378
-5662
-4137
-2414
-1226
326
1948
3512
4595
4606
4649
4179
4243
3794
2960
2039
1076
1053
981
1095
475
-298
-934
-1470
-1591
-2145
-2478
-2904
-3017
-3153
-3535
-3898
-4210
-3380
-2185
-318
1431
2896
4956
6733
8847
9943
10388
10456
10259
10590
9496
7961
5037
2141
430
-1635
-3134
-6323
-9477
-11861
-13155
-12667
-12911
-12642
-13000
-12539
-10982
-9925
-8106
-7431
-6221
-4773
-3550
-1688
-709
934
2168
3508
5103
6153
8129
9489
10999
12062
12488
13487
13944
14435
13840
12547
11174
9567
8216
6025
3757
1573
59
-855
-2030
-3371
-5016
-6054
-6637
-6769
-7223
-7888
-8522
-8926
-8660
-8807
-8590
-8529
-7729
-6401
-5279
-3925
-3068
-1344
127
1638
2576
2814
3441
3366
3589
2966
2344
1933
1532
1510
739
181
-596
-734
-819
-1348
-1908
-2730
-2679
-2638
-2690
-3139
-3569
-2930
-1533
385
1950
3282
4856
6750
8710
9895
10162
10151
10206
10766
10731
9474
7228
4173
2081
249
-1300
-3417
-6402
-8648
-10580
-11060
-11786
-12674
-13492
-14260
-13388
-12717
-11362
-10423
-9559
-7873
-6669
-4633
-3074
-1075
1261
3194
5579
7219
9336
11182
12426
13533
13625
14259
14663
14730
14347
12680
11238
9538
8103
6559
4420
2687
1019
49
-933
-2146
-3333
-4637
-5579
-6589
-7719
-8795
-9844
-10615
-11203
-11963
-12231
-12172
-11246
-9701
-8163
-6134
-4310
-1740
645
2704
4259
4833
5746
6033
6524
6241
5298
4419
3267
2909
2115
1522
772
245
205
-291
-642
-1517
-1906
-2173
-2506
-2863
-3504
-3213
-2420
-884
493
1555
2988
4421
6255
7265
7708
7962
8134
8800
8422
7329
5095
2604
1176
-341
-1450
-3985
-6776
-8738
-10134
-10233
-11554
-12464
-13177
-12948
-11346
-10669
-9291
-8967
-8110
-6719
-5543
-3312
-2207
-494
882
2454
4684
6136
8274
9547
10830
11938
12644
14143
14958
15483
14854
13487
12441
11128
10016
8065
5898
4085
2549
1686
406
-922
-2456
-3794
-4515
-5248
-5963
-7171
-8276
-9045
-9622
-10173
-10768
-10800
-10207
-9234
-8385
-7432
-6095
-4142
-2058
-374
949
1796
2732
3350
3726
3701
3269
3061
2707
2463
1727
863
383
125
163
-534
-1458
-2224
-2628
-2603
-3093
-3292
-2715
-1187
884
2124
3104
4211
5831
7642
8226
8351
7917
7760
8029
7271
6162
3556
965
-542
-1512
-1802
-3934
-6486
-8656
-9676
-9627
-10956
-12061
-13168
-12955
-11672
-10999
-9712
-9000
-7775
-6278
-4747
-2530
-790
1338
3075
4896
6734
7944
9729
10979
11973
12333
12191
13005
13866
14410
13655
12232
11116
10075
9331
7559
5759
4126
2606
1908
599
-659
-2272
-3698
-4656
-5732
-6533
-7923
-8447
-9238
-10019
-10474
-11095
-10036
-9116
-7817
-6881
-5712
-3561
-1796
180
468
842
1065
1206
1800
1163
747
-92
-176
3
42
-19
-716
-535
-672
-532
-916
-1574
-1764
-2136
-2170
-2623
-1936
-738
1022
2726
3518
5207
6528
8155
8898
8867
9042
8804
9202
8170
6599
3837
911
28
-941
-1367
-3789
-6690
-8111
-8957
-8943
-10695
-12125
-13111
-13230
-12300
-12371
-11406
-11013
-10152
-8406
-6680
-3816
-1702
667
2842
4813
6863
8226
10530
12248
13276
13337
12680
13328
13734
13569
12251
10468
9605
8798
8281
6945
5613
4591
3389
3190
2243
1012
-825
-2952
-4049
-5300
-6242
-7839
-8784
-9579
-10515
-10574
-10737
-9149
-7791
-6735
-5542
-4201
-1777
161
1748
1844
1973
2026
1771
1862
543
-732
-1908
-2370
-2161
-2082
-2558
-3189
-2697
-2157
-1413
-1462
-2001
-1955
-1766
-1799
-1706
-910
3
1522
2152
2818
4392
5678
6933
7348
7585
7663
8195
8216
7517
6260
3411
1899
1215
843
-279
-3149
-5279
-6064
-5730
-6771
-8698
-10451
-11325
-10215
-9911
-9554
-9402
-9599
-8549
-7336
-5483
-3892
-2350
-324
1935
4261
5321
6570
8125
9555
10660
10571
10874
11593
11819
11211
9778
8639
8126
7975
7740
7021
5942
4819
4223
4213
3752
2455
675
-893
-1759
-2903
-4632
-6594
-8282
-9429
-10317
-10724
-10567
-9582
-8251
-6703
-4684
-2617
-459
1140
2159
2828
2998
2914
2443
1495
14
-1688
-3198
-4101
-4581
-5296
-5962
-6107
-5584
-4524
-3801
-3745
-3402
-2703
-1313
664
2126
3516
4442
5147
6177
6922
7297
6798
6210
5706
5797
6096
5217
4291
2415
1028
584
-258
-686
-2373
-3990
-5159
-5702
-5662
-6658
-7244
-8509
-8739
-8313
-8465
-7531
-7457
-6688
-5575
-4310
-2173
-437
1589
2851
4508
5910
6843
8148
8248
8627
8363
8028
8497
8644
8546
7308
6160
5247
4875
4477
3508
3283
2869
2906
2708
2088
1535
411
-683
-1757
-2253
-2966
-3780
-4923
-6323
-6863
-7284
-6775
-5969
-5144
-4328
-3373
-1631
133
1947
2530
2863
3501
3938
4428
3675
2500
1330
193
-909
-2302
-3754
-5045
-5696
-6015
-5873
-5742
-5969
-5906
-5513
-4406
-2607
-992
703
2298
3574
4926
5874
6533
6381
5947
5210
4938
5202
4053
2834
539
-888
-963
-1734
-2294
-4331
-5750
-6622
-7001
-6820
-7920
-8307
-9215
-8906
-7481
-6904
-5657
-5358
-4202
-2308
-696
1442
2880
5034
6641
7943
9379
9951
11295
11343
10865
10211
8998
8714
7776
6960
5553
4124
3240
2278
2283
1505
783
-103
-995
-1024
-1478
-1815
-2642
-3434
-4089
-4923
-5388
-5940
-6346
-6873
-7340
-7031
-5830
-4255
-2861
-1659
-204
1819
3856
5417
6210
6448
6375
6173
6017
5305
4029
2271
410
-857
-2183
-3629
-5027
-6197
-6631
-6557
-6214
-6082
-5890
-5728
-4751
-2848
-1195
603
1376
2380
3600
4266
4917
4264
3937
3459
3633
3835
2826
1867
-308
-615
-567
-966
-1409
-3763
-4692
-5785
-6550
-7502
-9373
-9994
-11091
-10651
-10285
-9700
-8180
-7728
-5700
-3786
-1042
2226
4450
7372
9180
11191
12692
13591
14871
14519
14096
12985
12120
11804
10307
8795
6472
5126
4249
3278
3177
1894
1342
430
-649
-1041
-2443
-3473
-5217
-6221
-7049
-7806
-7909
-9234
-9444
-10058
-9690
-8063
-6911
-5124
-4082
-2336
-272
2376
4508
5630
6790
6767
7522
7410
6467
5386
3742
2845
1682
516
-1296
-3173
-4706
-6310
-6969
-7503
-7714
-7450
-6990
-5481
-3482
-1296
936
2564
4274
5236
5807
6104
5429
4715
3274
2392
1367
-144
-2005
-4173
-4365
-4465
-4027
-4448
-5529
-5297
-5605
-5090
-5458
-6093
-6604
-7514
-7187
-7321
-6670
-6403
-6180
-4508
-3088
-727
1381
3712
6591
8731
10737
12035
13797
15075
15225
14831
13655
13221
12373
11020
9241
7074
5379
3600
3026
2506
1902
882
-1047
-1882
-2936
-3830
-5368
-7148
-8097
-9101
-9172
-10033
-10335
-10538
-10546
-8840
-7429
-5218
-4022
-2995
-1410
134
2148
2852
3872
4329
4978
5765
5740
6183
5845
5782
5325
4723
3861
2416
1159
-716
-1983
-3808
-5435
-6667
-7893
-7631
-7233
-5620
-3514
-1513
749
2210
3903
4727
5102
5008
4329
4334
3020
1192
-1515
-4251
-5205
-6119
-6339
-7550
-8654
-8692
-8452
-7028
-7059
-7131
-7231
-6892
-5054
-4290
-3405
-3353
-2728
-879
644
2864
4193
5784
7471
8871
10748
12010
13075
13175
12845
12343
11627
11146
10098
8942
7417
5728
4673
4144
3785
3114
2215
1394
964
277
-1170
-2860
-4625
-6077
-7129
-8206
-9178
-10045
-10694
-10669
-9810
-8475
-7140
-5596
-4056
-2231
-188
1327
2788
3759
4224
4436
4299
4193
3819
3455
3089
3087
3323
3049
2620
1756
1084
414
-413
-1436
-3002
-4294
-5454
-5068
-3910
-2579
-1080
-479
857
1864
2970
3732
3571
3554
2859
3050
2363
805
-1564
-4637
-5734
-6944
-7637
-9173
-11182
-11739
-12235
-11241
-11082
-11014
-10909
-10900
-8951
-7651
-5656
-4467
-3264
-423
1929
5470
8000
10417
12750
13834
15501
16438
17632
17795
16553
15209
13520
12714
11404
9735
7810
5384
4144
3077
2845
2695
1420
689
-483
-1237
-2110
-3797
-5403
-7156
-8296
-9664
-10070
-10842
-11563
-11531
-11801
-9697
-7830
-5752
-3745
-2377
-132
1528
3489
4121
4701
4676
4365
5208
4727
4629
3534
2622
2675
2312
2128
912
73
-1087
-1987
-2514
-3423
-3544
-3776
-3121
-1841
-170
1409
2552
3828
4483
5226
5151
4750
4438
3662
2589
590
-1718
-4360
-5942
-6971
-7983
-8660
-10411
-11150
-11312
-11224
-11212
-12431
-13353
-14094
-13393
-12403
-10990
-8931
-7649
-4938
-2487
781
4813
7634
10930
13230
15721
18027
19355
20443
20070
19328
17652
16038
14643
12545
10616
7843
6127
5136
4450
4384
3168
2488
1005
-744
-1932
-3621
-4709
-6822
-8545
-10083
-10992
-11157
-12270
-12336
-12724
-11366
-9221
-7355
-4632
-3413
-1633
-490
1109
2539
2835
3727
3304
4093
4334
4330
4693
4037
4269
3418
2806
2023
1083
63
-1808
-2874
-4493
-5196
-5500
-5250
-3859
-2301
27
1604
3774
5814
7250
8237
7909
7750
6990
6300
4932
2777
180
-2574
-3911
-5443
-6164
-7631
-9661
-10502
-11293
-11047
-11779
-12673
-13834
-15044
-14902
-14709
-12922
-11667
-10040
-7633
-5411
-1224
2384
6197
9564
11821
14382
15988
17965
18602
17964
16918
15484
15326
14342
13192
11329
8968
8095
7299
7685
7456
6399
5025
2756
1593
-409
-2882
-5741
-8497
-10023
-11379
-11509
-11899
-11727
-11391
-11045
-9231
-7824
-5876
-4700
-3936
-2856
-2300
-1702
-1644
-772
-430
-173
525
1089
2623
3319
3907
4276
4560
4894
4329
3582
1924
392
-1357
-2840
-3543
-3921
-2980
-1355
1522
3727
5429
7195
8134
9354
9113
8523
7580
6660
5597
3254
1186
-2169
-3978
-5136
-6221
-6173
-8090
-8768
-9416
-9743
-10119
-11878
-12846
-14754
-14961
-15494
-15283
-13555
-13175
-10717
-8937
-5707
-1139
2240
6212
8500
11054
13194
14996
16312
15813
15310
13465
12703
12180
10927
10296
8417
7602
7304
7206
7708
7455
7172
5823
4107
1962
-491
-2452
-4679
-6422
-7792
-8398
-8287
-7775
-7394
-7017
-5951
-4881
-3125
-1840
-1272
-1065
-1414
-1482
-1675
-1869
-2417
-2495
-2287
-1765
-510
450
1964
2741
2873
2673
1650
578
-1305
-3107
-4804
-6214
-7031
-7751
-7225
-5679
-2976
623
3813
6719
9284
11346
12519
12371
10945
9103
7944
6334
4372
1983
-1148
-2365
-2836
-2910
-2751
-4255
-5225
-6028
-6771
-7828
-10100
-12276
-14696
-15905
-16727
-16878
-15441
-14337
-11825
-9035
-5561
-431
3923
7981
10494
12149
13615
14473
15075
13960
12740
10938
9661
9745
8750
8581
7737
7218
8043
7743
8049
7375
6191
4652
1631
-1055
-3895
-5779
-7712
-9532
-10163
-10323
-8594
-7099
-5504
-3833
-3043
-1406
-400
706
1069
297
-214
-1074
-1096
-1262
-1073
-205
515
1438
1825
2672
3561
4000
3501
2089
774
-1152
-3395
-6053
-8378
-9871
-10606
-10761
-10338
-8080
-5067
-1017
2862
5280
7741
9327
10506
10835
9609
7770
6253
5555
4501
3465
1515
-35
330
640
1618
1377
-136
-1443
-3518
-5663
-8439
-11129
-13614
-15451
-16344
-16948
-15434
-13299
-10612
-7084
-4056
-215
3556
6495
8623
9726
10117
10572
11197
10689
9829
8592
7588
8034
8569
9087
9766
10000
9720
9403
8140
6628
5426
2792
300
-2669
-5924
-7565
-8784
-9335
-9482
-9123
-8287
-6395
-4517
-3834
-2740
-2563
-1683
-410
-270
174
66
236
689
1483
2310
3212
4371
4500
5012
5206
5194
5218
3903
1957
-539
-3005
-5078
-6697
-8287
-9584
-10183
-10546
-10078
-9378
-7514
-4256
-569
3144
5282
6870
8127
8847
8764
7284
5988
4796
4882
4845
3801
3174
1671
1936
2607
2643
2678
487
-1444
-3958
-6543
-9012
-12011
-13774
-15860
-16096
-15667
-14424
-11423
-9150
-5642
-2729
263
3601
6017
8259
8774
8984
8348
8304
8798
8463
9242
9197
9857
10744
11047
11849
11348
10646
8739
6451
4123
1446
-251
-2870
-4985
-7135
-8903
-8920
-8841
-7968
-7703
-7043
-5975
-5279
-4193
-4600
-4808
-5257
-5415
-4135
-3182
-1295
412
2359
4691
6517
8258
8954
9527
9030
7912
6486
4345
2703
447
-1320
-2990
-4841
-5942
-6811
-6953
-7039
-6684
-6619
-6662
-6308
-6014
-4172
-2261
-55
2200
3568
5455
6773
8017
8560
8510
8076
7268
7626
6650
5595
4139
1869
1229
-118
-839
-2114
-4584
-6579
-8926
-9842
-11068
-11921
-12750
-13761
-12886
-12475
-10409
-8223
-6526
-4053
-2622
6
2212
4264
6154
6877
7954
8267
9491
10786
11348
11622
10853
10840
10861
10694
10102
8486
6828
4547
2384
543
-1436
-2880
-4218
-5141
-5758
-6453
-6750
-6788
-6504
-6700
-7040
-6944
-6787
-6071
-5986
-5936
-5254
-4376
-2277
16
2324
4412
5944
7505
8747
9352
8616
7256
5411
3598
2167
446
-716
-2083
-3195
-3811
-4245
-4034
-4149
-4271
-4891
-5504
-5712
-6016
-5729
-5826
-5536
-4063
-1708
1694
5050
7831
10088
11983
12804
12420
11493
9797
8670
7771
5663
3632
1114
-1083
-1423
-1958
-2380
-3217
-5013
-6334
-7725
-9072
-10906
-12723
-14381
-15519
-14978
-14370
-12583
-10436
-8443
-5304
-2675
384
3265
5624
7662
8561
9118
9074
9591
9909
9820
9882
9424
10045
10305
9972
9488
8149
7143
5647
3512
979
-1587
-3661
-5142
-6054
-7347
-8066
-8291
-8277
-7635
-7326
-6937
-6100
-5543
-5267
-4568
-4053
-3148
-1831
-818
1302
3410
4985
6319
7029
7695
8093
7693
6398
5003
3194
1469
20
-1603
-2504
-3424
-3881
-3939
-3820
-3298
-3247
-3074
-3261
-3547
-3841
-4296
-4435
-4404
-3645
-3078
-1523
963
3848
7638
9613
11189
12382
12595
12406
10382
8243
6367
5474
4382
2493
614
-2112
-2799
-2987
-3010
-2940
-5052
-6817
-8862
-10505
-11898
-13586
-14625
-15682
-15015
-14267
-12296
-9153
-6676
-2875
-737
1097
3217
4348
6087
6405
6462
6617
7172
8140
8603
9680
9958
10787
11111
10361
10152
8550
7043
4952
2072
-313
-2705
-4428
-6126
-7006
-7316
-6638
-5238
-4833
-3970
-3647
-3495
-3267
-4000
-4428
-4681
-4583
-4140
-2960
-1219
993
3835
5839
7669
8690
8791
8724
7457
5609
3175
510
-1743
-3297
-3882
-3920
-3209
-2355
-1146
320
1144
1703
1491
385
-1225
-3465
-5645
-7201
-8195
-8278
-7486
-5968
-3678
-988
2145
5413
8642
11246
12436
12291
10618
8320
5833
3590
2059
1220
1368
1629
2198
2307
1982
1950
1021
118
-1849
-4995
-8162
-11902
-14736
-16861
-17908
-17789
-16713
-14299
-11593
-7830
-4525
-1949
321
1006
1761
2118
2406
3039
3344
4048
5048
7097
9177
11106
12710
13331
14255
14059
12955
11093
8197
5669
2797
66
-2319
-4157
-4846
-5143
-4807
-4227
-3599
-3102
-3346
-3754
-4321
-4840
-5341
-5797
-5497
-4984
-4043
-2838
-1265
1512
4114
6482
8313
9075
9425
8520
6863
5125
3382
1829
321
-642
-916
-316
404
569
361
-695
-1936
-3173
-4735
-6087
-7692
-9100
-9862
-10361
-9981
-9097
-7495
-5069
-2754
-598
926
2048
3208
4352
5235
6365
8019
9158
10192
10121
9547
10039
9791
9177
8319
6697
5132
3306
361
-2424
-4501
-7424
-9045
-9873
-10807
-10582
-11937
-13367
-13290
-13179
-12650
-12222
-12171
-11767
-10588
-9618
-7619
-4478
-2170
672
3080
5504
8961
10969
12273
13274
13883
14529
14288
13113
11627
10483
9187
8318
7711
6428
5204
3218
1356
348
-967
-2173
-3574
-5130
-6066
-6555
-6604
-5952
-5287
-4828
-4104
-3401
-2206
-793
153
1257
2187
3033
3929
4247
4615
5059
5259
5563
5414
4951
4454
3396
2291
1183
-100
-1327
-2801
-4457
-6028
-7240
-8312
-8793
-8889
-9228
-9075
-9264
-9053
-8138
-7431
-5988
-4680
-3299
-1629
-286
1075
2185
3214
3874
4471
4874
5336
6478
7327
8555
9954
11158
12635
12897
11698
9429
5863
2334
-426
-2512
-3358
-4006
-5036
-6188
-7583
-8895
-9758
-9730
-9237
-8066
-8062
-9825
-11487
-13725
-14293
-13612
-12438
-9002
-5918
-3201
-985
421
2497
4630
6741
8734
10531
11042
10577
10035
9344
9959
10668
11546
12985
13191
12677
11293
9550
8373
7094
5807
4759
3507
1839
44
-1815
-3068
-3658
-4016
-3687
-3212
-3273
-3591
-4248
-4916
-5008
-5106
-4821
-4200
-3850
-3194
-2628
-2064
-1472
-911
-269
122
102
-608
-1227
-2053
-2847
-3155
-3425
-3062
-3020
-3086
-2887
-3110
-3296
-3666
-3991
-4148
-4650
-5203
-5204
-4670
-3848
-2775
-1472
259
2233
3881
5205
6055
6018
5635
4942
4031
3420
2746
2352
2359
2375
2543
2723
2635
2445
2126
1659
1210
189
-1272
-2714
-3873
-4295
-4361
-4211
-3814
-3418
-2913
-2141
-1298
-534
177
569
1129
1588
1219
843
334
35
318
264
465
1039
1586
2455
3399
4033
4421
4520
4211
4142
4082
3708
3629
3379
3115
3038
2686
2489
2339
1887
1324
799
277
-225
-897
-1856
-2542
-2928
-3166
-3103
-3049
-3010
-2859
-2879
-2823
-2520
-2353
-2217
-2263
-2734
-3133
-3520
-3798
-3517
-3169
-2610
-1825
-1211
-562
-229
-106
31
220
392
361
198
-397
-807
-1042
-1089
-702
-591
-253
63
360
758
974
1370
1305
1012
392
-326
-698
-1082
-1082
-1071
-934
-798
-607
-115
306
949
1421
1896
2294
2094
1433
365
-611
-1168
-1220
-1022
-569
58
628
1278
1723
2083
2506
2721
2714
2560
2174
1834
1660
1449
1476
1673
2048
2809
3634
4204
4514
4455
4141
3908
3323
2585
1853
845
91
-652
-1265
-1485
-1672
-1715
-1737
-1762
-1779
-1777
-1873
-1997
-2071
-2363
-2532
-2707
-2863
-2909
-3225
-3454
-3543
-3511
-3203
-2911
-2666
-2388
-2174
-2030
-1940
-2120
-2463
-2713
-2975
-3073
-3071
-3094
-2846
-2490
-2082
-1496
-920
-278
256
362
307
318
626
1258
1727
1842
1619
1249
1093
1306
1815
2428
2966
3252
3444
3503
3341
3167
2834
2565
2411
2204
2126
1882
1427
931
406
146
173
256
345
383
314
308
431
575
795
906
846
867
809
644
464
293
416
819
1254
1717
2170
2497
2703
2686
2452
2141
1629
934
231
-521
-1239
-1814
-2239
-2251
-1934
-1543
-1058
-728
-554
-478
-686
-1035
-1495
-2090
-2658
-3253
-3849
-4204
-4350
-4321
-3973
-3400
-2618
-1833
-1450
-1265
-1155
-1141
-1092
-1165
-1229
-1123
-1032
-845
-525
-176
271
752
1278
1866
2185
2075
1623
955
347
-121
-540
-813
-948
-1016
-958
-859
-698
-419
-207
65
493
1038
1712
2188
2321
2157
1688
1136
773
800
1232
1919
2606
3106
3316
3048
2445
1807
1290
1122
1292
1623
1937
1916
1459
811
220
-172
-210
23
467
1006
1172
877
187
-759
-1587
-2187
-2423
-2229
-1753
-1237
-901
-874
-1107
-1154
-794
-33
921
1542
1763
1583
1039
415
-99
-215
137
729
1298
1653
1741
1516
1082
503
-94
-438
-560
-453
-477
-1023
-1956
-3148
-4102
-4589
-4713
-4412
-3901
-3437
-3271
-3548
-4040
-4317
-4124
-3496
-2558
-1631
-832
-220
-171
-514
-991
-1304
-968
-391
247
827
992
1123
1331
1643
2147
2546
2837
3133
3149
2792
2273
1727
1651
2075
2618
3358
4013
4442
4627
4341
3942
3786
3704
3605
3301
2699
2048
1175
180
-580
-1147
-1478
-1622
-1599
-1309
-975
-1003
-1245
-1343
-1258
-959
-938
-1202
-1452
-2087
-2843
-3452
-3520
-2795
-1960
-1119
-297
253
247
-294
-714
-725
-459
-374
-358
-248
-501
-1007
-1483
-1282
-337
483
1031
1330
1315
889
45
-493
-348
57
387
608
902
1081
864
539
466
635
558
176
-222
-633
-1078
-1596
-1713
-1292
-790
-422
-304
-325
-589
-1090
-1497
-1668
-1668
-1776
-1839
-1714
-1522
-1277
-1062
-739
-353
-54
283
625
908
1159
1461
1883
2329
2645
2912
3297
3706
4017
4180
4182
4033
3547
2851
2304
2007
1902
1739
1435
1100
593
-86
-705
-1179
-1445
-1679
-2050
-2362
-2748
-3292
-3738
-4082
-4136
-3882
-3552
-3008
-2475
-2197
-2031
-2054
-2113
-2073
-2045
-1855
-1566
-1277
-746
5
850
1761
2537
3130
3455
3337
3089
2964
2944
2989
2927
2744
2460
1954
1285
710
427
453
690
949
1156
1262
1134
912
710
546
376
-98
-873
-1712
-2497
-3019
-3183
-3026
-2619
-2242
-2128
-2223
-2476
-2799
-3121
-3458
-3628
-3633
-3683
-3847
-4168
-4376
-4206
-3663
-2669
-1370
-27
1134
1880
2391
2920
3457
3981
4403
4745
5085
5266
5317
5372
5426
5483
5473
5426
5440
5303
4833
4135
3409
2853
2374
1774
1057
127
-1038
-2268
-3294
-3877
-4068
-4079
-4006
-3888
-3821
-3799
-3744
-3584
-3339
-3175
-3096
-3015
-2888
-2658
-2350
-1951
-1442
-893
-308
294
819
1203
1401
1470
1494
1525
1627
1829
2025
2071
1857
1406
867
287
-203
-491
-597
-601
-722
-954
-1195
-1350
-1329
-1201
-960
-762
-729
-845
-1027
-1094
-1104
-1012
-830
-573
-213
114
487
780
950
989
811
534
6
-653
-1265
-1704
-1752
-1502
-931
-199
546
1239
1748
2106
2179
2004
1642
1208
911
719
746
946
1252
1646
1953
2185
2326
2428
2533
2580
2615
2555
2387
2093
1681
1266
868
612
511
523
556
374
-63
-757
-1565
-2255
-2753
-2982
-3063
-3146
-3349
-3794
-4365
-4932
-5285
-5297
-5001
-4442
-3810
-3204
-2725
-2360
-1990
-1587
-1055
-435
220
859
1384
1844
2274
2789
3450
4186
4906
5413
5606
5446
4993
4398
3777
3271
2910
2666
2462
2190
1806
1280
665
43
-486
-864
-1129
-1378
-1732
-2232
-2852
-3460
-3879
-4000
-3804
-3387
-2882
-2440
-2148
-2009
-1972
-1930
-1805
-1541
-1145
-659
-144
332
748
1118
1430
1669
1815
1843
1761
1593
1398
1236
1146
1172
1277
1391
1458
1395
1187
854
470
111
-178
-374
-523
-671
-851
-1077
-1292
-1465
-1533
-1478
-1318
-1087
-903
-786
-788
-895
-1009
-1080
-1025
-865
-626
-365
-139
61
214
375
515
646
784
887
993
1094
1226
1389
1543
1663
1689
1629
1490
1328
1213
1181
1255
1369
1472
1461
1286
972
574
222
-12
-86
-28
75
152
145
55
-105
-283
-454
-638
-825
-1058
-1319
-1570
-1785
-1904
-1976
-2009
-2054
-2166
-2317
-2459
-2520
-2470
-2283
-2015
-1702
-1379
-1080
-781
-472
-153
158
424
600
695
726
748
822
973
1208
1512
1835
2136
2394
2590
2743
2853
2927
2952
2870
2645
2241
1676
1027
386
-135
-474
-649
-719
-767
-861
-1040
-1277
-1541
-1773
-1928
-1987
-1948
-1872
-1792
-1742
-1725
-1688
-1569
-1301
-896
-417
36
372
538
551
487
450
528
741
1035
1327
1547
1672
1708
1694
1682
1710
1740
1712
1567
1277
895
474
107
-140
-265
-296
-309
-377
-523
-724
-941
-1105
-1182
-1172
-1111
-1034
-972
-973
-1047
-1205
-1405
-1597
-1749
-1823
-1834
-1766
-1644
-1469
-1219
-906
-561
-244
-1
155
234
250
218
151
48
-59
-134
-141
-30
200
540
973
1444
1896
2267
2504
2592
2524
2339
2130
1937
1762
1594
1396
1187
981
798
651
486
282
20
-291
-616
-946
-1260
-1553
-1798
-1946
-1978
-1908
-1780
-1618
-1459
-1314
-1169
-1030
-904
-776
-636
-465
-248
13
301
589
839
1036
1197
1339
1491
1649
1797
1880
1861
1751
1568
1374
1209
1076
981
874
743
572
356
137
-61
-221
-339
-433
-530
-648
-779
-905
-1022
-1114
-1177
-1223
-1255
-1302
-1366
-1440
-1515
-1568
-1585
-1569
-1503
-1399
-1274
-1130
-1001
-900
-888
-979
-1158
-1399
-1633
-1783
-1779
-1618
-1353
-1081
-837
-623
-408
-149
184
591
1019
1424
1742
1937
2039
2091
2160
2301
2510
2755
2990
3160
3244
3212
3072
2846
2535
2153
1755
1378
1035
759
564
414
234
-47
-458
-975
-1491
-1906
-2138
-2173
-2095
-1986
-1898
-1847
-1831
-1839
-1789
-1622
-1329
-950
-570
-246
-2
135
199
312
549
855
1123
1272
1282
1146
896
640
495
458
422
309
128
-96
-335
-525
-581
-508
-430
-487
-699
-1023
-1410
-1732
-1837
-1626
-1169
-669
-272
-54
-28
-95
-154
-65
193
490
698
740
669
599
598
708
883
956
807
406
-140
-632
-912
-931
-775
-601
-567
-755
-1107
-1450
-1608
-1532
-1319
-1100
-928
-795
-650
-399
32
626
1218
1633
1840
1900
1919
1994
2181
2439
2629
2644
2451
2141
1840
1622
1513
1430
1272
952
447
-145
-693
-1062
-1228
-1220
-1113
-984
-865
-789
-741
-746
-827
-962
-1091
-1115
-1009
-776
-465
-147
97
193
171
82
-24
-74
-33
74
157
147
69
-37
-189
-414
-670
-899
-1079
-1206
-1276
-1282
-1280
-1337
-1416
-1460
-1431
-1323
-1108
-768
-408
-153
-46
-57
-118
-178
-146
66
414
818
1204
1500
1656
1602
1385
1143
929
724
477
221
24
-111
-165
-130
-54
-12
-52
-158
-281
-399
-489
-468
-289
10
344
650
897
1032
1024
905
785
776
931
1258
1699
2116
2357
2346
2157
1897
1651
1455
1290
1091
786
379
-79
-491
-793
-934
-874
-663
-401
-251
-342
-726
-1360
-2047
-2571
-2817
-2762
-2469
-2088
-1763
-1645
-1730
-1880
-1941
-1781
-1444
-1076
-852
-876
-1061
-1225
-1203
-949
-535
-97
208
277
125
-84
-149
56
486
948
1243
1305
1218
1113
1084
1122
1161
1136
1029
868
728
682
737
863
999
1113
1219
1351
1502
1599
1584
1417
1114
753
416
186
75
50
63
77
58
-24
-177
-372
-561
-692
-729
-701
-652
-622
-638
-655
-630
-512
-326
-170
-112
-183
-314
-382
-331
-181
5
140
166
86
-26
-91
-80
-52
-102
-240
-405
-513
-511
-385
-180
7
62
-44
-256
-472
-622
-718
-752
-709
-588
-425
-262
-128
-44
11
54
118
223
349
432
394
221
0
-148
-158
-15
203
411
537
530
399
210
44
-46
-56
-21
25
65
80
69
25
-50
-118
-150
-127
-30
117
281
410
459
417
323
234
175
188
232
251
202
83
-50
-167
-233
-247
-218
-170
-122
-64
-7
34
38
-6
-93
-210
-325
-380
-334
-189
32
281
492
606
605
509
392
302
262
267
281
282
252
220
209
218
227
202
160
106
90
139
239
347
394
352
192
-25
-239
-402
-493
-555
-583
-615
-627
-612
-583
-534
-523
-557
-672
-805
-892
-928
-881
-832
-805
-824
-880
-891
-871
-772
-629
-501
-427
-456
-548
-677
-750
-747
-677
-532
-393
-216
-66
85
261
456
716
957
1201
1383
1511
1576
1568
1618
1691
1858
2020
2076
2027
1797
1554
1342
1237
1278
1344
1381
1250
993
650
274
-31
-272
-416
-503
-540
-543
-561
-602
-723
-872
-986
-988
-839
-600
-338
-181
-157
-260
-413
-497
-481
-362
-232
-159
-167
-231
-292
-329
-331
-337
-372
-445
-551
-653
-749
-809
-854
-881
-871
-862
-866
-921
-1005
-1083
-1115
-1043
-908
-757
-640
-568
-536
-516
-472
-383
-253
-105
46
180
290
346
335
281
199
141
143
206
301
374
403
401
385
388
410
448
491
532
582
647
737
837
907
945
955
945
937
941
970
1028
1114
1194
1235
1227
1156
1053
933
813
731
698
696
701
670
582
441
268
94
-54
-165
-247
-298
-335
-371
-409
-455
-505
-571
-669
-779
-900
-996
-1042
-1035
-979
-914
-862
-842
-862
-905
-942
-938
-874
-754
-593
-417
-281
-222
-254
-329
-396
-410
-348
-233
-109
-45
-55
-117
-200
-262
-295
-311
-318
-333
-349
-344
-315
-266
-223
-189
-179
-190
-199
-185
-144
-79
2
72
116
126
115
120
148
194
253
299
323
353
400
475
542
555
512
424
344
345
458
644
819
907
869
751
635
600
693
876
1069
1185
1186
1082
931
805
728
717
728
714
651
521
351
162
8
-83
-130
-155
-212
-321
-473
-642
-787
-874
-886
-845
-787
-757
-782
-859
-965
-1058
-1091
-1044
-924
-768
-615
-494
-404
-346
-312
-279
-234
-180
-111
-33
55
136
181
191
170
131
86
58
29
-28
-121
-244
-388
-512
-577
-590
-558
-538
-576
-682
-841
-993
-1063
-1002
-814
-557
-303
-120
-51
-62
-93
-66
88
362
717
1071
1335
1448
1408
1284
1178
1165
1269
1436
1574
1614
1534
1342
1128
969
902
911
927
885
749
537
299
97
-49
-150
-222
-283
-363
-453
-544
-624
-681
-727
-770
-806
-819
-775
-683
-578
-506
-503
-555
-625
-674
-665
-599
-517
-447
-418
-422
-425
-408
-354
-297
-282
-332
-446
-571
-620
-539
-343
-96
115
212
177
51
-89
-165
-154
-80
16
93
150
196
256
339
417
451
417
300
142
11
-54
-44
20
108
196
247
271
275
242
201
128
40
-27
-50
-7
88
210
320
382
387
353
306
266
227
188
143
115
108
128
159
173
172
134
67
3
-21
7
52
76
68
19
-46
-115
-157
-141
-96
-57
-48
-77
-124
-145
-110
-25
103
207
241
186
78
-41
-143
-199
-191
-156
-130
-114
-108
-89
-63
-23
9
1
-44
-136
-240
-312
-338
-327
-297
-267
-247
-225
-204
-179
-138
-83
-44
-50
-84
-129
-166
-167
-149
-124
-97
-90
-90
-70
-14
72
171
250
278
268
229
186
158
148
151
124
78
25
-22
-38
-28
-2
30
51
49
29
7
-12
-19
-21
-18
-18
-13
-1
6
12
25
54
120
218
339
465
547
577
549
495
449
420
425
445
446
413
343
273
223
205
218
228
210
148
54
-53
-151
-218
-245
-242
-227
-219
-223
-238
-260
-281
-308
-343
-381
-417
-439
-444
-439
-423
-405
-402
-403
-410
-411
-422
-435
-434
-461
-501
-543
-564
-544
-498
-434
-381
-357
-354
-345
-310
-221
-108
-8
61
78
80
118
211
347
497
622
704
754
766
762
758
737
731
729
714
693
654
617
577
506
414
324
242
175
117
61
2
-82
-191
-313
-426
-515
-569
-573
-557
-535
-542
-568
-602
-606
-584
-540
-468
-415
-369
-336
-309
-262
-184
-95
-16
51
94
142
215
309
425
524
571
559
489
413
371
376
416
453
444
427
399
374
371
362
338
286
199
102
6
-53
-68
-48
-23
-26
-54
-114
-176
-220
-241
-227
-203
-183
-156
-136
-116
-89
-78
-77
-91
-129
-174
-214
-241
-250
-240
-213
-172
-136
-98
-70
-63
-79
-121
-177
-222
-231
-217
-194
-168
-135
-82
-5
81
151
185
162
80
-8
-65
-62
-10
48
66
41
-15
-86
-121
-116
-69
-31
-42
-95
-173
-241
-280
-288
-263
-223
-196
-170
-146
-97
-29
56
151
250
349
422
468
466
435
381
325
299
312
366
429
478
499
473
426
379
358
364
384
386
342
234
83
-52
-144
-163
-142
-109
-91
-109
-158
-222
-253
-259
-244
-203
-186
-195
-234
-283
-314
-328
-322
-310
-302
-310
-305
-271
-226
-154
-100
-57
-48
-76
-111
-165
-196
-206
-201
-187
-187
-177
-164
-128
-72
-1
61
90
103
89
78
74
79
97
94
92
69
42
27
33
70
102
124
128
118
93
65
49
31
19
-2
-36
-61
-69
-57
-29
1
20
12
-10
-32
-49
-37
0
62
117
140
136
103
72
57
67
113
167
217
241
230
198
164
146
155
189
236
269
259
212
147
93
76
94
142
193
223
222
181
108
38
-11
-38
-43
-38
-36
-51
-71
-109
-167
-240
-312
-349
-354
-324
-301
-297
-308
-364
-442
-523
-588
-595
-547
-456
-345
-248
-188
-160
-161
-173
-157
-126
-55
44
128
185
207
193
160
142
138
158
184
196
195
166
118
58
6
-43
-91
-130
-173
-192
-190
-170
-129
-88
-69
-71
-81
-83
-57
2
104
200
273
299
284
278
292
357
442
540
618
631
614
579
563
582
615
645
655
633
594
537
468
423
404
390
369
336
276
177
58
-61
-157
-219
-249
-264
-286
-338
-412
-482
-537
-551
-546
-545
-570
-620
-676
-711
-714
-676
-613
-561
-523
-533
-570
-591
-585
-514
-401
-289
-211
-181
-189
-212
-215
-171
-79
42
150
222
255
244
207
172
172
226
309
382
410
376
313
243
194
184
216
271
312
315
267
188
122
91
103
149
186
178
142
77
12
-29
-38
-7
28
42
20
-32
-86
-124
-132
-112
-76
-35
-15
-10
-21
-57
-83
-88
-74
-40
9
47
76
95
95
99
109
132
159
193
222
232
220
197
175
158
150
140
130
105
64
22
-24
-60
-83
-91
-95
-116
-149
-198
-244
-278
-290
-264
-232
-212
-204
-216
-232
-234
-220
-186
-135
-89
-51
-35
-37
-29
-20
-2
12
23
23
20
22
17
23
23
23
26
25
15
3
-1
-12
-13
-22
-27
-29
-32
-22
-18
-6
6
15
32
57
77
91
98
102
106
112
121
131
137
131
120
105
90
77
57
48
45
45
56
51
33
0
-26
-37
-33
-19
-8
0
-5
-13
-31
-46
-41
-15
32
72
79
66
48
36
30
31
36
49
66
76
64
28
-9
-39
-49
-44
-32
-29
-41
-58
-89
-119
-142
-156
-159
-149
-133
-138
-170
-212
-249
-261
-243
-204
-156
-126
-131
-155
-186
-204
-174
-100
-15
49
75
64
38
27
50
100
159
211
231
225
205
177
165
168
175
174
153
123
97
81
69
50
17
-23
-53
-66
-56
-38
-25
-21
-35
-51
-49
-37
-13
18
37
54
65
70
73
72
81
88
99
118
142
162
156
124
83
58
53
70
98
123
138
129
101
63
29
9
1
9
27
42
42
15
-24
-78
-117
-137
-138
-124
-108
-89
-94
-117
-139
-160
-180
-191
-193
-202
-206
-204
-198
-195
-199
-216
-243
-254
-265
-264
-235
-196
-141
-104
-91
-84
-101
-110
-99
-64
-4
55
96
111
114
96
73
64
74
108
132
156
165
154
133
103
85
66
65
79
104
127
146
154
143
133
119
101
94
100
112
123
123
117
102
72
47
38
34
49
85
124
155
165
147
112
70
43
44
67
107
143
160
150
120
79
31
2
-4
17
32
38
22
-16
-55
-94
-118
-132
-136
-141
-154
-174
-197
-213
-213
-189
-158
-128
-114
-121
-161
-200
-214
-206
-167
-119
-70
-59
-78
-119
-176
-217
-247
-238
-206
-164
-120
-99
-106
-134
-158
-174
-171
-145
-102
-45
-1
33
58
62
50
36
32
46
82
116
149
178
204
227
246
259
268
282
295
303
307
314
322
319
309
293
277
253
217
181
156
141
141
146
153
146
120
82
30
-10
-34
-38
-24
-4
8
1
-30
-69
-110
-142
-147
-145
-145
-141
-143
-147
-151
-164
-177
-194
-211
-220
-230
-234
-234
-238
-243
-246
-245
-234
-208
-178
-151
-134
-119
-115
-127
-126
-99
-54
-2
50
97
120
112
89
71
73
92
134
187
228
240
202
143
90
58
58
68
83
99
97
74
29
-20
-50
-67
-61
-41
-27
-26
-34
-42
-48
-37
-14
15
41
53
46
20
-1
-15
-17
-11
0
11
14
-1
-24
-42
-44
-23
-1
17
26
31
34
31
28
27
42
56
69
93
104
118
118
111
109
97
90
101
107
107
96
74
50
29
4
-26
-47
-62
-77
-100
-119
-127
-136
-150
-169
-187
-195
-195
-196
-188
-170
-143
-112
-106
-107
-105
-93
-70
-54
-47
-46
-49
-71
-88
-98
-108
-117
-136
-159
-186
-199
-205
-206
-183
-156
-133
-112
-91
-68
-38
7
55
103
139
174
199
215
235
250
273
294
316
338
339
338
340
343
344
341
337
335
314
282
266
243
227
216
187
167
134
107
88
63
50
25
-1
-23
-45
-57
-77
-95
-114
-126
-140
-161
-175
-179
-177
-168
-165
-163
-156
-161
-168
-159
-150
-143
-140
-145
-142
-128
-120
-111
-101
-86
-65
-50
-39
-40
-45
-42
-32
-8
16
28
31
20
12
6
-5
-9
-10
-10
7
25
35
29
4
-29
-61
-74
-63
-38
-15
13
33
38
24
-2
-15
-19
2
29
45
52
54
60
57
48
42
30
16
10
-1
-4
1
4
7
-5
-11
-26
-48
-63
-67
-49
-22
12
34
31
16
-1
-20
-19
7
43
76
97
106
108
102
84
62
61
76
81
83
82
72
59
33
9
-4
-9
-10
-9
-6
-3
-2
-9
-23
-29
-35
-45
-48
-45
-34
-33
-51
-65
-75
-71
-62
-46
-22
1
12
10
12
7
-4
-12
-11
-4
-7
-15
-26
-23
-8
-4
-14
-18
-5
4
1
0
5
5
-13
-48
-71
-65
-57
-61
-66
-59
-48
-46
-49
-40
-17
-4
8
29
36
27
3
-20
-22
-12
-3
5
22
46
55
47
42
52
69
72
57
36
24
19
23
22
16
30
41
38
35
48
63
62
49
38
31
20
-5
-25
-15
0
-2
-22
-39
-44
-43
-46
-54
-46
-23
-16
-29
-53
-60
-54
-51
-43
-30
-9
0
1
-2
10
30
39
38
21
15
15
7
1
0
10
22
22
14
8
14
25
29
30
30
23
12
-1
-21
-21
-15
-12
-10
-12
4
4
-10
-19
-31
-38
-43
-32
-19
-20
-37
-62
-67
-60
-46
-27
-9
1
0
-9
-23
-26
-15
-5
3
6
13
19
7
1
2
5
24
41
60
62
49
42
29
19
20
23
28
23
18
17
9
8
13
23
29
15
2
-5
-5
1
1
9
15
21
11
-17
-44
-60
-61
-63
-51
-24
10
37
48
49
37
19
-10
-25
-30
-37
-27
-14
0
14
20
12
-6
-25
-43
-40
-27
-4
17
35
39
32
24
1
-23
-36
-34
-21
-10
-14
-17
-22
-25
-26
-29
-28
-27
-23
-29
-36
-36
-37
-52
-65
-64
-61
-53
-44
-31
-16
6
24
29
19
3
-3
3
16
35
58
67
73
76
85
95
91
91
78
66
62
74
93
105
107
93
65
22
-17
-25
-14
11
38
42
34
9
-23
-56
-80
-81
-74
-66
-62
-58
-60
-54
-48
-57
-59
-62
-69
-69
-67
-53
-28
-1
13
10
-1
-18
-34
-54
-74
-71
-53
-36
-15
4
15
30
24
2
-9
-5
25
62
89
113
126
138
134
106
78
54
45
43
35
28
29
22
5
-14
-35
-43
-56
-64
-59
-56
-40
-43
-57
-67
-80
-79
-85
-81
-70
-48
-35
-44
-48
-54
-47
-49
-47
-44
-47
-33
-27
-22
-16
-11
-7
-2
9
16
14
17
39
61
77
92
102
112
117
105
88
77
65
57
57
65
80
68
45
19
-10
-22
-28
-23
-8
-1
-5
-19
-38
-57
-70
-75
-72
-67
-63
-48
-36
-29
-28
-32
-21
2
15
16
26
33
30
31
43
68
82
71
48
20
-5
-15
-22
-21
-27
-35
-34
-41
-43
-48
-56
-66
-61
-44
-26
-13
-11
1
10
11
3
-10
-14
-12
-11
-8
4
29
45
44
27
-8
-34
-49
-50
-20
26
52
55
34
10
-3
-17
-11
5
24
43
42
33
14
0
1
18
41
61
60
37
16
0
0
5
5
6
0
0
-4
-17
-29
-47
-60
-54
-52
-46
-26
-32
-28
-34
-61
-55
-51
-31
9
15
14
16
0
13
21
19
41
33
41
52
21
10
10
11
30
30
29
47
52
61
53
23
9
-11
-16
-9
-13
-15
-14
-15
-13
-21
