-28
-31
-35
-37
-35
-34
-24
-14
-8
-3
-7
-1
0
3
6
4
1
2
3
-3
-8
-13
-13
-17
-25
-24
-23
-18
-20
-24
-23
-22
-19
-15
-12
-12
-15
-10
-6
-6
-5
-9
-8
-1
5
11
11
13
15
16
16
20
21
21
22
19
20
16
17
22
23
18
15
14
5
1
-2
0
-1
-4
-1
-3
-2
-1
-2
9
7
12
9
12
18
11
20
17
18
11
7
13
4
10
2
0
0
-6
1
0
-4
-14
-12
-8
-12
-9
-11
-10
-10
-13
-11
-14
-17
-18
-23
-17
-15
-17
-18
-22
-18
-13
-13
-9
-7
-5
-9
-16
-13
-10
-6
-5
-5
1
3
-3
-5
-7
-5
3
5
7
9
10
11
10
7
4
8
9
14
13
13
11
8
10
6
10
12
11
5
3
8
18
16
11
12
11
11
6
5
6
5
4
4
9
9
9
6
-4
-7
-7
-12
-11
-19
-17
-16
-15
-9
-3
2
7
9
8
13
15
12
9
4
2
6
3
2
-2
2
7
4
1
-4
-9
-13
-19
-25
-29
-29
-30
-30
-30
-25
-18
-19
-11
-11
-8
-4
1
2
-2
4
0
-1
4
2
6
9
10
9
8
9
15
20
16
11
8
6
7
7
7
9
10
12
11
11
12
10
8
1
-1
-6
-3
-3
-6
-6
-12
-12
-10
-12
-10
-2
-1
-3
1
0
4
3
-2
2
5
12
13
16
17
12
10
2
1
-2
-3
-3
-6
-3
2
-1
2
5
5
9
10
13
11
7
0
-5
-2
-4
-5
-7
-12
-12
-15
-18
-23
-21
-11
-10
-10
-10
-8
-3
-5
-4
-2
-6
-5
-3
-5
-2
-3
-4
-4
-1
-2
-6
2
0
-3
5
2
6
8
8
5
0
0
-2
2
2
4
6
1
0
-1
1
3
2
1
4
9
5
6
4
5
5
8
15
13
13
14
10
8
2
3
8
9
12
3
0
0
3
7
2
5
1
0
3
-3
-1
-3
-3
-3
-8
-10
-14
-16
-13
-5
-1
-2
-9
-9
-5
-5
-7
-8
-4
0
2
2
1
-2
-4
-5
-7
-7
-10
-10
-10
-12
-17
-19
-21
-17
-12
-8
-2
-2
-6
-2
0
6
14
19
22
23
26
26
22
19
14
15
19
22
23
19
16
8
-1
-7
-12
-12
-18
-12
-14
-15
-8
-14
-8
-6
-3
-8
-9
-7
-12
-7
-6
5
10
8
11
4
5
1
0
1
-2
2
-2
-3
2
4
4
7
6
2
4
8
11
9
9
10
3
1
1
5
0
-5
-1
3
6
-4
-12
-12
-10
-11
-16
-13
-17
-16
-11
-13
-11
-15
-8
-2
-3
-3
-8
-7
-8
-9
-6
1
-1
-5
0
-4
1
-1
5
9
3
4
2
2
4
-1
2
1
2
8
7
11
11
11
19
24
27
29
32
32
26
23
15
13
11
12
13
9
5
-4
-2
-9
-12
-9
-8
-1
-3
-5
-1
-2
-8
-8
-10
-12
-7
-7
-5
-7
-13
-15
-21
-22
-18
-16
-15
-15
-17
-18
-13
-6
-2
-3
-5
-7
-11
-12
-16
-21
-17
-16
-13
-6
-3
-1
5
4
7
8
2
2
1
10
10
3
9
6
7
6
7
11
10
16
19
19
18
18
16
11
8
8
9
18
18
11
6
1
1
-4
-4
2
-3
1
2
-1
-4
-7
3
6
5
0
-6
-5
-8
-6
-3
2
5
6
5
2
-1
-5
-4
-4
-2
-3
-2
1
-2
1
-5
-11
-14
-22
-21
-19
-17
-16
-15
-13
-14
-11
-5
4
8
2
1
-1
-3
0
4
6
11
11
10
5
3
-2
-1
4
2
9
6
7
9
5
6
6
5
2
8
12
18
21
15
13
8
9
10
13
12
6
6
0
-3
-7
-9
-6
-12
-10
-12
-16
-15
-23
-24
-27
-26
-24
-25
-25
-22
-17
-14
-12
-8
-5
2
1
4
9
10
11
16
19
20
21
20
17
19
20
21
18
12
10
5
3
2
0
2
1
4
5
7
9
8
12
8
8
9
5
7
3
4
5
1
-2
-4
-2
-2
-2
0
-3
-5
-6
-2
-1
-7
-5
-3
-3
-4
-6
-8
-16
-25
-27
-27
-35
-42
-45
-42
-38
-43
-45
-37
-31
-23
-11
-9
-3
3
11
15
18
23
21
19
19
18
19
20
17
15
16
18
21
19
13
14
13
13
13
9
15
12
15
15
11
13
10
16
15
11
12
10
16
18
24
29
28
34
33
28
31
37
37
31
32
32
27
23
16
11
8
4
-1
-7
-9
-13
-20
-29
-38
-46
-54
-60
-72
-75
-83
-80
-76
-83
-73
-71
-69
-64
-68
-62
-61
-55
-51
-51
-51
-56
-53
-54
-57
-62
-75
-75
-86
-84
-91
-103
-97
-103
-97
-98
-102
-89
-85
-66
-47
-20
8
35
70
96
129
158
187
209
236
260
275
299
308
315
306
290
279
253
230
197
173
148
115
93
64
48
29
22
19
5
10
-1
-2
-4
-11
-5
-20
-25
-35
-45
-53
-71
-83
-103
-113
-128
-137
-140
-147
-152
-160
-163
-166
-165
-166
-170
-169
-174
-170
-167
-160
-152
-154
-149
-150
-141
-131
-116
-96
-86
-71
-59
-40
-17
0
23
37
51
64
72
91
99
104
105
102
101
93
87
79
66
52
48
43
32
33
29
33
36
35
48
54
67
81
92
106
118
127
142
150
151
153
157
156
147
141
135
121
101
85
69
50
37
23
12
2
-12
-19
-25
-27
-26
-26
-25
-19
-27
-34
-36
-46
-54
-64
-74
-87
-104
-115
-126
-140
-155
-167
-172
-182
-181
-185
-186
-178
-174
-163
-153
-140
-130
-121
-107
-95
-82
-66
-48
-28
-15
-2
8
22
31
34
45
51
59
73
75
77
79
80
81
77
75
74
74
75
73
72
75
86
87
93
95
94
96
89
86
88
87
89
80
71
56
35
28
27
26
28
33
31
27
22
23
32
34
43
47
48
50
45
45
44
36
29
16
4
-6
-4
-4
-14
-25
-42
-58
-76
-79
-81
-86
-86
-102
-120
-136
-151
-146
-136
-128
-121
-120
-123
-120
-105
-84
-59
-48
-43
-27
-12
21
47
56
58
43
31
21
30
46
50
51
23
4
-15
-27
-28
-32
-26
-39
-51
-51
-54
-50
-53
-57
-48
-32
0
38
63
81
91
98
103
120
145
162
184
181
169
151
128
128
123
120
110
91
86
85
87
86
92
93
96
107
111
131
158
173
170
145
141
148
157
168
148
107
63
28
8
-4
-24
-64
-121
-193
-251
-284
-307
-329
-373
-438
-486
-514
-521
-512
-519
-518
-513
-507
-469
-430
-380
-319
-268
-227
-197
-155
-111
-56
0
46
65
61
60
68
87
114
132
131
116
94
89
105
127
151
167
168
168
170
189
223
252
276
286
293
312
336
371
398
408
410
405
403
404
402
398
377
348
319
282
256
225
185
146
91
35
-18
-54
-85
-123
-151
-191
-229
-252
-270
-281
-285
-287
-287
-285
-283
-276
-267
-259
-251
-235
-221
-214
-202
-202
-201
-202
-204
-201
-200
-196
-191
-189
-201
-204
-205
-196
-180
-170
-160
-156
-148
-128
-111
-89
-68
-48
-21
6
43
70
90
111
125
156
179
205
219
215
211
205
212
226
243
242
218
188
158
145
146
158
159
144
118
89
84
99
122
130
115
86
67
72
100
127
123
84
32
1
8
34
63
59
14
-35
-73
-66
-26
11
25
-5
-53
-86
-82
-45
-7
0
-35
-93
-135
-141
-115
-97
-103
-146
-205
-239
-252
-228
-211
-206
-217
-255
-268
-272
-233
-184
-148
-119
-137
-128
-108
-56
4
41
69
53
53
63
116
173
190
188
142
139
146
187
231
218
192
140
132
156
192
216
188
145
93
90
111
136
153
97
37
-17
-24
15
35
43
-19
-74
-111
-113
-55
-55
-49
-82
-108
-90
-76
-34
-42
-45
-59
-43
-13
-14
-4
-49
-53
-54
-38
-15
-43
-51
-99
-87
-69
-47
-16
-57
-49
-64
-43
-13
-7
19
-1
23
24
31
45
35
68
66
81
70
41
20
-12
-12
-28
-46
-88
-126
-146
-163
-161
-175
-193
-218
-241
-233
-203
-159
-114
-102
-116
-106
-49
61
178
246
266
281
310
384
508
605
667
656
586
553
563
613
657
621
492
342
211
123
103
56
-24
-148
-335
-475
-529
-490
-425
-435
-514
-597
-564
-427
-291
-193
-190
-176
-82
58
245
296
269
263
340
532
616
553
375
247
256
270
271
100
-109
-240
-318
-359
-589
-848
-995
-989
-879
-925
-1079
-1240
-1234
-1061
-938
-918
-904
-647
-83
529
680
268
-211
-98
829
1911
2460
2035
995
177
129
881
1614
1736
997
-200
-1110
-1442
-1195
-915
-905
-1257
-1911
-2530
-2813
-2501
-1883
-1381
-1269
-1437
-1503
-1212
-497
309
931
1253
1357
1443
1680
2181
2747
3148
3226
3064
2828
2627
2603
2670
2740
2612
2186
1570
948
625
572
574
386
-53
-584
-1158
-1572
-1693
-1539
-1335
-1434
-1898
-2539
-2904
-2742
-2202
-1697
-1672
-2035
-2438
-2483
-1907
-1085
-539
-523
-858
-997
-652
65
723
991
906
714
743
1018
1394
1729
1774
1552
1265
1119
1173
1253
1268
1075
792
495
194
77
-44
-57
-31
-262
-536
-851
-1013
-939
-810
-682
-630
-696
-839
-741
-666
-505
-178
-52
203
232
185
274
303
579
874
1066
820
470
81
-176
182
539
1460
1594
274
-1003
-1844
-943
760
1818
1657
7
-1790
-2469
-1176
401
1327
999
-943
-2317
-2787
-2079
-1049
-880
-1053
-1726
-2657
-3344
-2897
-1685
-697
-544
-1171
-1431
-1247
-348
737
1403
1843
1927
1931
1951
2390
3137
3897
4193
3847
3529
3217
3312
3606
3755
3725
3215
2495
1699
1192
1072
1124
912
280
-589
-1448
-1872
-2236
-2256
-2194
-2427
-2638
-3236
-3560
-3492
-3192
-2640
-2312
-2190
-2422
-2436
-2131
-1416
-460
-300
-417
-647
-636
44
686
1012
954
659
396
562
801
1080
1321
903
533
155
-51
94
159
260
-7
-488
-973
-1109
-947
-696
-394
-602
-858
-920
-833
-638
-301
-7
259
430
100
320
397
630
1382
1319
1187
738
752
1139
1551
2033
1647
1584
759
295
606
1034
3009
3299
1728
-624
-2036
-573
1527
3415
3014
656
-2037
-3300
-1605
233
1764
1305
-1061
-2953
-4097
-3346
-2372
-1711
-1300
-1959
-3625
-5307
-4773
-3020
-1360
-922
-1728
-2370
-2665
-1593
145
1522
2208
2112
1752
1348
1888
3196
4569
4943
4278
3663
2989
2879
3245
3800
4170
3524
2368
1161
376
451
1031
1206
566
-657
-2104
-2806
-2664
-2155
-1414
-1679
-2938
-3943
-4519
-3865
-2567
-1785
-1477
-2184
-3121
-3168
-2090
-442
582
475
-367
-802
-251
1084
2122
2214
1823
1291
1239
1630
2238
2840
2695
1822
1058
836
1013
1423
1300
707
101
-491
-670
-834
-1060
-1060
-999
-1126
-1353
-1533
-1642
-1449
-1487
-1222
-681
-531
-393
-807
-963
-519
321
991
829
893
414
459
792
549
1572
1614
1676
2706
2126
851
-723
-901
933
2726
3132
1471
-786
-2913
-2759
-582
390
815
-633
-3001
-4204
-4578
-3136
-2237
-2571
-3207
-4020
-4755
-5134
-3705
-2065
-1173
-1596
-2510
-2017
-1199
592
2193
2820
3199
3156
3551
3981
4755
5797
6641
6698
5861
5481
5228
5378
5555
5258
4805
3735
2695
1943
1458
1202
976
335
-1015
-2111
-2750
-2938
-3029
-3466
-3721
-4070
-4527
-4971
-5221
-4783
-4281
-3816
-3663
-4019
-3943
-3428
-2480
-1285
-592
-652
-928
-829
-180
1274
2255
2259
2082
1450
1389
2192
2711
2941
2623
1743
1129
940
1020
1269
1160
588
-175
-859
-1256
-1353
-926
-709
-1162
-1676
-2260
-2210
-1536
-1218
-1016
-1193
-1602
-1706
-1314
-460
341
854
614
327
245
441
1150
1851
2668
3116
4035
4013
2161
822
617
2829
5228
5623
4115
1017
-1356
-1856
231
1849
1752
209
-3167
-4925
-5520
-4807
-3464
-3825
-4613
-5748
-6878
-7697
-6760
-4349
-2905
-2839
-3849
-4014
-3094
-1238
1187
2663
3260
3031
2864
3568
5097
6888
8091
8035
6891
6100
5996
6658
7459
7528
6967
5429
3462
2338
2063
2160
2587
1834
-395
-2338
-3785
-4185
-3502
-3056
-3596
-5049
-6478
-7230
-6774
-5558
-4694
-4588
-5303
-5811
-5595
-4539
-2833
-1495
-911
-1520
-2043
-1359
164
2260
3094
2668
2446
2233
2562
3733
4370
4392
4315
3524
2718
2432
2541
2756
2277
1486
567
-228
-645
-1013
-1389
-1058
-986
-2166
-2960
-3744
-3289
-2041
-2041
-2007
-2816
-3058
-2424
-1756
-822
-318
156
-901
-735
595
1376
3643
4632
4031
2076
469
1526
4144
6948
7017
4959
1393
-1171
-142
2180
4014
3124
136
-3032
-4906
-4967
-4028
-3346
-4549
-5826
-6894
-8162
-8508
-7514
-5755
-5274
-5749
-5933
-5125
-3629
-2051
-391
651
1487
2339
3186
4211
5399
6885
8240
8687
8249
7931
7929
8358
8894
9090
8840
7477
6031
5009
4162
4018
3748
2875
1594
113
-1598
-2947
-3202
-3778
-4071
-4324
-5821
-6735
-7557
-7961
-7295
-6909
-6545
-6517
-6566
-6428
-5649
-4436
-3884
-3264
-2691
-1809
-470
574
1144
1641
2178
2406
3246
3990
4411
4787
4501
4032
3728
4089
4233
3877
3156
2131
1532
829
803
730
-140
-992
-2170
-2701
-2658
-2338
-2141
-2808
-3556
-4172
-3707
-2517
-1960
-1888
-2451
-2921
-2337
-774
1308
3504
3595
1217
-525
-69
3396
7133
7827
5737
2221
-10
696
3674
5503
4829
2223
-1421
-3438
-3627
-2290
-1707
-2945
-4666
-6702
-7647
-7594
-6347
-4688
-4608
-6042
-7079
-6036
-4469
-2325
-433
-242
-243
72
1187
2789
4271
5572
6180
6259
6256
6630
7284
7664
7815
8051
8066
7523
6552
5705
5144
4722
4692
4234
3247
2013
124
-1102
-1757
-2154
-1635
-1982
-3511
-5380
-6952
-7143
-6321
-5254
-5122
-5734
-6811
-7599
-6505
-5064
-4143
-3921
-4323
-4229
-3109
-1229
64
634
389
119
681
1446
2520
3608
3999
3243
2489
2436
2740
3313
3386
2461
1514
1487
1204
1196
764
-197
106
-380
-360
-214
-1187
-1500
-2000
-1508
-937
-343
180
-627
-1199
-1842
714
3460
2720
1605
-527
38
2337
4188
5697
3740
972
-972
-155
1610
2746
3532
785
-2141
-4792
-5389
-3787
-3164
-2299
-3409
-5550
-8069
-8491
-5365
-2906
-2195
-3537
-4772
-5346
-4123
-1091
921
2238
1796
864
654
1488
3871
5828
6530
5641
4527
4302
4831
5853
6459
6580
5807
4330
3228
3038
3392
3845
4181
3034
560
-1100
-1808
-1289
385
837
-548
-3084
-5280
-5603
-4007
-2080
-1709
-2608
-4445
-5592
-5207
-3830
-1514
-578
-1328
-2468
-3326
-2371
438
2704
2631
1547
609
402
1810
3605
4200
3675
2327
798
496
1280
2076
2019
555
-964
-1704
-1868
-1341
-1250
-1750
-1955
-2326
-2925
-3133
-2868
-2702
-2389
-1646
-1427
-396
1747
1779
-148
-1356
-568
2538
5270
5880
4585
1561
-631
-481
2268
4841
4707
1999
-2303
-4158
-3925
-2609
-1908
-3738
-5291
-6388
-6893
-7648
-7181
-4666
-3834
-4339
-4972
-4524
-3058
-1086
475
927
1866
2767
3669
4527
5443
6767
7971
8575
7952
7547
7875
8058
7953
8106
7979
7050
5600
3909
2640
2387
4325
3619
-102
-2535
-5548
-5319
-2913
-2550
-3190
-6171
-9294
-10635
-8659
-5617
-4353
-4529
-7596
-8634
-7427
-5714
-2572
-1744
-1743
-1444
-1941
-1621
1079
4359
5518
5268
4152
3501
4642
7128
8508
7909
6878
5444
3994
3821
4695
4013
3394
2298
-357
-878
-1427
-1874
-2290
-3616
-3996
-4812
-5261
-5245
-4242
-3774
-4190
-2746
-3194
-4047
-3925
-3542
-939
1442
2722
2109
-68
-1705
-1214
2027
4311
4526
2590
2
-1984
-3427
-2154
-1186
-2046
-3195
-4723
-6346
-7321
-5948
-3970
-3217
-4019
-5193
-4621
-2955
-949
739
2275
2819
2602
3422
4615
5877
7515
8660
8293
7812
8387
8906
9431
9510
8854
8266
7227
6324
6128
6701
7128
4325
1076
-1076
-2519
-999
-559
-2207
-4976
-8303
-9236
-8935
-7676
-7323
-7911
-9376
-11292
-10275
-9134
-8010
-7261
-7786
-6818
-5232
-4320
-3722
-2244
-896
652
2439
3251
3877
4626
5967
6522
6994
7840
8256
8327
7028
5702
5299
5712
6159
6021
4679
2406
1321
765
908
1528
1432
631
-1609
-2217
-106
631
-407
-2654
-4418
-3278
-1027
791
842
-1560
-4817
-5398
-3114
-1273
-91
-1563
-4833
-7075
-8047
-6843
-5728
-5976
-6956
-8360
-9955
-10865
-9032
-5599
-3861
-4982
-5922
-5298
-3611
-139
2922
3975
4104
4237
5056
7261
9749
11205
11944
11412
10595
10737
11708
12875
12679
11792
11116
9596
8732
9602
7799
4833
3591
1312
1219
1898
95
-2214
-5693
-8193
-8427
-7024
-6516
-7937
-9738
-12162
-12228
-10754
-9459
-8578
-9264
-9784
-9391
-7792
-6029
-3792
-1894
-2238
-2122
-774
762
2775
4739
4772
4572
5155
5256
6023
6471
6212
5454
4832
4614
4169
4341
3981
3068
1978
1496
1746
1813
1959
2737
3872
1705
-1464
-2334
-570
2862
3630
2767
-141
-3640
-3883
-1518
1377
2215
1130
-2951
-6369
-6923
-6676
-4773
-5017
-6814
-7439
-8283
-10295
-11594
-9203
-6292
-5326
-6486
-7880
-7324
-5509
-2295
254
1668
2119
1925
3040
4257
6180
9345
11208
10709
9503
9226
9888
11507
12643
12882
11798
10205
10291
8979
7490
6597
4370
4059
3798
2265
549
-1971
-4630
-6474
-6041
-5537
-5858
-6886
-9253
-10354
-10257
-9744
-8490
-7880
-8280
-8250
-7704
-6781
-4398
-2364
-2192
-2366
-1881
-457
1678
3382
3719
3139
2984
3498
3877
4516
4417
2741
2022
2131
2163
2990
2560
1214
794
340
601
1711
4020
5243
2299
-1299
-2354
784
4933
6351
5512
1789
-1356
-1619
1313
4670
5055
3398
-1461
-5069
-5207
-4166
-3174
-5198
-7551
-8730
-9220
-9857
-10996
-9869
-8767
-9142
-9500
-8371
-6671
-5972
-5178
-4001
-2020
425
2626
3547
3699
5023
6944
9408
11001
11317
11386
10793
10078
10695
12535
13944
14373
11487
7338
5087
4391
6182
7321
6110
1948
-3597
-6048
-6161
-3504
-1674
-3792
-8064
-11879
-12069
-10346
-8160
-7378
-8136
-8773
-9060
-8068
-6544
-3480
-1402
-1860
-2317
-1743
706
3016
3953
3555
3473
4055
4617
5201
4840
4656
3595
2703
2830
2639
3177
2194
293
-373
810
1779
2683
3934
636
-2615
-3536
-2123
2447
4403
4257
687
-4079
-5274
-2276
3645
6024
4269
-1916
-6708
-6731
-5402
-1821
-1556
-3926
-6952
-9916
-10622
-9480
-4643
-2085
-4535
-8853
-9944
-6138
-2223
468
573
-31
-427
155
2578
5026
7630
8059
7186
6733
6983
9355
11202
11104
9654
8929
10667
10783
8761
7168
4983
3827
4325
4551
3747
922
-3006
-5847
-6176
-4191
-2363
-3493
-7936
-11766
-11843
-9686
-7438
-6817
-7545
-7938
-7896
-6909
-4072
-486
741
-231
-872
4
3066
6334
7039
5248
3543
3675
4925
5845
5603
4204
2039
-67
-1080
-588
265
-263
-1805
-2685
-4004
-3185
482
159
-3344
-6268
-6052
-1661
2531
3925
1892
-1677
-3830
-2138
2997
7289
8148
4192
-1012
-3505
-3104
-62
1588
118
-2714
-5451
-7227
-7255
-4406
-1899
-3061
-7052
-8724
-6121
-2928
-398
-575
-2491
-3171
-2703
-423
2994
5396
5844
5045
3901
4440
6658
9172
10942
9929
9965
10983
9568
8470
7788
7460
8237
8329
6773
4188
1389
-805
-1377
-911
-500
-1509
-4717
-8353
-10133
-9455
-8277
-8209
-9523
-10762
-10526
-10263
-9676
-6852
-3660
-3180
-4203
-4590
-3628
183
3796
4657
3871
3328
3588
3976
5214
5945
6083
5861
4037
2130
1630
2692
3686
4076
2922
2180
2744
-398
-3760
-4003
-1194
2667
2918
419
-3851
-7346
-6918
-3578
336
2448
1977
-3396
-7886
-8222
-6711
-3494
-3112
-4726
-6243
-7563
-8376
-8064
-4049
-598
-1090
-4382
-5838
-3108
847
4212
4650
4136
3516
3729
5476
6954
9292
10776
9976
8413
7995
8971
10049
9779
9363
10292
9142
6576
3123
882
2737
4624
5093
2522
-2189
-5429
-6875
-5475
-3276
-2394
-4098
-8063
-11100
-11178
-8595
-6290
-5868
-7289
-7951
-7260
-6758
-3585
440
2156
1829
320
-591
1887
6810
9394
9004
6004
3626
3329
4115
6738
7556
6003
2633
-1936
-3715
-1403
2912
3888
1398
-984
-4214
-6868
-7555
-6086
-1806
759
-978
-4748
-8486
-9574
-6524
-2078
462
898
-1859
-5961
-7609
-6615
-3874
-2473
-3623
-5298
-6644
-7245
-7311
-5552
-1312
1366
165
-2628
-3854
-1782
2400
5773
7403
7206
5241
4139
5787
8786
11434
12296
10614
8027
7035
8721
10974
12016
12916
11103
7058
3414
895
2436
5669
6801
4042
-1532
-5203
-6758
-5228
-2027
-1757
-3969
-7667
-11172
-12089
-9790
-6615
-6205
-8371
-11004
-10791
-8366
-5282
-2006
-390
-294
-1133
-1528
84
4199
7714
8403
6871
4545
4182
5296
6944
6927
5632
4657
2835
1360
1386
3562
4307
2947
3160
1736
-2071
-5137
-6087
-3208
296
961
-1205
-6121
-10670
-10810
-6061
-997
1031
-1636
-7955
-11713
-11816
-9201
-6074
-5322
-6760
-9798
-12355
-13014
-9539
-2891
739
-1274
-4564
-4634
-2037
2595
6868
9693
10367
7792
5755
7242
11523
15886
17314
14890
11082
9668
11301
13525
15065
15701
12894
7845
3285
1240
2772
5032
5171
1357
-3439
-6565
-8412
-7987
-6272
-5367
-7230
-9620
-11784
-13442
-12209
-10308
-9519
-9483
-8885
-8449
-8483
-6841
-3476
973
3755
4118
2683
2144
4979
8024
10305
10986
10031
8243
6141
5869
6590
8225
8318
5120
1452
77
2632
5466
7604
4955
-2823
-7994
-8777
-3242
2017
1677
-2488
-9825
-14052
-13109
-6577
-656
-96
-4619
-12784
-15418
-12857
-8224
-5645
-7748
-10918
-14200
-14657
-12865
-8437
-3786
-2803
-4838
-6779
-3749
267
4026
6487
7249
9365
9946
10093
11174
13238
15257
15946
16255
14819
13615
13354
13595
15535
16394
14998
11153
5640
3113
4284
5991
6093
2493
-3153
-7236
-8294
-7142
-5022
-4730
-8434
-12839
-15669
-16489
-13883
-10488
-10104
-12364
-14471
-14863
-12305
-7467
-3411
-1689
-1600
-2115
-1715
1958
6698
9016
8696
7420
6704
7961
9980
10049
9629
8653
7300
6693
7290
8749
8040
9231
9034
4439
1536
263
1903
4124
4021
1841
-2395
-6513
-9025
-7329
-3802
-763
-1881
-8533
-13225
-15438
-14342
-11543
-11285
-11832
-13628
-16230
-19027
-18262
-12599
-7610
-7350
-10314
-10614
-8128
-3173
2054
4857
6497
6561
6529
7871
11911
16081
17522
17054
15532
14487
15666
18466
18695
17812
16505
13866
11865
10321
9856
8724
7107
5107
1951
-380
-2879
-5006
-6486
-6741
-6682
-8374
-10899
-14776
-17255
-16151
-13266
-10976
-10849
-12031
-13661
-13162
-10126
-5866
-2060
-1225
-1819
-2107
-648
3240
6787
8331
7460
5614
5195
6106
8449
9635
7739
6582
6790
7520
9324
11329
9174
3482
518
1378
5844
8371
5816
1326
-4230
-6358
-4468
-653
2032
678
-4334
-10377
-11783
-9724
-7496
-8055
-11539
-13451
-14224
-14768
-15138
-13646
-10616
-9541
-11349
-12742
-9852
-5724
-2586
-1013
362
2893
4424
5702
7323
10069
13339
15390
15347
13920
13689
14677
16573
16660
16046
14882
11370
9449
8920
9410
9320
5791
1099
-1691
-1239
-716
-1246
-4076
-8010
-10044
-10934
-10857
-11095
-11078
-11300
-12239
-12549
-11961
-9091
-6767
-6288
-6171
-4698
-2622
-1004
1096
1901
2659
3624
3918
4308
5063
5868
5457
4776
4186
4453
6090
7519
6687
7011
8228
4825
803
-41
3669
7731
6949
4166
-100
-3198
-3400
-1114
2187
4219
3172
-3200
-8254
-9009
-7832
-6124
-7443
-9352
-10814
-12513
-14338
-15286
-12024
-8113
-8096
-10813
-11220
-9189
-7048
-4705
-2377
67
1711
2340
2791
4900
8405
10958
12361
12598
12544
12888
14475
15000
14232
14298
13909
11845
9435
9083
9043
7627
5361
2507
782
-100
-881
-1537
-2339
-3644
-6002
-9189
-11390
-10958
-9473
-8539
-9069
-10852
-10390
-8635
-7929
-6585
-4250
-2028
-1376
-1672
-1305
72
2025
3600
2932
1631
2569
2641
2540
2855
2250
3126
5074
4564
3311
6090
6908
3199
-23
612
5514
7743
5730
1677
-2144
-2587
-1086
1436
3873
4574
764
-5385
-7168
-4866
-2094
-3180
-7878
-10804
-10654
-9355
-10105
-9924
-7923
-7723
-9856
-11069
-7613
-3896
-1895
-1871
-3099
-2335
-214
2686
4740
6762
7947
7942
8546
9529
10809
13252
14664
12278
10494
9646
9158
9660
9682
9630
7110
3365
658
-734
203
653
-888
-3709
-5677
-6072
-7059
-7974
-8868
-10050
-10288
-10227
-10408
-9577
-6523
-4790
-5507
-4919
-2590
-850
570
2634
3787
4867
6304
5771
4267
4613
4939
4285
4367
4377
4291
4365
4364
2604
3369
6953
4792
-592
-3658
-1471
2872
4128
2769
-1340
-4941
-6683
-5666
-1029
3675
4239
-2554
-8915
-9328
-6289
-2433
-2603
-5531
-8402
-10380
-11685
-10823
-6054
-2383
-3777
-8737
-9794
-6500
-1901
2372
2306
1702
1387
1334
3387
7129
10355
10026
8621
7840
8478
10858
13582
12862
9676
8521
8173
8244
7582
6617
5355
3068
879
-1067
-1415
-1335
-2352
-4678
-6787
-7581
-8231
-8428
-8899
-9803
-10243
-10123
-9827
-9512
-7874
-5452
-4826
-4901
-3019
-532
1408
2673
2878
3204
5295
7280
6955
6299
5653
5007
4743
4649
5094
5859
6451
4086
3046
5538
5313
1831
-2329
-1988
2358
4242
2357
-1812
-5370
-7032
-6238
-3121
738
2335
-2175
-8317
-10372
-8156
-5041
-4583
-5569
-7522
-9430
-11056
-11179
-7373
-3368
-2648
-5666
-7584
-5176
-1459
1845
4262
4957
4271
4629
5863
8761
12427
13105
12197
11285
11337
12709
14517
15307
14077
11695
9707
8356
6709
6679
6511
4503
1939
-1888
-4841
-5855
-5290
-4866
-6208
-8493
-11402
-13535
-14272
-13708
-13093
-12642
-12679
-13869
-13791
-12235
-9794
-7402
-5348
-3294
-2513
-2246
-1150
814
3970
7023
6742
5202
4847
5290
6750
7819
8334
8151
8017
6791
5648
8613
11194
9266
3756
269
2007
4986
5993
3821
237
-3012
-5315
-5137
-1641
2449
924
-5070
-9145
-9462
-7808
-7019
-7020
-7525
-9204
-11927
-14096
-11629
-6849
-4479
-5725
-8105
-7521
-4903
-1776
1078
3033
3623
3707
4229
6040
9979
12573
13177
12747
12036
12585
14297
16171
16340
15107
13221
11852
10501
9350
9322
8283
5805
2194
-717
-1379
-1446
-2228
-3918
-6114
-8273
-9900
-11550
-12164
-12086
-12555
-12983
-13951
-14002
-12851
-11467
-10249
-9971
-8464
-5869
-4270
-3724
-3171
-1681
831
2825
2630
2128
2038
2790
3921
3829
4528
5290
5290
4655
3594
5657
9074
8450
3479
-643
870
5418
6894
4525
1521
-1099
-2909
-3041
-1046
3073
4050
-1731
-7624
-8176
-5553
-4079
-5204
-6557
-7349
-9191
-11219
-10936
-7686
-3750
-3771
-6696
-7252
-5525
-2757
416
2743
3693
3849
4217
5518
7389
9561
12155
13071
12809
12236
11863
13427
15180
14963
13639
13006
11812
9739
8341
7807
7070
5091
2749
676
-498
-1069
-2465
-4871
-6422
-7242
-8806
-10348
-11555
-12552
-13102
-12516
-12300
-12534
-11905
-11920
-12070
-10254
-6658
-4251
-4202
-4945
-4927
-3081
-51
1873
2257
2717
2686
1476
1219
3004
5033
6660
6861
5125
3033
2917
5302
6770
5908
2794
-286
37
1989
2556
1791
677
-1455
-3525
-2953
-239
1585
-502
-4929
-6428
-4115
-2746
-5113
-7440
-6414
-5329
-6747
-8397
-7400
-4741
-3636
-4651
-5078
-3009
-690
-375
9
2269
4632
5977
6739
7305
7818
8587
10130
12072
13532
13539
12336
11432
11766
12314
12013
11150
9879
8012
5998
4826
3704
2672
2223
1272
-498
-2844
-4797
-5556
-5426
-5952
-8096
-10522
-11581
-11550
-11579
-10966
-10370
-10912
-11298
-10635
-9039
-6893
-5365
-5061
-5001
-4121
-2587
-1219
195
1414
1619
1589
1858
2273
3106
3827
3492
3151
4037
5261
4675
1809
214
2083
4491
4000
830
-1609
-808
1469
2344
1733
455
-1277
-2555
-2169
193
2470
879
-2940
-4943
-4161
-2540
-2970
-4404
-4965
-4536
-4816
-5567
-5245
-4232
-2984
-2863
-2618
-2017
-1398
84
2016
3704
3850
3983
5438
7738
8872
8576
8838
9775
10593
9927
9196
9155
9106
8848
8078
7604
6752
5000
3391
2957
3138
2783
1726
121
-1598
-3159
-4410
-4957
-5068
-5568
-6993
-8445
-8401
-8160
-8585
-8634
-8048
-7162
-7044
-7600
-7555
-6107
-4099
-3048
-2888
-2499
-1986
-1539
-516
655
1542
2096
2421
2319
2134
2596
3002
2663
1900
1741
1718
1384
1162
543
-281
-734
-697
-683
-1067
-1960
-3177
-3614
-2838
-1403
-348
-593
-2390
-4323
-4067
-1377
1270
1402
-312
-1979
-2035
-838
-232
7
211
608
1034
1031
1122
1608
2453
3290
4197
4832
5085
5046
5226
6239
6884
6770
6382
6150
6014
5715
5247
5003
4974
4511
3707
2625
2233
2075
1577
1231
601
-89
-644
-914
-1712
-2646
-2973
-3178
-3342
-3763
-4537
-5671
-5894
-5304
-4914
-4924
-5573
-6310
-6731
-6365
-5506
-4423
-3345
-3426
-4314
-4237
-3065
-1921
-927
-427
-147
564
1186
1551
1230
592
904
2042
2854
2373
1146
559
825
801
508
381
-39
-551
-1228
-1800
-1976
-2160
-2367
-2698
-2817
-2750
-2878
-3029
-2831
-2182
-1698
-1441
-1095
-637
305
1486
1926
2003
2743
3349
3826
5327
6592
6938
7042
7044
7535
8487
9181
8881
7921
7310
7309
7508
7161
5769
3587
2372
2228
1827
941
-477
-1654
-2440
-3128
-4218
-5255
-5075
-4517
-4794
-6123
-7130
-7401
-7049
-6282
-5696
-5128
-5321
-5959
-6116
-5064
-3491
-2884
-2917
-3152
-2884
-2105
-901
26
131
33
-414
-400
362
1540
2502
2622
2173
1609
1827
2199
2410
2685
2453
1856
1223
1146
1423
1609
1356
257
-757
-1100
-821
-591
-979
-1835
-2712
-2777
-2639
-2684
-2654
-2850
-3383
-3804
-3331
-2469
-1593
-1197
-1583
-1909
-1736
-806
344
1520
2248
2462
2715
2949
3826
5006
6257
6770
6695
7331
8090
8483
7985
7542
7476
7418
7400
6828
6053
5027
3961
2846
2157
1871
1163
156
-1376
-2786
-3782
-4274
-4754
-5704
-6266
-6497
-6785
-7506
-8414
-8798
-8278
-7414
-6936
-6814
-7024
-6929
-6410
-5486
-4544
-3862
-2807
-1909
-1480
-1251
-815
58
888
1478
1903
2406
3039
3399
3183
2818
2929
3236
3345
3174
2869
2783
2722
2398
1776
1434
1362
872
243
-59
76
34
-351
-892
-1573
-1852
-1781
-1604
-1433
-1327
-1566
-1959
-1895
-1336
-296
498
329
-564
-614
840
2361
3095
3061
3047
3447
3844
4008
4375
5437
6187
5868
5028
4684
5155
5629
5272
4135
3302
3105
2924
2268
1219
267
-328
-544
-959
-1726
-2593
-3508
-4260
-4910
-5250
-5147
-5011
-5444
-6459
-7216
-7194
-6609
-5963
-5561
-5631
-6001
-6103
-5385
-3891
-2575
-2232
-2632
-2731
-1869
-283
958
1232
898
576
945
1979
3213
3851
3563
2804
2363
2805
3552
3896
3571
3053
2557
2054
1779
1589
1377
935
398
-207
-679
-724
-734
-1042
-1670
-1937
-1669
-1279
-1089
-1308
-1439
-1207
-743
-249
299
719
657
582
1034
1983
2962
3481
3539
3573
4001
4652
4993
5064
5149
5345
5414
5101
4623
4219
4048
3726
3106
2377
1684
1133
423
-224
-872
-1449
-1880
-2446
-3108
-3971
-4491
-4738
-4836
-5036
-5594
-6054
-6378
-6238
-6114
-6126
-6242
-6322
-5950
-5520
-4960
-4520
-4017
-3646
-3424
-2837
-1815
-510
204
422
542
1102
2006
2674
3073
3169
3459
3722
3786
3706
3608
3585
3315
2912
2579
2523
2414
1838
954
382
327
250
-250
-1078
-1695
-1900
-1873
-1919
-2064
-2121
-2159
-2311
-2507
-2408
-1800
-845
-135
-87
-367
-121
889
2048
2774
3011
3335
3914
4494
4988
5546
6229
6582
6523
6389
6526
6850
6848
6443
5887
5442
4977
4209
3232
2363
1698
971
-35
-1236
-2227
-2934
-3636
-4529
-5361
-5887
-6336
-6870
-7471
-7791
-7835
-7972
-8261
-8473
-8215
-7637
-7199
-7123
-7193
-6946
-6127
-4912
-3828
-3182
-2836
-2397
-1609
-488
650
1559
2224
2656
3108
3682
4325
4893
5229
5367
5289
5150
5066
4995
4831
4452
3987
3504
2853
2022
1248
853
744
403
-398
-1406
-2167
-2417
-2283
-2024
-2015
-2383
-2861
-3134
-2993
-2450
-1634
-812
-422
-645
-961
-514
841
2272
2990
3063
3133
3590
4323
5142
5845
6200
6149
5992
6183
6633
6725
6228
5568
5205
5020
4535
3659
2784
2157
1588
753
-326
-1327
-2096
-2821
-3711
-4667
-5392
-5792
-6193
-6946
-7881
-8485
-8528
-8338
-8377
-8671
-8850
-8689
-8287
-7822
-7286
-6600
-5873
-5221
-4493
-3475
-2274
-1206
-415
295
1175
2168
3106
3912
4569
5029
5250
5399
5705
6129
6331
6077
5549
5106
4864
4642
4264
3662
2862
1973
1191
681
347
-92
-815
-1692
-2418
-2761
-2755
-2677
-2805
-3127
-3331
-3203
-2791
-2304
-1905
-1597
-1282
-814
-147
631
1318
1857
2373
2969
3670
4394
5080
5590
5851
5992
6203
6557
6889
6975
6697
6169
5642
5238
4845
4261
3486
2668
1824
831
-259
-1201
-1965
-2799
-3853
-4900
-5631
-6115
-6657
-7354
-8029
-8547
-8912
-9078
-8956
-8620
-8352
-8324
-8397
-8252
-7653
-6636
-5474
-4540
-4009
-3648
-2997
-1855
-512
600
1367
1990
2645
3376
4146
4851
5318
5464
5502
5714
6055
6204
5973
5505
5015
4600
4270
4002
3668
3078
2265
1448
778
199
-298
-590
-758
-1134
-1902
-2718
-3043
-2806
-2398
-2152
-2125
-2246
-2408
-2398
-1987
-1167
-272
297
415
338
510
1200
2256
3156
3515
3448
3448
3851
4505
5045
5271
5191
4971
4828
4904
5033
4837
4234
3550
3101
2748
2182
1451
766
109
-797
-1902
-2732
-3098
-3418
-4210
-5347
-6232
-6570
-6638
-6829
-7159
-7409
-7492
-7511
-7478
-7220
-6717
-6175
-5759
-5356
-4748
-4002
-3317
-2710
-1997
-1134
-344
288
914
1648
2303
2688
2954
3343
3883
4305
4390
4225
4059
4032
4032
3867
3519
3121
2819
2568
2203
1743
1280
874
519
218
5
-200
-547
-999
-1304
-1318
-1143
-957
-872
-872
-940
-987
-782
-223
522
1030
1121
1094
1315
1862
2486
2985
3325
3511
3581
3606
3740
4022
4251
4153
3776
3481
3460
3522
3241
2578
1885
1459
1279
1029
557
-144
-982
-1736
-2224
-2451
-2739
-3312
-3989
-4485
-4798
-5191
-5648
-5819
-5621
-5447
-5672
-6041
-6024
-5564
-5036
-4709
-4451
-4015
-3429
-2910
-2496
-2032
-1412
-702
-57
396
701
994
1389
1845
2168
2301
2334
2401
2492
2489
2349
2163
2023
1891
1696
1450
1269
1181
1065
786
375
86
130
409
555
320
-121
-355
-128
378
764
803
567
418
590
1047
1565
1913
2056
2038
2010
2133
2429
2810
3076
3160
3140
3106
3066
3017
3050
3172
3215
2989
2577
2264
2153
2016
1653
1154
739
386
-100
-697
-1165
-1443
-1796
-2415
-3133
-3605
-3753
-3844
-4118
-4560
-4973
-5174
-5114
-4902
-4689
-4581
-4549
-4498
-4327
-3914
-3282
-2642
-2209
-1977
-1731
-1283
-644
23
539
864
1091
1353
1682
2004
2200
2255
2286
2330
2297
2140
1962
1836
1707
1457
1076
711
447
256
108
6
-149
-511
-1015
-1287
-1066
-619
-454
-742
-1099
-1086
-708
-258
79
342
526
571
580
806
1393
2100
2508
2426
2147
2141
2589
3246
3687
3738
3523
3260
3125
3226
3516
3768
3661
3142
2578
2280
2181
1963
1515
1020
570
47
-621
-1255
-1716
-2158
-2737
-3313
-3676
-3918
-4299
-4823
-5192
-5260
-5240
-5294
-5312
-5154
-4954
-4870
-4730
-4298
-3612
-3009
-2669
-2409
-1952
-1218
-401
285
739
1015
1275
1692
2309
2939
3310
3332
3147
2994
3013
3167
3338
3328
2982
2362
1757
1461
1444
1419
1120
541
-67
-436
-538
-577
-764
-1102
-1378
-1428
-1333
-1274
-1303
-1330
-1258
-1085
-857
-587
-291
-55
91
265
602
1064
1430
1574
1651
1853
2159
2424
2598
2731
2826
2793
2662
2618
2725
2795
2596
2223
1942
1824
1695
1334
814
344
15
-273
-681
-1180
-1678
-2131
-2579
-3056
-3448
-3676
-3862
-4202
-4660
-4923
-4800
-4551
-4509
-4647
-4641
-4316
-3849
-3422
-2985
-2463
-1993
-1687
-1335
-659
288
1098
1501
1674
1969
2504
3103
3578
3905
4055
4001
3819
3672
3716
3838
3745
3305
2674
2144
1800
1525
1212
812
327
-183
-648
-991
-1161
-1259
-1436
-1694
-1881
-1892
-1752
-1571
-1451
-1371
-1221
-973
-721
-480
-202
107
425
692
891
1089
1278
1395
1481
1702
2058
2261
2116
1773
1595
1788
2121
2175
1852
1404
1079
986
1066
1108
865
309
-296
-634
-640
-589
-870
-1541
-2255
-2661
-2724
-2648
-2736
-3160
-3772
-4230
-4302
-4060
-3781
-3751
-3959
-4110
-3993
-3660
-3233
-2779
-2321
-1909
-1563
-1181
-653
37
692
1147
1511
1959
2485
2939
3257
3508
3750
3924
3938
3881
3913
4006
3955
3642
3250
2965
2754
2466
2063
1704
1450
1141
661
123
-248
-410
-525
-708
-943
-1188
-1410
-1555
-1511
-1262
-1035
-1041
-1173
-1163
-885
-469
-139
50
169
249
301
398
644
968
1140
1050
826
673
657
740
829
849
735
429
55
-161
-123
9
-37
-339
-767
-1112
-1287
-1329
-1360
-1486
-1749
-2118
-2437
-2588
-2594
-2596
-2716
-2898
-2997
-2949
-2853
-2804
-2742
-2554
-2251
-1975
-1777
-1565
-1227
-810
-444
-81
373
851
1142
1232
1398
1840
2421
2783
2814
2747
2805
2962
3093
3191
3294
3291
3073
2762
2585
2578
2514
2218
1824
1557
1418
1223
875
499
236
64
-115
-318
-477
-618
-820
-1012
-1032
-866
-726
-777
-911
-883
-618
-326
-180
-147
-109
-17
102
262
478
650
625
427
281
369
578
621
403
83
-144
-247
-313
-406
-557
-806
-1142
-1463
-1641
-1685
-1766
-1991
-2287
-2498
-2602
-2672
-2735
-2758
-2747
-2793
-2905
-2953
-2816
-2542
-2288
-2150
-2072
-1952
-1742
-1398
-934
-439
-75
99
259
617
1197
1778
2153
2336
2482
2682
2934
3217
3475
3612
3560
3364
3211
3202
3249
3175
2918
2580
2281
2048
1818
1588
1384
1189
938
611
316
136
41
-68
-204
-307
-390
-508
-671
-750
-651
-474
-400
-501
-622
-600
-448
-271
-139
-69
-56
-110
-153
-41
191
348
260
8
-145
-92
29
51
-75
-301
-561
-797
-945
-942
-937
-1140
-1545
-1937
-2110
-2118
-2133
-2250
-2441
-2643
-2847
-2968
-2902
-2720
-2600
-2660
-2761
-2691
-2440
-2161
-1941
-1727
-1471
-1210
-971
-658
-230
202
496
699
999
1428
1833
2065
2187
2354
2596
2824
2972
3076
3154
3149
3048
2933
2922
2982
2924
2654
2303
2059
1932
1797
1565
1297
1042
779
506
277
152
68
-94
-335
-511
-520
-451
-471
-599
-682
-618
-483
-392
-359
-323
-255
-187
-106
50
251
368
335
274
356
573
723
668
506
392
381
400
394
349
198
-79
-389
-561
-564
-596
-829
-1216
-1573
-1780
-1906
-2042
-2197
-2378
-2603
-2839
-2993
-2966
-2849
-2824
-2903
-2937
-2794
-2527
-2303
-2138
-1944
-1701
-1448
-1175
-828
-425
-88
106
269
590
1046
1419
1589
1672
1827
2040
2196
2304
2432
2544
2531
2359
2229
2264
2338
2260
2008
1769
1635
1533
1382
1205
1072
931
705
447
301
308
301
140
-91
-219
-204
-169
-175
-190
-173
-167
-209
-232
-134
81
255
291
245
252
374
533
671
787
884
914
849
786
837
980
1056
938
710
532
443
356
211
20
-200
-449
-727
-984
-1167
-1339
-1585
-1872
-2128
-2286
-2388
-2534
-2694
-2820
-2879
-2885
-2881
-2839
-2760
-2666
-2573
-2452
-2268
-2018
-1764
-1541
-1315
-1065
-777
-492
-232
37
334
617
842
1032
1235
1452
1625
1737
1843
1948
2025
2041
2013
2002
1993
1961
1888
1779
1658
1520
1395
1309
1250
1172
1022
825
673
607
597
588
537
435
299
202
189
268
356
358
266
151
122
202
338
447
476
427
363
357
455
635
781
796
705
611
603
677
774
817
744
572
368
229
178
151
40
-207
-526
-827
-1044
-1198
-1346
-1544
-1825
-2133
-2395
-2548
-2594
-2606
-2665
-2779
-2891
-2921
-2818
-2625
-2413
-2236
-2098
-1950
-1734
-1430
-1085
-759
-491
-261
-25
232
508
764
991
1183
1336
1462
1551
1628
1688
1731
1758
1760
1731
1660
1550
1436
1365
1343
1317
1220
1041
857
736
697
698
675
600
470
334
252
267
345
390
344
221
137
159
260
368
398
361
310
309
391
525
652
713
691
655
669
759
880
938
911
823
737
681
630
561
436
265
63
-160
-381
-593
-802
-1027
-1270
-1514
-1722
-1906
-2080
-2243
-2385
-2467
-2487
-2469
-2439
-2401
-2341
-2243
-2090
-1898
-1685
-1472
-1273
-1075
-855
-605
-346
-99
112
292
475
664
854
1024
1141
1231
1300
1363
1426
1461
1474
1451
1406
1358
1324
1293
1238
1159
1051
947
868
800
724
621
507
397
286
182
85
8
-67
-150
-234
-309
-347
-358
-349
-325
-291
-261
-222
-151
-48
95
235
352
439
519
634
771
903
1004
1056
1065
1054
1055
1070
1063
1015
921
783
633
498
380
254
86
-129
-356
-563
-749
-922
-1089
-1273
-1468
-1660
-1825
-1942
-2026
-2087
-2151
-2212
-2258
-2263
-2208
-2108
-1982
-1851
-1721
-1586
-1418
-1202
-950
-683
-429
-212
-21
180
398
636
882
1087
1243
1347
1441
1547
1663
1778
1842
1845
1819
1786
1765
1743
1696
1610
1488
1353
1225
1098
964
820
653
475
299
132
-12
-148
-294
-434
-565
-673
-746
-794
-822
-831
-824
-792
-738
-653
-537
-409
-274
-138
-5
133
287
450
605
726
810
863
914
975
1021
1030
989
896
779
682
590
479
325
115
-101
-306
-477
-630
-814
-1037
-1267
-1468
-1628
-1738
-1843
-1966
-2095
-2198
-2230
-2210
-2163
-2112
-2074
-2008
-1892
-1719
-1521
-1324
-1138
-949
-719
-454
-166
107
338
555
777
1030
1299
1532
1707
1824
1917
2029
2160
2274
2324
2294
2214
2130
2072
2036
1972
1831
1628
1410
1217
1079
963
815
618
377
147
-20
-122
-191
-281
-417
-582
-717
-776
-771
-731
-713
-733
-772
-805
-782
-698
-575
-456
-382
-369
-371
-338
-244
-108
10
74
50
-17
-62
-47
29
110
126
51
-87
-223
-288
-287
-269
-303
-422
-598
-770
-884
-918
-906
-914
-991
-1128
-1274
-1356
-1346
-1274
-1202
-1187
-1217
-1251
-1227
-1107
-933
-748
-617
-545
-483
-371
-173
89
341
523
635
715
833
1028
1265
1479
1621
1675
1687
1728
1810
1923
2004
2015
1954
1839
1732
1646
1577
1504
1395
1235
1023
803
602
433
285
136
-24
-206
-391
-571
-713
-810
-879
-932
-995
-1057
-1101
-1101
-1068
-1010
-926
-838
-744
-645
-531
-399
-269
-135
-11
90
186
263
324
360
376
377
346
302
232
138
22
-105
-233
-373
-514
-656
-796
-933
-1053
-1153
-1237
-1297
-1339
-1368
-1375
-1369
-1334
-1268
-1173
-1059
-941
-823
-706
-583
-448
-287
-127
14
154
274
384
497
608
723
827
914
976
1015
1057
1104
1159
1214
1249
1264
1280
1306
1341
1386
1423
1439
1431
1401
1366
1336
1306
1260
1183
1073
947
813
684
558
415
266
97
-79
-236
-380
-498
-614
-733
-846
-950
-1025
-1076
-1102
-1113
-1118
-1114
-1089
-1044
-982
-908
-828
-736
-640
-540
-449
-371
-305
-246
-189
-134
-92
-75
-79
-110
-148
-182
-217
-258
-327
-403
-490
-574
-637
-691
-732
-777
-824
-852
-870
-878
-871
-848
-819
-785
-745
-688
-619
-529
-417
-302
-176
-47
88
228
362
515
663
814
949
1066
1178
1264
1358
1440
1503
1540
1549
1544
1521
1496
1470
1433
1383
1316
1241
1170
1101
1036
977
907
835
755
671
596
512
425
344
254
159
56
-48
-153
-264
-366
-464
-562
-654
-737
-806
-868
-920
-954
-986
-1005
-1005
-998
-979
-953
-912
-866
-820
-771
-719
-663
-615
-573
-537
-521
-519
-525
-524
-531
-550
-575
-605
-640
-682
-713
-734
-753
-772
-786
-798
-801
-787
-766
-727
-689
-638
-587
-531
-454
-373
-275
-186
-96
0
95
203
319
443
553
659
757
841
928
1014
1094
1164
1221
1264
1310
1351
1377
1402
1409
1411
1400
1380
1356
1323
1282
1242
1199
1138
1069
1006
941
863
775
685
601
505
375
240
144
66
-40
-193
-340
-435
-513
-604
-710
-808
-880
-940
-978
-989
-977
-963
-968
-961
-899
-795
-713
-684
-674
-625
-541
-460
-405
-398
-407
-397
-381
-384
-411
-432
-437
-482
-591
-694
-733
-716
-706
-748
-838
-933
-965
-909
-808
-741
-730
-738
-721
-637
-486
-329
-236
-176
-92
14
106
190
294
413
508
555
613
695
737
726
761
897
1037
1083
1039
1002
1032
1087
1156
1228
1244
1203
1178
1125
1058
1046
1067
1073
1000
901
847
779
701
584
386
435
954
1075
-61
-1248
-675
1018
1298
-555
-2175
-1700
-372
-24
-431
-987
-1699
-2045
-1430
-377
-263
-1226
-1821
-1131
25
276
-590
-1564
-1074
811
1755
678
-824
-837
426
1210
892
235
-196
-418
-236
282
95
-771
-1195
-857
-317
-439
-1150
-1632
-1380
-655
-308
-671
-1426
-1457
-388
225
-236
-769
-578
-68
106
254
357
183
240
660
717
311
440
1123
1414
1037
607
982
1546
1183
713
1229
1882
1542
706
503
1145
1524
840
125
304
757
827
535
-21
-427
-298
-39
37
36
-142
-393
-401
-350
-481
-485
-401
-462
-271
110
-29
-598
-855
-552
-88
4
-357
-501
-167
-25
-224
-334
-357
-486
-487
-222
-37
-93
-350
-755
-879
-551
-343
-533
-701
-660
-587
-411
-325
-749
-1124
-715
7
232
-34
-322
-266
63
124
-51
37
228
234
322
503
323
-152
-411
-193
263
387
35
-279
-173
25
15
-73
-171
-192
51
476
722
604
361
327
552
823
1004
1055
986
1065
1365
1431
1080
777
805
975
1163
1314
1123
597
271
374
551
482
125
-236
-151
144
73
-264
-576
-791
-768
-583
-492
-436
-482
-797
-1061
-972
-725
-632
-768
-849
-685
-533
-642
-864
-887
-635
-341
-377
-630
-587
-311
-218
-344
-469
-423
-228
-127
-192
-209
-265
-436
-415
-269
-205
-172
-283
-486
-466
-321
-320
-305
-229
-242
-293
-298
-192
-48
-11
-35
18
175
309
288
164
213
519
821
855
617
475
600
747
834
974
1130
1145
951
717
709
869
1004
1148
1219
1117
975
831
610
483
564
733
895
932
719
281
-158
-337
-186
41
112
154
146
-134
-630
-974
-950
-706
-447
-322
-234
-220
-580
-1102
-1344
-1122
-678
-368
-263
-296
-483
-935
-1245
-1073
-708
-486
-460
-393
-333
-451
-792
-1062
-879
-508
-253
-176
-134
-117
-288
-502
-575
-425
-230
-82
76
153
98
-141
-337
-356
-308
-160
6
112
145
132
66
13
49
10
27
215
502
836
919
696
519
602
726
803
905
992
1247
1522
1449
1079
719
567
748
1161
1302
1127
863
591
440
382
307
240
321
346
195
27
-164
-275
-259
-260
-357
-444
-469
-435
-385
-497
-695
-822
-819
-699
-596
-616
-769
-908
-931
-773
-551
-514
-649
-826
-869
-695
-420
-299
-351
-402
-403
-290
-179
-182
-148
-59
14
75
111
42
-28
62
230
350
278
81
27
135
162
9
-69
47
198
159
-111
-333
-302
-165
-169
-303
-354
-203
6
30
-137
-339
-362
-125
206
437
466
410
451
581
641
575
558
724
1044
1306
1267
1014
769
693
749
756
722
718
734
649
373
56
-133
-129
-26
-5
-93
-246
-391
-520
-637
-643
-543
-460
-506
-661
-763
-767
-748
-714
-672
-595
-504
-451
-441
-519
-634
-647
-473
-182
16
38
-63
-177
-200
-160
-126
-69
55
232
334
291
138
-46
-156
-116
83
315
406
313
142
7
-42
-30
11
72
140
200
202
140
10
-120
-130
-31
113
162
103
41
34
48
-21
-96
-38
123
241
177
71
70
162
267
292
265
224
247
315
367
352
259
225
271
317
243
100
68
147
251
224
135
94
84
78
11
9
82
167
185
85
-53
-177
-198
-169
-171
-204
-269
-272
-298
-442
-645
-783
-698
-519
-425
-462
-567
-595
-581
-573
-577
-526
-362
-158
-21
-50
-171
-256
-217
-71
67
179
253
288
247
137
67
70
139
222
299
342
283
156
37
1
57
144
187
182
190
196
145
36
-22
63
221
321
313
236
179
192
242
242
186
185
306
436
401
226
98
125
284
418
405
293
216
279
393
404
316
263
345
477
507
405
256
180
211
268
260
185
102
29
-61
-174
-263
-336
-420
-498
-539
-549
-589
-683
-780
-842
-861
-841
-806
-779
-771
-763
-733
-693
-656
-632
-621
-583
-499
-378
-276
-266
-297
-281
-194
-102
-64
-32
56
168
215
173
137
201
323
383
367
341
389
486
514
444
371
395
481
514
469
404
405
458
465
403
304
256
273
281
264
225
174
115
42
-24
-49
-10
40
61
44
0
-23
-4
52
119
177
249
291
278
253
247
300
363
391
383
364
368
329
229
143
110
142
138
51
-60
-158
-187
-230
-325
-388
-423
-415
-437
-518
-574
-601
-573
-560
-591
-582
-591
-595
-579
-553
-512
-511
-486
-482
-483
-439
-401
-349
-336
-286
-203
-137
-125
-195
-160
-101
-1
84
166
296
96
30
171
173
169
169
460
412
124
269
250
236
187
347
545
187
268
321
190
251
199
401
257
204
354
206
335
240
219
284
147
234
233
335
319
194
299
212
141
170
229
275
188
257
224
60
58
71
76
62
97
84
-69
-68
-30
-76
-129
-169
-145
-186
-180
-146
-207
-199
-227
-250
-248
-266
-196
-209
-217
-225
-292
-287
-303
-297
-269
-248
-197
-219
-289
-308
-262
-209
-181
-163
-145
-111
-30
6
-65
-110
-60
38
109
125
118
104
140
173
96
35
50
133
239
239
146
17
0
68
54
28
10
24
56
40
-20
-123
-130
-40
8
-5
-62
-58
-15
17
31
-2
15
63
129
178
155
166
196
264
306
276
295
305
351
359
315
321
313
374
403
341
260
190
220
235
221
191
143
132
91
0
-128
-198
-174
-151
-169
-257
-369
-418
-437
-476
-554
-612
-589
-523
-497
-538
-607
-629
-578
-515
-476
-473
-447
-357
-265
-190
-183
-211
-216
-168
-51
14
52
89
105
149
137
110
106
116
209
258
280
266
203
215
166
165
191
199
266
235
244
227
171
174
115
142
186
236
310
244
190
130
118
187
178
204
201
225
277
211
172
99
101
188
201
230
167
131
146
96
80
11
5
60
71
71
-25
-89
-125
-156
-164
-209
-203
-206
-215
-251
-336
-362
-360
-324
-306
-328
-319
-319
-290
-267
-268
-238
-218
-172
-139
-130
-100
-91
-49
-6
9
28
14
19
43
50
79
88
94
114
101
95
79
70
94
105
116
95
61
49
22
25
32
32
61
61
59
34
-16
-12
5
55
95
81
82
64
54
44
6
12
45
98
131
78
32
12
33
82
96
123
139
157
171
133
105
106
154
217
213
178
131
108
108
78
43
20
27
38
-7
-93
-166
-178
-148
-140
-171
-212
-232
-223
-235
-279
-322
-324
-269
-216
-217
-243
-261
-230
-178
-149
-137
-119
-67
-13
3
-13
-22
3
67
117
130
123
106
126
147
163
169
169
189
194
187
162
127
121
133
152
150
123
91
63
63
48
31
32
27
30
10
-19
-37
-53
-39
-31
-38
-45
-63
-63
-76
-89
-98
-109
-97
-104
-99
-90
-84
-66
-62
-51
-47
-39
-25
-23
-14
-9
6
22
20
24
25
41
45
35
36
26
31
30
23
17
9
16
8
0
-15
-24
-12
-11
-10
-24
-33
-27
-22
-10
-15
-17
-9
5
20
3
-4
6
18
33
33
36
42
56
78
67
70
70
68
85
74
70
67
55
54
47
43
34
21
24
19
11
-9
-23
-27
-33
-38
-50
-52
-48
-57
-68
-83
-87
-82
-76
-73
-79
-75
-74
-68
-62
-65
-58
-54
-46
-42
-44
-40
-34
-17
-5
1
5
13
28
33
35
31
34
41
41
35
39
41
43
45
37
36
41
42
40
35
25
15
8
10
12
10
9
6
5
4
1
-2
-3
-6
-4
2
5
10
13
22
29
29
33
33
29
34
44
48
44
42
42
41
41
21
-2
-6
-9
-14
-22
-32
-39
-38
-44
-51
-58
-58
-55
-67
-68
-63
-61
-64
-67
-57
-54
-53
-50
-44
-29
-29
-35
-22
-5
-14
-29
-20
-1
-8
-23
-6
20
20
1
7
36
41
19
28
69
74
54
51
78
93
71
63
80
95
81
61
60
67
60
36
25
31
35
15
-2
-2
-7
-22
-38
-45
-47
-54
-66
-80
-81
-86
-87
-75
-66
-54
-51
-43
-31
-14
-2
-1
10
20
36
46
45
40
35
38
32
27
25
29
30
25
16
6
-2
-9
-11
-9
-16
-25
-35
-38
-37
-44
-53
-53
-50
-43
-40
-34
-29
-24
-18
-14
-10
-8
-5
-2
-2
0
2
5
10
16
27
35
31
26
34
49
56
50
44
53
57
62
57
50
53
44
50
54
50
44
29
17
11
1
-10
-11
-9
-11
-16
-25
-32
-35
-41
-35
-36
-41
-39
-42
-51
-61
-64
-60
-48
-38
-37
-40
-40
-37
-35
-31
-23
-10
4
12
13
14
14
10
11
10
17
19
20
17
12
12
8
8
16
23
27
22
15
14
12
4
-3
2
4
5
6
-1
-5
-9
-15
-12
-3
-2
-3
-3
2
8
15
22
20
25
28
21
21
17
13
19
21
25
25
26
24
15
12
11
14
14
14
16
13
11
1
-6
-5
-9
-8
-6
-5
-10
-19
-23
-26
-24
-21
-17
-19
-26
-35
-41
-44
-43
-40
-36
-30
-29
-29
-26
-25
-23
-25
-17
-11
-6
1
6
7
7
11
14
9
7
5
4
6
6
6
7
7
11
10
8
9
6
3
3
5
6
2
1
8
14
18
17
21
23
15
9
9
9
11
16
14
12
10
9
10
8
9
13
18
17
19
18
17
21
23
27
25
25
30
25
20
20
20
16
11
8
9
9
4
-1
-9
-14
-19
-23
-25
-28
-31
-29
-30
-36
-37
-38
-42
-50
-52
-47
-46
-46
-38
-30
-28
-23
-19
-18
-20
-17
-13
-6
-3
-1
2
1
7
3
4
1
-8
0
2
3
3
4
6
1
3
6
5
11
6
9
6
2
4
-2
1
-1
-3
1
4
10
9
12
19
21
30
35
43
56
68
82
100
111
116
125
134
148
159
153
156
159
155
167
154
146
139
124
117
88
68
49
24
1
-29
-50
-78
-105
-118
-148
-165
-191
-211
-216
-243
-255
-271
-278
-274
-289
-290
-286
-276
-263
-251
-241
-235
-213
-197
-177
-158
-147
-117
-96
-72
-39
-18
10
28
44
52
55
67
72
90
96
108
124
129
141
150
167
183
197
209
209
218
224
229
226
228
226
218
226
217
208
199
187
192
178
169
160
144
146
134
119
100
87
77
58
50
36
21
16
8
1
-11
-18
-25
-39
-47
-67
-90
-108
-119
-128
-144
-154
-172
-198
-222
-244
-259
-273
-284
-302
-326
-341
-353
-352
-346
-337
-324
-318
-308
-284
-257
-230
-207
-182
-148
-119
-93
-62
-25
11
42
70
88
106
126
145
158
178
186
192
195
190
192
200
209
215
219
223
230
230
234
231
226
225
224
225
222
219
215
200
181
166
152
138
122
100
78
56
32
11
-7
-25
-45
-62
-75
-90
-105
-112
-115
-108
-108
-109
-113
-115
-110
-108
-98
-95
-92
-87
-84
-85
-84
-82
-84
-81
-80
-81
-78
-78
-82
-91
-99
-105
-109
-108
-111
-110
-112
-111
-106
-110
-109
-105
-103
-84
-66
-47
-31
-22
3
21
42
66
83
102
112
127
140
150
170
171
176
174
166
166
152
136
119
105
89
67
53
34
16
5
-13
-22
-38
-45
-45
-65
-55
-58
-54
-42
-51
-39
-37
-34
-20
-24
-11
-4
-11
3
1
11
22
17
28
17
24
36
24
36
30
30
31
22
25
8
7
-1
-13
-5
-25
-18
-19
-23
-15
-40
-40
-56
-66
-66
-81
-72
-80
-90
-82
-87
-79
-75
-78
-71
-67
-56
-46
-41
-29
-26
-8
10
22
42
48
65
73
73
91
89
98
107
103
112
104
100
94
78
81
71
64
64
57
51
37
32
32
26
19
11
2
-2
-10
-12
-18
-26
-33
-37
-43
-49
-49
-58
-60
-69
-71
-68
-71
-66
-69
-68
-67
-65
-51
-46
-47
-39
-39
-33
-30
-28
-15
-10
0
9
16
28
32
34
30
26
21
19
23
23
28
27
26
28
16
16
24
24
25
20
23
27
27
28
24
22
19
16
10
-1
-4
-6
-10
-12
-10
-6
-8
-6
-6
-11
-4
-2
0
5
5
12
17
20
19
23
32
33
40
38
36
35
32
30
24
24
16
12
7
0
1
-6
-11
-25
-37
-40
-49
-50
-57
-58
-61
-67
-60
-63
-59
-53
-54
-48
-46
-42
-42
-39
-33
-30
-23
-18
-18
-14
-11
-5
0
7
14
17
22
21
29
31
37
47
45
52
55
54
58
57
57
53
47
43
40
36
22
22
19
15
12
9
16
16
14
17
17
13
11
5
0
3
1
3
-1
-5
-1
-6
-5
-4
-5
-3
-3
1
4
7
7
10
13
11
14
14
12
10
5
0
-10
-15
-24
-35
-40
-49
-57
-61
-63
-61
-58
-54
-54
-62
-63
-67
-70
-65
-63
-55
-51
-42
-36
-28
-14
-6
1
11
20
28
36
45
48
50
56
59
62
65
62
60
59
55
50
46
44
43
40
34
28
24
22
17
12
5
0
-2
-1
-4
-14
-17
-20
-26
-31
-31
-31
-30
-32
-31
-27
-29
-29
-21
-13
-9
-2
-1
-3
-1
-1
8
13
20
30
37
46
47
54
52
49
53
47
47
39
39
42
35
24
8
3
-5
-14
-22
-24
-29
-41
-44
-53
-58
-57
-57
-53
-50
-44
-42
-46
-41
-33
-29
-26
-26
-18
-11
-18
-19
-20
-24
-22
-19
-16
-10
-5
0
8
9
11
16
18
23
29
29
26
23
21
25
27
27
31
27
27
28
24
23
21
23
20
13
10
3
1
1
-3
-4
-9
-5
2
-1
-2
-1
