-24
-10
-7
-17
-19
-7
-4
6
11
10
21
19
16
23
17
16
25
28
40
52
46
42
39
27
25
20
10
15
9
9
19
18
14
19
18
8
20
19
21
22
2
2
4
3
12
14
4
1
3
-9
3
7
6
3
-17
-20
-20
-19
-17
-9
-3
-12
-13
-21
-18
-11
-15
-6
-8
-10
-8
2
-5
-10
-6
-9
1
-3
1
-8
-17
-14
-17
-13
-17
-8
-15
-19
-13
-21
-24
-29
-21
-9
-2
-7
-12
-4
-8
2
3
6
6
3
24
25
29
30
28
21
21
31
31
31
31
32
17
17
31
28
34
31
20
7
12
11
12
20
10
11
3
2
-13
-14
2
4
5
-4
-3
-22
-20
-7
-10
12
3
-10
-24
-27
-22
-21
-11
-12
-18
-29
-34
-43
-45
-33
-26
-26
-26
-23
-33
-33
-25
-18
-6
3
1
-7
-3
-2
-4
4
7
2
-3
4
-5
-5
9
15
17
5
10
11
17
25
19
25
22
30
33
29
29
20
20
17
21
20
14
7
1
11
18
23
20
14
2
-4
1
11
5
5
7
-8
-4
-8
-1
2
-2
2
-12
-8
-9
-6
2
-7
-13
-21
-13
-18
-17
-14
-26
-13
-12
-5
-10
-27
-21
-30
-18
-1
7
11
-3
-14
-19
-18
-7
2
5
-4
-18
-24
-32
-24
-14
-12
-8
-17
-13
3
13
25
15
16
17
12
28
36
48
42
34
28
20
32
30
40
43
30
27
14
14
19
24
22
21
15
3
-7
-12
-3
-4
4
-5
-7
-10
-20
-10
-14
-11
-28
-33
-34
-40
-28
-26
-27
-37
-40
-46
-37
-28
-29
-21
-33
-31
-25
-18
-10
-10
0
-5
-10
-9
7
15
17
23
15
11
0
-3
1
4
21
13
10
6
-4
6
10
16
23
21
13
0
-1
5
13
18
19
24
25
21
22
21
19
17
10
8
10
8
7
7
1
4
8
6
14
13
18
21
3
6
14
6
-3
1
-4
-10
-11
-9
-5
-5
-5
-14
-19
-20
-14
-8
-16
-20
-18
-12
-2
-6
-10
-3
-4
-13
-13
-12
-6
8
-1
0
-1
-10
-11
-26
-25
-11
-3
-5
-8
-3
-6
-1
-5
-14
-10
-10
-4
-4
-3
5
13
8
-5
-2
-4
0
-7
-1
12
24
26
6
0
0
4
-1
-3
14
15
13
13
25
35
18
0
2
21
21
23
18
18
24
7
13
11
12
19
12
15
-2
0
6
-3
-17
-28
-17
-5
2
-8
-5
-2
-11
-18
-16
-3
-2
-7
-12
-1
-4
-18
-21
-17
5
-11
-25
-13
-6
6
-7
-18
-21
-35
-22
-11
-5
2
-2
-15
-37
-30
-25
-20
-7
0
14
25
28
21
4
1
15
5
26
77
73
59
51
20
-2
8
23
41
68
80
73
46
28
13
-19
6
48
12
9
75
36
-37
-34
-7
7
-34
-38
14
14
-9
-41
-66
-15
10
-81
-91
-26
-34
-75
-116
-57
-3
-86
-101
-79
-110
-87
-72
-58
-34
-51
-7
15
-73
-94
-36
30
79
24
47
192
129
-18
-29
57
142
78
86
225
188
66
44
52
29
-8
3
110
139
19
-17
41
-18
-141
-179
-51
72
-33
-93
0
8
-121
-222
-194
-79
-20
-43
10
65
15
-44
-63
-49
-44
-48
70
164
85
62
141
109
-30
-95
-10
97
106
70
82
135
90
-45
-98
-44
13
20
49
103
100
30
-75
-123
-108
-72
6
31
17
6
9
-23
-138
-177
-103
-38
17
72
63
-32
-55
-6
-89
-151
-44
63
88
69
80
74
-62
-74
-3
-29
31
84
63
76
25
-13
-37
-103
-30
31
51
95
-2
-39
5
-71
-86
-35
9
34
12
57
47
-63
-53
-14
-43
-9
46
86
71
12
-4
-47
-73
-19
-29
-50
63
137
51
-57
-25
71
-22
-164
-38
133
82
-39
-18
92
41
-80
-52
-7
-38
7
67
59
17
17
44
-23
-81
-40
-2
36
35
-7
16
26
-8
-77
-55
66
59
-72
-82
26
56
0
-49
-10
41
75
2
-121
-72
59
43
-45
-7
76
43
-52
-32
-3
-38
-71
-15
67
57
22
-36
-35
-21
-4
-11
-63
-34
65
112
9
-75
-33
37
14
-22
3
28
53
46
-19
-5
30
-63
-37
50
82
10
-30
17
33
2
5
15
-19
40
33
-35
-65
-80
10
93
19
41
-54
-36
10
-87
-82
-24
79
84
24
12
11
-88
-68
-36
27
53
64
-8
-31
59
-12
-99
-45
66
13
-21
-27
78
20
-91
-4
29
-11
-9
-29
-7
60
3
-30
-24
39
-8
-78
19
26
-12
-8
7
23
10
82
-2
-71
-21
-7
14
53
61
-28
10
58
-4
-65
-49
37
89
38
18
-13
-73
-38
5
43
59
8
-26
-10
-59
-96
-20
39
51
-23
-42
33
-70
-56
-22
-54
7
27
38
-10
-10
-26
-44
-5
-2
-5
3
98
11
-80
31
5
-21
-1
10
61
64
-2
6
33
8
-6
-3
-1
66
39
-49
49
48
-55
-34
76
-18
-99
105
168
14
-122
-77
25
-92
-117
95
161
116
-13
-226
23
-7
-346
101
281
64
35
44
84
-198
-409
45
301
-135
70
278
66
-121
-298
128
44
-273
-5
287
203
-188
-184
167
102
-358
-114
195
65
3
-118
137
55
-96
33
-240
12
204
-212
-77
186
22
33
-137
-76
279
-254
-159
376
9
-65
-98
121
312
-403
-229
485
66
-242
16
117
136
-160
-85
176
0
29
-109
4
221
-120
-50
230
42
-239
-78
262
38
-191
63
253
90
-204
-166
113
101
-21
-94
-55
380
126
-422
-205
212
257
-195
-233
270
267
-290
-105
130
-163
-132
190
204
-84
-181
10
344
-212
-474
-116
190
282
-183
-307
296
149
-411
-243
-25
31
-125
99
172
-49
-318
-127
115
75
-312
-52
441
-191
-281
213
176
-339
22
467
25
-559
162
306
47
64
-46
283
82
-112
-285
124
175
266
114
-190
293
180
-225
-358
59
382
108
8
98
-122
42
150
-205
-245
175
336
266
-355
-267
507
159
-323
-355
494
195
-331
94
328
-244
-246
350
90
-314
-230
483
-103
-345
180
138
-122
-332
-142
454
-99
-614
76
398
-276
-615
-52
361
-29
-750
317
141
-353
-95
-237
-225
79
-31
73
-76
-171
173
-334
54
60
-256
-183
574
173
-131
-373
203
623
-552
-223
450
649
-90
-484
612
567
-591
-208
596
446
-393
337
579
-49
-246
265
320
-223
37
118
654
-59
-336
57
292
309
-461
-328
508
330
-345
-308
86
275
-193
-318
340
-206
-287
259
-229
83
-174
-417
347
178
-463
-161
98
33
-187
-435
143
242
-362
-143
107
70
-346
-524
145
177
-358
-298
217
7
-18
-497
-323
328
-532
102
78
-251
170
-37
-194
-74
-16
-231
101
155
446
-531
191
612
-179
-266
11
889
-150
-208
433
451
-87
375
-81
87
322
161
433
-392
282
855
-18
-595
370
458
298
-657
116
970
-68
-374
-73
141
267
-242
-431
815
-143
-407
-216
362
-197
-798
170
553
-333
-612
166
-286
-113
-383
-17
-98
-83
-129
-500
-59
73
-615
-165
385
-55
-323
-443
121
-143
2
-86
-331
440
303
-648
-6
205
-194
-36
292
300
-221
-64
361
136
-493
88
424
284
178
-69
272
103
-224
306
16
97
745
-124
227
23
2
299
-131
-120
726
289
-515
414
-63
172
-14
-157
-28
459
2
-192
-58
329
217
-745
210
224
-171
-218
217
-10
73
-327
-256
62
-370
165
136
-354
64
-49
-557
-243
90
-128
-274
235
210
-624
-743
443
-30
-628
91
263
-442
-58
23
-401
-120
-113
507
-504
-576
523
363
-707
-117
636
-107
-428
-20
525
-160
-111
220
530
-73
-90
266
249
103
-38
-1
519
552
-370
-19
561
398
-249
-523
677
778
-563
336
433
-5
94
-8
-208
111
694
-131
-261
785
97
-306
-153
-67
458
-269
-203
615
296
-62
-299
-108
101
-479
-225
393
-8
189
296
-434
-285
-284
-184
-178
-340
611
-101
-413
134
-148
-497
-683
193
-75
-216
-253
-48
-120
-272
-166
-158
-603
74
-160
-740
355
-75
-235
2
-178
-403
-154
-187
-451
497
64
-257
-25
76
318
-566
-473
1115
-33
-275
708
210
0
-7
461
-17
260
421
834
-159
502
755
-517
-112
1110
440
-403
770
777
193
-177
213
-58
359
95
394
349
-99
303
498
-377
-521
437
135
-19
-393
217
43
-166
114
-165
-873
13
819
-1002
-589
200
-227
-464
-275
-238
-158
33
-567
-363
-335
-903
238
-247
-445
263
-294
-305
-482
-51
-379
-720
340
300
-574
48
61
-94
-440
-49
31
-24
58
-208
253
323
-112
-315
396
459
-177
-215
478
388
123
-265
200
982
-98
-80
325
832
-389
-371
910
300
-66
320
986
-74
-228
379
378
-249
207
1046
-40
53
415
229
61
-552
474
939
-895
334
818
-309
-220
-329
480
45
-423
-299
691
-146
-474
-505
-230
-22
224
-1012
204
73
-384
-408
-944
265
-566
179
-529
109
-622
-183
-517
-188
-291
-485
25
344
-306
-1315
566
252
-351
-1231
738
780
-727
-633
557
-138
-98
372
-431
322
44
421
-346
270
137
113
272
288
164
-557
645
826
-392
-114
1317
-344
-113
606
-410
141
883
260
126
125
949
-663
-472
873
348
10
65
1237
-224
142
-69
-281
-223
925
235
-166
91
422
270
-769
-176
-351
411
172
-289
-304
369
-68
-623
-550
-135
-82
186
-872
-33
948
-707
-685
-332
294
-476
-690
-147
672
-283
-379
80
-426
-526
-351
92
-603
17
496
93
-574
-141
-193
-987
861
-286
-385
315
381
251
-823
62
82
-268
-269
867
551
143
-393
94
307
-79
-327
559
879
-175
656
307
-238
-399
583
166
372
731
-207
384
591
-240
-186
14
481
213
-115
913
518
-360
-226
56
-596
348
625
54
102
163
-379
195
-139
-444
-737
96
820
200
-487
-295
-154
-460
-133
-744
29
-33
534
-692
-52
-199
-502
-327
-605
326
294
-580
101
1024
-1690
-579
141
398
146
-550
503
661
-371
-917
-555
681
1092
-819
-679
1322
713
-1089
-822
1246
960
-1545
125
1256
213
-664
-702
1222
837
-1395
69
1123
-140
-830
-273
1045
112
-45
-41
183
-152
92
0
-930
566
143
-328
782
294
-816
52
134
878
-567
-723
604
-56
133
16
-119
824
510
-764
-975
733
373
-1331
374
1075
1100
-996
-492
760
-485
-1432
193
1504
-244
26
350
417
-541
-1472
-102
653
-211
320
652
-97
129
-1802
-31
865
-520
206
-500
578
188
-697
-668
274
-222
-72
282
-278
-271
-592
238
101
-447
353
745
-995
-561
44
363
104
61
-134
320
50
-710
77
234
394
76
574
15
148
-280
506
-66
0
1025
-433
86
1325
60
-410
1148
-616
-4
110
-119
927
-182
1003
121
-1313
681
-464
-11
78
-192
623
347
-506
-470
-502
-14
113
-495
718
-592
284
-454
-239
-547
-191
177
207
-309
174
485
-773
-222
-376
277
-113
640
-341
432
-361
-293
192
-350
-60
-17
740
-482
890
-541
-1023
519
598
-474
-753
815
1072
-961
-779
1378
-655
-382
35
500
-243
124
-12
205
-105
-150
-582
236
672
-945
694
434
-248
-151
-21
55
-701
-238
1139
-275
322
-223
339
114
-673
-132
-173
306
729
-54
-260
751
-526
-457
77
-309
792
-626
704
1020
-1205
144
-446
-141
815
-740
-407
1116
868
-993
27
-74
-608
420
-728
228
754
532
-258
-213
-430
482
-898
-1043
1336
533
-240
343
158
-198
-813
-731
95
673
401
-489
503
199
193
-1172
-412
410
264
-34
-153
950
3
-532
-530
191
198
-523
117
1543
-716
-539
426
-210
321
-1252
616
740
-13
299
-17
-701
113
-572
-1
843
-163
1110
-829
-270
205
-441
-501
529
105
61
491
470
-355
-1280
343
-153
6
569
-6
28
366
57
-623
-1283
630
323
135
1040
-103
-950
-232
655
-983
-814
1502
621
-418
479
-487
-127
-1192
299
887
-450
405
446
85
-147
-396
-112
196
-718
469
649
-464
705
-247
-583
380
-184
-77
-529
467
210
-484
608
1023
-1242
-757
649
-133
-128
220
316
63
369
-272
-237
-193
-1007
800
633
-62
655
-893
21
341
-1120
286
-162
688
1125
-1547
364
1613
-1930
-1256
958
890
359
-987
1023
543
-1450
-273
684
272
-751
-626
941
873
-270
-934
-128
890
-530
-605
372
169
-133
-79
632
565
-876
-464
314
-578
137
430
358
690
-941
-504
472
103
-204
-736
-63
1104
312
230
-800
-632
866
-1306
-19
1331
-180
-257
419
909
-649
-1478
120
681
-60
-507
1044
873
-455
-605
-182
424
-1412
-607
1704
960
-233
-285
324
-137
-963
-196
562
70
190
1077
61
-674
450
125
-839
-647
53
1004
269
-313
370
-60
410
-905
-1058
-20
555
1127
-92
-598
42
25
-1073
159
801
318
-626
-32
862
-1059
-1016
212
644
391
-327
-18
250
-399
-554
-997
308
931
-335
789
1080
-1343
-1285
171
378
-682
-58
1834
940
-862
-883
114
-409
-884
400
1253
415
452
-275
-708
-378
-182
198
206
960
186
-571
230
659
-731
-937
956
544
-358
86
625
-18
-651
302
591
110
-658
-623
714
650
390
26
-660
281
-269
-658
643
147
-188
362
384
-94
-1017
-529
263
5
126
266
199
157
-821
-586
107
-4
3
-237
242
465
-695
-580
542
-250
-743
-47
718
-158
-896
-328
270
161
-455
-86
545
-89
-993
-489
76
218
-14
144
526
-208
-60
354
-347
-307
357
-125
581
659
434
795
-131
-226
-198
162
1108
31
-11
1461
721
61
27
-486
-230
389
576
88
923
677
-523
-44
-275
-388
-562
327
268
-154
313
118
-253
-798
-584
-111
-409
-494
352
474
-191
-711
-404
-191
-484
-632
-307
317
359
130
-112
-562
-469
-374
-667
48
425
276
349
-158
-468
-199
-400
-449
291
517
371
295
85
-205
-340
-214
345
565
47
-66
587
526
-467
-595
-263
445
588
47
354
283
-428
-569
-230
540
524
290
219
-85
62
-92
-512
-430
174
816
-55
102
663
-222
-1031
-886
170
120
-169
90
266
375
-140
-580
-264
-390
26
58
24
669
390
394
391
145
309
-63
69
595
297
122
268
538
525
-143
-451
-445
-299
129
-212
-240
17
-626
-457
302
422
458
394
818
705
157
581
681
530
1079
1609
1384
779
103
-380
-1074
-832
-741
-830
-805
-1495
-1691
-2305
-2356
-2624
-3482
-3250
-2765
-2249
-1528
-1506
-1423
-1150
-1205
-899
-733
192
949
1262
2166
2406
2478
2692
2410
2499
2301
2342
2738
2477
2260
1818
1961
1421
316
126
-424
-641
-177
-273
-349
-434
-911
-1090
-1119
-758
-526
-27
561
602
1102
932
964
1376
1165
1502
1760
1853
1497
1090
1166
965
162
-483
-659
-866
-907
-1181
-1251
-1508
-2616
-3255
-2663
-2744
-2620
-2087
-2056
-1756
-1667
-1256
-1685
-2239
-1884
-912
235
1625
2075
2106
2087
2308
4105
3962
2212
273
316
2440
2212
237
132
351
-268
-1982
-2945
-2853
-5183
-6440
-4103
-2535
-3160
-4316
-5157
-4500
-5054
-4495
-2471
-1850
-1303
314
3875
5574
5095
4413
4615
5505
5823
6814
8029
8419
8112
6684
5743
5034
2381
61
-299
40
-70
-282
-1789
-3269
-4514
-6295
-6116
-5150
-3831
-2955
-1758
1109
2302
1655
153
-808
-270
143
1182
2788
4005
4180
2549
1386
319
-2474
-3247
-2477
-1008
300
-311
-905
-3025
-5492
-7171
-7650
-6242
-5197
-3250
-930
832
1295
-707
-1686
-2128
-1418
1123
2975
5630
6475
5951
4886
2707
1612
37
-43
1560
2628
3388
2962
1572
-479
-3360
-4376
-4146
-2785
-1472
-448
714
-325
-1171
-2388
-3702
-4272
-3654
-819
2584
4880
8107
10783
9920
4211
-2109
-1947
600
2239
3024
5856
8522
6334
462
-5815
-11206
-15175
-13657
-7522
-1441
-225
-2547
-4898
-7966
-11509
-13321
-10796
-5670
-568
6092
11629
12729
9005
3379
1433
2577
5543
9335
12681
14643
13105
9391
5484
934
-3392
-6132
-6109
-3210
-300
403
-1805
-5540
-8691
-11082
-11714
-9486
-5605
-1757
1329
3701
4798
3985
2031
605
2100
6011
10581
12899
11186
7451
2416
-1412
-3637
-4286
-2962
-1435
199
506
-2049
-7318
-12231
-14274
-12546
-8497
-4315
-674
431
-273
-1662
-2631
-3172
-3613
-1444
3583
8951
11638
10452
7609
4084
1174
289
1069
3187
4313
4181
3149
1780
-870
-4843
-7709
-7896
-4923
-1774
-434
-638
-896
-1540
-2224
-2223
-1405
78
844
2527
4088
4023
3059
771
-1224
-1138
286
2151
5425
9837
12291
8153
75
-4517
-5062
-3815
-3449
-1062
3948
6111
3170
-3721
-10494
-15827
-16777
-11067
-3003
1929
1861
226
-1613
-5247
-8513
-9119
-6296
-1002
5286
12205
15302
12079
5692
433
-711
1117
3540
6584
9295
9132
6548
3091
-1052
-5647
-9334
-9216
-5043
-482
1748
1404
-531
-3436
-6054
-7105
-5325
-1934
1257
4597
6995
8015
6712
3610
1273
1064
2954
5736
7901
7447
4495
838
-2804
-6173
-8304
-7337
-4335
-1875
-432
-1360
-3913
-6703
-8758
-8236
-6203
-2470
1355
3209
4302
3679
2528
1000
-1314
-1444
682
4067
6022
6102
5093
2286
-263
-2705
-3914
-2770
-1363
-126
552
1251
1226
-1358
-4127
-5622
-4840
-1841
802
2217
2616
2425
1625
657
-344
-942
-981
-45
2004
3356
2875
-220
-2944
-3703
-3433
-1562
550
3802
8436
11317
9470
2223
-4309
-5115
-3224
-1106
1334
5327
8156
5202
-1649
-8999
-14156
-15094
-10466
-2864
1999
2059
-299
-3224
-7300
-10668
-11050
-7602
-1866
4633
10809
13058
10420
4406
-692
-1224
1175
4664
8128
10049
9916
7720
3604
-1132
-5450
-7814
-6837
-2957
1393
3367
2581
-159
-3166
-5541
-6272
-4453
-1566
2053
5430
6896
6740
4710
1870
204
179
1960
5596
8463
7978
4314
-916
-4425
-7042
-8873
-7709
-4758
-1571
266
-38
-2797
-6921
-10067
-9018
-4593
-718
2586
4397
4675
3685
1325
-817
-2620
-2350
54
3457
6432
6381
4315
543
-2499
-3414
-3773
-2635
-1009
1101
3063
2718
1079
-1355
-4189
-5390
-4282
-1283
1541
2760
2584
1510
267
-1574
-2352
-2457
-1871
627
3067
4254
2742
-272
-2825
-4238
-4464
-3552
-1979
1900
7699
11810
13156
8824
1903
-3964
-5926
-3809
-130
4385
7297
8721
5068
-2306
-11029
-17673
-17525
-12803
-4896
1794
4140
2216
-2704
-7747
-10837
-10809
-7659
-1351
6714
13494
15729
12403
6554
966
-1701
-404
3287
7468
10141
10238
7566
3217
-2341
-7436
-9761
-8277
-4285
-172
2850
2959
864
-2321
-5684
-6726
-4960
-1187
2995
6662
8591
7864
5575
2588
999
1484
3574
5452
5500
4334
1332
-2682
-6491
-9126
-9410
-7806
-5449
-2624
-1199
-2148
-4175
-5760
-5104
-3292
-1418
709
2217
3315
3848
2995
1591
166
-324
471
2163
3522
3482
2515
786
-482
-1284
-2246
-2317
-2019
-1133
227
783
499
-956
-2763
-3141
-2276
-876
1247
2390
2646
2013
1014
1239
956
-91
-250
218
1705
2300
4
-1758
-2845
-2388
-1223
-1766
-1479
-786
864
4701
8043
9989
8365
2586
-1912
-2755
-1789
-405
235
2181
4239
2100
-2484
-9475
-15000
-16647
-13409
-5653
-169
1771
119
-2398
-4296
-6448
-7174
-5374
-416
6609
12542
15283
13408
7814
2148
-793
436
3626
6283
8106
7937
5926
2663
-2414
-6347
-8826
-8694
-4947
-704
2850
4131
2307
-700
-3115
-4080
-2521
-60
3748
7000
8432
8308
6076
4425
2853
957
-872
-1008
458
594
-1567
-4519
-6091
-8005
-8951
-8697
-7755
-5410
-3621
-1041
531
48
-628
-1106
-884
236
623
2273
3966
3618
3250
1832
922
-153
-1423
-1566
-764
592
1485
1209
184
-1102
-2644
-3450
-2727
-879
637
1030
954
997
795
686
-101
310
2108
2587
3559
3914
3052
2203
313
-188
-264
-1731
-1178
-1293
-1848
-1099
-3389
-4219
-4929
-4116
1000
5279
11042
11026
5442
-990
-5252
-4177
-3876
-2344
2091
7235
7979
1664
-7912
-15590
-18415
-14928
-6714
654
4671
3506
507
-3487
-7525
-8104
-6661
-1464
5448
11734
16305
14144
8094
1799
-1827
-134
2640
5679
8176
8317
6522
2802
-962
-3846
-6839
-7846
-5301
-1262
2886
3842
2675
1400
-1116
-2397
-2676
-1067
2882
5691
7863
8457
6944
5098
2115
-641
-2869
-3271
-1330
-474
-1817
-4231
-6912
-9010
-9347
-9402
-7546
-5293
-3026
54
818
946
-326
-1420
-1010
-475
860
2417
3336
3116
2701
1859
206
-1754
-3245
-2769
-1549
-670
86
71
-36
-383
-1756
-2471
-1951
-968
667
1500
2156
2574
2108
2047
1957
2678
2898
2498
1969
850
1009
1273
1418
1385
-481
-1601
-1453
-1639
-1546
-2187
-2985
-3086
-1624
2406
8138
11491
10200
6395
846
-1856
-2532
-2060
196
2126
5326
6109
2328
-5533
-13205
-16780
-15119
-9076
-2788
1745
1256
-1522
-4575
-7118
-8029
-7494
-3161
3266
9654
13115
12226
7841
2418
-910
-955
2003
4725
6000
5465
3655
1180
-2534
-5765
-7433
-7535
-5758
-2429
956
2550
1557
-359
-1092
-177
1668
2725
3839
5720
7258
8459
7861
6907
5486
2511
146
-1339
-1046
-1000
-2695
-4867
-6241
-7589
-8043
-7254
-6634
-4632
-3728
-2076
-306
-9
494
-481
-422
410
1577
2710
2714
1983
1573
2480
2194
1007
-1116
-2691
-2083
-939
89
370
155
332
385
-872
-986
-954
-598
647
1566
3204
3510
2626
1385
625
505
696
556
661
1156
1044
233
-1433
-2205
-2735
-3088
-2948
-2963
-1774
-1167
-1219
1737
6072
9988
9250
3934
-944
-2997
-2378
-1562
-54
2152
4910
3340
-1615
-7836
-13662
-14884
-12540
-6996
-1807
927
1270
-821
-4786
-8008
-8216
-5082
226
5594
10612
13551
12749
8782
3606
233
-305
1210
3533
5713
6802
5325
1389
-3975
-7351
-8361
-7747
-5707
-2683
845
2883
3349
2289
407
-775
-271
2248
6525
9548
10591
9687
9137
9001
6449
2987
-626
-1616
-1172
-1326
-2201
-3410
-5707
-7858
-9755
-11100
-9372
-7584
-4243
-1231
199
812
-660
-1996
-2773
-2881
-1540
1133
3340
5011
5274
3949
2225
-670
-2762
-3491
-2856
-1367
16
1448
1631
367
-2330
-4494
-4857
-3669
-1914
78
1929
3661
4504
3565
2008
-621
-2634
-2929
-1258
1671
4234
4802
3593
946
-2431
-4836
-6777
-6528
-3364
1826
7789
12331
13617
9917
2475
-4949
-7997
-5224
-968
3814
7641
9271
7353
-473
-9685
-17150
-19841
-15688
-7220
1319
6482
5569
629
-5346
-10125
-10095
-6994
-1218
6412
13024
17173
16073
10471
3907
-904
-1651
724
3764
6615
7402
5514
1991
-2911
-6890
-10037
-11548
-9974
-6435
-1877
1186
1884
909
-835
-1844
-1467
331
3825
7051
9059
10723
10955
9375
6100
1701
-360
-732
-378
815
582
-751
-2705
-6114
-9978
-11625
-11363
-8236
-5110
-2885
-790
-1358
-2666
-4143
-4753
-4187
-2747
-669
2371
5424
6937
6658
4201
1487
-485
-1027
37
1715
3186
3940
2910
1360
-152
-2104
-2976
-3378
-2798
-1365
94
1784
2484
1212
202
-161
-986
-491
-419
398
1568
1522
1875
695
-498
-1055
-2098
-1932
1473
6094
10573
12035
8456
3705
-2096
-4437
-4168
-3647
331
3734
4843
2300
-4263
-10799
-15750
-17232
-13399
-8310
-3818
-449
-654
-1674
-4188
-6531
-5956
-4045
1341
7487
12574
15860
14793
11285
6756
3492
2665
3399
4650
5752
5589
3675
539
-3350
-6558
-9267
-10403
-9631
-7313
-4603
-2456
-1456
-2171
-2507
-2363
-803
1795
4919
8102
9266
9234
9144
9081
7907
5637
3121
1713
1275
303
-970
-3213
-5155
-6453
-7182
-6117
-5617
-5648
-5763
-5629
-4160
-3284
-3420
-3912
-4474
-3821
-2166
-774
1063
2712
3961
4787
4155
3350
2603
2213
2778
3377
3927
4049
3525
2668
1005
-883
-1942
-1773
-845
-146
-411
-532
-527
-731
-812
-2187
-2936
-3165
-3040
-1680
-543
325
110
-1129
-1611
199
2590
5374
7865
8475
7499
3665
605
-430
-1019
-257
1514
4069
4877
1839
-3615
-8837
-12412
-13242
-11870
-9540
-7201
-6798
-7414
-8582
-9009
-8199
-6860
-4356
-886
4019
8922
12686
14145
13474
11861
10413
9936
9164
8469
7783
7417
6892
5553
3150
-305
-3890
-7381
-9581
-10688
-10234
-8534
-6903
-5241
-4326
-3887
-3601
-3048
-1686
604
3630
7136
10213
11625
11750
10530
8786
6253
3274
1435
325
391
265
-497
-1677
-3891
-6190
-8468
-9834
-9721
-8594
-6739
-4730
-3146
-2335
-2402
-3099
-3357
-2957
-1690
411
2368
4010
4577
3965
3148
2506
2239
2313
2442
3122
3661
3174
2073
358
-1150
-2255
-2461
-1966
-899
-406
-673
-757
-1861
-2002
-2825
-3661
-2997
-1954
121
679
61
-391
771
3405
7228
8799
6756
3833
500
353
264
787
3100
4682
6220
5154
2049
-1815
-5843
-8662
-9358
-9035
-7376
-5890
-6320
-7011
-8617
-9653
-10312
-10313
-7967
-4273
-23
4052
7243
9363
10502
10327
9886
9461
9651
10468
10250
9498
8426
7835
7050
4997
1955
-2329
-6094
-8288
-8376
-7145
-6442
-6775
-7778
-8191
-7202
-5432
-4135
-3048
-1780
315
2723
4789
6453
6998
7168
7192
7454
7430
6353
4510
2343
1017
979
1383
704
-1347
-4219
-6611
-8343
-9427
-9531
-8988
-7597
-5839
-3917
-2354
-1227
-698
-534
-474
-108
1315
3107
5225
6166
6013
5286
3948
3099
1992
1529
1620
1715
2387
2533
1776
-234
-2562
-3781
-3706
-3170
-2827
-2321
-2137
-1553
-1680
-2413
-3009
-3516
-2389
-705
2244
5340
6681
5554
2385
-247
-2211
-2952
-2116
944
4428
6169
5721
3602
1203
-1514
-3304
-4317
-4227
-3223
-1887
-646
-970
-2595
-5538
-8488
-10367
-10240
-7727
-4100
-391
2133
3734
4591
4611
3718
2625
2881
4589
7100
9144
10237
10257
8906
6716
4455
2556
1103
-122
-983
-1040
-1218
-2127
-3761
-5432
-5949
-5566
-4599
-3515
-2736
-2413
-2304
-2203
-1723
-744
25
880
1556
2352
3230
3193
2681
2296
2545
3195
3384
2932
2177
827
-1037
-2927
-4300
-4605
-4429
-3953
-3451
-2983
-2282
-1480
-613
-478
-1063
-1652
-1733
-860
405
1781
3082
3787
4175
3612
2149
580
-589
-375
255
907
1214
904
243
-1162
-2636
-3619
-3456
-2313
-798
118
440
72
-612
-539
106
2110
3574
3834
3129
1669
753
-639
-1838
-2140
-1367
-175
263
-94
-688
-1069
-1766
-2512
-3246
-3347
-2622
-1742
-719
59
363
105
-663
-1499
-2109
-2657
-2773
-2096
-731
808
1986
2664
2667
1974
691
-189
-286
464
1973
3564
5023
5495
4968
3880
2499
1302
478
470
1193
1962
2102
1659
1184
1058
1036
742
168
-576
-973
-923
-576
-320
-673
-1169
-1390
-1385
-1081
-922
-926
-702
-488
-19
184
-435
-1077
-1473
-1168
-678
-955
-1562
-2347
-2749
-2562
-2017
-1117
-486
-466
-791
-1206
-1643
-1720
-1607
-881
193
925
1744
1996
1861
1352
636
429
570
1164
1785
2015
1389
390
-277
-857
-1266
-1661
-1602
-1036
-615
-496
-435
-551
-917
-886
78
2366
4260
4404
3349
2049
1373
694
-42
-278
516
1724
2262
1784
477
-780
-1837
-2310
-2325
-2233
-2408
-2882
-2968
-2707
-2280
-2249
-2445
-2559
-2498
-2161
-1634
-1001
-582
-165
430
1319
2031
2052
1498
659
-25
-311
-200
208
725
1069
1252
1229
1217
1157
973
716
383
257
352
924
1952
3161
3974
4019
3459
2698
2157
1679
1560
1837
2293
2546
2103
1407
607
-445
-1561
-2449
-2414
-1671
-1103
-911
-1308
-1807
-2332
-2846
-2718
-2378
-1796
-1239
-923
-555
-489
-625
-665
-836
-1063
-1130
-1195
-742
-303
-253
-263
-807
-1139
-1257
-1042
-189
647
1366
1440
1064
403
-55
-19
287
843
1088
1170
1049
820
310
-387
-1129
-1680
-1685
-1530
-684
458
1535
2070
1500
687
-156
-887
-1451
-1729
-1081
530
2187
3049
2648
1373
301
-461
-859
-1007
-987
-694
-629
-887
-1089
-1146
-1443
-2281
-3484
-4028
-3584
-2642
-1620
-866
-119
351
555
520
539
874
1106
1394
1315
1387
1732
1982
2177
1766
1551
1604
1733
1632
923
135
-603
-799
-432
631
1872
2587
2606
2007
1698
1608
1769
1992
2219
2721
3107
3250
2861
1905
681
-406
-1070
-1324
-1490
-1799
-2080
-2282
-2353
-2358
-2546
-2829
-3040
-3013
-2467
-1854
-1303
-714
-346
-139
-487
-1088
-1335
-1351
-1006
-586
-340
-205
-616
-1242
-1447
-1209
-431
149
146
36
-193
-64
292
409
638
821
1053
1502
1760
2088
2205
1613
680
-200
-189
746
1684
2195
2025
1333
316
-976
-2079
-2637
-2590
-1936
-806
452
1196
1040
356
-165
-189
-104
-133
-182
-170
-130
-496
-1060
-1310
-1204
-968
-1213
-1930
-2571
-2937
-2692
-1843
-678
470
969
881
613
385
275
155
224
825
1885
2942
3478
3278
2670
1941
1240
663
87
-396
-729
-789
-414
70
369
384
175
110
155
269
591
958
1489
1952
2126
2285
2287
2233
2087
1590
1063
584
138
-43
-310
-698
-968
-1306
-1436
-1610
-2080
-2353
-2512
-2392
-1804
-1323
-991
-942
-1356
-1451
-1193
-717
-51
-15
-342
-451
-434
-27
162
29
208
104
-166
-558
-1006
-655
-143
257
596
348
65
-240
-464
-36
421
798
1412
2269
3505
4265
3746
2458
1060
102
-312
-557
-460
123
638
616
-221
-1531
-2371
-2613
-2418
-2119
-2162
-2244
-2398
-2639
-2730
-2795
-2683
-2504
-2522
-2524
-2490
-2376
-2010
-1578
-927
6
824
1457
1623
1360
1164
1020
1132
1585
2131
2881
3419
3452
3316
3012
2772
2595
2275
2146
1970
1429
678
-133
-442
-332
-395
-509
-575
-393
-131
-324
-590
-573
-255
241
456
652
1101
1533
1980
2222
2279
2226
1696
1003
482
178
92
-207
-674
-912
-1080
-1212
-1467
-1839
-1941
-2020
-2131
-2123
-2182
-2161
-2206
-2242
-1868
-1377
-1039
-992
-1142
-995
-575
-163
268
582
769
644
184
-114
-121
7
-63
-383
-576
-439
119
998
2036
2967
3210
2724
1916
1211
841
579
636
1408
2598
3498
3283
1964
410
-921
-1928
-2765
-3462
-3693
-3666
-3684
-3736
-3755
-3696
-3990
-4832
-5605
-5676
-4900
-3816
-2974
-2141
-1043
164
1104
1580
1893
2256
2578
2932
3482
4334
5273
5837
5870
5574
5218
4873
4430
3862
3258
2669
2107
1641
1361
1216
949
311
-600
-1446
-2012
-2334
-2609
-2882
-2924
-2792
-2505
-2080
-1830
-1788
-1971
-2101
-1548
-499
559
1281
1408
1364
1337
1132
914
633
345
225
180
321
696
984
931
377
-612
-1556
-2079
-2284
-2241
-1900
-1474
-947
-593
-646
-619
-726
-1118
-1296
-1232
-718
141
623
897
1056
700
93
-488
-558
783
3129
4887
5185
4118
2542
1376
318
-521
-96
1280
2669
3264
2457
1019
-399
-1774
-2712
-3348
-3860
-4079
-4302
-4689
-5013
-5170
-5336
-5757
-6414
-6789
-6303
-5160
-3795
-2323
-829
618
1560
1720
1698
2037
2768
3591
4330
5338
6604
7488
7613
7154
6643
6238
5608
4840
4259
3823
3226
2360
1676
1508
1505
1040
-42
-1318
-2423
-3250
-3780
-3807
-3306
-2830
-2813
-3207
-3753
-4281
-4879
-5420
-5257
-4090
-2285
-574
293
302
-175
-842
-1241
-1073
-427
525
1453
2094
2626
3022
3057
2655
1767
780
203
91
393
814
894
645
164
-320
-562
-971
-1717
-2361
-2625
-2238
-1352
-481
472
1518
2840
4928
6732
6894
5437
3214
1877
1760
1674
2149
3650
5129
5481
3567
322
-2591
-5209
-6913
-7407
-7132
-6004
-5039
-5036
-5823
-7490
-9295
-10675
-11561
-11020
-8913
-5899
-2805
-693
633
1789
2567
2877
3050
3664
4953
6352
7696
9192
10396
10814
10282
8932
7225
5374
3578
2371
1991
2375
2749
2208
1101
-110
-1364
-2551
-3811
-4784
-4982
-4504
-3509
-2563
-2012
-1522
-1471
-1930
-2179
-2050
-1566
-1023
-217
1472
3360
4339
3874
1999
-107
-1532
-2307
-2448
-2285
-1876
-1364
-1338
-1608
-1958
-2532
-3377
-4427
-4954
-4312
-2810
-1309
-328
217
505
482
240
304
762
1479
2217
3270
5248
7905
11171
13903
13737
10394
5656
1713
214
-65
420
2845
5077
5674
3343
-2426
-8554
-13770
-16612
-15585
-12621
-9296
-6569
-6299
-7715
-10120
-12908
-13802
-13436
-11246
-6743
-1369
4015
7619
8730
8302
7299
6305
6431
7433
9397
11866
13320
14032
13588
11905
9086
5222
1190
-1485
-2441
-2033
-1078
-1030
-1520
-2996
-4979
-6536
-7635
-7736
-6752
-4957
-2542
92
1761
2739
2512
1686
1254
889
1577
2735
4018
5150
5984
6534
6315
4794
2036
-1003
-3461
-4129
-3860
-3200
-3040
-3892
-5025
-6635
-7569
-7428
-6733
-5921
-4984
-4177
-2878
-1284
-690
-472
-686
-680
484
1599
2601
3814
3429
3663
5700
9278
14261
15467
11679
5777
592
-1392
-1214
-1615
668
4438
5685
4076
-2583
-9669
-14864
-17564
-15782
-11499
-7058
-3692
-3764
-7244
-10027
-12381
-12638
-11198
-8098
-1477
5366
10432
12228
10828
8344
6895
5784
6125
8573
11380
13802
13606
12000
9712
5934
1522
-2227
-4767
-4936
-3132
-1419
207
-225
-2411
-5506
-8472
-8643
-6912
-4539
-1624
1502
4153
6053
5974
4717
2962
1255
1239
1932
3705
5311
5206
3641
1441
101
-538
-1244
-2329
-3735
-5270
-5642
-5247
-4892
-5497
-7259
-8693
-9388
-8121
-5554
-2971
-980
-192
69
319
548
1066
1450
1671
3246
4936
6014
6085
4548
4183
5573
7920
11200
12351
9965
5229
-1088
-4809
-4688
-3831
-1561
740
1029
-300
-5038
-10808
-14685
-16625
-14258
-9149
-5534
-3502
-4052
-7039
-9644
-11859
-11147
-7210
-2237
4148
9314
11876
12468
10564
7406
5705
5691
8009
11417
13418
14474
12757
9012
5132
1041
-1683
-2724
-3159
-2471
-1088
-19
522
-1428
-4541
-7083
-8262
-6370
-2750
831
3601
4621
4128
3118
2015
2076
2248
2210
2930
3797
4700
4047
1455
-1975
-4644
-5057
-3796
-2383
-1367
-1639
-3576
-5825
-7824
-8438
-8242
-8087
-6905
-5171
-3317
-1550
-908
-1142
-1335
-1140
-172
1160
2797
3865
3607
3107
2310
1947
1859
1716
3693
6596
9709
12587
11376
6253
-17
-4585
-4204
-1331
331
3093
4326
2521
-1090
-7761
-12607
-14488
-13217
-7782
-1938
946
784
-3476
-10029
-13808
-15060
-11261
-4626
1914
8563
11562
10913
7767
3391
505
1486
4336
8898
13583
14935
13724
8759
3003
-1293
-4161
-4023
-2001
232
2190
2944
1487
-862
-4190
-6771
-7118
-5469
-927
3450
6037
6740
5378
3126
1303
773
1544
3479
5279
6220
5142
2949
709
-1829
-3966
-5234
-4212
-2224
-758
-778
-3023
-6206
-8803
-9849
-9664
-8025
-6073
-4243
-3321
-3561
-3495
-3789
-3147
-1816
-446
1167
2782
4189
3832
2320
72
-518
-22
1727
6127
9223
12125
13227
11013
5464
-2131
-6722
-5891
-1588
1700
6066
6936
3574
-3032
-12511
-17159
-17661
-12443
-4506
1831
3937
1680
-3771
-10956
-14382
-15022
-9866
-2178
5435
12307
14128
12167
6396
936
-803
2518
8020
12953
16000
14867
11200
5042
-794
-4221
-5208
-3754
-1159
805
1322
-263
-4205
-7503
-9189
-8314
-5405
-1271
3672
6714
6693
4473
1884
224
1303
3263
5883
8604
9119
7964
3391
-1752
-4873
-5785
-4208
-1293
1738
2745
1277
-2714
-7194
-10335
-10955
-8859
-5928
-2776
-1233
-1564
-3687
-6644
-7741
-6999
-4104
-111
3209
4794
4384
2555
-186
-1640
-2018
-1057
810
4215
8547
11368
12635
10048
4472
-2303
-5443
-3419
1324
4289
5905
6777
2897
-3444
-12166
-17199
-17316
-12653
-4116
2840
4443
23
-6003
-13168
-15138
-13223
-7883
740
6940
11897
11896
8581
3677
-388
-490
3943
11270
16260
18366
14716
8169
1493
-3619
-4525
-2880
219
3000
3729
1050
-2866
-7957
-11551
-11053
-7224
-1138
3846
6924
6623
4057
819
-633
223
3087
7766
10753
11959
9799
5888
898
-4229
-6124
-5487
-2522
531
2292
1211
-2216
-6405
-9794
-10598
-9308
-5534
-2232
-743
-1407
-3761
-6877
-9358
-8945
-5985
-1016
3340
5602
4449
1716
-1467
-3619
-3545
-1351
2479
4440
6718
7882
9435
9982
6487
977
-4357
-3881
-423
3606
4278
4745
4811
106
-6033
-13868
-16620
-15205
-9854
-2471
2056
1857
-3813
-9784
-14990
-13774
-8716
-2637
4000
8333
11899
11298
8044
3884
1802
3457
8498
14782
17516
16993
11519
4490
-952
-2731
-1228
526
1647
1276
50
-3820
-7388
-10628
-11681
-9305
-5512
-236
2774
3974
1865
-1373
-2410
-449
4162
8468
11720
12068
10449
7383
3774
148
-2104
-1702
258
2776
3600
2780
-520
-4908
-8344
-9875
-8618
-5602
-2281
-869
-1609
-3734
-5567
-7478
-8134
-6254
-3393
-189
1496
1369
-48
-1620
-2398
-1782
-524
1893
3043
3148
4492
5937
9316
8967
5236
258
-3423
-1999
92
1059
1847
3429
2468
-1510
-9495
-14804
-15521
-13955
-7005
-2397
184
-2683
-8907
-12495
-14789
-10496
-4457
1285
6474
8951
10256
8456
4988
3407
4834
8938
15013
18218
17946
14429
7451
2125
-1095
-581
2608
4460
4545
2359
-1676
-6132
-9345
-10849
-9270
-5946
-2472
492
1082
136
-2243
-4249
-3412
266
5291
9221
10785
9506
6673
3598
503
-1663
-2163
-707
1683
2469
1626
-512
-3512
-5503
-6601
-5612
-3242
-1722
-917
-2131
-3646
-4089
-4982
-4502
-3106
-1449
529
270
-614
-1427
-2796
-2210
-897
778
3182
3327
4185
5529
7277
10772
9465
4879
-364
-3493
-1558
18
410
2354
3342
1445
-4111
-12974
-17301
-16731
-12622
-5338
-2279
-2772
-6900
-13018
-16055
-16057
-10891
-3294
2858
7072
8374
8238
6161
3116
3156
6625
12724
18634
20302
18356
13307
6457
1652
-411
1460
5378
7138
6259
2018
-3404
-8209
-11556
-10855
-7560
-3337
-40
392
-277
-2375
-5294
-6321
-5044
-482
5337
9246
10492
8402
4765
1650
-517
-867
239
1971
3691
3494
1643
-1446
-4710
-6238
-6812
-5137
-2266
-148
549
-2019
-4783
-6071
-5647
-3184
-625
1970
3046
1471
-1303
-3735
-4122
-2133
4
2280
3642
2820
3434
3447
5259
9525
9513
7433
3104
-738
339
357
-612
1616
2862
2198
-2040
-10705
-15293
-16123
-12913
-6157
-3603
-4120
-8164
-13412
-15948
-17115
-12851
-6158
-547
5292
7503
8277
6927
2796
2539
5530
11138
17444
19848
18468
14072
8510
4473
2443
2274
3995
5492
5722
3655
-828
-5254
-9340
-10542
-7703
-3779
-518
220
-757
-2202
-4320
-5601
-4922
-1770
2408
5909
7785
6815
4892
2595
82
-796
-469
1251
3076
2965
1771
-808
-3550
-4785
-5430
-4415
-2761
-1626
-1249
-3674
-5801
-6299
-5934
-3766
-1744
448
1761
671
-1448
-3824
-4166
-2402
-409
1796
3307
3156
3226
3727
5765
9760
10868
8851
5162
1792
1507
2112
2053
3445
5697
4772
104
-7512
-13723
-15542
-14341
-8790
-3824
-3368
-6665
-12675
-16642
-18277
-16404
-10306
-4194
1305
5035
6588
6573
4472
3291
5024
9493
14957
18827
19704
16955
12767
8982
6618
5965
6042
6412
5835
4044
856
-2904
-6129
-8661
-8769
-6952
-4618
-2968
-3125
-4403
-5906
-6703
-6220
-4339
-1869
1023
3537
3954
3140
2030
1087
559
769
2259
3857
3976
2500
873
-251
-914
-1244
-1563
-1262
-828
-1044
-2315
-4279
-5170
-5124
-4394
-3069
-1718
-553
-1081
-2854
-4049
-4236
-2671
-639
469
1418
1101
1523
3979
6982
11359
12457
9280
5408
1765
1645
3001
3134
5281
7240
5656
1172
-7006
-13190
-14811
-14385
-9614
-6130
-6302
-8883
-14452
-17688
-19038
-17742
-12193
-6551
-1684
1526
2744
3116
2164
2043
5535
10696
15477
18592
18605
16736
13682
11122
10719
10776
10987
10942
9547
7295
3567
-762
-3841
-5853
-5569
-3887
-3154
-3067
-4318
-6243
-7932
-8991
-7837
-5207
-2568
-727
425
701
-52
-789
-1122
-691
286
1838
3812
4694
3945
2364
1115
791
732
867
1362
1164
502
-812
-2457
-2940
-3102
-2850
-2415
-2496
-2840
-4074
-5308
-5531
-4547
-2763
-1228
-442
-779
-1776
-2423
-908
2917
7676
11977
12337
8866
4352
1106
1347
3087
4799
7473
8813
6390
972
-5868
-10543
-12429
-12261
-8619
-5106
-4731
-8357
-14466
-18522
-19943
-17966
-12550
-7108
-3601
-1863
-1711
-2176
-2513
-1743
2469
7884
12176
15426
16123
14706
11957
9359
9202
10303
11952
13890
14099
12306
8351
3735
1051
-293
-89
978
1103
755
-363
-2153
-4124
-6349
-7195
-6221
-4634
-3106
-2467
-2570
-3340
-4662
-5112
-4823
-3903
-2402
-1425
-717
-270
300
1444
2212
2260
1914
1923
1809
1379
1471
1767
2549
2667
1756
1242
371
-944
-2820
-4332
-4017
-2954
-1713
-1527
-2580
-3884
-5340
-5338
-3405
-363
2730
4718
5953
6411
5236
2710
601
1231
4336
6736
7843
7960
6061
2612
-2199
-5898
-6391
-5895
-4246
-2570
-3402
-6708
-11557
-14569
-15191
-14073
-11017
-7675
-5552
-5797
-6399
-5993
-5644
-5492
-4007
25
4150
7063
8478
8305
6946
4520
4105
6548
9974
12699
13193
12247
10140
7916
6919
6178
5977
6373
6940
7359
6293
4466
2911
907
-1130
-2072
-1920
-1461
-1924
-3196
-4360
-5798
-7132
-7847
-7941
-7980
-8160
-7024
-4914
-2754
-1504
-1633
-2168
-3000
-2988
-1378
1070
3428
4414
4499
4619
4303
3728
2907
1877
2215
3060
3416
3263
1347
-1041
-2953
-3835
-2827
-1434
-706
-948
-1999
-3185
-3531
-2699
-1161
824
2471
2835
1370
-764
-1519
-599
548
1782
3596
4625
4184
1827
-1039
-2963
-4456
-3466
-573
1439
1013
-2125
-5458
-8085
-9298
-8418
-5864
-3066
-2603
-3389
-4169
-5207
-6074
-6454
-5216
-2727
-602
1146
2609
3023
2034
835
1262
3359
6219
8820
10023
9712
8608
7835
7708
7730
7587
8099
9028
8986
8335
6733
4585
2291
125
-533
-492
-566
-1603
-3503
-5335
-6989
-7943
-8334
-8400
-8107
-7302
-6549
-5772
-5129
-4920
-4382
-4210
-3592
-1854
339
2286
2746
2423
2508
3043
3576
4002
4152
4089
3822
3709
4210
3954
2741
1199
292
256
136
-52
-513
-1032
-1634
-2031
-2111
-2435
-2814
-3169
-2967
-2274
-1120
48
386
-1
-795
-837
-116
887
1895
2599
2841
1949
727
-357
-1005
-706
-275
300
529
-266
-1466
-2705
-3609
-3906
-3850
-3935
-4455
-4939
-4680
-4037
-3839
-4609
-5618
-5358
-3925
-1629
582
1479
1361
977
1323
2553
4058
5051
5717
6284
6611
7202
7190
6329
5121
4169
4337
4892
5130
4702
3619
2607
1927
1561
1426
851
-29
-768
-1565
-1824
-1867
-2019
-2202
-2757
-2594
-1702
-986
-924
-1671
-1957
-1388
-755
-309
-452
-1229
-1921
-2062
-1290
-229
-369
-1360
-2282
-2686
-2206
-1771
-1621
-1566
-1708
-1261
-581
-291
-361
-954
-1592
-1800
-1369
-455
367
417
-31
-170
-100
606
1500
1942
2363
2234
2307
2799
2969
3620
3895
3526
3106
2429
2414
2142
1346
1105
781
0
-1804
-3894
-4917
-5051
-4653
-4041
-3963
-5065
-6387
-6903
-6184
-5318
-5289
-4973
-4432
-3439
-2130
-1332
-822
-1192
-1154
391
2338
4112
4691
4488
4294
4106
4639
5105
4920
4678
4702
5216
5431
5041
4681
4101
3494
3612
4267
4671
3911
2660
2538
3055
3422
3458
3068
2540
1615
924
861
400
-683
-1735
-2020
-1754
-1980
-2830
-3867
-4927
-5434
-5133
-4315
-3909
-4478
-5198
-5588
-5367
-5059
-4868
-4677
-4653
-4230
-3725
-3307
-3224
-3175
-2712
-2148
-1690
-1376
-518
237
659
719
949
2048
2822
3657
4393
4898
5039
4506
4429
4804
5180
5220
5216
4896
3926
2318
755
329
211
93
-554
-1737
-2734
-3594
-3798
-3741
-4188
-4829
-5222
-5021
-4246
-3866
-3919
-4179
-4482
-3799
-2436
-1042
-182
-238
-364
-175
300
1047
1541
1730
2129
2842
3679
3825
3107
2462
2289
2906
4095
5425
6191
5833
5104
4795
5043
5202
5390
6018
6839
7118
6497
5491
3866
2066
810
729
1375
1172
198
-987
-2026
-3151
-4206
-4828
-5167
-5400
-5545
-5205
-5238
-6088
-7185
-7785
-7486
-7159
-6925
-6652
-6506
-6292
-5968
-5420
-4844
-4446
-3922
-3124
-2422
-1933
-1467
-1048
-404
308
1175
2255
2958
3862
4758
5255
5466
5323
5546
5936
6159
6382
6421
5868
4964
4098
3367
2792
1977
1524
1296
598
-144
-1070
-1999
-2770
-3190
-2787
-2660
-3425
-4292
-4585
-4279
-4101
-4224
-4311
-4339
-4276
-3637
-2589
-1897
-1739
-1732
-1126
-302
176
493
640
1029
1836
2949
3983
4244
4153
4203
4405
4815
5566
6744
7639
7905
8027
8204
7955
6921
5819
5251
4902
4283
3580
3050
2295
1135
-39
-727
-1244
-2098
-2986
-3605
-3950
-4333
-4943
-5565
-6233
-6848
-7154
-7281
-7302
-7344
-7377
-7407
-7455
-7111
-6486
-5993
-5914
-5826
-5207
-4456
-3786
-3124
-2267
-1418
-922
-415
297
840
1113
1307
1919
2754
3100
3340
3662
4419
5201
5356
5011
4425
4195
4408
4892
4947
4787
4278
3691
3431
3044
2998
2557
1910
1246
671
536
163
-518
-1503
-2101
-2247
-2169
-2452
-3203
-3945
-4734
-4850
-4595
-4209
-4164
-4703
-4673
-3925
-2842
-2146
-1938
-1600
-886
109
1109
1989
2409
2703
3239
4141
5322
5943
6108
6020
5866
5958
6000
6058
6086
6160
6329
6323
5903
5040
4132
3337
2839
2465
1841
942
-259
-1244
-1873
-2532
-3286
-4048
-4615
-5013
-5532
-6125
-6570
-6921
-7088
-7020
-6933
-6855
-6899
-6900
-6682
-6540
-6426
-6146
-5533
-4662
-3805
-3032
-2418
-1964
-1714
-1544
-1262
-804
-79
810
1583
2055
2274
2245
2085
2063
2357
3150
4002
4601
5019
5236
5620
6083
6424
6441
5941
5288
5019
5257
5513
5345
4428
3415
2746
2183
1550
467
-497
-1131
-1538
-1830
-2472
-3396
-4491
-5265
-5491
-5485
-5635
-5965
-6119
-5939
-5267
-4475
-3942
-3750
-3535
-2495
-1041
177
887
1205
1521
1668
2017
2787
3575
4164
4637
5279
5733
5548
5069
4892
5032
5167
5343
5575
5626
5255
4536
3791
2847
1748
897
512
455
103
-600
-1561
-2566
-3311
-3750
-3836
-3998
-4249
-4507
-4695
-4818
-5103
-5450
-5843
-5919
-5559
-4932
-4571
-4916
-5624
-6172
-5922
-5127
-4296
-3898
-4077
-4141
-3757
-2777
-1711
-1043
-559
-75
666
1516
2355
3136
3755
4463
5359
6253
6657
6456
6109
5945
6045
6119
6107
6057
5802
5428
4791
4084
3485
2915
2574
2209
1956
1622
1098
628
73
-298
-892
-1336
-1373
-1289
-1300
-1935
-2431
-2677
-2726
-2905
-3383
-3726
-4093
-4106
-3862
-3460
-3357
-3701
-3915
-3790
-3179
-2525
-1940
-1466
-1078
-561
15
562
925
1158
1324
1481
1702
2040
2270
2209
2082
2083
2171
1998
1675
1616
1799
1976
2016
2038
1909
1565
1319
1423
1614
1468
1203
1164
1199
890
193
-550
-1178
-1667
-1895
-1929
-2063
-2547
-3210
-3668
-4021
-4309
-4468
-4445
-4271
-4156
-4030
-3839
-3610
-3379
-3043
-2530
-1863
-1090
-346
366
894
1360
1976
2680
3499
4142
4546
4814
4770
4584
4336
4115
4232
4433
4486
4200
3374
2520
1898
1471
1344
1178
982
804
390
121
-153
-629
-1046
-1478
-1526
-1265
-1045
-676
-540
-734
-981
-1210
-912
-173
507
1106
1101
680
355
-21
-115
-272
-618
-811
-1217
-1562
-1895
-2644
-3460
-4158
-4310
-3820
-3575
-3650
-3894
-4179
-3977
-3661
-3316
-2951
-2764
-2173
-1303
-516
85
211
307
765
1495
2381
2803
2670
2619
2760
3036
3111
2770
2407
2022
1767
1920
2153
2238
2033
1702
1647
1511
1115
741
573
826
1200
1421
1506
1238
769
392
181
323
651
1015
1420
1559
1363
856
168
-260
-274
31
357
314
-128
-813
-1548
-2104
-2427
-2562
-2580
-2538
-2344
-2017
-1748
-1789
-2131
-2435
-2381
-1864
-1202
-691
-412
-349
-271
-107
142
389
575
890
1421
1979
2294
2292
2106
1965
1867
1794
1671
1372
1053
736
453
86
-323
-543
-586
-543
-508
-354
-217
-224
-400
-613
-655
-508
-95
274
299
-155
-686
-907
-992
-1137
-1525
-1828
-1868
-1609
-1299
-1387
-2017
-2874
-3188
-2800
-2103
-1685
-1670
-1855
-1994
-1748
-1214
-683
-563
-648
-395
317
1218
1831
2032
1857
1631
1752
2321
3001
3377
3503
3498
3492
3388
3210
3060
2952
3061
3277
3413
3268
2889
2551
2273
1982
1589
1210
905
657
468
250
-76
-602
-1177
-1594
-1815
-1935
-2077
-2193
-2284
-2425
-2690
-3052
-3318
-3375
-3194
-2917
-2774
-2814
-2952
-2948
-2695
-2324
-2002
-1859
-1791
-1592
-1211
-744
-434
-343
-232
80
602
1142
1454
1554
1488
1443
1616
1926
2220
2273
2168
2203
2482
2791
2822
2512
2100
1889
1810
1773
1623
1315
972
469
-40
-557
-1088
-1486
-1818
-1916
-1796
-1616
-1494
-1531
-1628
-1668
-1615
-1502
-1260
-991
-724
-506
-375
-124
21
20
-92
-124
211
668
1002
974
675
416
354
437
407
133
-305
-638
-742
-685
-738
-1102
-1621
-1926
-1739
-1248
-884
-868
-1065
-1102
-763
-168
357
552
476
419
559
812
960
919
865
1012
1393
1735
1781
1555
1317
1383
1685
2028
2184
2161
2125
2109
2083
1836
1420
1016
872
1039
1253
1303
1046
634
226
10
-38
-47
-98
-236
-307
-352
-383
-529
-829
-1188
-1477
-1549
-1469
-1332
-1349
-1541
-1835
-2102
-2220
-2248
-2216
-2202
-2159
-2061
-1939
-1850
-1868
-1909
-1908
-1727
-1369
-916
-500
-253
-148
-134
-80
48
294
645
1002
1316
1431
1339
1103
849
736
753
867
973
1001
939
766
477
99
-245
-441
-436
-297
-166
-132
-233
-390
-527
-570
-453
-174
213
614
973
1256
1483
1643
1727
1768
1849
2044
2309
2483
2401
2058
1624
1306
1102
856
446
-53
-411
-528
-559
-829
-1450
-2191
-2632
-2548
-2164
-1895
-1984
-2289
-2480
-2370
-2078
-1870
-1794
-1661
-1267
-646
-88
154
104
32
231
728
1311
1743
1942
2030
2128
2232
2248
2112
1891
1758
1833
2040
2162
1983
1479
860
370
154
136
150
84
-58
-210
-392
-686
-1108
-1518
-1663
-1417
-929
-546
-542
-892
-1325
-1531
-1426
-1124
-824
-643
-574
-602
-729
-959
-1247
-1483
-1603
-1571
-1473
-1442
-1547
-1818
-2140
-2381
-2431
-2230
-1856
-1421
-1063
-807
-581
-313
75
536
1029
1490
1894
2287
2635
2928
3100
3142
3124
3109
3162
3232
3233
3115
2879
2602
2329
2078
1828
1558
1282
1004
726
436
77
-334
-752
-1123
-1382
-1522
-1557
-1556
-1601
-1711
-1855
-1934
-1888
-1739
-1556
-1389
-1239
-1079
-907
-815
-843
-965
-1054
-970
-734
-450
-243
-169
-188
-239
-299
-369
-415
-376
-213
32
208
148
-174
-619
-922
-900
-576
-143
154
245
211
183
236
364
574
872
1264
1661
1902
1853
1542
1169
936
914
987
974
798
484
123
-225
-563
-881
-1090
-1098
-929
-737
-724
-903
-1114
-1158
-936
-560
-192
64
252
470
711
907
1003
1051
1177
1455
1815
2072
2097
1926
1694
1531
1432
1325
1167
959
745
503
197
-184
-609
-976
-1258
-1463
-1635
-1808
-1966
-2118
-2231
-2320
-2357
-2323
-2239
-2110
-1990
-1834
-1613
-1312
-990
-746
-571
-443
-261
-19
246
521
748
951
1092
1133
1050
862
718
696
805
944
937
734
354
-40
-314
-412
-350
-217
-83
-25
-61
-203
-390
-496
-425
-120
305
662
810
724
543
424
445
596
792
973
1099
1128
1032
809
544
363
380
567
773
839
697
440
203
88
81
122
170
205
250
259
206
87
-54
-149
-185
-171
-173
-216
-296
-385
-473
-596
-771
-968
-1111
-1160
-1125
-1076
-1080
-1132
-1211
-1237
-1193
-1094
-950
-802
-673
-585
-527
-472
-393
-262
-78
151
388
594
756
865
926
971
1056
1215
1439
1687
1904
2038
2059
1977
1826
1656
1506
1391
1317
1255
1162
987
696
292
-184
-646
-1002
-1201
-1294
-1366
-1496
-1725
-2008
-2290
-2514
-2648
-2659
-2536
-2302
-2033
-1843
-1776
-1789
-1769
-1621
-1329
-964
-615
-333
-136
23
160
289
433
595
805
1023
1218
1355
1404
1414
1419
1450
1509
1579
1623
1614
1551
1451
1345
1232
1128
1023
914
808
708
615
511
391
251
122
32
-8
-3
6
-8
-57
-138
-235
-319
-341
-312
-258
-208
-207
-251
-335
-428
-493
-497
-416
-272
-112
-3
35
6
-41
-48
7
158
362
553
666
652
546
397
289
255
264
283
261
178
20
-211
-509
-832
-1098
-1252
-1278
-1268
-1313
-1478
-1748
-2002
-2177
-2212
-2145
-2023
-1856
-1676
-1489
-1331
-1233
-1186
-1098
-870
-467
41
494
794
932
1007
1118
1309
1548
1765
1955
2114
2258
2343
2311
2179
2001
1899
1908
1987
2021
1939
1758
1535
1348
1180
1011
817
624
495
429
380
248
2
-308
-580
-744
-787
-779
-805
-888
-1028
-1173
-1320
-1468
-1590
-1662
-1655
-1593
-1529
-1519
-1603
-1748
-1866
-1867
-1731
-1501
-1275
-1115
-1023
-962
-867
-716
-500
-227
81
394
671
885
1015
1096
1177
1304
1481
1659
1786
1830
1806
1722
1607
1470
1321
1180
1057
960
870
772
615
393
137
-108
-278
-383
-433
-478
-551
-662
-816
-985
-1158
-1291
-1366
-1384
-1351
-1325
-1334
-1389
-1468
-1519
-1510
-1422
-1271
-1071
-866
-680
-546
-449
-341
-201
15
294
609
903
1140
1306
1407
1478
1558
1672
1824
1997
2158
2264
2266
2153
1952
1739
1594
1533
1506
1448
1303
1059
748
409
70
-242
-497
-687
-826
-965
-1168
-1456
-1789
-2081
-2262
-2314
-2279
-2212
-2165
-2146
-2129
-2080
-1997
-1866
-1669
-1382
-1005
-612
-284
-61
95
259
492
788
1101
1390
1617
1768
1844
1835
1755
1638
1543
1512
1527
1525
1444
1261
999
725
488
308
186
93
2
-100
-214
-361
-535
-712
-862
-957
-1001
-1008
-1018
-1050
-1097
-1158
-1214
-1241
-1239
-1218
-1159
-1067
-958
-847
-755
-688
-628
-548
-431
-275
-99
76
231
366
485
577
652
719
795
892
996
1075
1106
1075
1007
947
907
892
869
815
737
651
578
499
401
293
191
127
87
41
-48
-185
-337
-456
-518
-547
-558
-590
-633
-663
-704
-755
-815
-853
-825
-732
-607
-484
-420
-412
-430
-426
-363
-232
-44
161
343
473
539
554
552
580
675
832
1009
1161
1239
1230
1156
1061
1007
1024
1098
1183
1243
1248
1176
1054
907
760
649
579
539
498
400
223
-31
-330
-623
-864
-1039
-1171
-1294
-1425
-1585
-1769
-1957
-2141
-2276
-2332
-2305
-2216
-2098
-1998
-1935
-1888
-1831
-1737
-1605
-1432
-1216
-979
-739
-529
-367
-262
-173
-45
140
367
592
792
942
1047
1135
1200
1251
1306
1381
1498
1627
1725
1752
1697
1598
1510
1468
1453
1436
1387
1300
1207
1104
979
827
652
497
391
343
302
217
79
-82
-207
-280
-317
-347
-375
-386
-375
-361
-360
-389
-431
-440
-397
-318
-246
-222
-230
-237
-209
-152
-105
-82
-81
-69
-38
0
17
14
3
-4
6
7
-19
-75
-143
-191
-216
-233
-259
-300
-354
-410
-462
-510
-557
-586
-579
-543
-506
-493
-508
-540
-550
-527
-484
-429
-386
-355
-330
-303
-283
-277
-270
-259
-231
-193
-158
-133
-118
-109
-102
-91
-76
-65
-56
-40
-26
-2
18
35
53
46
40
45
56
89
124
166
205
240
267
288
310
338
389
451
516
582
633
672
684
691
699
716
746
775
802
816
809
786
759
730
701
680
656
637
609
568
517
453
398
345
294
248
198
150
89
27
-31
-100
-175
-252
-323
-389
-445
-504
-559
-606
-651
-691
-743
-791
-812
-814
-800
-787
-769
-735
-711
-683
-662
-635
-591
-547
-492
-452
-426
-413
-412
-421
-435
-442
-459
-496
-539
-576
-614
-657
-693
-712
-717
-711
-705
-681
-629
-567
-490
-404
-304
-193
-81
14
117
238
368
491
600
707
807
893
958
1018
1101
1184
1253
1306
1359
1416
1444
1453
1450
1445
1443
1425
1387
1333
1267
1178
1056
916
773
632
488
346
200
68
-66
-218
-374
-514
-627
-731
-833
-916
-962
-985
-1017
-1065
-1107
-1116
-1119
-1117
-1103
-1061
-987
-922
-874
-831
-769
-685
-600
-515
-419
-297
-173
-76
6
89
177
256
319
376
455
534
564
555
539
536
517
463
401
358
323
258
157
49
-45
-135
-231
-319
-378
-417
-459
-515
-563
-582
-586
-584
-577
-552
-494
-435
-389
-340
-284
-209
-140
-78
-10
63
134
189
240
296
364
422
460
489
510
530
543
554
571
584
586
585
578
567
542
494
437
394
373
350
311
254
195
145
78
-8
-88
-134
-151
-165
-180
-210
-246
-275
-289
-283
-262
-239
-218
-191
-142
-92
-62
-64
-66
-38
7
64
99
118
130
138
150
170
190
191
179
171
183
198
194
166
120
85
61
40
6
-41
-99
-160
-213
-264
-309
-366
-433
-501
-557
-589
-623
-667
-714
-746
-763
-770
-777
-782
-764
-741
-703
-648
-597
-538
-480
-416
-341
-254
-150
-45
54
143
235
329
416
506
592
676
752
814
868
905
925
936
943
959
968
957
933
890
843
793
745
705
665
614
551
482
417
353
295
242
196
162
123
81
26
-36
-92
-137
-174
-201
-231
-284
-343
-407
-460
-496
-530
-561
-593
-627
-661
-690
-721
-741
-751
-748
-726
-709
-697
-689
-680
-648
-603
-546
-493
-439
-395
-355
-312
-267
-207
-144
-76
-25
17
59
95
138
190
246
293
335
364
390
417
433
443
452
459
467
481
481
459
418
368
335
319
308
281
242
206
164
128
99
69
45
26
18
22
18
3
-25
-58
-72
-70
-57
-40
-37
-44
-63
-70
-72
-66
-52
-45
-42
-49
-45
-42
-35
-24
-9
16
47
81
103
113
110
112
135
163
193
207
202
184
159
148
141
128
116
95
67
33
-7
-46
-80
-122
-151
-176
-202
-223
-256
-295
-327
-343
-351
-349
-352
-353
-349
-350
-341
-334
-323
-313
-297
-272
-248
-220
-205
-190
-170
-150
-119
-90
-62
-42
-29
-20
-15
-7
5
29
55
81
87
84
77
73
87
98
118
140
159
170
177
186
197
224
252
282
304
310
314
307
313
331
337
342
339
335
335
336
336
339
349
357
361
351
335
321
309
317
319
314
299
268
237
197
159
124
94
68
31
-14
-71
-137
-202
-265
-319
-363
-396
-431
-475
-523
-559
-591
-614
-628
-640
-628
-622
-626
-635
-659
-661
-646
-626
-604
-597
-593
-590
-578
-567
-562
-541
-517
-495
-472
-456
-434
-400
-349
-293
-229
-166
-103
-40
26
112
197
285
378
464
545
618
691
753
816
875
919
957
992
1011
1010
997
982
966
943
909
869
824
776
719
648
576
495
414
336
254
179
96
11
-67
-146
-218
-292
-360
-418
-469
-510
-540
-571
-592
-609
-628
-632
-631
-617
-598
-577
-547
-507
-462
-420
-373
-332
-276
-223
-175
-120
-73
-17
30
76
119
161
215
261
297
330
369
402
428
445
450
454
451
439
419
399
368
322
283
239
195
146
89
34
-18
-62
-109
-160
-206
-245
-287
-324
-364
-395
-422
-458
-487
-515
-537
-560
-589
-612
-629
-638
-651
-660
-670
-670
-671
-669
-654
-641
-615
-591
-560
-518
-472
-423
-373
-304
-233
-161
-85
-9
74
160
252
335
414
493
572
648
720
790
848
906
957
996
1033
1053
1067
1077
1076
1062
1032
996
953
896
827
747
669
586
494
404
324
241
153
62
-10
-66
-117
-167
-207
-234
-255
-261
-260
-246
-226
-206
-188
-164
-135
-110
-86
-72
-52
-27
-24
-27
-35
-35
-47
-77
-103
-139
-163
-207
-259
-313
-372
-420
-482
-539
-595
-645
-687
-738
-785
-827
-855
-886
-918
-933
-947
-946
-945
-939
-913
-886
-844
-807
-754
-681
-606
-533
-457
-363
-270
-171
-74
22
128
223
319
402
487
580
657
727
784
841
893
932
966
989
1012
1019
1022
1019
1009
992
965
926
886
841
783
720
636
559
481
402
321
220
136
49
-38
-119
-193
-258
-326
-382
-430
-468
-491
-506
-514
-512
-500
-483
-457
-425
-386
-335
-285
-240
-190
-137
-85
-33
25
82
139
190
232
273
322
368
396
417
432
437
433
410
379
348
309
262
205
142
79
14
-56
-130
-197
-254
-316
-377
-431
-475
-516
-555
-590
-618
-634
-647
-663
-669
-667
-660
-652
-652
-642
-620
-590
-563
-534
-500
-461
-408
-362
-318
-269
-221
-168
-122
-74
-23
21
60
105
150
192
235
277
325
376
417
462
503
543
584
622
658
686
717
735
745
754
758
765
752
732
703
667
638
590
536
476
415
350
277
213
138
73
4
-69
-128
-198
-255
-311
-360
-395
-435
-454
-480
-491
-497
-500
-485
-474
-448
-425
-402
-378
-354
-318
-300
-274
-259
-239
-218
-212
-196
-197
-182
-179
-175
-170
-172
-159
-158
-146
-147
-138
-125
-110
-77
-59
-20
9
44
82
106
143
161
191
210
226
239
232
238
230
226
220
211
205
192
185
177
172
168
160
153
141
142
147
149
150
147
153
153
150
149
145
150
144
135
127
108
92
73
55
32
15
-10
-37
-55
-89
-101
-130
-147
-154
-174
-175
-195
-193
-198
-205
-197
-208
-196
-203
-201
-202
-206
-181
-183
-170
-160
-148
-124
-110
-82
-65
-36
-11
13
42
56
78
90
103
114
114
121
114
120
118
108
96
77
68
58
54
32
18
5
-12
-24
-43
-48
-60
-70
-71
-74
-65
-60
-54
-52
-47
-38
-36
-22
-16
-4
6
10
20
20
25
21
24
18
13
24
24
47
40
47
53
47
73
70
99
108
124
149
135
161
147
161
178
168
195
182
208
193
175
181
133
139
112
102
104
69
70
28
10
-12
-48
-52
-77
-66
-74
-84
-94
-130
-130
-162
-158
-155
-161
-145
-170
-163
-183
-192
-193
-212
-197
-206
-192
-190
-197
-193
-216
-212
-220
-215
-205
-204
-186
-188
-180
-179
-180
-162
-148
-125
-104
-82
-66
-64
-51
-37
-16
8
26
52
63
78
91
98
114
127
158
178
192
211
223
234
238
248
252
260
272
277
287
291
295
299
291
289
279
266
263
252
245
235
215
199
178
160
140
118
100
71
46
21
-8
-33
-60
-87
-114
-134
-155
-172
-197
-224
-240
-256
-259
-262
-273
-272
-266
-261
-245
-237
-218
-195
-175
-148
-129
-107
-84
-71
-47
-30
-16
-2
7
19
27
33
30
24
14
3
-10
-25
-37
-50
-53
-69
-83
-95
-109
-116
-124
-125
-120
-114
-112
-116
-123
-127
-124
-114
-99
-87
-79
-69
-74
-72
-73
-71
-66
-58
-43
-46
-37
-37
-36
-19
-5
23
50
81
110
125
149
170
196
221
253
295
340
393
420
445
463
477
506
512
526
536
538
539
519
504
468
442
421
393
369
322
274
219
165
114
51
-1
-54
-101
-153
-214
-264
-314
-352
-387
-420
-442
-463
-480
-496
-498
-498
-506
-499
-495
-482
-467
-464
-452
-444
-434
-413
-396
-382
-355
-336
-323
-306
-295
-275
-260
-245
-217
-191
-161
-130
-99
-74
-39
-11
15
47
68
97
121
138
165
183
201
218
234
256
273
283
294
303
314
327
334
337
337
335
328
330
330
322
314
297
284
269
250
230
213
196
182
171
154
139
120
106
100
89
83
71
57
53
50
47
38
19
7
1
-7
-18
-32
-46
-58
-67
-77
-87
-103
-117
-128
-133
-143
-156
-162
-171
-180
-184
-179
-182
-182
-182
-185
-169
-158
-155
-144
-133
-125
-112
-103
-98
-100
-93
-80
-73
-66
-63
-61
-55
-47
-40
-34
-26
-14
4
19
29
38
49
58
68
77
87
97
99
103
102
100
96
94
100
95
89
77
65
62
52
44
29
9
-3
-15
-24
-40
-53
-60
-67
-79
-88
-95
-100
-92
-92
-88
-82
-81
-72
-66
-64
-62
-50
-40
-32
-25
-18
-8
2
15
28
44
58
68
77
87
97
105
114
116
129
133
138
143
138
138
134
137
136
141
142
137
130
122
120
114
106
99
88
80
70
52
39
25
10
-1
-18
-37
-56
-71
-86
-101
-120
-138
-154
-164
-166
-171
-177
-189
-198
-207
-210
-210
-212
-201
-194
-184
-175
-168
-152
-142
-119
-102
-80
-57
-41
-18
4
23
36
47
60
72
86
99
105
109
105
105
109
107
106
100
94
95
94
94
88
77
73
70
62
57
54
49
44
40
32
29
22
19
16
3
-3
-10
-18
-28
-34
-45
-52
-49
-52
-53
-55
-58
-54
-53
-47
-44
-43
-42
-35
-29
-23
-21
-19
-14
-9
2
0
5
13
20
23
23
27
25
29
33
36
36
35
32
28
28
26
26
22
19
20
17
8
6
0
-1
-4
-10
-15
-21
-18
-22
-23
-20
-20
-23
-25
-25
-25
-22
-23
-22
-17
-16
-18
-22
-16
-6
2
3
5
9
10
16
15
19
25
25
31
30
34
33
28
32
32
37
33
29
28
24
21
16
17
12
8
4
-3
-2
-6
-8
-14
-19
-20
-23
-26
-31
-31
-27
-29
-30
-36
-32
-27
-31
-32
-32
-34
-36
-42
-40
-33
-36
-37
-30
-24
-17
-15
-15
-13
-12
-5
5
11
14
9
6
3
9
17
16
15
12
18
22
17
15
18
23
25
27
27
29
26
27
24
20
24
29
22
13
12
6
8
-1
-6
-3
-6
-4
-12
-14
-9
-13
-11
-7
-3
-3
-3
-4
-2
5
-5
-11
-11
-5
-1
-7
-2
-1
4
4
-3
-3
-4
-4
-6
-4
1
3
-3
-5
-1
7
10
8
7
7
8
8
2
1
1
1
3
2
5
7
10
8
4
-2
2
3
-5
-6
-5
0
1
-4
-4
-5
1
1
0
0
-6
-5
-5
-7
-11
-9
-5
-7
-3
-5
-6
-6
-8
-6
-9
-12
-8
-7
-1
3
-1
-4
1
7
5
3
1
-3
-6
-7
-5
-7
-9
-5
-1
-1
1
-2
-4
2
3
0
1
2
2
4
6
4
-3
-6
-5
-10
-5
-7
-9
-8
-14
-15
-15
-9
3
9
13
15
13
13
11
10
9
7
13
14
13
10
5
6
7
10
9
8
8
4
5
4
4
2
0
2
3
8
9
7
5
5
3
-2
2
0
-7
-7
0
1
-2
-8
-9
-7
-5
-6
-8
-10
-9
-5
-3
-2
-6
-8
-12
-11
-10
-9
-9
-9
-9
-3
2
-2
-3
-1
3
5
6
9
14
12
7
1
-4
-7
-4
-1
-4
1
-1
0
1
-6
-4
-7
-10
-12
-16
-12
-10
-7
-10
-11
-12
-11
-5
-5
-6
-9
-6
-6
-7
-5
-4
4
5
8
14
12
15
15
14
16
9
7
8
9
11
14
14
8
9
8
7
5
1
4
3
1
-2
-9
-13
-10
-6
-6
-3
1
6
7
3
3
2
5
2
3
6
3
6
3
-1
-2
-9
-8
-8
-4
-7
-16
-13
-13
-10
-8
-10
-2
4
9
12
7
5
6
5
9
10
-1
0
2
2
4
2
0
-2
-3
3
3
1
0
-6
-3
0
-2
-7
-12
-6
-7
-4
-8
-14
-14
-20
-17
-25
-23
-17
-16
-7
-11
-6
0
1
4
0
0
3
13
20
20
22
25
29
28
28
23
18
24
21
18
12
9
11
3
4
-2
-11
-7
-11
-9
-13
-20
-23
-20
-12
-12
-12
-16
-13
-6
-5
-2
-8
-4
5
4
6
-1
-3
-6
-5
-5
-9
-3
-8
-12
-11
-3
2
-3
3
-2
0
1
-1
4
2
5
2
3
4
3
5
1
8
0
-1
10
9
9
10
11
12
11
12
14
13
10
9
2
4
-1
-4
-4
-8
-6
-10
-7
-7
-5
0
-6
-7
-15
-10
-6
-13
-9
-11
-8
-11
-12
-4
-7
-1
0
-1
-2
-3
3
2
2
-1
1
1
1
11
11
16
20
15
17
19
20
21
19
18
15
13
14
16
14
14
13
1
-1
-3
-1
-3
-10
-10
-9
-15
-17
-24
-31
-30
-32
-35
-35
-36
-33
-32
-27
-24
-26
-28
-22
-17
-14
-9
-12
-7
-5
-2
-4
-3
-1
-2
2
5
9
7
7
8
7
14
16
22
25
25
29
32
37
35
36
35
