4
8
16
0
5
8
2
11
16
3
-2
-3
-1
6
4
13
10
1
3
-4
-7
2
-2
-4
1
-10
-8
-3
-17
-7
2
0
9
1
-4
4
8
7
5
3
4
-11
-17
-6
-9
-5
-4
-14
-14
-23
-26
-11
-21
-19
-10
-27
-13
-16
-16
5
-20
-6
-9
-23
-14
-23
-15
4
14
11
10
-9
0
7
5
34
39
39
26
19
8
10
17
20
46
24
27
25
2
15
22
19
42
31
25
24
-20
8
17
20
40
21
32
23
11
17
10
11
19
8
8
2
-15
-13
-23
-18
-10
-13
-35
-39
-50
-55
-50
-69
-57
-47
-51
-48
-55
-75
-52
-51
-38
-37
-62
-34
-41
-44
-28
-9
-7
-2
-22
9
22
-8
38
24
40
38
16
51
35
20
59
52
33
51
20
46
19
7
52
6
9
6
9
6
-2
-6
17
5
-20
21
-11
9
11
6
22
-6
4
14
14
-11
19
20
10
22
4
49
18
4
36
17
31
6
18
34
14
27
39
14
-3
15
12
26
1
-8
6
-24
0
-1
-10
-19
-37
-11
-23
-20
-36
-28
-29
-44
-12
-33
-28
-46
-55
-20
-33
-21
-34
-40
-34
-28
-27
-32
-40
-53
-32
-48
-30
-36
-56
-38
-51
-18
-31
-35
-20
-28
-4
-9
-3
-2
12
20
32
44
33
54
39
55
63
65
70
66
81
70
100
79
95
92
75
121
72
90
82
59
75
54
58
47
38
20
34
16
9
7
-16
9
-17
-14
-27
-39
-43
-60
-39
-64
-61
-74
-77
-73
-79
-72
-58
-49
-75
-41
-81
-50
-46
-84
-25
-78
-51
-49
-72
-50
-46
-57
-52
-24
-79
-10
-39
-50
9
-61
13
7
-16
17
4
16
24
40
11
64
30
16
79
7
86
62
37
100
53
93
77
76
66
89
73
55
101
21
115
55
30
91
13
82
19
13
29
6
-5
-5
-22
-56
23
-68
-10
-62
-92
8
-115
-52
-78
-64
-59
-98
-96
-97
-52
-127
-63
-110
-78
-50
-137
-67
-108
-44
-55
-80
-72
-58
13
-52
-9
-24
16
53
-13
40
44
71
75
65
61
115
128
90
115
74
150
146
82
133
106
152
136
75
110
99
108
72
47
52
63
53
5
23
6
31
-23
-43
-28
-31
7
-100
-62
-62
-49
-45
-125
-42
-90
-86
-63
-83
-88
-100
-82
-93
-64
-129
-74
-78
-130
-45
-79
-45
-64
-110
-49
-56
-35
-53
-51
63
75
-47
-109
-66
-40
12
2
88
128
5
69
19
-13
35
-12
102
169
143
124
7
-17
106
100
73
150
87
72
115
23
43
3
24
100
22
21
24
-16
-7
4
-28
10
-14
-9
-2
-15
10
-48
-23
-15
15
-28
-66
0
8
17
-48
-42
-26
-30
-26
-29
3
-16
-26
-57
-51
-38
-44
-13
0
0
-35
-42
-29
-30
-49
-57
-13
29
-8
-77
-37
-37
-19
-17
-32
52
-17
-42
-44
-39
12
-32
11
46
36
21
-3
-7
5
16
5
51
35
11
23
1
2
8
2
44
19
12
45
25
34
6
-8
16
19
-9
29
16
35
36
-12
39
-21
31
34
2
35
15
24
14
20
-7
44
16
6
27
7
48
-4
1
15
-5
9
1
-1
25
-18
-15
-1
-26
-26
-41
-23
-60
-26
-37
-56
-24
-69
-42
-37
-37
-42
-51
-31
6
-22
-43
13
-12
6
-20
5
40
0
25
30
17
7
27
15
31
34
55
48
0
38
16
5
5
5
14
1
2
-5
-40
-28
-11
-43
-36
-40
17
-29
-67
-59
-102
-34
-36
-26
-10
15
34
-49
-53
-57
27
-43
-19
224
85
67
-6
-23
27
-65
89
146
138
59
150
103
-33
-37
-128
87
96
154
142
-99
-35
-52
-27
12
-3
10
21
48
12
-57
-120
-127
-13
15
23
-26
-108
-38
-68
-28
-95
-54
-5
-75
43
-56
-43
-37
-60
16
-30
4
18
-18
-7
53
11
-30
2
4
36
14
-1
34
11
5
48
-18
-54
46
33
23
60
15
0
-3
-28
22
34
-14
58
17
3
72
19
-58
1
63
51
86
-25
13
17
0
80
35
36
54
53
-38
80
39
-21
29
37
164
16
-73
-78
14
8
-39
51
-17
-44
-30
-84
-101
-88
-115
-58
-82
-51
-37
-130
-77
-102
-159
-118
-28
-7
-68
-131
-101
-66
-39
-11
-34
-52
-130
6
124
-54
-33
-19
-50
105
115
62
-25
9
32
101
231
11
48
22
45
243
-3
48
141
113
76
48
65
-5
53
37
288
87
-35
188
-67
-4
5
70
173
27
95
191
6
-211
-63
121
99
101
-19
16
32
34
-7
-180
102
-4
5
-49
-121
30
-248
-66
138
-40
-332
-186
119
-24
-336
-150
-2
-16
71
-158
-194
-416
-152
40
-32
-59
19
-32
-346
161
-142
-202
-456
-182
630
72
224
-101
-333
-230
-50
179
45
77
144
427
-180
-150
-47
-204
51
-69
532
393
13
103
-288
-112
-97
38
305
147
367
-32
19
-54
-45
298
-218
65
12
191
124
-49
226
-189
116
31
159
177
-89
179
69
222
-81
-210
-93
-175
20
312
439
147
187
-166
-424
-329
-361
68
177
317
165
-26
-125
-532
-118
-126
-305
-26
176
221
-44
-28
-261
-312
-157
-44
246
-118
-301
-39
86
34
103
-39
-224
-259
-380
532
337
-67
-71
-332
-52
-306
154
-179
209
353
103
711
-411
-421
-534
-531
-129
558
946
384
586
-58
-11
-676
-755
0
186
811
368
611
472
-155
-335
-293
-119
213
449
266
334
-42
29
100
109
318
124
57
-177
-129
148
93
80
74
87
90
-227
-266
-215
-280
45
293
179
-269
-467
-426
-321
-363
-388
22
-13
-136
-240
-172
-231
-504
-547
-386
84
-194
-187
-73
-144
-57
-198
62
-38
-145
-9
38
-22
-79
-90
39
177
-57
334
698
393
7
-217
-303
-257
-58
46
385
389
244
298
173
-1
-173
-141
-116
115
511
551
312
79
159
357
319
277
152
161
255
223
211
139
111
151
221
95
112
132
91
-96
-277
-156
-190
-193
-344
-196
-10
-66
-82
-49
-2
-242
-307
-404
-395
-342
-154
59
-96
-97
-134
-183
-271
-263
-107
-117
-168
-114
-59
-99
-210
-190
-113
-7
161
117
34
-77
-54
14
-55
49
157
130
83
83
68
114
71
29
133
122
132
162
127
85
65
38
25
66
82
104
94
102
150
123
122
134
50
-7
75
95
61
23
-51
5
12
-23
22
52
37
14
23
2
-22
-54
-55
-17
9
27
42
72
97
72
4
0
-40
-66
-41
-87
-84
-91
-109
-91
-124
-203
-256
-205
-199
-226
-221
-167
-83
-117
-140
-117
-87
-55
-44
41
139
158
156
150
198
278
316
308
253
267
293
255
189
155
162
143
66
-8
27
31
-22
-109
-114
-102
-131
-154
-216
-194
-222
-181
-127
-42
87
121
124
42
100
157
204
146
101
189
203
145
36
37
22
15
-53
-60
-21
5
-18
-133
-186
-234
-168
-189
-223
-241
-106
99
247
420
560
785
823
806
766
819
829
693
530
281
208
127
14
-259
-470
-546
-710
-956
-1294
-1458
-1607
-1834
-2108
-2256
-2226
-2127
-1965
-1760
-1471
-1060
-623
-253
29
305
629
864
1112
1339
1681
1860
1933
1969
2068
2294
2257
2168
1727
1374
881
337
-178
-792
-1130
-1609
-1754
-1885
-1701
-1414
-1270
-970
-769
-280
-39
171
296
443
739
899
1190
1388
1694
1916
2069
2264
2379
2484
2309
2003
1577
1093
665
122
-373
-935
-1345
-1500
-1540
-1380
-1366
-1276
-1294
-1315
-1211
-1203
-1075
-1183
-1192
-1197
-1080
-788
-589
-262
-122
67
84
-6
-157
-432
-648
-874
-919
-937
-878
-915
-935
-1017
-1116
-1139
-1130
-1080
-1235
-1284
-1154
-682
-83
787
1882
3067
3906
4247
4362
4101
3750
2790
1909
934
146
-558
-1423
-1792
-2266
-2234
-2491
-2550
-2593
-2760
-2935
-3565
-3841
-4138
-3837
-3466
-2631
-1487
-63
1620
3076
4706
5886
7045
7437
7487
7050
6259
5296
3846
2593
1214
259
-705
-1361
-1801
-2123
-2344
-2753
-3007
-3343
-3527
-3787
-3880
-3811
-3473
-2876
-2071
-964
303
1706
2874
3819
4395
4630
4337
3534
2477
1371
341
-760
-1616
-2172
-2332
-2356
-2361
-2232
-2229
-2282
-2633
-3061
-3541
-4033
-4282
-4378
-3985
-3293
-2137
-827
446
1717
2765
3702
4117
4262
4101
3753
3108
2198
1378
772
498
255
243
295
582
658
570
409
155
-53
-582
-899
-1203
-1173
-1051
-791
-407
-73
414
714
1048
1022
1030
753
381
14
-284
-244
-535
-704
-1039
-892
-557
-417
-509
-1059
-1060
-741
-53
696
1814
3389
4330
4195
3317
2637
1946
737
-737
-1718
-2187
-2614
-3041
-3198
-3144
-3338
-3558
-3676
-3664
-3664
-3755
-3964
-4409
-4556
-3876
-2563
-1163
299
2211
4369
6017
7028
7582
7730
7269
6176
4808
3254
1802
673
-204
-1024
-1685
-1805
-1572
-1584
-1977
-2353
-2577
-2874
-3245
-3290
-2931
-2282
-1333
-54
1429
2794
4078
5137
5696
5671
5253
4567
3314
1560
-205
-1593
-2780
-3810
-4288
-3952
-3221
-2613
-2027
-1334
-692
-545
-820
-1238
-1619
-1902
-2138
-2181
-1917
-1137
-38
920
1515
1919
2257
2175
1520
663
27
-469
-1071
-1628
-1840
-1591
-1029
-360
244
793
1353
1658
1494
905
414
96
-266
-572
-629
-209
134
348
480
663
828
571
137
-444
-703
-810
-988
-1290
-1561
-1364
-1093
-703
-397
17
383
490
480
214
160
298
846
1518
2542
4291
6065
6734
5430
3420
1526
-255
-2377
-4339
-5217
-5396
-5101
-4576
-3421
-2237
-1623
-1554
-1835
-1943
-1994
-2067
-2753
-3570
-3405
-1772
527
2486
4456
6518
8206
8782
8508
7625
5921
3452
709
-1573
-3146
-3725
-3554
-3215
-2976
-2359
-1292
-628
-842
-1468
-1861
-2284
-2753
-2759
-1884
-364
1309
2944
4307
5360
6157
6382
5451
3487
1398
-260
-1806
-3361
-4411
-4610
-4319
-3954
-3284
-2177
-935
-156
107
160
313
576
515
164
-166
40
390
199
-337
-676
-596
-813
-1477
-1992
-1994
-1777
-1818
-1999
-1895
-1392
-700
-80
286
650
1087
1481
1669
1795
2224
2665
2754
2556
2418
2379
1996
1104
125
-719
-1317
-1657
-1740
-1392
-954
-520
-330
-551
-499
-200
57
-270
-1070
-1138
-915
-761
-492
105
1206
1581
1357
906
-37
-1016
-1580
-895
1340
4494
7401
8064
5725
2862
633
-1633
-4596
-7344
-7535
-6636
-5377
-3488
-1401
329
491
654
1138
1041
207
-1292
-3042
-4295
-3804
-1493
1198
2855
4722
6770
7850
7567
6104
4515
1741
-1567
-4017
-5347
-5256
-4320
-2595
-1039
-105
1070
2302
2516
1415
-64
-1201
-1976
-2319
-1440
228
1718
3095
4204
5003
4980
4269
3036
679
-1752
-3217
-3433
-3062
-2692
-1825
-1024
-698
-646
-579
-483
-681
-911
-821
-336
420
1219
1467
1242
988
628
-305
-1988
-3457
-4291
-4805
-5000
-4401
-2916
-1327
-249
355
781
996
1011
792
432
299
604
1327
2193
3105
4049
4565
4169
3095
2046
1253
114
-1440
-2851
-3624
-3618
-3091
-1984
-807
98
832
1278
1197
683
126
-150
-220
-428
186
889
1222
1234
574
500
-225
-1293
-2143
-2691
-1604
661
3991
7559
9827
9257
6291
1857
-2032
-5196
-8597
-9815
-9477
-6931
-3857
-1429
1539
2475
2434
1539
627
102
-1517
-3137
-4478
-4556
-2695
646
3778
6046
7107
7403
6733
4126
1718
-954
-3122
-4801
-5799
-4486
-2770
-404
1374
2174
2507
2081
1643
504
-949
-2050
-2213
-1771
-535
1266
3158
4638
4707
4434
3356
2210
1048
-598
-1754
-2854
-2503
-1363
-300
619
543
98
-1117
-2540
-3389
-3635
-2960
-1469
625
2932
4811
5410
4686
2794
622
-1511
-3981
-5893
-6900
-6494
-5208
-3732
-1777
73
1480
1833
1073
24
-663
-897
-751
-423
358
1716
2689
3460
3800
3800
3141
1375
-393
-1881
-2809
-3636
-4072
-3968
-3146
-1680
-243
1592
2742
3562
3375
2180
1031
-330
-654
-589
-196
166
650
1440
2022
2138
715
-1009
-3486
-5129
-4601
-1413
5065
11016
14070
12018
7043
2567
-1688
-6355
-11121
-12903
-11176
-7417
-3568
239
2838
2425
365
-1383
-796
-135
-1008
-3264
-5196
-3885
-240
4037
6793
8043
8243
6836
4036
885
-1263
-3032
-4843
-6108
-5199
-2220
1182
3435
3431
2448
1433
931
550
-56
-523
-1117
-1264
-631
951
2743
3468
2912
1567
322
-541
-768
-595
-568
-551
-295
352
1047
1368
812
-785
-2901
-4795
-5742
-5530
-4028
-1741
1009
4069
6683
8238
7508
4744
1459
-1646
-4044
-5745
-6315
-5645
-4786
-3833
-2724
-1519
-405
-314
-1026
-1924
-2319
-1463
-6
1673
3630
5547
6984
7070
6200
4838
2474
-526
-3513
-5272
-5531
-4994
-3708
-1970
-126
1121
1143
747
741
1000
995
-10
-812
-1017
-610
399
1142
1751
1417
999
490
76
-337
-1466
-2711
-3384
-674
4532
10528
13592
12233
7747
712
-4913
-9809
-12462
-13130
-11683
-7163
-2951
1502
3433
3018
509
-2586
-2972
-2369
-1267
-1529
-1393
-36
2350
5346
7161
8111
7020
4858
1417
-1918
-3857
-4723
-4401
-4226
-2712
-332
2294
3811
3331
1931
-209
-1276
-1368
-331
1013
2048
3014
3196
3332
2893
1969
159
-2112
-3591
-3989
-2865
-935
1567
3424
4140
3889
2935
1996
380
-1582
-4037
-6180
-6656
-5542
-2829
223
3211
5657
6801
6911
5919
4087
1350
-1843
-4425
-5582
-5273
-4275
-3412
-3245
-3220
-3116
-2961
-2829
-2873
-2432
-1791
-882
556
2373
4503
5750
5806
5139
4305
3694
2621
801
-1242
-3143
-4588
-5462
-5752
-4848
-2999
-842
671
969
1145
1642
1690
755
-657
-1646
-2112
-2627
-2000
-454
584
684
115
526
345
-442
-1595
-2105
281
5890
14280
19064
17424
10022
1359
-6039
-12933
-16317
-16593
-12070
-6571
-850
4333
5659
4196
-1863
-5751
-6384
-3662
55
860
2468
3470
5971
7069
6512
5523
3108
975
-2040
-2976
-2455
-733
272
109
466
657
1684
960
-276
-1940
-2753
-1464
260
2992
4447
5159
4428
2555
906
-824
-1868
-3336
-4222
-4278
-3072
-1003
932
2696
3332
3535
2617
1337
-130
-1712
-2805
-4524
-5706
-6394
-5838
-4317
-2809
-399
2306
5099
6661
6616
5638
3988
2006
-355
-2496
-3969
-4561
-5130
-5422
-4869
-3360
-1400
-609
-356
-85
380
901
966
1496
2592
3824
4834
5172
5174
4682
3358
1482
-390
-1824
-2994
-4058
-4714
-4035
-2587
-1115
-101
149
501
444
256
55
-315
-521
-581
-377
-135
-654
-1518
-1336
-1454
-1900
-3007
-2642
1381
6996
13556
17356
16557
10855
2350
-4538
-9379
-12307
-13162
-11080
-6837
-2183
99
-514
-4272
-9675
-12146
-10977
-5581
42
4170
7485
9164
10922
10499
8096
4548
589
-1680
-2718
-1742
696
2562
2807
1512
-132
-1280
-2476
-3400
-3690
-3638
-2322
107
3516
6525
7323
6312
3781
1221
-215
-679
-320
-338
-531
-51
485
832
107
-1469
-2625
-3028
-1515
1295
3727
4748
3264
396
-2523
-4969
-6101
-6590
-6229
-4180
-995
2890
5275
4975
2900
-23
-1966
-2564
-2646
-2278
-1814
-1262
-182
370
837
879
-409
-1778
-3374
-3255
-1476
404
2593
3871
4832
5190
4589
3665
2263
757
-242
-879
-1562
-1897
-2134
-1607
-1259
-1856
-2152
-2007
-693
300
555
849
565
-10
-1071
-1642
-1964
-2391
-2428
-2029
-968
-1047
-1248
587
5679
12450
15834
13778
6022
-2731
-8506
-10650
-9546
-6704
-1647
2058
3368
2132
-1826
-8201
-16357
-19529
-16184
-7859
650
5913
8996
9214
8418
6274
3908
2105
915
1536
3130
5684
7927
8952
7127
2732
-1845
-5418
-7335
-7762
-6127
-3335
72
3811
6553
7183
5142
2269
134
-290
1264
3427
5022
5008
3836
2263
252
-2097
-4572
-6145
-6283
-4793
-2272
319
2275
2944
2354
574
-1235
-2335
-2512
-2128
-1355
670
3256
4916
4066
806
-3502
-7387
-9109
-8099
-5213
-2259
-496
-241
-674
-883
-733
-481
-693
-468
822
2733
4608
5295
4987
3743
1583
-473
-1735
-1678
-635
332
1288
2283
2304
1278
-843
-2755
-3615
-3997
-3643
-2522
-836
40
459
1049
3001
4215
2525
316
-2069
-2943
-4324
-4377
111
8140
16440
18107
13998
5370
-3063
-9963
-14682
-13106
-8222
-482
3625
3847
1912
-4068
-10729
-16698
-15072
-7266
1054
6182
6550
5696
3039
397
-2112
-2904
-1177
2087
7046
10229
11200
8270
2979
-2604
-7393
-8598
-7506
-4005
-313
2470
4672
5368
5192
3064
-191
-3045
-3847
-1597
2777
7875
11225
11789
9306
5481
1714
-1916
-4515
-5981
-5260
-3362
-1409
164
221
-1070
-4032
-6707
-7558
-6204
-3185
-421
2178
4298
6265
7604
6903
4405
417
-3180
-5191
-5554
-4694
-4133
-4161
-4882
-5580
-5910
-5855
-4949
-3499
-1336
568
1876
2845
3326
4105
5090
6093
7406
8126
8095
7055
4209
1224
-1921
-4821
-6518
-7409
-6240
-4409
-3395
-2532
-1995
-1895
-1974
-2202
-1262
650
1426
2018
1531
137
103
2037
8421
15832
18811
15490
5612
-4065
-9653
-11189
-9085
-5935
-907
3424
4609
2521
-3588
-11545
-19353
-21606
-15308
-4310
5312
8498
6507
2441
-990
-1755
5
3393
6795
9807
12119
12907
10945
5703
-1416
-8297
-11619
-10373
-5755
-1134
-14
-2047
-5615
-7782
-7803
-6372
-3687
-257
4391
9300
13203
14878
13520
9663
5167
2596
2814
4615
5709
5334
3486
389
-3031
-6384
-8841
-10185
-10202
-8318
-4968
-953
2224
3540
2672
1084
564
1327
2920
3580
3613
3271
2198
983
-966
-2874
-4746
-6661
-7562
-7200
-5596
-4239
-3965
-4368
-4417
-3559
-1986
-179
1294
3224
5065
6515
6615
5593
5240
4289
3702
3034
2361
2236
335
-1091
-2052
-3185
-3880
-5456
-6506
-6647
-6222
-4806
-3680
-4079
-2352
2509
9197
16634
18429
15646
8079
-1324
-4272
-4473
-1452
1851
3202
4703
1400
-3997
-10498
-17529
-21214
-20056
-12684
-3188
3067
3262
-433
-5019
-6883
-3883
1487
8769
14180
17115
18438
16690
13872
8415
2254
-1799
-3741
-2520
-924
-667
-2567
-6574
-10378
-12153
-11669
-9693
-7042
-4918
-2100
936
3606
5584
5083
4840
5378
6764
9414
10904
11729
10706
7601
4408
1044
-1604
-3331
-4765
-5760
-6794
-8275
-9082
-9186
-8284
-5667
-2539
1061
3496
3918
3332
1868
1340
1839
3037
4769
5783
5655
3382
-715
-5055
-8348
-9665
-9302
-7698
-5414
-2976
-816
397
1072
1295
1268
1211
1458
3248
5419
6784
6865
5845
4359
2164
472
-242
-354
-1390
-3030
-3745
-4272
-4973
-7232
-8497
-6148
-571
7085
12739
14428
10005
1667
-4645
-5346
-945
2532
5116
7307
7954
5995
-642
-6995
-12107
-14991
-12529
-6834
-638
-496
-7001
-14483
-18295
-15528
-8181
626
7496
11651
12388
10567
8109
5617
5693
6948
10073
14641
17194
16425
10157
1462
-6554
-11847
-12700
-10700
-7581
-5841
-6086
-8062
-10495
-11760
-10807
-6802
-1285
4947
10234
12978
13352
11686
10315
10036
10628
11663
11427
9512
5089
-1044
-7286
-12600
-15212
-15294
-12614
-8408
-5102
-3728
-4884
-7033
-8610
-8083
-4190
2278
8465
11686
11395
8675
5549
2418
245
165
1584
3593
3969
2187
-1164
-6144
-10614
-12273
-9765
-4142
473
2561
2470
1128
-4
-1233
-1263
890
3868
7031
8648
7844
5588
1548
-2217
-4064
-3829
368
5556
8994
10198
7676
2794
-4095
-9641
-8293
-2390
3325
6540
5943
3148
-2179
-9063
-12502
-12518
-8871
-3646
-622
57
-2686
-7716
-13062
-15242
-11634
-3482
4174
8244
9508
7323
3786
134
-883
2338
7287
12518
14938
13456
9038
3332
-1592
-4317
-3898
-760
2151
1979
-1342
-6155
-10307
-12693
-11767
-7714
-2451
1736
3513
3473
1992
613
688
3058
7357
12024
15403
15462
12164
6914
2015
-844
-1702
-1024
-304
-432
-1444
-3511
-5836
-8236
-10137
-10677
-10109
-7885
-5233
-3670
-3715
-5268
-5802
-4553
-1797
1271
3727
5975
7233
7748
7251
6475
5488
3926
3180
2625
1920
414
-1892
-3483
-4380
-4606
-4151
-3804
-3818
-4150
-4522
-4775
-4889
-4041
-1542
1665
3648
4953
6799
9466
12284
13018
9602
2403
-3484
-3619
794
4607
5344
4350
972
-3896
-8585
-12446
-14086
-13805
-9959
-3753
-187
-967
-7222
-15399
-19095
-15037
-4625
4539
8916
9890
8296
5630
3063
3357
7503
12758
17080
18609
16184
11071
5185
39
-2407
-1853
1080
3822
2462
-1600
-6391
-10509
-12570
-12701
-9653
-5613
-3247
-2924
-4210
-4934
-4481
-1975
2377
6768
10299
11810
11141
9135
6922
5270
4643
4730
5523
6376
4745
983
-3310
-6071
-6161
-5907
-6392
-8133
-10504
-11462
-10999
-9388
-7498
-6396
-5801
-5694
-5093
-3055
-721
1119
2506
4257
7088
9633
10717
10284
8700
6726
4866
4145
4287
4264
3204
618
-1397
-2525
-3210
-3556
-4883
-5883
-6070
-6167
-5754
-5410
-5056
-3073
952
6380
10929
9924
4082
-2130
-4453
-72
6414
11431
13320
11127
7648
2819
-1826
-5198
-7683
-7422
-5604
-3962
-5090
-10803
-18402
-23528
-22937
-16942
-9083
-3771
-1948
-2756
-4254
-3617
-880
4585
11645
17671
21653
22066
20351
18156
15476
12750
10346
9127
8207
5800
1364
-3665
-7422
-9787
-10951
-11332
-11023
-10614
-10842
-11311
-11399
-9788
-7008
-3524
892
4751
7877
9191
8773
8783
8942
9084
8733
7216
5386
3954
3067
2815
2535
1096
-1136
-4046
-6971
-8304
-8176
-7145
-6697
-7308
-7754
-7975
-8103
-8448
-8291
-6676
-4276
-1718
-39
660
1174
1583
2572
4277
6405
9199
11653
12463
11645
9451
7371
6250
4807
3170
1116
-627
-1121
-1888
-3511
-6194
-7584
-5651
-1766
1265
252
-3769
-7378
-7561
-3738
1419
4494
4601
2858
468
25
636
1414
1912
902
826
177
-2772
-7404
-12041
-12143
-8215
-3625
-1386
-3127
-6778
-9915
-10280
-6784
-1135
4106
6799
6003
3637
1844
2028
4743
8244
11589
13796
13504
11415
8229
4962
3387
3388
5023
6778
5705
2328
-2581
-6708
-8076
-7607
-5666
-4253
-4508
-5797
-7513
-8104
-6634
-3822
-730
1633
2884
3939
4534
4756
5267
6339
8242
9719
9324
6593
2414
-1223
-2552
-2204
-1697
-2602
-5346
-8485
-11158
-11765
-10605
-8686
-6811
-5764
-4856
-4111
-3160
-1930
202
2933
5618
7310
6400
4185
1681
1140
3551
6686
8723
8230
5631
2738
635
-505
1306
5247
9249
10714
6143
-406
-5007
-5155
-1240
1491
2015
429
-2990
-6850
-10044
-11418
-10465
-8976
-7562
-5515
-4898
-6314
-9948
-13057
-11464
-6409
-195
3400
2431
-114
-2121
-1421
2447
6495
9561
9764
6819
4263
3221
4499
6818
7959
8768
8899
7839
5894
3120
714
-121
122
1088
1662
468
-1923
-4775
-6118
-4687
-2179
-622
-1126
-2671
-3290
-2955
-2086
-568
1050
2265
1958
665
303
996
2134
2397
2064
2521
3690
4354
3448
1103
-1086
-1588
-1250
-576
-934
-2596
-4410
-6625
-7416
-6778
-5352
-4176
-4958
-6261
-7027
-6246
-4038
-1561
964
2492
2705
2306
1692
2311
3981
5607
7069
7390
7292
6628
4780
2861
3105
6531
10808
12391
8390
1974
-2928
-3839
-279
3227
4437
2302
-1671
-4941
-6816
-7399
-7639
-7381
-7051
-5835
-5467
-8179
-12976
-17505
-16993
-11609
-4943
-478
-802
-3667
-6182
-6041
-2534
2127
6350
8693
8698
8226
8619
10222
11889
12047
11153
10335
9585
8509
6605
3644
1367
342
454
718
-950
-3652
-6368
-7703
-6880
-4987
-3195
-2957
-3935
-4845
-4355
-2422
-104
2216
3566
3562
2927
2142
2190
2591
1872
999
700
1389
2926
3245
1904
31
-1591
-1856
-1238
-1257
-1513
-2626
-4079
-4629
-4743
-3760
-3552
-4450
-5390
-6393
-5703
-4642
-3644
-2565
-2245
-1427
-402
327
1360
2414
2788
3610
4689
6148
7939
7111
6343
7870
11137
14578
12186
5088
-443
-614
4442
8650
8033
4363
-250
-4807
-6786
-5887
-4066
-3907
-7116
-8917
-8241
-8533
-10968
-15460
-16578
-12909
-7966
-4293
-5272
-8707
-10656
-9640
-4957
1004
5591
7451
6004
3755
4966
9345
13771
15729
13819
11390
9894
8807
9160
8950
8365
7628
5445
3485
1566
-522
-2151
-3915
-4640
-3969
-4111
-5903
-8661
-10793
-10024
-7660
-5568
-4038
-4484
-5754
-6905
-7312
-4936
-1279
2350
5091
6155
7239
7904
7378
5992
4082
3687
4743
5780
5998
4522
2239
-129
-2585
-4626
-5948
-6404
-6108
-6167
-6840
-7440
-8369
-8875
-8462
-6504
-2872
-339
244
-531
-1148
-258
1582
3668
5461
6662
6902
8042
10902
14398
14948
8911
1760
226
5815
12591
13237
8808
2999
-1969
-5271
-5061
-2398
-805
-3040
-7570
-9018
-9131
-10701
-14489
-17787
-15963
-11411
-7841
-7904
-10905
-12477
-11074
-7862
-4097
-877
2011
3686
3217
3427
6079
10533
13759
13751
12287
12034
13001
13729
13674
12261
11301
9901
8000
6499
4644
3510
1656
-298
-1650
-2651
-3831
-5560
-6752
-7331
-6949
-7219
-7661
-8191
-8957
-8928
-8423
-6865
-5233
-4053
-3546
-3138
-1959
396
3044
4052
3318
1752
1831
3465
5269
6052
4934
3150
1340
117
266
1309
1980
1424
-1207
-3707
-4997
-5500
-5034
-4907
-4190
-3831
-4002
-4821
-5702
-5132
-4421
-2803
-1834
-886
322
2157
6331
10827
13525
10064
4047
1525
5878
14274
17747
15773
9644
4563
2267
1834
3797
3811
1802
-2495
-6125
-7647
-10355
-13898
-17478
-17610
-14060
-11199
-11493
-14316
-16306
-14918
-11459
-8010
-5119
-2485
-347
413
1030
2654
6567
10504
12219
12274
11327
12133
13341
14509
14654
13383
12309
10578
9643
8814
8523
7908
5841
2828
-837
-2808
-3568
-2330
-1406
-2751
-5229
-8521
-9556
-8889
-8431
-8368
-8350
-8181
-7406
-6652
-6755
-5808
-4581
-2430
-73
116
-274
-1020
-394
1954
3710
4711
4430
3074
2194
1774
2110
3027
2262
886
-524
-1686
-1574
-2284
-2709
-2279
-2231
-2254
-3223
-4428
-3903
-2395
-1591
-1477
-2372
-2370
-713
113
2226
5967
8963
9164
4085
-509
1659
7944
12899
12207
7221
3879
3203
3398
4765
4823
3326
813
-2840
-3560
-3519
-5307
-8161
-11494
-11358
-9276
-8800
-9987
-12296
-13246
-11893
-10341
-8749
-6589
-5011
-3862
-3890
-3695
-106
4636
7938
8830
7638
8157
10166
11525
12752
12743
12654
12848
12184
12029
12204
11547
9687
6851
4320
4049
3684
1307
-1789
-4974
-5816
-6031
-7664
-8873
-9660
-9796
-9694
-10197
-9755
-8484
-8331
-8373
-7619
-5040
-1562
-977
-2629
-3731
-2279
1213
3148
2468
1211
699
1135
1650
1686
2755
3816
3635
2643
1026
767
1160
933
1031
1227
994
-258
-2291
-3090
-1575
-352
-1129
-2534
-3135
-1773
-660
-1091
384
4214
7429
6338
1147
-1280
2620
8664
11174
9316
6544
5647
5310
4102
3732
3782
2850
368
-2246
-2205
-1694
-3986
-8671
-12397
-11571
-8319
-7267
-9534
-12676
-12896
-10352
-7810
-6180
-5084
-4358
-4518
-5009
-3795
496
4965
6542
6089
5425
6905
9112
10080
10567
10530
10738
10926
10775
10553
10095
8568
6453
5460
5276
5856
4721
1025
-2166
-3408
-2636
-1683
-2448
-5077
-8060
-10641
-11680
-10226
-7968
-6513
-7096
-8317
-7801
-5759
-4377
-5206
-6895
-6392
-2773
922
2343
1427
217
599
1932
3293
4761
6091
5823
3910
1817
1638
3229
4304
3756
2317
1635
900
-133
-865
-1542
-1418
-1543
-2526
-2444
-1511
-757
-894
-2351
-1046
4176
7920
6332
378
-2866
1503
7387
8746
6714
3912
3339
2688
803
2003
3801
3319
-326
-4461
-3858
-1941
-3370
-7900
-11092
-9115
-4919
-4171
-7198
-10391
-11282
-9376
-7697
-6405
-3861
-2482
-3122
-4636
-4583
-30
5127
6365
5145
3643
4933
8031
9634
10495
10743
10525
10569
10055
9512
9650
8361
6507
5661
5769
6722
4599
-404
-3363
-2614
108
813
-2385
-5823
-7223
-7472
-6687
-6212
-5838
-6270
-8282
-9431
-8360
-5559
-4103
-5677
-8131
-8010
-4797
-1579
-504
-1100
-1434
-971
-177
1046
3114
5009
4891
3397
2821
3959
5519
5283
3373
2547
2982
3471
2651
607
-313
-12
363
-191
-726
-645
-757
-1964
-3120
-709
3460
5348
1701
-4161
-5058
-1000
4374
6317
5170
3380
1308
-399
-545
2217
4467
3258
-697
-3130
-1542
8
-1697
-5846
-7872
-5951
-3771
-4409
-7319
-9395
-8866
-7368
-6517
-5567
-4221
-3578
-4296
-4993
-2981
2057
6036
6325
4380
3344
5432
8495
10703
11731
11733
11346
10290
9392
9360
9534
8573
6878
5853
5978
5917
3291
-545
-2616
-2056
-937
-2155
-5084
-7426
-7991
-7533
-7486
-7463
-7366
-7915
-8812
-9193
-7609
-4892
-4054
-5371
-7054
-6396
-3045
-490
-139
-1296
-2273
-1349
368
2223
4077
4696
3849
2260
1440
2647
4315
4429
3272
1987
1740
1815
1229
775
1103
1788
1583
197
-937
-716
-96
-6
-314
859
3570
4469
2369
-1545
-3222
-753
2793
5031
4888
2757
167
-1995
-2292
211
2519
2399
221
-1972
-1579
-765
-2090
-4694
-6353
-5480
-3578
-3531
-5140
-6358
-6835
-6483
-6170
-5433
-3420
-2422
-3095
-4288
-3928
-672
2851
4232
4375
4551
5589
7017
7587
8317
9290
9722
9809
9531
9406
9507
8355
6594
5827
5654
6394
5705
3011
741
-845
-1282
-1603
-2599
-3840
-5052
-7052
-9025
-9935
-9731
-8299
-8580
-9270
-9133
-8390
-6826
-7185
-7869
-7000
-4866
-2484
-1805
-2086
-1531
25
1688
2630
2916
3682
4455
4494
4307
4277
4821
5453
5135
4147
3241
2498
2234
2096
1858
1402
395
-506
-1109
-859
-8
352
-65
-737
78
2083
3352
2385
-347
-1833
-586
2311
4625
4732
2743
416
-606
139
1866
2337
1030
-1115
-2516
-1990
-1417
-2277
-4365
-6425
-6612
-5494
-4834
-5406
-6792
-7698
-7379
-6191
-4606
-3206
-2631
-2613
-2738
-2043
62
2553
4573
5528
5510
5547
5903
6736
8028
8889
9264
8773
7627
6719
5853
5574
5812
6335
6593
5280
2642
218
-562
74
744
-112
-2021
-4085
-5990
-7029
-7451
-6984
-6347
-6617
-7413
-8040
-7798
-7041
-6810
-6743
-5903
-4439
-3226
-3129
-3253
-2415
-661
844
1262
1527
2428
3573
4063
4040
4246
5162
5727
5056
3977
3352
3782
4353
4238
3511
2455
1222
361
-169
-328
-290
-1083
-1706
-2236
-2311
-1549
-217
1422
1988
743
-1561
-2111
-885
1571
3453
3836
4213
3166
1485
-210
-724
675
2118
2457
1471
53
-2144
-4704
-7167
-7714
-5771
-4006
-3844
-6087
-8549
-9334
-8915
-7917
-6517
-4501
-2556
-1982
-2893
-2953
-804
2965
5686
5894
5422
5656
6696
7715
8418
9096
9809
9188
7548
6345
6222
7096
6903
6017
4865
3618
2419
1158
595
493
507
-872
-2615
-3977
-4836
-4928
-5432
-5733
-6207
-6473
-6809
-7051
-6775
-6460
-5956
-6033
-5687
-4844
-3424
-1979
-1528
-1421
-1108
-128
987
1982
2746
3787
4548
4628
4127
3543
3818
4041
4263
4113
3849
3603
2731
1463
430
445
1050
1716
1005
-823
-2788
-3844
-2987
-1702
-953
-1762
-2818
-2284
-230
1699
1155
-1194
-3066
-2035
808
3347
4174
3148
2119
1108
1108
1432
1362
1007
71
119
454
-47
-2235
-5266
-7109
-6755
-5005
-4375
-4940
-6685
-8109
-8338
-7899
-5824
-3002
-486
199
-1292
-2372
-897
2760
6222
7497
6917
6513
6556
6641
6993
7730
9043
9974
9197
7470
5702
4649
4973
5319
5495
4784
2856
728
-1256
-2045
-1885
-1335
-1550
-2591
-4270
-6122
-6901
-7341
-6627
-5596
-4738
-4111
-4906
-5999
-6772
-6286
-4544
-2597
-1397
-1247
-1773
-2300
-1651
-206
1748
3264
3446
2932
2029
1673
2361
3231
3882
3817
3019
2409
1889
1524
1335
1010
835
597
-139
-1082
-1867
-2335
-2260
-2238
-2078
-1546
-1364
-1664
-2484
-2839
-1346
1636
4082
4140
1575
-881
-526
2020
4776
5559
4593
3390
2402
1818
1629
1633
1445
746
-461
-1114
-1440
-2628
-4913
-7386
-7895
-6255
-4471
-3967
-4828
-6332
-7426
-7780
-6596
-3606
-698
752
212
-796
-230
1704
3691
4768
5150
5719
6709
6836
6314
5790
5700
6525
7091
7380
7110
5843
4207
2902
2405
2598
2534
1486
146
-1376
-2328
-2649
-2841
-2781
-3266
-4422
-5756
-6530
-6358
-5401
-4770
-4383
-3852
-3542
-3181
-3439
-3585
-3004
-1830
-273
846
1251
865
187
-308
339
2114
3974
4817
3816
2048
730
655
1765
3126
3805
3212
1669
34
-834
-672
157
932
972
29
-1288
-2254
-2408
-1979
-1356
-620
-187
-243
-1035
-1692
-1409
-34
1796
2710
2502
1277
350
615
1907
3210
3358
2858
2462
2815
2854
1680
-311
-2029
-2051
-1004
89
118
-1479
-4156
-7027
-8463
-7670
-5512
-3944
-4129
-5566
-6742
-6629
-5793
-4889
-4095
-2945
-1053
686
1584
1680
1435
1584
2264
3758
5981
7728
8032
6740
4981
4171
4563
5442
6072
6215
5933
5215
3610
1700
520
567
1550
2123
1864
974
-400
-1814
-2860
-3075
-2277
-1330
-1087
-1552
-2451
-3157
-3603
-3759
-3083
-1764
-664
-659
-1759
-2666
-2404
-1390
-462
-121
-144
-133
-137
-155
-54
292
787
966
708
455
459
681
853
619
248
187
410
606
420
-160
-798
-947
-559
-6
377
152
-727
-1766
-2052
-1163
372
1455
1091
-402
-1811
-1938
-246
2542
4521
4063
1607
-820
-1212
638
3111
4744
5000
4082
2344
312
-1069
-1303
-776
-286
-348
-839
-1664
-3305
-5782
-7919
-8402
-6992
-4957
-3879
-4114
-5098
-6077
-6475
-6010
-4387
-2007
-55
751
622
564
1193
2010
2612
3349
4504
5798
6453
6160
5658
5491
5568
5562
5407
5483
5814
5853
5307
4433
3642
3135
2646
2179
2011
2029
1882
1245
242
-788
-1681
-2386
-2649
-2383
-2012
-2193
-3254
-4469
-4928
-4559
-4054
-4158
-4662
-4798
-4290
-3517
-3003
-2854
-2818
-2768
-2669
-2165
-882
923
2207
1986
575
-619
-479
912
2381
3001
2658
1746
866
367
472
981
1407
1396
1015
605
259
-56
-395
-586
-611
-506
-197
272
707
622
-1
-576
-538
209
1326
2611
3850
4422
3755
2121
785
699
1712
2944
3706
3899
3286
1747
-486
-2525
-3487
-3323
-2545
-1990
-2104
-3260
-5322
-7542
-8763
-8304
-6884
-5601
-5210
-5212
-5005
-4528
-4128
-3990
-3581
-2629
-1137
402
1842
3143
4103
4497
4308
4275
4855
6020
7013
7419
7379
7126
6773
6099
5360
4873
4875
5035
4928
4443
3651
2761
1667
661
-44
-349
-592
-1125
-1722
-2136
-2383
-3117
-4470
-5809
-6119
-5133
-3778
-3088
-3516
-4465
-5292
-5518
-5011
-3877
-2423
-1246
-646
-582
-721
-860
-780
-270
709
1812
2502
2650
2459
2182
1823
1459
1335
1624
2059
2169
1882
1541
1466
1451
1214
783
493
519
670
793
897
1031
975
529
-192
-728
-704
-192
504
958
995
593
-112
-852
-1308
-1096
-165
1149
2050
1840
555
-1042
-1995
-1966
-1228
-356
180
93
-689
-1832
-2836
-3388
-3649
-3818
-3772
-3284
-2507
-2097
-2517
-3510
-4246
-4144
-3228
-2000
-956
-294
-30
64
269
763
1476
2125
2513
2721
3032
3586
4263
4723
4733
4327
3759
3359
3274
3461
3642
3564
3196
2701
2306
2026
1747
1326
784
245
-162
-306
-161
162
268
-237
-1331
-2383
-2589
-1850
-922
-732
-1491
-2556
-3155
-3035
-2488
-1943
-1735
-1994
-2501
-2821
-2653
-2206
-1918
-1890
-1768
-1225
-486
-15
66
58
275
681
1114
1562
2044
2397
2401
2112
1867
1929
2156
2232
2034
1721
1488
1286
993
680
558
650
642
269
-311
-673
-694
-657
-845
-1234
-1555
-1769
-2039
-2354
-2486
-2327
-2081
-2005
-2105
-2160
-2122
-2162
-2287
-2233
-1732
-858
74
789
1194
1333
1280
1222
1398
1908
2602
3174
3481
3609
3748
3870
3629
2713
1304
88
-276
234
928
1024
217
-1226
-2798
-4011
-4516
-4223
-3440
-2735
-2514
-2720
-2939
-2879
-2658
-2543
-2568
-2390
-1676
-504
666
1374
1530
1307
919
642
804
1612
2827
3772
3904
3362
2803
2674
2873
3015
2928
2697
2402
2115
1959
2031
2138
1869
1106
296
-30
129
252
-57
-611
-997
-1048
-935
-845
-840
-1030
-1501
-2084
-2323
-1974
-1395
-1209
-1551
-1904
-1728
-1148
-821
-1075
-1579
-1790
-1536
-1097
-704
-361
-99
-81
-374
-715
-758
-510
-286
-237
-151
166
510
490
55
-404
-508
-250
96
343
445
383
137
-99
-24
396
829
866
498
93
41
385
862
1177
1176
963
805
882
1149
1337
1261
1014
837
853
968
1134
1403
1772
2033
1919
1418
804
348
131
134
312
521
437
-91
-787
-1235
-1389
-1707
-2494
-3470
-4065
-4066
-3845
-3816
-4048
-4397
-4772
-5130
-5264
-4952
-4325
-3737
-3309
-2745
-1767
-636
146
495
830
1545
2544
3512
4313
4997
5578
5972
6222
6506
6803
6801
6312
5651
5403
5736
6147
6027
5270
4287
3458
2798
2088
1254
444
-142
-490
-803
-1310
-2132
-3170
-4168
-4862
-5120
-5082
-5046
-5215
-5479
-5531
-5277
-4933
-4753
-4761
-4727
-4429
-3831
-2998
-2044
-1156
-531
-208
2
357
964
1675
2242
2525
2564
2548
2666
2937
3114
2933
2405
1830
1489
1341
1132
721
280
25
-42
-100
-313
-658
-994
-1211
-1303
-1300
-1225
-1083
-889
-695
-608
-639
-691
-637
-438
-172
54
205
319
455
615
746
792
717
576
450
436
576
735
710
348
-237
-682
-726
-415
-70
50
-65
-272
-435
-464
-340
-183
-153
-288
-335
-1
651
1219
1326
994
562
345
413
654
912
1021
896
627
429
433
527
479
244
-40
-228
-308
-360
-367
-237
-8
184
180
-8
-179
-249
-211
-136
-75
-51
-79
-126
-134
-55
19
-81
-399
-770
-947
-818
-475
-112
114
136
-17
-210
-226
24
390
634
698
789
1062
1374
1385
991
505
383
751
1270
1480
1210
668
197
0
47
150
80
-277
-838
-1330
-1511
-1405
-1289
-1448
-1903
-2417
-2750
-2847
-2803
-2707
-2624
-2634
-2738
-2762
-2506
-1995
-1564
-1493
-1607
-1479
-946
-272
210
472
729
1066
1360
1565
1796
2179
2596
2824
2827
2762
2784
2898
3049
3151
3103
2811
2313
1926
1914
2144
2161
1701
1011
540
414
324
-30
-607
-1163
-1547
-1783
-1925
-2003
-2102
-2331
-2608
-2663
-2401
-2070
-2021
-2208
-2218
-1774
-1017
-307
223
661
1042
1317
1536
1901
2418
2810
2806
2558
2518
2862
3275
3275
2759
2042
1441
1010
593
86
-521
-1200
-1843
-2294
-2457
-2494
-2730
-3274
-3823
-3961
-3605
-3109
-2878
-2933
-2924
-2534
-1791
-979
-362
18
255
474
767
1163
1605
1933
2026
1984
2027
2231
2403
2272
1820
1308
1015
999
1121
1207
1125
782
168
-513
-922
-870
-516
-237
-281
-638
-1141
-1601
-1861
-1797
-1410
-924
-631
-644
-805
-881
-778
-552
-259
100
494
846
1045
1084
1026
971
999
1111
1245
1241
1019
684
469
507
634
525
10
-656
-1061
-982
-581
-255
-291
-731
-1332
-1726
-1653
-1172
-634
-416
-601
-911
-1020
-803
-395
5
291
410
432
462
632
980
1320
1470
1440
1395
1486
1645
1682
1548
1350
1228
1237
1316
1380
1318
1029
532
42
-174
-52
209
310
138
-191
-501
-684
-713
-620
-512
-510
-659
-830
-840
-670
-471
-421
-534
-699
-820
-859
-836
-760
-695
-704
-816
-996
-1183
-1355
-1495
-1559
-1515
-1435
-1473
-1701
-2008
-2205
-2177
-1981
-1764
-1587
-1438
-1290
-1121
-924
-683
-376
-8
410
861
1315
1727
2044
2266
2488
2789
3158
3488
3664
3652
3541
3425
3368
3354
3307
3143
2789
2275
1734
1313
1033
783
409
-121
-671
-1088
-1311
-1458
-1692
-2059
-2469
-2722
-2700
-2457
-2160
-1996
-1999
-2067
-2035
-1799
-1393
-941
-570
-339
-220
-111
67
344
644
844
881
771
641
594
651
737
730
570
274
-59
-329
-468
-492
-500
-598
-826
-1102
-1291
-1316
-1227
-1127
-1078
-1065
-1030
-932
-775
-623
-506
-382
-179
137
496
768
887
900
924
1058
1258
1424
1500
1491
1461
1415
1343
1221
1061
942
883
873
808
609
318
43
-95
-132
-186
-348
-587
-778
-839
-805
-810
-949
-1185
-1365
-1336
-1094
-789
-626
-662
-785
-806
-633
-327
-31
152
248
345
518
749
932
992
938
899
992
1212
1439
1509
1384
1134
910
821
850
891
825
607
301
35
-144
-292
-491
-771
-1058
-1244
-1309
-1343
-1458
-1684
-1927
-2030
-1927
-1699
-1499
-1425
-1427
-1352
-1101
-703
-316
-68
61
193
467
882
1306
1590
1682
1641
1608
1684
1850
2009
2051
1937
1717
1464
1238
1035
834
613
376
123
-138
-400
-666
-902
-1118
-1298
-1431
-1534
-1569
-1550
-1482
-1423
-1402
-1387
-1340
-1187
-956
-712
-546
-466
-391
-241
20
294
481
522
488
522
672
916
1101
1145
1063
936
918
998
1094
1055
817
515
282
253
361
408
231
-179
-627
-880
-828
-616
-477
-576
-903
-1215
-1327
-1177
-913
-762
-778
-900
-944
-813
-539
-259
-112
-70
-47
85
302
529
713
808
918
1066
1224
1295
1216
1053
912
922
1033
1117
1046
801
478
191
24
-77
-155
-259
-408
-572
-741
-851
-892
-828
-719
-664
-671
-743
-737
-561
-228
139
373
440
397
405
541
797
1072
1247
1294
1221
1124
1053
1010
979
913
812
670
507
300
49
-218
-465
-636
-739
-825
-974
-1230
-1533
-1768
-1841
-1748
-1604
-1550
-1645
-1807
-1889
-1785
-1525
-1254
-1097
-1074
-1076
-969
-706
-335
-3
199
267
288
385
604
910
1194
1390
1475
1486
1490
1519
1570
1611
1625
1598
1529
1438
1316
1165
980
781
606
467
365
271
153
8
-162
-340
-497
-594
-617
-570
-501
-483
-543
-655
-730
-695
-557
-377
-253
-242
-298
-332
-285
-178
-90
-67
-87
-89
-47
19
35
-31
-142
-209
-167
-54
18
-34
-208
-397
-464
-386
-249
-178
-247
-397
-519
-526
-398
-237
-155
-182
-257
-272
-177
-11
132
198
178
159
211
339
515
650
700
687
660
670
731
815
887
909
867
779
681
612
598
622
628
566
418
223
56
-22
-24
-4
-41
-184
-410
-625
-752
-776
-750
-746
-821
-969
-1118
-1203
-1203
-1137
-1068
-1025
-998
-977
-927
-852
-760
-636
-477
-295
-130
-13
59
115
219
403
639
846
960
972
943
959
1063
1218
1334
1337
1221
1044
915
874
901
900
791
566
274
44
-74
-101
-105
-190
-383
-629
-847
-954
-933
-843
-792
-832
-937
-1024
-1000
-849
-643
-478
-412
-411
-392
-276
-65
143
274
290
248
238
299
402
467
437
322
198
125
136
163
134
33
-119
-254
-324
-340
-348
-370
-412
-440
-440
-424
-422
-445
-454
-396
-253
-86
30
61
40
57
183
416
658
806
823
775
773
881
1084
1276
1376
1357
1255
1176
1168
1220
1276
1247
1123
923
714
546
413
293
138
-69
-304
-541
-749
-917
-1075
-1225
-1360
-1477
-1570
-1642
-1677
-1694
-1702
-1683
-1636
-1549
-1442
-1338
-1254
-1174
-1047
-884
-685
-496
-348
-231
-119
19
187
364
514
629
697
750
815
887
960
1005
1016
985
934
878
841
817
781
717
603
482
361
272
222
168
104
9
-92
-180
-231
-242
-236
-233
-247
-246
-213
-151
-71
7
75
134
200
292
409
526
614
672
705
724
759
812
863
897
883
831
765
685
613
548
480
393
286
165
28
-115
-274
-441
-598
-737
-855
-947
-1045
-1168
-1314
-1465
-1577
-1621
-1604
-1553
-1512
-1519
-1565
-1602
-1574
-1449
-1254
-1053
-913
-850
-815
-742
-574
-332
-82
107
196
234
296
427
631
842
1000
1074
1093
1114
1173
1294
1417
1514
1542
1526
1504
1483
1493
1496
1477
1420
1331
1223
1112
1002
868
720
540
373
240
111
-13
-174
-345
-520
-644
-717
-762
-791
-855
-920
-1001
-1027
-1019
-981
-931
-906
-867
-860
-819
-781
-722
-653
-587
-495
-433
-361
-315
-262
-206
-123
-11
77
156
179
214
257
327
414
475
512
503
489
480
503
539
547
509
437
371
322
293
246
175
82
-16
-86
-143
-193
-262
-347
-430
-492
-513
-510
-508
-530
-546
-544
-524
-478
-430
-382
-338
-293
-226
-154
-79
-7
46
90
135
182
228
270
312
349
383
403
411
404
396
400
405
420
421
413
394
359
326
304
294
288
272
242
199
141
82
33
6
1
-2
-24
-72
-135
-213
-267
-279
-259
-221
-202
-198
-227
-273
-301
-306
-263
-195
-124
-96
-108
-151
-178
-151
-101
-13
45
60
25
-38
-70
-78
-30
27
74
79
42
4
-37
-49
-49
-25
8
36
61
57
34
2
-7
3
37
84
114
117
89
77
80
99
126
129
104
68
47
56
95
124
121
77
5
-42
-39
-5
30
38
7
-43
-92
-123
-113
-87
-72
-74
-90
-114
-125
-125
-107
-64
-23
13
19
2
-7
0
34
81
115
142
148
145
141
131
138
140
133
123
97
53
-1
-43
-77
-97
-120
-161
-212
-284
-355
-407
-432
-431
-430
-455
-502
-539
-563
-549
-500
-449
-389
-356
-344
-323
-280
-185
-72
38
137
211
273
349
455
577
712
837
912
971
1020
1086
1182
1248
1287
1290
1262
1245
1201
1137
1055
961
859
745
607
449
296
112
-62
-231
-396
-538
-686
-840
-994
-1120
-1223
-1293
-1329
-1357
-1376
-1400
-1418
-1411
-1375
-1301
-1225
-1145
-1067
-1003
-920
-832
-725
-615
-513
-402
-306
-210
-118
-33
55
133
207
268
323
368
400
436
449
465
487
499
510
509
513
520
538
557
572
584
581
583
600
616
636
654
657
645
622
603
590
571
554
532
495
453
403
349
296
240
183
119
53
-9
-65
-125
-197
-277
-343
-397
-449
-490
-529
-565
-594
-626
-642
-647
-639
-624
-595
-556
-513
-464
-417
-361
-298
-230
-158
-88
-25
39
98
150
196
231
265
289
298
293
274
250
225
199
167
133
89
50
15
-21
-45
-73
-96
-116
-128
-130
-128
-114
-89
-54
-19
16
53
87
126
165
202
230
257
275
289
307
305
298
293
282
276
266
248
230
204
175
137
89
50
5
-39
-91
-155
-216
-286
-354
-419
-475
-533
-586
-635
-679
-716
-746
-761
-775
-777
-760
-733
-691
-635
-568
-491
-409
-316
-212
-100
19
141
256
368
474
572
657
718
780
826
855
871
860
845
810
754
692
608
523
447
373
295
212
121
51
-16
-82
-130
-174
-207
-240
-268
-286
-293
-283
-271
-248
-219
-187
-143
-97
-44
7
62
112
160
206
241
274
287
299
307
306
307
290
263
232
195
152
105
52
-5
-75
-138
-199
-253
-294
-345
-390
-435
-484
-509
-532
-552
-557
-556
-534
-506
-473
-437
-388
-336
-280
-204
-134
-66
2
78
161
230
294
350
396
439
467
480
482
475
466
446
411
362
309
255
200
142
77
13
-54
-111
-162
-206
-248
-282
-306
-325
-337
-351
-358
-363
-355
-344
-334
-319
-299
-271
-240
-207
-184
-163
-143
-124
-89
-67
-56
-43
-25
-6
5
19
34
47
58
69
81
101
123
145
161
175
199
224
253
286
322
358
404
450
487
529
560
594
637
668
695
711
722
714
697
671
632
593
537
481
422
356
284
205
126
53
-21
-102
-180
-257
-322
-384
-444
-498
-555
-604
-651
-689
-721
-740
-754
-779
-791
-792
-780
-752
-725
-687
-646
-609
-554
-507
-457
-404
-349
-286
-223
-158
-103
-49
-1
50
96
130
169
198
221
243
261
286
303
314
313
305
307
309
306
300
297
294
286
283
275
267
264
254
243
224
204
184
161
134
104
70
36
16
-12
-36
-53
-77
-94
-110
-117
-119
-116
-114
-108
-107
-102
-86
-68
-50
-37
-26
-19
-14
-8
8
23
31
34
39
51
62
66
60
54
47
42
41
32
14
-1
-16
-23
-20
-23
-26
-31
-38
-40
-40
-41
-45
-45
-36
-24
-15
-7
-2
7
21
26
39
49
64
87
99
109
117
127
137
139
141
143
143
140
136
126
115
102
78
57
37
10
-9
-35
-59
-74
-99
-115
-136
-158
-177
-193
-199
-205
-206
-207
-195
-195
-197
-192
-187
-166
-152
-141
-122
-112
-99
-85
-74
-59
-50
-54
-49
-54
-54
-47
-42
-38
-34
-23
-14
-9
-16
-1
27
19
-9
3
28
8
-26
-6
44
55
38
62
110
111
73
71
116
134
110
117
170
193
171
170
212
230
184
155
167
166
119
85
107
119
79
49
64
69
25
-25
-40
-45
-81
-104
-84
-68
-75
-84
-60
-33
-44
-62
-58
-47
-46
-42
-21
16
28
37
58
70
69
57
45
42
36
22
13
3
-2
-9
-17
-21
-36
-57
-91
-103
-127
-167
-185
-196
-194
-209
-235
-234
-221
-222
-226
-230
-227
-212
-213
-198
-173
-148
-120
-99
-69
-46
-36
-29
-12
5
6
10
20
33
35
27
28
27
19
9
13
22
13
3
16
36
44
47
65
95
123
139
169
203
217
249
290
325
352
373
413
435
437
442
464
483
473
470
471
460
437
411
395
371
323
278
238
205
163
109
57
2
-43
-95
-154
-203
-243
-274
-329
-380
-408
-433
-466
-502
-518
-520
-538
-560
-559
-546
-544
-538
-516
-478
-450
-431
-390
-340
-305
-271
-217
-149
-97
-58
-5
55
98
127
173
222
256
273
293
327
343
341
344
358
363
352
341
337
325
295
265
244
223
192
160
135
115
92
66
41
18
-10
-36
-56
-72
-85
-102
-111
-122
-138
-145
-153
-152
-150
-154
-144
-136
-132
-133
-121
-98
-82
-68
-51
-29
-16
-10
3
16
27
34
38
43
43
37
39
39
31
27
30
34
25
6
-1
-3
-7
-13
-14
-12
-22
-34
-36
-30
-32
-41
-45
-37
-28
-26
-21
-17
-10
-9
-5
9
20
24
21
25
34
39
41
42
50
55
55
59
62
62
60
59
57
54
48
45
34
22
21
13
7
0
-4
-3
-8
-11
-16
-17
-11
-3
-7
-4
0
6
11
7
10
14
19
14
12
9
6
-3
-20
-25
-33
-39
-49
-60
-66
-74
-84
-94
-96
-97
-97
-100
-100
-96
-103
-92
-85
-77
-73
-77
-65
-57
-48
-40
-26
-9
0
11
16
33
52
65
73
80
92
92
96
101
99
99
102
103
97
89
82
75
66
56
48
36
19
9
4
-4
-11
-23
-27
-28
-40
-50
-54
-45
-36
-29
-27
-20
-16
-19
-11
-6
5
11
12
17
12
12
7
6
4
4
2
2
2
-1
-4
-5
-1
-8
-14
-8
-7
-6
-6
-9
-13
-14
-11
-13
-10
-16
-17
-17
-16
-10
-11
-8
-1
2
4
7
5
3
3
0
2
2
6
14
8
1
2
2
4
-8
-17
-28
-35
-37
-44
-41
-53
-57
-64
-73
-74
-81
-77
-73
-63
-48
-46
-38
-36
-21
-11
4
21
24
41
44
59
66
66
82
84
95
90
88
96
92
91
80
76
72
63
54
42
44
28
22
17
6
8
-12
-15
-24
-32
-34
-42
-40
-45
-43
-45
-51
-56
-60
-61
-67
-63
-59
-54
-49
-46
-38
-36
-31
-26
-20
-12
-8
-1
-3
2
9
11
17
18
28
38
38
36
35
36
34
33
31
34
33
31
30
23
19
12
8
5
5
8
5
4
-2
-10
-13
-14
-18
-20
-19
-24
-26
-23
-21
-21
-17
-16
-12
-8
-4
0
1
1
8
11
13
18
23
27
26
22
21
17
20
21
18
14
3
-1
-2
-11
-14
-17
-26
-36
-44
-47
-51
-61
-66
-69
-74
-77
-81
-80
-80
-81
-80
-77
-74
-67
-63
-57
-52
-49
-35
-19
-6
7
17
26
40
50
61
72
79
86
85
85
94
103
108
107
104
102
104
102
101
100
95
93
85
88
87
85
82
73
69
65
55
48
34
29
30
21
13
-1
-13
-21
-29
-35
-42
-48
-56
-58
-68
-73
-77
-81
-82
-83
-82
-83
-84
-88
-86
-85
-82
-74
-73
-64
-55
-46
-34
-30
-16
-13
-6
4
9
17
16
21
25
28
28
27
25
25
22
16
15
12
9
7
6
7
1
-2
-1
-3
-10
-14
-16
-16
-13
-11
-16
-21
-21
-21
-19
-17
-20
-16
-12
-7
1
8
14
21
23
25
25
23
26
25
29
33
34
35
34
33
36
35
35
28
21
20
11
9
3
-2
-7
-13
-16
-16
-13
-18
-21
-22
-20
-19
-18
-17
-24
-18
-15
-13
-6
-14
-8
-9
-12
-12
-19
-12
-8
-11
-12
-14
-11
-9
-9
-7
-7
-6
-3
3
2
2
10
8
14
23
23
23
27
34
42
48
48
53
57
56
54
47
44
42
38
33
23
9
2
-3
-6
-11
-18
-19
-31
-37
-42
-41
-43
-47
-46
-46
-43
-44
-42
-49
-50
-52
-56
-53
-50
-43
-41
-37
-31
-28
-19
-10
-2
2
2
8
11
14
12
12
13
13
14
9
10
11
11
7
1
3
6
10
4
1
0
1
0
-2
-4
-7
-4
-7
-5
-2
0
7
4
4
11
15
18
16
15
14
17
18
19
20
13
9
4
7
11
8
5
5
10
12
14
6
0
1
3
9
3
-2
-1
-6
-3
-1
0
4
6
11
11
10
10
9
7
4
8
7
7
7
4
7
1
-8
-9
-10
-9
-10
-11
-12
-14
-16
-20
-25
-28
-29
-30
-33
-28
-26
-24
-22
-23
-21
-22
-18
-19
-15
-6
-5
-4
-5
-2
-2
-7
-7
-7
-5
-6
-7
-1
4
7
11
13
12
10
12
16
17
14
9
9
16
18
14
11
11
13
18
21
16
14
15
11
11
10
9
8
6
7
8
5
0
-2
-4
-5
-6
-10
-13
-13
-11
-8
-12
-11
-8
-4
-5
-7
-7
-6
-6
-8
-8
-5
-1
-1
-3
-1
-4
-6
-5
-5
-3
-2
-4
-3
1
2
1
-1
1
0
2
3
2
6
10
13
9
9
9
6
3
4
5
2
2
1
-2
-4
-7
-5
-3
-4
0
-7
-14
-15
-12
-8
-6
-8
-3
-5
-5
1
5
8
10
12
10
11
10
7
6
7
7
9
7
4
5
4
6
2
0
2
-1
-1
1
1
0
-1
-4
-5
-6
-8
-12
-8
-7
-11
-17
-20
-13
-7
-7
-10
-12
-10
-12
-12
-10
-8
-5
-6
-6
-2
3
5
4
2
-6
-4
-3
-1
4
