-5
-5
-1
-1
0
1
10
11
11
14
12
10
9
13
14
14
11
4
7
7
12
17
15
17
21
24
27
32
35
36
35
33
33
30
27
23
21
21
20
20
19
14
8
3
7
11
10
9
8
2
-2
-4
-4
-2
-11
-8
-7
-9
-12
-25
-26
-34
-36
-40
-44
-40
-46
-47
-55
-58
-53
-53
-52
-57
-57
-53
-49
-49
-48
-46
-47
-37
-27
-16
-14
-17
-13
-5
5
4
6
7
8
19
21
27
33
37
43
47
51
54
55
54
54
54
54
50
47
45
42
41
41
41
41
38
32
29
32
31
32
23
21
16
12
10
8
9
6
8
6
3
-1
-5
-8
-8
-5
-9
-7
-12
-18
-21
-25
-23
-23
-22
-23
-28
-26
-27
-25
-23
-26
-33
-35
-38
-37
-40
-40
-39
-46
-41
-37
-34
-28
-30
-31
-26
-24
-15
-16
-18
-14
-11
-5
-5
-4
-3
2
5
9
13
20
24
23
24
26
28
28
27
29
27
30
30
31
31
29
31
34
35
34
33
30
27
27
24
27
26
24
19
19
23
18
7
1
-2
-3
-5
-8
-7
-2
-3
-10
-14
-13
-17
-18
-17
-16
-15
-21
-23
-24
-27
-28
-29
-31
-24
-22
-25
-27
-24
-13
-12
-11
-9
-7
-7
-5
-2
-2
0
-4
-3
-7
-8
-6
-7
-7
-11
-11
-11
-8
-4
-1
-1
1
-1
-1
-4
-5
-4
-5
-6
-5
-1
1
-1
3
6
11
6
12
20
25
33
30
35
41
40
41
36
39
46
48
47
43
41
46
48
47
45
45
45
44
38
34
32
26
24
17
12
6
-7
-12
-19
-26
-28
-32
-35
-44
-49
-54
-58
-63
-71
-75
-81
-80
-83
-87
-89
-87
-85
-89
-90
-88
-85
-78
-74
-69
-65
-62
-59
-49
-39
-34
-30
-21
-16
-15
-14
-7
4
9
14
19
18
24
29
36
42
50
57
59
65
67
73
72
74
86
92
99
97
100
104
105
107
100
99
102
104
99
94
90
87
84
75
72
67
57
48
39
36
25
16
14
5
-5
-21
-36
-46
-57
-64
-68
-78
-87
-95
-98
-102
-111
-109
-107
-104
-102
-103
-105
-104
-100
-96
-89
-87
-84
-81
-80
-75
-76
-67
-57
-51
-40
-34
-32
-26
-18
-11
-4
2
14
18
23
23
26
36
39
39
38
43
47
52
49
48
53
52
58
58
59
63
64
66
68
66
63
60
56
56
57
58
56
55
52
52
53
44
41
32
22
16
10
7
4
6
-2
-7
-12
-22
-23
-31
-34
-34
-38
-33
-32
-38
-47
-48
-50
-53
-49
-48
-45
-41
-41
-42
-44
-41
-33
-32
-27
-18
-10
-5
-8
-6
-4
2
5
7
11
9
7
3
7
2
3
14
16
17
12
8
9
10
18
21
19
19
15
5
-1
-3
-7
-5
-3
-2
4
4
4
0
-4
-2
2
5
5
6
5
4
3
7
12
13
15
14
15
18
12
10
10
12
15
8
4
-2
-4
-2
-4
-3
-1
-3
-9
-15
-17
-15
-11
-10
-8
-5
-8
-12
-11
-8
-9
-11
-8
-8
-1
3
4
4
2
9
7
4
4
2
4
6
3
1
2
-2
-7
-10
-12
-14
-17
-14
-10
-8
-4
-4
-3
2
5
-1
-2
4
5
4
0
-1
-1
-1
5
7
8
13
15
16
18
15
9
11
13
22
23
16
13
10
12
11
6
-1
3
8
6
5
12
18
15
13
11
7
5
-7
-5
2
9
12
-4
-9
-11
-15
-19
-32
-29
-18
-11
-9
-13
-17
-18
-14
-14
-11
-8
-8
-13
-22
-23
-24
-33
-40
-44
-52
-58
-73
-80
-81
-89
-93
-97
-87
-84
-96
-103
-100
-83
-67
-52
-42
-29
-5
14
28
50
74
92
112
130
151
176
186
191
200
213
230
241
242
246
244
237
227
210
203
192
177
158
131
108
85
61
38
20
1
-19
-41
-65
-88
-110
-131
-142
-150
-163
-169
-179
-190
-197
-209
-209
-202
-194
-194
-212
-231
-236
-230
-217
-212
-213
-210
-207
-213
-229
-253
-255
-226
-180
-136
-118
-129
-155
-182
-169
-111
-25
72
147
194
213
215
203
211
262
340
446
530
549
514
424
329
256
207
179
153
106
38
-41
-139
-231
-314
-394
-468
-530
-579
-583
-555
-502
-401
-315
-239
-196
-178
-133
-60
72
220
384
541
646
722
749
782
836
868
903
920
950
1010
1032
1025
1005
955
895
788
652
546
463
429
396
323
205
28
-188
-424
-619
-759
-848
-906
-995
-1099
-1202
-1330
-1450
-1579
-1680
-1688
-1679
-1647
-1598
-1528
-1456
-1384
-1293
-1196
-1088
-982
-870
-726
-550
-353
-149
45
212
351
464
560
663
777
904
1038
1157
1253
1311
1322
1306
1268
1228
1199
1171
1146
1116
1075
1009
923
821
720
615
494
367
230
104
-8
-109
-187
-261
-338
-431
-531
-620
-679
-704
-710
-704
-713
-734
-749
-725
-628
-468
-279
-108
-6
3
-49
-90
-44
135
417
728
971
1053
963
751
488
268
143
127
172
182
106
-98
-405
-741
-1052
-1288
-1434
-1525
-1565
-1567
-1523
-1426
-1293
-1146
-1020
-933
-880
-816
-704
-524
-269
37
348
616
795
882
894
885
901
953
1049
1169
1294
1409
1491
1542
1566
1572
1558
1513
1437
1342
1256
1203
1205
1239
1257
1190
993
703
385
118
-58
-151
-208
-277
-379
-517
-682
-863
-1034
-1180
-1285
-1361
-1430
-1512
-1599
-1657
-1664
-1636
-1592
-1561
-1564
-1594
-1604
-1536
-1349
-1079
-810
-610
-487
-396
-271
-108
55
215
381
564
740
872
920
891
848
838
870
917
944
939
915
870
793
701
615
561
519
451
350
244
184
174
181
142
47
-77
-183
-232
-233
-218
-221
-225
-218
-181
-132
-112
-154
-246
-353
-437
-452
-375
-174
169
559
859
927
689
267
-95
-162
167
763
1370
1726
1710
1367
856
359
-6
-145
-84
75
187
136
-87
-414
-747
-1031
-1297
-1613
-1966
-2243
-2296
-2078
-1707
-1369
-1199
-1187
-1211
-1172
-1060
-936
-831
-672
-362
118
664
1091
1296
1273
1123
975
913
958
1089
1270
1452
1604
1683
1699
1668
1608
1534
1444
1320
1181
1074
1047
1100
1149
1095
858
483
102
-158
-269
-282
-326
-477
-712
-978
-1210
-1414
-1586
-1710
-1771
-1777
-1770
-1794
-1858
-1915
-1919
-1860
-1776
-1710
-1644
-1523
-1284
-956
-647
-437
-334
-254
-102
136
393
595
743
892
1092
1335
1534
1615
1580
1497
1443
1451
1489
1514
1492
1428
1336
1206
1036
844
644
473
335
198
45
-121
-259
-346
-399
-464
-610
-795
-938
-1005
-970
-911
-887
-869
-882
-856
-794
-799
-812
-878
-952
-889
-669
-220
402
971
1277
1171
679
132
-94
159
850
1704
2351
2607
2379
1763
1017
332
-53
-36
225
444
402
76
-368
-713
-990
-1253
-1609
-2158
-2623
-2797
-2639
-2227
-1817
-1515
-1308
-1192
-1131
-1121
-1151
-1147
-995
-565
96
732
1208
1488
1570
1585
1484
1339
1291
1296
1570
1895
2132
2310
2113
2037
2087
1984
1995
1652
1183
985
819
941
1064
887
634
229
-162
-371
-630
-880
-911
-1040
-1308
-1351
-1626
-2090
-2025
-2112
-2241
-1837
-2049
-2296
-2056
-2293
-2095
-1880
-2159
-1870
-1943
-1804
-977
-795
-296
152
-71
224
416
393
651
859
1063
1301
1668
1902
1977
2089
1905
1764
1673
1508
1439
1214
1186
1286
1238
1258
1068
771
574
357
163
-168
-501
-682
-793
-616
-422
-513
-649
-795
-903
-902
-871
-828
-763
-588
-395
-364
-426
-524
-524
-476
-453
-229
125
647
1392
1908
1679
801
152
-7
187
964
1728
2101
2275
2110
1783
902
-563
-1455
-1064
-50
182
-321
-1089
-1611
-1185
-1217
-1670
-1856
-3147
-3978
-3246
-2705
-2476
-2154
-1819
-1521
-1479
-859
-729
-1769
-1496
-687
27
746
871
1227
1470
2142
2901
2328
1928
2167
2238
2629
2823
2714
2827
2843
3204
3743
3622
3049
2595
2385
1999
1460
927
579
137
-134
-343
-773
-1297
-2032
-2626
-3055
-3269
-3678
-4153
-3759
-4373
-4284
-1107
-1161
-4525
-4176
-1155
-235
-1061
-3197
-840
2249
401
564
379
-134
2598
3520
1810
1933
905
1554
2952
881
718
1313
678
578
-489
-1436
-369
-57
-660
-615
-417
-439
-674
-1166
-670
-94
-389
-390
171
566
818
591
15
259
270
66
244
285
532
826
540
499
647
334
93
-730
-1380
-1288
-1491
-869
1122
4488
7077
6212
3123
-343
-2507
-3230
-2658
-820
2175
4560
4474
3109
-586
-4667
-6756
-7491
-5495
-2451
-594
475
-113
-1725
-2917
-4251
-5431
-5512
-4447
-1592
2444
4560
4613
4408
3931
3051
2101
1285
1593
2471
3389
4878
5820
5232
2940
483
-1124
-2276
-2866
-3034
-2521
-1335
3
1000
252
-1761
-3104
-3438
-2858
-1892
-325
1967
3775
4321
3735
2433
375
-1529
-2786
-2603
-1168
-48
1047
1929
2007
778
-1017
-2706
-3955
-3911
-2892
-812
763
800
524
-541
-1864
-2836
-3207
-2184
-1077
86
1460
1856
1753
993
-239
-651
-901
-825
-33
697
1344
1676
1711
1196
114
-653
-669
219
1071
1521
2255
2674
2087
979
-68
-709
-851
-870
-152
843
1075
862
-314
-1533
-2121
-2895
-2565
-1698
-1099
110
517
576
461
-437
-649
-564
-641
-431
-212
146
2327
6665
10293
9948
5414
309
-2787
-4976
-6101
-4346
-399
4336
6442
3967
-1562
-8420
-12044
-11231
-8239
-4163
-82
3357
3979
1074
-2248
-4302
-5352
-5416
-3114
2327
7586
9698
8685
6648
4584
2420
624
-731
-711
1241
4184
5537
4368
2255
-66
-2824
-5160
-5853
-5361
-4241
-2137
896
3318
3238
1292
-1015
-2514
-2873
-2140
-199
2055
4695
5781
4680
2344
-1047
-3551
-4664
-4443
-2401
-143
619
1117
462
-275
69
-719
-939
-927
-877
520
1068
924
563
-828
-1647
-2217
-2948
-2628
-2003
-1221
-664
-862
-1153
-1650
-2277
-2410
-1796
-691
490
1095
1079
1242
1505
2124
2708
2670
2656
2412
2574
3103
3160
2612
1232
-263
-752
-481
-328
-95
66
347
167
-661
-1606
-2464
-2613
-2243
-801
399
578
1004
851
480
201
-338
-520
-922
-1356
-1683
-142
4101
8423
10073
6742
1547
-2634
-5804
-7928
-8649
-5540
443
5504
6142
1982
-4259
-9058
-9881
-7880
-4412
-724
2810
5471
5486
3098
-888
-4755
-6028
-3925
191
4316
6325
6840
6890
5917
3891
452
-2676
-3517
-1636
1237
2863
3501
3190
1851
-70
-2127
-3581
-4263
-4384
-2890
65
3019
3847
2274
1062
-53
-245
46
-404
141
1004
2468
3175
1790
331
-461
-1184
-1107
-1239
-2249
-2846
-3751
-2071
989
2868
3922
2413
656
-938
-2408
-2848
-3259
-2785
-1680
-632
181
-259
-1236
-2548
-3805
-3275
-2578
-1979
-1584
-1514
-201
641
792
870
186
-237
137
893
2225
3249
4071
5005
5018
4093
2346
522
-704
-1507
-1867
-1261
-620
-332
-314
-689
-876
-1126
-1538
-1930
-1682
-810
424
799
173
-253
-533
-740
-408
415
799
494
-1096
-1046
2618
7912
11863
10446
5727
1078
-3238
-7036
-9778
-8585
-2481
4184
7429
5039
-1535
-7211
-9577
-8027
-4897
-1530
1881
4082
4893
2920
-528
-3969
-6226
-5449
-2079
2387
5393
5446
3989
2913
2263
1315
-1015
-3208
-3548
-2259
72
1306
1656
1717
1321
910
-224
-1787
-3083
-3358
-1746
1222
3540
3923
3050
1693
1728
1970
1427
732
-423
-13
488
543
1156
1423
1642
2201
1385
-237
-2179
-4542
-3629
-1760
1512
4870
5090
4183
815
-1776
-3341
-4908
-5304
-5293
-3059
-311
947
822
-858
-2017
-2483
-3044
-3177
-2926
-2020
-811
434
1306
1611
884
-573
-1434
-1134
207
1651
2972
4342
5233
4693
2748
-99
-2088
-2971
-3108
-2037
-704
654
687
-1225
-2475
-2464
-2144
-595
-172
363
2038
1617
1523
571
-903
-316
-902
-989
-93
728
5292
9511
11040
9823
4013
-1480
-6176
-9273
-9433
-7385
-2021
3110
5063
3582
-1234
-5734
-8074
-8140
-5039
-1036
3334
6313
5925
3869
226
-2898
-4090
-3921
-1030
2948
6092
7765
7427
6669
4517
804
-2530
-4716
-4479
-2901
-1011
912
2063
2661
2133
929
-231
-1716
-2994
-3486
-2949
-993
498
1835
3312
2406
1017
-1688
-4258
-4347
-4207
-2360
355
1699
3657
4118
1615
63
-2793
-4009
-3485
-3158
313
2609
4720
5905
4598
2939
168
-2503
-4339
-4101
-1625
697
1803
1761
709
-229
-1579
-3249
-3998
-3531
-930
1505
2490
2511
872
-405
-1477
-1969
-1273
-1298
-8
1449
1775
2291
1304
-425
-1314
-1695
-824
381
-94
-290
-1357
-2378
-1935
-2368
-1749
-1475
-1158
-943
-898
22
-387
72
880
1895
3462
3100
1586
600
870
4857
10276
13252
13271
7438
379
-4900
-9584
-11309
-10601
-6332
-63
4123
4845
391
-5875
-9547
-10552
-7459
-2903
1371
5105
5617
4765
1582
-2730
-5247
-5931
-3152
1286
5257
7197
7475
7490
6509
4768
1848
-1615
-3511
-3160
-1258
442
903
913
908
963
1309
678
-566
-1749
-1395
619
2119
3802
3306
1703
-699
-4017
-5116
-6551
-6144
-3451
-1253
2024
3979
3002
1648
-1093
-2820
-2661
-3270
-1987
-935
161
3098
4635
4717
3108
382
-1468
-1928
-1277
-789
-479
-296
9
384
86
-100
-620
-1392
-1104
-507
84
440
-253
-547
-710
-225
767
773
529
142
773
1654
1859
1478
919
39
-1424
-2502
-2025
-1304
-1364
-820
-1676
-1688
-1332
-2272
-2221
-2891
-2546
-1469
-2417
-2501
-1703
-1444
-472
1236
5593
12376
17827
17463
11917
4337
-2662
-7303
-11527
-10620
-5029
1660
6654
3906
-2860
-10143
-14323
-12721
-9215
-3873
1546
4909
6539
4410
757
-2340
-4002
-2751
-170
3822
7103
7953
7274
5642
4661
3310
611
-1985
-3047
-2147
107
1563
2486
2862
1834
106
-2479
-3788
-3441
-2277
210
2905
5090
6975
6395
4018
490
-3481
-5189
-6406
-6083
-3970
-2481
-504
1529
1120
639
-901
-2822
-2772
-3753
-2614
-1086
577
3945
5556
5667
3728
566
-2665
-4606
-4113
-2824
-1105
348
657
975
269
-854
-1588
-2363
-1707
-316
1006
2085
2642
2525
2458
2462
2188
1170
-266
-960
-399
664
1211
1746
1147
282
-1033
-2334
-2223
-2568
-2369
-2224
-2688
-1435
-108
422
66
-1289
-1918
-1834
-2664
-3770
-4052
-4439
-1407
4283
12188
18115
16160
8675
-1345
-7707
-12130
-13591
-10971
-4159
5816
10814
8918
643
-8382
-13425
-13068
-8912
-2499
3774
7021
8119
4817
-736
-6342
-9844
-8629
-3793
3341
9214
11806
11355
9192
6429
3048
-429
-2910
-3349
-748
2911
4766
4903
3418
1904
157
-1768
-2596
-3268
-1920
797
3334
7134
8515
6823
3105
-2726
-5724
-7710
-8663
-5758
-2465
1026
3888
2549
224
-2052
-5391
-5728
-5461
-3535
-331
814
3074
4643
4613
3497
867
-2581
-4665
-4521
-3559
-2365
-1549
-1282
-1194
-1135
-2157
-2959
-3409
-2517
38
1513
2658
2977
1749
810
440
1394
3190
3643
3999
3347
3332
3100
1573
625
-1059
-878
-599
-1377
-1489
-2665
-4169
-4364
-4660
-2263
-207
477
2501
858
548
-819
-3205
-386
4806
15254
21618
17378
8894
-2668
-10078
-14131
-16082
-10784
-2316
6657
10097
3685
-6472
-15531
-19599
-16637
-10343
-1433
6200
9486
9759
4560
-1565
-6751
-9690
-7404
-2465
5781
12255
12666
10050
5314
1149
-2468
-6088
-6605
-4892
-488
4723
6982
7260
5169
2214
-509
-2485
-1219
1088
3522
7441
10116
10908
9269
4922
1009
-2598
-3988
-2995
-2144
-6
1185
270
-1538
-4203
-5777
-6831
-7165
-5583
-3970
-2441
-916
-631
-233
537
1335
2251
1391
614
233
-466
-568
-1553
-2677
-3941
-5342
-5308
-4724
-3027
-993
-27
452
342
435
-468
-1227
-784
1465
3820
5028
5615
4942
4735
3623
2812
1629
453
338
-495
-1411
-156
124
-1515
-3580
-7004
-6049
-5159
-4001
-1561
-1775
-388
311
222
3610
9574
15374
16791
11012
4749
-650
-6008
-8908
-9031
-2578
5573
8923
5127
-5243
-13809
-17239
-15665
-10208
-3799
2879
7098
7470
3861
-2659
-8353
-9895
-7073
-870
7283
13463
15751
12526
6999
1356
-4668
-8177
-9058
-5591
372
5293
6869
4170
-394
-5426
-9478
-11256
-9367
-4459
1624
7385
10833
10996
7976
3826
652
-262
1547
4050
6134
6329
5164
3209
-369
-3218
-4889
-5442
-4497
-2898
-1241
196
1
-353
165
862
2669
3205
2414
1388
659
1285
1353
301
-1850
-4327
-5402
-6139
-6826
-6918
-5472
-2897
-1549
-965
-1180
-934
201
560
1444
1851
2413
3155
2238
1995
2727
3908
4368
3775
3467
1400
-177
-1793
-3877
-3179
-4391
-4678
-3815
-4965
-3913
-4232
-5639
-1912
3641
11203
17327
13657
7771
9
-6332
-7651
-8809
-3779
3901
9395
10190
2591
-7618
-15783
-19582
-15994
-9040
-1301
5255
6542
4740
-606
-6898
-9938
-9134
-2842
6278
13433
16399
13766
8510
4438
1849
754
454
1953
4951
7386
6384
2317
-2662
-7072
-8452
-7835
-5401
-2336
-118
1776
2812
3219
2169
-182
-2008
-1777
1251
4651
7054
7641
6656
4778
942
-2952
-6032
-7153
-5799
-3934
-2285
-1914
-3772
-6104
-7685
-6989
-2763
1753
5841
7105
5772
4223
1949
1256
510
465
1824
2102
2473
1437
-650
-2619
-5432
-6686
-6994
-6309
-4732
-3519
-940
1013
1735
2420
1860
2522
3896
4030
5596
6185
6479
6047
2439
-800
-2765
-4006
-4664
-5106
-5108
-4545
-3128
349
5223
10318
10140
4343
-2584
-7938
-7021
-5200
-2820
3078
8037
10305
5330
-5764
-15092
-18816
-14853
-6329
1576
7645
9053
4755
-3030
-11459
-16025
-15163
-9222
962
10820
16784
16235
9347
1468
-3711
-3583
270
5323
10829
14030
13638
9033
1630
-5901
-10407
-10155
-6117
-482
3925
5856
4733
1294
-2410
-4979
-5645
-3186
1257
5648
7751
6719
3797
-223
-2991
-3383
-1370
1742
4276
4718
2790
-330
-4622
-8521
-10531
-9355
-4778
671
4860
6028
3339
-963
-4443
-6212
-5859
-4301
-1791
969
2706
3323
1993
-142
-1111
-1029
-40
1233
2024
2947
2678
1049
-1095
-3076
-4445
-3985
-2215
-76
4386
4673
4593
3691
161
398
-1494
-1528
545
115
-543
-1439
-3158
1431
7980
10783
10469
1799
-3382
-5605
-6672
-4676
-3083
3421
8718
7929
217
-11999
-19257
-18156
-10640
-706
5625
6458
2286
-4826
-11164
-14206
-12934
-7295
2528
12874
19855
19038
10715
62
-6790
-7041
-2662
4221
10228
14689
14793
9546
1033
-7683
-11556
-9659
-3256
4527
9910
10344
5783
-1318
-7174
-9761
-9298
-5551
-161
5060
7746
5865
1787
-2594
-5223
-4359
-1511
3172
7080
7476
5092
270
-4725
-8233
-9939
-8302
-3922
1056
4904
5153
2375
-1498
-4345
-3868
-1835
999
3365
4151
3786
1333
-2369
-5366
-6342
-4438
-755
1979
3190
2259
342
-999
-2354
-2754
-1753
-474
2705
4219
3598
3363
-83
-1782
-2591
-3477
-1115
1478
2696
3935
2780
3815
9825
11480
9123
510
-7301
-8021
-6777
-5449
-4168
-39
4690
5300
-2777
-12830
-17889
-14605
-4870
3427
8837
8457
2889
-5253
-12952
-16053
-13112
-6553
1546
9051
12822
11301
3764
-4430
-7534
-3619
4539
11601
15539
16083
13555
8823
3297
-1389
-3406
-2186
133
3147
4846
3667
366
-4630
-6918
-6114
-3399
-221
1423
3074
4020
3613
1412
-2408
-5021
-4581
-1744
2132
5141
5172
2298
-2123
-6184
-7832
-7717
-6633
-4183
-1052
2286
2852
-822
-5899
-8792
-6879
-2299
2322
5358
5747
4572
2636
687
349
669
1283
2198
1863
1853
-76
-2849
-4987
-5710
-2523
802
2652
2003
94
373
2062
2229
2196
805
865
2534
1225
1309
868
4393
11463
14050
11607
2749
-5793
-8607
-8185
-5776
-2902
320
3964
2463
-5541
-15481
-20448
-16139
-6268
2539
6722
5723
511
-7008
-14064
-15107
-9749
-579
7571
11096
11693
8116
1512
-4901
-6912
-1501
7402
13968
14915
11439
6501
1746
-2017
-3177
-1426
2185
5256
5118
2785
-1001
-4975
-7020
-6575
-2769
2837
6737
7312
3897
-695
-3510
-3621
-519
2787
5526
6777
5988
4018
-168
-4426
-7197
-7008
-4107
-1481
85
367
-119
-935
-2870
-5410
-6256
-5033
-1763
1347
2060
878
-1952
-4640
-6413
-6168
-4003
-352
3272
5171
5447
3324
964
-996
-1277
60
1731
3101
3288
3145
2121
876
-758
-1657
-1098
210
1167
1833
4525
10055
14997
13668
5175
-4232
-7761
-5577
-1470
523
2568
4394
2710
-5001
-16619
-23082
-20370
-10323
-700
3145
1010
-4539
-10939
-15512
-15146
-9542
-519
7081
10461
10512
7845
3377
-1297
-2809
2447
11780
19060
19148
13073
6112
972
-1704
-2484
-527
3697
6669
5023
-716
-6645
-9618
-9083
-6129
-1355
3556
6414
5709
2039
-1665
-3477
-2804
130
4092
7124
7717
4592
-255
-4046
-5725
-4367
-1770
1238
2871
1722
-1349
-5449
-7395
-6836
-4511
-1113
931
2354
2188
72
-2675
-5507
-5640
-3466
394
3658
4862
4325
1776
-897
-3372
-3886
-2531
-501
760
660
358
-215
-925
-1656
-1624
-820
2026
3835
5443
6467
7139
12450
14062
10048
601
-7999
-6225
377
5572
6808
5006
2101
-3019
-13051
-21449
-21686
-12012
1763
7848
4403
-4929
-14555
-19995
-20553
-13789
-1649
9000
13700
9610
1564
-5496
-9804
-8173
-1086
10290
20710
22504
15502
4773
-2561
-3234
-41
5427
11347
15126
13967
6760
-2532
-8854
-9492
-5492
238
4633
6288
4086
-2132
-8830
-12145
-9517
-2692
3590
6519
5441
2141
-1031
-2803
-2877
-1803
784
3418
4379
2865
-741
-3213
-3627
-1797
295
627
-766
-3891
-6312
-7730
-8239
-7332
-6072
-3461
-168
2389
2859
424
-3067
-5365
-4046
399
5083
7586
6037
2469
496
-454
-313
-680
-1189
1073
3674
4189
3632
3380
7684
12908
11540
4815
-2614
-4025
1102
5422
6952
8302
6928
3364
-6015
-16838
-18824
-12973
-2337
3487
152
-7512
-16015
-21580
-21438
-15596
-4693
5164
7811
4190
-1755
-4585
-3407
90
5851
13419
19413
19682
13305
4012
-911
279
5549
11437
13987
13066
8221
1020
-4702
-7205
-5804
-3112
-1543
-1128
-1848
-2999
-4846
-6414
-6615
-4705
-1481
1154
2182
1201
-413
-888
997
3614
4606
2030
-2700
-5369
-4233
-44
4025
5595
4381
864
-4059
-8748
-9823
-6818
-1822
2006
1533
-1116
-4066
-6402
-6953
-5972
-2587
1570
3534
2377
-1166
-3846
-3772
-1720
1666
3930
4166
3612
1729
49
-1445
-2075
1720
8202
15599
19018
13205
3735
-4279
-4921
2275
8992
12506
12285
7181
-344
-9609
-17609
-17507
-11144
-1691
4110
470
-9354
-20607
-26630
-23744
-15198
-4941
1616
1833
-1417
-6363
-8925
-6415
-113
8973
16623
19258
17286
11668
6303
5664
9252
14927
18054
16361
11935
6094
1311
-1497
-1519
1600
4502
4027
-315
-6491
-10040
-9428
-6291
-2525
-174
264
-1077
-3222
-4721
-4884
-3542
-957
1828
3308
1905
-2349
-5988
-6630
-3718
1507
5883
7127
4026
-2416
-8287
-9230
-4908
1009
4686
3412
-1290
-6474
-10281
-10430
-7167
-2374
1781
2558
451
-3051
-6345
-7149
-5631
-1840
2185
3660
2859
692
-1052
-513
1230
4549
9615
13685
16459
13096
5119
-529
-522
6249
12838
13002
9919
4698
-1696
-6922
-12465
-11808
-5411
536
2697
-4446
-15102
-22243
-23441
-17345
-9127
-2011
1000
-2551
-9369
-13910
-12529
-5361
2237
7290
10128
10552
9448
7365
5648
7532
12644
17928
20215
17284
11941
7400
5432
6727
9027
10249
8725
3937
-1791
-6136
-7370
-5048
-2111
-717
-2193
-6085
-8307
-8614
-7297
-5285
-4333
-2658
-553
-97
-1541
-4865
-7215
-5839
-1917
2543
4738
3732
987
-1684
-2130
-503
1917
3294
2081
-784
-4420
-6938
-6660
-4815
-1960
278
245
-1683
-5677
-9070
-9159
-5362
320
3443
2602
-925
-4535
-5897
-4718
-1169
3166
7581
11337
13652
14162
9582
2042
-1182
2984
12678
18920
15331
8079
1707
-1060
-1972
-4869
-3962
-426
2431
689
-9401
-18996
-23056
-20718
-14355
-9722
-6930
-6779
-9865
-13774
-15031
-10546
-2916
2215
2806
2242
3260
5835
8067
8961
12048
16352
19017
17522
12312
9022
9376
12245
14522
14374
12282
8247
2686
-2546
-4637
-2878
895
2749
262
-5161
-10264
-11809
-9363
-5453
-2930
-2541
-3142
-4384
-5831
-7790
-9509
-8883
-6196
-1752
1840
2889
2047
-612
-2847
-3185
-1110
2448
4755
4364
1261
-2125
-3554
-3127
-1087
1429
3342
3179
293
-4233
-7945
-7494
-4445
-1432
61
-1075
-2505
-3236
-3717
-2713
-1577
402
4121
8534
13338
11580
3630
-2524
-1311
8118
16492
16276
11155
7220
6231
6065
1441
-2620
-995
3091
5067
-2095
-13890
-20073
-19462
-14547
-10878
-10570
-10728
-12662
-15087
-15664
-12787
-6568
-2559
-2653
-3219
-1162
3038
6912
7650
7847
10572
13682
15356
14552
13090
13228
14261
15038
14351
12282
9754
6301
2972
1390
1690
2945
3915
1850
-3052
-7060
-9182
-7515
-4035
-2539
-2602
-3868
-5180
-5511
-6646
-8268
-8767
-8153
-5104
-2489
-2017
-2345
-3953
-4850
-5125
-4563
-1801
1202
3552
2793
-585
-2549
-2538
-209
2892
4747
5162
3797
220
-3834
-5177
-3282
449
2534
1009
-2326
-5660
-6612
-4928
-2527
90
1749
2142
3786
5334
4152
2092
834
3679
10190
13780
12279
9149
7247
7480
7363
4147
2286
3152
4619
3076
-4235
-11145
-13836
-11994
-9057
-9609
-11420
-13565
-15203
-15493
-14267
-10453
-7001
-6614
-8703
-9063
-5486
-281
3427
4225
5346
8065
11342
13040
12265
11075
10932
12841
15203
16343
15491
12879
9654
6845
6128
6585
7353
6579
2486
-1438
-3969
-4236
-2611
-2978
-4639
-6368
-6903
-4992
-3925
-5123
-7340
-9597
-8260
-4710
-2850
-2164
-3332
-4165
-3758
-3832
-3476
-2800
-1134
-31
-942
-2332
-3608
-3125
-992
1474
3501
3953
2489
-445
-3102
-3740
-1720
965
2699
1730
-2009
-4191
-4558
-2408
563
627
117
532
3089
4924
2980
105
-181
4311
8708
7957
4544
2478
4140
7554
7449
4567
3147
3547
3929
823
-5272
-8810
-7918
-4940
-4509
-7451
-10625
-13173
-13870
-12850
-10103
-6753
-6400
-9037
-11049
-8801
-3474
1392
2918
2318
3485
6629
9978
11167
10637
10208
11048
12806
13695
14233
14125
13106
10810
8174
6735
6687
8144
7019
3958
1039
-1557
-1187
-1314
-3479
-5406
-6617
-5394
-3747
-4694
-6912
-9776
-10185
-7136
-4494
-2614
-2675
-4032
-4373
-4899
-4520
-3084
-1273
636
101
-1667
-3360
-4152
-2887
-1176
679
2290
2087
109
-2235
-3618
-2442
-385
636
777
-1024
-2387
-2816
-3138
-1087
501
1181
1721
1421
3653
4316
2152
246
313
4915
8273
6830
4290
2829
4536
6848
4487
2273
2501
3802
4457
-77
-5837
-7887
-5855
-2693
-3286
-6641
-9754
-10890
-10127
-9060
-7403
-6434
-7581
-9592
-9818
-6817
-2226
1349
1835
1121
2144
4552
7140
8311
8559
9198
10351
11230
11115
10827
11059
11544
10839
9730
8749
8218
8111
5785
3424
1926
843
1608
970
-1478
-3720
-5738
-5659
-5214
-6200
-7590
-9927
-9712
-7141
-5407
-4102
-4821
-5888
-6154
-6544
-5164
-2996
-747
360
-1217
-2877
-3438
-2133
531
2009
2922
3331
1781
-978
-3449
-4218
-1826
1326
2004
795
-2039
-3313
-2452
-1078
1142
1767
1868
1772
1797
3930
5423
4260
1658
275
2348
5819
6702
5177
3297
2781
4460
4122
3112
2639
1440
1405
-1347
-5360
-6384
-5241
-2832
-2900
-6235
-9049
-9840
-8816
-7583
-6767
-6235
-6208
-6803
-6922
-5642
-3819
-1492
-194
182
1760
3630
5796
6974
6856
7625
9270
11122
11954
11168
10270
10500
10399
9797
8709
7943
8370
7446
5500
3289
863
842
1269
-389
-2224
-4171
-4802
-4626
-6657
-8985
-10849
-10423
-7638
-6618
-6872
-7835
-8443
-7685
-7335
-6220
-4052
-1855
-376
-437
-1237
-1939
-1573
-184
1492
3206
4254
3318
708
-1007
-824
799
2083
1210
-873
-2535
-2010
-745
430
771
-152
-110
246
1613
5014
5797
3520
574
-483
3818
8109
7905
5348
2403
2175
5010
4329
3584
3175
1923
2258
-1141
-5169
-6305
-4925
-1730
-2243
-6279
-9050
-10003
-8937
-7692
-7267
-6288
-6022
-7554
-8346
-7720
-5253
-1685
-530
-379
882
2697
5049
5721
5608
6759
8445
10268
10977
10526
10600
10944
10306
9322
8493
8210
8809
8482
6704
4946
3104
2917
3124
1521
-940
-2938
-3918
-3337
-4344
-6625
-8161
-9281
-7532
-7264
-8647
-9481
-10149
-8881
-7992
-7062
-5512
-4913
-3899
-4221
-4986
-3831
-2155
46
1834
2017
1537
349
-861
-931
570
3216
4510
3186
746
-1215
-1151
795
1934
2001
1151
-125
248
1955
2789
4776
4864
2886
1485
1153
5241
8532
7674
4444
1455
1090
4613
6270
5280
3900
944
-557
-2109
-4520
-5460
-5392
-4490
-3717
-5513
-7192
-8777
-10096
-9877
-8665
-6476
-5192
-6449
-7764
-7099
-4667
-1568
-68
-310
-291
1169
4255
6724
7339
7531
7587
8305
9293
9806
10506
11704
11728
10352
8959
8317
8498
8924
8002
6276
4817
4079
3998
3330
1348
-714
-1899
-3924
-5555
-7953
-9021
-7909
-7776
-7601
-9736
-12020
-12224
-11664
-9498
-7773
-6388
-5499
-6408
-6917
-7085
-5461
-1732
561
849
-278
-1650
-1599
-565
1115
2583
3059
2871
1542
9
518
1784
3198
3792
2107
863
581
1351
3317
4267
3431
2784
4085
5431
5403
4064
4113
5582
6856
6348
4886
3674
4296
5514
2737
719
-580
-379
586
-1863
-5183
-6595
-5444
-3696
-5369
-8148
-9514
-9070
-7311
-6845
-6553
-6913
-8203
-9449
-8865
-5913
-3129
-1513
-1671
-1583
606
3900
6437
6524
6608
7026
8919
11289
11958
11412
10843
11209
11206
10970
10584
9172
8668
8878
7975
6844
4969
3736
3440
2561
296
-2289
-5221
-6313
-6923
-8118
-8253
-9782
-10220
-11118
-13427
-13637
-12084
-9293
-7640
-8182
-9314
-9953
-7879
-5278
-3983
-2777
-2311
-2219
-1584
-587
684
1958
2779
2037
1724
2949
4235
5491
5161
3596
2790
2830
3917
4360
3623
3332
1846
1221
1712
2132
2974
5120
6341
4701
2819
2245
5072
8418
8370
5158
2180
818
3064
3917
2186
563
-1627
-1063
-979
-3314
-5630
-7228
-7311
-6047
-6933
-8263
-8925
-9442
-9468
-9158
-7750
-7039
-8062
-8705
-7260
-4156
-618
934
-516
-560
1513
5000
8577
9410
9155
8592
8921
10096
10750
11759
12497
11970
10856
9600
9319
9589
9014
8094
7509
6534
4997
3079
1202
-38
-665
-2462
-5826
-8806
-9782
-9967
-10848
-11742
-12957
-13186
-12309
-12013
-12101
-11786
-10242
-8720
-7644
-6807
-6651
-6033
-5000
-3630
-1898
-319
646
989
1370
1904
3096
4599
5322
5196
4698
4730
5683
6725
6767
5250
3463
3131
2802
3371
3727
2985
2370
2114
2622
2535
3047
4997
5883
4601
2808
2647
4838
6528
5425
2099
-113
260
2686
2336
-406
-2782
-4324
-3474
-3847
-5700
-7439
-8241
-7596
-7949
-9117
-9137
-9010
-9100
-9459
-8691
-6588
-5300
-5708
-6209
-5125
-1850
2072
3852
3564
3395
4467
7028
9756
11018
10829
10405
10648
11534
12277
12093
11880
10665
9576
9482
9110
8518
7243
5862
4508
2002
215
-613
-2115
-3527
-5565
-7639
-9186
-10338
-10956
-12108
-13053
-12998
-12786
-12228
-11219
-10718
-10504
-10088
-9416
-7713
-5303
-3589
-2828
-3153
-2387
-396
1061
2515
3098
3497
4150
4996
6180
6509
6376
6126
5850
6010
6437
6336
5645
4386
3394
2853
2537
2762
2849
2505
1552
1049
806
1506
1914
1357
2568
2865
2231
1089
621
2063
2838
1963
205
-1668
-2230
-1014
-1471
-2653
-4226
-4851
-3914
-4961
-7087
-8100
-7619
-5898
-5502
-6984
-8081
-8246
-7201
-5306
-3894
-3116
-3552
-4563
-3290
-248
3217
5792
5633
5020
5898
8048
10766
11125
10651
10613
10846
11666
11510
10343
9709
9790
9218
7791
5895
4454
3578
2507
1634
741
-634
-2333
-4749
-6571
-7064
-7189
-7705
-9430
-11349
-11767
-11505
-11549
-11934
-12367
-11897
-10203
-8360
-6887
-6138
-5852
-5003
-3753
-2093
-582
292
1349
2487
3426
4520
4895
5093
5246
5180
5553
5785
6052
5895
5174
4707
4684
4787
4650
4031
3012
2605
2662
2870
2582
1123
-97
-405
-162
807
966
317
-504
-1287
524
1912
1128
-1004
-2602
-1017
1032
878
-1301
-3633
-4126
-1535
-69
-964
-2846
-4308
-2847
-1710
-2789
-4386
-5116
-4312
-3394
-3459
-3385
-3034
-2898
-2720
-2391
-1523
-449
-130
-311
408
2299
4381
5792
5328
5053
6417
8153
9039
8413
7285
6650
6507
6367
5431
4515
3984
2978
1771
351
-790
-1209
-1468
-1963
-3020
-4371
-5188
-5819
-6079
-5983
-6075
-6184
-6949
-8180
-8423
-7517
-6169
-5330
-5529
-5793
-5132
-3256
-1068
-172
-532
-780
-33
2096
3756
3490
2889
2430
2838
4157
4806
5095
4457
3412
3239
3351
4211
4656
4150
3565
2785
2610
2477
2382
2379
1909
1399
289
-583
-994
-1154
-1351
-1511
-1367
-1635
-2024
-2383
-2008
-1287
-626
100
178
-444
-1378
-1148
576
1986
1219
-434
-1653
-1807
49
1550
1919
1007
-35
136
487
428
-134
-748
-1036
-1545
-2536
-2943
-3163
-3427
-3420
-3170
-2735
-2907
-2974
-2513
-1500
-371
72
159
101
773
1959
3008
2977
2124
1593
1674
2007
1755
1146
247
-159
105
250
174
-64
-62
148
526
371
-388
-840
-467
467
972
1074
475
-479
-829
-765
-257
541
874
772
466
-19
-344
-79
431
631
856
1046
626
-107
-698
-789
131
1104
917
-277
-1286
-1141
-176
975
1321
741
504
566
608
855
954
900
647
256
-197
-432
-182
18
17
-261
-957
-1328
-913
-623
-568
-602
-826
-771
-840
-522
106
676
1741
2290
2127
1698
1479
2422
3677
3582
3005
2503
2361
3011
2822
2054
1057
324
443
193
-966
-2860
-4390
-4901
-4889
-5099
-5481
-6043
-6598
-6733
-6541
-6022
-5939
-6152
-6287
-5711
-4366
-3435
-3063
-3108
-2747
-1252
526
1307
1358
1644
2688
4126
4696
4545
4394
4798
5876
6631
6633
6081
5555
5864
6579
6604
5835
4796
4146
4133
3932
3144
2235
1436
739
37
-717
-1448
-1942
-2317
-2732
-3215
-3680
-3971
-4319
-4464
-4369
-3938
-3360
-3376
-3597
-3584
-3076
-2412
-2022
-1694
-1595
-1540
-1353
-939
59
1012
1247
1040
812
1189
1954
2134
1594
1042
1365
2338
2864
2452
1504
931
1339
2397
3114
2990
2122
1167
1003
1463
2199
2539
1869
790
211
687
1296
1234
753
254
-137
-667
-1035
-794
-242
-171
-702
-1775
-2759
-3060
-2657
-2209
-2932
-4136
-5169
-5661
-5775
-6168
-6221
-5963
-5694
-5519
-5247
-4908
-4518
-3924
-3159
-2203
-1473
-706
83
917
1938
2820
3660
4167
4334
4517
4961
5244
5480
5785
5788
5651
5071
4536
4179
3883
3605
3134
2835
2468
2009
1531
1207
1076
887
552
65
113
526
692
465
-207
-673
-553
-187
-145
-589
-1064
-1196
-1014
-1005
-1209
-1214
-999
-853
-1082
-1552
-1876
-1948
-1840
-1685
-1659
-1584
-1382
-1306
-1359
-1503
-1415
-963
-581
-416
-327
-126
238
518
557
519
475
490
702
1023
1309
1244
736
202
92
468
886
854
282
-284
-435
-234
-11
-207
-776
-1375
-1729
-1704
-1620
-1748
-1881
-1882
-1674
-1457
-1407
-1396
-1449
-1373
-1027
-484
-87
-24
61
539
1236
1528
1429
1241
1237
1336
1241
938
486
238
352
598
541
132
-359
-874
-1283
-1383
-928
-341
-411
-1059
-1532
-1283
-647
-420
-825
-1233
-1051
-302
505
765
598
394
395
732
1270
1972
2529
2706
2638
2560
2740
3072
3368
3405
3107
2778
2622
2749
2915
2677
2210
1801
1616
1632
1493
1232
1058
950
829
540
205
175
265
46
-622
-1532
-2068
-2140
-2250
-2622
-3244
-3796
-4198
-4718
-5158
-5146
-4584
-3900
-3828
-4372
-4889
-4771
-3892
-2770
-1974
-1814
-2216
-2620
-2395
-1357
-80
571
460
173
388
1187
1952
2298
2320
2366
2624
2793
2759
2752
2966
3400
3639
3471
3082
2694
2529
2529
2604
2705
2700
2501
2078
1660
1462
1335
987
434
47
-68
-216
-722
-1486
-2168
-2488
-2443
-2349
-2473
-2971
-3470
-3551
-3246
-2776
-2606
-2771
-2970
-2864
-2264
-1624
-1425
-1613
-1607
-918
149
881
971
761
841
1441
2159
2400
2080
1654
1725
2231
2556
2434
2037
1795
1814
1809
1737
1767
2039
2377
2401
2113
1942
2223
2824
3272
3206
2711
2158
1770
1551
1312
904
415
-121
-716
-1417
-2111
-2409
-2261
-2053
-2321
-3158
-3987
-4261
-3949
-3541
-3458
-3733
-4044
-4145
-4091
-3993
-3907
-3704
-3350
-2990
-2760
-2651
-2444
-1963
-1194
-262
627
1334
1791
2127
2482
2853
3237
3608
4021
4301
4257
3981
3673
3511
3375
3199
2968
2642
2146
1390
606
14
-354
-643
-1121
-1747
-2248
-2463
-2435
-2515
-2753
-2909
-2726
-2145
-1498
-894
-420
-33
331
631
1000
1411
1904
2319
2561
2617
2369
2024
1782
1917
2139
1961
1402
769
486
360
122
-240
-647
-975
-1279
-1489
-1694
-2014
-2455
-2805
-2769
-2496
-2254
-2260
-2411
-2412
-2180
-1739
-1319
-1025
-850
-679
-408
-148
82
227
453
727
823
692
417
411
677
999
1272
1490
1685
1643
1451
1492
2066
2878
3275
2994
2337
1965
2148
2596
2810
2505
1904
1457
1385
1477
1386
1031
645
380
109
-308
-784
-1143
-1431
-1833
-2334
-2723
-2933
-3234
-3821
-4480
-4800
-4681
-4447
-4346
-4396
-4353
-4087
-3675
-3141
-2585
-1963
-1319
-712
-119
371
830
1293
1790
2272
2589
2831
3093
3449
3688
3629
3438
3282
3356
3525
3632
3607
3350
2939
2425
2021
1823
1711
1510
1056
511
54
-189
-321
-491
-640
-695
-569
-486
-577
-821
-1029
-1016
-918
-839
-968
-1229
-1564
-1881
-2040
-2151
-2181
-2316
-2476
-2602
-2781
-2930
-3127
-3148
-3048
-2878
-2705
-2743
-2832
-3008
-2931
-2579
-2131
-1675
-1426
-1019
-515
67
609
981
1582
2340
3261
3916
4096
4149
4292
4855
5332
5414
5172
4878
4984
5127
5076
4654
4107
3841
3693
3543
3084
2412
1707
1015
433
-177
-770
-1467
-2244
-2925
-3433
-3723
-4022
-4385
-4713
-4852
-4789
-4610
-4366
-4083
-3775
-3557
-3334
-3018
-2539
-2048
-1763
-1569
-1295
-768
-240
79
252
482
913
1261
1445
1608
1972
2433
2593
2399
2084
1984
2026
1981
1796
1586
1447
1251
954
621
360
189
55
-20
8
18
-200
-694
-1224
-1400
-1173
-837
-832
-1273
-1795
-2049
-1871
-1588
-1465
-1468
-1450
-1303
-1174
-1094
-964
-650
-218
77
207
352
651
1006
1192
1250
1368
1642
1924
1977
1878
1839
2022
2245
2223
1891
1444
1205
1201
1258
1056
551
4
-375
-465
-522
-745
-1177
-1662
-1898
-1868
-1636
-1490
-1590
-1814
-1995
-1862
-1528
-1148
-903
-881
-899
-873
-608
-200
224
496
559
669
889
1320
1727
1988
2132
2132
2198
2289
2530
2811
2874
2648
2183
1922
1964
2155
2086
1607
1091
804
830
787
440
-64
-446
-471
-373
-448
-817
-1372
-1810
-2024
-2013
-1958
-2099
-2474
-2999
-3383
-3447
-3278
-3107
-3164
-3351
-3493
-3489
-3361
-3214
-3002
-2715
-2351
-2004
-1792
-1678
-1577
-1307
-819
-235
281
567
711
877
1201
1664
2045
2283
2452
2742
3148
3447
3510
3383
3332
3446
3610
3649
3506
3300
3047
2747
2404
2073
1798
1504
1128
678
248
-109
-451
-789
-1094
-1385
-1707
-2068
-2357
-2425
-2303
-2147
-2143
-2329
-2566
-2624
-2333
-1815
-1362
-1233
-1352
-1341
-986
-437
-77
-80
-182
-42
413
896
1080
931
695
695
1030
1496
1734
1586
1288
1203
1439
1707
1687
1402
1184
1275
1498
1490
1118
642
376
380
463
415
225
-19
-254
-460
-635
-709
-679
-649
-704
-858
-1015
-1099
-1134
-1163
-1197
-1191
-1140
-1106
-1170
-1327
-1451
-1406
-1201
-1003
-977
-1128
-1292
-1265
-1034
-786
-686
-720
-748
-682
-543
-417
-306
-147
76
274
357
360
414
620
911
1106
1120
1054
1082
1245
1373
1305
1069
845
801
904
969
839
498
84
-205
-256
-159
-130
-300
-617
-891
-973
-869
-710
-636
-685
-794
-814
-656
-333
-8
156
149
110
229
535
875
1093
1171
1235
1387
1591
1748
1807
1801
1830
1894
1941
1946
1887
1801
1670
1475
1248
1008
791
588
379
159
-70
-315
-569
-824
-1059
-1248
-1386
-1455
-1464
-1480
-1558
-1735
-1949
-2080
-2053
-1920
-1818
-1841
-2001
-2168
-2224
-2148
-2001
-1921
-1914
-1901
-1783
-1567
-1385
-1286
-1229
-1074
-788
-456
-205
-114
-83
11
261
601
866
984
987
1025
1163
1358
1528
1616
1673
1705
1726
1751
1772
1814
1857
1887
1900
1892
1863
1789
1698
1628
1607
1637
1653
1574
1377
1143
968
929
945
848
604
292
72
-18
-92
-258
-531
-824
-1036
-1142
-1215
-1346
-1552
-1768
-1880
-1886
-1859
-1889
-1969
-1974
-1868
-1685
-1542
-1500
-1472
-1353
-1098
-750
-433
-265
-235
-245
-117
217
617
876
888
735
602
634
794
962
1005
863
634
428
335
324
310
228
83
-62
-182
-267
-346
-408
-434
-452
-467
-509
-556
-603
-630
-614
-543
-437
-353
-326
-359
-356
-252
-47
176
343
429
476
568
720
925
1096
1193
1224
1214
1240
1265
1267
1217
1134
1052
952
843
675
471
235
21
-126
-236
-334
-504
-757
-1045
-1271
-1358
-1328
-1275
-1329
-1504
-1690
-1724
-1552
-1318
-1198
-1240
-1291
-1161
-866
-548
-360
-274
-129
132
459
769
1024
1263
1501
1726
1953
2200
2432
2591
2648
2665
2714
2773
2744
2566
2303
2058
1878
1705
1451
1110
697
275
-103
-398
-610
-831
-1145
-1561
-1954
-2203
-2320
-2396
-2534
-2697
-2841
-2951
-3004
-3007
-2921
-2772
-2626
-2525
-2453
-2299
-2022
-1679
-1346
-1110
-936
-729
-423
-46
294
493
558
621
792
1074
1333
1431
1364
1255
1249
1378
1538
1583
1470
1295
1184
1175
1185
1123
978
813
718
693
655
547
380
232
175
196
213
161
49
-33
-21
59
118
95
25
-6
70
220
326
308
206
151
232
438
627
659
541
410
428
603
785
808
652
472
385
405
431
338
149
-42
-172
-278
-445
-675
-892
-1011
-1046
-1102
-1287
-1574
-1801
-1826
-1659
-1485
-1480
-1664
-1872
-1877
-1614
-1228
-946
-884
-956
-944
-703
-294
104
336
411
474
651
942
1220
1390
1460
1513
1634
1787
1900
1924
1892
1874
1893
1910
1868
1772
1659
1592
1553
1469
1296
1046
818
683
628
538
300
-66
-426
-656
-755
-835
-1023
-1332
-1656
-1890
-2014
-2107
-2224
-2348
-2429
-2471
-2505
-2574
-2632
-2592
-2439
-2227
-2060
-1988
-1944
-1824
-1578
-1247
-933
-711
-535
-353
-112
212
543
815
1014
1192
1405
1660
1917
2121
2254
2333
2398
2484
2615
2746
2765
2634
2420
2270
2258
2280
2167
1882
1543
1326
1234
1119
876
539
260
120
67
-49
-303
-609
-852
-971
-1032
-1132
-1296
-1482
-1614
-1673
-1707
-1784
-1898
-1957
-1855
-1653
-1514
-1529
-1614
-1520
-1174
-786
-596
-623
-619
-400
-53
215
300
289
311
411
546
649
673
588
443
345
362
417
366
168
-80
-217
-222
-196
-242
-354
-474
-551
-545
-465
-337
-242
-221
-231
-173
-2
220
392
477
546
662
830
1007
1142
1229
1297
1385
1503
1615
1686
1700
1664
1637
1643
1625
1563
1430
1244
1070
909
777
613
390
119
-169
-397
-593
-776
-1004
-1275
-1514
-1712
-1862
-2016
-2184
-2342
-2460
-2534
-2607
-2657
-2688
-2667
-2595
-2516
-2425
-2334
-2193
-1993
-1764
-1516
-1280
-1021
-746
-442
-132
172
483
787
1108
1399
1644
1841
2014
2225
2434
2591
2646
2625
2602
2598
2597
2524
2382
2210
2035
1866
1681
1475
1254
1054
857
644
429
224
44
-110
-251
-401
-549
-684
-794
-889
-977
-1049
-1116
-1157
-1180
-1195
-1206
-1223
-1237
-1220
-1160
-1079
-1008
-964
-915
-812
-660
-500
-382
-291
-181
-24
152
268
328
389
519
691
794
778
699
682
783
906
902
729
522
449
522
569
443
167
-70
-129
-79
-93
-274
-530
-687
-685
-630
-659
-817
-981
-1008
-919
-832
-857
-972
-1034
-959
-796
-675
-665
-714
-692
-561
-388
-267
-224
-188
-106
44
185
281
344
406
513
638
752
811
829
864
926
1003
1031
1003
935
904
924
944
909
769
612
486
447
455
401
282
90
-64
-144
-152
-153
-229
-336
-474
-532
-524
-486
-468
-541
-607
-649
-609
-532
-460
-426
-442
-416
-374
-282
-198
-131
-53
5
103
170
231
280
337
437
509
579
585
583
594
621
670
674
656
593
553
529
504
461
353
253
154
88
11
-104
-222
-359
-466
-589
-712
-839
-959
-1033
-1092
-1132
-1221
-1336
-1422
-1439
-1343
-1235
-1155
-1151
-1157
-1067
-886
-630
-424
-285
-173
-22
221
475
715
863
962
1083
1243
1441
1566
1631
1629
1627
1662
1682
1677
1592
1494
1381
1298
1213
1063
894
682
537
391
233
25
-236
-434
-593
-687
-835
-1030
-1236
-1406
-1461
-1482
-1500
-1588
-1693
-1742
-1705
-1589
-1505
-1464
-1442
-1364
-1192
-974
-785
-668
-562
-398
-142
133
358
500
605
762
975
1213
1386
1473
1500
1542
1639
1738
1790
1749
1668
1595
1565
1543
1447
1277
1062
893
792
707
581
363
110
-119
-280
-386
-495
-629
-798
-948
-1069
-1173
-1267
-1347
-1375
-1373
-1354
-1372
-1439
-1497
-1488
-1391
-1268
-1180
-1166
-1163
-1111
-986
-808
-654
-535
-449
-351
-225
-83
75
220
343
432
502
584
680
785
861
895
906
910
919
930
914
873
818
764
701
619
532
457
397
341
264
150
24
-68
-106
-102
-108
-155
-223
-271
-262
-207
-139
-82
-40
-4
44
109
190
281
366
443
517
588
660
726
781
829
876
908
927
921
899
873
833
780
684
561
430
306
201
71
-94
-292
-490
-657
-802
-925
-1066
-1223
-1369
-1502
-1602
-1660
-1687
-1697
-1703
-1711
-1714
-1676
-1591
-1471
-1345
-1243
-1152
-1050
-912
-736
-552
-386
-247
-121
24
191
362
531
672
785
872
943
1020
1110
1211
1302
1335
1298
1245
1221
1257
1308
1292
1193
1041
906
842
827
795
697
536
370
250
182
138
76
-30
-145
-239
-298
-350
-417
-482
-547
-584
-604
-630
-675
-725
-747
-727
-670
-632
-620
-620
-613
-561
-478
-385
-319
-291
-271
-233
-157
-59
34
88
120
153
206
294
384
471
532
570
609
659
728
795
848
872
875
866
853
845
831
799
740
664
580
500
422
333
237
124
8
-104
-216
-319
-425
-533
-641
-741
-835
-917
-991
-1058
-1123
-1173
-1199
-1215
-1224
-1237
-1239
-1215
-1160
-1094
-1032
-979
-912
-816
-697
-569
-461
-374
-265
-128
37
181
276
334
392
500
637
754
805
794
778
808
879
941
953
913
851
817
818
823
795
723
632
566
530
505
457
381
297
230
199
177
143
98
55
37
46
52
48
40
28
42
80
114
125
110
95
87
104
125
122
88
32
-18
-44
-54
-74
-120
-207
-304
-373
-415
-442
-485
-556
-632
-689
-717
-714
-718
-749
-801
-832
-798
-726
-666
-658
-694
-706
-655
-560
-470
-428
-415
-370
-272
-154
-63
-15
20
92
224
372
470
498
521
580
665
752
808
830
858
904
961
998
987
949
915
905
919
925
897
827
745
670
607
537
435
326
235
176
127
44
-89
-241
-360
-428
-471
-519
-602
-704
-792
-851
-900
-961
-1040
-1097
-1111
-1092
-1063
-1060
-1072
-1082
-1063
-991
-896
-804
-728
-666
-594
-498
-379
-262
-154
-56
40
155
275
381
467
548
634
719
802
870
919
955
976
977
969
946
918
886
848
794
721
633
542
467
394
311
221
122
27
-43
-93
-148
-212
-278
-336
-367
-363
-355
-368
-398
-419
-404
-355
-292
-244
-236
-243
-213
-142
-58
4
34
46
58
105
164
222
258
254
240
235
253
285
303
286
236
183
146
128
121
100
46
-30
-98
-136
-157
-181
-220
-267
-309
-342
-354
-358
-364
-375
-386
-387
-396
-398
-385
-362
-325
-299
-288
-286
-268
-218
-156
-99
-63
-43
-19
24
84
132
156
159
170
194
221
239
229
210
195
189
189
176
147
101
61
30
-2
-35
-78
-125
-184
-241
-290
-336
-373
-412
-456
-507
-546
-568
-581
-581
-570
-549
-521
-486
-443
-395
-326
-236
-133
-29
76
186
303
425
552
677
789
897
1003
1107
1197
1260
1305
1345
1393
1425
1418
1371
1306
1247
1199
1144
1059
945
810
677
548
407
273
133
1
-109
-225
-347
-478
-606
-711
-797
-890
-982
-1056
-1089
-1071
-1068
-1103
-1160
-1203
-1178
-1124
-1074
-1038
-999
-931
-866
-833
-818
-790
-702
-562
-437
-366
-341
-315
-254
-181
-129
-84
-16
94
218
292
303
302
315
353
390
407
429
468
528
579
586
556
508
465
422
363
291
247
250
276
279
227
143
49
-40
-130
-217
-269
-260
-185
-127
-146
-219
-315
-365
-384
-382
-358
-299
-195
-105
-77
-115
-165
-177
-133
-60
2
67
140
223
282
284
249
241
281
349
415
442
449
450
462
470
457
427
397
392
403
402
354
290
253
247
243
208
176
163
174
186
165
126
98
99
113
126
141
158
196
236
242
216
186
180
189
201
213
208
213
227
209
156
76
1
-34
-45
-61
-91
-124
-163
-222
-318
-440
-532
-587
-619
-648
-687
-725
-771
-841
-935
-1029
-1096
-1124
-1130
-1121
-1102
-1082
-1066
-1074
-1109
-1130
-1129
-1081
-985
-868
-737
-627
-542
-495
-452
-388
-274
-95
97
290
448
566
648
702
767
861
1020
1203
1365
1463
1489
1465
1422
1402
1420
1468
1528
1561
1536
1451
1327
1182
1067
988
948
926
881
804
662
486
300
140
34
-34
-75
-139
-237
-381
-563
-747
-898
-991
-1034
-1030
-1034
-1066
-1139
-1254
-1352
-1417
-1422
-1373
-1282
-1167
-1067
-1000
-977
-964
-924
-822
-657
-468
-270
-89
54
152
226
302
412
581
784
972
1101
1142
1120
1077
1060
1088
1153
1222
1249
1196
1062
866
673
544
498
507
498
414
248
21
-207
-372
-446
-438
-389
-370
-427
-564
-735
-876
-936
-902
-815
-727
-693
-728
-803
-886
-926
-896
-795
-647
-529
-481
-484
-508
-514
-464
-351
-207
-88
-21
1
-9
-6
49
141
245
325
363
355
330
327
366
449
526
564
546
495
442
423
456
521
588
599
549
456
366
322
331
383
416
402
328
214
113
65
83
153
212
222
190
126
75
73
126
216
309
356
340
291
236
205
212
256
290
280
204
81
-53
-166
-230
-266
-303
-371
-491
-646
-802
-919
-965
-958
-930
-922
-970
-1047
-1121
-1146
-1087
-961
-805
-672
-581
-538
-529
-498
-416
-267
-78
93
219
276
288
285
307
372
474
593
683
733
728
694
658
645
667
706
742
753
731
683
630
595
577
577
580
566
536
491
430
378
334
301
268
230
189
138
84
27
-30
-89
-136
-173
-209
-245
-289
-344
-404
-462
-509
-544
-561
-571
-587
-610
-627
-635
-637
-624
-591
-549
-501
-451
-403
-361
-306
-251
-186
-109
-33
53
116
161
189
211
237
265
302
338
360
357
324
277
233
208
206
204
192
156
100
33
-21
-54
-80
-95
-117
-138
-166
-199
-220
-228
-221
-204
-192
-173
-151
-131
-109
-82
-49
-13
24
56
82
109
138
162
191
221
247
268
287
296
306
320
338
348
361
369
363
352
321
292
268
240
210
178
143
103
48
-21
-87
-137
-184
-219
-252
-300
-350
-403
-453
-491
-516
-518
-509
-497
-475
-448
-416
-374
-330
-271
-194
-113
-38
38
101
154
202
248
304
358
404
439
448
436
415
396
377
370
360
327
285
231
168
120
76
45
17
-18
-74
-136
-189
-238
-259
-278
-295
-320
-346
-367
-399
-411
-409
-396
-372
-353
-336
-321
-292
-261
-217
-161
-107
-45
13
72
128
182
244
292
342
382
421
463
484
512
526
542
554
545
539
505
485
461
419
385
328
276
208
140
75
0
-59
-142
-213
-286
-358
-409
-478
-510
-551
-593
-614
-646
-640
-638
-624
-604
-590
-548
-510
-452
-403
-350
-290
-235
-164
-114
-45
13
62
126
169
228
270
306
339
356
378
384
390
392
389
385
374
361
334
304
272
246
218
184
148
115
90
57
28
-10
-40
-61
-81
-92
-118
-133
-147
-158
-162
-170
-170
-176
-177
-174
-172
-158
-149
-136
-117
-99
-75
-55
-37
-15
7
37
58
82
108
126
146
162
173
180
188
194
196
198
194
190
187
180
160
141
129
110
91
69
41
20
3
-19
-41
-64
-86
-103
-124
-133
-148
-162
-170
-179
-182
-180
-179
-185
-183
-174
-163
-152
-139
-124
-110
-99
-88
-79
-69
-48
-33
-22
-5
12
26
39
47
53
56
59
68
71
67
60
57
53
53
51
47
41
32
33
33
29
14
-1
-8
-12
-19
-29
-43
-56
-65
-75
-86
-94
-102
-112
-120
-121
-119
-121
-123
-123
-120
-110
-96
-80
-61
-44
-19
-1
21
48
68
90
115
144
170
195
214
228
245
261
280
286
295
300
295
292
281
265
249
228
197
170
139
106
78
45
11
-31
-68
-99
-130
-152
-178
-202
-222
-235
-237
-238
-233
-224
-223
-210
-189
-167
-142
-124
-107
-94
-75
-55
-34
-16
0
10
23
40
44
47
53
54
55
57
56
54
48
43
40
34
35
29
22
24
17
14
10
0
-8
-11
-17
-25
-32
-44
-56
-74
-87
-95
-107
-119
-128
-134
-142
-148
-152
-160
-163
-163
-155
-141
-125
-110
-101
-86
-68
-47
-27
-7
18
41
61
82
108
132
148
159
169
180
189
188
188
191
185
182
177
158
149
141
125
106
86
78
68
57
45
35
22
7
-2
-12
-22
-27
-33
-33
-36
-42
-36
-34
-38
-40
-43
-32
-25
-15
-4
-3
1
2
-1
-1
-1
0
4
-2
-7
-11
-16
-16
-21
-27
-29
-30
-34
-31
-35
-44
-43
-47
-47
-41
-32
-29
-26
-23
-18
-18
-22
-15
-24
-26
-23
-26
-24
-26
-31
-36
-34
-30
-30
-34
-36
-31
-24
-23
-23
-23
-16
-9
-9
-2
6
6
11
14
20
23
16
21
23
25
33
30
31
35
39
47
50
47
49
49
49
45
42
48
46
37
37
40
40
38
31
21
14
8
6
8
6
4
0
-4
-8
-10
-13
-18
-21
-23
-28
-29
-34
-36
-40
-49
-50
-59
-65
-76
-80
-76
-77
-73
-70
-68
-69
-61
-51
-42
-33
-27
-20
-13
-7
3
12
14
19
28
39
48
55
61
64
71
80
89
97
99
110
119
118
117
118
123
120
120
115
117
116
115
114
97
93
82
70
63
42
19
-4
-18
-41
-64
-84
-99
-114
-136
-144
-157
-163
-163
-164
-154
-152
-149
-145
-140
-129
-118
-106
-101
-96
-89
-83
-74
-66
-57
-49
-47
-45
-30
-21
-11
-6
-3
4
9
12
12
18
20
22
24
28
35
38
47
51
52
49
50
52
57
64
67
68
56
56
63
61
51
41
36
31
32
32
28
23
21
17
8
10
11
8
-4
-8
-9
-11
-9
-8
-10
-4
-4
-9
-8
-6
-1
-2
-7
-8
-9
-9
-13
-17
-21
-19
-21
-22
-21
-18
-3
0
-5
-9
-4
8
10
10
7
9
12
16
21
17
19
14
4
5
8
14
16
15
17
23
22
19
25
25
27
17
7
8
2
0
-3
-9
-11
-13
-13
-21
-27
-31
-26
-19
-20
-12
-14
-17
-14
-16
-14
-20
-17
-14
-14
-8
-8
-10
-9
-8
-3
-8
-3
8
6
11
5
8
13
6
7
-2
3
5
6
7
0
-1
-8
0
1
0
3
-1
2
-1
-1
-2
-7
-1
5
7
6
0
-7
-13
-12
-7
-5
-3
-4
0
2
1
6
6
8
3
3
5
-1
4
1
-2
-2
2
7
2
1
-4
-4
-5
-2
-2
-5
-2
-6
-1
-1
0
5
6
9
6
9
7
8
16
18
20
24
27
27
26
21
17
17
20
22
16
17
13
12
7
12
7
-5
-10
-18
-15
-14
-11
-24
-21
-26
-16
-15
-15
-4
-12
-14
-17
-10
-14
-9
-17
-13
-10
-7
1
-1
1
8
9
4
5
5
8
12
11
13
17
14
16
17
12
17
15
10
7
2
-7
-14
-23
-27
-24
-23
-23
-26
-29
-32
-32
-28
-22
-21
-26
-21
-22
-25
-18
-17
-10
-11
-11
-5
2
3
5
11
13
18
20
21
21
20
18
15
14
14
16
19
16
20
25
25
29
28
29
26
22
29
32
30
32
28
25
26
28
26
17
13
8
9
12
12
10
6
12
11
9
2
-5
-11
-19
-23
-25
-29
-37
-37
-35
-32
-30
-36
-34
-24
-12
-14
-20
-16
-19
-24
-30
-34
-33
-32
-33
-31
-30
-26
-27
-28
-30
-23
-12
-11
-2
2
-5
-6
-6
0
10
14
8
9
13
11
11
17
23
26
25
27
29
34
36
33
36
38
29
29
34
43
49
41
32
40
42
41
39
38
48
47
42
32
31
30
22
17
12
16
9
-11
-25
-23
-22
-32
-39
-39
-32
-36
-43
-40
-41
-35
-41
-48
-41
-39
-39
-41
-37
-29
-28
-26
-25
-17
-8
-12
-13
-11
-1
-5
-10
-5
-6
-4
-14
-13
-8
0
2
-8
-6
-9
-6
-11
-12
-5
-1
8
3
8
8
11
11
9
17
16
23
13
14
12
13
14
8
17
14
21
12
21
28
21
28
20
26
23
23
24
17
14
9
15
0
0
2
3
5
-1
3
-3
-1
-2
-2
4
2
6
1
1
-7
-2
6
4
7
4
3
-7
-6
-8
-9
-6
-8
-3
-12
-11
-13
-15
-8
-9
-8
-8
-7
-7
-2
-2
-6
-7
-13
-12
-8
-9
-6
-8
-9
-10
-12
-14
-20
-21
-14
-8
0
4
3
7
9
10
6
12
17
18
19
7
11
9
6
1
0
5
4
6
0
4
4
7
7
2
6
2
3
-2
-3
-7
-9
-5
-13
-7
-16
-15
-13
-12
-7
-14
-13
-14
-14
-16
-15
-8
-10
-6
-7
-8
-8
0
8
10
16
9
4
7
11
17
22
19
19
28
27
30
26
25
24
16
13
14
19
20
20
12
12
12
7
5
4
7
-3
-5
-7
-11
-10
-18
-15
-15
-17
-18
-18
-21
-16
-16
-20
-14
-18
-7
-5
-13
-14
-16
-7
-10
-6
-3
-5
0
1
7
11
18
14
15
15
12
21
14
15
18
21
29
21
21
12
9
7
-2
0
-7
-13
-16
-17
-23
-29
-28
-32
-24
-23
-23
-23
-22
-18
-13
-10
-15
-7
0
-1
-8
-9
-15
-19
-18
-26
-14
-13
-14
-10
-13
-2
3
1
-3
4
11
15
22
18
24
19
11
13
17
25
24
16
15
23
26
29
23
20
26
23
20
24
27
24
27
20
14
5
-5
-3
-3
5
2
1
1
-1
8
5
6
5
0
4
0
1
-11
-14
