38
38
40
33
29
16
12
9
2
4
-3
-9
-10
-14
-17
-27
-34
-36
-39
-40
-42
-41
-44
-49
-51
-53
-54
-54
-57
-59
-55
-54
-50
-42
-38
-34
-31
-25
-19
-12
-5
-3
-3
1
4
13
20
28
35
39
46
47
48
47
45
41
42
41
38
42
39
41
43
49
53
55
49
35
29
26
22
17
11
8
2
-1
-8
-12
-15
-19
-20
-23
-18
-24
-31
-34
-39
-34
-29
-29
-31
-39
-45
-48
-47
-38
-27
-24
-25
-24
-27
-29
-28
-21
-10
-1
3
4
0
-6
-9
-13
-4
4
14
22
15
6
-6
-15
-8
-3
4
11
14
13
3
-3
2
9
12
17
25
26
33
28
23
29
31
42
40
36
38
29
20
15
15
18
15
15
16
16
10
-1
-7
-4
1
2
0
-5
-8
-11
-12
-15
-7
0
7
19
14
13
10
5
1
-1
2
1
-2
-4
-14
-19
-24
-30
-32
-33
-26
-20
-25
-30
-32
-35
-35
-33
-29
-22
-17
-13
-16
-20
-22
-23
-24
-18
-16
-8
-6
-7
-8
-16
-17
-18
-15
-7
-5
6
10
14
11
7
3
5
13
22
29
26
25
16
7
5
8
16
23
27
25
27
22
24
33
38
43
44
44
39
34
31
28
33
38
49
50
41
32
18
9
0
-2
3
10
8
5
-5
-17
-22
-30
-30
-35
-35
-32
-37
-41
-51
-52
-48
-45
-41
-33
-30
-31
-29
-29
-27
-25
-23
-13
-12
-4
-1
-9
-8
-7
-3
4
1
-3
-8
-7
-3
-8
-11
-9
-5
2
-3
-9
-15
-17
-18
-20
-15
-9
-4
2
3
5
0
2
8
8
22
30
33
38
41
49
51
54
58
59
63
55
54
50
41
28
15
15
6
-2
-7
-8
-5
-12
-14
-20
-26
-25
-30
-31
-34
-30
-18
-12
-9
-3
-4
-9
-9
-12
-11
-8
-5
-2
3
6
4
3
3
-2
-5
-10
-19
-24
-28
-33
-35
-35
-32
-25
-20
-21
-22
-19
-20
-13
-9
-9
-6
-8
-5
0
7
18
23
27
30
32
38
34
36
36
33
39
30
26
24
14
7
3
0
-1
2
5
3
1
0
-6
-6
-2
-6
-6
-4
-8
-3
-2
0
-2
-7
-8
-7
-7
-6
-7
-8
-3
-5
-5
-5
-5
1
7
8
6
-1
-5
-8
-6
-8
-14
-13
-18
-21
-20
-16
-12
-15
-8
-8
-4
6
0
8
7
8
13
8
9
-1
-8
-10
-10
-5
-1
5
7
13
8
9
15
17
20
18
17
14
18
15
5
9
8
11
14
9
8
7
5
5
8
8
7
7
3
6
3
-4
-6
-13
-11
-20
-18
-22
-24
-18
-25
-19
-24
-23
-15
-11
-1
-1
-1
2
-4
-4
-3
-7
-5
0
-1
-6
-3
-1
-1
3
1
8
5
0
-2
-8
-5
-6
2
7
12
9
-2
2
1
0
0
2
6
11
15
17
15
14
12
12
10
8
7
3
-3
-3
2
6
5
3
1
-2
-6
-13
-9
1
9
12
7
2
0
-1
-4
-2
-1
-2
4
5
-3
0
0
-6
-5
-2
3
-3
-5
-4
-11
-11
-15
-24
-15
-12
-13
-15
-12
-11
-8
2
0
9
15
16
17
13
13
9
7
11
11
6
7
1
6
9
6
7
6
3
-2
-2
-2
-7
-9
-12
-14
-8
-6
-6
-7
-9
-9
-6
-3
4
5
5
1
0
2
2
2
4
4
5
7
-1
1
5
0
-6
-6
-6
-6
-5
-1
-5
-5
-5
-7
-2
-4
-2
-2
1
7
7
9
7
12
15
18
13
4
2
6
7
10
11
4
6
-1
2
6
0
-1
-7
-2
-5
-9
-7
-8
-8
-12
-13
-15
-15
-9
-9
-5
-3
-2
1
0
4
6
2
-2
-4
-6
-3
-1
-2
4
2
-2
2
0
5
8
-1
-5
-9
-4
-7
-11
-5
-2
3
2
5
7
7
7
2
4
5
5
6
8
6
3
9
8
10
6
3
5
2
7
6
13
16
16
16
12
18
9
10
5
1
6
1
4
-6
-9
-9
-17
-8
-7
-3
-5
-6
-7
-16
-16
-23
-25
-22
-26
-23
-15
-14
-9
-14
-13
-10
-9
-1
0
3
2
-1
-4
-5
4
6
2
-3
2
8
3
5
6
5
8
10
9
9
12
6
-4
0
4
3
5
4
8
5
-3
-4
-5
4
-1
2
7
8
11
10
2
4
12
19
19
17
22
18
17
13
25
31
27
25
11
12
7
-3
0
-2
4
-1
-5
7
11
9
-5
-9
-2
-10
-16
-23
-24
-22
-31
-27
-29
-23
-25
-41
-24
-21
-15
-12
-25
-8
-5
-2
0
3
13
4
17
19
13
8
-3
0
-8
-8
-18
-15
2
-7
-9
-14
-12
-15
-19
-20
-14
-5
-7
-6
-3
5
-5
-13
-6
-3
11
3
23
23
23
22
7
23
5
14
10
10
10
2
2
-4
0
-8
-6
-10
-12
-8
1
9
0
4
-2
3
0
7
10
13
33
23
25
20
16
7
2
10
13
36
26
26
23
17
12
-5
12
-1
8
13
-7
-3
-4
-23
-33
-14
-30
-28
-24
-25
-17
-34
-29
-42
-35
-20
-26
-9
4
7
-2
-4
-15
-6
-3
-9
2
5
17
13
18
18
17
9
12
30
17
26
11
11
14
2
9
-4
5
-1
-6
-6
-11
-14
-18
-15
-20
-19
-22
-16
-14
-13
-1
-5
-16
-7
-10
-13
-10
-15
-10
-15
2
-10
-7
9
-14
-3
1
21
17
23
32
26
39
11
14
25
29
19
8
28
26
35
22
25
35
27
13
3
17
4
-1
-19
-13
-13
-27
-20
-37
-21
-22
-39
-34
-24
-21
-15
-25
-17
-12
-24
-14
-33
-11
-16
-18
6
-9
16
-10
12
4
-4
30
-2
27
8
20
25
16
30
8
28
23
21
24
11
30
13
14
18
4
24
4
7
21
13
20
-2
-1
12
-4
-14
-13
-7
-7
-13
-33
-13
-22
-30
-26
-33
-21
-34
-44
-45
-28
-41
-30
-32
-26
-15
-35
-9
-31
-12
-9
-23
-4
-10
15
2
6
4
1
17
3
23
8
14
23
12
24
22
30
11
13
27
20
25
32
22
25
32
29
23
34
34
19
48
40
37
54
36
33
27
29
22
9
21
6
13
-1
4
-4
-16
4
-31
3
-6
-21
-7
-24
0
-51
-11
-16
-63
5
-48
-35
-42
-36
-27
-56
7
-64
-27
-11
-59
-28
-47
-38
-47
-35
-30
-46
-30
-20
-42
-8
-23
-31
-10
-27
20
-4
27
37
11
37
27
23
20
44
22
11
49
24
12
44
32
-7
37
19
-18
23
21
1
7
47
-27
-2
20
-40
6
10
19
16
50
29
-4
51
-4
-9
28
-1
3
18
28
9
19
32
5
10
11
-12
-28
-4
-11
-8
21
26
8
-5
16
-35
-41
-11
-30
-11
27
15
-11
35
-14
-47
-11
-32
-30
-32
46
-33
10
46
-111
-15
-62
-59
-70
-28
8
-102
63
-74
-68
-13
-87
-9
-70
54
-57
-30
43
-79
74
-2
47
62
35
103
-25
62
11
20
64
33
103
24
89
41
-18
53
7
-1
41
102
-12
30
59
-81
-5
7
-38
-16
102
47
-61
69
-51
-121
49
-24
-39
36
17
-37
-28
22
-111
-15
78
-50
21
-35
-66
-60
-65
1
-4
89
-4
-24
-23
-77
-21
-133
0
93
98
75
-2
7
-125
9
-80
-33
220
92
101
-56
2
-97
-126
-8
-168
209
145
61
-36
-113
-16
-290
-25
-56
112
252
-44
14
-70
-2
-291
-210
106
102
302
54
-26
24
-27
-217
-280
48
124
212
271
195
9
-33
-215
-280
63
70
161
240
385
176
-39
6
-413
-125
98
124
250
223
329
-41
52
-170
-475
70
27
57
107
164
122
-158
-34
-379
-180
69
-172
129
46
116
-133
-239
-100
-362
62
-199
-39
229
-76
64
-270
-172
-275
-153
114
-125
215
-15
-150
-1
-241
-187
-71
36
35
-29
83
-58
-113
-41
-247
81
219
61
100
-8
178
33
66
122
51
379
133
126
125
80
280
20
158
307
292
244
15
51
51
113
54
45
289
237
93
23
-51
-33
-76
-193
32
173
66
91
-12
-120
-236
-230
-260
-165
64
-135
54
69
-204
-250
-312
-210
-330
-38
67
62
170
-186
-167
-256
-248
-259
-107
142
64
142
-28
-49
-191
-310
-239
-157
42
47
178
54
-43
-54
-190
-190
-145
52
15
128
144
-1
55
-11
-79
-14
230
76
95
175
-11
169
79
112
156
324
361
3
261
-54
14
178
-23
371
260
408
74
-25
198
-265
19
-85
109
340
30
257
-92
39
21
-307
99
-30
43
18
37
117
-204
59
-59
-219
1
-205
-196
31
-105
-255
60
99
-262
-287
-206
-261
-230
-192
-395
-11
158
-398
-307
-226
-309
-382
-350
-236
-148
183
-283
-301
65
-323
-247
-202
-14
88
202
262
-52
421
148
-17
251
212
421
322
591
307
437
628
176
457
265
451
355
314
431
67
603
143
66
333
85
306
-75
48
-1
-12
-13
-368
-15
-185
-128
-301
-346
1
-465
-221
-411
-378
-54
-523
-270
-221
-217
-211
-411
-181
-156
-304
-259
-167
-151
-153
-224
-198
108
32
-349
55
147
-55
-15
-133
253
226
90
-57
125
414
-93
-34
100
327
338
155
68
5
309
-185
-206
97
120
311
169
-6
-121
202
-211
-384
-55
38
457
86
9
-54
139
47
-546
66
185
363
333
50
309
138
-10
-338
-70
242
94
199
109
99
66
-205
-167
-178
-154
164
-100
60
-7
-309
-87
-259
-185
-197
3
68
-270
141
-109
-138
87
-241
-33
34
189
36
-66
253
-67
68
173
-159
95
37
-132
-50
-13
16
-188
-179
-83
-208
59
-217
-229
-39
-301
101
-240
-50
123
-251
225
-56
104
110
60
-64
99
492
109
412
-10
424
421
-100
275
119
260
233
56
179
438
219
-355
85
228
113
46
-166
270
-108
85
-94
-319
272
-370
-336
92
-18
-17
-237
-263
-165
-22
-160
-301
-81
-116
-128
-56
-203
15
-68
-380
-95
-45
197
-283
-145
-102
-344
232
-411
-110
77
-235
29
-275
48
1
-297
-116
-41
124
53
58
23
14
217
73
-181
272
331
266
159
228
463
257
379
-182
54
726
282
149
340
476
380
73
-138
-67
398
34
-236
32
240
324
-267
-268
-162
-143
-437
-400
-190
-191
66
-311
-39
-21
-30
-369
-564
-16
-436
-95
119
111
191
55
-103
-496
-115
-334
-359
226
191
194
146
-6
-241
-268
-372
-248
122
297
303
87
282
-152
-170
-1
-15
131
210
391
112
351
-182
-39
150
-66
178
-22
480
185
-100
-11
-71
111
-248
44
242
290
289
-275
116
20
104
-271
-120
509
-82
198
-4
33
-86
-426
-182
-216
51
154
-54
31
-26
-220
-308
-159
-73
-157
213
154
-18
-36
-48
0
-223
-119
253
205
324
319
-95
125
-45
-235
-124
25
73
-29
75
-4
36
-26
-172
-436
-103
-19
-434
-183
-275
-116
22
-251
-34
-33
101
-390
-387
166
-270
388
157
23
408
88
-90
-148
351
21
299
627
270
212
209
-171
-305
161
141
361
472
254
9
18
-155
-410
38
196
443
437
-91
86
18
-519
-381
-39
105
364
353
254
64
-203
-286
-485
-102
253
25
232
364
10
-195
-287
-281
-359
-160
77
-31
113
21
-33
-114
-171
-260
-429
-86
-268
-319
-43
-250
-145
-107
-150
-4
-95
-13
-224
-270
-14
-280
27
286
176
244
187
88
-61
-71
-69
45
289
454
465
266
142
-23
-146
-13
-71
-12
271
118
80
130
98
115
-60
-130
-229
-210
-173
-176
-44
16
81
88
53
-36
-124
-177
-209
-104
97
248
321
319
75
3
66
-83
34
113
290
495
310
180
17
-24
-46
-155
-110
82
249
137
-2
-65
-76
-189
-250
-151
-36
52
-174
-235
-169
-61
-42
-207
-130
-163
-61
-151
-240
-55
-70
35
-43
-68
-2
-25
-62
-171
-83
25
89
83
-11
-57
-74
-156
-88
47
129
175
32
36
10
-49
-76
-122
1
82
160
257
284
249
141
25
21
58
76
55
48
4
-44
26
-17
3
29
18
80
110
100
12
-83
-151
-148
-120
-63
-32
-15
-7
-31
59
102
123
128
123
140
115
49
-41
-51
-80
-91
-62
-23
79
103
81
75
94
45
-44
-163
-266
-362
-536
-520
-455
-357
-160
-110
28
152
137
89
-44
-39
-11
-14
52
111
243
408
500
612
797
919
979
868
723
564
314
118
-213
-371
-403
-544
-585
-704
-738
-722
-825
-937
-1070
-1056
-1151
-1314
-1384
-1431
-1249
-1083
-944
-698
-395
-116
117
371
550
763
891
953
1042
1110
1193
1239
1281
1325
1394
1442
1455
1407
1290
1200
1137
1013
827
644
498
407
316
257
237
295
280
222
316
292
260
160
62
157
72
-32
-221
-272
-200
-389
-359
-335
-261
-305
-689
-889
-1113
-1222
-1375
-1630
-1695
-1634
-1588
-1658
-1646
-1588
-1410
-1283
-1170
-1067
-777
-466
-436
-238
-203
91
259
147
147
-5
139
-183
-475
-487
-189
583
889
1368
1916
2958
3993
4126
3861
3154
2663
1691
413
-712
-1644
-1973
-2438
-2619
-2324
-1475
-955
-1249
-1516
-1688
-1624
-1995
-2802
-3631
-3866
-3726
-3766
-3003
-1581
231
1803
2855
4084
5386
6481
6358
5385
4723
4154
3572
2690
2001
1850
1772
1672
1268
1184
1332
890
-128
-1250
-1850
-2294
-2891
-3514
-3764
-3326
-2596
-1913
-1072
37
794
859
355
-106
-253
-583
-1264
-1966
-2015
-1551
-1059
-771
-670
-257
149
183
-69
-459
-700
-997
-1506
-1942
-1921
-1371
-640
-30
579
1128
1489
1614
1317
1048
689
215
-177
-465
-205
54
263
368
462
856
1034
1051
734
349
126
-114
-207
-199
3
330
595
715
908
1152
1157
792
107
-559
-1097
-1450
-1686
-1695
-1447
-1071
-573
-66
252
129
-220
-405
113
1388
3232
5158
6282
6323
5319
4090
2592
576
-1928
-4338
-5591
-6011
-5781
-5390
-4447
-3266
-2547
-1992
-1487
-497
-301
-1282
-3050
-4467
-4780
-4770
-4246
-3203
-1059
1378
3567
5540
7292
8598
8348
7009
5248
4064
3048
1743
635
-2
201
482
881
1439
1944
1912
939
-175
-1003
-1544
-2198
-3010
-3428
-3312
-2662
-1702
-471
972
1997
2345
1943
1378
923
209
-896
-2368
-3331
-3558
-3102
-2368
-1743
-1076
-673
-406
-274
-8
383
457
132
-471
-642
-299
193
369
242
240
325
387
199
18
-132
-376
-790
-1035
-653
-88
289
141
128
422
731
800
341
194
113
214
339
622
1490
1953
2083
1595
1209
1183
754
78
-1005
-1612
-1936
-2192
-2208
-2032
-1463
-1209
-1059
-962
-476
39
-75
-487
-1344
-1637
-1487
-325
1982
4549
7371
8992
9624
8798
6510
3513
-342
-3917
-7183
-9082
-9133
-7757
-5523
-3445
-1305
540
1986
2484
2022
842
-1123
-3474
-5854
-6926
-6609
-5085
-2951
-447
2693
5476
7577
8126
7462
5831
3278
722
-1462
-2339
-2414
-1889
-850
673
2715
4380
5310
5010
3873
2001
-113
-1875
-3028
-3276
-3281
-2743
-1930
-608
1146
2533
3462
3257
2501
1255
-241
-1587
-2852
-3479
-3784
-3608
-2988
-1820
-375
537
679
87
-477
-854
-820
-429
320
1245
1771
2050
1995
1950
1544
553
-868
-2362
-3193
-3519
-3193
-2570
-1605
-495
429
1262
1624
1793
1357
510
-523
-1392
-1493
-1246
-600
89
1042
2120
2814
3202
3077
2708
1899
630
-820
-2113
-2819
-3103
-3182
-3006
-2646
-2170
-1517
-886
-211
186
336
168
-204
-140
-259
-395
-974
-1388
-374
2285
6472
9900
11883
11512
8668
4475
-773
-5494
-9575
-12116
-12764
-11423
-7573
-3009
1154
3950
5371
5804
5143
3772
1666
-1174
-4228
-6880
-8210
-7185
-4404
-781
2555
5133
6983
7335
6662
4804
2102
-634
-3078
-3919
-3094
-858
1977
4297
6141
7113
7142
6335
4501
1961
-908
-3440
-4775
-4939
-3981
-2439
-1154
-201
68
204
345
243
-184
-1364
-2211
-2434
-2025
-1092
-330
199
84
-213
-556
-963
-1132
-1609
-2334
-2768
-2396
-1015
1182
3315
4403
4063
2711
947
-844
-2221
-3539
-4540
-4942
-4487
-2934
-948
1082
2272
2668
2422
1608
703
-340
-1087
-1712
-2020
-1576
-347
1386
3007
4039
4348
3960
2924
1628
92
-1020
-2086
-3187
-3317
-2765
-1331
1
785
1050
383
119
-223
-409
-13
-9
330
295
525
946
255
-590
-2544
-3238
-917
3878
9594
11927
11790
8635
3729
-1244
-7292
-11570
-14163
-14051
-12141
-8266
-1884
2952
6006
6348
5649
5371
4725
3090
-356
-3470
-6257
-7961
-7374
-4609
-735
2297
3890
4164
4370
4179
2839
272
-2211
-3182
-2674
-424
2764
6312
8663
9103
8211
6479
5111
2977
-273
-3856
-6225
-6271
-5045
-2812
-941
90
254
-547
-964
-696
232
469
2
-42
402
1489
1903
1398
-93
-2061
-3682
-4817
-4611
-4009
-3294
-2823
-2238
-651
1474
4188
5846
5863
4242
1622
-620
-2488
-3420
-3980
-4178
-3716
-2905
-1525
-81
1168
1635
1175
492
-155
-347
-242
-124
35
419
1299
2191
2577
2459
2014
1272
550
-58
-113
164
397
213
-882
-1320
-1573
-1719
-1790
-1632
-1029
-1136
-260
106
391
976
354
-264
-1299
-1551
-2794
-4288
-3633
-826
5909
12739
16136
14921
10322
5023
-1887
-9324
-15538
-18428
-16874
-12918
-6901
41
5511
7783
5897
3368
2930
3162
2344
17
-1463
-1818
-2088
-1536
-134
2198
3333
1971
226
-727
-654
-996
-2371
-2718
-1430
1337
4491
7270
9576
9765
7910
5006
2702
1897
837
-952
-2789
-3617
-2837
-1725
-1058
-868
-1263
-2347
-4207
-4884
-3527
-1605
15
693
1476
2564
3049
2404
19
-2805
-5358
-7142
-7057
-5299
-2931
-1369
-533
100
744
1894
3188
4036
3944
2836
1369
288
-354
-1164
-2207
-3161
-3474
-3102
-2306
-1291
-576
-17
734
2147
3885
5134
5217
3829
1842
-132
-1554
-2481
-2820
-2776
-2506
-1552
-40
1833
2834
2903
1878
168
-793
-1149
-1245
-1291
-934
-879
-647
-27
520
647
4
-470
-1365
-1316
-1370
-1560
746
5466
12112
15449
14279
9869
3745
-1669
-8247
-13596
-16107
-14586
-10206
-6110
-1145
2225
2900
158
-3890
-4809
-3796
-2288
-1997
-797
2548
5207
6545
6359
6108
4701
788
-3526
-5939
-5581
-4950
-4774
-3389
238
4650
7501
8526
8269
7303
5057
2628
1422
1856
2640
1692
359
-79
836
1454
658
-640
-2223
-3340
-4153
-3622
-1289
1208
2310
1510
391
-461
-1268
-2394
-3843
-4904
-5238
-4376
-2493
-206
1243
980
-718
-2742
-3590
-2742
-290
2693
5150
6256
5774
4622
3118
1539
-869
-4122
-6469
-6956
-5179
-2674
-233
1988
3174
4036
4120
4102
3768
2005
176
-1322
-1018
105
424
534
-190
-586
-1209
-2056
-2362
-2963
-3232
-4015
-4554
-3666
-1435
1648
3372
3605
2854
2190
1993
658
-1577
-4346
-6574
-6068
-999
9100
19087
22215
16624
5996
-3151
-9920
-16094
-19855
-18711
-11705
-3017
4253
9625
11247
7437
-2086
-10663
-12930
-10356
-6967
-5033
-1701
3024
6913
8617
8628
7957
4578
-1103
-5746
-5870
-2338
495
1328
1679
3166
4710
5244
5056
4288
2861
466
-660
1631
5840
8457
7304
4186
1630
-98
-1277
-2146
-2807
-3180
-3801
-3394
-467
3585
6844
6624
3282
-783
-4540
-6112
-7151
-7862
-7587
-6808
-3231
1116
4692
5658
2902
-1058
-5259
-5948
-4125
-1137
2564
4040
4621
3413
1842
13
-3029
-5508
-7746
-7063
-4386
-1753
569
1581
2825
3770
4106
4404
3954
2783
728
-1191
-1362
-535
237
-69
-823
-326
720
1710
1178
-486
-2410
-4670
-5693
-5693
-4549
-3235
-1243
951
2558
5140
5370
3696
189
-3764
-2599
5243
17154
22973
20588
12687
2161
-6208
-14634
-19907
-19849
-15021
-7297
-151
7802
11053
6279
-4224
-14138
-15830
-11595
-4961
833
5423
9038
9051
6714
4169
2163
-870
-5067
-7375
-5666
-1197
2473
3334
2393
1289
-247
-1119
-449
1401
3202
3484
4458
6849
9511
10373
7679
3568
-255
-2524
-3229
-2650
-863
84
-141
-1026
-1092
-10
1372
2396
1514
304
-879
-1116
-740
-1911
-3237
-5394
-5741
-4109
-2560
-516
-632
-1766
-3582
-3620
-907
1848
4947
4831
2950
365
-2288
-2871
-3629
-3372
-3863
-3826
-2124
-1262
-61
-652
-1806
-2159
-939
2940
5992
7804
7898
6299
4276
2502
1815
1241
142
-2060
-3927
-4073
-3231
-2500
-2647
-2367
-2500
-2998
-2168
-246
2138
1669
-1155
-4939
-7926
-5321
2675
15910
25339
22577
12113
1045
-3881
-8723
-15209
-17309
-12727
-1859
5820
10815
13695
8809
-4594
-21139
-25212
-16958
-7160
-1506
1107
5384
6347
3055
-586
-952
-230
-3309
-5094
235
11016
16994
13842
6137
-1069
-6299
-10626
-10536
-6124
-620
1740
1878
5254
9749
10783
4760
-3110
-6207
-4431
832
6676
12206
13685
9196
1901
-3278
-3953
-3382
-3066
-2832
-1173
1281
2988
3424
1314
-3095
-9103
-12082
-9284
-2614
3756
6073
5917
4256
2332
443
-1421
-1382
-974
-1509
-2971
-3426
-1839
-1302
-3181
-5802
-6403
-4491
-2350
-1070
589
2607
3398
2928
2271
2475
2636
1880
1253
1916
3798
4640
3768
2036
50
-596
-1629
-3484
-3698
-3736
-2884
-2998
-4641
-4043
-4054
-2854
-1848
-2537
730
8263
20487
27154
20540
5783
-8584
-14253
-18643
-22104
-17446
-5234
7449
10191
9381
8356
2155
-10998
-23449
-18370
-2379
8507
9866
8161
9025
3312
-9139
-16969
-13782
-5656
-1235
3066
12486
22030
21655
11920
1459
-4032
-6920
-9131
-5807
2123
8834
8301
2747
-815
-3099
-6177
-10383
-10964
-5194
2085
7994
12079
14703
13599
6363
-1814
-5802
-5478
-2306
117
2947
5598
4256
929
-4806
-9197
-11689
-13476
-8929
-1698
6071
9904
7274
3767
-1020
-4490
-6756
-4891
2838
9678
12800
9754
4501
-1379
-8672
-14815
-17460
-12683
-5200
964
5443
6990
5962
1076
-4674
-6315
-4412
-1340
1442
4573
9309
11522
9912
5229
65
-2836
-5533
-4345
-2316
-506
647
-2095
-3558
-6404
-7834
-7917
-5871
2474
12777
23502
23672
13882
1465
-7252
-9017
-11738
-10173
-3980
4272
7712
2983
-1389
-7579
-15068
-23485
-22747
-8288
6342
13221
10743
6936
890
-8672
-15351
-13760
-3402
4766
9536
13139
16043
13846
3293
-6080
-8917
-4258
1092
5443
10977
13585
11950
4927
-1543
-4212
-5249
-6445
-6824
-2538
3381
6368
3906
-527
-3645
-4953
-4356
-1825
4146
9009
10401
7521
4008
2816
-545
-4523
-8432
-8852
-6128
-4213
-1441
-653
-1872
-6364
-11812
-11780
-7319
-744
3915
8907
14893
16546
12608
4090
-2889
-6746
-8519
-7449
-4312
398
2000
-547
-3323
-4509
-4736
-5226
-4485
-393
5070
8862
9909
7997
5011
961
-1640
-1038
477
2688
1947
790
449
-1971
-3294
-5818
-7713
-6178
1177
15163
22670
16042
208
-11134
-12143
-11454
-11753
-7535
3307
10188
6965
995
-1756
-5588
-17120
-24732
-14601
5721
17605
13257
3245
-4322
-12853
-22410
-23286
-10051
6719
13875
13706
15353
16630
9802
-4323
-12725
-7478
3936
13775
19543
21970
17439
3542
-10800
-16553
-12823
-7604
-4907
-566
5893
10218
8402
1926
-4692
-8843
-9162
-4309
5508
14788
17554
12566
4173
-1449
-4896
-6844
-7509
-7279
-4204
-1975
-119
1159
-1053
-5272
-11498
-13404
-10117
-5336
-774
1585
5615
8618
7438
3212
-597
-712
-327
-30
479
2599
4645
2549
-983
-3374
-4386
-5094
-5092
-2362
2267
4665
3636
2132
2848
4022
2316
384
-756
187
1921
2094
3502
2554
392
-2988
-5026
1096
11081
20389
16870
2065
-9717
-12912
-8204
-7365
-7467
-2873
2849
4209
-1765
-5099
-8634
-15484
-21559
-17091
2097
16098
14403
668
-11213
-14681
-15746
-12165
-3305
8281
13460
9684
4977
3237
2373
-2847
-7057
-3448
7564
17820
20517
17421
9903
1045
-6882
-8215
-444
8546
12044
7586
1273
-2625
-6085
-9942
-12771
-10155
-3531
3204
7952
10604
11215
7671
3003
-348
-133
2702
2507
1268
-341
-1683
-1975
-4123
-5957
-7525
-8796
-9610
-10467
-9595
-8206
-5574
-1876
2359
4847
3289
563
-1163
492
3158
4707
5837
6103
5368
2489
-531
-3223
-5563
-6991
-6326
-2546
1850
3805
1403
-109
340
1455
3486
3072
3269
4363
5071
5124
2015
-2054
-3596
751
10437
17059
13508
3101
-7003
-10622
-7742
-4447
-428
3158
3765
1847
-3094
-8474
-13973
-18654
-18615
-11900
-1736
4828
3110
-5379
-13394
-17587
-15568
-6660
4939
14552
15871
9866
2636
-1550
-2516
-2736
-272
6400
14149
17144
13769
7487
1818
-1108
-1640
1093
6070
8817
6990
1931
-2208
-3668
-3883
-3877
-3029
-514
2404
3121
1237
-789
-2274
-1183
3706
8551
11673
9892
3735
-1417
-4526
-4086
-1724
838
2342
-338
-4976
-9593
-11694
-11807
-11714
-9850
-5657
-224
1311
-1413
-5755
-8261
-5698
-935
5338
10047
10033
6200
691
-2364
-1961
-26
2217
5317
6944
5675
1365
-5005
-8789
-9513
-5968
-377
3143
4754
2198
-838
-3488
-5622
-2390
5918
19227
26775
20240
6398
-6624
-8748
-5870
-3798
1102
6373
10377
4703
-6577
-13667
-16995
-17125
-17288
-9752
3631
9546
2665
-12877
-20222
-17290
-11228
-4279
3312
11950
12670
4272
-5100
-7668
-3284
-416
1794
7289
15612
18958
12580
4047
840
4620
8997
11096
12678
12193
7108
-2246
-8676
-8018
-3031
-436
-2560
-5694
-8682
-11461
-14120
-13107
-5475
6237
13677
12642
7549
1983
778
1024
1815
5789
9757
12469
9004
3189
-2236
-7829
-11031
-13032
-8356
-866
3547
1520
-7230
-14385
-18700
-16379
-9008
-380
7784
8797
5113
-322
-4199
-4075
-2522
978
5784
9896
11557
9393
4708
404
-2617
-3101
-1459
1048
3765
3053
-105
-4311
-5191
2320
13179
19000
11932
-1829
-9265
-5799
3332
7656
8360
6856
2014
-5178
-11750
-11038
-7978
-7381
-7642
-3890
4402
4984
-5704
-19806
-26258
-21478
-11343
-569
7121
9290
3108
-7679
-13665
-10269
3
9118
13138
13524
12491
10618
7091
3492
2125
4413
9095
13825
16486
14575
8693
674
-5041
-4877
-315
4899
5764
1807
-4855
-10636
-13000
-11575
-6890
-2040
1065
-818
-4445
-5801
-4739
-560
1391
2642
4606
6353
7532
4941
2209
-466
-950
101
555
3034
3433
1492
-4454
-10484
-11045
-8225
-3273
-1812
-2319
-3191
-5398
-6940
-7759
-5132
-786
3425
6510
6496
5091
1784
-2147
-2777
277
4596
8282
8391
5977
3378
146
1415
8738
17695
18632
6809
-5852
-8748
-1897
3663
2040
1046
2567
1763
-4037
-8683
-8459
-8238
-11190
-12931
-5857
2345
1447
-7605
-14618
-12619
-7720
-3825
-1729
-364
-280
-3921
-6709
-4739
823
5336
5965
4767
4564
5615
6023
6667
7752
9227
9789
8932
8953
8616
6479
2068
-2087
-2435
5
3243
4108
1641
-2829
-7913
-9605
-7572
-1925
4538
5818
2852
-2799
-6538
-4596
-1506
869
591
-1382
-1668
-777
1338
1605
885
77
-840
-774
-1866
-722
1844
3060
410
-6156
-8728
-6697
-2101
574
-733
-752
-1202
-3151
-5458
-6669
-4291
-1429
888
3023
4453
4595
916
-2655
-2701
-136
3667
4080
3797
8208
16390
20157
11012
-3279
-8420
-111
9738
10772
7700
5223
1854
-5370
-9627
-5951
-737
-916
-6369
-7336
-5201
-7766
-14604
-20823
-19071
-12599
-6695
-2903
-2601
-4567
-8035
-9316
-5932
1399
9142
13335
12552
7886
4673
5749
10554
15387
16750
15605
12902
10072
6845
4093
4159
5479
5925
4177
1390
-711
-3524
-7440
-9791
-8735
-4942
-2002
-2960
-5873
-8885
-10765
-10921
-9838
-6263
-1583
1225
802
-1050
-1529
-1300
-1292
-750
2556
8113
11619
10007
5691
3449
2686
1029
-2504
-4762
-2721
52
1028
-105
-1930
-4732
-9957
-13644
-11807
-5122
473
322
-2903
-4609
-4471
-3575
-2181
198
3570
4757
5483
9963
17487
19195
7988
-4923
-4516
9311
18509
13688
6224
4193
4755
896
-1990
520
960
-5338
-12981
-10592
-4321
-4951
-12389
-18685
-16833
-13396
-11392
-10765
-10715
-10524
-11323
-8886
-3063
2965
4811
2090
-660
-117
4476
8917
12358
14884
16019
16455
16035
16376
16227
14822
12747
11576
12803
13767
12642
7642
-47
-6491
-9046
-8486
-7508
-7329
-9503
-12544
-16710
-18477
-14113
-8283
-4490
-5765
-7900
-7170
-4447
-1627
-1344
298
1888
2950
3936
4104
6125
7671
8978
8525
6492
4256
1566
2901
5303
6127
5001
1439
-2140
-5743
-7654
-7835
-7212
-6954
-8307
-8607
-8903
-9849
-10268
-10116
-8265
-7006
-3231
6173
14897
14754
2329
-7969
-2381
12124
20302
16964
12694
11411
8168
3269
4339
11886
11961
1521
-7267
-4225
2390
-1992
-12431
-17593
-15921
-14848
-17936
-19243
-16110
-14196
-16243
-16249
-10409
-2181
962
-1621
-2702
437
5583
8934
11158
14895
16899
15229
12680
12698
15209
15911
13416
11880
13562
16109
16243
12612
7633
3201
462
-843
-1120
309
-156
-3558
-10538
-17235
-17417
-14658
-11133
-10943
-13021
-13489
-13791
-11664
-9751
-6779
-3686
-2997
-1265
-101
2033
3948
6296
9170
8942
8476
7754
10336
14260
12502
8219
4458
3623
4790
4177
2536
642
-1888
-4289
-6826
-9079
-10942
-13650
-15323
-15166
-14503
-12029
-6796
-513
2515
-2832
-10305
-8415
2488
12015
10534
5131
6461
11128
12466
11686
14379
16393
11506
3084
2491
9981
10431
655
-10269
-12354
-8742
-8881
-10950
-12644
-12754
-14615
-18394
-16979
-11742
-8018
-8578
-9779
-6714
-1039
2114
1232
1706
6000
11184
12717
11501
12083
13965
15825
16381
17367
19919
20258
17164
12538
9772
9619
8842
6551
4389
1665
-1716
-6777
-11830
-10824
-8404
-8904
-12174
-15720
-14888
-13017
-11072
-11402
-12614
-11778
-10748
-7174
-4074
-1721
-1450
-1907
-648
-1336
799
3251
6554
11011
9325
5221
2581
4841
8204
9135
9738
8733
8114
4915
-173
-1914
-1657
-2145
-4199
-5562
-6932
-9490
-12484
-12494
-6238
1648
2200
-7718
-15857
-12075
-300
8352
6085
1583
2612
5369
5919
6136
8803
10807
8684
5984
8217
10352
6935
-394
-5893
-3954
-1150
-2212
-4928
-7941
-9337
-11188
-12985
-11858
-9205
-7733
-8714
-9850
-7663
-4312
-3857
-4285
-3416
-31
5142
8479
10572
11301
9911
8792
10235
14766
19198
20170
17630
13672
10990
10584
10713
11071
10037
5939
1675
-2468
-4109
-3610
-4609
-6597
-9935
-11990
-13536
-13868
-13092
-14578
-15049
-14358
-10465
-6225
-5809
-6982
-7921
-4538
-1823
-947
662
2467
6359
7122
4938
3386
3854
6484
7511
8808
10179
7846
2620
-2247
-2934
540
2623
316
-3540
-6886
-8304
-7879
-6682
-3683
67
2666
50
-7661
-10577
-3798
6408
9338
3302
-2002
276
5419
5743
4267
4729
5653
4291
1681
3827
6965
5586
-457
-6401
-5694
-3297
-3368
-4825
-5567
-4800
-5894
-8010
-9409
-8914
-7431
-7526
-7776
-6269
-3356
-2014
-2797
-3797
-1721
4260
8629
9233
7778
7206
8960
11331
13982
15997
16476
14381
10856
9437
9867
11351
10343
6043
3027
947
654
1032
16
-1639
-5232
-8074
-9576
-9071
-7317
-8575
-9978
-10947
-10778
-9729
-9893
-9999
-10287
-7927
-5296
-4016
-2070
-1547
-187
1000
1281
2681
4615
7719
8641
6540
4667
3029
3365
5375
5360
4123
1861
-1521
-3109
-3077
-2224
-2430
-5081
-6894
-5475
-395
3272
-987
-8794
-11243
-5493
2157
3614
-135
-1888
1741
5190
5253
5009
5835
5972
3202
2960
7191
9675
6304
-2943
-7912
-4761
-1089
-544
-3473
-5871
-6522
-7867
-9031
-8346
-5885
-4831
-6767
-8302
-5630
-2350
-2375
-3540
-3017
1694
5642
5001
4190
5210
7440
8399
8910
11757
15119
15340
12239
10501
11186
12597
11913
8919
7693
6612
5476
3961
1441
79
-3019
-6027
-7683
-8316
-7159
-8216
-9998
-12005
-13635
-13529
-12662
-10021
-8477
-7728
-7574
-7829
-5998
-3822
-1638
-66
1380
2913
3822
5496
6509
5608
3599
2531
4312
7282
7491
4116
410
-1793
-1799
498
2355
1352
-3230
-7751
-7099
-2126
4530
5889
-798
-8327
-10807
-4505
3298
4520
649
-2474
398
3593
4361
4452
4672
4048
1311
2046
5377
7930
5395
-2025
-4993
-3461
-511
-40
-2595
-4304
-5175
-5136
-5755
-5857
-5009
-6071
-9083
-10577
-7703
-3205
-506
-2049
-4672
-3708
-455
3578
6184
6938
7014
6962
7984
9876
11605
12137
12064
11229
10766
12178
11892
9532
6333
4592
6404
6649
4011
226
-2734
-3729
-5656
-6779
-6854
-6422
-6293
-8721
-10702
-11257
-10104
-9982
-11154
-9471
-6653
-4369
-5160
-7327
-6383
-2951
445
1771
2878
4222
3854
2306
1896
3700
6396
6864
4067
1517
741
1201
1686
909
-237
-1457
-2288
-2062
-1002
889
2515
931
-3419
-6309
-5147
-245
3772
3080
-864
-2911
-690
1675
2525
2301
2059
2023
1352
1689
3175
4608
1791
-2613
-2470
77
2099
201
-2692
-2682
-1668
-1726
-3495
-4035
-3727
-4816
-7392
-8340
-5560
-2331
-1471
-3882
-5407
-3256
222
2491
2505
3006
4297
5414
6697
8560
11112
12128
10733
8618
9932
13104
12801
9438
4949
3931
6546
7894
6473
2743
-281
-2850
-5074
-5287
-4492
-3261
-4837
-9384
-12583
-11691
-9208
-9586
-10729
-10568
-8708
-6440
-6394
-6897
-5753
-3542
-2099
-659
1293
2646
2799
1666
1708
4238
7597
7396
3173
86
-283
1447
2564
2235
1561
-226
-1948
-2975
-1750
103
474
-64
-2403
-4581
-5874
-3221
2316
4154
1566
-2298
-951
2773
3999
3550
3237
4930
4342
2301
1384
2599
2778
-1331
-3637
-3260
-945
-618
-3543
-4507
-3472
-1390
-2203
-4650
-4902
-3494
-2381
-3022
-2698
-1420
297
-192
-2247
-863
1891
3547
2497
1198
2141
3826
5713
6472
7242
7902
7606
6342
6771
9846
10248
8799
6847
6476
9147
9728
7047
3169
1991
1763
-502
-2048
-3475
-4659
-6476
-8980
-10310
-9681
-8747
-12060
-14753
-13858
-11771
-8588
-7451
-7907
-7624
-5445
-3011
-1573
0
84
-496
457
3016
5455
7170
6048
1939
-156
353
2566
4148
3771
1743
-1351
-1985
-803
1370
2665
1093
-458
-708
-561
-2112
-3030
-187
3400
3948
572
-1655
265
2516
2727
2202
4169
6343
4854
1825
144
1301
1778
148
-538
-438
-425
-1987
-3964
-4245
-3896
-4985
-7352
-7971
-6034
-3883
-4359
-5600
-5628
-4517
-2679
-2112
-776
1411
2590
2987
3317
4901
6256
7111
7916
8560
9229
9616
9923
9659
9563
9149
8585
8753
7764
6419
5184
3755
2996
2265
1548
566
-843
-2423
-3899
-4614
-5055
-5378
-5706
-6477
-7778
-9014
-8948
-7907
-7333
-8123
-9564
-10063
-9287
-7342
-4993
-3937
-4065
-4695
-4850
-2941
-212
1839
3089
3145
2710
2186
1846
2204
2379
2270
2485
3099
3507
2238
-254
-1841
-1706
-1228
-1114
229
2119
1890
-1156
-3663
-1231
4158
6835
4783
1894
2119
3450
3464
3248
4551
5583
4542
2197
377
1300
1171
-1404
-3067
-2804
-765
-448
-2237
-4199
-5594
-5997
-6868
-7288
-5951
-4285
-4425
-5859
-6869
-5989
-3178
-1384
-750
20
938
2141
3401
5227
7356
8250
7971
7987
9375
11924
13325
12798
11263
9583
8735
8270
8610
9345
9076
6731
2565
-360
-764
589
480
-2483
-5658
-7449
-8157
-8958
-8604
-7124
-6356
-7867
-11694
-13873
-12441
-8849
-6171
-6328
-8112
-9738
-9440
-7048
-4326
-2383
-1644
-2655
-3664
-2519
246
2857
3354
2332
1644
1640
2166
2473
3159
4307
3751
1642
-179
-893
-13
2024
2843
2227
1977
1958
1787
974
807
2858
5544
6486
4562
3259
4600
5434
5016
4441
4843
5232
3875
2270
1924
3031
2505
-925
-3993
-5106
-4319
-4079
-5262
-6452
-7406
-7811
-8450
-9096
-8334
-6683
-5748
-5634
-5663
-4630
-2312
-342
1367
2804
3880
4618
4560
5004
6541
8276
9356
9880
10292
10463
10041
8966
8457
9354
10710
10425
8031
5602
4312
4180
4124
2474
218
-1295
-2608
-4118
-5412
-5901
-5998
-6883
-9279
-11880
-12215
-10477
-9000
-9210
-10314
-11059
-11309
-10829
-9528
-7288
-4892
-4563
-6059
-6505
-4507
-1804
-53
825
1409
1864
1809
1741
2512
4767
6326
5340
3671
2565
3036
4249
4961
4862
3800
3190
2662
2471
3246
3542
3781
4428
4409
3661
2109
1194
2579
4769
5870
4490
2680
2592
3021
3434
3663
3644
2325
182
-1498
-1507
-335
-1676
-4915
-7597
-7846
-7000
-7787
-8386
-8297
-8142
-8828
-10180
-9717
-7160
-4949
-4841
-5142
-3840
-921
1446
2467
3294
4401
6203
7200
7570
8904
10658
11813
11683
11057
10856
10885
10498
9834
9509
9039
7081
3890
2038
2474
3316
2642
492
-1916
-3659
-4851
-5744
-5841
-5429
-5481
-6960
-9073
-10409
-10849
-10193
-9688
-9800
-9839
-9891
-9535
-9330
-9274
-8699
-7423
-5126
-3382
-3243
-3351
-2473
-357
1459
1759
1623
1954
2959
4191
5351
6738
7372
6376
4601
4027
5475
7591
8705
7638
5228
3487
3056
3943
5274
5768
5001
3082
1759
2032
2562
2242
1068
626
1212
1393
507
-244
337
458
-690
-2102
-2066
-1060
-1562
-3137
-4867
-5315
-5120
-5725
-6060
-6032
-6252
-7085
-7424
-7012
-6258
-5925
-6151
-5275
-3641
-1729
-875
-974
-267
947
3050
5083
6421
7242
6898
6380
6750
8282
9903
10181
8960
7800
7817
7794
7018
5647
4863
4478
3577
2722
1810
1102
47
-1442
-2598
-3449
-4101
-4724
-5061
-5490
-5728
-5989
-6661
-7088
-7712
-8023
-7721
-7023
-6466
-7275
-8235
-7941
-6475
-4956
-4873
-5494
-5348
-4294
-2924
-1913
-1019
336
1383
1392
1424
2409
4309
6294
7268
7477
7196
6972
7111
7171
7601
7928
7230
5574
4436
4824
5628
5393
3520
1682
586
117
172
100
387
-110
-920
-1790
-2989
-2929
-2582
-2223
-2341
-2702
-2456
-1778
-874
-1370
-2071
-1910
-1027
-949
-1848
-1597
-1061
-283
-829
-2277
-2851
-3134
-2864
-2988
-2422
-1586
-1735
-2516
-3568
-3246
-1646
230
738
363
126
299
1571
2175
2410
2926
3717
4364
3493
2330
1878
2617
3696
3816
3067
2137
1705
1208
1121
1240
1409
1392
626
560
770
821
30
-1868
-2643
-1802
-440
-326
-1572
-2982
-3898
-4368
-4732
-4385
-3853
-3679
-4222
-5025
-4735
-4186
-4157
-4666
-5231
-4384
-2090
-301
126
-76
-96
606
1499
2698
4554
6186
6635
5723
4958
5485
6431
6760
6652
6462
6265
5861
4687
3293
2304
1771
1828
1716
904
-468
-2149
-3285
-3563
-3153
-2295
-1910
-2465
-3601
-4711
-4505
-2693
-977
-508
-1069
-1638
-1415
-742
-96
979
2693
3689
3175
1866
1335
1685
1981
2244
1971
1657
622
-1461
-2374
-2340
-2457
-3569
-5071
-5185
-4220
-3801
-4806
-6061
-6232
-5445
-5166
-5311
-4878
-4073
-2923
-2483
-2407
-1551
-713
-417
-218
1007
3371
5117
4847
3734
3464
4493
6195
7247
7743
7334
5712
4149
3523
4435
5889
6133
4763
2448
563
-72
64
66
-231
-885
-1812
-3061
-4331
-4651
-4416
-4201
-4368
-4726
-4807
-4715
-4504
-4426
-4036
-3406
-2683
-2002
-1547
-588
710
1813
1914
1323
1488
2535
3684
4085
3851
3551
3483
3434
3430
3719
3892
3519
2534
1622
1280
1623
2128
1959
1171
215
-304
-343
-84
118
-4
-206
-556
-882
-1217
-1401
-1034
-471
-207
-824
-1342
-809
-10
185
-872
-1716
-1411
-668
-105
-164
-42
-294
-1321
-2472
-2980
-2544
-2501
-2977
-3419
-3174
-3045
-4216
-5647
-6242
-5455
-4541
-4396
-4376
-3974
-3386
-3604
-4149
-3998
-2568
-886
-385
-306
271
1811
3112
3330
3442
3689
4098
4441
5147
6525
7652
7649
6385
5128
4768
5518
6623
6723
5917
4650
3853
3570
3083
3025
3091
2735
1610
-173
-1097
-1067
-697
-586
-1288
-2423
-3837
-4990
-5292
-4789
-4067
-3950
-4682
-5697
-5697
-4753
-3727
-3262
-3409
-2948
-2070
-1080
-83
561
1316
1563
1569
2042
2818
3714
3998
4116
4605
5088
4942
4102
3543
3681
4076
4009
3624
3359
2944
2107
937
103
-209
-532
-1261
-2375
-3443
-4153
-4478
-4673
-5122
-5845
-6423
-6679
-6589
-6342
-6217
-6150
-6197
-5827
-4874
-3931
-3299
-3017
-2361
-1372
-485
150
584
1248
1792
2307
2875
3606
4453
4890
4910
4326
3537
2875
2860
3607
4274
4379
3429
2015
737
-67
-191
-55
35
-461
-1338
-2048
-2190
-1986
-2087
-2321
-2529
-2559
-2523
-2202
-1301
-346
310
467
542
722
831
1265
2104
3204
4043
4207
3869
3431
3275
3361
3723
3920
3695
3189
2509
2338
2607
2624
1972
843
134
172
475
609
748
832
347
-667
-1472
-1306
-601
-379
-734
-1258
-1657
-2019
-2514
-2867
-3058
-3165
-3186
-3240
-3205
-3210
-3289
-3294
-3229
-3022
-2723
-2435
-2194
-1878
-1483
-1049
-857
-1116
-1370
-1449
-1252
-813
-378
-181
-638
-1353
-1554
-1106
-717
-892
-1142
-998
-621
-531
-407
173
678
441
-305
-358
582
1658
2051
1886
1825
1920
2021
2141
2581
3238
3500
3038
2399
2549
3231
3512
3043
2568
2766
3065
2800
1947
1266
1050
992
1000
948
894
613
109
-405
-840
-1188
-1578
-1896
-2154
-2136
-1901
-1843
-2194
-3059
-3892
-4219
-3983
-3466
-3025
-2832
-3002
-3224
-3194
-2575
-1530
-838
-774
-940
-522
701
2138
3100
3557
3908
4160
4299
4399
4829
5648
6103
5771
5023
4665
4744
4650
3901
2625
1595
798
227
0
-143
-519
-1676
-3309
-4584
-4866
-4541
-4216
-3968
-4169
-4677
-5349
-5812
-5579
-4893
-4243
-3893
-3660
-3541
-3214
-2669
-2237
-1671
-1230
-991
-755
-414
229
1022
1638
1865
2116
2381
2437
2563
2732
3082
3406
3357
3124
2890
2683
2444
2262
1999
1815
1772
1364
669
-6
-196
162
367
84
-399
-803
-1190
-1327
-1234
-1078
-829
-785
-947
-1194
-1415
-1300
-902
-641
-492
-92
278
483
664
791
1014
1129
1129
1523
2198
2485
2236
1682
1119
1171
1669
2041
2140
1691
942
387
0
-127
186
444
280
-110
-619
-947
-1127
-1601
-2110
-2292
-2261
-2116
-2150
-2561
-2974
-3234
-3460
-3562
-3530
-3338
-2867
-2315
-1932
-1670
-1586
-1618
-1482
-1052
-266
665
1270
1337
1280
1550
2147
2795
3022
2925
2899
2954
3095
3323
3546
3604
3307
2706
2224
2149
2161
1899
1312
728
529
413
-33
-675
-1086
-1100
-1033
-1299
-1829
-2171
-2218
-2090
-1876
-1729
-1657
-1705
-1987
-2218
-2104
-1740
-1258
-775
-454
-297
-395
-754
-873
-556
-32
434
658
736
728
525
188
44
132
332
590
717
727
588
336
275
541
985
1287
1339
1263
1303
1494
1628
1747
1923
2038
1876
1456
1170
1256
1387
1031
348
-126
-264
-376
-789
-1321
-1624
-1750
-2005
-2409
-2728
-2938
-3111
-3259
-3225
-2946
-2823
-3076
-3403
-3403
-2995
-2452
-2043
-1796
-1623
-1547
-1400
-930
-178
582
1056
1270
1498
1883
2356
2796
3148
3424
3696
4018
4312
4519
4614
4590
4440
4148
3849
3716
3749
3642
3108
2226
1309
670
217
-262
-698
-1057
-1514
-2282
-3198
-3765
-3714
-3450
-3530
-3855
-3950
-3656
-3346
-3307
-3269
-2882
-2259
-1820
-1613
-1298
-747
-198
114
363
775
1219
1485
1628
1853
2131
2253
2236
2259
2286
2136
1842
1649
1638
1549
1219
819
558
363
77
-260
-501
-559
-583
-692
-896
-1225
-1557
-1723
-1650
-1494
-1489
-1639
-1783
-1793
-1730
-1619
-1438
-1291
-1256
-1325
-1246
-878
-396
-47
72
126
275
559
814
905
875
866
1055
1336
1515
1538
1460
1310
1015
719
629
712
674
364
142
246
406
212
-317
-667
-631
-440
-339
-330
-284
-273
-296
-225
30
311
349
189
94
260
617
943
1068
930
638
381
407
768
1188
1287
911
326
-91
-159
56
354
579
619
467
206
-86
-338
-475
-347
26
377
452
237
36
10
14
-113
-319
-333
-115
121
149
-98
-435
-733
-834
-696
-429
-273
-483
-950
-1422
-1659
-1629
-1482
-1347
-1334
-1440
-1652
-1891
-2069
-2066
-1806
-1502
-1368
-1392
-1295
-905
-480
-286
-293
-164
270
765
1096
1263
1393
1499
1564
1717
2023
2333
2369
2123
1867
1798
1881
1939
1884
1726
1491
1253
1023
792
511
224
81
82
80
-102
-448
-822
-1138
-1320
-1254
-900
-538
-528
-846
-1089
-989
-705
-521
-465
-396
-310
-310
-301
-131
125
236
103
-116
-215
-134
52
253
373
358
214
11
-126
-107
89
317
370
203
-46
-150
-88
-5
29
7
-14
-42
-31
103
284
386
281
72
3
142
432
697
852
808
515
160
-21
123
442
645
544
118
-360
-622
-553
-368
-436
-782
-1196
-1384
-1347
-1276
-1354
-1668
-2046
-2260
-2042
-1553
-1174
-1144
-1489
-1737
-1642
-1148
-483
-27
204
184
217
469
863
1344
1565
1649
1747
1916
2207
2273
2219
2109
2090
2258
2306
2198
1799
1316
1000
858
915
920
811
475
-24
-440
-736
-910
-1149
-1342
-1337
-1186
-1014
-1087
-1318
-1605
-1838
-1849
-1603
-1099
-627
-379
-375
-523
-582
-481
-111
423
887
1193
1270
1252
1178
1091
1182
1465
1818
1925
1684
1335
1093
1033
904
644
386
198
69
-166
-407
-573
-766
-1095
-1555
-1810
-1670
-1324
-1146
-1310
-1557
-1689
-1681
-1574
-1313
-842
-403
-318
-579
-818
-683
-245
166
304
187
21
-81
-46
61
132
142
72
-16
-112
-172
-198
-269
-354
-454
-497
-452
-387
-301
-251
-231
-295
-475
-589
-467
-72
365
576
513
281
81
56
307
756
1118
1190
1023
882
898
1005
1102
1193
1342
1457
1468
1397
1334
1350
1352
1308
1220
1135
1089
1001
890
790
693
486
114
-228
-326
-186
-62
-163
-423
-728
-1015
-1246
-1282
-990
-598
-475
-741
-1047
-1007
-715
-472
-397
-306
-74
163
268
285
383
482
422
271
250
462
639
491
71
-343
-547
-585
-555
-557
-661
-939
-1349
-1650
-1676
-1455
-1235
-1235
-1440
-1656
-1697
-1516
-1218
-1038
-1048
-1129
-1125
-903
-581
-377
-369
-450
-429
-233
85
400
641
751
740
728
797
979
1211
1400
1526
1646
1749
1746
1601
1372
1253
1333
1466
1483
1359
1120
840
584
328
157
93
22
-46
-80
-106
-186
-376
-650
-823
-735
-513
-229
-31
-89
-218
-340
-349
-68
264
495
624
589
514
557
662
731
786
715
602
620
547
440
358
148
1
-110
-289
-386
-494
-691
-872
-1032
-1163
-1149
-1129
-1251
-1311
-1338
-1340
-1220
-1213
-1271
-1152
-973
-733
-462
-399
-386
-303
-263
-62
341
642
824
800
551
499
675
833
1005
1046
885
774
668
494
429
399
308
276
175
-19
-123
-259
-430
-480
-544
-641
-651
-733
-823
-733
-674
-649
-581
-633
-606
-367
-166
30
207
204
225
339
414
588
792
800
800
780
705
814
880
735
603
452
356
492
552
485
425
202
24
74
106
159
195
34
-42
16
30
57
-14
-213
-281
-222
-86
123
144
-33
-221
-362
-375
-258
-133
-41
-9
-113
-286
-412
-487
-512
-507
-452
-351
-297
-374
-534
-662
-714
-653
-519
-399
-311
-272
-317
-386
-389
-247
-46
22
-11
-8
56
170
281
303
296
326
380
470
577
618
566
427
322
401
542
587
570
466
247
75
13
-4
38
95
82
45
-64
-281
-481
-577
-489
-279
-201
-194
-70
-116
-386
-497
-390
-212
-53
53
196
351
313
120
-27
2
247
453
464
542
585
338
95
105
276
433
445
327
178
61
35
85
107
96
53
-79
-151
-66
-9
-47
-126
-234
-316
-258
-57
84
36
-93
-214
-328
-337
-159
4
-22
-105
-188
-260
-304
-328
-289
-239
-283
-371
-396
-378
-272
-144
-122
-135
-190
-334
-406
-333
-191
-19
79
64
-18
-138
-157
-52
-32
-105
-104
-29
64
157
194
185
142
67
31
131
336
471
458
394
397
442
465
489
528
514
441
410
422
420
398
314
208
143
92
73
60
10
-71
-154
-184
-203
-268
-330
-291
-193
-164
-201
-228
-249
-276
-263
-204
-99
-3
0
-73
-118
-66
-15
-32
-40
11
61
48
45
80
102
95
83
74
56
81
141
157
141
96
17
-73
-145
-155
-87
-30
-49
-150
-299
-383
-346
-301
-302
-267
-235
-275
-353
-355
-288
-231
-211
-223
-234
-229
-177
-114
-85
-49
-29
-79
-117
-79
6
39
16
5
4
19
84
180
192
162
192
242
313
430
547
643
728
748
714
672
687
820
907
896
868
745
566
417
335
315
267
153
6
-101
-158
-232
-403
-617
-687
-662
-660
-627
-577
-577
-605
-608
-565
-459
-331
-234
-187
-140
2
156
229
296
391
450
439
454
481
504
572
666
730
675
528
321
157
171
276
325
245
79
-147
-440
-606
-613
-573
-581
-673
-765
-927
-1102
-1303
-1454
-1371
-1203
-1073
-1094
-1156
-1153
-1221
-1231
-1121
-900
-678
-574
-447
-352
-284
-196
-138
19
295
627
783
748
756
783
839
928
1086
1244
1270
1224
1130
1013
908
848
852
906
968
892
683
471
361
336
310
303
322
289
153
-18
-122
-156
-162
-181
-157
-55
14
-69
-268
-379
-334
-261
-201
-103
5
8
-92
-206
-254
-196
-74
31
82
102
63
-60
-165
-146
-53
26
87
114
79
-9
-100
-145
-122
-70
-39
-18
29
59
-4
-151
-271
-258
-170
-154
-209
-173
-120
-251
-456
-511
-418
-409
-487
-434
-301
-261
-356
-423
-393
-360
-354
-322
-198
-112
-89
-35
21
35
3
26
55
41
48
100
138
97
85
103
79
28
42
138
166
115
80
98
125
113
129
195
239
209
182
278
367
356
334
324
280
211
238
350
398
385
354
312
267
232
243
269
261
221
188
151
128
113
88
84
42
-23
-37
-37
-88
-163
-153
-118
-157
-221
-207
-148
-215
-309
-295
-277
-311
-331
-278
-201
-185
-223
-237
-235
-241
-230
-193
-124
-81
-106
-130
-84
-43
-59
-26
35
22
-9
-13
3
21
18
46
69
41
27
37
10
-20
-6
8
24
62
83
85
31
-32
-10
12
25
86
124
85
29
-19
-53
-33
0
23
36
9
-8
-42
-104
-103
-65
-56
-48
-14
-10
-11
5
-26
-42
-21
-3
-2
-5
49
78
12
-34
7
6
-53
-15
24
-27
-29
-6
-24
-63
-72
-28
-71
-98
47
167
143
149
211
236
299
405
479
578
641
654
673
685
754
773
719
797
878
778
684
669
571
447
430
396
313
249
158
24
-147
-277
-334
-451
-585
-590
-609
-781
-892
-937
-1037
-1062
-1060
-1113
-1141
-1163
-1207
-1255
-1289
-1286
-1250
-1291
-1288
-1157
-1162
-1201
-1142
-1111
-1083
-1002
-868
-713
-598
-499
-372
-268
-171
-8
144
261
451
597
645
732
787
817
924
1032
1110
1142
1095
1061
1060
1022
1041
1053
956
951
960
876
846
784
656
603
618
624
616
543
421
348
249
228
274
157
65
54
-7
-17
-46
-125
-175
-219
-221
-176
-157
-178
-195
-200
-181
-105
-67
-105
-130
-148
-144
-84
-49
-44
-24
-16
-8
27
5
-58
-58
-47
-8
63
35
-50
-116
-192
-211
-172
-192
-217
-258
-334
-353
-394
-456
-470
-488
-495
-472
-468
-512
-558
-581
-560
-499
-466
-446
-422
-434
-419
-359
-318
-254
-193
-162
-119
-94
-71
-22
29
81
140
170
183
209
223
244
289
322
361
400
405
427
457
461
477
473
457
465
445
391
350
304
260
246
225
192
142
71
0
-43
-78
-97
-80
-67
-65
-76
-112
-151
-168
-170
-154
-119
-93
-77
-76
-104
-128
-119
-92
-45
8
32
45
42
15
7
21
33
57
73
74
56
4
-57
-81
-69
-17
42
76
73
34
-13
-45
-25
37
102
145
144
116
67
23
14
44
101
160
194
185
148
101
68
72
111
155
176
168
118
44
-32
-108
-143
-128
-85
-47
-69
-144
-238
-318
-340
-305
-264
-239
-227
-241
-261
-279
-301
-305
-282
-224
-157
-120
-137
-169
-177
-147
-58
25
59
55
35
28
48
70
83
100
118
147
168
153
124
99
94
135
182
212
217
195
174
166
169
185
192
195
204
210
212
202
181
151
130
132
138
140
114
66
26
-13
-39
-63
-97
-132
-173
-199
-220
-243
-262
-283
-296
-296
-302
-306
-300
-290
-267
-234
-203
-179
-145
-103
-65
-41
-36
-29
-1
36
79
107
107
103
107
125
163
202
222
221
204
209
241
286
339
373
373
345
313
306
332
364
391
383
337
282
225
192
188
190
176
127
58
-21
-91
-121
-125
-132
-160
-199
-239
-285
-319
-342
-351
-349
-342
-324
-311
-318
-319
-327
-338
-323
-291
-233
-170
-134
-123
-133
-138
-116
-69
7
95
147
151
132
102
97
128
166
198
213
198
165
120
81
70
66
56
49
30
-9
-54
-91
-121
-131
-135
-146
-142
-146
-156
-165
-171
-160
-134
-107
-76
-57
-45
-29
-5
20
48
87
110
118
124
123
120
117
120
130
126
115
105
82
61
46
39
39
41
42
43
44
35
28
27
29
29
35
60
84
107
121
112
100
85
74
87
112
133
150
151
134
108
92
79
67
67
65
67
62
46
26
-8
-40
-60
-62
-45
-24
-17
-36
-73
-114
-137
-137
-108
-66
-45
-35
-48
-70
-74
-71
-57
-36
-25
-28
-35
-37
-26
-33
-54
-83
-114
-128
-131
-121
-113
-123
-151
-197
-235
-248
-236
-206
-182
-174
-183
-206
-219
-207
-170
-128
-97
-87
-104
-117
-111
-87
-49
-2
38
49
59
76
91
115
132
148
163
181
208
229
234
238
235
235
239
247
265
273
267
242
197
163
154
159
173
184
159
117
73
32
15
21
37
45
38
21
-6
-37
-57
-69
-62
-46
-33
-20
-23
-43
-76
-97
-100
-85
-60
-33
-14
-22
-39
-58
-69
-57
-30
4
30
34
17
-5
-16
-25
-17
-4
-1
-10
-18
-30
-43
-45
-54
-62
-78
-85
-85
-104
-117
-135
-150
-158
-164
-159
-153
-152
-168
-193
-219
-223
-200
-180
-151
-144
-135
-121
-119
-101
-82
-41
-18
-1
22
43
79
98
128
154
168
184
189
214
223
234
239
215
208
191
182
183
177
177
153
140
117
100
112
111
137
145
151
156
148
164
164
187
196
203
200
169
153
114
102
87
65
47
6
-19
-61
-94
-128
-145
-142
-158
-150
-157
-159
-160
-172
-163
-161
-138
-126
-118
-113
-120
-111
-125
-119
-112
-111
-94
-87
-73
-84
-86
-103
-107
-74
-80
-54
-63
-74
-52
-58
-36
-31
-28
-44
-38
-9
-11
15
-1
-21
-13
-29
2
22
19
16
12
22
35
75
66
69
74
53
92
108
125
130
105
96
94
114
125
142
116
73
69
35
47
64
41
29
-3
-28
-18
7
7
12
3
-28
-16
-12
-22
-23
-36
-44
-40
-40
-38
-28
-43
-62
-52
-45
-30
-16
-29
-43
-47
-63
-64
-38
-32
-25
-18
-35
-29
-24
-24
-6
-10
-12
0
4
3
16
15
1
17
16
14
32
22
15
18
21
26
44
49
41
44
25
28
37
32
43
30
22
18
21
29
28
23
-3
3
-4
-13
14
2
5
10
-4
3
-6
-3
-8
-8
-6
-11
8
-5
-11
-14
-36
-21
-37
-39
-24
-34
-39
-56
-52
-54
-50
-43
-48
-32
-45
-47
-31
-40
-34
-42
-38
-29
-22
-12
-26
-16
-19
-15
-3
-3
11
9
7
13
21
29
38
44
42
45
41
41
40
34
38
55
73
69
65
62
54
63
67
84
84
62
56
51
69
73
68
59
49
49
39
49
48
33
21
-1
-1
11
11
-13
-29
-42
-48
-37
-56
-61
-68
-92
-96
-99
-84
-80
-90
-104
-106
-94
-94
-79
-74
-82
-75
-77
-70
-59
-54
-53
-53
-41
-35
-13
3
14
29
27
33
38
47
56
61
50
50
63
52
58
61
52
56
52
48
52
46
41
44
34
33
39
34
25
16
5
2
0
-4
-1
-7
-6
-15
-26
-29
-35
-34
-44
-34
-33
-38
-36
-38
-26
-36
-27
-15
-23
-8
-14
-1
3
6
20
15
29
24
34
36
34
45
34
45
47
45
45
39
44
40
41
33
28
18
11
12
-8
-10
-7
-11
-12
-20
-21
-25
-34
-44
-50
-54
-66
-68
-76
-83
-90
-87
-84
-90
-78
-70
-60
-58
-55
-39
-30
-16
-3
15
27
33
39
46
62
64
79
87
88
89
81
87
84
82
92
97
89
68
62
50
30
26
31
41
36
22
16
0
-14
-13
1
5
0
3
4
-12
-32
-43
-46
-38
-40
-28
-23
-31
-33
-47
-54
-63
-59
-39
-27
-29
-35
-36
-47
-54
-42
-15
0
-2
7
8
-12
-17
-7
9
14
17
20
8
-16
-36
-38
-36
-32
-34
-34
-47
-72
-77
-87
-83
-70
-53
-53
-65
-63
-76
-75
-70
-61
-29
-22
-14
-14
-14
-6
-2
19
45
71
79
83
92
81
92
101
117
131
128
142
128
125
124
122
141
132
136
125
108
104
80
84
74
72
83
70
73
51
43
33
15
26
17
27
22
20
7
-18
-20
-35
-32
-32
-39
-37
-46
-51
-59
-58
-51
-53
-52
-55
-46
-46
-50
-42
-55
-53
-66
-69
-66
-81
-80
-86
-88
-93
-100
-111
-135
-138
-143
-132
-120
-124
-113
-116
-112
-109
-104
-87
-65
-43
-33
-25
-17
-15
1
14
20
33
36
39
33
28
31
29
30
26
35
34
32
37
23
30
37
40
52
51
64
55
47
48
47
56
58
76
78
71
72
61
70
80
91
98
102
102
98
90
82
79
81
83
90
93
79
77
69
50
45
44
45
50
37
17
5
-14
-24
-19
-19
-14
-15
-31
-46
-53
-63
-72
-61
-58
-52
-46
-53
-57
-64
-78
-81
-74
-70
-51
-47
-56
-55
-66
-68
-56
-49
-26
-7
-14
-14
-16
-28
-29
-19
-10
5
16
4
4
-1
-19
-13
-18
-21
-9
-11
-16
-15
-28
-34
-31
-38
-40
-38
-39
-39
-35
-37
-35
-22
-15
-1
1
1
14
16
18
27
37
41
48
52
53
56
45
46
58
57
63
59
51
50
45
38
39
36
31
35
26
24
22
13
1
-16
-15
-16
-12
-9
-9
-8
-14
-20
-24
-16
-17
-16
-6
-5
-3
-6
-8
-7
-12
-5
7
7
9
9
4
0
3
0
2
5
0
0
-7
-6
-4
0
-2
0
7
2
6
-3
-4
-3
-17
-14
-8
-4
-6
-16
-18
-14
-10
-6
8
8
1
-3
-12
-13
-19
-17
-9
-8
-6
-5
-3
-16
-20
-23
-25
-11
-4
5
11
8
7
3
4
9
14
26
27
16
8
3
5
1
4
15
10
3
4
-1
-1
5
10
14
10
4
4
-1
-7
-9
-6
4
13
18
14
-1
-9
-17
-20
-14
-4
6
6
3
-8
-21
-22
-27
-34
-22
-9
-7
-9
-16
-17
-20
-13
1
6
10
13
16
15
13
17
15
19
18
16
16
8
7
4
4
5
5
7
8
8
5
8
6
0
5
8
15
16
11
8
4
2
5
13
13
10
13
1
-3
-5
-7
-4
-9
-13
-7
-5
-6
-4
-5
-10
-13
-7
0
-3
4
-1
-6
-5
-10
-3
-8
0
3
-5
-7
-10
-8
-11
-9
-11
-13
-4
-3
-2
-1
-7
-6
-4
-7
-4
-2
-3
2
-2
-1
2
-3
1
2
4
3
-2
0
-4
2
11
16
17
10
5
7
2
-1
5
0
1
1
0
1
-4
-11
-10
-9
-10
-3
2
7
10
2
-2
2
-2
0
6
0
2
5
1
-1
-1
2
4
6
9
13
13
6
9
13
12
14
12
12
6
