3
-3
-38
-46
-71
-65
-18
-12
-2
-24
-63
-67
-95
-69
-36
-25
14
-25
-58
-79
-122
-91
-80
-39
10
-18
-19
-67
-115
-97
-86
-15
49
67
89
35
-23
-78
-130
-89
-36
43
118
126
126
74
11
-36
-66
-46
-17
22
60
87
111
104
79
48
12
3
10
26
38
34
33
49
92
139
150
113
37
-26
-42
-28
11
39
38
36
14
-4
-18
-38
-53
-88
-81
-46
-14
15
-18
-62
-113
-143
-120
-94
-43
-11
-8
-11
-40
-64
-77
-77
-19
50
111
127
75
17
-40
-61
-48
-36
-15
-7
-4
-7
-3
12
10
-25
-71
-92
-79
-60
-43
-24
10
41
54
58
47
41
32
36
80
117
163
165
137
121
77
56
16
-27
-33
-51
-44
-28
8
57
43
13
-42
-104
-116
-115
-73
-23
-9
1
-31
-57
-73
-109
-97
-89
-67
-21
4
44
50
34
22
3
18
39
53
51
29
24
18
22
32
30
28
21
34
46
60
69
57
58
28
12
6
-7
18
4
-3
-2
-15
12
8
-5
-31
-80
-73
-68
-38
5
11
27
-3
-31
-35
-60
-43
-42
-36
-16
-30
-20
-19
-18
-2
-14
-5
-8
-11
-8
-33
-31
-37
-37
-16
-26
-25
-42
-62
-36
-29
1
33
36
47
26
23
35
11
22
21
37
72
66
98
104
98
94
45
44
20
8
38
41
77
75
54
42
-5
-22
-35
-38
-7
10
18
4
-28
-47
-64
-85
-71
-55
-39
-27
-30
-4
2
7
4
-19
-29
-45
-53
-44
-26
-8
10
13
11
20
18
10
-3
-9
-11
-25
-40
-47
-48
-51
-63
-74
-79
-70
-44
-14
15
37
43
25
-22
-48
-45
-17
15
25
35
37
23
13
13
26
53
73
82
83
71
63
43
31
36
33
24
2
-4
10
25
51
78
100
112
103
89
70
38
1
-26
-24
-10
-3
-12
-41
-62
-70
-56
-3
49
73
60
13
-30
-63
-100
-106
-99
-85
-72
-93
-97
-107
-108
-79
-57
-16
-10
-25
-26
-32
-26
-44
-63
-46
-34
-18
-34
-67
-70
-71
-38
11
43
59
26
-1
5
34
79
89
69
25
-21
-41
-55
-32
22
79
140
189
212
194
131
65
29
16
29
21
9
11
12
41
53
46
43
22
37
50
53
57
29
16
2
-35
-71
-101
-112
-101
-93
-81
-68
-56
-21
7
41
50
3
-43
-87
-89
-74
-103
-114
-103
-72
-44
-38
-18
-15
-30
-36
-14
40
82
103
104
101
81
15
-46
-89
-85
-37
-1
76
118
94
37
-68
-80
-53
-23
38
55
65
9
-117
-178
-204
-154
-59
9
101
125
97
35
-52
-53
-36
0
77
123
161
120
40
-5
-40
-14
23
55
91
85
94
112
119
124
67
-13
-96
-166
-171
-145
-67
36
106
150
158
136
116
79
43
12
-14
15
85
181
263
258
146
-35
-217
-299
-267
-147
-13
37
24
-49
-159
-274
-397
-473
-478
-414
-240
-14
178
268
230
102
-27
-84
-51
10
40
42
5
-13
-11
12
50
51
30
-1
0
43
106
175
205
175
97
-12
-118
-191
-224
-201
-134
-51
32
62
33
-49
-144
-163
-123
-24
90
162
207
189
121
61
6
-11
-9
13
87
146
202
222
175
112
28
-32
-53
-45
9
72
122
136
85
-24
-137
-211
-200
-126
-24
73
118
142
147
145
137
91
28
-46
-103
-119
-122
-97
-65
-50
-41
-60
-77
-78
-58
-13
7
8
-22
-58
-52
-23
24
33
-4
-66
-146
-179
-177
-161
-138
-120
-87
-36
6
17
10
-13
-6
32
88
156
193
191
151
88
46
17
8
26
46
73
74
46
11
-26
-33
-27
5
54
75
78
59
30
22
2
-21
-35
-58
-59
-50
-21
16
14
-3
-23
-27
-17
-22
-39
-61
-82
-88
-95
-99
-102
-86
-49
-22
33
84
91
70
34
37
49
51
40
22
2
-26
-39
-30
-1
14
16
28
37
35
20
-4
-17
-15
-19
-10
14
38
35
-3
-21
-15
-4
7
7
8
-17
-40
-32
-1
30
21
5
2
9
34
51
74
84
64
41
18
11
31
43
56
45
11
-5
-44
-74
-106
-139
-132
-119
-76
-36
-12
15
-11
-53
-82
-72
-14
33
66
74
72
73
61
61
60
63
64
39
10
-5
-14
-19
-39
-59
-66
-82
-77
-81
-73
-33
-12
5
5
-8
0
-6
-10
-10
1
44
86
109
111
96
78
43
10
2
-5
-4
-21
-60
-66
-70
-39
5
22
34
4
-48
-101
-140
-107
-48
23
74
64
55
10
-21
-19
-15
52
96
114
108
43
12
-8
3
55
85
111
108
62
26
-18
-45
-37
-34
-14
-7
-8
-1
-6
-3
-3
11
40
55
61
33
-4
-32
-54
-57
-72
-88
-118
-155
-169
-169
-145
-112
-96
-101
-126
-142
-118
-60
17
94
141
140
103
45
-14
-60
-80
-85
-75
-56
-18
31
85
125
127
95
37
-13
-34
-28
15
56
95
125
131
137
126
107
90
66
61
57
51
50
37
27
-7
-38
-54
-79
-76
-87
-91
-72
-53
-6
7
-2
-21
-79
-114
-141
-154
-131
-114
-56
11
52
79
55
44
36
25
40
28
26
32
33
48
50
50
34
23
29
38
61
68
70
72
56
51
46
27
-2
-54
-86
-104
-107
-89
-79
-49
-20
-1
20
16
10
-1
-12
3
14
26
23
7
-8
-38
-56
-54
-52
-44
-22
-2
11
4
-9
-13
-14
-3
-1
-1
-14
-37
-38
-35
-22
4
17
10
0
-6
10
35
41
39
27
11
12
6
11
20
17
38
42
57
66
57
65
45
44
50
39
32
1
-16
-20
-22
-12
-20
-31
-38
-56
-41
-38
-50
-51
-54
-35
-27
-35
-55
-80
-82
-69
-24
37
82
102
99
90
79
59
41
19
3
-2
-15
-15
-21
-23
-12
-8
13
6
-8
-10
-31
-31
-27
-18
3
-9
-14
1
13
38
34
12
15
2
2
-10
-30
-16
-19
-4
-1
-25
-27
-56
-62
-40
-27
15
12
6
31
40
69
53
15
6
-3
14
19
14
16
-21
-31
-30
-11
35
41
57
46
34
30
-16
-27
-30
-15
18
5
-7
-40
-69
-72
-86
-84
-78
-44
7
45
92
96
75
56
40
80
118
134
136
113
90
45
-3
-41
-70
-85
-118
-154
-164
-156
-130
-101
-80
-52
-39
-56
-71
-84
-60
-6
34
66
61
27
-17
-65
-81
-74
-56
-19
9
48
86
107
133
148
159
165
172
194
201
178
128
64
-4
-57
-89
-109
-97
-83
-60
-19
9
52
76
74
62
26
20
18
9
8
-18
-53
-101
-165
-179
-165
-135
-88
-78
-62
-70
-98
-104
-141
-154
-160
-173
-143
-138
-119
-97
-81
-17
12
50
92
105
150
171
207
242
213
185
124
92
98
107
182
222
255
281
268
308
329
366
400
366
320
194
78
0
-100
-135
-172
-178
-152
-187
-207
-262
-342
-387
-478
-536
-541
-559
-507
-493
-510
-518
-562
-499
-355
-128
182
379
525
562
532
561
534
542
491
375
302
191
153
110
-12
-161
-415
-578
-618
-549
-354
-256
-224
-273
-331
-270
-233
-171
-148
-175
-110
-27
116
222
191
117
-15
-36
75
211
380
411
365
340
318
404
467
476
455
368
320
275
231
198
89
-16
-120
-220
-227
-224
-162
-47
48
184
256
284
301
243
231
230
223
240
173
96
3
-105
-137
-162
-163
-168
-224
-224
-195
-119
-26
-25
-54
-146
-257
-308
-320
-262
-248
-289
-351
-423
-421
-423
-407
-365
-344
-282
-207
-110
-22
-18
-53
-130
-171
-122
-38
91
163
146
91
12
34
130
252
365
365
298
188
90
87
147
240
293
291
277
262
269
277
278
263
234
244
274
300
274
138
-31
-165
-198
-124
-7
105
156
172
176
142
76
-51
-217
-369
-451
-416
-332
-269
-276
-367
-442
-438
-319
-115
77
231
340
444
561
699
769
723
609
459
346
280
192
67
-116
-283
-378
-399
-380
-431
-567
-760
-906
-927
-819
-636
-472
-355
-279
-206
-130
-74
-73
-137
-211
-225
-147
27
204
288
258
166
138
227
382
519
532
426
289
223
293
402
456
399
227
47
-91
-133
-102
-61
-3
30
101
203
301
377
354
303
246
209
249
271
280
239
125
34
-74
-128
-152
-230
-263
-312
-311
-259
-286
-261
-286
-355
-373
-459
-448
-442
-467
-412
-448
-427
-416
-475
-418
-427
-360
-237
-198
-37
12
38
60
-79
-103
-149
-107
83
182
354
430
452
571
591
645
614
472
431
381
446
557
546
497
297
87
-22
-94
-13
56
60
70
-5
-17
-27
-60
-50
-133
-198
-235
-243
-145
-102
-105
-161
-285
-326
-305
-188
-20
67
73
-21
-122
-140
-112
-38
-5
-39
-82
-140
-136
-70
-5
76
107
123
187
230
297
332
313
334
333
371
423
411
384
268
135
22
-128
-243
-371
-471
-483
-480
-429
-384
-376
-370
-374
-330
-256
-195
-169
-205
-255
-286
-278
-255
-227
-192
-165
-116
-65
-3
95
174
258
316
358
400
372
340
284
211
202
188
206
210
150
116
62
70
142
213
306
305
249
161
40
-3
-36
-27
-10
-44
-55
-123
-183
-215
-251
-217
-192
-166
-119
-117
-80
-65
-77
-67
-137
-197
-280
-381
-377
-368
-270
-130
-38
94
129
142
141
78
85
65
77
148
176
240
249
227
214
180
186
181
185
201
182
161
101
23
-25
-80
-98
-113
-122
-100
-111
-82
-50
-16
44
47
63
43
4
17
-6
29
47
35
59
-2
-37
-97
-164
-118
-85
32
123
109
66
-103
-205
-246
-246
-110
-63
-45
-94
-272
-361
-446
-431
-302
-213
-60
3
-17
-11
-80
-31
89
210
440
535
607
637
533
568
543
579
662
544
465
212
-58
-223
-421
-383
-328
-252
-151
-214
-284
-428
-609
-667
-702
-654
-544
-507
-454
-497
-577
-598
-622
-516
-375
-201
13
147
275
304
272
226
136
133
178
315
500
632
763
798
787
734
610
530
437
407
423
443
534
563
576
522
392
313
210
150
99
-7
-63
-177
-276
-332
-407
-399
-434
-490
-495
-564
-544
-530
-547
-475
-521
-543
-607
-730
-680
-640
-479
-271
-158
12
36
17
6
-84
-26
-19
-52
-27
-127
-105
-89
-83
102
207
387
502
462
525
467
471
490
386
382
272
156
96
-33
0
52
60
112
23
7
37
55
190
246
320
348
226
127
-28
-113
-101
-100
-48
-35
-21
6
-13
7
7
21
55
6
-37
-142
-232
-268
-296
-213
-168
-111
-78
-145
-174
-241
-221
-119
-25
127
177
197
179
69
22
-35
-38
30
59
145
182
177
154
26
-62
-128
-180
-151
-160
-140
-120
-164
-168
-197
-162
-92
-73
-37
-66
-82
-56
-67
-14
8
3
-10
-113
-164
-179
-147
-29
67
177
260
281
292
240
204
202
195
215
204
190
188
171
170
163
167
171
137
91
48
29
58
108
141
145
100
12
-94
-205
-251
-252
-226
-180
-183
-190
-216
-267
-300
-339
-340
-293
-230
-137
-47
20
57
58
27
6
4
16
50
65
87
100
93
100
61
50
26
-25
-29
-65
-59
-15
21
104
152
168
149
56
-5
-75
-98
-71
-47
42
101
130
153
132
130
108
77
70
48
80
102
115
116
55
4
-91
-147
-147
-120
-26
29
97
105
33
-17
-140
-196
-221
-226
-169
-190
-168
-181
-240
-207
-233
-173
-91
-74
4
-42
-69
-81
-139
-64
-51
-2
66
-2
37
13
58
240
336
567
684
734
808
671
648
614
542
598
485
403
302
85
3
-160
-236
-202
-228
-124
-134
-190
-231
-417
-487
-587
-635
-531
-557
-511
-548
-704
-751
-940
-996
-978
-988
-797
-732
-592
-455
-463
-341
-368
-344
-239
-208
5
113
212
319
255
273
207
176
265
311
499
641
731
831
791
802
805
798
887
898
912
910
806
783
707
644
630
495
446
345
231
241
132
162
207
221
341
270
215
68
-156
-193
-312
-324
-311
-406
-338
-389
-422
-446
-658
-739
-888
-944
-863
-907
-812
-796
-774
-630
-635
-588
-639
-738
-686
-673
-539
-445
-402
-283
-227
-89
-11
11
16
-21
47
115
227
318
361
447
505
587
615
567
514
439
448
490
554
617
599
580
491
430
307
169
86
2
93
148
223
253
135
76
-60
-119
-130
-163
-85
-60
-7
11
-44
-79
-144
-157
-108
-33
55
126
158
196
264
336
465
546
622
653
583
514
361
290
260
292
366
316
230
-27
-306
-561
-747
-751
-719
-581
-528
-570
-696
-958
-1121
-1256
-1209
-1049
-912
-755
-762
-747
-755
-723
-572
-459
-268
-178
-151
-140
-187
-106
20
210
438
544
584
477
333
265
257
432
642
857
974
927
812
622
474
438
474
578
670
663
632
480
373
288
196
227
142
153
92
14
41
-59
23
-6
-31
-29
-166
-157
-214
-194
-106
-109
-57
-78
-178
-179
-259
-219
-136
-164
-52
-172
-196
-267
-366
-278
-326
-222
-246
-266
-316
-381
-385
-356
-255
-250
-149
-263
-240
-299
-320
-151
-182
57
35
58
74
-69
7
-73
15
108
186
340
342
368
332
276
281
260
281
303
295
328
287
280
257
180
181
79
44
-9
-72
-39
-97
-40
-46
-51
-23
-112
-128
-190
-186
-129
-78
58
131
174
147
49
-30
-68
-33
12
116
167
204
158
37
6
-96
-96
-137
-147
-61
-59
19
-10
-7
-37
-110
-124
-130
-26
57
72
4
-60
-121
-131
-136
-147
-126
-174
-192
-261
-214
-119
-79
-67
-144
-142
-133
-87
-83
-73
-30
-20
-2
-17
24
30
58
72
96
209
290
303
233
165
176
247
320
390
380
386
295
145
94
21
78
70
22
23
-1
46
-59
-114
-159
-224
-146
-152
-89
-51
-59
-118
-214
-244
-284
-245
-193
-120
-31
36
61
8
36
7
23
88
49
94
73
55
50
11
22
-20
-8
-22
-71
-35
-58
-67
-24
-51
-11
25
21
-5
-48
-41
-96
-70
-20
-8
114
133
88
100
46
-15
-28
-35
-26
4
60
-8
-81
-89
-199
-188
-139
-102
-31
23
66
29
62
54
72
180
176
182
158
119
133
186
243
315
394
414
401
363
319
246
247
174
82
15
-145
-210
-344
-398
-407
-447
-375
-327
-290
-212
-109
-74
8
40
-26
-117
-217
-284
-354
-338
-301
-281
-214
-147
-216
-200
-175
-136
24
-64
61
-19
-105
21
-356
-330
-373
-399
-231
-189
46
28
288
345
286
495
574
608
776
946
706
931
851
743
939
608
572
330
350
238
3
219
9
58
14
-369
-586
-732
-805
-786
-696
-561
-447
-438
-505
-623
-741
-801
-653
-450
-438
-287
-180
-271
-162
-133
39
128
409
641
468
573
489
492
476
506
609
440
479
412
342
263
265
446
184
373
381
-49
23
-200
-162
-346
-289
-195
-634
-480
-692
-731
-753
-510
-394
-584
-308
-565
-623
-672
-487
-425
-347
-87
-231
-203
-259
-104
-144
40
356
411
621
831
936
1115
1207
1309
1452
1296
1446
1235
1077
898
495
271
-259
-502
-781
-1081
-1169
-1151
-1162
-1030
-912
-709
-437
-443
-90
-86
-37
69
-136
-209
-349
-327
-526
-407
-193
-226
-8
4
125
353
525
565
550
629
497
328
179
-83
-303
-360
-667
-678
-543
-556
-308
-273
32
322
493
676
803
1118
1178
1332
1203
1090
1122
824
667
457
436
309
112
59
-230
-212
-268
-565
-445
-498
-551
-484
-819
-742
-698
-885
-1004
-1145
-1033
-1248
-1136
-1161
-1238
-833
-760
-751
-724
-257
-205
-114
126
-24
342
449
428
327
522
639
425
470
414
657
765
898
749
764
984
734
603
502
625
457
400
444
290
458
478
189
150
67
-190
-353
-689
-597
-941
-1190
-1231
-1454
-1056
-1002
-617
-224
435
1230
1467
2005
2337
2590
2528
2355
2105
1738
1517
718
-90
-727
-1407
-1965
-2499
-2852
-3091
-3065
-2965
-2724
-2195
-1608
-946
-563
-127
181
372
653
562
289
18
-264
-553
-602
-554
-258
249
763
1335
1710
2189
2486
2473
2286
1821
1256
608
46
-477
-911
-1198
-1335
-1397
-1301
-1079
-970
-629
-313
23
311
513
823
899
1018
904
728
779
547
471
538
538
879
977
831
638
475
427
41
-154
-390
-662
-583
-731
-994
-1169
-1166
-1139
-1259
-1249
-1432
-1487
-909
-470
-94
226
299
454
522
583
472
233
353
533
571
563
241
-89
-308
-267
-216
-527
-426
-484
-524
-506
-859
-899
-959
-666
-414
-353
-96
-100
-25
7
70
-102
-425
-560
-772
-703
-750
-509
381
1454
2651
3172
3561
4320
4947
5351
5003
4461
3969
3181
1891
21
-1682
-3290
-4671
-6121
-7091
-7203
-7051
-6424
-6272
-5512
-4104
-2728
-1256
-584
233
830
1202
1447
1227
1417
1677
1793
1851
2226
2982
3827
4431
4647
4974
5203
5311
4857
3966
3103
1698
241
-1276
-2365
-2829
-3485
-3939
-4261
-3974
-3211
-2585
-1837
-1137
-366
179
293
693
1187
1498
1567
1135
1220
1525
1842
1979
1644
1773
1516
1400
1040
487
369
-346
-951
-1913
-2642
-2973
-3528
-3951
-4507
-4616
-4301
-3997
-3750
-3298
-2606
-1601
-615
153
1265
2207
2804
3067
3102
3664
4115
3939
3372
2508
2179
1873
1216
688
123
-47
-245
-648
-853
-1082
-1563
-2115
-2588
-2399
-1938
-1865
-1772
-2082
-1966
-2207
-2316
-1243
580
3367
4582
5214
5669
6597
8043
7416
6403
4596
3513
2438
49
-2072
-4768
-6582
-8871
-11043
-11773
-11304
-9855
-9200
-8271
-6809
-3906
-1167
593
2175
3056
4581
4851
4967
5430
5720
6433
5773
5409
5541
6055
6468
5829
5159
4678
4305
3225
1600
-315
-1857
-3466
-5141
-6036
-6342
-5676
-5492
-5407
-4811
-3560
-1578
-263
833
1612
2423
3019
3183
3722
4466
5366
5445
5088
4665
4333
3878
2458
1057
-277
-1173
-2088
-3438
-4544
-5547
-6110
-6641
-6674
-6084
-5149
-4266
-4046
-3667
-2956
-1769
-664
0
724
1867
3256
4355
5273
5876
6661
6787
6023
5225
4008
2991
1214
-1141
-2760
-4208
-5147
-6127
-7255
-7287
-7210
-7042
-6197
-5316
-3491
-2369
-2145
-1645
-1628
-1328
-1206
-7
3278
7262
9724
10581
11299
12696
14099
12284
9212
6046
3794
1929
-2280
-6251
-9987
-12691
-14950
-17116
-16961
-15095
-12298
-10173
-7886
-4418
252
4352
6529
8103
9294
10997
11641
11105
10820
10467
10360
9125
7318
6541
6370
5800
3865
1029
-951
-2290
-4369
-6668
-9074
-10122
-10479
-11450
-11135
-9923
-7143
-4456
-2921
-389
2338
5240
6714
6709
7204
7381
6961
5827
4940
5499
5779
4763
2948
1369
816
-462
-2725
-5433
-7654
-8973
-10560
-11604
-11942
-10801
-8808
-7271
-5476
-3553
-725
1857
3068
3839
4565
5836
6720
6692
6726
7297
7938
8123
7801
7643
7775
6554
4299
1502
-648
-2145
-4775
-7245
-9273
-9510
-9164
-9082
-7885
-6344
-3592
-2356
-1700
-723
-51
992
-607
-1469
268
5121
11133
12878
12600
12248
13511
14207
10968
6232
1535
-1730
-5506
-10097
-13702
-16397
-18128
-21137
-22599
-21161
-16736
-11196
-8100
-4493
-866
4459
9094
11689
14111
14519
15220
14156
13385
13503
13183
12412
8671
5167
2505
1330
-515
-4337
-7729
-10310
-11178
-12600
-13423
-12994
-11711
-9993
-9008
-6180
-1519
4267
8755
11151
13200
15303
16946
16085
13739
10854
8311
5297
2127
912
1201
1801
-165
-3118
-5554
-6820
-7975
-10604
-12615
-14089
-13734
-12951
-11461
-8644
-5648
-2268
-257
1806
3716
5645
6720
5915
4640
3453
3763
4028
3801
3162
2983
3539
3417
3166
2633
2879
2005
-693
-3230
-5066
-4296
-4509
-5455
-5184
-4343
-933
215
1155
2226
1702
1736
-1406
-2537
-1596
1515
7269
10375
12202
11311
10445
10239
8309
4204
-1493
-5781
-8587
-10239
-12995
-15338
-17484
-19765
-20909
-21210
-17671
-12740
-7882
-3588
79
5576
11374
16215
19174
20094
20018
19041
16910
14345
11190
7484
3626
-717
-4116
-6330
-7317
-8057
-9443
-11122
-12297
-12141
-11490
-10108
-9129
-7646
-5685
-3677
-158
4115
9633
14382
17236
17780
17254
16212
13881
11040
6153
2740
-827
-3609
-3522
-3972
-2646
-4298
-6739
-7710
-8806
-7437
-7685
-7038
-5592
-4143
-1168
1145
3961
5628
5187
3686
1377
-544
-1624
-3012
-3792
-4024
-3735
-1715
198
2795
4742
4978
4504
2367
248
-1666
-3841
-5718
-7183
-7316
-5536
-3078
-923
727
2065
3152
3286
2180
398
-1103
-3136
-3115
386
6953
13482
14213
12712
11208
10936
9588
3249
-2795
-7086
-9154
-11036
-14817
-17015
-18129
-18829
-19873
-20087
-16900
-11187
-5312
-1260
2576
7300
13363
18509
21069
21527
19747
17672
14265
10899
7863
5092
2302
-2464
-6302
-8255
-7276
-6605
-8066
-9964
-11150
-10109
-9628
-8567
-6547
-3509
94
2093
4932
9169
13815
17125
15972
12172
8753
4786
2040
-1405
-4649
-5437
-7791
-6665
-4215
-1292
1645
-1390
-3291
-5631
-6389
-4854
-5004
-2406
-839
1565
5050
7585
9965
9564
7175
3379
-1121
-4906
-6686
-7611
-7688
-7569
-6947
-3769
-322
3173
5131
4976
4697
2963
1442
841
-468
-1114
-2822
-3544
-2018
-866
913
100
-657
-1603
-3937
-4671
-3070
6290
14684
16623
12504
7854
11156
11218
6729
-1786
-7936
-7017
-9245
-11304
-14342
-15664
-16434
-21141
-22838
-20751
-12891
-5433
-1495
1216
4738
11477
15913
18496
17522
14916
11866
7511
4988
1745
368
-985
-3423
-6035
-7915
-5155
-2346
-2411
-5524
-7840
-6294
-3900
-1792
755
4831
8127
8780
9029
12263
17324
18747
14805
8348
3324
730
-2731
-6577
-8567
-9468
-9444
-10781
-9062
-3157
385
247
-4656
-7147
-5740
-3868
-741
1372
4498
6305
6790
7861
8570
7956
4370
-286
-4877
-7359
-8033
-6984
-5403
-5445
-4866
-3261
-806
2016
2956
2877
2781
1023
784
1159
2903
4733
2955
1913
17
235
-1127
-3809
-5610
-9406
-8387
-6294
3843
13990
15854
14458
6985
7772
6598
1767
-2264
-7766
-4844
-5478
-6813
-8764
-10967
-11141
-16303
-19002
-19086
-12484
-5001
-13
4981
8743
15496
18436
19919
18160
13633
9119
1590
-3074
-6634
-7074
-6525
-8186
-8929
-8763
-5529
-3333
-4220
-6315
-7068
-5229
-3319
-1126
2041
7202
12198
14189
14327
14708
17184
18024
13691
7865
2412
5
-1541
-6060
-7052
-8465
-10168
-10495
-11639
-5597
-2332
-3123
-4277
-7354
-4394
-3420
-2474
196
1407
5045
6367
7786
9419
9378
7511
3028
-2039
-5640
-6852
-7460
-7635
-8832
-8685
-7130
-5087
-1561
-46
2366
3951
3098
4365
4608
7053
9296
6079
5278
2936
2528
3382
-1325
-2435
-4027
2054
12799
15077
12455
2709
476
1367
-2687
-7260
-12606
-8951
-7184
-9371
-12016
-14409
-13067
-17488
-20782
-20534
-13961
-2855
4258
11881
16095
20851
23584
22111
19783
13195
6789
-681
-5588
-7632
-7770
-5150
-4369
-5280
-9818
-11345
-8801
-7031
-7808
-12100
-11445
-6742
-916
5345
10367
16925
19604
17473
14192
12002
13260
11518
6169
1308
-582
1284
1680
756
381
-174
-3073
-7108
-7243
-3974
-1955
-5649
-9555
-9388
-7045
-4322
-3596
-2039
-1360
-2041
-1543
40
2657
3176
2204
901
-1093
-2524
-2495
-1262
-1019
-3187
-5412
-4141
-1306
1314
2341
1404
1793
703
-228
17
-289
1699
433
-1130
-1456
-1732
330
-836
4099
15301
25321
26565
15379
8535
6314
3905
-4233
-14060
-13809
-9458
-6104
-8868
-11494
-11797
-14335
-18670
-22380
-16940
-7722
1635
8492
12821
18378
20932
22183
19362
13471
7007
360
-3706
-7203
-9313
-10225
-9108
-8612
-11277
-14289
-14179
-9854
-7689
-8217
-7061
-1170
6579
10730
12428
14657
17671
16530
11257
6269
5022
4998
1040
-2976
-4014
-1959
-208
-1400
-1806
-1376
-1466
-2505
-2999
1182
6298
7006
3910
357
1150
2139
624
-1533
-5237
-7373
-9242
-9335
-6320
-4319
-2036
-1286
-2199
-3601
-5798
-5052
-2814
-2201
-3066
-3008
867
6095
8782
8888
7262
4093
684
-2579
-3873
-3580
-3351
-2551
-2869
-2349
-643
2251
10261
20340
24892
19605
8904
4619
6572
4327
-2384
-9861
-10144
-6037
-8191
-12432
-17998
-21251
-24636
-29896
-26240
-15671
-1402
10040
17150
23092
25381
26450
24558
20313
12633
2773
-3389
-5515
-3560
-3429
-5085
-6492
-9628
-14172
-20330
-21291
-16654
-12279
-10435
-9048
-1294
10593
19957
22615
20785
19068
15633
10509
6026
5322
5601
2088
-2657
-4403
-1592
-96
-1971
-5747
-9832
-10326
-8693
-2902
4813
8975
9333
5633
2811
1475
250
-437
-2891
-6705
-10231
-10181
-5687
-521
1395
-362
-3279
-5163
-5251
-5429
-5678
-4798
-3298
-1712
224
3774
8385
10040
6673
1602
-2176
-2376
-704
-586
-902
-1568
-2738
-4899
-7913
-6081
5724
20137
23513
13642
3366
3664
7874
6501
380
-3007
18
1385
-2185
-8401
-15496
-21710
-28381
-31931
-26849
-14262
-20
11041
17813
20533
20628
20577
20220
17032
9789
500
-4586
-3670
-359
1442
67
-1872
-5304
-11116
-17789
-20492
-16447
-11509
-8125
-5571
269
10337
17365
18396
15162
12312
10743
8641
7433
8756
10361
7572
735
-5028
-6018
-4419
-5160
-9359
-14486
-15562
-10148
404
10889
15163
12529
7257
2198
-1927
-4553
-5093
-3857
-3466
-4291
-3264
757
5080
4959
-635
-9593
-16530
-17722
-14532
-8806
-3594
742
4774
7554
8327
7351
5242
1103
-3640
-6504
-4100
1858
6367
7724
5690
3215
-235
1940
12455
20261
16420
2066
-6128
-2882
2000
2035
-2380
-1096
1537
70
-6588
-16000
-21856
-27744
-32128
-31212
-21182
-2996
12566
22446
25502
22772
17800
12738
11592
10420
6367
812
-1521
2527
5953
5115
-174
-8145
-15213
-22577
-25765
-22916
-14258
-3886
1647
5621
10872
16655
19683
16110
9570
3975
348
1203
7333
15094
17679
11674
2906
-2684
-4432
-5428
-8713
-12250
-14425
-13284
-6626
4281
14165
15982
10789
3165
-2578
-4760
-5501
-4947
-5323
-6349
-5311
-1621
2735
3438
-240
-6601
-13661
-17521
-16170
-10248
-2514
3618
6330
7342
7915
7703
4889
-940
-6967
-9642
-6484
-326
6224
9812
8740
5214
3461
9564
18382
18933
8067
-4008
-5353
-919
1753
465
1186
4652
4094
-1027
-10445
-19209
-27335
-32599
-29813
-20406
-5733
7297
15630
20415
19065
14128
7047
2577
2703
2372
1495
1698
5195
9554
8912
3533
-5449
-14122
-20162
-22882
-20983
-16521
-9111
41
8535
14406
16091
14082
9126
4339
2742
4681
8777
13046
16863
17909
14221
6826
-320
-4881
-7820
-10530
-13353
-14895
-11755
-4033
5224
11622
11868
7872
2603
-1394
-2659
-1971
-277
1483
3221
4808
6050
4862
-491
-8563
-15597
-19471
-21068
-19292
-14480
-8508
-3694
-775
2472
4688
4551
1339
-2107
-3908
-2909
1800
7021
11068
11324
9354
9220
14044
21734
22518
11595
-3805
-11486
-8724
-2993
683
1855
3391
3295
1097
-5163
-14144
-23730
-31353
-31464
-23535
-9467
4787
14981
21267
23238
19928
10758
1403
-2559
-2124
-239
293
2755
6976
10465
9188
675
-11360
-21077
-24019
-20468
-15318
-9642
-4094
975
4946
6932
6884
3681
-1269
-4267
-3415
1016
8863
19296
26985
26866
19342
9823
3561
-509
-2741
-3930
-4828
-4958
-3217
2072
6627
6041
467
-6960
-10647
-10340
-5995
32
4460
6777
7109
7615
7278
4766
469
-4472
-8389
-11801
-13157
-11945
-9207
-6242
-5160
-5162
-7208
-8623
-7950
-5339
-3019
-3380
-3003
-442
3876
5715
3879
2769
7154
18326
26441
23761
10402
-2742
-6463
-4617
-1189
-1871
-1838
-531
1342
2600
-3918
-14831
-26176
-29855
-22492
-10595
3254
12801
17587
18966
17468
14675
7478
347
-2755
-680
1934
2020
2549
4701
7354
4874
-4641
-15188
-20653
-17525
-11208
-5781
-1659
1840
4873
6030
6441
3956
-1478
-7980
-10218
-5777
1286
8318
12642
13881
11888
6341
1195
-1691
-624
4271
8661
9619
6666
4099
5409
7765
6180
-572
-8706
-13135
-11320
-4991
481
1287
288
1491
3488
2728
-1177
-4382
-5324
-5992
-6031
-5292
-4248
-3292
-2263
-468
-77
-1349
-3087
-4096
-4083
-4244
-4071
-3838
-2593
41
1155
-20
570
7744
18171
22336
14246
823
-6927
-4955
2784
7350
6755
2189
-213
-90
-3915
-13965
-26862
-32545
-27751
-15888
-1616
8930
14077
13721
12194
11058
7321
1886
-2495
-553
6093
13330
17082
15651
11245
6106
-34
-8685
-16054
-17223
-12527
-6403
-2882
-814
-1019
-3282
-4899
-5695
-5891
-7584
-7945
-4494
2376
10161
14960
14528
9680
4566
1259
-75
215
3263
8810
11776
11347
8798
6364
5734
4136
1704
-2289
-6498
-7926
-5794
-2215
-1712
-4012
-5462
-4127
-1886
-883
-1060
-2447
-4331
-6546
-7931
-7952
-7514
-5310
-1427
2314
3519
2327
1597
2124
1983
-227
-3876
-7145
-7310
-4416
-602
3540
8067
12974
15079
10307
833
-7536
-9914
-5079
2959
9232
10180
8768
8300
5641
-3766
-17517
-26397
-25514
-17224
-5657
4932
10996
10170
5211
1173
-1658
-4612
-7312
-6427
-986
6529
13324
16886
15593
10748
5301
1091
-2595
-4969
-4492
-643
4197
7083
6587
2155
-3631
-8296
-10732
-12141
-12972
-11368
-7626
-2534
2059
4986
5247
2379
-1333
-3427
-1861
2415
8142
12319
12903
10564
6848
4952
5205
6371
6534
4051
1417
694
1214
291
-3420
-7412
-8786
-7978
-6201
-4425
-3470
-3610
-5196
-6539
-7665
-9217
-9825
-7163
-1385
3292
5094
5515
5885
5761
3829
376
-3504
-6122
-5585
-1236
3203
5294
6964
9540
10539
4998
-4170
-10205
-9870
-4089
3059
9755
12636
11517
8775
3680
-2935
-10900
-15883
-14419
-8551
-664
4653
6360
4999
1685
-989
-4063
-7004
-8676
-8225
-5338
-1779
1860
4545
5170
4025
2722
1594
335
-155
1010
3540
4814
4314
3475
3109
2987
1211
-1342
-3977
-5967
-6113
-5225
-3015
-498
1110
1662
556
-973
-1891
-1506
813
3620
5879
5657
3483
2922
5745
10662
12795
9716
4026
-330
-1027
-193
-189
-1818
-3992
-4439
-3061
-747
249
-1243
-4545
-8019
-9875
-9885
-8700
-6694
-3813
-355
2308
3145
2468
1260
-666
-3574
-6385
-6874
-4237
-572
2464
3198
1626
-654
-1695
-228
729
-1089
-3712
-4460
-1837
3033
8055
11345
11785
10098
8284
6581
4447
2743
2409
3644
5057
5564
4794
2184
-1444
-4626
-6211
-6570
-7336
-8127
-8519
-8516
-8172
-7313
-5778
-3831
-1657
-563
-1053
-1947
-837
2560
4599
3888
2382
1864
1663
1091
711
197
-1864
-5327
-6596
-4432
-855
1803
2346
1365
-1030
-2376
-419
3648
7454
7480
4100
409
200
6183
14215
18161
15168
8616
4070
2624
2510
1039
-1470
-3750
-4444
-2217
665
1478
-1316
-6489
-10795
-12228
-10682
-7599
-4453
-2657
-2132
-1772
-1555
-1364
-1835
-3838
-6501
-8237
-7739
-4346
-53
1742
327
-2956
-4603
-2648
635
2736
1858
-853
-2626
-1040
3706
8083
10315
10184
8945
7510
5525
4213
3764
3715
3778
3510
2977
2079
1800
1822
1285
120
-1368
-2733
-4494
-6007
-6595
-6474
-6513
-6205
-4274
-1755
-836
-2492
-4202
-3870
-2579
-1568
-880
420
2014
2362
1692
776
-827
-3109
-4779
-4478
-2326
662
3361
4731
4185
2265
1179
2030
3524
4286
3483
1532
964
3577
8496
13003
13926
11056
6645
2875
1419
1662
1822
1089
600
1411
2491
2538
1021
-1603
-4519
-7265
-8680
-8027
-6744
-5829
-5848
-6111
-5731
-5513
-5771
-7126
-8273
-8133
-7460
-5846
-4249
-3673
-4391
-6445
-6749
-3910
-458
1208
-123
-2491
-2917
-325
4276
8496
10233
9901
9156
8462
7571
6159
5368
5331
5609
5651
5086
3815
2247
1632
1752
1767
497
-707
-1472
-2404
-3253
-3812
-3003
-2028
-914
32
-717
-2771
-4684
-4646
-3199
-2114
-1930
-1992
-2052
-1808
-477
219
-1365
-4204
-5865
-4871
-2725
-923
308
982
947
451
418
1239
2697
4774
6182
5554
4381
4047
5592
7400
7615
6925
5115
3225
2251
2979
4132
3472
1670
281
234
843
783
-265
-1466
-2190
-1603
-846
-1722
-3104
-4166
-4739
-5333
-5917
-5445
-5018
-5553
-6596
-6364
-4686
-3656
-3469
-4363
-4904
-4004
-3306
-3110
-4009
-5264
-4525
-2986
-1308
556
1650
2914
3360
3247
3607
4101
5047
5663
5643
5247
5002
5171
5141
4101
2992
2668
3355
4351
4168
3256
1274
-959
-2268
-2471
-1561
-699
-210
-685
-2279
-3675
-3479
-1794
-1025
-2406
-4430
-5504
-4691
-2507
-224
875
-451
-2404
-3282
-3032
-2258
-1951
-1279
-818
-568
622
2320
4093
4997
5474
5465
4487
3372
3540
5800
7551
8087
7681
6970
6871
5615
3513
1192
-936
-1595
-1011
129
1311
1082
-703
-2744
-4199
-4756
-5500
-6778
-7519
-6712
-4629
-2327
-1109
-1358
-2819
-4872
-6067
-6704
-6097
-4953
-3946
-2017
-428
808
993
-100
-1621
-2802
-3305
-2422
-425
686
1333
1024
1258
2093
2147
1856
1390
1435
1577
1900
2544
3494
3413
2299
1175
1260
2360
2674
2610
1777
1130
1235
1790
2895
3402
2766
1092
-883
-2531
-2280
-345
1097
1235
-649
-2984
-4466
-4456
-2302
-126
309
-1143
-2422
-2464
-1833
-1389
-1574
-2392
-3477
-2791
-149
3023
4170
3267
2216
1673
1668
2238
3525
4151
4119
3544
3999
5803
6779
6438
4362
1862
740
1344
2367
2940
2579
1442
396
-1158
-2448
-3613
-5360
-6982
-7426
-5822
-3356
-1665
-1583
-2301
-3228
-4374
-5264
-5837
-6201
-6007
-5094
-3333
-842
1189
2612
2604
765
-2002
-3804
-3649
-1637
887
2309
2796
1616
1011
1396
2018
2023
642
91
908
2623
3653
3607
3094
2547
1745
825
509
918
1470
1357
1123
1056
1038
713
223
-412
-1480
-2794
-3131
-1759
104
890
-24
-1589
-2173
-1288
266
1112
402
-996
-2114
-2130
-1122
273
326
-1843
-4519
-5274
-2761
484
2976
3921
3615
3091
2292
2603
3873
4873
4886
4318
4122
5544
7254
7268
5733
3459
2167
1979
1976
1733
1276
-42
-1698
-2966
-4158
-5074
-6092
-6773
-6445
-5607
-4798
-4080
-3658
-3401
-3502
-4266
-5245
-5750
-5518
-4460
-3198
-2486
-1803
-1016
870
2557
2322
318
-2520
-3539
-2068
608
3005
3968
3445
2888
2085
1337
1053
1153
1839
2541
3124
3579
4035
3715
3277
2271
1210
873
1530
3510
4813
5161
3848
2111
558
-681
-981
-1814
-2924
-4219
-4705
-3942
-2734
-2139
-2625
-3512
-4109
-3559
-2946
-2423
-1576
-482
661
840
494
-244
-1505
-3074
-3961
-3070
-1234
706
1814
1807
1737
2030
3168
4747
5010
4334
3458
3180
4228
5345
6310
6879
6845
6395
5325
3771
2212
1285
932
955
361
-1089
-2747
-3947
-4123
-3702
-3338
-3808
-4924
-5932
-5912
-5035
-4485
-4584
-4757
-4302
-3391
-2475
-1946
-2043
-2648
-3309
-3416
-2305
-1495
-1141
-1134
-1974
-2183
-2651
-2685
-1352
497
2751
4800
5444
5387
4726
3241
2591
1975
1860
2137
2089
2358
2644
3155
3949
4226
3233
1557
445
950
2056
2343
1252
-377
-1646
-2541
-2683
-2927
-3388
-4012
-4241
-3505
-2611
-2215
-2244
-2177
-1878
-1412
-1051
-583
-387
-407
-587
-861
-714
-566
-2
299
-115
-716
-1026
-23
2105
4217
5163
4602
3127
2651
3617
5274
6603
6637
6278
5908
5970
5847
4958
3324
1257
-155
-1077
-1071
-478
-96
-198
-1090
-2131
-3076
-4321
-5255
-5325
-5055
-4934
-5646
-6008
-5228
-4264
-3247
-2856
-2890
-2921
-3191
-2880
-2521
-2890
-3641
-4769
-5337
-5073
-4399
-3390
-2783
-1987
-340
1400
2366
2063
1755
2541
3700
5006
5882
6279
6369
5736
5297
5161
5263
5572
5268
4380
3660
3198
2717
1884
568
-335
-977
-1460
-1232
-755
-787
-1593
-2717
-3351
-3209
-3114
-3249
-3571
-4057
-3814
-3182
-2547
-1936
-1864
-2309
-3133
-3696
-3196
-1974
-1123
-913
-1043
-1302
-1063
-275
626
1175
770
366
1139
2815
4898
6528
7347
7731
7784
7458
6639
5557
4588
4081
4043
3910
3757
3451
2620
1916
1259
534
-128
-1027
-1546
-1758
-2331
-3099
-4017
-4985
-5627
-5730
-5268
-4715
-4685
-5007
-5150
-5273
-5653
-6183
-6549
-6177
-5413
-4739
-4298
-4444
-4599
-4539
-4020
-2741
-1467
-407
346
1218
2597
4101
5112
5169
4779
4671
5535
7498
9832
11618
12356
11715
10333
8511
6251
4300
2711
1922
1788
1747
1729
1209
-230
-2221
-4142
-5206
-5316
-5119
-4857
-5112
-5545
-5815
-5970
-6175
-6714
-7231
-7724
-8137
-8193
-7406
-6277
-5537
-5089
-4636
-3995
-3675
-3247
-2352
-1440
-689
-61
1005
2491
3899
5289
6359
6834
7416
8242
8957
9038
8441
8333
8653
8766
8790
8623
8221
7740
7134
6250
4920
3390
2237
1527
654
-527
-1266
-1713
-2174
-2382
-2573
-2823
-3541
-5076
-6575
-7504
-7811
-7415
-6922
-6761
-6899
-7311
-7641
-7862
-7971
-8052
-8146
-7543
-5981
-4053
-2554
-1904
-1635
-1056
-569
-260
445
1371
2560
4071
5454
6465
7197
7766
8725
9888
10053
9376
8385
7221
6697
7292
8053
8076
6752
4586
2966
1604
283
-601
-1207
-1978
-2739
-3077
-3222
-3892
-5704
-7903
-9407
-9996
-9926
-9369
-8850
-8900
-9358
-10027
-10257
-9659
-8583
-7597
-6951
-6572
-5742
-3783
-1362
1113
3028
3863
4098
4514
5575
7085
8505
9168
9531
9643
9508
9751
9956
9684
9289
9031
8770
8643
8215
7717
6994
5328
3817
3242
3276
3396
3194
2282
694
-1382
-3257
-4082
-4420
-5023
-5642
-6139
-6481
-6639
-7212
-8130
-9170
-10039
-10226
-9858
-9057
-7927
-7027
-6850
-6986
-6981
-6828
-6872
-6862
-5912
-3909
-1350
988
2676
3675
4378
5312
6524
7577
8148
8494
8798
9110
9449
9584
8792
7113
5141
3571
2951
2887
3443
4495
5219
4935
3722
2113
820
210
-325
-701
-995
-1487
-2344
-3888
-5461
-6619
-7545
-8514
-9271
-9288
-8826
-8562
-8786
-9186
-9372
-8993
-7741
-5473
-2968
-1335
-815
-888
-448
552
1607
2650
3438
4250
5054
5805
6920
8066
8849
8861
7968
6930
6246
6026
5922
5659
5709
5961
5922
5497
4708
3893
3099
2283
1897
1805
1679
1464
969
268
-737
-1985
-3343
-4663
-5358
-5452
-5386
-5494
-5762
-5758
-5616
-5856
-6431
-7436
-8603
-9130
-8607
-7168
-5781
-4915
-4383
-3968
-3310
-2436
-1529
-983
-740
162
1850
3686
5203
6071
6399
6118
5517
5457
5764
6056
6129
5936
5848
5603
5287
4927
4182
3282
2179
1215
633
283
152
-320
-1133
-1854
-2527
-3004
-3199
-2960
-2198
-1725
-1980
-2839
-3961
-4395
-3572
-1694
107
763
297
-440
-778
-923
-930
-1001
-1166
-956
-222
905
1792
1870
1268
481
-219
-497
-231
77
243
113
-333
-732
-1054
-1029
-472
-48
-74
-242
-182
430
1311
1864
2012
1727
1033
495
285
57
-78
-166
-291
-371
-724
-1034
-1168
-1501
-1668
-1526
-1347
-1366
-1628
-1944
-2127
-1906
-1346
-670
-233
-59
550
1251
1507
1612
1598
1771
2072
2369
3056
3586
3658
3427
2903
2333
1906
1928
2053
1845
1498
1250
1282
1008
146
-761
-1708
-2344
-2331
-1962
-1319
-831
-746
-908
-1385
-1922
-2221
-2415
-2740
-3226
-3709
-3820
-3310
-2513
-1807
-1401
-1436
-1675
-1948
-1906
-1115
-38
696
922
1081
1859
2848
3393
3614
3880
4428
4766
4591
4359
4369
4621
4696
4369
3742
2702
1604
649
-303
-1262
-2400
-3096
-2973
-2599
-2238
-2405
-3182
-4094
-4920
-5195
-4865
-4288
-3659
-3185
-2928
-2830
-2729
-2786
-3135
-3464
-3757
-3775
-3384
-2866
-2121
-1451
-942
-261
247
496
649
757
1124
1784
2711
3828
4668
4892
4591
4156
3968
4245
4768
5083
5227
5371
5618
5916
5807
5339
4741
3975
3423
3081
2589
1843
777
-94
-364
-535
-1026
-1814
-2545
-2898
-3011
-3099
-3534
-4383
-5411
-6305
-6592
-6530
-6384
-6024
-5600
-5104
-4558
-4188
-3937
-3684
-3363
-2688
-1592
-298
1106
2442
3265
3428
3366
3350
3450
3620
3774
4290
4914
4979
4664
4339
4167
4034
3666
2984
2137
1517
1498
2140
2949
3115
2457
1170
-386
-1503
-2140
-2589
-2841
-2712
-1918
-1161
-1258
-2351
-3951
-4921
-5024
-4447
-3673
-3688
-4278
-4891
-5255
-4922
-4333
-3855
-3612
-3743
-3659
-3157
-2447
-1736
-1146
-514
164
987
2069
3077
3659
3653
3306
3128
3227
3595
4114
4485
4692
4853
4994
5052
4866
4448
3879
3171
2519
2099
1871
1771
1707
1670
1621
1302
596
-432
-1563
-2390
-2719
-2500
-1828
-1089
-758
-1158
-2071
-2884
-3165
-2884
-2329
-1773
-1372
-1109
-715
-108
408
512
223
-125
-132
244
937
1696
2037
1776
1024
331
68
124
327
355
69
-329
-495
-92
694
1128
883
158
-424
-392
-31
359
325
-214
-858
-1325
-1226
-850
-755
-1052
-1632
-2106
-2513
-3002
-3383
-3688
-3896
-4063
-4084
-3700
-3305
-3132
-3085
-2972
-2662
-2439
-2205
-1702
-959
-133
637
1414
2109
2392
2375
2560
3232
4304
5232
5738
5934
5845
5770
5993
6312
6377
5851
4880
4204
3849
3533
3052
2310
1617
910
134
-638
-1574
-2598
-3430
-3896
-3853
-3727
-3691
-3601
-3818
-4250
-4880
-5446
-5517
-5360
-4951
-4407
-4031
-3570
-2932
-2060
-1130
-750
-690
-653
-416
249
1037
1929
2644
2967
3155
3256
3454
3652
3675
3658
3619
3683
3755
3748
3743
3656
3478
3132
2736
2383
1915
1340
649
79
-197
-329
-266
-345
-839
-1651
-2668
-3325
-3586
-3636
-3549
-3685
-3790
-3809
-3808
-3646
-3681
-3737
-3610
-3538
-3325
-3253
-3278
-2899
-2259
-1186
-163
292
526
451
545
928
1390
2245
2922
3323
3426
3088
2979
2946
3038
3292
3293
3348
3308
3213
3272
3138
3026
2844
2550
2308
1703
989
328
-140
-168
-263
-382
-638
-1090
-1436
-1979
-2391
-2584
-2686
-2427
-2266
-2132
-2003
-2107
-2067
-2004
-1868
-1638
-1540
-1422
-1276
-1191
-1232
-1449
-1795
-2085
-2131
-1821
-1326
-944
-991
-1343
-1561
-1386
-704
160
890
1289
1401
1524
1806
2171
2352
2283
2185
2265
2536
2767
2738
2510
2123
1935
1941
1820
1643
1089
638
647
711
1021
1067
671
313
-326
-937
-1255
-1622
-1691
-1633
-1532
-1097
-725
-638
-940
-1296
-1426
-1454
-1225
-989
-521
295
629
820
983
888
1053
913
626
828
996
1288
1716
1923
2087
1809
1013
287
-219
-367
-356
-416
-428
-481
-475
-417
-420
-402
-526
-795
-1063
-1272
-1293
-1300
-1397
-1561
-1656
-1386
-979
-723
-729
-1051
-1300
-1275
-1039
-640
-389
-329
-337
-389
-399
-492
-613
-773
-1107
-1310
-1356
-1312
-1057
-873
-595
-94
45
-65
-203
-341
-217
-227
-436
-457
-239
267
846
1258
1335
1011
680
591
903
1489
1871
2178
2492
2731
2947
2949
2726
2439
2096
1834
1793
1817
1820
1774
1635
1507
1258
772
169
-554
-1101
-1209
-950
-387
-83
-250
-713
-1313
-1604
-1603
-1410
-1173
-1088
-944
-786
-683
-650
-817
-897
-830
-718
-624
-816
-1185
-1561
-1741
-1616
-1331
-978
-693
-498
-441
-555
-691
-745
-641
-286
313
1028
1697
2168
2391
2472
2376
2154
1972
1856
1863
1885
1769
1598
1407
1264
1198
1009
570
-168
-966
-1478
-1577
-1330
-1082
-1066
-1369
-1916
-2447
-2799
-2881
-2832
-2807
-2850
-2887
-2708
-2389
-2049
-1856
-1934
-2028
-2033
-1813
-1384
-1053
-847
-822
-766
-474
-99
299
485
467
497
649
1049
1506
1830
2057
2195
2390
2527
2478
2326
2122
2203
2608
3104
3507
3467
3149
2884
2855
3106
3282
3282
3110
2799
2513
2128
1712
1369
955
660
415
117
-48
-283
-528
-790
-1283
-1700
-1974
-2010
-1889
-1991
-2233
-2652
-3118
-3452
-3784
-3935
-4006
-4029
-3793
-3538
-3270
-3084
-3057
-2944
-2924
-2913
-2692
-2312
-1736
-1318
-1174
-1038
-899
-562
-48
495
961
1071
1046
1134
1455
1952
2305
2639
2873
2832
2739
2653
2692
2846
2865
2934
3187
3442
3594
3586
3437
3148
2815
2491
2285
2254
2057
1744
1440
1029
660
254
-228
-663
-1144
-1589
-1873
-1977
-2014
-2082
-2136
-2361
-2677
-2970
-3285
-3407
-3356
-3253
-3024
-2770
-2579
-2344
-2116
-1983
-1882
-1733
-1465
-1078
-681
-494
-473
-407
-215
278
845
1079
1090
984
954
1213
1531
1687
1687
1576
1517
1623
1704
1585
1292
910
551
330
186
69
51
38
-16
-116
-337
-538
-612
-623
-600
-566
-456
-209
115
417
531
497
498
605
820
998
988
950
1033
1162
1292
1290
1166
1095
1082
1025
845
563
279
220
420
644
784
775
671
633
604
500
402
305
219
137
-76
-395
-733
-1055
-1320
-1567
-1876
-2266
-2623
-2850
-2915
-2863
-2838
-2865
-2960
-3160
-3310
-3260
-2943
-2365
-1750
-1324
-1159
-1136
-976
-519
118
633
856
819
780
986
1405
1915
2271
2399
2443
2499
2660
2868
3055
3217
3293
3348
3393
3373
3361
3286
3189
3081
2817
2480
2030
1513
1088
717
496
300
-50
-486
-1040
-1573
-2053
-2600
-3034
-3363
-3495
-3374
-3295
-3274
-3475
-3848
-4062
-4101
-3825
-3393
-3035
-2680
-2461
-2303
-2097
-1891
-1495
-983
-456
108
457
677
816
911
1239
1631
2055
2416
2541
2675
2733
2776
2876
2929
3126
3322
3452
3484
3278
3004
2685
2453
2353
2175
1950
1642
1399
1283
1110
847
376
-169
-642
-1018
-1219
-1357
-1516
-1752
-2059
-2308
-2464
-2596
-2768
-2972
-3132
-3162
-3098
-3005
-2934
-2971
-3040
-3041
-2901
-2541
-2165
-1852
-1596
-1427
-1193
-959
-723
-365
33
586
1171
1586
1834
1750
1589
1555
1682
2047
2314
2402
2352
2160
2018
1901
1792
1735
1657
1609
1577
1493
1414
1326
1289
1335
1343
1262
1075
838
675
616
615
592
476
280
36
-255
-598
-1013
-1443
-1740
-1814
-1637
-1377
-1243
-1285
-1438
-1515
-1417
-1208
-992
-883
-829
-663
-360
44
403
566
621
579
577
685
774
939
1037
1084
1089
846
575
218
-89
-203
-323
-340
-423
-573
-642
-788
-921
-1114
-1399
-1581
-1679
-1617
-1456
-1367
-1329
-1378
-1422
-1374
-1287
-1096
-853
-592
-320
-150
-52
-43
-45
27
130
308
466
619
831
1076
1432
1755
2019
2237
2368
2518
2558
2504
2360
2110
1947
1797
1673
1491
1119
712
249
-150
-403
-599
-642
-627
-600
-576
-683
-867
-1152
-1481
-1740
-1989
-2136
-2213
-2251
-2185
-2113
-1948
-1734
-1554
-1399
-1388
-1376
-1320
-1154
-795
-456
-163
-28
-35
21
126
438
863
1322
1841
2188
2476
2563
2457
2357
2123
2045
2006
1934
1958
1773
1630
1449
1190
1132
966
933
976
924
1080
1041
985
877
498
238
-185
-515
-646
-840
-800
-880
-1021
-1142
-1484
-1662
-1877
-2042
-2061
-2270
-2377
-2595
-2816
-2849
-2955
-2863
-2761
-2618
-2265
-1957
-1516
-1169
-981
-735
-602
-321
14
254
539
644
775
961
1079
1322
1490
1663
1860
1878
1907
1812
1684
1660
1573
1577
1502
1315
1176
969
907
925
928
988
866
671
434
119
-57
-235
-331
-364
-487
-518
-598
-637
-582
-590
-485
-439
-396
-301
-295
-167
-103
-51
32
-10
49
45
56
159
166
271
309
278
262
83
-59
-242
-423
-479
-548
-487
-400
-327
-199
-193
-198
-276
-418
-479
-527
-449
-321
-235
-150
-190
-270
-349
-438
-402
-334
-214
-82
-47
-18
-74
-142
-190
-250
-223
-206
-104
52
217
479
701
980
1249
1430
1619
1660
1677
1668
1603
1612
1516
1395
1205
908
703
473
355
302
185
127
-26
-163
-298
-512
-677
-919
-1107
-1260
-1407
-1458
-1591
-1684
-1816
-1991
-2090
-2264
-2349
-2440
-2523
-2473
-2447
-2292
-2127
-1999
-1805
-1686
-1487
-1252
-981
-574
-184
276
703
1018
1305
1464
1657
1889
2139
2467
2708
2931
3086
3149
3213
3185
3142
3085
3016
2979
2884
2730
2504
2229
1979
1751
1545
1317
1045
744
425
104
-238
-584
-919
-1214
-1409
-1546
-1645
-1776
-1965
-2172
-2391
-2552
-2679
-2780
-2828
-2869
-2836
-2756
-2650
-2515
-2454
-2406
-2386
-2339
-2159
-1919
-1569
-1238
-980
-727
-560
-339
-75
191
512
707
855
996
1091
1276
1403
1466
1486
1366
1316
1302
1348
1494
1552
1657
1721
1740
1809
1732
1645
1473
1205
1028
796
644
541
389
381
355
386
484
403
318
110
-155
-264
-403
-370
-286
-254
-99
-75
5
104
84
184
177
237
380
437
585
560
464
330
82
-27
-140
-143
-45
2
116
133
105
10
-252
-539
-889
-1147
-1267
-1304
-1204
-1156
-1162
-1254
-1437
-1564
-1685
-1757
-1812
-1888
-1917
-1907
-1823
-1690
-1554
-1417
-1287
-1117
-876
-589
-281
-23
144
281
410
598
808
978
1129
1226
1386
1616
1909
2223
2392
2450
2376
2306
2287
2236
2205
2060
1915
1784
1672
1667
1599
1511
1270
919
592
239
13
-237
-485
-743
-1032
-1199
-1331
-1356
-1414
-1554
-1774
-2063
-2255
-2400
-2429
-2456
-2486
-2500
-2500
-2371
-2201
-1973
-1785
-1634
-1467
-1251
-898
-528
-179
33
142
233
358
608
907
1250
1575
1867
2139
2382
2574
2640
2611
2480
2350
2282
2294
2375
2411
2384
2222
2001
1783
1586
1421
1227
1002
759
537
338
133
-153
-525
-943
-1334
-1566
-1664
-1653
-1656
-1764
-1935
-2153
-2277
-2311
-2265
-2169
-2104
-1996
-1867
-1703
-1520
-1388
-1273
-1189
-1106
-962
-766
-512
-262
-100
-9
-6
-14
8
52
204
346
501
665
750
847
835
745
626
458
411
407
461
560
588
612
540
406
293
163
131
145
177
289
374
482
580
597
623
552
494
510
525
682
791
862
914
837
836
803
806
867
833
868
838
815
828
730
679
553
420
357
228
175
66
-107
-246
-465
-608
-772
-963
-1071
-1228
-1292
-1361
-1436
-1463
-1601
-1694
-1797
-1863
-1791
-1723
-1582
-1512
-1504
-1449
-1413
-1221
-1017
-850
-698
-666
-495
-287
-44
237
314
406
468
593
868
1061
1290
1396
1445
1553
1587
1719
1795
1842
1910
1899
1952
1948
1883
1766
1543
1372
1251
1206
1222
1142
973
688
343
52
-208
-431
-633
-849
-1022
-1168
-1311
-1448
-1659
-1887
-2070
-2201
-2194
-2136
-2046
-1960
-1946
-1899
-1859
-1764
-1588
-1425
-1175
-924
-658
-320
-40
274
532
733
961
1114
1300
1441
1533
1660
1724
1805
1869
1869
1867
1804
1725
1642
1517
1405
1260
1105
961
779
614
418
219
44
-141
-282
-430
-563
-676
-795
-882
-1009
-1134
-1261
-1381
-1437
-1489
-1483
-1459
-1416
-1323
-1236
-1118
-1018
-943
-871
-822
-719
-582
-424
-250
-129
-12
67
138
227
288
383
454
539
626
685
755
741
690
608
496
446
409
427
488
527
587
568
489
386
218
111
43
26
69
66
79
22
-64
-99
-138
-63
-5
29
78
32
91
174
289
455
472
507
490
464
546
592
719
807
830
876
804
765
677
550
523
463
483
485
404
325
108
-102
-289
-435
-438
-452
-448
-511
-694
-853
-1037
-1151
-1220
-1308
-1344
-1395
-1402
-1385
-1413
-1445
-1573
-1717
-1817
-1852
-1728
-1574
-1407
-1295
-1277
-1227
-1178
-1049
-855
-678
-464
-265
-34
246
523
816
1052
1265
1459
1619
1757
1840
1900
1982
2113
2281
2455
2527
2478
2312
2065
1878
1749
1679
1620
1479
1317
1082
838
629
385
180
-66
-309
-499
-707
-876
-1071
-1250
-1356
-1438
-1461
-1506
-1576
-1671
-1788
-1812
-1748
-1597
-1424
-1281
-1149
-1070
-986
-866
-716
-509
-305
-89
115
275
442
577
724
876
995
1133
1235
1323
1391
1415
1436
1418
1388
1371
1299
1200
1064
907
782
664
573
449
252
5
-293
-585
-823
-980
-1058
-1118
-1235
-1417
-1605
-1735
-1766
-1725
-1664
-1645
-1711
-1836
-1943
-1944
-1773
-1464
-1064
-719
-504
-436
-515
-600
-575
-380
-8
455
864
1107
1146
1041
867
770
831
1008
1202
1318
1373
1386
1375
1334
1261
1179
1043
861
691
584
595
663
736
757
651
446
183
-52
-177
-198
-119
-19
28
9
-74
-147
-204
-270
-288
-265
-174
-60
33
158
250
322
333
270
259
262
303
359
394
481
541
579
629
632
627
536
362
216
105
110
181
240
278
173
-53
-370
-720
-935
-1032
-993
-876
-823
-852
-1040
-1341
-1628
-1879
-1991
-1962
-1859
-1715
-1651
-1642
-1635
-1641
-1554
-1449
-1355
-1247
-1214
-1140
-1009
-807
-436
-41
354
655
732
718
613
590
769
1056
1485
1854
2113
2243
2155
1993
1745
1532
1454
1482
1654
1812
1923
1922
1741
1480
1108
780
576
472
528
541
505
382
126
-67
-264
-375
-402
-514
-582
-750
-921
-967
-1039
-961
-929
-1003
-1066
-1287
-1407
-1443
-1425
-1226
-1082
-907
-750
-702
-626
-656
-666
-551
-413
-151
101
267
435
482
561
633
616
655
641
771
1021
1269
1537
1562
1388
1057
656
420
348
431
586
629
528
307
7
-209
-389
-537
-658
-839
-986
-1103
-1146
-1122
-1110
-1122
-1171
-1228
-1280
-1294
-1263
-1173
-1041
-888
-730
-652
-596
-554
-464
-267
-44
177
297
314
352
467
704
994
1180
1203
1050
847
732
746
900
1049
1075
981
827
731
699
688
648
527
355
193
138
211
354
504
591
586
465
268
118
65
110
222
329
386
326
147
-7
-96
-149
-185
-247
-306
-409
-542
-599
-574
-532
-584
-709
-844
-970
-1028
-934
-717
-524
-495
-610
-754
-835
-794
-618
-366
-215
-260
-417
-531
-530
-437
-278
-114
-33
-92
-241
-364
-411
-395
-308
-163
-19
33
-26
-126
-206
-215
-140
4
171
271
301
325
393
506
609
682
732
786
885
1021
1171
1265
1248
1134
984
880
856
900
953
919
779
592
454
427
493
578
545
351
74
-148
-204
-128
-22
28
-44
-185
-310
-360
-363
-414
-541
-705
-831
-842
-762
-650
-570
-581
-669
-822
-1001
-1135
-1171
-1077
-881
-677
-538
-533
-627
-716
-700
-530
-289
-66
74
133
170
256
410
574
694
751
791
858
948
1019
1007
889
700
535
479
524
593
569
390
96
-216
-447
-558
-568
-515
-463
-449
-475
-529
-590
-646
-669
-657
-627
-568
-502
-441
-357
-287
-231
-196
-199
-199
-197
-160
-73
25
129
205
225
232
232
263
349
464
601
699
731
692
604
529
479
477
511
538
528
452
351
244
146
85
27
0
-22
-39
-34
-74
-104
-154
-220
-257
-304
-293
-244
-186
-121
-99
-86
-93
-124
-127
-91
10
147
255
330
339
293
228
175
214
313
414
477
453
393
308
228
199
188
184
153
104
106
155
223
230
132
-17
-216
-405
-515
-534
-483
-488
-597
-752
-898
-999
-1107
-1211
-1234
-1222
-1204
-1198
-1175
-1067
-993
-1015
-1056
-1023
-853
-701
-642
-595
-525
-405
-324
-225
24
322
537
570
549
637
762
890
1019
1226
1497
1635
1606
1486
1375
1312
1231
1189
1252
1371
1420
1280
1024
805
669
599
559
578
637
629
491
271
98
-9
-103
-207
-276
-257
-225
-256
-330
-379
-383
-401
-465
-521
-521
-482
-462
-483
-483
-461
-465
-550
-699
-815
-851
-808
-751
-703
-650
-627
-626
-649
-618
-498
-367
-263
-233
-223
-217
-237
-256
-248
-180
-77
7
76
122
129
91
25
-11
-14
3
16
-7
-66
-180
-309
-392
-397
-312
-190
-79
-29
-94
-251
-436
-521
-463
-309
-139
-32
-8
-72
-195
-247
-157
94
424
688
844
882
833
742
669
720
887
1089
1236
1243
1141
988
837
768
782
836
839
733
554
348
199
148
171
214
215
156
52
-29
-52
-12
58
113
126
91
27
-49
-127
-224
-340
-463
-565
-622
-642
-642
-658
-712
-789
-838
-802
-675
-528
-412
-381
-442
-524
-570
-535
-439
-331
-261
-282
-385
-496
-535
-464
-298
-90
91
182
170
104
60
93
203
342
440
431
320
151
-17
-126
-167
-159
-136
-126
-125
-134
-153
-172
-207
-224
-197
-116
14
135
205
197
127
52
5
21
82
144
173
132
34
-62
-96
-19
164
388
572
662
668
638
654
754
904
1062
1127
1046
866
656
510
450
459
495
473
380
237
89
1
-26
-14
-6
-61
-181
-354
-529
-660
-728
-733
-736
-757
-802
-869
-901
-900
-859
-796
-733
-647
-546
-422
-305
-213
-156
-131
-101
-20
109
255
358
361
287
191
166
255
417
567
608
502
295
85
-21
17
133
241
271
196
53
-92
-173
-190
-173
-187
-270
-409
-560
-652
-663
-589
-465
-344
-229
-144
-83
-33
-6
-12
-58
-136
-210
-270
-278
-236
-173
-94
-42
-25
-48
-94
-111
-75
21
156
283
395
460
489
493
486
501
531
565
591
583
537
465
394
368
433
587
788
940
977
863
622
353
119
-26
-83
-100
-111
-160
-222
-270
-283
-214
-111
19
105
93
-3
-185
-403
-624
-807
-922
-988
-1003
-996
-974
-906
-796
-607
-363
-109
97
173
133
-9
-187
-337
-422
-387
-276
-118
83
285
482
620
653
585
414
224
76
-1
8
36
49
-1
-130
-270
-391
-448
-423
-366
-270
-192
-129
-70
-52
-40
-63
-117
-167
-213
-196
-133
-51
54
128
192
262
335
449
566
678
742
721
632
478
347
282
311
455
639
826
932
903
777
582
411
313
299
363
401
396
330
195
77
-26
-55
-17
9
13
-77
-223
-392
-573
-680
-715
-670
-580
-506
-430
-409
-421
-456
-540
-596
-655
-678
-668
-695
-714
-771
-834
-860
-869
-780
-625
-433
-219
-57
71
151
186
201
157
95
-12
-162
-256
-296
-231
-86
81
259
353
407
421
419
474
524
564
571
530
479
394
329
306
297
318
336
352
356
338
323
313
319
321
300
252
185
109
17
-66
-127
-155
-162
-155
-134
-96
-23
52
104
130
134
129
111
82
64
45
19
-9
-33
-26
-3
34
73
92
96
93
110
135
160
171
126
44
-61
-169
-228
-228
-191
-132
-91
-71
-73
-115
-184
-269
-353
-399
-419
-414
-396
-375
-338
-308
-302
-339
-395
-410
-362
-260
-138
-21
44
52
45
34
13
-15
-29
1
62
109
81
14
-11
14
56
38
-8
5
80
200
283
324
376
413
395
261
63
-80
-143
-77
20
123
190
167
109
-10
-103
-133
-100
11
103
139
92
24
5
-6
-33
-78
-57
7
79
124
133
179
226
300
362
374
365
316
380
538
679
750
667
587
474
315
237
156
135
35
-120
-158
-175
-102
-107
-135
-130
-254
-305
-390
-432
-465
-697
-848
-1000
-1040
-946
-896
-766
-770
-847
-880
-771
-454
-212
-79
-83
-159
-244
-408
-503
-529
-512
-464
-376
-115
185
337
315
233
260
388
503
591
677
669
561
388
279
308
290
303
293
345
519
575
683
697
665
626
402
310
170
70
72
-44
-4
-69
-113
-75
-186
-176
-272
-332
-309
-401
-354
-353
-327
-275
-342
-331
-361
-404
-397
-390
-257
-60
146
363
471
506
486
414
415
449
539
666
749
818
783
666
485
270
151
114
193
342
475
576
565
428
192
-136
-445
-666
-748
-682
-577
-435
-359
-411
-533
-761
-928
-1035
-1056
-906
-789
-617
-513
-538
-550
-731
-873
-969
-1013
-839
-721
-534
-341
-216
-8
79
237
402
434
479
388
336
327
280
385
461
569
733
814
924
905
808
785
701
687
679
703
865
892
876
807
651
491
171
-88
-250
-328
-282
-248
-83
57
75
-5
-157
-227
-294
-320
-275
-190
-113
-121
-137
-174
-241
-330
-412
-430
-461
-484
-411
-234
-56
-11
-48
-72
-98
-137
-157
-75
79
154
135
58
-2
-26
-38
-9
5
-24
-94
-200
-253
-248
-179
-68
8
28
-49
-159
-231
-294
-331
-376
-408
-394
-411
-420
-402
-347
-247
-202
-172
-118
-74
-13
-17
-3
28
55
100
78
147
258
339
408
383
443
531
559
601
586
653
698
604
547
470
470
483
382
348
283
222
216
189
303
369
334
242
44
-53
-135
-183
-130
-95
-33
-91
-201
-237
-258
-201
-187
-183
-156
-210
-286
-394
-426
-332
-220
-150
-198
-313
-450
-583
-624
-524
-283
-16
128
129
44
-49
-141
-206
-193
-130
-56
21
134
259
308
274
207
133
66
27
74
191
288
319
285
196
46
-141
-253
-232
-127
-20
46
40
-50
-157
-221
-214
-163
-111
-53
-62
-134
-175
-142
-86
-109
-164
-170
-134
-105
-123
-107
-42
-12
-7
-28
-24
-24
-59
-19
23
72
149
203
272
200
100
134
138
138
52
31
171
193
182
188
239
325
240
158
163
143
128
60
63
156
149
139
114
49
-7
-98
-66
49
113
186
227
269
267
166
104
62
-8
-78
-142
-81
20
34
31
10
-17
-107
-231
-234
-179
-146
-137
-136
-138
-208
-302
-359
-398
-459
-507
-485
-453
-423
-373
-302
-217
-204
-188
-149
-188
-227
-290
-319
-298
-321
-223
-89
-7
50
0
15
24
-7
82
171
296
325
234
206
142
130
157
179
279
268
216
217
227
301
306
301
289
198
166
178
265
384
389
351
273
210
232
308
467
559
517
419
302
226
172
163
189
134
18
-82
-126
-99
-58
-8
-11
-129
-248
-290
-255
-194
-149
-100
-141
-294
-429
-473
-432
-409
-405
-338
-303
-334
-356
-312
-198
-183
-233
-235
-230
-256
-337
-322
-210
-176
-169
-160
-133
-138
-227
-215
-144
-81
-21
7
112
171
144
108
64
77
74
74
157
215
254
217
152
162
155
188
212
220
272
267
288
287
221
195
144
182
251
251
228
70
-44
-99
-128
-29
54
169
188
91
61
22
45
62
62
128
118
108
85
35
21
-72
-129
-126
-96
-18
-34
-20
14
19
65
16
19
36
-37
-94
-194
-186
-115
-96
-50
-54
-37
-34
-116
-149
-156
-94
8
49
90
78
55
8
-99
-162
-184
-124
-52
-63
-63
-59
-62
-78
-122
-97
-55
-69
-116
-196
-215
-209
-200
-117
-35
50
82
51
67
34
13
31
49
113
116
105
122
92
86
68
59
120
141
166
164
117
111
58
31
50
50
78
34
-3
-2
-36
-35
-60
-72
-48
-34
37
77
90
85
44
34
-6
-28
22
64
93
53
9
38
46
50
23
12
42
43
53
43
28
30
11
-25
-93
-152
-164
-138
-105
-83
-36
5
1
-40
-68
-70
-71
-42
12
49
2
-77
-96
-87
-93
-110
-92
-29
6
-2
-15
4
46
43
1
-42
-39
8
33
43
86
141
145
92
43
57
82
39
-18
-28
22
38
-5
-31
-44
-39
-58
-97
-70
-40
-16
22
58
148
180
143
83
-25
-69
-110
-141
-103
-65
25
84
74
31
-58
-85
-78
-64
-16
28
124
222
297
344
267
141
5
-45
-3
12
61
110
134
84
-76
-203
-267
-272
-227
-184
-99
-12
60
122
117
69
-29
-126
-168
-158
-95
-46
-37
-59
-89
-127
-189
-228
-232
-168
-61
25
106
144
158
133
70
42
36
70
119
148
159
105
27
-32
-64
-46
-21
1
8
-16
-20
-8
52
139
188
247
255
229
171
49
-21
-82
-68
-3
8
47
18
-5
-20
-90
-109
-139
-146
-125
-152
-158
-181
-198
-154
-119
-62
-18
-19
4
8
25
27
-22
-58
-102
-116
-122
-131
-95
-41
35
79
85
91
80
86
102
132
163
164
162
141
130
122
91
75
62
74
84
60
59
49
49
31
-21
-50
-76
-65
-51
-44
-30
-37
-34
-13
9
26
28
31
44
41
16
-1
-20
-26
-19
-46
-77
-128
-160
-150
-125
-66
-41
-26
0
0
2
-46
-89
-90
-92
-58
-51
-41
-12
-13
17
30
43
46
0
9
34
69
93
76
104
108
89
64
21
13
5
6
33
40
35
22
3
-3
-34
-75
-83
-83
-80
-111
-138
-124
-117
-103
-86
-49
-4
24
73
105
123
111
74
71
62
44
39
47
85
101
80
66
47
37
42
55
78
106
133
142
113
58
5
-31
-50
-60
-65
-49
-19
20
59
83
104
100
63
0
-81
-144
-183
-190
-186
-176
-142
-101
-91
-143
-221
-257
-231
-184
-181
-214
-219
-172
-106
-64
-70
-71
-16
55
100
72
41
70
140
195
170
117
85
99
135
125
103
119
186
258
254
219
179
153
138
100
91
106
139
138
70
11
-14
-15
-37
-84
-97
-70
-21
-10
-59
-89
-108
-101
-97
-144
-162
-164
-134
-101
-115
-100
-66
-10
41
23
8
11
35
71
71
44
9
-28
-39
-37
-28
-16
4
35
39
42
20
3
-8
-10
22
4
-45
-122
-179
-165
-161
-139
-119
-93
-35
-54
-71
-41
1
63
31
0
20
6
12
-22
-17
52
67
84
78
95
139
119
115
103
99
115
94
129
161
151
120
25
-32
-42
-38
35
107
180
220
169
143
101
46
13
-46
-38
-32
-47
-35
-52
-33
-23
-44
-46
-95
-110
-114
-125
-91
-106
-121
-131
-162
-173
-200
-202
-202
-201
-151
-90
-24
15
56
115
127
93
53
58
56
32
39
84
144
136
80
71
77
64
29
23
59
49
-25
-110
-124
-96
-92
-76
-50
-8
-10
-63
-88
-97
-52
-12
1
12
31
95
142
156
138
103
67
-10
-75
-86
-63
-27
-36
-23
19
48
54
26
16
-4
-57
-90
-77
-12
29
46
45
11
-19
-36
-7
25
44
61
105
145
128
88
27
-21
-66
-81
-20
41
90
84
60
58
-14
-83
-106
-78
-9
-7
-5
-2
-24
-34
-53
-18
6
-15
-23
-48
-29
-1
28
100
154
199
177
90
1
-100
-146
-134
-96
-26
21
50
56
32
11
-40
-84
-96
-94
-89
-115
-152
-168
-133
-66
-19
-11
-41
-56
-39
-28
-23
-39
-27
27
61
65
-1
-91
-106
-54
23
48
50
115
180
175
121
79
68
18
-41
-63
-48
-19
-20
-7
26
46
85
160
245
255
208
129
36
-48
-93
-29
92
134
99
76
97
98
37
6
16
0
-46
-76
-99
-161
-246
-286
-254
-213
-152
-86
-72
-112
-188
-186
-176
-225
-266
-257
-131
-57
-54
-8
18
87
53
-11
-18
-71
11
90
180
337
428
584
596
463
324
122
73
12
-26
98
191
335
296
180
206
192
232
155
84
145
72
-45
-238
-354
-332
-370
-355
-312
-213
-110
-140
-187
-206
-216
-237
-307
-344
-310
-297
-278
-273
-248
-165
-137
-139
-202
-264
-215
-151
-92
-59
-21
89
121
65
33
60
150
167
181
284
343
318
214
169
247
288
289
298
295
305
233
129
65
8
39
83
116
127
67
67
53
41
64
50
61
2
-75
-68
-86
-98
-132
-149
-99
-136
-168
-180
-182
-112
-84
-20
18
-23
-55
-92
-11
74
69
51
41
120
111
-4
-80
-108
-37
-20
-44
-9
24
73
29
-48
-81
-97
-57
-45
-4
59
90
134
115
85
57
43
58
36
16
-12
-33
-49
-111
-166
-223
-267
-282
-280
-219
-125
-26
49
71
76
66
58
48
19
-3
0
24
46
31
34
87
160
216
190
128
70
-9
-89
-142
-98
10
97
142
177
233
271
277
273
278
247
139
3
-106
-173
-224
-255
-230
-205
-200
-226
-244
-192
-133
-73
-25
0
9
-15
-17
15
39
63
101
125
117
60
13
30
43
62
64
45
50
-2
-37
-45
-48
5
49
125
133
80
85
78
75
23
-3
21
11
-14
-89
-114
-117
-148
-168
-201
-211
-247
-283
-274
-251
-196
-142
-84
-44
-54
-87
-112
-112
-64
8
64
65
21
6
1
-12
-20
-19
33
94
125
152
177
207
202
187
201
204
206
204
226
265
254
224
191
147
117
91
114
165
156
108
23
-19
-11
-15
-4
-25
-35
-33
-56
-39
-20
6
26
2
-6
-31
-82
-134
-222
-259
-236
-162
-48
-11
-20
-69
-149
-218
-304
-326
-278
-197
-110
-73
-49
-60
-101
-123
-132
-87
-2
59
69
1
-80
-102
-64
27
96
121
86
3
-46
-64
-29
17
27
51
51
55
67
49
35
4
-11
-6
-14
27
94
151
166
148
156
159
139
103
96
111
118
108
103
120
129
162
212
233
203
144
123
118
118
119
154
210
212
178
120
96
51
-22
-70
-103
-105
-161
-210
-248
-293
-337
-412
-411
-376
-299
-199
-96
-4
-32
-109
-206
-265
-275
-258
-176
-93
-51
-60
-73
-69
-67
-64
-61
-31
-6
-1
-7
12
39
47
62
88
143
185
204
232
237
230
197
141
101
64
66
75
85
92
82
87
69
58
67
80
105
101
64
19
-25
-31
-20
-10
5
2
-3
-28
-73
-94
-96
-84
-93
-124
-113
-83
-48
-23
-32
-42
-68
-106
-142
-169
-156
-121
-77
-36
2
65
116
129
110
50
-5
-53
-75
-63
-34
20
60
74
50
-3
-32
-29
-4
33
65
92
90
78
72
83
120
147
150
132
95
64
19
-20
-32
-33
-19
-15
-5
16
19
6
-37
-70
-79
-73
-39
-9
17
31
4
-50
-125
-194
-218
-204
-148
-85
-51
-38
-61
-84
-83
-54
-1
45
73
67
40
21
22
56
105
143
146
118
76
35
11
5
7
-4
-20
-35
-41
-27
-7
17
38
43
38
18
-3
-17
-15
6
34
62
72
74
73
56
31
-12
-58
-80
-76
-42
-5
21
19
-3
-26
-38
-37
-19
8
24
30
30
26
25
35
37
19
-14
-40
-53
-49
-35
-11
4
5
-3
-28
-41
-50
-57
-61
-57
-37
-19
-2
12
20
16
-4
-27
-37
-45
-60
-69
-51
-16
13
25
27
16
0
-9
6
40
77
109
111
101
75
36
0
-25
-32
-28
-20
-14
-2
-8
-19
-20
-7
16
33
48
50
35
7
-12
-2
9
8
-2
-17
-22
-30
-43
-51
-54
-36
-4
19
29
20
-15
-62
-105
-123
-121
-116
-94
-56
-15
13
28
41
52
50
58
93
124
133
116
101
101
110
111
115
125
124
99
59
36
37
31
30
39
45
31
-2
-33
-44
-39
-46
-66
-83
-101
-121
-138
-128
-81
-39
-26
-27
-42
-76
-148
-223
-237
-202
-141
-91
-57
-37
-63
-120
-148
-134
-96
-58
-26
5
7
-10
-22
0
50
75
78
85
97
94
86
95
124
147
135
114
105
106
99
76
83
111
132
132
120
118
92
32
-16
-10
29
49
44
27
1
-48
-86
-73
-19
32
36
10
-15
-46
-81
-91
-49
-1
18
13
-4
-28
-62
-86
-74
-31
2
16
16
3
-30
-70
-83
-66
-31
-14
-17
-28
-36
-48
-61
-56
-41
-27
-19
-18
-13
-10
-11
-6
-2
0
-1
-13
-17
-18
-10
0
1
-4
-6
-12
-26
-34
-37
-29
-15
2
19
34
37
20
13
20
34
54
69
83
97
88
66
45
43
65
84
94
96
75
37
3
-17
-14
-2
14
23
25
16
-8
-29
-43
-38
-26
-11
5
6
9
3
1
9
5
-4
-13
-23
-19
-16
-11
-12
-22
-34
-50
-50
-51
-47
-48
-47
-42
-44
-53
-67
-72
-66
-50
-39
-34
-33
-36
-29
-15
2
14
18
23
25
31
42
43
42
40
36
39
