-87
-84
-89
-84
-87
-82
-71
-74
-69
-59
-53
-51
-49
-47
-44
-39
-36
-27
-24
-22
-19
-17
-15
-9
0
3
10
18
26
32
32
42
48
61
70
71
77
85
96
102
107
105
110
113
127
144
143
146
142
142
146
146
150
149
147
144
144
140
136
132
120
112
104
99
93
84
77
61
42
28
13
0
-13
-31
-48
-64
-89
-110
-127
-143
-154
-178
-202
-218
-229
-239
-254
-268
-285
-282
-288
-289
-290
-300
-290
-292
-280
-266
-263
-239
-228
-214
-192
-180
-151
-132
-110
-87
-72
-43
-19
11
35
56
87
106
133
164
182
199
213
233
254
269
285
293
295
301
301
300
298
286
280
277
266
257
236
224
208
189
184
161
149
135
109
97
67
51
41
14
4
-17
-36
-53
-70
-78
-96
-104
-117
-141
-145
-154
-148
-146
-150
-141
-155
-153
-156
-156
-143
-149
-143
-147
-147
-139
-141
-136
-135
-132
-131
-135
-133
-131
-121
-115
-114
-105
-97
-86
-68
-64
-50
-34
-34
-6
5
26
65
59
89
97
97
139
122
152
167
149
186
161
175
192
163
190
150
148
151
119
145
109
96
91
50
63
40
33
34
3
5
-10
-17
-9
-27
-21
-23
-37
-28
-42
-44
-33
-41
-32
-35
-49
-47
-64
-56
-51
-61
-51
-65
-62
-65
-74
-63
-81
-79
-73
-84
-68
-72
-68
-60
-67
-59
-64
-64
-58
-63
-53
-49
-42
-33
-35
-27
-25
-26
-18
-14
-6
10
22
31
42
47
59
71
79
90
93
102
107
105
106
103
97
91
84
73
65
54
46
34
23
11
2
-1
-14
-17
-22
-28
-28
-33
-30
-29
-28
-22
-25
-21
-20
-18
-15
-9
1
3
9
13
12
14
12
8
8
2
3
3
-2
-4
-16
-19
-27
-30
-36
-39
-34
-43
-37
-37
-39
-30
-38
-24
-21
-25
-15
-22
-11
-10
-12
-2
-8
1
1
1
9
-5
3
1
-3
8
1
16
17
11
22
15
16
20
18
22
14
13
9
-2
-5
-12
-7
-2
-9
-1
0
5
11
6
13
11
15
25
27
38
37
34
36
32
35
30
19
17
14
16
11
-6
-7
-11
-13
-12
-25
-24
-20
-18
-15
-17
-18
-15
-14
-17
-21
-17
-20
-24
-24
-27
-24
-24
-26
-21
-27
-24
-23
-17
-6
-3
6
8
13
17
20
33
32
33
33
25
23
13
13
13
5
2
-11
-15
-13
-20
-23
-30
-30
-26
-20
-13
-12
-11
-10
-11
-8
-4
3
8
13
17
15
17
19
22
24
21
17
15
16
16
16
13
12
12
13
19
21
17
12
8
1
1
1
-6
-9
-16
-17
-17
-19
-16
-14
-20
-20
-17
-11
-2
0
6
12
11
12
15
14
18
18
12
11
8
12
13
6
5
3
-1
-8
-18
-20
-23
-22
-22
-24
-24
-29
-26
-22
-25
-22
-26
-22
-19
-18
-17
-20
-18
-17
-17
-10
-7
2
3
-5
-3
2
10
13
13
15
14
16
18
16
18
20
16
17
14
14
22
22
23
25
26
31
32
25
23
23
25
28
33
38
37
28
20
19
14
17
15
16
22
22
23
12
13
15
10
12
-3
-11
-15
-28
-28
-39
-44
-39
-43
-40
-46
-54
-60
-68
-60
-56
-46
-30
-37
-39
-47
-59
-57
-56
-35
-22
-18
-13
-23
-24
-28
-21
-7
-1
17
22
18
20
17
23
25
27
36
37
45
36
28
33
33
49
48
38
31
18
17
10
10
11
7
13
11
17
24
22
28
28
29
33
33
40
42
39
36
32
32
28
19
11
-1
-8
-15
-26
-17
-26
-33
-38
-49
-43
-51
-48
-42
-49
-44
-47
-40
-37
-41
-34
-38
-37
-32
-32
-28
-27
-31
-23
-23
-22
-17
-17
-3
-2
1
10
4
11
11
13
23
15
18
24
28
33
22
22
22
16
20
13
18
21
15
25
23
25
25
17
25
18
20
24
17
28
23
24
27
24
27
17
15
19
18
26
24
22
23
21
21
16
9
7
1
1
-2
-12
-19
-27
-32
-37
-47
-53
-65
-74
-73
-71
-62
-67
-65
-61
-66
-53
-46
-37
-17
-15
-5
-2
-5
5
-2
8
14
15
27
17
19
20
10
18
15
17
27
20
28
30
31
35
22
24
26
27
35
28
23
14
6
10
4
6
5
-3
0
-2
8
14
15
25
16
27
34
34
52
47
57
55
42
50
39
39
30
8
9
-12
-11
-14
-31
-30
-54
-59
-66
-78
-62
-77
-78
-77
-80
-67
-69
-62
-55
-60
-50
-48
-39
-27
-25
-21
-29
-23
-16
-19
-6
-7
-2
3
-4
8
13
22
27
12
19
21
18
33
31
36
41
36
42
41
51
66
60
62
49
49
61
59
70
64
60
53
43
52
45
40
30
9
6
-5
-2
-1
-15
-20
-41
-46
-36
-38
-29
-34
-42
-44
-49
-40
-39
-42
-37
-40
-36
-31
-29
-20
-20
-18
-17
-20
-15
-11
-10
-9
3
3
4
11
12
16
14
13
14
9
13
10
7
8
0
-1
-1
-10
-10
-18
-19
-12
-16
-11
-18
-21
-17
-24
-13
-9
-4
6
-2
5
6
6
18
17
25
34
32
35
34
31
35
29
31
32
24
31
24
22
19
12
14
8
9
5
0
5
1
0
-5
-13
-18
-23
-18
-17
-18
-16
-19
-16
-7
-5
-1
1
0
0
-2
0
-3
1
-3
-6
-7
-10
-10
-14
-18
-26
-22
-23
-22
-21
-27
-25
-28
-26
-21
-20
-17
-14
-12
-12
-12
-6
-6
1
9
6
11
17
16
21
21
25
24
27
36
34
36
32
24
20
16
22
20
12
7
-1
-3
-6
-7
-2
-2
-1
-7
-4
2
-3
1
-5
-6
1
1
8
2
-5
-9
-13
-8
-7
-3
4
4
6
-1
-2
0
-6
-9
-12
-5
1
2
1
1
0
-4
-9
-9
-4
-1
-1
0
-4
-1
2
1
0
-6
-6
-11
-10
-8
-5
-3
-6
-4
1
7
18
25
22
20
12
4
-1
0
2
2
5
6
5
-1
-5
-4
-5
-9
-15
-22
-21
-23
-19
-17
-21
-21
-27
-23
-23
-23
-26
-31
-31
-25
-19
-10
-11
-13
-8
-5
-1
9
19
26
28
31
29
34
44
49
51
52
53
55
60
57
55
50
44
46
39
33
29
24
26
26
24
15
7
4
-4
-4
-6
-9
-5
-5
-5
-6
-12
-17
-21
-21
-21
-23
-26
-26
-29
-33
-33
-36
-34
-41
-50
-53
-61
-63
-72
-88
-88
-95
-93
-99
-118
-121
-115
-111
-108
-122
-127
-121
-116
-105
-104
-104
-88
-70
-53
-31
-10
13
39
69
105
145
178
206
233
252
288
336
358
379
385
394
424
411
387
353
304
271
214
151
86
15
-59
-154
-248
-345
-428
-502
-593
-638
-663
-687
-686
-698
-673
-600
-536
-441
-347
-246
-112
25
164
307
462
602
724
849
944
1072
1170
1220
1269
1283
1288
1267
1223
1152
1058
944
817
676
520
354
169
-18
-211
-403
-584
-764
-919
-1068
-1204
-1305
-1396
-1452
-1497
-1529
-1532
-1522
-1464
-1393
-1299
-1187
-1084
-952
-843
-729
-601
-486
-343
-222
-88
57
181
331
445
561
679
762
877
963
1040
1131
1173
1240
1274
1290
1298
1226
1162
1073
969
889
769
657
530
373
227
41
-122
-274
-437
-543
-667
-773
-850
-933
-949
-955
-942
-915
-943
-924
-885
-784
-583
-414
-228
-125
-66
42
125
295
441
547
655
687
776
874
973
1059
1013
908
743
582
503
430
366
253
49
-168
-402
-598
-755
-922
-1072
-1237
-1364
-1424
-1446
-1410
-1375
-1336
-1286
-1220
-1098
-954
-767
-564
-357
-117
90
325
537
723
916
1052
1221
1370
1487
1613
1674
1732
1765
1748
1743
1682
1603
1510
1369
1248
1092
924
764
560
367
165
-54
-240
-431
-620
-794
-964
-1116
-1246
-1368
-1462
-1533
-1589
-1609
-1611
-1592
-1541
-1490
-1415
-1327
-1228
-1092
-959
-807
-639
-478
-301
-144
12
171
294
430
553
659
766
834
908
971
997
1028
1018
986
957
893
851
780
693
626
519
436
347
242
170
67
-22
-100
-214
-298
-407
-509
-566
-646
-670
-685
-701
-676
-683
-672
-684
-725
-718
-722
-675
-602
-552
-461
-376
-232
-40
125
320
479
631
794
875
954
995
1039
1167
1318
1501
1623
1653
1658
1535
1344
1069
713
420
188
80
35
-83
-233
-468
-761
-1063
-1449
-1812
-2120
-2305
-2287
-2183
-2017
-1876
-1769
-1641
-1541
-1436
-1359
-1282
-1106
-823
-416
34
455
845
1151
1431
1635
1747
1825
1839
1918
2043
2172
2324
2363
2379
2330
2168
2002
1697
1388
1089
743
523
258
31
-133
-371
-498
-704
-951
-1168
-1496
-1732
-1960
-2158
-2212
-2270
-2210
-2095
-2010
-1846
-1781
-1737
-1691
-1730
-1664
-1578
-1421
-1115
-832
-448
-85
196
490
636
769
903
990
1194
1378
1590
1847
1991
2132
2172
2109
2041
1881
1735
1604
1443
1337
1210
1055
916
702
471
228
-47
-271
-494
-708
-885
-1075
-1233
-1375
-1524
-1637
-1729
-1770
-1739
-1696
-1600
-1522
-1475
-1415
-1438
-1417
-1382
-1271
-964
-610
-137
310
623
947
1056
1081
1088
973
1100
1311
1629
2119
2386
2627
2645
2366
2089
1540
1057
709
375
367
307
227
127
-252
-617
-1110
-1683
-2097
-2498
-2664
-2622
-2516
-2261
-2059
-1897
-1713
-1613
-1510
-1385
-1279
-1042
-680
-268
259
724
1118
1515
1765
1990
2126
2119
2179
2201
2282
2435
2481
2577
2615
2595
2578
2357
2085
1747
1349
1049
701
383
115
-160
-329
-527
-791
-1097
-1510
-1872
-2207
-2525
-2760
-2993
-3104
-3085
-3004
-2850
-2772
-2740
-2690
-2649
-2513
-2364
-2181
-1875
-1520
-1039
-539
-119
250
472
677
898
1106
1359
1544
1735
1951
2182
2433
2537
2513
2376
2224
2151
2062
1942
1710
1470
1319
1191
1073
795
389
10
-314
-512
-698
-950
-1185
-1376
-1454
-1455
-1537
-1665
-1812
-1848
-1677
-1450
-1228
-1113
-1037
-848
-562
-179
140
383
714
1105
1550
1843
1802
1676
1582
1724
2040
2217
2380
2461
2523
2605
2374
1886
1169
450
95
-90
-143
-297
-688
-931
-1129
-1403
-1867
-2704
-3444
-3810
-3778
-3520
-3450
-3404
-3234
-2848
-2249
-1919
-1900
-1988
-1966
-1516
-904
-387
37
415
991
1644
2198
2525
2485
2386
2385
2514
2746
2815
2755
2714
2820
3039
3079
2901
2515
2084
1789
1490
1149
732
344
114
-27
-94
-265
-598
-1010
-1444
-1771
-2071
-2406
-2669
-2808
-2728
-2482
-2239
-2062
-1945
-1879
-1905
-1947
-1915
-1819
-1663
-1380
-916
-416
-42
336
685
792
818
748
747
1240
1563
1180
1026
1722
2251
2184
1912
1449
1507
2078
1621
657
832
1190
743
216
-2
-230
1
-109
-1403
-1897
-1423
-1549
-2060
-2180
-2271
-2178
-1643
-1625
-1886
-1703
-1764
-2230
-1962
-1232
-373
928
2373
3460
4076
3873
2559
1410
927
1101
1857
2861
3596
4156
4400
3934
2809
822
-1176
-2565
-2739
-2295
-1880
-1811
-2245
-2735
-3510
-4226
-4786
-5135
-5172
-4873
-4212
-3251
-2160
-1028
55
1011
1650
1850
2039
2128
2612
3161
3802
4814
5416
5686
5417
5030
4254
3373
2576
1739
1373
1234
885
311
223
-228
-965
-1926
-2930
-3517
-3794
-3885
-4212
-4042
-3594
-3390
-3297
-2920
-2754
-2593
-2388
-2051
-1196
-604
128
487
982
1604
1765
2023
2197
2578
2844
3048
3052
2839
2491
2152
1819
1405
1115
715
448
19
-260
-523
-641
-798
-1165
-1653
-2235
-2381
-2425
-2059
-1841
-1674
-1708
-1483
-989
-520
-241
-577
-741
-842
-416
-7
316
335
191
-123
-291
-132
134
14
-597
-859
-922
-372
119
766
1661
3357
4760
5495
4660
2609
377
-1573
-2152
-1975
-549
801
1667
1717
1340
39
-1948
-4544
-6023
-5585
-3968
-1887
-825
5
-625
-1814
-3311
-3954
-3287
-1909
476
2828
4933
5806
5435
4642
3704
3053
2725
3058
4247
5229
5909
5702
4794
3613
1659
-223
-1846
-2529
-2054
-1277
-339
-121
-565
-1387
-2835
-3797
-4357
-4338
-3514
-2239
-623
622
989
212
-1207
-2475
-3319
-3580
-2989
-1943
-745
167
446
69
-648
-1727
-2751
-3036
-2334
-929
441
1638
2388
2676
2322
1500
728
337
431
985
1644
2436
2663
2313
1364
169
-759
-1627
-1645
-1430
-760
-72
88
102
-330
-906
-1643
-2163
-1637
-752
575
1510
1896
1909
1129
228
-788
-1353
-1620
-1298
-297
714
892
-104
-1838
-2478
-2284
-1034
587
3061
6788
8594
8417
4970
1553
-1073
-3421
-3739
-2497
958
3166
2923
1930
162
-2274
-6202
-9512
-8880
-6232
-3305
-2113
-1850
-1302
-2767
-4658
-6213
-5338
-2128
1036
4296
6538
7499
6778
4875
3498
3104
2796
3064
3738
5321
6717
6360
5320
3064
955
-1390
-3173
-2601
-1437
89
748
680
1411
585
-1099
-3105
-4322
-2860
-1537
245
1721
2217
2345
151
-2094
-3631
-4463
-4226
-4012
-2734
-1102
-182
-338
-1590
-2602
-3486
-4318
-4150
-2855
-245
1703
2564
2954
2862
2932
1927
829
756
1391
2576
3140
2849
2073
627
-922
-2213
-2450
-1894
-753
43
303
597
-31
-630
-1389
-2172
-1670
-687
138
2162
2134
2296
2260
689
559
-1634
-2299
-2107
-2140
-1510
-1941
-1916
-997
-1152
950
4637
7308
7742
2789
-198
-2584
-3345
-4579
-5106
-589
3079
5787
4698
2713
1427
-2821
-7823
-8617
-6521
-1963
-522
-1243
-472
-2021
-3244
-7056
-7911
-3918
-195
3664
6171
6997
6880
4674
1927
939
901
2080
2400
4107
6393
6528
5051
2054
-253
-1489
-1763
-1420
-118
2472
4109
3815
3120
1275
-481
-1910
-2669
-1247
517
2817
3806
3282
2585
14
-2602
-4205
-5595
-4797
-3551
-2207
-670
-881
-1003
-2565
-4417
-5586
-6729
-5671
-3926
-1647
438
1624
2347
2426
2198
1438
827
633
950
1617
1903
1755
1510
363
-638
-1248
-1469
-557
116
694
944
804
574
261
78
663
1126
1776
1677
1297
812
88
-722
-2291
-2121
-2458
-1871
-2138
-2561
-1339
-636
516
4029
7004
8145
4973
-1210
-3428
-6389
-7649
-8504
-5723
356
3411
4143
3719
3150
-226
-5618
-8945
-6163
-1658
674
84
319
329
-1417
-4290
-6786
-3779
-283
3217
6684
8340
9209
6899
3593
2643
2491
2452
2117
1714
3596
4508
3573
1822
-614
-1911
-3012
-3206
-2021
174
2296
3468
3734
3258
2153
-9
-2023
-2276
-592
1085
2157
1781
845
-6
-2134
-3649
-4037
-3133
-1310
-355
484
610
-730
-2049
-4542
-5336
-4945
-4498
-2530
-1500
536
1288
1376
1940
1512
2105
2069
1886
2583
2143
1190
-239
-1925
-2696
-3196
-2805
-2139
-1700
-1169
-450
-259
-159
-1620
-2176
-588
1102
3358
3965
4079
2493
96
-2704
-4387
-3338
-1818
641
3654
5312
8528
11621
10256
5667
-2566
-6297
-7530
-8038
-7862
-6063
-40
2213
1032
-1139
-1842
-3288
-6532
-8981
-5863
787
3835
2820
1153
274
-1828
-4366
-6420
-4049
964
4948
7574
8889
8270
5204
928
-1479
-775
736
3133
4855
6547
6746
3589
-200
-3283
-5155
-5418
-4444
-2304
1233
3443
3599
2290
90
-1640
-2753
-2488
-843
834
2363
2980
2406
1535
-615
-2732
-3803
-3380
-1703
-695
581
1623
2236
2043
502
-880
-1668
-2236
-2377
-1754
-876
756
1477
1506
2237
2848
2975
2159
867
251
-416
-1218
-1698
-2434
-1541
-390
169
136
-506
-1638
-2094
-2300
-2558
-1824
-912
1056
2997
4135
2802
361
-2362
-3859
-4329
-3717
-2161
1010
4572
5273
8924
11543
10051
3367
-5780
-9346
-8624
-8148
-8725
-5792
-100
2637
522
-2144
-3340
-4730
-9122
-12293
-7362
124
3551
1722
-946
-2772
-3968
-5383
-6634
-2085
4198
8662
12100
13128
12049
7551
1635
-409
1117
4194
6555
7092
8335
8562
5635
1704
-2425
-4674
-4885
-4122
-1268
2246
4168
4565
3798
1365
-642
-2884
-3638
-3051
-1883
-171
-43
57
-1313
-3333
-5172
-6399
-6352
-5414
-4010
-1946
-564
-106
-377
-1684
-2077
-3038
-3623
-3780
-2593
-228
1647
3883
5451
6888
7822
6778
5185
2388
-570
-1454
-2170
-1314
270
1487
2665
2310
597
-1253
-2272
-2516
-2024
-632
1131
3242
3601
2535
1139
-1314
-4381
-7592
-8381
-4614
1419
6276
12383
16030
14023
4691
-7525
-14049
-16386
-16596
-13696
-6010
3538
8240
4834
702
-3071
-7833
-13619
-15046
-6809
3552
9538
8802
5391
-102
-6263
-11662
-13130
-6639
1554
8330
13485
15381
13752
7248
-460
-3477
-2185
2255
6964
10496
13081
12383
8244
2828
-2391
-6486
-7870
-6420
-1634
3804
6924
7122
4409
381
-3325
-4681
-6016
-6210
-4651
-2475
1005
2890
2327
1056
-1286
-3213
-4009
-3769
-2061
-977
771
221
52
-721
-3769
-4848
-6890
-7115
-5698
-3634
-556
2621
6565
8748
8833
8101
4144
775
-1378
-3537
-3399
-2776
-1695
72
588
-417
-1497
-3049
-3554
-2880
-166
1102
3368
4101
3333
2607
-814
-2803
-4322
-1508
1562
7946
17032
20511
16508
5874
-5234
-10736
-16008
-20058
-15407
-6531
3302
4832
2460
-478
-5286
-12771
-20661
-16373
-4965
4991
8716
7456
4859
-162
-5873
-10298
-7987
-778
3983
8401
10978
10644
6982
-737
-5605
-5279
-1825
2774
7401
11342
13527
12104
7868
3539
629
-807
-1329
1375
5717
8379
8414
5964
2216
-376
-2707
-4804
-4832
-4259
-2620
-1434
-1527
-1401
-1588
-2776
-4428
-4969
-4008
-2963
-1864
-1634
-1316
-481
-1117
-2364
-3639
-5062
-6129
-5746
-3999
-1829
567
1848
2665
4192
3669
1986
-389
-1728
-1903
-1010
24
681
2655
1597
1200
1265
221
-302
-571
363
2832
5005
4310
3064
1030
-2267
-5177
-4351
-836
6887
16756
21135
18655
7466
-4526
-11304
-15413
-18356
-15725
-6334
2352
3670
416
-3047
-7641
-13669
-21034
-17325
-3384
8029
11660
8379
2345
-4395
-10321
-13815
-8883
1444
9030
13782
15643
12846
6258
-3850
-10444
-8983
-3218
4132
9653
12909
12948
9181
3729
-975
-3051
-2491
151
4431
9191
10844
8601
4731
-485
-3066
-3555
-3363
-1399
-697
184
-37
-1791
-3325
-4016
-4344
-4729
-3610
-1035
998
1150
-1154
-3388
-3368
-3379
-2473
-1597
-664
-1242
-1842
-1096
-489
1521
1705
2020
4749
5783
4117
1014
-3728
-6117
-5537
-5243
-3638
-1850
-2288
-2170
-2435
-2466
-240
-609
873
1061
2532
5074
4221
3333
1089
2214
8432
17803
21563
17117
6047
-3774
-8549
-12438
-16012
-12741
-5113
-41
-63
-4697
-6279
-10926
-18633
-24327
-18783
-2783
8698
10006
6039
942
-4344
-7954
-9191
-2236
7947
13823
16359
15638
12303
4817
-6253
-12433
-9748
-1462
7295
13073
14508
11709
5472
-1491
-4374
-4467
-2973
911
5674
11870
14636
10423
3193
-3504
-5618
-6167
-4906
-3201
-1441
1087
-318
-2733
-4231
-6569
-8452
-8382
-5494
894
4763
3989
678
-1016
-1860
-1683
-1456
-2136
-1424
-2469
-989
154
1153
2903
1765
3219
6059
6784
5767
1946
-1624
-2451
-2801
-2993
-3395
-3467
-3238
-3147
-2670
-2236
-1395
-1646
-1169
-810
825
2679
1656
1179
3583
12785
22221
21378
11066
-882
-6706
-7804
-11381
-11279
-5538
-403
-809
-5365
-6040
-5753
-11052
-21071
-22537
-10354
3654
8260
3994
-940
-6043
-10714
-11376
-6012
5538
15263
18208
19085
17216
10232
-632
-10283
-10854
-3757
4356
9136
9433
6127
-817
-7885
-9543
-6673
-625
4965
8909
13211
14866
12251
6225
-30
-1949
-432
1698
3279
2093
246
-3044
-7269
-10881
-11046
-8853
-6876
-2693
1318
4174
4189
754
-3294
-3388
-1910
482
3124
4154
2903
-428
-2369
-4243
-3600
-1149
1319
4903
8554
7520
2923
-1779
-7692
-10334
-8980
-7419
-5974
-1611
-1902
-2830
-2231
-4305
-2249
507
1979
3565
6602
7909
9060
14622
24743
25405
16726
2268
-9268
-7994
-8606
-11799
-8160
1930
2259
-3131
-8626
-11527
-11025
-18527
-24890
-14786
2606
10761
4582
-6171
-11864
-16563
-15940
-10741
1201
15748
20603
18911
17074
13482
4317
-3813
-6156
331
11750
15490
12595
7533
-428
-7913
-12871
-11291
-4525
898
5734
9075
11150
11066
5518
-632
-756
2636
5227
6780
4547
1368
-2116
-7087
-10419
-8329
-5020
-5124
-5126
-4290
-2603
-1394
-3677
-7480
-4873
-829
789
1261
448
-1734
-3270
-2260
-1295
2951
6072
5914
7855
11497
10996
6190
298
-6223
-7699
-5241
-4872
-3721
-3152
-7234
-9613
-10871
-10032
-6850
-4975
-3072
690
5808
9626
12263
19946
28987
26491
15828
1013
-5549
-3651
-5738
-8198
-2703
3816
642
-8745
-15635
-16295
-18125
-24999
-26057
-10689
6347
10029
-811
-11726
-16513
-18602
-14173
-2977
14175
25261
23471
16295
12505
9808
3249
-1897
735
10775
18801
17773
10385
2203
-5550
-12781
-14633
-7638
1461
5794
5734
3494
2810
2028
-141
466
6418
11886
12496
8896
3042
-1813
-5915
-8253
-6694
-1262
1678
-1580
-6157
-8955
-11298
-11564
-10974
-7435
849
5581
4267
198
-4144
-8207
-8766
-5127
1444
8687
12060
9939
8344
7965
4999
2061
-1044
-1704
48
62
-2754
-5735
-9665
-12040
-13380
-12706
-9128
-6764
-6133
-6923
-6640
-2599
8120
21977
31995
27095
13746
2962
-559
772
-1065
-433
6576
11741
5407
-6534
-13802
-16853
-22177
-28397
-23720
-6216
8606
5839
-9383
-19192
-22498
-21777
-14878
-494
19001
28876
23384
12605
6789
5448
3164
3469
10990
21342
25003
18248
7398
-1883
-7574
-11557
-10119
-1719
5336
5726
757
-4607
-6331
-6649
-4899
1826
9440
15138
13073
6067
1072
-2284
-4429
-3244
366
3831
4531
706
-5470
-9708
-11715
-14059
-11033
-4703
590
1916
-544
-4469
-7791
-7459
-5686
-1212
6137
10761
9934
8380
6915
5109
6037
5058
3476
5177
3724
-490
-4874
-9556
-12540
-13396
-12428
-10590
-9421
-7608
-9260
-9951
-7048
-877
13665
25464
23518
11130
2349
37
2224
3581
4209
11022
15475
7182
-5820
-11493
-12347
-15584
-23424
-22519
-9192
3833
1290
-14794
-26288
-26972
-22136
-14460
-1322
12710
19900
15223
6009
4404
9996
12375
12168
16543
24024
28566
21040
7599
-1373
-2807
136
2038
4944
6091
860
-8544
-14332
-10850
-3400
1543
3644
4674
7269
6124
-424
-4275
-4338
-1527
3320
7008
8412
5882
-79
-7039
-9414
-5788
-4189
-2799
-295
531
-1042
-5673
-10660
-13050
-9305
-4035
427
5995
6683
4078
2232
577
3461
6336
7659
8401
6472
5627
1580
-3630
-7047
-9285
-8824
-8238
-8701
-8255
-9409
-11133
-12539
-6104
10772
20166
15614
366
-6201
-1542
4882
6917
5429
10963
12145
2785
-6706
-7738
-4421
-6756
-15590
-15846
-3796
7317
82
-17917
-27688
-26550
-17972
-10011
-380
8588
10086
1580
-7175
-3471
9062
18073
19680
20294
22988
25429
20586
10674
4637
4041
6007
7885
8687
7336
-120
-11122
-17855
-15157
-5858
1413
3899
1919
-230
-2015
-4848
-5085
-2389
1629
6683
9888
9709
5562
-1095
-7530
-10235
-4971
650
3267
3730
297
-2539
-3990
-6391
-9252
-9747
-7079
-2763
3346
5495
2968
220
-1829
-426
2606
5660
7613
8342
7635
5071
2558
-571
-4097
-6602
-9915
-9823
-7126
-7685
-8647
-5320
5850
13238
8698
-5387
-15084
-7704
2720
6314
8619
12302
12233
3010
-8558
-9871
-2328
318
-10113
-16196
-6498
3922
827
-15029
-28003
-27074
-16552
-6854
1637
9760
10653
199
-12298
-11891
1824
16347
20349
15360
13029
15475
15705
13278
12089
13649
15415
14802
12328
10343
7170
39
-7739
-9191
-3574
281
-1726
-7138
-12291
-11434
-7748
-4985
-1188
864
-182
-1216
-316
2546
5372
6155
3005
491
565
-1610
-2605
-2587
-2874
-2230
-947
-668
-1625
-2362
-5193
-6853
-3481
692
4561
8023
8564
6192
2612
-760
-2314
15
3062
3825
5378
5812
2102
-4207
-9790
-11304
-8832
-3840
3802
13547
14919
3189
-14051
-20003
-11704
-973
4012
5052
7988
6591
-1689
-8858
-6400
206
-100
-8581
-12079
-4803
860
-6771
-22043
-30053
-25692
-14241
-5203
668
5601
3919
-4759
-10816
-6425
7283
18920
20516
17397
14835
12959
10920
10074
14037
20182
21966
17522
11004
5743
2329
-718
-1711
1044
5331
6118
918
-6331
-12695
-14821
-13181
-8449
-2145
1467
-989
-6684
-8768
-5978
-122
5301
6274
4814
3162
-458
-2895
-2008
308
1399
959
-836
-2226
-33
1125
-755
-740
90
1618
4747
5738
3445
1253
349
75
1585
3088
1827
-160
-736
-2627
-4260
-4856
-5384
-2730
7391
16253
12703
364
-13443
-15865
-5631
2983
3445
1767
513
-4355
-10253
-9465
-2182
3744
543
-10765
-14052
-5725
-1650
-8904
-19071
-22725
-17996
-11575
-8787
-5801
-1712
-3071
-10541
-13628
-5635
7266
15539
16541
14875
16072
17590
15518
14973
17662
20806
21165
17418
13493
11388
9439
5734
2764
3281
5332
4683
1688
-3017
-7194
-9297
-12351
-12522
-9423
-6662
-6486
-9139
-10921
-10364
-6029
-216
2480
3008
974
-3316
-4180
-1359
2233
4820
5489
3056
162
261
-134
1022
4145
5110
5510
6078
4985
2672
842
-40
1412
4136
4398
1654
-2357
-5346
-7178
-7355
-4098
-36
5933
10460
5016
-4592
-11502
-8997
794
7564
6972
2942
-403
-6022
-10906
-9028
-982
4329
-192
-11676
-15424
-9043
-2405
-6411
-17424
-22737
-21831
-14812
-9236
-5939
-2049
-3123
-7202
-9125
-3943
3631
6500
4755
5168
11732
19285
21350
17130
15010
16694
19308
21738
21573
19225
15735
10215
5764
5227
7318
7143
5689
1909
-4586
-8155
-10234
-9554
-7280
-6803
-9119
-11170
-11283
-11806
-11177
-7856
-5811
-4447
-3062
-5567
-4948
-1920
-435
-244
703
1759
1748
5436
6515
5512
7218
6482
5779
7003
6788
4979
3486
1907
711
1835
2560
1169
-1176
-3027
-4280
-4218
-1695
2727
8720
10736
1913
-8645
-10890
-5210
3730
4225
-2482
-7387
-9255
-9530
-7859
-308
6014
4794
-4322
-14308
-13594
-6220
-2824
-9709
-16911
-18347
-16405
-12473
-11408
-10579
-8413
-8816
-9951
-6971
851
7531
7293
4155
4280
10094
17616
20017
17540
14885
13646
13781
15813
17086
17040
15459
11948
9672
9414
9532
7805
6578
5636
3566
1488
-3095
-7144
-7487
-7888
-9368
-10305
-9756
-9708
-9767
-9139
-10291
-8594
-6737
-7625
-6200
-3578
-2251
-3763
-4522
-5001
-3655
1935
4963
5317
6644
7086
7388
9866
11577
10659
9435
7818
6343
6845
6903
3510
-1796
-4484
-4759
-3825
-267
3154
6208
6501
-2421
-11510
-9861
-400
8099
6515
-1619
-7833
-9149
-9242
-8625
-2574
3837
3219
-5400
-12748
-11009
-5468
-4460
-12801
-18724
-15838
-11412
-8725
-10963
-13350
-12599
-12167
-11743
-8813
-3671
143
-282
-2016
1476
9536
16987
19338
16112
15039
16662
17739
18450
16904
15693
14816
11900
9416
9079
8937
8107
7838
5152
3589
3125
212
-1537
-2969
-5109
-6860
-7063
-5876
-6131
-4746
-5890
-11329
-12131
-12488
-10555
-5907
-3757
-4921
-7558
-7324
-7921
-5577
-906
-588
-331
2239
4253
7423
11516
10888
7366
5406
5993
9664
14318
14921
9533
2621
-779
-1246
1650
6427
8991
10513
5811
-5048
-10507
-6597
2363
6919
1814
-5497
-8841
-7929
-7215
-5754
-916
874
-2444
-10501
-13685
-7829
-2024
-3767
-14269
-20050
-16352
-10520
-7438
-10173
-13263
-14137
-14745
-12757
-6630
370
1672
-2819
-6885
-2954
7100
14990
16686
13894
13145
14786
16085
16458
15207
14676
14904
12925
11272
11564
11309
10279
6588
0
-2738
-1948
-618
944
-595
-4016
-7505
-9143
-9192
-7806
-3822
-3519
-6287
-8131
-9673
-7932
-4440
-4687
-7499
-7541
-5328
-3372
-1264
-1249
-2187
-1007
677
1974
4621
8577
10070
8527
7911
8046
8986
11013
10990
8865
6284
4542
2583
3061
6488
7460
8385
5912
-2123
-5758
-2798
3000
4744
-950
-8144
-11481
-7481
-3430
-2493
-1350
-3537
-7902
-12292
-11411
-5184
47
-3062
-15228
-21114
-16358
-7613
-2367
-5474
-10315
-13014
-14648
-13316
-8002
-809
1932
-1989
-6569
-4493
4738
13600
15735
13088
11780
12110
13452
14735
14251
14683
14398
11133
9191
9039
10992
12382
7241
1165
-1525
-1325
1661
1617
-3320
-7602
-8110
-7656
-8085
-5273
-4575
-6713
-7226
-10452
-11039
-6988
-4057
-6586
-8700
-6819
-6050
-1691
748
-2446
-2531
-1378
-261
2404
6033
9396
9674
7862
6515
6848
10004
13960
11879
7974
6486
5236
5628
5188
5602
6680
8363
7418
-890
-3887
-259
3261
3083
-3784
-9186
-9827
-3777
-1640
-4131
-3021
-6066
-9071
-11732
-10284
-3605
-730
-5997
-18173
-21076
-12854
-4095
-1539
-7756
-12688
-12943
-10803
-7308
-4964
-2438
-2684
-5866
-6634
-1197
7501
12831
12392
9016
8824
11804
15510
17633
17212
16685
13506
8779
7427
8452
13150
14996
8364
1376
-2560
-2774
273
762
-2951
-6569
-7459
-8584
-9444
-6574
-6588
-8459
-8661
-10534
-9417
-5314
-4176
-8598
-10649
-8294
-5661
-807
724
-1193
-624
1190
2121
1845
3421
6269
7023
7852
7942
7678
9307
10541
8647
7266
7046
6351
6155
6527
8422
8409
8339
6010
-968
-2903
352
4657
5404
-941
-7888
-11309
-6540
-2255
-3412
-3380
-7068
-9844
-10954
-9717
-6173
-5194
-7941
-15895
-17960
-11959
-5482
-2842
-7428
-12159
-12278
-9078
-3994
-1707
-1257
-2253
-4795
-4828
265
7313
11572
11958
8797
7874
10632
13395
15487
15467
15019
13706
10888
10010
9926
13211
14614
8528
2485
-1195
-1447
2021
3483
-929
-5681
-7048
-8976
-9335
-6102
-7151
-9237
-9973
-12900
-12350
-8381
-6135
-10053
-11997
-10036
-8266
-3383
-1385
-3576
-2750
-203
1471
2899
5281
7751
7213
7326
7257
6912
10113
11706
9026
6483
5605
5561
6566
7223
7899
7154
6667
8020
5301
1926
407
1336
3524
3029
-1904
-7508
-7564
-3797
-3257
-4090
-4706
-7204
-8302
-10337
-10338
-8683
-7523
-10194
-15994
-16466
-12695
-7395
-4944
-7120
-8990
-8617
-6957
-4999
-3327
-755
1025
582
876
3726
7956
12241
12449
9601
10197
11921
13688
15055
13563
12165
10887
9951
10482
12059
12955
9412
4067
501
173
1736
1975
-979
-4987
-6136
-6512
-6840
-6799
-7764
-8801
-9316
-10126
-10330
-9808
-10948
-12501
-13445
-12094
-8608
-6896
-6789
-7069
-6051
-2797
-166
1907
3235
4215
6622
7934
8631
10218
11516
11820
10349
8294
7434
7710
8264
8074
7954
8501
7179
3683
3995
5693
5682
4627
2578
1452
518
-1831
-5252
-5009
-508
491
-2490
-5597
-8045
-7214
-6765
-7615
-9440
-10318
-10692
-14193
-15925
-14739
-11196
-8024
-8543
-10769
-11453
-9935
-7651
-5091
-2637
80
2310
2977
4269
7181
11057
13810
14362
14118
13230
12907
13374
12897
12713
13028
11865
10907
9669
8354
7708
5151
2812
2320
1100
249
-1378
-4788
-5694
-4729
-4479
-6085
-7923
-9472
-10372
-9267
-9232
-10008
-10989
-11482
-13143
-14187
-12018
-10471
-7965
-5200
-4755
-4851
-3762
-2363
-731
2341
5645
7740
8625
9080
9633
10087
10073
8495
7524
9540
11710
12212
10134
6451
5074
5248
5286
8734
12002
8088
1054
-2978
-1061
3868
4736
61
-5325
-4770
-1350
-2335
-2822
-3386
-5169
-6634
-9765
-11023
-9776
-7548
-10806
-15684
-16115
-12736
-7281
-6961
-10510
-12490
-11304
-7990
-5188
-3495
-972
725
1275
2180
4683
9884
14312
14214
11595
9716
10509
13574
14473
13288
12175
10720
9154
8000
8451
10210
9523
5539
788
-2199
-1312
812
303
-1971
-4433
-6386
-8036
-8600
-7358
-7481
-8391
-9655
-11630
-12107
-11409
-11271
-13082
-13654
-12222
-10176
-7560
-5761
-5644
-5970
-4144
-1630
73
2581
4849
6230
7398
7985
8363
9532
10950
11203
10820
9832
9451
9098
8706
8654
8295
8645
7368
4430
4916
7198
6716
4093
1570
1735
2708
1596
-1414
-2963
-171
330
-2945
-5343
-6691
-4776
-4466
-7654
-10065
-10172
-8891
-10463
-12365
-12549
-10559
-8028
-9069
-10835
-10252
-7154
-4085
-3451
-3304
-2207
-407
1537
3589
6084
9362
10766
8114
5694
6766
10440
13421
12200
8833
7409
8956
10259
9280
8043
7217
6481
4707
3160
2329
1944
1286
-1373
-3669
-3740
-3532
-4041
-6318
-8647
-8826
-9393
-9626
-10673
-12040
-12461
-12330
-11566
-11543
-11191
-10411
-8666
-6368
-5536
-5330
-4196
-1898
887
2654
3240
3476
5080
8376
11374
12459
10911
8174
7422
9077
11036
12565
11433
8153
6039
5789
6977
8852
7822
6221
6300
5021
2082
730
2971
3734
1605
-2996
-6375
-4167
262
-693
-4824
-7698
-8853
-7216
-6603
-7025
-7988
-8712
-10390
-12262
-11700
-9037
-5658
-5323
-7816
-9612
-8237
-4426
-1432
-905
-1352
-1423
-578
1010
2510
4441
6480
6347
4468
4081
6424
9552
11107
9077
6587
7055
8940
10062
9535
8860
8382
6904
4966
3379
2968
4130
3470
1152
-1557
-3899
-4585
-4619
-5926
-7282
-8435
-10216
-10495
-11016
-10643
-9590
-9492
-10344
-12353
-11902
-9162
-6152
-4660
-6040
-7074
-5024
-1522
2235
4549
4510
4257
5249
7523
10519
12471
11440
9411
8759
10393
12233
12521
11660
9251
7294
6566
6174
6795
7062
5137
1577
89
1210
1795
505
-912
-1639
-2632
-4804
-7332
-7636
-5527
-3764
-5331
-7705
-9432
-8480
-6584
-5953
-5841
-7228
-7694
-8614
-8640
-6879
-5249
-3898
-4526
-6212
-6695
-5174
-3129
-1786
-2458
-3600
-3454
-1793
632
2537
4137
4700
4716
4768
5944
7891
9994
10770
8986
8130
8850
9717
10311
10080
9536
8447
7294
6250
5145
4551
3656
1827
-380
-1894
-3089
-3980
-4024
-4776
-6548
-8352
-9390
-9401
-8684
-8416
-9516
-10386
-10109
-9915
-9321
-7876
-5779
-4134
-3899
-3317
-2086
-71
2703
4300
4633
6009
8234
10209
11529
11222
10049
9552
10116
11369
11614
10600
7973
4868
4185
4358
4444
3237
743
-1094
-1857
-2839
-3388
-2344
-2744
-5324
-7530
-7113
-5092
-4571
-5994
-7226
-7360
-5628
-4511
-4437
-3716
-3019
-2220
-3402
-4532
-4624
-4042
-2746
-3183
-4617
-5982
-6226
-4970
-3924
-3953
-4529
-4647
-4226
-3240
-1579
-1002
-1220
-751
550
2927
5288
6616
5636
3976
4685
7270
9934
9918
8439
7850
8100
9068
9206
8417
7445
6735
6072
4850
3719
2720
1647
523
-264
-880
-2325
-3743
-4719
-5234
-4886
-4807
-5370
-6675
-8239
-8240
-7393
-6290
-5542
-6461
-6970
-5537
-3031
-1017
-462
-191
698
2117
4163
5672
6238
6739
6974
7192
7781
7824
7109
6340
5280
4529
5010
5478
4691
2255
-583
-2573
-3485
-3255
-2798
-2874
-3538
-4632
-6161
-6327
-4391
-2037
-1705
-3558
-4452
-2871
-1658
-2037
-2327
-2040
-61
392
-337
-894
-1897
-1359
-1981
-2626
-2337
-2424
-3065
-4017
-4373
-4562
-4022
-3532
-2956
-2824
-3300
-3936
-4501
-3878
-3262
-2219
-1083
-1038
-1082
-697
679
3045
4950
5323
4470
3849
4721
5868
6565
7227
7034
6296
5698
5706
6322
6697
6851
6349
5536
4941
4200
3711
3734
4332
4126
2694
974
-76
289
411
-527
-1813
-2425
-2852
-3257
-3084
-3294
-3390
-3758
-4195
-3864
-2845
-1930
-2127
-2577
-2855
-1988
-607
118
250
-192
-619
-1189
-1308
-749
-166
12
-337
-1294
-2366
-2683
-2121
-867
-292
-1086
-2254
-2684
-2118
-1522
-1588
-1606
-1192
-642
-360
-449
502
1692
1097
-55
-63
895
1340
1623
1507
805
968
816
669
866
1213
953
-527
-1442
-1807
-1747
-2070
-3107
-4058
-4437
-4175
-3560
-3431
-4682
-5762
-5975
-5266
-4221
-3810
-3761
-3724
-3281
-2307
-1004
443
1916
2564
2724
3300
4854
6708
7472
7921
8304
8907
9952
10453
10227
10125
10712
11308
11123
9984
8634
7732
7161
6934
6584
5370
3376
1126
-49
-74
-345
-1961
-4593
-5960
-5664
-5094
-5418
-6934
-8636
-9343
-8857
-8123
-8248
-8941
-9232
-9164
-8439
-7667
-7509
-7142
-6497
-5663
-4910
-4440
-3973
-3471
-2489
-1536
-1179
-434
14
179
1158
2109
2634
2441
2055
2434
3802
5292
5652
4930
3737
3337
3869
4854
5294
4831
4331
4164
4293
3787
2999
2432
1674
923
608
580
674
-20
-1435
-2120
-2169
-1919
-2256
-2899
-3365
-3866
-4725
-5943
-6355
-6129
-5148
-4503
-4704
-4979
-5315
-4919
-4257
-3464
-2512
-1673
-817
-39
981
2651
4771
6262
6435
5968
6363
7867
9436
9759
8850
7996
7762
8201
8353
7901
7090
6020
5305
5074
5009
4307
2970
1934
1532
1563
1487
728
-462
-1845
-2801
-3328
-4233
-4908
-5234
-5351
-5859
-6612
-6885
-7149
-7217
-7498
-7999
-8193
-8033
-8075
-8487
-8116
-7196
-6148
-5676
-5950
-5748
-5155
-4016
-2934
-2267
-1562
-1336
-767
197
1153
2332
3072
3046
2940
3662
4709
5326
5298
5114
5289
5689
6405
6409
5649
5212
5014
5078
4759
3596
2782
2457
2277
2132
1055
-269
-619
-532
-374
-550
-1202
-1423
-1773
-1792
-1259
-1498
-1906
-2351
-2547
-1945
-692
152
-40
-997
-1753
-1255
-641
226
597
368
349
-231
-231
63
187
612
965
964
892
678
350
600
915
1469
1652
1283
1287
1233
1359
1473
1223
1053
1571
2284
2190
1157
182
688
1604
1804
1223
284
95
289
443
384
-316
-1187
-1945
-2469
-2504
-2450
-2693
-3381
-4114
-4410
-4594
-4810
-5084
-5172
-4953
-4650
-4423
-4503
-4642
-4605
-4201
-3746
-3448
-3064
-2743
-2143
-1212
-268
525
916
1498
2614
3567
4017
3724
3425
4189
5534
6380
5696
4205
3451
3588
4056
4183
3782
3252
2774
2118
1708
1769
2014
2213
2375
2770
2918
2729
2282
1781
1773
2030
2153
2078
1515
908
926
619
384
582
459
231
-461
-1533
-2463
-2826
-2793
-3121
-3747
-4308
-4784
-5340
-5689
-5834
-5632
-5265
-5338
-5398
-5364
-5044
-4228
-3382
-2683
-2331
-2180
-1733
-872
119
928
1278
1407
1767
2233
2876
3568
3962
4101
4202
4480
4676
4523
4283
4230
4220
4099
3713
2994
2187
1343
642
367
356
97
-597
-1457
-2146
-2451
-2517
-2519
-2598
-2827
-3131
-3429
-3609
-3643
-3578
-3242
-2497
-1843
-1826
-2162
-2319
-2104
-1624
-1334
-1053
-310
416
591
354
361
956
1610
1901
2075
2443
2991
3276
3080
2941
3145
3594
4147
4244
3845
3530
3498
3683
3761
3329
2624
2181
2022
2013
1943
1677
1289
771
503
364
75
-142
-516
-1027
-1416
-1726
-1925
-1985
-2030
-1877
-1702
-2075
-2731
-3287
-3442
-3356
-3534
-3908
-4266
-4360
-4440
-4796
-4976
-4896
-4868
-4904
-4859
-4588
-4151
-3821
-3670
-3483
-2957
-1974
-755
302
810
761
686
1002
1676
2347
2735
2974
3137
3301
3639
4062
4335
4299
4106
4109
4415
4678
4571
4320
4334
4445
4222
3876
3688
3549
3264
2727
2151
1779
1502
1015
317
-176
-338
-593
-1152
-1817
-2407
-2867
-3283
-3749
-4099
-4165
-4013
-3841
-3900
-4055
-3961
-3683
-3204
-2549
-1991
-1553
-1383
-1304
-751
163
1076
1553
1493
1679
2382
3263
3826
3639
3452
3750
4081
4398
4404
4075
4030
3948
3508
2910
2203
1743
1419
1017
721
196
-587
-1366
-2054
-2280
-2337
-2843
-3556
-4250
-4652
-4457
-4294
-4440
-4706
-5107
-5196
-4827
-4433
-4265
-4270
-3924
-3059
-2411
-2108
-2063
-2286
-2117
-1555
-913
-337
-143
-207
-302
-201
199
581
743
876
1023
1232
1660
2037
2351
2552
2525
2612
2867
3183
3448
3637
3845
4015
4038
3862
3634
3534
3662
3766
3677
3621
3491
3209
2920
2688
2467
2126
1717
1425
1245
949
430
-169
-543
-706
-1112
-1712
-2223
-2633
-2882
-3007
-3059
-3025
-3084
-3239
-3303
-3151
-2777
-2414
-2172
-1837
-1436
-1126
-826
-671
-647
-474
-159
346
871
1059
878
493
419
939
1574
1784
1424
934
903
1193
1293
1072
681
297
-14
-314
-612
-878
-1136
-1419
-1687
-1866
-1957
-2085
-2312
-2553
-2746
-2764
-2647
-2658
-2826
-2953
-2927
-2800
-2739
-2730
-2467
-1957
-1504
-1245
-1028
-460
404
1120
1625
2014
2434
2952
3405
3856
4267
4338
4085
3799
3850
4184
4207
3651
2881
2378
2283
2361
2167
1598
839
120
-204
-250
-379
-689
-1277
-1852
-2141
-2354
-2472
-2599
-2775
-2760
-2697
-2643
-2574
-2531
-2241
-1750
-1376
-1160
-1058
-793
-188
437
879
1199
1470
1898
2400
2729
2997
3212
3362
3522
3545
3555
3665
3672
3527
3189
2783
2581
2366
1996
1507
955
686
516
173
-382
-1123
-1622
-1934
-2227
-2564
-3008
-3246
-3391
-3653
-4089
-4623
-4861
-4781
-4547
-4326
-4282
-4292
-4297
-4221
-3983
-3579
-3051
-2523
-2082
-1776
-1503
-1123
-602
-38
410
744
1124
1612
2072
2331
2369
2449
2725
3039
3176
2932
2509
2305
2402
2621
2528
2050
1532
1211
1198
1227
1134
1023
796
519
311
251
466
664
595
394
277
518
799
757
587
425
624
1088
1299
1166
658
339
526
925
1221
845
231
-45
38
336
147
-366
-788
-898
-633
-622
-847
-1229
-1566
-1453
-1239
-1129
-1318
-1650
-1632
-1333
-958
-835
-1008
-1076
-982
-778
-580
-494
-403
-326
-204
-63
51
140
15
-191
-250
-21
413
628
492
177
50
298
625
747
635
545
691
952
1055
878
609
534
685
814
730
489
320
272
191
-15
-315
-506
-564
-643
-771
-937
-1052
-1136
-1231
-1308
-1369
-1388
-1417
-1465
-1474
-1436
-1357
-1278
-1209
-1131
-1009
-833
-706
-686
-707
-631
-319
127
426
452
339
354
619
1000
1296
1396
1424
1549
1753
2010
2143
2063
1908
1819
1926
2135
2274
2184
1847
1492
1323
1372
1503
1539
1398
1234
1159
1131
1048
871
763
814
1010
1120
914
520
160
-17
-87
-265
-613
-1018
-1331
-1530
-1799
-2243
-2793
-3289
-3556
-3718
-3975
-4335
-4658
-4731
-4635
-4569
-4612
-4692
-4571
-4254
-3871
-3436
-2977
-2411
-1762
-1144
-534
26
579
1112
1610
2189
2842
3517
4037
4286
4346
4359
4507
4834
5201
5434
5354
5037
4725
4599
4681
4673
4349
3779
3184
2811
2591
2252
1688
956
241
-375
-936
-1421
-1822
-2169
-2548
-3064
-3586
-3897
-3888
-3667
-3537
-3600
-3755
-3729
-3391
-2909
-2532
-2420
-2375
-2179
-1779
-1278
-985
-867
-748
-524
-156
153
370
534
673
816
951
1172
1508
1855
1963
1727
1409
1320
1552
1845
1894
1670
1339
1053
813
579
383
304
273
98
-295
-783
-1117
-1200
-1178
-1223
-1431
-1673
-1831
-1899
-1891
-1841
-1737
-1614
-1516
-1457
-1356
-1140
-876
-661
-568
-475
-260
58
347
469
504
615
846
1115
1289
1354
1414
1513
1683
1848
1951
1979
1897
1764
1616
1508
1449
1374
1217
941
600
287
89
0
-54
-169
-385
-654
-839
-853
-686
-432
-262
-256
-387
-482
-400
-125
251
540
647
614
576
653
820
970
1044
1046
1079
1163
1221
1170
979
764
665
714
813
761
500
124
-195
-337
-373
-421
-567
-801
-1060
-1294
-1492
-1646
-1757
-1855
-1979
-2163
-2349
-2475
-2531
-2530
-2587
-2708
-2849
-2920
-2803
-2569
-2324
-2218
-2268
-2269
-2086
-1657
-1173
-831
-623
-428
-82
327
651
839
998
1338
1830
2270
2441
2331
2189
2246
2575
2969
3165
3075
2811
2631
2637
2749
2788
2663
2464
2287
2168
2024
1809
1576
1397
1262
1031
659
234
-76
-178
-219
-379
-754
-1218
-1557
-1677
-1617
-1601
-1732
-1942
-2074
-1992
-1799
-1627
-1582
-1584
-1474
-1196
-827
-560
-437
-430
-379
-179
133
441
570
542
456
475
641
811
857
750
636
612
687
727
616
413
214
107
42
-88
-301
-546
-677
-704
-771
-960
-1280
-1512
-1521
-1368
-1224
-1281
-1464
-1591
-1503
-1247
-1010
-920
-978
-975
-791
-473
-192
-112
-164
-170
19
362
649
749
680
612
703
931
1175
1291
1262
1180
1151
1222
1346
1470
1540
1531
1441
1335
1298
1370
1508
1567
1453
1210
986
900
939
967
857
603
319
140
75
39
-61
-244
-445
-604
-675
-692
-722
-765
-827
-892
-943
-973
-984
-977
-954
-918
-880
-842
-846
-895
-970
-1034
-1018
-940
-834
-792
-854
-988
-1103
-1076
-918
-714
-604
-634
-705
-690
-513
-261
-55
50
79
131
239
369
479
539
577
617
664
692
692
680
664
660
665
668
701
756
807
817
781
768
833
984
1117
1125
987
829
799
938
1110
1100
822
400
71
-13
61
43
-231
-723
-1183
-1414
-1444
-1430
-1553
-1817
-2080
-2220
-2218
-2150
-2086
-2022
-1930
-1785
-1619
-1455
-1283
-1059
-739
-363
-2
288
515
742
1021
1343
1660
1908
2082
2219
2361
2510
2630
2663
2625
2589
2620
2704
2719
2565
2257
1941
1763
1719
1639
1356
867
344
-16
-213
-388
-691
-1134
-1565
-1869
-2033
-2141
-2281
-2422
-2502
-2500
-2451
-2417
-2382
-2279
-2061
-1783
-1560
-1418
-1307
-1116
-801
-463
-215
-106
-37
117
351
562
622
563
530
616
778
842
702
436
253
289
447
517
350
7
-272
-340
-228
-130
-197
-392
-595
-687
-672
-639
-596
-547
-485
-440
-463
-503
-480
-334
-87
107
185
172
159
273
431
554
596
580
638
740
838
839
727
655
682
836
992
975
832
648
624
829
1060
1204
1107
903
768
732
867
971
1005
949
758
593
430
331
298
193
68
-159
-430
-597
-743
-781
-824
-950
-1054
-1219
-1290
-1299
-1313
-1240
-1215
-1135
-1015
-937
-830
-792
-743
-629
-505
-299
-137
-52
-11
-32
77
303
551
747
731
636
591
680
952
1159
1240
1176
1006
971
1010
1136
1238
1169
1045
802
583
470
386
399
297
62
-243
-621
-826
-953
-1027
-1119
-1363
-1556
-1717
-1774
-1750
-1807
-1831
-1867
-1809
-1627
-1505
-1409
-1422
-1431
-1296
-1079
-789
-607
-588
-636
-664
-515
-251
8
159
128
91
153
339
600
739
804
816
878
1056
1189
1307
1337
1345
1427
1460
1516
1478
1392
1362
1300
1316
1281
1164
1032
838
733
680
651
661
561
432
285
156
182
236
315
309
140
4
-101
-55
101
154
142
-24
-202
-256
-279
-180
-143
-191
-202
-306
-325
-337
-390
-329
-341
-299
-267
-345
-341
-390
-372
-303
-344
-360
-462
-552
-546
-576
-580
-632
-729
-751
-789
-789
-787
-861
-884
-902
-874
-778
-728
-667
-640
-642
-573
-485
-328
-159
-79
-3
31
135
345
520
705
757
737
782
832
1023
1182
1235
1233
1083
1013
999
1014
1087
1009
882
709
518
437
304
192
67
-128
-244
-435
-628
-795
-1008
-1094
-1162
-1203
-1208
-1318
-1362
-1385
-1369
-1238
-1149
-1007
-866
-751
-570
-427
-252
-62
98
275
377
452
533
608
737
831
861
851
792
766
764
763
755
704
647
611
595
600
571
514
443
403
423
460
495
480
419
347
287
273
264
256
223
143
76
-10
-72
-119
-176
-190
-219
-236
-244
-287
-308
-348
-369
-353
-344
-293
-266
-262
-261
-295
-285
-253
-209
-139
-104
-86
-81
-96
-80
-49
-1
69
99
94
62
9
13
40
60
85
30
-20
-51
-78
-47
-72
-97
-132
-191
-173
-188
-197
-217
-290
-306
-348
-364
-361
-408
-406
-433
-457
-445
-492
-495
-497
-503
-452
-450
-422
-398
-400
-333
-296
-248
-190
-170
-73
17
112
227
269
342
427
519
650
727
793
852
898
992
1053
1085
1080
1034
1021
1017
1010
966
857
736
620
520
430
305
144
-35
-191
-316
-440
-577
-741
-886
-992
-1055
-1079
-1124
-1174
-1211
-1211
-1141
-1056
-959
-862
-772
-642
-492
-342
-192
-69
64
193
304
399
456
511
564
616
674
679
655
618
576
576
565
558
524
470
459
445
440
429
398
387
373
371
383
360
342
310
260
230
176
130
80
13
-32
-105
-182
-242
-316
-358
-407
-462
-507
-556
-567
-570
-572
-559
-557
-542
-511
-475
-417
-364
-315
-269
-229
-176
-123
-73
-31
5
27
53
76
83
94
98
99
101
95
94
96
94
90
76
57
43
29
16
1
-22
-32
-44
-64
-88
-119
-145
-167
-182
-178
-182
-186
-184
-187
-167
-149
-121
-83
-59
-24
-4
25
56
77
112
125
137
144
144
167
163
171
169
154
168
154
163
167
145
156
125
126
143
127
166
149
143
174
151
202
206
188
231
193
234
248
225
275
227
249
256
216
266
218
219
214
162
195
139
133
121
36
42
-26
-62
-67
-150
-156
-219
-278
-275
-345
-352
-386
-454
-457
-523
-536
-538
-585
-562
-583
-577
-543
-560
-513
-504
-495
-434
-435
-373
-332
-322
-257
-276
-239
-196
-191
-100
-96
-67
-14
-29
60
79
121
213
202
285
319
352
461
473
552
587
600
699
707
769
796
762
791
742
741
728
654
618
505
420
343
221
162
56
-40
-117
-229
-288
-354
-414
-443
-488
-503
-503
-500
-471
-432
-387
-328
-280
-235
-169
-100
-23
37
95
149
181
234
254
285
321
312
326
293
273
271
220
194
130
69
27
-54
-99
-173
-251
-309
-403
-456
-515
-574
-622
-683
-709
-737
-767
-775
-792
-795
-774
-739
-689
-644
-591
-525
-450
-367
-287
-190
-102
9
125
217
340
443
551
667
738
843
933
999
1079
1112
1161
1186
1174
1175
1125
1104
1067
994
945
838
748
634
475
355
186
56
-77
-242
-358
-518
-642
-742
-849
-887
-966
-1034
-1077
-1150
-1151
-1160
-1130
-1026
-972
-919
-946
-977
-894
-837
-727
-596
-479
-303
-247
-237
-198
-135
76
274
487
764
898
1000
987
932
1020
1117
1352
1591
1699
1792
1645
1414
1206
990
982
969
1007
1036
846
609
229
-157
-407
-614
-641
-651
-694
-750
-968
-1190
-1419
-1646
-1695
-1701
-1566
-1376
-1290
-1185
-1218
-1259
-1246
-1240
-1033
-801
-494
-165
-14
152
168
189
301
392
677
908
1120
1295
1239
1211
1058
933
946
902
1011
1030
960
871
570
369
161
-2
32
-26
12
-28
-202
-302
-528
-613
-605
-597
-439
-413
-398
-420
-568
-594
-641
-582
-418
-337
-200
-198
-259
-325
-476
-481
-458
-374
-223
-169
-94
-117
-197
-224
-268
-166
-27
107
278
319
355
345
307
386
447
576
701
717
738
659
594
593
586
679
735
753
751
641
570
507
490
569
627
681
672
578
489
382
317
310
312
334
322
250
151
18
-125
-226
-300
-342
-360
-437
-517
-622
-755
-846
-956
-1015
-1043
-1070
-1060
-1093
-1111
-1131
-1169
-1165
-1169
-1127
-1063
-993
-897
-815
-740
-688
-639
-583
-506
-405
-294
-165
-67
28
94
140
192
215
265
307
365
450
508
593
607
583
549
449
440
442
509
655
697
757
713
586
546
456
490
572
596
695
642
560
491
337
321
302
302
388
350
361
309
180
164
90
109
178
181
261
229
166
136
42
64
91
132
251
267
284
235
134
110
68
115
179
200
237
184
122
41
-53
-72
-96
-83
-83
-136
-173
-287
-382
-434
-511
-492
-503
-529
-521
-605
-617
-647
-695
-644
-663
-609
-565
-596
-538
-568
-534
-466
-470
-379
-382
-366
-306
-327
-248
-225
-194
-104
-108
-44
-33
-52
5
-11
43
91
91
145
123
134
165
157
218
224
235
266
242
270
258
236
253
221
245
256
251
280
250
234
196
148
142
129
184
237
261
280
251
221
191
169
180
202
233
261
286
301
301
294
276
264
248
239
250
255
271
273
246
217
172
141
128
119
122
105
75
37
-24
-77
-115
-143
-153
-184
-218
-253
-306
-334
-355
-363
-351
-351
-354
-367
-395
-391
-360
-311
-247
-203
-180
-186
-214
-222
-216
-178
-109
-58
-20
-25
-63
-95
-127
-116
-88
-65
-32
-41
-54
-87
-126
-123
-110
-73
-32
-22
-20
-36
-53
-47
-43
9
63
105
152
145
132
112
99
133
168
223
261
259
246
215
191
182
174
177
172
155
142
112
81
59
33
20
-15
-46
-72
-88
-83
-86
-84
-93
-113
-137
-158
-173
-167
-153
-148
-129
-121
-116
-107
-110
-92
-76
-43
-5
16
39
35
37
36
45
67
81
90
73
50
21
6
7
20
45
52
57
48
37
35
47
79
104
133
149
163
179
191
209
214
220
218
217
216
209
193
162
136
108
91
79
55
26
-16
-56
-87
-109
-124
-134
-147
-163
-180
-194
-200
-194
-195
-188
-181
-171
-154
-136
-120
-116
-115
-107
-100
-83
-66
-57
-54
-53
-49
-42
-33
-31
-26
-27
-26
-25
-23
-16
-15
-17
-20
-26
-22
-18
-11
-4
-2
6
6
8
10
2
-1
-9
-15
-15
-21
-25
-28
-39
-40
-49
-48
-38
-35
-21
-16
-7
9
30
47
54
60
60
73
94
110
127
138
131
124
130
135
138
128
118
99
76
69
58
52
46
28
16
10
-2
-5
-11
-17
-26
-30
-32
-39
-41
-41
-48
-55
-68
-72
-66
-57
-43
-43
-41
-34
-23
-2
12
26
33
38
58
77
99
117
118
116
110
109
116
121
122
104
79
70
61
59
48
29
16
-1
-7
-11
-20
-25
-38
-52
-61
-62
-62
-72
-82
-100
-108
-111
-111
-107
-121
-137
-159
-176
-180
-183
-193
-202
-217
-234
-239
-248
-247
-248
-259
-263
-264
-250
-221
-201
-190
-185
-171
-139
-93
-54
-32
-22
-10
16
53
95
118
123
120
122
143
167
190
189
176
177
185
220
247
254
245
224
225
251
274
293
290
279
267
260
279
298
301
281
252
235
233
249
244
221
196
172
165
165
160
138
104
70
55
56
59
48
14
-35
-77
-101
-110
-107
-112
-132
-164
-194
-207
-201
-191
-186
-191
-209
-215
-202
-180
-161
-151
-150
-152
-141
-124
-108
-106
-120
-129
-128
-107
-81
-56
-56
-81
-106
-124
-122
-105
-97
-99
-113
-129
-135
-129
-119
-123
-129
-133
-127
-106
-80
-66
-67
-71
-66
-40
-10
18
39
52
55
53
62
77
99
116
119
121
120
123
131
138
139
151
158
153
154
145
140
137
134
134
128
126
115
103
93
87
90
87
79
81
79
72
68
75
85
98
112
118
127
128
132
140
148
157
163
160
152
134
116
94
76
66
50
30
3
-26
-55
-78
-88
-109
-135
-164
-206
-235
-257
-276
-293
-322
-353
-381
-413
-435
-457
-476
-471
-468
-464
-460
-462
-453
-428
-396
-353
-309
-264
-211
-167
-117
-62
-11
42
88
130
166
194
224
248
270
292
302
312
319
320
309
294
286
277
270
257
239
213
187
169
147
124
110
93
80
66
43
34
17
12
11
6
13
12
11
7
1
1
5
11
24
34
36
37
33
26
25
26
37
41
46
49
46
42
26
20
28
32
40
39
30
20
16
10
7
1
1
4
-6
-22
-38
-49
-54
-48
-47
-49
-53
-67
-75
-83
-91
-94
-100
-106
-109
-115
-119
-123
-134
-137
-144
-144
-135
-131
-118
-112
-99
-86
-77
-58
-49
-28
-9
5
27
31
50
62
71
89
90
106
109
107
112
101
105
92
84
83
67
63
44
36
32
10
12
5
-3
-6
-24
-24
-36
-43
-36
-47
-28
-34
-36
-22
-29
-10
-16
-17
-10
-18
3
0
5
14
9
23
16
24
28
19
44
37
45
53
40
60
53
59
69
61
75
63
65
70
61
65
58
50
44
30
28
24
14
15
7
2
-6
-20
-25
-36
-45
-50
-53
-57
-62
-65
-75
-74
-72
-79
-74
-77
-75
-66
-64
-64
-65
-60
-55
-43
-32
-22
-14
-7
0
14
19
25
39
39
56
60
54
56
38
32
27
28
33
24
23
16
4
-7
-16
-15
-9
-10
-16
-20
-29
-36
-35
-30
-23
-24
-25
-27
-31
-27
-30
-28
-20
-15
-2
0
-4
-9
-13
-8
-6
3
11
15
15
12
8
7
10
14
22
30
28
26
22
17
16
16
20
23
20
20
17
11
9
8
10
13
13
12
12
10
8
10
13
18
19
19
14
8
-1
-11
-8
-5
-8
-9
-16
-14
-12
-19
-14
-17
-9
-5
-5
-1
-4
5
9
11
18
17
21
20
13
14
9
10
6
-3
-7
-17
-16
-19
-22
-16
-26
-20
-14
-12
-2
1
6
12
21
26
34
32
23
19
14
13
1
-8
-15
-24
-33
-46
-51
-60
-58
-57
-56
-53
-57
-50
-47
-50
-44
-47
-44
-39
-40
-41
-41
-36
-31
-28
-28
-21
-14
-4
12
15
27
35
42
54
67
87
96
106
108
111
122
118
119
109
101
96
82
78
63
58
44
29
25
11
11
-4
-13
-16
-27
-23
-40
-37
-45
-59
-60
-78
-78
-96
-100
-104
-127
-119
-126
-123
-119
-123
-108
-110
-98
-85
-81
-56
-43
-15
1
14
38
47
72
90
111
128
146
167
168
178
178
183
188
180
179
162
154
136
124
112
80
70
40
22
3
-25
-36
-63
-75
-94
-122
-131
-153
-161
-168
-186
-180
-183
-167
-159
-154
-129
-125
-105
-99
-88
-67
-58
-20
-12
8
19
20
51
48
69
78
69
90
81
100
103
96
99
83
90
81
80
70
62
53
37
39
15
27
14
-6
-2
-35
-29
-50
-65
-55
-73
-58
-72
-78
-78
-87
-77
-93
-95
-104
-106
-100
-107
-96
-93
-81
-83
-84
-75
-75
-57
-58
-43
-30
-26
-4
-5
14
24
35
49
53
62
66
80
87
94
104
98
103
103
105
103
98
95
94
92
85
84
80
71
64
56
45
36
34
28
20
16
14
15
11
9
6
3
1
1
-2
-1
6
12
17
18
11
13
13
8
8
0
-3
-8
-17
-16
-23
-19
-17
-24
-15
-17
-25
-30
-40
-43
-48
-55
-59
-68
-67
-67
-67
-72
-75
-78
-75
-67
-66
-55
-50
-52
-50
-43
-37
-32
-32
-31
-19
-16
-10
-13
-13
-7
-5
-1
2
4
9
11
8
16
21
29
41
36
42
39
37
42
35
42
43
40
48
38
39
34
21
26
15
21
17
-3
5
-5
1
3
-4
8
10
15
19
13
18
16
16
21
14
15
14
13
19
16
16
9
2
8
-3
6
12
6
18
11
10
9
7
11
12
9
7
4
2
5
1
-2
-5
-11
-20
-33
-37
-43
-40
-37
-38
-37
-37
-33
-36
-34
-34
-32
-27
-22
-20
-28
-28
-24
-16
-13
-14
-15
-19
-16
-22
-18
-20
-21
-18
-29
-24
-20
-16
-5
-4
5
6
12
18
12
20
18
21
26
30
40
35
33
33
30
38
28
26
30
22
32
27
21
24
16
25
16
15
21
15
22
12
14
10
-1
6
3
10
8
-1
0
-4
2
7
8
6
-1
1
2
-1
6
0
0
0
-10
-9
-17
-17
-18
-30
-32
-32
-31
-28
-27
-32
-29
-36
-40
-36
-50
-50
-55
-58
-42
-46
-45
-48
-55
-38
-36
-27
-21
-16
3
10
22
34
31
38
33
35
40
35
46
43
42
46
39
46
45
47
51
43
44
37
30
29
25
24
14
10
10
14
20
19
24
29
26
33
30
29
37
21
14
10
7
15
12
9
1
-11
-13
-24
-30
-35
-43
-39
-50
-45
-44
-42
-33
-43
-43
-42
-37
-25
-28
-25
-26
-27
-21
-19
-17
-18
-15
-16
-11
-4
2
4
2
7
3
9
13
7
6
3
7
10
9
6
6
9
9
5
-1
1
0
-1
-3
-4
0
-6
-11
-13
-15
-10
-4
-3
0
0
-1
-1
0
9
11
12
13
13
15
17
20
22
25
23
20
21
16
10
8
9
16
20
23
26
25
31
34
29
31
25
25
24
21
20
18
16
6
-7
-18
-17
-13
-7
-4
-17
-29
-33
-34
-32
-29
-33
-40
-43
-47
-38
-38
-37
-33
-37
-33
-33
-27
-17
-19
-19
-20
-17
-5
2
7
3
-2
-4
-9
2
2
5
5
1
9
18
25
31
24
17
15
13
21
24
24
22
18
19
14
14
17
10
4
-3
-6
-3
-1
6
6
8
11
7
9
6
1
-4
-11
-20
-19
-18
-18
-12
-10
-4
-9
-13
-13
-12
-10
-12
-8
-5
-3
2
6
11
12
11
12
10
11
11
14
16
12
17
13
14
17
14
16
13
9
13
8
4
3
0
2
-4
-7
-5
-11
