-7
-2
2
2
6
5
3
9
6
7
9
14
17
18
12
12
7
-1
6
3
5
4
2
2
-3
-9
-8
-11
-8
-6
-8
-11
-15
-14
-15
-12
-9
-6
0
5
10
17
20
16
15
10
6
1
1
1
-5
-11
-14
-14
-18
-13
-8
-9
-8
-12
-8
-5
-5
2
6
6
4
5
6
12
17
15
13
11
4
3
4
3
10
11
7
4
-2
-5
-2
3
7
8
7
3
0
-3
2
0
-4
-4
0
6
6
2
0
-1
-2
-2
-5
-10
-13
-13
-15
-15
-12
-8
-5
-9
-10
-6
-7
-5
-7
2
11
10
15
15
22
21
17
16
8
2
-5
-10
-12
-6
-5
-6
-7
-9
-5
-7
-10
-11
-15
-11
-6
-3
2
0
0
-5
-10
-8
-6
-1
1
3
6
5
5
3
4
6
6
2
-6
-5
-2
-1
0
-6
2
4
2
6
-1
3
7
5
8
9
7
10
10
9
12
13
12
14
14
5
3
2
-2
-2
-5
-7
-9
-16
-12
-12
-13
-7
-5
0
-3
-2
0
7
12
10
9
2
1
2
0
1
3
0
-3
-8
-8
-4
-7
-9
-11
-13
-13
-8
-7
-6
-4
-3
0
-4
-6
4
13
14
20
20
22
24
24
26
18
11
6
2
-2
-7
-13
-18
-19
-21
-13
-13
-10
-11
-11
-13
-14
-11
-8
3
9
20
21
10
7
-3
-7
-9
-9
-4
-1
1
4
4
-2
-3
-2
-5
-8
-10
-6
-9
-14
-7
1
2
6
0
-3
-1
-9
-6
-6
-1
4
6
8
8
9
2
3
7
5
5
8
3
-2
-7
-7
2
4
6
7
3
5
4
-2
-2
-6
-5
-6
-8
-7
-8
0
4
8
12
15
27
30
32
32
28
40
41
42
38
29
27
19
18
15
10
6
-5
-9
-14
-17
-17
-21
-19
-27
-31
-22
-23
-14
-16
-21
-19
-29
-28
-29
-33
-34
-44
-47
-45
-45
-42
-45
-45
-47
-49
-43
-43
-34
-27
-24
-15
-15
-11
-2
4
13
22
22
28
32
37
42
46
50
52
50
51
55
56
58
57
54
55
54
47
42
36
32
27
21
19
19
19
17
12
13
9
3
4
3
0
-5
-14
-15
-17
-21
-22
-29
-33
-33
-36
-36
-37
-41
-41
-44
-45
-50
-58
-60
-61
-61
-65
-64
-59
-61
-57
-53
-48
-34
-28
-18
-8
1
15
24
28
32
35
39
43
45
43
45
52
54
58
55
50
46
45
45
41
43
36
24
17
8
8
8
5
2
5
9
11
10
8
7
7
12
12
8
1
-2
-2
-7
-8
-10
-11
-11
-16
-15
-11
-10
-11
-14
-11
-9
-6
-10
-16
-12
-12
-10
-10
-14
-17
-15
-19
-15
-14
-14
-9
-10
-11
-13
-11
-4
-1
3
0
-5
-5
-12
-15
-14
-19
-19
-18
-13
-5
-7
-7
-12
-25
-26
-25
-27
-20
-19
-11
-7
-6
3
5
9
8
6
9
16
20
20
24
30
39
46
43
49
53
54
60
60
63
61
57
56
49
45
39
34
31
24
23
17
11
9
-2
-1
-3
-11
-7
-13
-18
-20
-26
-21
-25
-23
-15
-17
-12
-15
-16
-19
-28
-29
-28
-31
-34
-44
-42
-46
-53
-59
-72
-75
-80
-72
-71
-79
-73
-79
-68
-60
-61
-42
-37
-29
-24
-27
-15
-14
-5
7
11
20
24
28
32
43
50
55
62
60
66
73
72
72
67
64
65
60
63
56
44
42
32
26
24
23
21
12
3
5
1
4
5
7
16
12
17
12
13
19
19
20
13
11
12
7
4
0
1
0
-4
-5
-7
-1
-2
-5
-1
-6
-13
-23
-35
-45
-56
-63
-65
-65
-69
-71
-74
-68
-62
-60
-56
-52
-47
-47
-43
-37
-29
-18
-13
-6
-2
-3
3
3
5
15
20
27
26
29
35
29
28
32
33
38
32
24
20
13
9
6
6
14
20
22
24
28
28
28
26
18
18
18
17
21
16
7
10
9
8
9
6
10
7
5
13
18
21
22
19
17
15
8
8
7
5
6
2
-3
-6
-15
-19
-19
-15
-16
-17
-21
-26
-26
-31
-34
-33
-38
-34
-30
-26
-22
-28
-30
-28
-25
-24
-18
-16
-16
-14
-12
-5
-1
2
4
6
11
12
16
23
27
26
25
23
16
19
14
9
3
-10
-11
-16
-16
-13
-7
-7
-5
3
2
11
14
6
15
15
15
25
21
18
19
19
18
13
9
7
6
7
10
12
9
8
4
-1
-3
-2
-2
-2
-1
0
0
-3
-4
-5
2
2
1
3
-5
-6
-4
-5
-4
-12
-16
-14
-15
-14
-16
-15
-22
-24
-14
-16
-12
-13
-15
-6
-6
-2
2
6
10
10
12
11
10
14
12
13
11
11
7
-7
-6
-1
-2
1
-2
-3
-6
-12
-11
-12
-4
3
5
5
4
6
2
-2
1
1
3
3
-1
0
-7
-8
-6
-1
9
11
4
6
11
11
15
11
7
9
10
10
11
9
0
-6
-10
-7
-3
-3
-2
-2
-3
-3
-3
-4
0
2
5
4
1
3
-1
-2
-7
-9
-8
-8
-5
-4
1
6
7
14
19
22
29
26
20
13
10
6
3
-3
-11
-20
-31
-30
-33
-33
-35
-45
-41
-36
-27
-16
-9
2
16
24
33
34
25
19
17
16
18
12
-2
-3
-13
-17
-13
-11
-5
-2
-6
-7
-3
-12
-11
-8
-13
-14
-10
-6
-7
-5
-11
-9
-3
-4
0
6
7
7
2
0
3
-1
1
0
-3
0
4
11
14
21
23
30
33
36
43
53
59
58
57
53
55
50
40
44
37
31
18
4
3
2
-1
-9
-27
-42
-34
-29
-26
-26
-30
-32
-39
-34
-23
-1
20
8
5
4
4
-7
-46
-63
-71
-74
-74
-110
-135
-151
-171
-167
-163
-166
-179
-195
-188
-163
-116
-94
-87
-62
-49
-35
-28
-40
-33
-10
3
17
24
17
7
-25
-43
-19
17
50
78
75
76
101
77
62
108
138
205
260
230
249
258
190
181
253
308
345
345
294
438
608
390
84
-55
29
406
577
305
3
-192
-362
-297
-98
-86
-283
-714
-1065
-802
-271
-243
-741
-1282
-1361
-814
-211
-50
-179
-400
-597
-451
113
714
1009
822
453
552
1081
1433
1411
1182
935
876
843
874
1294
1600
1128
-4
-881
-597
412
826
6
-1124
-1265
-481
205
11
-910
-1762
-2017
-1570
-428
869
1081
-398
-2294
-2683
-999
1192
1501
-176
-1849
-1933
-658
460
344
-785
-1970
-2355
-1733
-597
20
-676
-2058
-2744
-2029
-538
255
-186
-933
-1018
-319
619
1205
1387
1419
1431
1626
2130
2637
2861
2695
2404
2454
2721
2783
2525
2115
1882
1816
1642
1350
994
621
302
-36
-243
-227
-270
-481
-813
-1227
-1517
-1455
-1303
-1285
-1356
-1699
-1616
-781
-438
-811
-1574
-2138
-1374
-77
413
209
-392
-960
-760
9
705
912
19
-1281
-1301
29
1297
1079
-706
-2295
-2215
-857
303
369
-443
-1528
-1963
-1392
-361
526
446
-515
-988
-412
759
1635
1364
536
346
737
1347
1777
1495
1245
1358
1359
1638
1788
1352
799
60
-55
1284
2696
2835
1331
-960
-1726
-480
1202
2017
1346
-183
-1358
-1665
-881
433
608
-913
-3091
-3918
-2252
-105
194
-1749
-4417
-5256
-3944
-1965
-630
-1066
-2731
-3933
-3766
-1929
285
866
101
-726
-545
1009
2421
2868
2921
2896
3170
3599
3663
3638
3697
3638
3668
3671
3406
2976
2146
1365
1214
1317
1406
980
17
-805
-1368
-1598
-1524
-1391
-1463
-1955
-2669
-3161
-3125
-2662
-2204
-2168
-2342
-2623
-2653
-1783
-909
-477
-517
-1088
-887
145
1018
1474
1323
711
423
677
1083
1651
1713
895
164
-119
80
508
389
-176
-589
-645
-491
-335
-467
-875
-1076
-894
-461
-56
-31
-373
-578
-364
44
486
754
688
618
705
835
1248
1663
1670
1672
1647
1470
1268
845
934
2163
3347
3283
1634
-460
-943
301
1897
2456
1433
-232
-1519
-1790
-842
173
-192
-2154
-4499
-4956
-3068
-1254
-1536
-4028
-6659
-7018
-5379
-3348
-2360
-3061
-4521
-5374
-4726
-2633
-403
467
-32
-659
-146
1704
3540
4466
4584
4447
4728
5192
5623
6000
6080
5867
5488
5207
5039
4670
3831
2864
2395
2315
2117
1403
333
-584
-1152
-1459
-1595
-1679
-2031
-2720
-3410
-3621
-3361
-3176
-3284
-3503
-3423
-3050
-2710
-2449
-2131
-1734
-1515
-1273
-873
-261
425
531
547
804
1108
1378
1132
875
1041
1379
1479
1011
403
-43
-78
41
72
9
-482
-1032
-1482
-1422
-966
-794
-841
-1241
-1288
-1134
-1117
-925
-779
-257
18
-70
-113
189
1005
1393
1382
895
669
934
1640
3146
4014
3863
2016
-3
239
2210
4389
4180
2190
371
-42
781
1189
1106
-112
-1850
-3313
-3457
-1715
-751
-1886
-5234
-8034
-7667
-5483
-3260
-2978
-4254
-5739
-6517
-5776
-3714
-1065
168
-165
-999
-737
1456
3524
4743
5005
4975
5462
5749
6042
6493
7102
7348
6789
5927
5242
5066
4644
3906
3224
2658
2306
1405
236
-790
-1583
-1952
-2312
-2530
-2874
-3674
-4615
-5189
-5008
-4544
-4418
-4905
-5338
-5085
-4499
-3688
-3109
-3029
-3021
-2935
-2311
-976
271
806
777
737
1228
2076
2604
2871
2987
3103
3309
3099
2725
2397
2069
2090
2156
1760
1107
278
-397
-207
61
36
-320
-1409
-2113
-2237
-1931
-932
-304
-540
-1067
-1644
-1808
-1086
-391
-233
299
1125
1944
2559
1822
519
349
1650
3632
4443
3894
2431
1200
1483
2103
2547
2090
20
-2158
-2652
-1353
-254
-1018
-4211
-7314
-7722
-6223
-4182
-3890
-5195
-6646
-7594
-6749
-4898
-3104
-2153
-2362
-2631
-1778
75
1588
2531
2898
3458
4492
5188
5804
5965
6128
6550
6757
7094
7101
6436
5286
4329
4151
4702
4857
3724
2128
680
133
78
-296
-682
-1332
-2029
-2877
-3731
-3903
-3695
-3513
-3729
-4235
-4591
-4510
-4095
-3593
-2844
-2481
-2801
-3121
-3066
-1971
-318
644
624
-57
-314
301
1608
2868
3302
3029
2144
1599
1957
2651
3131
3126
2364
1347
1035
683
445
75
-599
-688
-882
-850
-1357
-2016
-1855
-1688
-1402
-1693
-2162
-2536
-1640
12
473
971
-29
-1621
-1756
-739
1681
2955
2361
422
-948
124
1625
2409
1561
-250
-1606
-1528
-164
326
-297
-2648
-5318
-5637
-4050
-2016
-1791
-3522
-5355
-5752
-4244
-2115
-721
-389
-612
-947
-229
1594
3139
4257
4371
4015
4304
4931
5686
5946
5787
5619
5506
5412
5242
5046
4457
3827
2932
2157
2239
2131
1691
619
-703
-1325
-1428
-1264
-1685
-2570
-3557
-4149
-4035
-3679
-3181
-3415
-3925
-4358
-4395
-3336
-2617
-2423
-2651
-2960
-2352
-1282
-536
-497
-721
-834
-276
626
1159
1419
1146
972
1087
1352
1688
1585
1217
1109
1327
1389
1309
510
-375
-278
10
458
626
-183
-884
-695
-452
-20
83
-630
-574
176
1275
2324
2432
1295
-164
-205
1252
3185
3883
3060
1540
610
826
805
698
15
-1293
-1956
-2180
-2094
-2435
-3767
-5745
-7178
-6833
-5379
-4328
-4680
-5649
-6177
-5814
-4454
-2963
-1523
-499
-283
102
1285
2957
4345
5115
5482
5851
6561
7211
7445
7360
7405
7591
7417
6926
6024
4991
4320
3762
3342
3121
2200
179
-1575
-2326
-2298
-1899
-2523
-4123
-5444
-6096
-6069
-5550
-5203
-5598
-6080
-6271
-6126
-5108
-3931
-3524
-3664
-3712
-3207
-1934
-459
172
507
823
1110
1881
2672
3567
4149
4423
4521
4366
4654
4547
4366
4285
4280
4327
3450
2286
781
425
1180
1307
792
-901
-2038
-2190
-1705
-1280
-1772
-1878
-2076
-1495
62
840
-239
-2462
-2842
-921
2001
3250
1602
-536
-1500
-1006
153
1083
502
-1750
-3746
-4153
-2732
-1058
-1724
-5247
-8403
-8103
-5406
-3311
-3732
-5776
-7112
-6652
-4932
-2891
-1108
-632
-1433
-1595
81
2729
4839
5591
5271
5277
6283
7496
8285
8760
8922
8880
8674
8275
8070
7936
7456
6389
5437
4954
4326
3133
1605
580
-468
-1329
-2289
-3346
-3615
-4475
-5779
-6828
-7148
-6897
-6677
-6846
-7641
-7524
-6965
-6390
-5637
-5083
-4410
-4042
-3624
-3054
-1722
11
678
1111
1385
1710
2542
3435
4244
4346
4369
4190
3754
4042
3892
4096
4131
2901
2136
1377
1550
1899
1372
871
-480
-817
-369
421
1345
1527
1786
-181
-2215
-1876
624
3885
3665
1140
-1404
-1486
174
726
772
-810
-2894
-4276
-4421
-3260
-2377
-3109
-6785
-9873
-9481
-6442
-3740
-4709
-7418
-9093
-8259
-5708
-3382
-1521
-1104
-1852
-2267
-727
2508
5077
6263
5903
5623
6822
8202
8956
9066
9305
9848
10145
9429
8366
8092
7795
7268
6196
5148
4486
3822
2790
952
-200
-1155
-2165
-2709
-3429
-4189
-5119
-6233
-7579
-7626
-6956
-7216
-7303
-7815
-8154
-7257
-6173
-5588
-5553
-5352
-4481
-2869
-1144
-133
61
38
543
1568
3307
4449
4232
4012
3449
3809
4809
4315
3552
2648
2164
2817
3288
2452
1179
512
-203
307
974
624
643
983
1583
510
-887
-618
515
2392
2225
818
414
574
854
626
747
297
-913
-2311
-2781
-1378
-435
-1161
-4978
-8900
-8358
-5205
-2602
-3359
-6518
-8987
-9310
-7460
-4972
-2518
-1840
-3285
-4448
-3152
247
2882
4020
3844
3587
4751
6612
8087
8607
8689
8759
8693
8784
8737
8764
8581
7370
6988
6008
5173
5205
2712
1747
1204
-394
-772
-1641
-2642
-4071
-4654
-5926
-7063
-6185
-6541
-7082
-7284
-7796
-8127
-7156
-6149
-6240
-5486
-5068
-4858
-3227
-1742
-914
52
247
364
1669
2913
3492
3759
3511
3805
3782
2996
3264
2719
2497
3008
2436
2025
1453
152
-655
376
1726
2915
3684
2889
-158
-2310
-918
2075
5673
5602
2201
-546
-345
1656
2901
3730
1100
-2405
-3753
-3422
-1031
385
-1344
-6157
-10475
-10169
-6309
-2964
-3264
-6740
-9857
-10116
-8022
-5417
-2615
-1924
-3761
-4676
-3449
191
3497
4912
4585
3949
4990
6764
8770
9496
9634
9537
9012
8950
8910
9533
9782
8404
6735
6149
5354
4106
2832
1087
335
-14
-1380
-3061
-4095
-5134
-6268
-6610
-7496
-8191
-7682
-7986
-8310
-7641
-7285
-7316
-7156
-6394
-5338
-3771
-2637
-2545
-1461
-284
329
1239
1753
2517
3175
3390
3840
4047
4582
4123
2638
1827
1824
2968
3563
2754
780
-514
-362
456
1780
2357
3804
3023
-1342
-3750
-2306
2512
5751
4234
689
-907
368
1653
2813
2870
951
-1266
-3003
-2277
190
1855
-318
-6840
-10399
-8029
-2826
-605
-3967
-7829
-9055
-7907
-6167
-3718
-1767
-1967
-3515
-4667
-2288
1328
3706
4039
2823
3087
4810
6905
7639
7525
7802
8284
8399
7486
7406
7844
7653
7261
6253
5042
3944
2470
1358
1368
1159
-269
-2252
-3726
-4266
-4163
-4522
-6363
-7815
-7570
-6875
-6012
-5471
-6294
-7248
-7107
-5934
-3828
-1959
-1661
-2299
-1996
-756
914
2418
2534
1965
2292
2875
3065
3759
3585
2222
1354
730
243
922
779
-594
-478
-422
34
822
757
2171
2698
-108
-2977
-2331
1605
5359
5054
1945
492
1032
1806
2616
3537
2778
225
-1706
-2394
-1463
1078
372
-4840
-9190
-9297
-5101
-1607
-3253
-6983
-8621
-8432
-7228
-4998
-2354
-1212
-3070
-4307
-2709
502
3608
4575
4052
3842
5249
7090
8300
8513
8702
9908
10317
9723
8965
8824
8328
9007
8360
5408
4626
2109
1416
2425
636
-1175
-2951
-3988
-5774
-5838
-6490
-9697
-10043
-10233
-10643
-8652
-6732
-8038
-9365
-8982
-8320
-4122
-274
-954
-1238
-576
402
3491
6204
6402
5082
4293
5050
6404
7322
7292
5108
2381
1768
1258
1489
1564
-744
-2313
-2407
-1248
223
1273
321
-4739
-7885
-5885
-1530
2159
1726
-1287
-3656
-2857
-591
1198
3242
1743
-1825
-3274
-1998
813
2382
536
-5669
-9831
-7309
-1949
1176
-779
-5296
-8002
-6911
-3583
-356
2008
1328
-1959
-3195
-605
3144
5384
5601
4060
3435
4896
6354
7204
7008
7361
8389
8834
8187
7072
6673
6876
8614
6705
3888
3402
1022
1971
3036
895
-1220
-2659
-3771
-4838
-2890
-4029
-7829
-8069
-8658
-8151
-5029
-4630
-8256
-10063
-8659
-6711
-2639
-504
-3206
-4223
-2483
-627
2352
4955
4105
2454
2949
4079
5487
6793
6063
3182
1065
410
278
1181
699
-1060
-1856
-1327
768
1950
1032
-2579
-6257
-5010
-1667
1348
2116
-288
-2149
-2351
-739
1112
2232
1119
-2236
-3735
-1762
2051
3175
262
-6229
-10657
-7432
-1761
1709
-234
-5723
-9308
-9186
-5144
-560
2107
1103
-2784
-4518
-1648
3462
6382
6754
5266
3877
5075
6907
8111
8532
8539
8314
8317
8184
8208
8318
9388
9964
5826
4493
3593
2048
5079
4562
1376
-1070
-1777
-3400
-4085
-1925
-5428
-8475
-8463
-10233
-8686
-4429
-5887
-11071
-12353
-11305
-7695
-1953
-1722
-5637
-6159
-4136
-1957
1326
4235
3353
1582
1887
2508
4923
7586
6930
3837
2278
2534
2989
4004
3212
1036
98
1996
3188
2800
1612
-3657
-6048
-3547
-441
1986
1091
-1631
-4488
-4605
-1980
-98
221
-2239
-5773
-6267
-2498
573
-204
-4062
-9839
-10483
-5396
-746
870
-1592
-4921
-6993
-6539
-2064
2726
4751
3257
-340
-1483
2143
6295
7970
8069
5618
4553
5934
6759
7875
7930
7866
6701
5324
6700
7330
8095
7515
2805
527
2073
3030
3851
3230
-354
-2488
-2131
-2604
-2389
-891
-2733
-6523
-7998
-7787
-5618
-1804
-2274
-7159
-9199
-8027
-4962
-623
113
-1966
-2548
-2039
-671
1971
4166
3625
2087
1733
1939
3348
4746
3613
1576
639
-284
-154
-801
-1789
-82
1964
3674
1861
-2991
-6738
-6121
-1401
1820
1938
-1590
-4840
-4823
-2468
868
2378
478
-5057
-8144
-5584
-588
3107
790
-6726
-12073
-10649
-4616
671
967
-3158
-6768
-7137
-5005
-818
3183
4165
2091
809
1861
4601
8177
8885
8340
8283
8038
8216
8718
8858
8819
9303
7683
5747
5344
6307
8666
6130
1008
-1251
-2141
168
1698
-736
-3828
-5630
-5548
-4945
-2537
-3038
-7005
-8985
-10312
-8490
-3414
-643
-4329
-9654
-9654
-6054
178
4352
1546
-1971
-1622
900
5468
9733
8570
4349
2705
3961
7396
9721
8497
4306
790
1038
1486
1769
1118
88
1196
3006
3245
-2243
-8339
-8932
-5315
-425
406
-2624
-7026
-8883
-6993
-4475
-1304
-2143
-7201
-10302
-9063
-4177
-375
-1413
-8648
-15371
-13977
-6434
794
164
-5423
-9387
-9370
-4670
1591
5964
5441
1952
-460
2171
8947
12978
13420
11545
9482
9531
11228
13262
13922
12979
11662
10593
8329
6613
10448
12740
7055
2839
-957
-3112
1547
2587
-1581
-4301
-6021
-10353
-9521
-3958
-5705
-8473
-9278
-13560
-14347
-6498
-3417
-8327
-9947
-10235
-8749
-1835
1855
-764
-1456
338
305
2661
8537
9620
6691
6086
5844
6072
9987
11541
7023
3802
3368
2411
2707
5246
5767
6600
7883
355
-7794
-7014
-1838
2053
1859
-2030
-7307
-8610
-7647
-5941
-2400
-2305
-8164
-14049
-13182
-8013
-2429
-1515
-10929
-20751
-19898
-11024
-2257
-2222
-8266
-12538
-12941
-9510
-3536
3562
6090
2766
-841
1033
7328
13051
16322
14900
12630
12284
13265
15994
16902
17160
17897
15354
11361
10993
13288
12412
9904
5832
2287
4113
3259
-1583
-3939
-4482
-6649
-7518
-6588
-10469
-12015
-10551
-13220
-14641
-10268
-8006
-11207
-12404
-12934
-11351
-4025
-1034
-4714
-5156
-2334
-334
2991
6954
6926
5045
5529
6701
7529
10347
10818
6302
4179
5185
5844
8254
8849
6939
7946
6780
174
-3427
-1015
3446
4819
1529
-3029
-5353
-4591
-3749
-3089
-3684
-7236
-11319
-11924
-8833
-5888
-4713
-9562
-18378
-21692
-15560
-5165
-2777
-9410
-15236
-15635
-11704
-5636
-903
757
-798
-4721
-3506
3856
10509
13379
12111
9441
9242
12325
16735
17679
16764
16665
14854
13967
15066
15875
14477
11848
6972
3481
7326
8553
4141
1094
-2253
-6184
-5744
-3529
-6571
-8775
-8863
-12926
-15413
-11135
-8470
-10632
-11471
-12854
-13385
-7306
-2785
-4810
-5176
-3766
-4147
-1988
3506
5892
5177
4420
3947
3973
7086
10661
8185
4885
4143
4176
6912
9124
10790
9271
2849
-2176
-2128
2625
6863
5997
240
-3990
-4284
-3331
-148
806
-3381
-8964
-11565
-8292
-4385
-2643
-5643
-14477
-20977
-18279
-8130
-1895
-5530
-12668
-16724
-15095
-8562
-1407
1199
-732
-5166
-7226
-1358
7157
10981
10699
8122
5360
7615
13433
17529
17307
13957
11208
11531
14230
16571
16218
11987
6374
4415
7020
9004
7965
3593
-2349
-5432
-4575
-1960
-839
-2982
-8768
-13361
-12751
-9113
-5321
-6205
-11526
-15644
-14022
-8439
-3772
-2181
-4532
-7342
-6836
-2761
2143
5661
6239
2497
484
3051
6333
9514
9359
5163
2398
3211
6554
8452
9591
10497
4627
-2442
-2524
1760
5700
5573
624
-4325
-3798
-1794
-1005
103
-1475
-6144
-10019
-8910
-5507
-3175
-2021
-6873
-15852
-18855
-12181
-3358
-2437
-8083
-13076
-14005
-11185
-6225
-761
2383
553
-5218
-6271
-282
6260
10265
10366
7106
4299
6655
10878
13257
15348
14049
10757
9733
11411
13120
13894
12212
5500
4007
8811
8721
5106
2631
-1690
-5354
-1474
350
-3812
-4762
-6092
-11001
-11417
-5907
-4701
-7899
-9795
-12489
-11922
-5048
-1474
-4780
-6324
-5299
-5738
-2347
3396
4706
2732
2079
1799
883
4862
8168
4796
2219
3085
4851
4908
5932
7879
3897
-94
-106
769
3008
4413
2814
-606
-1352
-1424
-1864
775
575
-4599
-8581
-6672
-3959
-3015
-2553
-6839
-13202
-14959
-9469
-2440
-1948
-6813
-11244
-11733
-8665
-3472
516
1099
-889
-4588
-3549
3114
7992
8784
7612
6781
6372
7855
12091
12797
9585
8839
9836
10507
12608
11412
6445
4614
4655
4958
6432
6686
1555
-3381
-2600
-2982
-3200
-794
-2859
-8685
-10755
-9557
-8081
-4979
-5038
-9841
-11906
-9405
-6213
-3851
-2523
-2855
-4711
-4080
-301
1573
3454
5752
3125
1416
5071
7017
7056
7298
4898
2600
3704
6402
6715
4958
5868
5518
521
-2909
-1579
1880
2586
30
-3154
-4220
-2893
-2595
-3390
-3600
-3866
-7257
-9448
-6381
-4708
-4774
-4901
-9296
-15220
-14005
-5755
-796
-3737
-8257
-9890
-8968
-5188
-782
2127
4087
1592
-3266
-681
6531
11731
13181
11366
8992
8266
11279
13836
14148
14052
13666
12333
10901
9672
7808
9618
9111
5077
4146
3778
2048
-275
-993
-3178
-5021
-4102
-6293
-10436
-10295
-8470
-9885
-10128
-10676
-14185
-14566
-11049
-8948
-7890
-6333
-7478
-9666
-7249
-1811
670
2237
3103
249
-49
5242
9123
8775
8355
6096
2483
4865
10852
11729
8837
8174
6454
2609
1925
3311
4765
4869
1746
-1998
-2535
-1394
-2168
-2369
-2397
-5414
-9082
-10221
-7665
-5761
-6558
-8852
-13012
-16918
-16417
-9474
-3746
-6675
-11875
-12585
-10682
-6831
-1655
381
1044
1088
-1114
1343
7947
11316
11624
11486
11967
12115
14220
18702
18101
15463
16296
16094
16110
16962
13749
10603
10225
8769
6905
7273
6119
1310
-1460
-1915
-3838
-4608
-4553
-8140
-13047
-13323
-12011
-11443
-10584
-13298
-18060
-18154
-13964
-10093
-9064
-9400
-11346
-13376
-9615
-3661
-581
818
48
-2731
-1859
4169
8075
8350
7083
3993
2881
6411
10824
10166
8425
11096
9596
3540
2560
6003
8177
6809
3630
374
566
1429
-268
-1482
-2088
-3650
-7751
-8720
-6741
-7426
-7374
-8274
-13413
-18287
-15390
-7600
-5670
-10568
-13935
-12776
-10292
-6229
-3342
-1832
695
-880
-2507
1714
8045
11592
11553
11455
11358
11808
14385
16394
16728
17094
17772
16177
14967
15038
13836
14108
13046
9429
7882
8214
6400
2514
803
-531
-2261
-1900
-3821
-8659
-9806
-8914
-11063
-12064
-11653
-14362
-17009
-15700
-13584
-12735
-11197
-10890
-13722
-13065
-8048
-5191
-3702
-1877
-3441
-4382
378
4411
5276
5790
4821
2440
3527
8052
9832
8900
6901
7559
9776
7512
3999
3091
5486
6803
5522
2786
251
1206
704
-1539
-1591
-1392
-4394
-7914
-6723
-6220
-6453
-6012
-9297
-14928
-15858
-10109
-6091
-7333
-11501
-14213
-11691
-7245
-4700
-3175
-149
57
-2841
-2004
4051
10598
11848
10511
10020
10630
12052
15593
19254
17616
14810
13823
13519
15963
18417
15614
10709
8783
8070
8581
10132
7835
886
-2654
-814
-713
-1836
-3259
-7513
-11925
-12078
-10307
-9501
-9394
-12906
-17517
-17155
-12994
-9609
-9828
-11319
-12856
-12311
-8090
-4032
-3295
-4175
-3760
-2542
285
3303
4242
3469
2055
3188
4988
6430
7328
5889
3687
4802
9370
9917
5101
-346
-252
4312
6457
5669
2433
-634
-2165
-2907
-1329
430
-832
-5903
-9170
-8067
-5198
-3925
-6003
-10542
-15394
-13367
-5829
-3385
-6592
-10609
-11277
-8114
-4093
-1697
-303
666
-416
-772
2987
9215
12644
10798
8196
9604
14383
17570
16759
14532
13063
13973
16094
16953
16275
13779
10376
8222
8210
9301
8878
5931
1277
-1903
-1462
11
-481
-4370
-9583
-11220
-9734
-8715
-10202
-12295
-12939
-14705
-15787
-14447
-12878
-10988
-9880
-11394
-12221
-9636
-7047
-5516
-4634
-3687
-2292
-882
1123
2204
3187
4538
4576
4511
4843
5351
5998
6395
6855
6464
6466
8232
7456
2665
-1017
1356
5612
5443
1582
-1832
-1910
-1314
-2063
-2749
-2608
-3103
-5941
-8364
-7910
-5698
-4215
-5422
-9443
-13189
-12112
-6917
-2827
-3379
-7359
-8962
-6794
-3763
-903
1782
3452
2668
1799
2955
6454
11443
13516
11865
11024
12160
12371
13184
15133
16103
15758
13669
11719
11080
11753
11945
10328
8090
5825
3729
2553
3028
2410
353
-1559
-4103
-5861
-6892
-7529
-7293
-8056
-10437
-12196
-12620
-12071
-11362
-11667
-12028
-11683
-10990
-10249
-9733
-8317
-6362
-5783
-5592
-4572
-2977
-1286
-355
263
1039
1470
1772
2436
3610
4714
4187
3025
3407
4095
3948
3344
3843
4688
3568
947
-1740
-1576
1051
2613
804
-2980
-4191
-3303
-2099
-1724
-2358
-2828
-4218
-4964
-4542
-3402
-1527
-1743
-4529
-6565
-5266
-1697
1087
563
-2218
-3529
-1071
2765
3982
4575
5331
4619
4951
7039
8746
9901
10585
9648
8894
9980
10920
10651
10066
9323
8486
8838
8585
6547
5496
5425
4373
2598
1867
1192
-147
-1164
-2576
-3575
-3854
-4280
-5082
-6815
-8251
-8180
-7504
-7209
-8057
-9466
-9347
-8829
-9156
-9161
-8310
-6624
-5947
-6429
-6498
-6057
-4552
-2409
-1458
-1669
-1470
-933
14
1537
2700
2892
2127
1824
2205
2452
2715
2766
2576
2245
1190
-184
-613
-325
-962
-1426
-752
-1506
-3118
-4456
-4767
-2884
-1215
-673
-1290
-2979
-3069
-698
1385
1555
1239
1311
1695
2418
3356
4061
4672
4593
3225
2950
5037
6889
6722
5718
4503
3970
5387
7144
7102
5518
3994
3464
3986
4597
4382
3059
1697
1387
1044
811
640
147
-556
-1545
-1656
-1825
-2347
-2409
-2752
-3002
-2927
-3355
-4391
-3824
-2061
-2079
-3143
-3680
-3677
-3483
-2649
-1559
-1595
-2493
-3458
-3610
-2937
-1942
-1383
-1631
-2237
-3421
-3445
-1478
-135
-776
-1689
-1503
-905
-236
243
427
160
-494
-400
439
906
200
-650
-807
-1146
-1411
-1506
-2311
-3060
-2580
-1964
-2342
-3044
-3707
-4284
-3809
-2100
-865
-795
-1176
-1872
-1639
521
2877
3815
3574
2751
2659
4837
7801
8732
7698
6947
7108
7627
9050
10605
10632
8981
7195
6755
7173
7776
7450
5512
3523
2431
1781
1359
805
-639
-2621
-4025
-4543
-4861
-5427
-6074
-7118
-7826
-7473
-7262
-7709
-8288
-8294
-7464
-6289
-5552
-5996
-6889
-6687
-5174
-3540
-2566
-2595
-3282
-3628
-3056
-1037
798
1080
664
186
908
2527
3299
3111
3047
3376
3651
4060
4167
3356
2661
3148
3274
2384
1842
1583
1416
1298
437
-983
-1247
-735
-991
-1355
-1818
-2691
-2877
-2234
-2204
-2818
-2857
-2547
-2069
-966
-225
-619
-1087
-913
33
1669
2861
2817
2286
2023
2446
3710
4800
4822
4121
3704
4172
4942
5175
5005
4803
4404
4078
4166
4278
4059
3665
3065
2143
1755
2105
1709
450
-317
-701
-1136
-1260
-1731
-2600
-2998
-3570
-4290
-4313
-4375
-5078
-5608
-5775
-6228
-6519
-6168
-6003
-6503
-6876
-6552
-5886
-5392
-5058
-4661
-4311
-4072
-3684
-2484
-1026
-875
-1223
-493
598
1249
1825
2389
2772
2768
2426
2494
3227
3957
3958
3274
2347
1633
1724
2216
2075
1424
1085
750
59
-286
-45
396
683
577
13
-170
801
1727
1824
1730
1641
1989
2894
3496
3604
3703
3955
4095
3944
4122
4506
4262
3950
3781
3495
3466
3357
2904
2348
1960
1967
1736
1115
789
536
296
86
-673
-1463
-1643
-1581
-1832
-2678
-3273
-3194
-3266
-3514
-4091
-4953
-4866
-4050
-3741
-4239
-5019
-5437
-5488
-5090
-4400
-4389
-4922
-5271
-5456
-5013
-3881
-3152
-3353
-3837
-3648
-2567
-1061
-124
-533
-1020
-195
914
1573
2265
2571
2319
2076
2074
2454
3144
3548
3041
2048
1559
1545
1724
1868
1322
451
71
76
203
308
296
117
-144
-23
669
1590
2296
2274
1566
1282
2328
3931
4666
4444
4016
3837
4245
5078
5433
5136
4873
4844
5030
5214
4773
3878
3247
2898
2671
2640
2291
1086
-206
-768
-985
-1143
-1475
-2418
-3487
-4145
-4412
-4374
-4355
-4534
-5001
-5520
-5667
-5941
-6108
-5386
-4829
-4913
-4950
-5105
-5193
-4780
-4174
-3868
-3731
-3118
-2559
-2652
-2443
-1877
-1511
-923
-295
52
411
694
897
1351
2108
2627
2364
2020
2184
2463
2872
3056
2408
1675
1717
1906
1331
427
155
519
747
26
-1421
-2074
-1557
-963
-735
-948
-1772
-2505
-2198
-1122
11
830
718
-81
-196
880
2515
3839
4202
3716
3482
4382
5829
6772
6922
6450
5936
6235
7167
7634
7303
6699
5950
5034
4561
4633
4341
3285
1983
834
57
-201
-694
-2183
-3644
-4114
-4394
-4900
-5446
-6453
-7430
-7556
-7632
-8039
-7976
-7924
-8597
-8906
-8408
-7955
-7499
-7049
-7130
-7130
-6234
-4971
-4033
-3389
-2988
-2534
-1614
-592
215
1221
2175
2361
2446
3318
4273
4423
4228
4489
5110
5401
4944
4122
3780
4079
4230
3676
2685
1735
1171
964
870
673
116
-853
-1906
-2352
-1682
-694
-773
-1796
-2436
-2096
-1226
-391
142
483
768
955
1249
1999
3114
3968
4150
4113
4533
5343
6004
6167
5942
5902
6263
6360
5888
5530
5577
5509
4917
3833
2877
2636
2456
1588
649
156
-597
-1887
-2953
-3397
-3512
-3777
-4665
-6046
-7002
-7142
-7127
-7376
-7754
-8334
-8939
-9041
-8804
-8632
-8348
-8047
-8112
-8121
-7495
-6496
-5620
-4966
-4409
-3747
-2784
-1695
-797
-6
963
1932
2561
3163
3942
4583
5143
5713
5871
5623
5523
5730
6062
6290
6020
5000
3781
3221
3256
3393
3254
2323
733
-419
-523
-239
-337
-906
-1649
-2178
-2249
-2098
-1996
-1797
-1657
-1726
-1482
-774
-190
184
702
1192
1550
2133
2956
3650
4131
4487
4860
5437
5820
5636
5526
5951
6302
6158
5786
5311
4794
4333
3897
3591
3342
2574
1187
48
-332
-389
-786
-1927
-3478
-4579
-4839
-4836
-5279
-6229
-7292
-7892
-8020
-8197
-8460
-8535
-8560
-8807
-8957
-8643
-7988
-7329
-6997
-6871
-6372
-5312
-4266
-3528
-2856
-2177
-1386
-452
332
896
1614
2592
3379
3744
3797
3794
4060
4649
5257
5404
5031
4455
4000
3962
4217
4263
3771
2978
2303
1884
1810
1886
1599
895
284
101
251
392
182
-285
-478
-194
139
256
276
279
469
939
1382
1576
1568
1572
1869
2647
3413
3512
3154
2883
3028
3632
4285
4356
3769
3201
3083
3273
3382
3113
2536
1903
1366
929
649
468
107
-700
-1771
-2556
-2850
-2903
-3153
-3890
-4982
-5784
-5866
-5691
-5779
-6192
-6803
-7323
-7269
-6657
-6108
-5961
-6071
-6136
-5853
-5001
-3969
-3290
-2946
-2676
-2229
-1544
-619
202
726
1234
1616
1757
1969
2434
2906
3213
3407
3345
3003
2778
2853
2947
3025
2971
2599
2154
1879
1818
1792
1786
1758
1506
1200
971
963
1183
1317
1179
869
716
799
1007
1191
1270
1308
1233
1113
1166
1456
1802
2112
2293
2186
2010
2068
2365
2634
2776
2728
2428
2191
2122
2123
2103
1861
1390
932
742
594
196
-306
-700
-993
-1315
-1745
-2197
-2521
-2760
-3003
-3329
-3681
-3925
-4053
-4174
-4400
-4543
-4488
-4371
-4337
-4409
-4413
-4258
-3945
-3546
-3126
-2717
-2459
-2333
-2056
-1428
-731
-275
-84
-2
288
865
1389
1532
1439
1409
1519
1729
1864
1827
1682
1476
1242
1152
1322
1438
1252
858
594
699
976
1078
954
839
792
794
976
1291
1508
1477
1291
1230
1473
1827
1972
1966
1987
2005
2038
2100
2135
2217
2421
2555
2447
2215
2082
2192
2372
2333
2084
1831
1594
1309
1092
991
832
400
-236
-689
-792
-887
-1281
-1843
-2362
-2726
-2846
-2830
-2968
-3332
-3797
-4245
-4360
-4033
-3733
-3814
-4127
-4470
-4540
-4013
-3249
-2931
-3018
-3017
-2786
-2251
-1440
-801
-532
-304
34
436
1002
1533
1699
1789
2142
2436
2444
2424
2422
2374
2440
2496
2280
1959
1734
1449
1169
1119
1129
949
570
64
-348
-371
-129
-70
-309
-595
-765
-755
-540
-232
25
140
137
191
405
708
1080
1467
1705
1792
1773
1681
1770
2182
2592
2664
2421
2014
1718
1876
2263
2337
2070
1673
1238
967
969
1007
890
641
216
-301
-650
-797
-894
-1033
-1336
-1872
-2358
-2541
-2625
-2793
-3020
-3284
-3510
-3652
-3798
-3938
-3890
-3705
-3647
-3736
-3786
-3619
-3215
-2757
-2480
-2392
-2206
-1748
-1178
-669
-250
31
252
656
1201
1629
1888
2021
2063
2192
2476
2654
2617
2526
2427
2292
2161
2020
1838
1736
1685
1459
1106
899
850
805
736
619
483
459
505
442
314
338
536
740
800
689
529
573
873
1159
1264
1263
1207
1115
1174
1418
1631
1731
1705
1498
1304
1371
1567
1591
1427
1161
839
625
521
287
-97
-426
-761
-1174
-1537
-1894
-2345
-2718
-2882
-3008
-3203
-3427
-3705
-3893
-3779
-3516
-3415
-3472
-3477
-3367
-3142
-2844
-2680
-2695
-2620
-2260
-1785
-1460
-1335
-1328
-1211
-691
66
549
678
749
903
1260
1880
2400
2542
2528
2500
2464
2592
2877
3000
2883
2675
2372
2072
1986
2067
2070
1892
1538
1084
754
758
965
993
706
313
29
-25
189
428
405
224
103
49
151
472
696
668
600
570
553
687
921
980
897
835
702
551
629
775
740
593
362
87
-14
73
41
-191
-481
-780
-996
-1098
-1254
-1561
-1869
-2108
-2303
-2403
-2517
-2781
-3094
-3282
-3260
-3068
-2881
-2923
-3166
-3280
-3084
-2654
-2184
-1902
-1874
-1895
-1682
-1243
-768
-313
25
177
349
647
932
1213
1571
1884
2055
2166
2192
2133
2206
2492
2710
2707
2557
2299
2119
2251
2543
2589
2331
1980
1678
1626
1857
1974
1717
1320
1001
784
766
890
856
555
208
-63
-234
-131
95
2
-347
-563
-637
-590
-338
-196
-400
-628
-638
-542
-316
-17
-70
-456
-631
-462
-214
27
52
-343
-704
-662
-533
-486
-431
-566
-938
-1213
-1294
-1321
-1257
-1178
-1395
-1801
-1979
-1960
-1923
-1848
-1848
-2036
-2184
-2137
-2077
-2021
-1845
-1701
-1705
-1656
-1488
-1360
-1156
-833
-637
-497
-201
59
191
429
720
929
1203
1495
1586
1648
1845
1983
2062
2252
2358
2300
2292
2262
2172
2249
2406
2361
2196
2020
1819
1792
1949
1977
1806
1553
1253
1071
1136
1247
1190
989
680
403
386
557
655
568
326
56
-19
126
255
204
-9
-278
-443
-404
-288
-295
-496
-789
-1009
-1083
-1048
-1028
-1158
-1400
-1622
-1780
-1880
-1920
-1963
-2066
-2208
-2388
-2570
-2621
-2541
-2487
-2521
-2606
-2704
-2685
-2500
-2282
-2145
-2069
-2015
-1925
-1693
-1382
-1134
-945
-782
-629
-385
-65
201
403
598
809
1056
1335
1545
1661
1789
1965
2164
2351
2456
2455
2414
2391
2405
2453
2490
2467
2364
2174
1940
1773
1724
1756
1754
1576
1216
882
751
842
1010
1015
747
391
212
289
515
677
609
377
213
223
339
465
498
421
327
285
254
204
183
182
157
121
55
-68
-170
-183
-194
-272
-385
-522
-667
-769
-849
-998
-1215
-1403
-1586
-1773
-1914
-2103
-2353
-2552
-2685
-2782
-2848
-2894
-2963
-3029
-3003
-2903
-2755
-2555
-2363
-2253
-2144
-1950
-1689
-1393
-1117
-919
-791
-633
-412
-186
68
304
454
583
777
1025
1285
1541
1711
1804
1981
2249
2481
2633
2675
2651
2663
2746
2823
2789
2669
2492
2276
2126
2021
1865
1657
1436
1226
1039
888
729
549
424
383
347
269
186
102
59
93
149
167
146
107
29
-14
20
75
109
71
-43
-171
-206
-115
9
83
41
-122
-253
-248
-125
1
3
-164
-416
-574
-599
-587
-639
-848
-1154
-1426
-1606
-1703
-1800
-1957
-2172
-2368
-2470
-2502
-2499
-2527
-2584
-2607
-2551
-2429
-2303
-2211
-2141
-2043
-1870
-1666
-1478
-1329
-1207
-1053
-861
-612
-366
-147
70
281
530
802
1087
1347
1561
1770
1958
2145
2322
2464
2563
2607
2631
2633
2625
2608
2542
2432
2301
2185
2091
2004
1904
1753
1574
1435
1338
1267
1184
1064
931
812
747
716
667
595
495
403
356
331
298
220
100
-16
-90
-107
-126
-219
-369
-529
-637
-641
-604
-629
-761
-940
-1052
-1042
-922
-848
-948
-1155
-1343
-1391
-1301
-1204
-1260
-1493
-1755
-1915
-1906
-1810
-1797
-1916
-2126
-2277
-2274
-2146
-1983
-1914
-1926
-1933
-1868
-1676
-1440
-1229
-1089
-989
-851
-681
-469
-277
-136
11
164
353
516
626
718
831
1018
1236
1424
1532
1577
1651
1819
2057
2275
2375
2349
2300
2314
2398
2495
2509
2407
2235
2071
1966
1901
1847
1738
1555
1340
1129
965
845
742
647
514
346
158
-27
-169
-255
-310
-381
-503
-678
-838
-928
-932
-894
-886
-928
-1007
-1051
-997
-899
-821
-807
-840
-851
-798
-702
-656
-716
-843
-952
-972
-927
-917
-1017
-1198
-1371
-1426
-1350
-1247
-1239
-1361
-1503
-1538
-1408
-1192
-1040
-1027
-1115
-1146
-1028
-793
-557
-454
-483
-522
-453
-248
1
161
181
162
234
432
687
859
908
909
971
1154
1361
1483
1472
1398
1392
1500
1640
1687
1589
1411
1293
1300
1376
1411
1323
1130
959
894
934
987
944
802
628
522
517
548
528
409
243
106
50
60
57
-6
-121
-249
-326
-331
-305
-301
-347
-423
-480
-493
-479
-473
-501
-545
-566
-562
-548
-556
-590
-611
-597
-558
-525
-537
-590
-645
-681
-703
-722
-765
-846
-962
-1089
-1192
-1275
-1317
-1344
-1389
-1438
-1489
-1491
-1414
-1292
-1168
-1095
-1063
-1014
-891
-686
-470
-324
-277
-266
-174
29
278
460
512
492
529
707
974
1207
1300
1283
1285
1412
1662
1891
1973
1904
1805
1800
1917
2064
2092
1950
1733
1570
1535
1579
1557
1395
1126
867
744
750
763
672
446
195
44
22
51
19
-133
-346
-502
-535
-491
-491
-593
-769
-930
-976
-933
-898
-967
-1129
-1268
-1295
-1213
-1121
-1124
-1218
-1311
-1329
-1254
-1145
-1090
-1127
-1206
-1233
-1187
-1098
-1031
-1035
-1082
-1112
-1085
-1008
-921
-872
-869
-873
-854
-794
-702
-598
-527
-489
-462
-407
-300
-157
-9
90
157
230
356
552
750
900
996
1082
1218
1401
1579
1687
1729
1754
1809
1908
1981
1995
1943
1865
1825
1822
1814
1744
1598
1429
1311
1269
1250
1163
984
756
564
478
455
390
223
-15
-224
-323
-326
-331
-433
-624
-811
-891
-846
-770
-782
-902
-1055
-1122
-1058
-939
-872
-924
-1048
-1125
-1091
-967
-877
-893
-993
-1078
-1073
-1000
-944
-970
-1053
-1131
-1140
-1094
-1053
-1050
-1097
-1147
-1164
-1123
-1051
-990
-961
-943
-902
-828
-717
-612
-523
-438
-345
-221
-80
55
170
271
370
481
610
730
829
906
983
1072
1162
1252
1320
1368
1422
1489
1573
1640
1671
1685
1709
1756
1797
1804
1763
1692
1637
1590
1526
1426
1280
1110
960
835
708
556
380
209
65
-41
-130
-232
-351
-460
-539
-585
-632
-686
-742
-813
-869
-898
-916
-938
-972
-1018
-1050
-1047
-1028
-1009
-994
-997
-991
-951
-886
-819
-774
-746
-724
-692
-643
-602
-581
-594
-635
-677
-691
-686
-716
-773
-847
-917
-946
-941
-912
-893
-888
-874
-832
-746
-635
-514
-414
-332
-250
-157
-39
83
198
291
369
441
505
578
666
763
859
930
988
1044
1122
1236
1356
1473
1554
1604
1655
1728
1825
1904
1943
1933
1896
1869
1848
1824
1765
1661
1528
1375
1242
1116
968
796
591
376
158
-48
-238
-433
-632
-839
-1039
-1216
-1364
-1488
-1590
-1678
-1759
-1816
-1835
-1830
-1798
-1743
-1689
-1622
-1547
-1460
-1347
-1239
-1140
-1053
-970
-883
-786
-691
-609
-551
-515
-480
-434
-381
-330
-297
-282
-275
-259
-230
-209
-197
-210
-227
-231
-218
-208
-213
-222
-239
-233
-203
-160
-103
-47
17
92
192
318
450
590
724
863
1010
1152
1310
1457
1579
1686
1765
1840
1919
1979
2019
2018
1982
1935
1879
1836
1773
1679
1559
1422
1304
1196
1081
946
781
610
457
318
184
23
-161
-349
-530
-683
-826
-981
-1152
-1327
-1472
-1587
-1672
-1752
-1836
-1912
-1966
-1972
-1953
-1925
-1891
-1860
-1809
-1735
-1636
-1524
-1424
-1323
-1222
-1112
-983
-857
-745
-651
-563
-477
-385
-296
-223
-156
-103
-66
-29
9
40
65
81
96
118
137
164
199
238
280
318
362
411
465
521
583
643
700
762
822
881
938
997
1055
1112
1161
1198
1230
1263
1293
1319
1341
1356
1366
1369
1363
1350
1328
1302
1261
1211
1148
1081
1007
915
823
723
611
499
375
265
145
25
-79
-205
-312
-414
-513
-583
-674
-751
-825
-905
-967
-1042
-1102
-1159
-1222
-1269
-1336
-1369
-1395
-1424
-1421
-1440
-1423
-1395
-1364
-1303
-1255
-1166
-1088
-1010
-902
-816
-706
-616
-533
-441
-381
-296
-255
-217
-166
-157
-108
-100
-100
-83
-110
-101
-124
-142
-133
-157
-127
-121
-118
-92
-95
-57
-35
-7
52
75
150
210
273
382
447
559
665
765
915
1012
1141
1257
1363
1521
1612
1718
1795
1837
1933
1931
1941
1952
1888
1864
1761
1657
1552
1373
1218
1011
852
714
491
284
34
-183
-337
-534
-682
-820
-950
-1046
-1177
-1249
-1272
-1287
-1287
-1315
-1312
-1292
-1274
-1207
-1194
-1233
-1222
-1212
-1245
-1275
-1228
-1180
-1170
-1094
-1013
-957
-864
-844
-890
-922
-866
-864
-723
-157
102
27
5
-469
-1076
-987
-414
108
780
914
56
-225
60
-187
-491
-277
409
1349
1731
838
20
377
430
-60
108
814
1679
2538
2402
965
-527
-1116
-435
990
1662
1452
1452
1397
300
-1092
-1396
-443
1060
1910
1810
1503
1240
937
603
150
-37
1087
2918
3128
1404
-48
249
847
-204
-1651
-1083
679
901
-679
-1915
-1589
-1233
-2216
-2933
-2109
-840
-567
-1144
-1585
-1616
-1485
-1746
-1988
-1472
-597
240
335
-400
-834
-647
-456
-634
-443
521
1257
1138
497
224
232
-226
-505
-111
657
1323
1186
369
-479
-952
-974
-724
-475
-402
31
603
221
-724
-1269
-1355
-1167
-579
439
1218
1164
537
137
262
342
297
777
1719
2188
1887
1481
1133
681
470
753
1257
1512
1303
966
720
243
-316
-285
206
485
506
477
348
31
-427
-658
-375
62
258
324
255
-82
-449
-566
-507
-383
-196
-57
-12
-108
-461
-823
-827
-546
-294
-186
-322
-673
-848
-829
-903
-936
-730
-473
-450
-739
-1133
-1179
-817
-584
-614
-493
-235
-246
-608
-909
-721
-118
375
349
34
-72
5
-19
-107
-13
371
764
783
379
-167
-477
-420
-46
435
655
482
53
-390
-741
-890
-576
61
601
777
479
-36
-356
-385
-171
322
974
1425
1534
1358
948
560
433
622
1162
1824
2153
1963
1414
763
338
420
848
1187
1277
1164
898
534
126
-180
-186
71
299
322
148
-223
-652
-866
-927
-979
-893
-697
-674
-905
-1224
-1511
-1652
-1650
-1534
-1231
-904
-901
-1145
-1306
-1373
-1389
-1197
-797
-417
-232
-276
-410
-463
-484
-488
-204
309
554
380
60
-144
-158
-80
20
261
563
511
109
-203
-294
-254
-70
215
467
589
441
73
-164
-191
-111
165
579
863
900
719
365
20
-98
73
500
948
1083
945
762
519
189
5
198
648
1046
1186
1106
965
769
495
355
489
772
1084
1302
1260
984
654
372
159
-14
-82
131
482
469
-18
-560
-916
-1176
-1343
-1282
-929
-530
-500
-882
-1310
-1569
-1692
-1626
-1342
-948
-610
-481
-645
-998
-1276
-1370
-1278
-973
-516
-115
-26
-279
-638
-836
-779
-542
-144
305
581
615
448
214
103
232
550
843
1017
1114
1104
875
494
226
200
328
454
499
484
335
48
-281
-544
-569
-321
72
373
434
316
117
-8
24
241
611
870
943
972
964
862
680
603
714
824
788
669
694
808
719
441
199
183
285
297
240
135
46
-78
-255
-334
-360
-374
-464
-641
-823
-958
-928
-898
-987
-1180
-1335
-1280
-1205
-1201
-1225
-1147
-972
-957
-1011
-953
-716
-422
-320
-289
-194
-22
101
79
104
246
446
538
445
381
434
526
504
378
356
479
598
509
336
315
380
359
204
132
261
414
360
84
-100
-75
22
77
51
56
134
156
44
-97
-140
-116
-28
87
166
268
346
334
274
198
130
172
394
626
770
791
659
505
405
355
377
524
700
746
666
449
192
79
82
95
90
70
-5
-157
-333
-528
-669
-691
-711
-754
-804
-887
-978
-1068
-1160
-1218
-1161
-1059
-996
-947
-951
-971
-934
-856
-756
-582
-375
-303
-317
-319
-289
-127
94
240
344
435
422
357
390
482
601
751
839
832
778
668
557
585
665
674
680
689
624
475
279
101
88
194
228
195
159
83
-39
-158
-218
-164
-30
66
109
146
138
49
-42
-58
-6
94
198
268
308
291
201
119
123
170
232
314
381
418
401
317
236
226
263
276
260
231
188
99
-46
-206
-306
-323
-360
-469
-599
-714
-816
-915
-1010
-1072
-1061
-999
-948
-927
-946
-961
-902
-798
-728
-665
-544
-383
-255
-219
-226
-140
13
90
75
107
253
393
427
381
375
458
496
421
386
484
587
592
499
395
381
401
349
289
320
376
379
341
270
209
214
205
166
212
271
265
248
214
180
199
229
211
206
224
210
224
228
182
161
181
196
182
152
131
149
180
130
54
63
112
131
101
46
36
77
60
-21
-46
-16
-27
-104
-209
-272
-258
-243
-300
-361
-381
-440
-539
-641
-708
-686
-623
-603
-597
-594
-605
-629
-662
-668
-612
-505
-415
-380
-369
-353
-336
-308
-272
-199
-100
-40
-35
-42
-29
-4
30
77
140
226
290
296
295
320
364
423
477
526
584
618
597
531
464
421
407
410
401
357
289
207
126
71
46
70
135
186
194
180
173
184
213
252
306
371
413
397
329
276
250
246
240
207
192
189
165
114
53
40
69
82
57
16
-6
-16
-48
-91
-131
-166
-221
-298
-362
-398
-412
-431
-480
-542
-607
-666
-692
-689
-643
-562
-510
-506
-537
-568
-560
-519
-438
-321
-212
-150
-144
-165
-170
-132
-63
29
123
181
200
191
176
181
215
267
323
363
366
342
298
270
276
296
336
361
362
343
299
254
224
212
220
225
206
173
123
64
11
-29
-40
-35
-41
-59
-85
-113
-123
-105
-70
-29
25
66
84
78
67
97
167
248
305
317
311
301
274
245
241
270
309
305
239
152
81
30
-18
-67
-104
-119
-149
-220
-320
-403
-432
-446
-478
-513
-535
-544
-573
-631
-670
-641
-570
-520
-520
-521
-479
-411
-369
-335
-256
-127
-3
55
74
130
227
308
345
368
419
494
520
480
435
423
434
413
341
279
270
277
232
133
48
15
4
-29
-63
-51
11
52
24
-33
-64
-40
3
27
61
120
176
175
107
26
1
24
51
63
61
68
48
-17
-95
-145
-121
-42
31
68
77
75
62
36
12
42
129
217
248
220
175
135
94
42
-2
-2
28
40
-7
-86
-148
-199
-247
-297
-309
-274
-244
-260
-318
-362
-373
-379
-392
-408
-374
-313
-265
-239
-236
-205
-148
-96
-58
-20
46
120
181
217
232
252
267
264
249
245
264
281
271
250
214
168
116
64
34
21
5
-7
-31
-60
-100
-145
-172
-176
-152
-123
-113
-115
-118
-113
-105
-88
-49
9
62
91
96
92
94
98
91
105
137
169
181
159
135
119
110
104
96
108
141
162
153
128
111
107
106
99
84
76
76
60
34
10
-12
-23
-46
-66
-82
-96
-115
-136
-160
-175
-173
-174
-169
-161
-157
-148
-144
-141
-133
-121
-92
-59
-35
-12
0
-1
-3
3
5
16
28
40
43
28
10
-4
-12
-11
-10
-9
-7
-7
-17
-26
-32
-33
-43
-55
-61
-80
-101
-126
-150
-164
-180
-179
-175
-170
-158
-139
-98
-56
-7
48
100
150
187
224
266
304
340
370
383
382
380
372
361
344
328
309
293
280
257
238
217
191
167
138
106
67
21
-20
-67
-116
-170
-221
-267
-312
-361
-403
-439
-462
-460
-460
-443
-413
-384
-346
-310
-278
-242
-208
-162
-105
-56
-11
27
60
88
111
128
145
160
173
181
186
188
184
180
175
172
175
178
168
152
135
122
109
96
75
58
49
48
41
27
6
-25
-52
-69
-76
-71
-68
-79
-100
-127
-141
-150
-140
-113
-86
-68
-65
-74
-78
-73
-49
-9
39
77
99
100
81
70
71
86
114
132
147
139
115
84
53
49
50
55
59
48
24
-9
-48
-80
-89
-94
-99
-102
-118
-129
-133
-144
-145
-148
-147
-136
-121
-105
-99
-92
-89
-89
-94
-88
-72
-52
-28
-12
-2
5
8
20
44
69
94
110
127
135
145
158
171
188
188
185
182
165
150
137
125
110
93
77
52
27
3
-20
-36
-42
-60
-75
-86
-105
-114
-115
-103
-97
-91
-88
-96
-93
-80
-71
-55
-39
-32
-28
-33
-31
-22
-9
2
7
15
24
28
35
53
75
90
110
108
91
83
66
60
68
63
53
43
17
-14
-39
-62
-71
-68
-73
-78
-69
-68
-69
-65
-62
-53
-41
-33
-27
-23
-18
-22
-23
-19
-22
-21
-20
-23
-24
-17
-9
-17
-21
-22
-25
-10
0
-4
0
-2
-7
-1
2
16
33
35
29
16
15
13
13
24
27
33
28
10
3
3
10
9
22
28
17
20
16
8
13
32
46
51
50
37
31
32
26
30
48
57
54
49
33
18
23
28
27
36
33
19
21
13
2
3
-7
-20
-27
-27
-38
-43
-45
-57
-66
-75
-84
-93
-96
-102
-109
-109
-109
-106
-106
-112
-111
-101
-94
-86
-72
-63
-51
-28
-12
3
18
31
41
44
59
73
88
110
114
105
97
90
76
80
79
76
74
55
40
29
34
39
41
47
33
23
13
-1
-3
-1
3
0
-7
-28
-46
-46
-44
-38
-30
-24
-25
-30
-27
-22
-2
20
35
49
59
68
67
65
65
69
85
88
85
80
70
62
48
35
34
20
6
-5
-19
-23
-29
-39
-48
-54
-57
-59
-67
-83
-95
-99
-106
-107
-113
-121
-121
-126
-131
-128
-122
-119
-111
-101
-91
-74
-59
-57
-50
-33
-26
-16
-5
1
15
28
41
46
52
63
60
68
69
61
73
71
71
77
75
71
67
78
76
80
89
79
82
80
77
81
77
76
69
73
74
61
59
57
57
55
44
34
38
49
45
45
38
33
42
32
16
11
15
15
8
0
-2
3
6
5
4
19
29
15
11
7
4
-2
-27
-56
-83
-106
-149
-198
-240
-280
-302
-328
-357
-374
-398
-401
-398
-385
-356
-338
-306
-274
-248
-202
-162
-131
-101
-71
-38
-6
12
23
32
48
66
76
86
102
127
145
165
192
223
258
284
315
353
380
402
415
427
448
456
445
434
411
389
368
329
295
264
234
208
178
157
142
123
113
97
86
79
66
62
56
46
39
28
11
-2
-18
-38
-53
-72
-95
-114
-137
-160
-178
-204
-229
-247
-272
-295
-322
-363
-396
-429
-468
-504
-545
-579
-598
-618
-639
-651
-666
-660
-641
-611
-575
-544
-499
-441
-381
-315
-257
-199
-133
-73
-17
47
95
140
199
251
297
341
385
427
464
493
523
557
592
626
654
676
694
711
720
727
720
702
678
647
603
550
490
424
356
282
210
135
60
-3
-58
-105
-142
-180
-205
-212
-219
-216
-205
-198
-185
-169
-166
-164
-163
-167
-179
-195
-203
-207
-214
-217
-218
-213
-202
-187
-161
-137
-109
-82
-57
-30
-11
6
15
20
17
0
-17
-49
-78
-121
-172
-207
-251
-294
-335
-374
-406
-433
-443
-447
-445
-432
-416
-384
-339
-289
-238
-186
-123
-58
9
74
130
187
230
260
288
302
321
331
323
319
316
314
315
316
320
324
340
355
360
359
362
371
373
373
356
325
301
258
211
162
108
68
14
-32
-80
-130
-170
-208
-233
-263
-278
-278
-285
-274
-255
-232
-194
-171
-140
-107
-71
-24
-3
24
43
50
55
48
50
46
43
35
19
9
-16
-31
-54
-68
-75
-89
-87
-94
-89
-73
-66
-57
-54
-43
-31
-23
-18
-28
-32
-38
-55
-64
-81
-95
-107
-118
-117
-121
-117
-115
-115
-110
-101
-77
-54
-33
-5
23
52
85
113
138
161
179
194
202
206
204
194
184
168
154
142
122
110
102
94
88
81
70
67
64
59
65
67
69
72
74
85
93
108
124
137
154
155
150
149
140
126
100
72
35
-12
-61
-111
-159
-201
-240
-281
-314
-327
-335
-335
-330
-320
-295
-268
-247
-222
-200
-180
-161
-149
-145
-142
-136
-143
-159
-169
-173
-178
-177
-172
-162
-147
-119
-97
-67
-22
25
72
111
142
173
199
208
215
223
228
232
227
218
209
205
204
201
212
222
229
247
263
280
303
312
315
324
324
319
306
283
259
230
194
145
92
45
-2
-45
-89
-129
-169
-199
-219
-249
-264
-282
-294
-290
-300
-311
-308
-301
-290
-275
-262
-243
-227
-220
-217
-212
-202
-189
-178
-170
-150
-133
-122
-114
-100
-74
-42
-15
10
32
53
77
96
118
140
151
154
151
152
150
144
132
111
96
80
60
39
20
7
-2
-5
-8
-7
2
14
24
38
51
62
77
87
98
109
113
114
109
100
99
90
83
83
76
70
65
55
47
37
31
27
13
-4
-19
-27
-33
-36
-36
-42
-46
-62
-73
-80
-88
-92
-96
-95
-94
-94
-95
-93
-101
-106
-104
-112
-118
-114
-113
-110
-104
-104
-99
-90
-84
-75
-59
-43
-24
1
25
43
64
86
104
121
144
161
184
198
201
200
195
189
175
161
140
122
107
86
66
47
30
13
-2
-16
-29
-33
-41
-51
-55
-53
-55
-54
-52
-54
-49
-44
-52
-50
-44
-42
-31
-27
-31
-38
-41
-43
-47
-49
-50
-53
-58
-57
-60
-60
-63
-76
-83
-85
-89
-87
-92
-99
-93
-92
-91
-91
-90
-83
-77
-70
-62
-47
-31
-20
-10
2
19
32
45
60
69
82
88
85
93
102
110
118
125
131
130
135
138
140
146
148
147
145
137
132
121
111
107
100
87
66
51
33
10
-10
-30
-50
-65
-83
-94
-103
-113
-119
-125
-123
-113
-99
-92
-89
-84
-74
-64
-53
-40
-35
-41
-46
-46
-39
-30
-27
-26
-26
-24
-20
-21
-26
-29
-35
-37
-32
-22
-10
-4
3
9
12
18
24
28
34
39
44
43
40
38
35
32
34
37
38
37
34
23
16
9
4
2
3
4
2
-3
-12
-21
-25
-27
-28
-27
-26
-21
-10
-4
-3
6
11
25
35
37
48
48
49
46
38
42
43
40
40
36
33
26
17
9
-1
-2
-5
-6
-10
-18
-24
-38
-44
-48
-56
-54
-64
-67
-59
-59
-48
-43
-40
-29
-30
-20
-15
-8
4
6
15
7
3
11
4
12
9
7
12
0
5
4
4
13
1
4
6
6
13
-4
-4
1
5
22
20
20
24
17
25
27
35
39
33
38
28
22
15
1
0
-14
-16
-16
-20
-7
-10
-3
12
3
4
0
-7
-2
-2
12
25
31
35
28
21
13
8
10
8
4
-6
-17
-20
-28
-26
-27
-36
-35
-43
-50
-47
-48
-45
-36
-32
-30
-36
-44
-45
-37
-28
-16
0
11
20
20
20
27
30
34
36
31
26
26
17
14
14
13
17
17
17
13
13
11
7
12
16
22
29
28
20
7
3
-1
2
8
6
7
4
2
-3
-15
-14
-10
-5
0
-2
0
-8
-18
-21
-19
-9
-3
-5
-12
-11
-7
-12
-8
-1
7
17
18
17
10
6
5
0
-2
-7
-8
-9
-13
-12
-19
-19
-19
-19
-17
-20
-18
-15
-7
-2
2
6
1
-6
-8
-6
2
14
13
9
2
-8
-2
8
15
23
23
15
5
-1
3
5
7
12
13
16
19
15
15
13
14
18
15
17
14
-1
-9
-13
-14
-15
-11
-8
-10
-5
-8
-14
-13
-13
-9
-3
-1
6
8
9
10
4
-2
-6
-13
-11
-13
-12
-10
-15
-16
-21
-21
-19
-12
-4
-4
-2
-7
-5
3
3
9
12
15
18
12
14
23
26
29
30
24
17
15
2
0
1
-4
-3
-5
-7
-8
-9
-7
0
1
-4
-6
-8
-12
-16
-12
-13
-17
-15
-13
-15
-15
-10
-6
2
2
-2
-1
-5
1
3
-2
0
3
5
2
7
10
11
13
14
13
8
3
4
6
13
16
11
4
-1
0
2
7
6
2
2
-1
-1
-6
-10
-7
-9
-13
-15
-17
-15
-9
-2
3
5
9
8
4
3
4
9
6
1
-6
-9
-2
0
0
-2
-5
-2
-3
-7
-5
-4
-5
1
7
15
15
9
11
6
6
6
7
9
8
5
0
-1
-4
-9
-6
-8
-4
0
-6
-5
-8
-7
-4
-8
-6
-13
-12
-10
-9
-3
3
6
8
13
12
13
18
20
17
18
14
7
9
6
1
0
-3
-3
-7
-13
-20
-22
-20
-21
-23
-20
-14
-8
-9
-7
-11
-13
-9
-4
5
6
4
6
5
-1
-4
-10
-15
-12
-7
-4
-1
6
9
11
17
19
24
31
23
15
12
6
5
7
11
11
7
4
1
5
6
7
9
8
8
10
4
-1
-5
-4
-1
-2
4
6
0
-4
-10
-23
-25
-20
-27
-31
-32
-36
-35
-34
-26
-13
1
7
15
22
26
36
41
44
51
55
57
51
42
42
31
24
15
4
8
8
2
-7
-18
-25
-30
-27
-23
-22
-19
-23
-29
-33
-33
-33
-44
-47
-47
-46
-44
-49
-47
-40
-43
-47
-49
-50
-48
-37
-33
-36
-27
-30
-28
-14
-10
5
11
9
12
14
27
33
31
37
36
39
45
48
48
45
43
44
48
54
54
52
48
45
47
48
50
52
49
41
40
40
35
29
25
11
1
3
8
14
10
-3
-8
-6
3
9
6
3
-1
-6
-1
6
14
15
5
-10
-20
-22
-22
-28
-42
-54
-55
-60
-67
-62
-65
-77
-90
-97
-91
-78
-77
-76
-78
-80
-72
-65
-55
-50
-40
-27
-15
0
11
24
25
28
27
25
36
36
30
32
32
39
52
56
57
53
49
51
49
47
45
46
45
43
41
44
50
45
36
27
23
26
35
41
41
38
36
36
44
54
66
74
62
56
47
39
37
32
27
19
13
6
-12
-23
-31
-43
-46
-52
-67
-84
-101
-120
-129
-123
-119
-121
-123
-128
-135
-136
-134
-125
-107
-90
-72
-59
-61
-53
-36
-20
-3
16
28
33
41
42
44
52
66
77
76
71
66
54
49
46
42
46
49
50
52
44
35
29
27
36
48
60
64
69
64
66
76
80
89
92
91
81
55
36
27
18
18
9
-9
-31
-55
-81
-94
-91
-86
-76
-71
-78
-83
-84
-82
-75
-63
-45
-35
-28
-30
-33
-27
-25
-16
-8
3
9
3
3
-1
-7
3
8
12
17
17
17
18
9
-3
-1
3
10
14
8
-2
-18
-33
-37
-28
-17
-14
-13
-14
-18
-15
-13
-9
0
9
19
28
26
34
43
53
60
58
62
58
49
49
49
49
42
42
33
22
23
14
15
17
12
16
14
7
3
-2
-6
-7
-9
-17
-26
-35
-41
-48
-54
-51
-51
-55
-46
-53
-59
-53
-58
-55
-42
-33
-30
-29
-21
-25
-18
-19
-24
0
5
10
22
21
34
37
42
40
42
53
45
46
45
38
31
20
14
4
7
1
-9
-4
-3
-6
-4
-1
-2
1
5
-3
-2
1
-4
-3
-5
-5
-4
0
0
0
5
6
6
8
7
7
9
9
11
14
14
9
12
11
3
3
-1
-4
-4
-2
-10
-8
-7
-13
-9
-8
-7
-12
-16
-7
-8
-1
-4
-16
-11
-16
-15
-18
-19
-12
-17
-13
-14
-17
-12
-12
-10
-9
-2
0
2
2
-7
-3
-8
-7
-4
-10
-6
-6
-6
-9
-9
-2
6
8
6
10
10
8
9
0
9
20
16
18
22
31
33
32
32
34
41
43
45
45
42
43
40
30
21
10
4
-1
-8
-12
-12
-14
-15
-7
0
6
4
2
-3
-3
-3
-7
-6
-6
-8
-13
-17
-14
-10
-9
-9
