5
2
-1
-3
-3
2
6
3
1
-1
3
5
1
3
6
8
9
13
16
15
13
12
10
13
14
13
9
5
2
0
-7
-12
-12
-17
-20
-27
-35
-34
-41
-44
-40
-37
-37
-38
-39
-36
-34
-30
-17
-15
-15
-8
-1
9
12
12
19
21
27
27
20
17
17
18
19
14
9
8
4
0
-1
-2
-1
-6
-12
-13
-20
-27
-30
-30
-28
-30
-28
-24
-23
-15
-13
-8
-3
1
5
14
22
28
33
34
33
34
36
34
30
30
30
32
34
33
35
33
27
23
16
12
11
9
5
-2
-2
-8
-11
-11
-11
-6
-12
-13
-10
-10
-14
-17
-19
-19
-19
-21
-19
-13
-9
-7
-4
-4
-3
-1
1
0
0
-5
-3
0
2
11
10
11
7
5
6
2
-2
-10
-5
-5
-9
-11
-18
-24
-28
-26
-25
-25
-19
-17
-17
-16
-18
-16
-11
-12
-10
-10
-5
-2
0
3
0
7
7
7
8
8
13
12
16
15
12
11
14
15
14
14
13
10
5
5
8
14
17
18
14
10
12
14
17
19
18
22
17
14
18
18
24
22
17
17
16
17
12
11
12
5
1
0
0
-2
-16
-17
-24
-26
-21
-31
-30
-39
-49
-52
-58
-58
-57
-56
-53
-56
-50
-44
-40
-30
-29
-20
-17
-15
-5
-4
-1
3
2
10
11
20
27
27
40
33
31
38
36
40
33
31
35
27
30
30
28
34
25
26
23
18
15
10
15
13
13
18
17
20
19
23
24
20
23
17
15
10
-2
0
0
2
6
4
10
7
-1
1
-7
-11
-17
-21
-24
-32
-35
-38
-38
-40
-40
-43
-53
-55
-57
-63
-61
-61
-56
-48
-48
-35
-33
-32
-27
-29
-19
-14
-8
-1
-1
4
2
11
13
14
24
24
35
34
32
41
34
37
38
34
34
31
34
39
30
30
30
31
38
28
26
28
28
29
27
30
28
25
30
30
30
23
21
24
16
13
6
6
1
-6
-4
-10
-9
-7
-10
-6
-7
-9
-2
-5
-4
-2
-11
-12
-15
-22
-22
-26
-26
-25
-30
-28
-32
-33
-29
-29
-23
-21
-21
-20
-22
-22
-30
-28
-31
-38
-36
-40
-42
-39
-38
-35
-37
-36
-31
-32
-30
-29
-26
-20
-17
-11
2
7
6
13
14
23
30
28
32
34
40
44
47
46
42
42
41
42
41
38
36
29
24
25
21
16
18
18
24
29
28
28
24
25
26
23
24
20
16
13
15
11
6
1
-4
4
-2
-8
-13
-20
-11
-12
-14
-14
-19
-12
-12
-11
-9
-5
-5
-12
-10
-16
-17
-14
-18
-21
-24
-20
-18
-22
-21
-24
-26
-20
-22
-18
-6
-2
-2
-1
0
7
11
7
7
5
6
6
1
-1
1
3
0
0
-2
-4
-1
-2
-4
-12
-17
-21
-21
-18
-24
-26
-25
-26
-21
-18
-16
-16
-16
-16
-9
2
9
11
16
19
25
28
31
44
45
48
50
49
48
47
41
36
34
30
28
27
27
24
19
15
10
3
2
2
-5
-8
-12
-14
-10
-12
-8
-4
-8
-11
-13
-18
-19
-23
-20
-20
-16
-15
-22
-25
-28
-25
-20
-22
-20
-19
-15
-10
-8
-3
-1
-3
-1
-3
-6
-16
-21
-25
-32
-30
-33
-28
-26
-24
-19
-21
-15
-10
-5
-7
-5
-3
-3
2
6
9
8
12
20
25
24
25
29
29
33
35
33
36
34
30
28
24
25
20
16
16
13
9
3
-2
3
4
2
1
-3
3
2
2
4
-2
1
3
-3
-5
-10
-6
0
3
5
0
3
6
6
8
3
7
3
2
6
2
0
-10
-13
-18
-27
-24
-24
-28
-29
-31
-25
-22
-22
-16
-12
-17
-17
-17
-17
-15
-16
-22
-23
-20
-22
-19
-20
-16
-9
-4
1
6
11
16
16
23
23
20
19
19
21
16
15
17
15
11
10
16
15
8
2
0
2
2
5
7
12
15
16
15
14
20
21
20
25
21
24
28
26
26
23
22
22
20
19
17
10
5
-1
-10
-9
-10
-11
-12
-13
-17
-12
-11
-8
-6
-9
-7
-15
-17
-18
-25
-26
-22
-26
-27
-26
-29
-33
-34
-35
-35
-35
-36
-28
-30
-31
-29
-33
-21
-15
-17
-12
-15
-12
-12
-15
-10
-9
-4
0
1
3
2
11
16
19
25
22
29
29
29
30
30
35
42
45
43
40
39
34
28
20
20
24
16
15
14
9
9
5
0
0
2
9
4
0
2
-3
-1
1
3
5
5
6
6
1
5
1
-5
-7
-8
-11
-14
-14
-18
-21
-24
-22
-20
-22
-25
-24
-27
-27
-22
-20
-16
-13
-12
-13
-16
-15
-17
-9
-1
1
0
-7
-6
-5
-4
-1
-1
3
-1
-5
-9
-8
-8
-12
-6
-1
4
7
8
4
-3
-5
-2
4
7
5
11
14
17
21
21
25
25
28
22
20
18
14
15
8
10
2
-1
3
0
6
2
-1
-3
-3
2
4
4
3
0
1
2
2
4
4
6
8
11
8
1
0
-4
-8
-4
-10
-14
-28
-33
-20
-25
-21
-16
-4
5
-5
-5
-4
-10
-9
-2
-2
-5
-20
-19
-25
-34
-35
-53
-51
-62
-75
-59
-62
-34
-6
1
13
9
34
59
61
68
79
85
83
79
68
49
4
-24
-34
-41
-51
-84
-109
-137
-144
-128
-96
-59
-2
64
81
82
63
35
0
-60
-64
-47
17
98
87
55
-7
-20
19
-8
44
78
106
74
22
296
541
745
808
908
1197
957
407
-347
-799
-741
-539
149
630
774
249
-877
-1716
-2392
-2200
-1526
-488
533
556
-20
-1331
-2035
-1628
-405
1048
1461
1687
1349
672
83
96
1446
1977
1771
1232
867
731
-217
-42
403
529
611
186
552
-292
-1263
-1014
-1066
-637
-1186
-1293
-651
-897
-255
-419
-927
-1336
-1844
-602
-149
-142
-54
-275
552
522
563
716
184
528
519
642
724
413
1100
1539
1662
1316
371
92
21
124
181
-178
-171
-36
30
17
-348
-554
-741
-944
-892
-963
-916
-739
-508
-251
-386
-497
-333
-86
90
-83
-287
-366
-334
-59
271
596
660
465
181
-168
-283
-259
118
578
670
617
295
149
78
-123
49
194
301
272
19
66
75
10
-93
-345
-429
-405
-224
-8
61
44
-63
-39
42
5
17
121
342
525
460
362
268
158
190
342
392
344
315
261
360
388
332
456
452
359
292
308
322
216
106
-61
20
-15
-342
-361
-454
-423
-150
-182
-245
-396
-791
-998
-1056
-1355
-1038
41
920
1577
1172
386
298
-134
-305
19
290
564
364
9
272
783
398
-125
-357
-1038
-1535
-2619
-3376
-2749
-2819
-3043
-3061
-3016
-2483
-2485
-2576
-2428
-2299
-2412
-2529
-1910
-910
321
1237
1828
2217
2231
2703
3121
3392
3662
3644
4021
4304
4465
4905
5685
6245
5697
5093
4044
3011
2591
1426
1105
949
150
-227
-787
-752
-863
-1324
-2094
-3297
-3739
-4756
-5284
-5162
-5355
-4639
-4329
-4003
-3214
-2456
-1418
-980
-824
-1015
-929
-406
-243
397
1158
2034
2641
2687
2846
2906
3018
2464
1658
1155
628
660
727
979
1302
1090
676
13
-600
-1238
-1867
-2424
-2948
-3020
-2997
-2543
-1590
-941
-205
697
1090
1365
1419
738
785
875
408
852
1187
1777
2458
2364
2518
2570
2203
843
-461
-1399
-2649
-3415
-4494
-4448
-3872
-3986
-3739
-3876
-3450
-3424
-4006
-4065
-4063
-3632
-3233
-2403
-1225
157
1401
1958
2813
3310
3712
4225
4344
4867
5210
5388
5684
5731
6145
6318
6251
6176
5831
5892
5282
4372
3348
1805
1245
214
-706
-757
-1417
-1595
-2386
-3332
-3755
-4507
-4805
-5632
-5833
-6038
-6806
-6578
-6500
-5805
-5119
-4734
-4033
-3360
-2381
-1781
-676
453
1051
1810
2246
2748
3247
3594
3827
4043
4085
3847
3889
3802
3597
3248
2710
2125
1371
773
146
-274
-598
-1037
-1435
-2155
-2713
-2969
-2854
-2648
-2379
-1490
-713
34
144
9
573
480
454
419
408
902
581
678
1088
1333
1310
344
-17
-646
-1804
-3030
-4219
-4454
-4970
-5536
-5849
-5495
-4563
-4187
-3511
-2630
-1775
-1253
-1183
-1101
-623
200
747
1702
2745
3632
4544
5060
5713
6253
6676
6906
6755
6765
6485
6168
5932
5650
5813
5849
5752
5446
4667
3847
2440
779
-512
-1699
-2478
-3238
-3980
-4355
-4779
-5031
-5323
-5480
-5542
-6165
-6670
-7204
-7810
-8012
-7818
-7055
-5928
-4632
-3380
-1903
-265
879
1656
2315
2725
2906
3118
3268
3570
4135
4437
4534
4657
4620
4453
4253
3805
3258
2595
1842
1151
392
-29
-433
-820
-793
-1031
-871
-282
-53
230
-200
-627
-572
-924
-848
-781
-547
-315
-628
-628
-448
112
-175
-894
-1068
-1765
-2414
-3660
-4925
-5481
-6405
-7221
-7586
-7068
-5966
-5281
-4859
-4079
-3132
-2364
-1570
-952
49
1112
1499
2179
3137
4253
5376
5989
6729
7580
8190
8486
8607
8578
8658
8468
7680
7631
7196
6760
6537
5358
5141
4579
3493
2607
875
-283
-1678
-3285
-4249
-5449
-5810
-6353
-6865
-6936
-7535
-7580
-8118
-8243
-8353
-8576
-8025
-7958
-7084
-6542
-5854
-4369
-2948
-1212
99
1512
2653
3609
4192
4338
4657
4654
4628
4399
4321
4583
4699
4812
4856
4782
4574
4147
3458
2650
2268
1577
919
1091
721
777
648
80
303
-134
-683
-974
-1337
-1375
-1594
-1912
-1622
-1578
-2081
-2752
-3298
-3684
-4190
-5093
-6012
-5862
-6532
-7163
-7674
-8062
-7190
-7220
-6808
-5866
-4470
-3030
-2252
-1268
-88
1257
1797
2425
3279
4487
5740
6201
7053
8035
8669
9120
9054
9220
9703
9518
9440
9141
8900
8912
8137
7276
6454
5218
3914
2398
656
-574
-1862
-2901
-3827
-4467
-4974
-5883
-6353
-7349
-7948
-8587
-9405
-9653
-10052
-9986
-9865
-9263
-8382
-7426
-6411
-5273
-3627
-2247
-777
438
1354
2349
2770
2911
3286
3622
3995
4251
4407
4726
5018
5237
5153
4973
4892
4707
4372
4081
3707
3702
3732
3255
2894
2529
2512
2457
2026
1552
1239
911
46
-644
-1083
-1138
-1140
-2165
-2748
-3164
-4139
-4895
-6498
-7347
-7596
-8669
-9373
-9863
-9589
-8903
-8491
-8007
-6793
-5479
-4634
-3696
-2919
-1294
22
524
1455
2249
3478
4600
5363
6756
8164
9151
9648
10134
10829
11511
11764
11306
11164
10651
9795
8993
7872
7316
6349
4837
3458
2108
1188
54
-1214
-2325
-3536
-4606
-6024
-7138
-7831
-8609
-9165
-10020
-10324
-10262
-10230
-9739
-9270
-8276
-7155
-6232
-5152
-3832
-2524
-1583
-799
-376
327
993
1315
1897
2412
2870
3302
3489
3739
4235
4280
4251
4102
3846
3831
3722
3789
3883
3924
3639
3403
3239
2923
2624
2187
1772
1405
966
670
728
820
701
115
-314
-1092
-2084
-3185
-4410
-5133
-6144
-7111
-8107
-8249
-8175
-8046
-7620
-7167
-6067
-5452
-4686
-3955
-2778
-1535
-919
-197
430
1402
2207
3030
3974
5135
6194
6849
7649
8352
9390
10129
10208
10513
10291
9825
9338
8162
7247
6185
4742
3308
2012
1127
171
-578
-1640
-2494
-3033
-4054
-4761
-5651
-6495
-7351
-8485
-9147
-9312
-9071
-8642
-8092
-7385
-6185
-4961
-3738
-2223
-1001
-183
280
316
499
971
1091
1351
1349
1335
1465
1382
1736
2053
2363
2584
2606
2492
2862
3330
3240
3399
3007
2437
2197
1353
716
649
370
289
206
276
857
1324
1453
1203
1011
416
-129
-1177
-2121
-2575
-3859
-4500
-5565
-6082
-5950
-6183
-5918
-5617
-4818
-4302
-3492
-2833
-2093
-1251
-1301
-970
-813
-416
81
270
1011
1827
2655
3693
4788
6142
7588
8494
9054
9759
10107
10106
9781
8947
8345
7237
5945
4782
3582
3065
1951
958
172
-750
-1318
-2480
-3568
-4435
-5389
-6370
-7471
-8421
-8801
-9058
-9194
-8868
-8351
-7228
-6181
-5122
-3786
-2338
-1011
-54
730
1229
1851
1954
1872
1831
1576
1452
1079
891
977
1218
1408
1594
1950
2250
2503
2362
2116
1804
1221
554
-188
-555
-868
-1153
-1193
-1130
-527
-69
138
576
800
896
689
188
-146
-617
-1416
-2372
-3153
-3572
-3781
-4045
-4062
-3528
-3034
-2278
-1455
-704
438
1024
1218
1375
1315
1354
1179
894
905
929
1094
1540
1954
2753
3743
4344
5123
5805
6305
6943
7048
7006
6746
6170
5571
4636
3841
3072
2279
1504
613
-134
-708
-1204
-1820
-2453
-3070
-3695
-4329
-4961
-5464
-5829
-6036
-6259
-6403
-6121
-5742
-5113
-4247
-3566
-2576
-1760
-1191
-533
-227
133
471
414
429
371
259
568
563
709
1259
1391
1754
1933
1794
2049
1894
1347
952
278
-158
-519
-1125
-1207
-1214
-1245
-1290
-1252
-1217
-1094
-1125
-1538
-1481
-1890
-2201
-2523
-3037
-2907
-3053
-2991
-2753
-2388
-1788
-1169
-505
339
1237
1966
2544
2926
3303
3424
3550
3427
3438
3369
3182
3219
3094
3535
3796
4175
4512
4602
4938
4866
4812
4681
4247
3887
3258
2399
1915
1176
743
150
-602
-910
-1559
-1833
-2292
-2761
-3199
-3575
-4102
-4601
-4569
-4734
-4431
-4346
-4103
-3586
-3108
-2392
-1795
-1188
-593
-168
-26
371
551
722
794
745
520
467
625
258
727
681
628
820
490
699
508
282
105
-411
-1062
-1400
-1939
-2385
-2457
-2715
-3005
-3131
-2987
-3135
-2868
-2894
-2783
-2736
-3084
-2956
-3343
-3180
-3099
-3047
-2797
-2289
-1572
-987
185
887
2046
3048
3667
4385
4855
5341
5317
5267
5230
5039
4707
4723
4494
4372
4591
4466
4418
4392
4461
4258
4097
3882
3564
3109
2562
2135
1483
1034
625
84
-523
-1053
-1650
-2187
-2649
-3137
-3535
-3896
-4216
-4448
-4350
-4188
-3737
-3450
-3139
-2533
-2200
-1543
-985
-627
-90
94
70
246
467
559
635
646
530
749
796
993
1591
1585
1825
1791
1329
1504
1192
551
92
-743
-1472
-2097
-2658
-2982
-3146
-3326
-3746
-3712
-3808
-3701
-3505
-3823
-3665
-4086
-4446
-4733
-5199
-5275
-5495
-5569
-5622
-4995
-4238
-3262
-1990
-756
709
1985
3262
4282
5315
6051
6511
6591
6636
6822
6654
6699
6530
6600
6791
7011
7234
7409
7750
7555
7358
6896
6287
5684
4660
3626
2315
1142
193
-1014
-2042
-2851
-3719
-4597
-5213
-5719
-6115
-6192
-6378
-6542
-6457
-6201
-5691
-5232
-4710
-3897
-3274
-2660
-1799
-1171
-400
401
778
1228
1616
2002
2298
2566
2801
2779
3264
3448
3658
4002
4060
4243
3862
3677
3300
2530
1953
1058
-111
-1166
-2103
-2955
-3942
-4752
-5073
-5936
-6193
-6375
-6678
-6585
-6732
-6612
-7002
-6889
-6900
-7054
-6946
-6931
-6453
-6164
-5403
-4624
-3543
-2183
-852
499
1909
3448
4568
5785
6683
7366
7906
8384
8431
8451
8661
8570
8576
8402
8703
8642
8675
8841
8628
8594
8151
7829
6954
5973
5030
3599
2175
647
-772
-2280
-3665
-4875
-5925
-6812
-7445
-7820
-8123
-8178
-7992
-7753
-7441
-6965
-6447
-5825
-5304
-4651
-4051
-3461
-2875
-2363
-1825
-1392
-812
-276
450
1055
2061
3117
3858
4907
5711
6317
6666
6738
6487
6101
5300
4560
3724
2542
1856
1113
120
-617
-1081
-2021
-2503
-3255
-4043
-4476
-5550
-5925
-6700
-7424
-7684
-8102
-8511
-8682
-8536
-8562
-8088
-7775
-7090
-6131
-5269
-3996
-2821
-1379
176
1572
2869
4188
5290
6289
6998
7409
7897
8204
8308
8294
8512
8622
8778
8943
9043
9174
9195
9333
8863
8493
8123
7242
6290
4977
3904
2510
903
-448
-2052
-3344
-4518
-5606
-6620
-7274
-7487
-7874
-7830
-7698
-7316
-6786
-6608
-6146
-5854
-5552
-5240
-5313
-5116
-4835
-4675
-4101
-3615
-2877
-1631
-479
755
1939
3270
4446
5291
5797
6219
6470
6158
6009
5435
4651
4253
3534
2613
2069
1509
895
462
-313
-671
-1098
-1786
-2200
-2920
-3507
-3963
-4604
-5395
-5752
-6216
-6602
-6735
-7143
-6875
-6632
-6407
-5924
-5287
-4501
-3575
-2615
-1787
-523
434
1531
2469
3268
4354
5039
5714
6157
6711
7124
7325
7538
7567
7673
7711
7654
7530
7451
7297
6993
6586
6013
5254
4348
3239
1962
596
-738
-2096
-3315
-4276
-5149
-5583
-5952
-5904
-5640
-5509
-4928
-4519
-4205
-3874
-3622
-3603
-3554
-3425
-3739
-3607
-3453
-3434
-2755
-2320
-1592
-445
264
1348
2386
3036
3841
4301
4345
4385
4297
3684
3222
2810
1894
1563
991
370
307
-202
-269
-542
-856
-938
-1348
-1602
-2100
-2342
-2921
-3325
-3573
-4150
-4136
-4424
-4475
-4428
-4373
-4122
-3905
-3445
-3179
-2558
-2072
-1562
-802
-299
439
1067
1604
2232
2729
3147
3605
3942
4200
4499
4696
4800
4930
5032
4979
5045
4942
4855
4827
4505
4366
3972
3509
3033
2282
1626
772
-4
-781
-1548
-2095
-2564
-2845
-2949
-2912
-2792
-2480
-2290
-2055
-1849
-1845
-1891
-2035
-2291
-2658
-2725
-3142
-3164
-2980
-3012
-2321
-1983
-1354
-507
75
810
1362
1822
2109
2328
2233
2001
1795
1387
861
471
-99
-535
-716
-1187
-1244
-1384
-1437
-1327
-1364
-1189
-1145
-990
-1031
-976
-1026
-1099
-1051
-1271
-1212
-1322
-1254
-1244
-1167
-881
-762
-343
-162
246
598
907
1333
1457
1804
1931
2028
2144
2114
2172
2177
2102
2100
2155
2187
2333
2363
2491
2579
2574
2541
2341
2188
1770
1346
745
53
-443
-1187
-1677
-2161
-2536
-2607
-2799
-2627
-2437
-2187
-1781
-1523
-1179
-950
-702
-665
-659
-618
-857
-772
-952
-969
-662
-645
-179
207
618
1174
1606
1941
2177
2387
2226
2146
1826
1278
888
229
-470
-999
-1627
-2214
-2471
-2919
-3090
-3111
-3275
-3132
-3089
-2938
-2765
-2549
-2415
-2154
-1855
-1722
-1251
-1036
-651
-227
128
603
1065
1650
2080
2744
3136
3654
4106
4336
4736
4815
5009
4992
4971
4818
4640
4404
3967
3699
3084
2682
2138
1581
1158
564
164
-435
-889
-1392
-1933
-2392
-2954
-3397
-3986
-4453
-4928
-5400
-5686
-5950
-5947
-5939
-5631
-5126
-4644
-3777
-3055
-2195
-1366
-695
30
437
922
1142
1406
1581
1637
2008
2113
2500
2881
3240
3710
4062
4355
4504
4580
4299
4074
3518
2822
2173
1321
517
-420
-1091
-1934
-2542
-3055
-3629
-3869
-4315
-4460
-4613
-4679
-4655
-4538
-4361
-4265
-3793
-3576
-3077
-2587
-2172
-1513
-1098
-470
87
732
1318
1985
2664
3203
3990
4548
5263
5861
6391
6924
7214
7452
7552
7601
7291
7078
6584
5905
5347
4534
3932
3126
2425
1755
999
325
-362
-967
-1824
-2525
-3419
-4365
-5270
-6225
-6951
-7810
-8359
-8807
-9049
-8931
-8751
-8175
-7507
-6838
-5953
-5079
-4272
-3491
-2704
-2144
-1621
-1008
-656
74
607
1154
2114
2626
3450
4294
4916
5588
6112
6415
6546
6485
6110
5717
5001
4097
3184
2155
957
-3
-892
-1871
-2449
-3191
-3566
-3933
-4242
-4178
-4353
-4293
-4326
-4157
-4094
-3952
-3578
-3386
-2981
-2690
-2131
-1651
-1043
-289
381
1153
1803
2668
3387
4135
4900
5680
6268
6785
7410
7737
8099
8239
8352
8224
7833
7530
7024
6371
5656
5067
4243
3315
2650
1857
958
90
-726
-1661
-2797
-3754
-4667
-5778
-6755
-7405
-8133
-8793
-8965
-9046
-9107
-8852
-8369
-7898
-7425
-6764
-6042
-5529
-4948
-4253
-3661
-3194
-2534
-1730
-1276
-558
205
825
1490
2086
2771
3193
3608
3962
4201
4290
4228
4192
3888
3455
3039
2505
1821
1233
507
-99
-679
-1339
-1722
-2137
-2364
-2629
-2613
-2552
-2527
-2192
-2007
-1600
-1401
-1027
-627
-517
-164
118
457
628
1117
1620
1958
2645
3313
4053
4648
5449
6131
6572
7060
7400
7574
7300
7242
6898
6283
5742
5155
4571
3720
3364
2748
2125
1700
1149
769
-53
-560
-1200
-2111
-2922
-3661
-4483
-5394
-5834
-6543
-6955
-7202
-7281
-7119
-7149
-6745
-6450
-6109
-5719
-5239
-4872
-4701
-4086
-3837
-3562
-2878
-2546
-2009
-1279
-820
-79
558
1074
1762
2072
2442
2756
2709
2709
2626
2333
1866
1590
1199
496
276
-126
-667
-861
-1235
-1426
-1731
-1912
-1916
-2157
-2161
-2090
-1964
-1878
-1566
-1198
-919
-488
-35
499
825
1426
1887
2236
2807
3186
3694
4059
4656
5083
5469
6126
6438
6868
7203
7495
7543
7503
7432
7069
6646
5996
5535
4646
3817
3256
2293
1494
734
140
-823
-1534
-2015
-2968
-3630
-4285
-4889
-5674
-6164
-6510
-7011
-7173
-7310
-7119
-7123
-6882
-6395
-6170
-5761
-5314
-4856
-4591
-4080
-3557
-3249
-2628
-2002
-1474
-808
-107
451
1063
1574
1926
2251
2370
2410
2370
2153
1892
1631
1227
736
395
-69
-652
-974
-1432
-1933
-2260
-2593
-2882
-3165
-3201
-3223
-3206
-3020
-2709
-2310
-1946
-1263
-673
-133
526
1192
1711
2133
2855
3176
3605
4132
4525
5058
5439
6166
6632
7076
7701
8113
8384
8575
8827
8522
8307
7991
7329
6707
5957
5242
4299
3508
2661
1817
921
15
-639
-1752
-2575
-3316
-4356
-5215
-5894
-6647
-7411
-7716
-8197
-8420
-8427
-8444
-8055
-7888
-7455
-6882
-6489
-5989
-5382
-4878
-4578
-3874
-3408
-3005
-2147
-1604
-907
-71
580
1392
2071
2640
3260
3558
3691
3911
3748
3418
3207
2744
2051
1451
918
42
-541
-1026
-1736
-2157
-2772
-3075
-3434
-3862
-3831
-4039
-4166
-4144
-3903
-3810
-3484
-2842
-2500
-1834
-1219
-464
259
1026
1975
2649
3471
4200
5044
5648
6437
7268
7685
8424
8878
9341
9656
9973
10149
9990
9939
9519
9105
8418
7796
6967
5905
5041
3844
2752
1546
461
-769
-2025
-3096
-4344
-5393
-6405
-7169
-8000
-8603
-8971
-9421
-9506
-9514
-9324
-9124
-8783
-8342
-7949
-7411
-6855
-6160
-5629
-4957
-4228
-3622
-2859
-2046
-1157
-463
382
1218
1815
2534
3052
3509
3728
3783
3847
3628
3350
2970
2637
1994
1347
989
219
-286
-729
-1302
-1715
-2279
-2611
-2956
-3342
-3554
-3671
-3800
-3893
-3645
-3489
-3225
-2732
-2318
-1749
-1130
-540
160
873
1491
2222
2922
3579
4255
4898
5684
6309
6922
7659
8321
8802
9264
9820
9956
9966
10014
9805
9295
8707
8187
7330
6334
5491
4613
3459
2356
1489
302
-1034
-2028
-3155
-4572
-5662
-6677
-7780
-8736
-9431
-9822
-10275
-10487
-10173
-9959
-9777
-9095
-8468
-8063
-7414
-6717
-6159
-5593
-4966
-4237
-3504
-2895
-1866
-923
-261
864
1730
2480
3299
3865
4366
4675
4791
4755
4677
4282
3842
3447
2719
2087
1457
717
93
-513
-1188
-1644
-2123
-2702
-2959
-3246
-3607
-3776
-3764
-3878
-3787
-3514
-3302
-2814
-2454
-1857
-1136
-648
57
894
1503
2112
3026
3610
4304
5111
5756
6515
7086
7794
8371
8805
9158
9479
9589
9350
9380
8874
8296
7835
6955
6196
5277
4405
3421
2402
1402
328
-701
-1950
-2885
-4104
-5340
-6186
-7335
-8232
-8911
-9514
-9917
-10103
-10124
-9964
-9667
-9345
-8764
-8277
-7827
-7148
-6584
-6060
-5341
-4699
-3955
-3078
-2283
-1185
-179
767
1920
2836
3690
4468
5045
5473
5685
5723
5625
5415
4920
4478
4041
3212
2679
2077
1266
726
3
-569
-1160
-1789
-2206
-2674
-3070
-3453
-3556
-3757
-3897
-3668
-3640
-3377
-3032
-2652
-2121
-1650
-1008
-368
335
1025
1775
2611
3253
4035
4821
5438
6075
6752
7312
7712
8191
8493
8653
8758
8666
8563
8137
7632
7170
6401
5543
4691
3875
2771
1674
791
-347
-1563
-2647
-3631
-4907
-6069
-6912
-7966
-8885
-9562
-10054
-10400
-10661
-10567
-10213
-9933
-9464
-8649
-8004
-7430
-6615
-5827
-5215
-4490
-3700
-2936
-2068
-1271
-275
814
1696
2662
3699
4517
5080
5742
6162
6298
6396
6282
6167
5833
5343
4940
4499
3763
3055
2645
1753
925
375
-446
-1175
-1877
-2432
-2927
-3498
-3867
-4022
-4179
-4437
-4241
-4010
-4029
-3564
-3102
-2696
-2127
-1524
-745
-70
683
1542
2422
3205
4006
4954
5651
6465
7119
7671
8288
8564
8853
9001
9001
8721
8433
8115
7418
6784
5967
5218
4227
3063
2271
1086
-268
-1350
-2414
-3874
-5169
-6102
-7369
-8553
-9435
-10116
-10805
-11416
-11493
-11457
-11519
-11141
-10367
-9819
-9183
-8114
-7123
-6325
-5376
-4272
-3429
-2623
-1640
-763
55
897
1837
2712
3549
4379
5161
5919
6381
6893
7202
7272
7348
6999
6748
6298
5588
4947
4195
3461
2449
1742
951
-37
-686
-1477
-2064
-2782
-3279
-3567
-4090
-4235
-4398
-4368
-4327
-4185
-3694
-3444
-2924
-2330
-1728
-1008
-292
541
1256
2134
2899
3636
4529
5135
5838
6433
6949
7430
7666
8000
8157
8135
7986
7861
7581
6997
6611
5970
5177
4345
3475
2613
1432
380
-744
-1938
-3226
-4418
-5453
-6792
-7794
-8757
-9638
-10313
-10889
-11065
-11317
-11300
-11055
-10613
-9995
-9350
-8399
-7535
-6550
-5508
-4468
-3367
-2449
-1492
-601
173
872
1555
2232
2831
3385
3915
4546
5104
5562
6134
6557
6772
6980
6974
6864
6614
6085
5558
4854
3995
3139
2359
1536
595
-48
-763
-1431
-1907
-2410
-2655
-3062
-3356
-3451
-3651
-3740
-3746
-3519
-3459
-3239
-2704
-2291
-1651
-1006
-186
656
1325
2196
3016
3707
4229
4834
5291
5474
5790
5949
6073
6067
5984
6022
5867
5648
5466
5281
4851
4372
3953
3291
2579
1737
825
-112
-1287
-2374
-3367
-4496
-5600
-6532
-7380
-8216
-8854
-9308
-9634
-9826
-9932
-9706
-9402
-9125
-8493
-7782
-7098
-6273
-5299
-4318
-3426
-2451
-1484
-618
109
838
1574
2063
2538
3102
3557
3906
4354
4880
5234
5573
6011
6304
6422
6506
6459
6229
5825
5282
4739
4034
3229
2557
1855
1102
488
-32
-597
-1016
-1348
-1728
-1952
-2210
-2454
-2568
-2758
-2866
-2891
-2904
-2830
-2662
-2417
-2081
-1605
-1114
-539
119
721
1370
1972
2489
3000
3422
3713
3957
4153
4190
4198
4188
4063
3883
3684
3468
3181
2858
2541
2197
1734
1269
845
252
-377
-947
-1630
-2387
-3058
-3748
-4473
-5088
-5663
-6166
-6597
-6926
-7075
-7194
-7206
-7026
-6806
-6555
-6111
-5588
-5127
-4505
-3832
-3178
-2463
-1732
-951
-231
469
1196
1884
2455
2970
3558
3917
4205
4553
4701
4813
4898
4900
4828
4754
4589
4367
4216
3874
3596
3370
2933
2628
2341
1927
1644
1376
1047
829
633
379
230
108
-141
-232
-327
-562
-580
-726
-843
-826
-969
-975
-945
-926
-915
-768
-641
-644
-390
-334
-227
-59
-84
99
120
132
206
225
212
148
199
54
-16
-106
-314
-386
-638
-819
-934
-1151
-1302
-1381
-1476
-1581
-1576
-1615
-1631
-1635
-1717
-1719
-1782
-1930
-1997
-2075
-2299
-2401
-2455
-2645
-2634
-2677
-2694
-2530
-2485
-2298
-2011
-1778
-1473
-1046
-669
-297
232
614
1057
1565
1879
2315
2687
2868
3141
3317
3315
3384
3351
3198
3140
2987
2802
2714
2588
2413
2419
2408
2275
2424
2428
2381
2552
2459
2453
2488
2328
2273
2204
2026
1866
1825
1626
1408
1407
1128
931
836
436
221
-94
-595
-926
-1435
-2001
-2425
-2936
-3488
-3869
-4238
-4649
-4813
-4959
-5119
-5021
-4973
-4902
-4631
-4458
-4253
-3927
-3724
-3482
-3166
-2974
-2703
-2372
-2147
-1803
-1359
-1005
-541
53
523
1072
1699
2123
2623
3063
3306
3613
3705
3688
3705
3496
3227
3000
2620
2181
1864
1440
980
677
260
-89
-327
-669
-842
-997
-1192
-1184
-1197
-1176
-1021
-865
-687
-435
-151
42
356
624
773
1105
1280
1489
1800
1958
2270
2527
2739
3056
3285
3478
3667
3841
3821
3836
3861
3566
3460
3260
2829
2668
2277
1882
1710
1271
968
785
372
67
-151
-606
-1072
-1388
-2003
-2650
-3107
-3889
-4566
-5105
-5880
-6422
-6904
-7466
-7733
-7937
-8174
-8098
-7914
-7781
-7320
-6804
-6361
-5627
-4914
-4261
-3422
-2644
-1936
-1114
-376
265
1042
1663
2206
2905
3377
3885
4473
4858
5314
5738
6055
6360
6608
6737
6787
6789
6570
6343
6026
5467
4963
4324
3603
2909
2145
1440
731
55
-533
-1020
-1505
-1877
-2046
-2299
-2378
-2347
-2329
-2161
-2008
-1749
-1456
-1189
-870
-496
-140
122
569
919
1164
1597
1887
2174
2469
2675
2885
2987
3026
2994
2908
2630
2286
1959
1359
797
228
-483
-1121
-1773
-2353
-2919
-3417
-3775
-4123
-4323
-4489
-4564
-4533
-4541
-4386
-4266
-4144
-3938
-3792
-3563
-3446
-3252
-3053
-3021
-2802
-2718
-2629
-2479
-2433
-2253
-2179
-2051
-1881
-1721
-1519
-1358
-1015
-799
-524
-101
174
599
969
1359
1813
2113
2495
2830
3105
3345
3570
3765
3816
3957
4041
4050
4112
4079
4124
4130
4094
4152
4132
4124
4116
4118
4089
4010
3996
3878
3763
3621
3411
3214
2899
2611
2275
1878
1482
1052
655
200
-190
-578
-973
-1287
-1647
-1890
-2143
-2425
-2598
-2821
-3050
-3281
-3508
-3758
-4047
-4302
-4573
-4809
-5038
-5220
-5271
-5329
-5286
-5099
-4912
-4657
-4294
-3921
-3564
-3160
-2792
-2501
-2215
-1998
-1822
-1661
-1562
-1402
-1212
-1064
-742
-335
23
577
1215
1795
2450
3116
3711
4222
4640
4954
5156
5177
5054
4931
4574
4074
3700
3118
2444
1912
1273
624
45
-507
-1012
-1521
-1958
-2305
-2590
-2862
-2997
-2998
-3091
-2972
-2717
-2558
-2191
-1747
-1330
-797
-209
385
1027
1719
2360
3061
3733
4302
4966
5481
5894
6363
6622
6781
6951
6947
6812
6687
6415
6021
5632
5073
4473
3833
3008
2200
1323
274
-748
-1779
-2944
-4069
-5138
-6236
-7228
-8180
-9019
-9684
-10310
-10742
-10962
-11122
-11137
-10930
-10614
-10205
-9626
-8953
-8192
-7352
-6442
-5427
-4416
-3384
-2250
-1152
-74
1040
2129
3163
4141
5093
5945
6680
7343
7901
8299
8530
8678
8665
8467
8183
7772
7218
6565
5870
5106
4255
3429
2620
1805
1015
324
-298
-923
-1425
-1800
-2154
-2449
-2613
-2700
-2773
-2757
-2635
-2493
-2325
-2053
-1733
-1419
-1081
-690
-286
48
418
805
1098
1362
1642
1895
2045
2209
2374
2439
2501
2522
2550
2506
2394
2340
2185
1975
1762
1510
1198
828
482
43
-411
-871
-1376
-1842
-2373
-2829
-3273
-3750
-4128
-4513
-4829
-5109
-5337
-5492
-5616
-5630
-5614
-5493
-5306
-5083
-4742
-4387
-3945
-3474
-2985
-2430
-1909
-1344
-794
-251
278
752
1255
1676
2089
2500
2838
3183
3453
3731
3955
4116
4307
4402
4496
4549
4578
4582
4480
4417
4273
4071
3857
3565
3242
2838
2457
2028
1552
1114
658
256
-145
-472
-720
-973
-1119
-1205
-1259
-1249
-1194
-1102
-1010
-893
-753
-660
-559
-466
-408
-351
-326
-274
-239
-205
-88
0
127
308
474
674
832
983
1102
1132
1134
1017
833
575
223
-165
-640
-1104
-1601
-2128
-2587
-3068
-3483
-3846
-4174
-4412
-4638
-4769
-4861
-4908
-4882
-4850
-4718
-4575
-4370
-4097
-3816
-3434
-3041
-2580
-2076
-1559
-978
-401
224
828
1440
2039
2586
3130
3584
4004
4356
4618
4836
4959
5041
5064
5042
4983
4882
4779
4618
4445
4266
4054
3827
3561
3271
2948
2587
2203
1797
1369
944
548
155
-209
-513
-783
-1002
-1163
-1273
-1352
-1405
-1418
-1424
-1425
-1403
-1374
-1348
-1328
-1299
-1261
-1222
-1159
-1085
-1009
-923
-829
-722
-627
-533
-451
-392
-357
-351
-369
-430
-517
-625
-761
-908
-1070
-1244
-1417
-1599
-1788
-1989
-2197
-2395
-2592
-2779
-2945
-3099
-3216
-3294
-3316
-3285
-3211
-3075
-2869
-2602
-2282
-1918
-1518
-1079
-615
-140
335
802
1270
1720
2137
2528
2881
3186
3445
3661
3825
3935
3985
3986
3927
3818
3667
3462
3205
2902
2571
2214
1843
1471
1091
729
377
59
-202
-437
-618
-758
-858
-910
-920
-886
-821
-723
-603
-472
-335
-174
-10
154
308
451
589
699
811
928
1014
1090
1149
1184
1202
1203
1195
1155
1074
966
820
633
419
187
-82
-399
-721
-1051
-1396
-1723
-2023
-2309
-2577
-2800
-2966
-3112
-3216
-3261
-3279
-3274
-3234
-3151
-3064
-2947
-2783
-2620
-2460
-2266
-2040
-1818
-1586
-1291
-990
-710
-381
-36
291
615
967
1280
1525
1782
2012
2158
2245
2337
2373
2316
2269
2219
2098
1956
1852
1738
1547
1397
1292
1124
952
828
715
550
416
354
264
181
171
204
219
250
377
482
554
684
838
944
1015
1142
1237
1246
1288
1349
1352
1317
1324
1344
1271
1216
1192
1109
978
848
726
511
258
19
-282
-631
-1004
-1365
-1777
-2201
-2563
-2926
-3273
-3564
-3785
-3975
-4108
-4135
-4118
-4037
-3891
-3684
-3430
-3158
-2814
-2461
-2106
-1721
-1341
-957
-581
-188
203
579
976
1360
1731
2082
2420
2739
3023
3291
3508
3673
3795
3868
3881
3817
3714
3551
3327
3055
2733
2381
1989
1587
1176
760
346
-66
-442
-802
-1123
-1403
-1649
-1855
-2027
-2144
-2216
-2246
-2235
-2175
-2073
-1954
-1791
-1593
-1378
-1133
-865
-591
-316
-32
257
535
793
1040
1265
1442
1586
1706
1771
1797
1784
1738
1643
1508
1354
1159
942
714
471
212
-51
-307
-575
-840
-1093
-1338
-1587
-1818
-2023
-2223
-2410
-2571
-2714
-2835
-2919
-2963
-2967
-2934
-2848
-2706
-2518
-2279
-1991
-1666
-1311
-932
-535
-145
244
616
952
1260
1531
1775
1979
2151
2301
2415
2507
2584
2646
2693
2725
2751
2752
2733
2703
2649
2562
2430
2279
2085
1855
1604
1317
1015
705
402
113
-163
-403
-608
-773
-898
-983
-1031
-1058
-1058
-1032
-997
-952
-916
-887
-856
-841
-834
-838
-841
-839
-837
-833
-826
-809
-785
-753
-705
-653
-606
-550
-496
-447
-394
-354
-323
-296
-280
-273
-283
-307
-331
-370
-420
-472
-520
-568
-621
-657
-688
-714
-731
-739
-743
-744
-742
-734
-728
-727
-717
-703
-683
-653
-609
-542
-452
-335
-186
-8
198
421
660
906
1156
1409
1639
1849
2024
2162
2266
2335
2368
2361
2322
2252
2156
2041
1908
1752
1581
1406
1222
1034
835
637
441
236
38
-162
-361
-558
-758
-962
-1167
-1355
-1529
-1685
-1814
-1906
-1958
-1976
-1961
-1906
-1811
-1683
-1522
-1341
-1149
-943
-735
-532
-335
-150
21
167
290
395
477
540
584
608
621
619
613
597
581
555
514
477
426
366
290
196
82
-56
-208
-380
-556
-737
-913
-1069
-1210
-1320
-1398
-1431
-1425
-1379
-1301
-1202
-1076
-933
-783
-627
-480
-340
-205
-80
46
163
285
423
573
745
929
1120
1318
1528
1727
1910
2082
2225
2345
2425
2467
2481
2444
2375
2274
2141
1991
1818
1640
1451
1256
1065
878
711
541
382
235
88
-47
-192
-332
-484
-642
-797
-959
-1116
-1286
-1452
-1609
-1764
-1892
-2014
-2118
-2198
-2260
-2289
-2290
-2267
-2213
-2138
-2041
-1931
-1820
-1681
-1541
-1402
-1252
-1125
-987
-868
-761
-662
-593
-522
-473
-427
-387
-349
-296
-260
-201
-140
-70
13
95
205
307
410
512
603
701
781
865
936
1000
1063
1113
1176
1222
1282
1336
1381
1449
1502
1564
1616
1647
1677
1676
1679
1661
1618
1580
1524
1479
1432
1383
1339
1285
1240
1188
1136
1075
1004
922
826
716
596
464
318
170
9
-148
-305
-464
-606
-745
-875
-991
-1084
-1163
-1233
-1287
-1334
-1362
-1383
-1394
-1396
-1396
-1389
-1386
-1378
-1371
-1369
-1369
-1374
-1374
-1378
-1376
-1374
-1374
-1369
-1363
-1349
-1324
-1297
-1256
-1215
-1176
-1129
-1083
-1032
-982
-926
-864
-804
-736
-659
-578
-485
-369
-242
-96
61
228
410
593
778
961
1140
1313
1465
1606
1733
1842
1929
1993
2035
2054
2065
2054
2026
1995
1952
1900
1829
1751
1658
1558
1448
1318
1182
1041
890
732
581
437
296
166
49
-55
-146
-217
-267
-302
-322
-329
-325
-316
-301
-267
-240
-206
-170
-132
-91
-65
-44
-30
-24
-30
-53
-95
-148
-215
-296
-397
-517
-656
-814
-971
-1140
-1318
-1498
-1682
-1856
-2022
-2184
-2329
-2455
-2556
-2641
-2705
-2736
-2736
-2708
-2642
-2544
-2411
-2248
-2060
-1835
-1582
-1304
-1012
-701
-378
-52
283
617
943
1267
1572
1861
2126
2369
2588
2770
2930
3048
3139
3197
3215
3206
3157
3083
2986
2854
2703
2523
2325
2116
1889
1653
1409
1160
908
661
421
189
-27
-223
-405
-567
-704
-812
-895
-946
-964
-964
-932
-873
-800
-704
-603
-499
-393
-290
-196
-117
-52
4
39
50
38
8
-28
-82
-153
-231
-325
-429
-533
-647
-764
-889
-1011
-1132
-1261
-1392
-1529
-1665
-1793
-1922
-2032
-2124
-2198
-2247
-2278
-2283
-2257
-2212
-2140
-2045
-1934
-1795
-1639
-1465
-1277
-1086
-874
-663
-449
-223
-8
214
435
651
870
1082
1292
1496
1693
1882
2053
2216
2359
2477
2581
2654
2711
2737
2735
2717
2661
2588
2497
2372
2240
2089
1935
1778
1609
1450
1278
1108
953
797
654
510
377
254
128
18
-94
-200
-296
-391
-482
-568
-652
-726
-799
-873
-930
-986
-1038
-1075
-1113
-1135
-1153
-1166
-1164
-1171
-1164
-1150
-1134
-1112
-1086
-1057
-1029
-984
-940
-897
-853
-814
-781
-756
-732
-709
-701
-707
-713
-730
-761
-785
-812
-846
-877
-904
-927
-944
-959
-969
-963
-942
-905
-866
-816
-737
-648
-573
-482
-353
-231
-132
-3
154
284
402
549
704
825
935
1064
1193
1290
1379
1477
1567
1633
1701
1765
1793
1814
1842
1850
1826
1818
1808
1757
1697
1645
1577
1486
1396
1297
1196
1097
977
841
718
600
465
334
218
94
-34
-151
-259
-363
-465
-567
-642
-695
-781
-868
-895
-891
-929
-988
-1002
-962
-965
-1085
-1139
-1005
-1007
-1276
-1338
-1147
-1276
-1639
-1599
-1367
-1550
-1864
-1754
-1500
-1631
-1907
-1768
-1384
-1436
-1737
-1473
-953
-1058
-1329
-889
-375
-558
-656
-129
204
74
175
576
770
793
939
1142
1306
1439
1507
1578
1736
1870
1847
1826
1944
2031
1947
1844
1908
1984
1845
1658
1716
1778
1541
1313
1367
1370
1070
855
903
824
502
308
332
213
-79
-223
-209
-330
-573
-687
-683
-770
-956
-1036
-1023
-1097
-1227
-1269
-1230
-1246
-1314
-1311
-1237
-1189
-1179
-1137
-1036
-925
-870
-838
-722
-574
-537
-535
-408
-275
-286
-302
-200
-125
-181
-239
-198
-172
-266
-350
-345
-348
-445
-545
-550
-559
-641
-708
-710
-687
-708
-740
-704
-634
-595
-563
-467
-322
-210
-117
27
213
373
511
681
890
1067
1189
1335
1521
1658
1734
1839
1970
2036
2049
2088
2150
2143
2072
2024
1994
1900
1750
1624
1514
1353
1143
967
818
625
402
201
30
-153
-373
-572
-730
-896
-1080
-1231
-1339
-1452
-1568
-1641
-1688
-1739
-1782
-1769
-1733
-1709
-1652
-1560
-1480
-1419
-1320
-1171
-1062
-992
-874
-726
-633
-588
-489
-352
-284
-259
-178
-61
-18
-15
51
143
165
145
165
205
174
107
78
58
-15
-110
-149
-171
-236
-315
-343
-331
-349
-367
-324
-237
-179
-143
-41
105
207
277
398
551
652
723
830
957
1033
1077
1160
1253
1300
1316
1361
1417
1433
1421
1429
1441
1411
1354
1318
1288
1211
1108
1019
917
787
640
504
370
219
58
-84
-207
-348
-486
-591
-675
-760
-842
-894
-934
-984
-1035
-1061
-1072
-1090
-1099
-1100
-1086
-1075
-1059
-1023
-991
-952
-918
-878
-824
-778
-728
-678
-631
-582
-534
-498
-467
-430
-409
-389
-371
-355
-341
-331
-317
-304
-298
-288
-272
-257
-240
-218
-198
-181
-169
-144
-111
-78
-48
-10
39
85
136
200
273
339
398
462
532
602
662
727
797
865
922
974
1030
1084
1130
1174
1213
1249
1278
1293
1300
1311
1314
1303
1284
1247
1201
1146
1079
1009
931
839
732
616
498
374
239
97
-44
-201
-374
-536
-695
-847
-991
-1127
-1247
-1358
-1447
-1522
-1568
-1604
-1621
-1608
-1580
-1528
-1462
-1390
-1300
-1207
-1109
-1005
-904
-806
-718
-629
-541
-476
-415
-367
-327
-290
-261
-237
-218
-195
-171
-146
-116
-90
-61
-31
8
53
102
154
204
255
300
349
396
434
466
500
536
561
594
620
646
670
686
711
731
750
763
778
793
797
808
817
827
838
841
847
853
854
855
851
849
839
822
806
791
775
750
719
675
614
547
473
386
285
178
63
-59
-198
-336
-470
-602
-726
-848
-950
-1041
-1119
-1186
-1248
-1291
-1318
-1327
-1327
-1319
-1293
-1259
-1209
-1150
-1086
-1008
-924
-839
-754
-667
-579
-484
-395
-313
-236
-168
-108
-57
-12
33
69
92
121
142
155
168
176
178
173
164
150
136
121
99
81
65
47
38
35
42
55
62
81
111
143
184
235
294
355
420
481
550
618
687
751
805
858
910
955
995
1032
1061
1077
1078
1071
1056
1033
1003
965
916
856
780
700
616
525
422
326
231
132
40
-54
-145
-236
-325
-409
-497
-581
-665
-745
-818
-890
-955
-1012
-1063
-1106
-1146
-1176
-1188
-1189
-1178
-1160
-1136
-1110
-1074
-1024
-971
-915
-856
-796
-727
-660
-593
-518
-445
-377
-311
-242
-185
-130
-83
-35
12
46
73
100
124
143
159
165
179
190
204
230
255
295
337
382
434
497
571
647
720
795
873
945
1009
1077
1138
1178
1218
1241
1250
1251
1234
1201
1154
1096
1026
951
860
766
656
541
429
299
184
63
-63
-179
-292
-393
-495
-587
-667
-747
-809
-862
-915
-954
-982
-1002
-1017
-1027
-1027
-1018
-1003
-971
-933
-893
-843
-798
-743
-687
-622
-548
-483
-417
-357
-294
-233
-173
-111
-61
-18
17
47
85
114
148
176
199
227
245
256
257
248
240
222
202
180
156
129
95
65
35
9
-18
-43
-55
-63
-73
-87
-89
-84
-77
-66
-42
-3
38
88
139
188
243
295
344
398
449
499
547
590
636
681
720
747
772
798
818
833
839
834
819
797
764
724
673
617
556
479
396
310
216
118
22
-77
-174
-262
-361
-453
-535
-615
-682
-745
-796
-834
-865
-882
-889
-881
-866
-844
-810
-769
-720
-673
-620
-571
-521
-469
-419
-372
-330
-297
-267
-250
-236
-226
-228
-235
-242
-253
-267
-281
-296
-302
-311
-313
-310
-308
-295
-277
-256
-231
-203
-170
-133
-82
-27
27
79
138
187
233
280
317
350
375
399
426
452
484
505
527
557
583
613
647
687
725
760
803
838
866
893
908
920
917
906
894
862
818
765
706
641
562
482
398
315
230
147
67
-21
-95
-178
-250
-305
-363
-410
-458
-501
-538
-568
-587
-612
-634
-649
-663
-677
-682
-678
-676
-670
-654
-635
-622
-605
-578
-562
-548
-540
-529
-520
-516
-506
-505
-503
-500
-496
-493
-488
-478
-466
-443
-418
-385
-357
-319
-286
-245
-194
-152
-96
-47
1
59
114
177
242
313
381
450
517
583
643
695
749
798
844
877
906
932
948
957
950
943
937
923
900
863
824
771
711
653
589
524
460
385
310
228
142
55
-40
-126
-213
-295
-378
-457
-532
-608
-672
-733
-786
-834
-875
-907
-929
-944
-946
-943
-931
-900
-866
-820
-762
-700
-629
-557
-480
-402
-327
-248
-179
-110
-50
7
61
100
148
186
218
243
263
280
290
297
304
309
302
295
287
278
274
263
253
243
235
243
246
249
254
257
267
275
283
302
319
333
353
366
387
400
414
438
451
466
473
474
473
461
444
424
394
354
324
291
253
210
153
98
45
-16
-67
-115
-160
-209
-259
-305
-352
-390
-428
-472
-506
-536
-549
-564
-583
-589
-602
-594
-590
-590
-573
-560
-526
-501
-485
-455
-435
-407
-372
-342
-309
-279
-257
-223
-185
-149
-108
-73
-39
-8
27
67
106
141
163
189
213
237
259
262
272
290
298
310
315
312
312
310
304
295
276
256
250
236
219
196
169
153
133
114
98
76
68
58
51
52
48
47
51
60
69
77
87
91
102
110
121
135
150
164
169
180
182
186
182
170
167
154
141
123
95
74
49
19
-12
-42
-71
-99
-127
-156
-187
-216
-235
-255
-274
-297
-316
-329
-343
-352
-355
-354
-356
-351
-339
-330
-321
-312
-300
-277
-262
-240
-213
-192
-164
-139
-113
-81
-49
-19
6
32
54
70
85
92
96
98
102
106
103
103
100
103
104
99
99
98
102
111
114
117
114
114
115
119
125
134
143
144
148
155
166
174
183
200
214
225
231
245
253
264
266
258
265
258
246
232
208
187
165
137
106
69
30
-8
-47
-91
-130
-166
-199
-234
-266
-301
-326
-353
-385
-401
-415
-415
-413
-417
-404
-395
-371
-346
-318
-281
-247
-201
-163
-123
-79
-40
2
40
83
118
151
181
202
222
236
250
261
276
274
273
270
258
247
224
210
196
183
170
149
127
103
84
67
47
31
17
-6
-28
-50
-70
-81
-96
-107
-117
-120
-111
-99
-83
-71
-55
-40
-36
-20
-3
13
26
33
45
57
69
75
74
75
72
68
64
52
43
24
6
-4
-19
-31
-42
-48
-57
-67
-70
-83
-95
-104
-107
-111
-116
-124
-124
-124
-125
-125
-123
-119
-117
-114
-109
-105
-95
-89
-82
-77
-71
-59
-48
-35
-26
-15
2
16
22
29
38
41
50
53
62
70
72
80
86
95
102
109
121
130
135
141
145
146
148
144
140
143
139
137
125
112
110
102
92
79
70
58
41
28
20
15
11
7
1
-2
-9
-9
-3
1
6
11
16
22
25
25
25
26
30
31
26
26
20
9
0
-15
-26
-44
-61
-84
-110
-130
-154
-178
-203
-229
-251
-268
-285
-297
-319
-339
-342
-344
-338
-340
-336
-325
-315
-296
-282
-260
-231
-204
-174
-145
-110
-77
-39
-5
26
60
89
122
153
185
219
244
268
292
308
322
324
324
330
329
327
324
321
316
304
291
271
259
248
239
220
199
180
150
126
104
83
66
48
31
6
-12
-27
-41
-48
-58
-60
-57
-54
-48
-42
-41
-35
-32
-34
-25
-24
-23
-21
-21
-22
-22
-20
-25
-29
-37
-44
-52
-61
-71
-82
-92
-112
-124
-136
-145
-157
-178
-192
-211
-226
-235
-242
-247
-255
-256
-256
-249
-235
-221
-209
-190
-169
-147
-127
-106
-85
-62
-36
-15
6
29
46
60
74
91
105
118
135
141
150
159
162
174
180
190
203
207
215
215
205
200
188
178
168
160
153
144
133
111
95
79
60
53
43
36
31
20
15
7
2
2
0
0
2
8
17
20
25
25
29
37
35
43
47
50
56
50
48
42
40
36
25
23
10
-2
-14
-27
-37
-57
-75
-98
-122
-141
-159
-169
-186
-194
-199
-212
-211
-216
-220
-216
-220
-208
-202
-197
-187
-182
-166
-156
-139
-120
-98
-74
-52
-28
-8
9
24
42
64
83
102
114
126
132
127
123
125
126
125
120
114
101
88
73
61
52
44
43
34
26
25
24
21
24
31
36
38
45
54
62
67
76
81
90
99
102
111
120
124
125
125
125
120
115
106
97
97
95
88
82
77
77
71
63
56
52
47
38
30
15
-6
-30
-51
-70
-91
-106
-122
-136
-146
-155
-160
-168
-169
-172
-174
-172
-174
-173
-170
-163
-158
-153
-143
-135
-126
-117
-108
-95
-86
-75
-59
-45
-32
-20
-5
7
22
36
52
61
64
66
65
73
75
68
64
61
60
52
45
34
28
25
19
15
10
7
8
5
7
9
15
21
22
22
28
29
29
36
47
55
58
68
73
76
83
84
85
84
84
88
92
92
86
74
72
71
62
55
39
22
9
-2
-8
-12
-14
-21
-22
-28
-35
-41
-50
-54
-54
-60
-63
-66
-68
-66
-70
-80
-84
-87
-93
-95
-91
-92
-91
-86
-86
-77
-74
-69
-59
-58
-48
-41
-34
-22
-5
7
18
30
40
48
49
48
49
44
34
30
30
26
28
27
27
31
27
32
32
32
35
33
31
24
27
25
16
15
16
24
22
22
24
23
26
24
28
31
38
46
43
41
41
42
41
40
42
41
37
36
39
36
36
36
36
29
16
-1
-17
-30
-41
-46
-58
-71
-77
-81
-88
-93
-90
-85
-82
-86
-88
-86
-81
-74
-69
-66
-62
-55
-48
-40
-33
-28
-22
-16
-8
1
8
17
23
26
36
41
44
47
49
55
55
55
51
50
50
42
36
31
26
21
19
10
4
0
1
-1
-4
-1
-4
-9
-11
-7
-6
-4
-2
-2
2
8
8
7
9
10
11
8
7
11
14
24
36
41
46
48
51
54
59
62
66
67
65
60
51
37
28
18
10
5
-2
-12
-22
-30
-41
-48
-55
-54
-58
-64
-64
-67
-67
-61
-58
-57
-57
-57
-62
-59
-57
-58
-53
-57
-56
-54
-58
-51
-49
-45
-36
-29
-22
-12
0
7
16
24
27
38
47
54
58
56
56
49
46
43
40
37
36
34
30
26
20
17
11
7
5
2
-1
-7
-11
-15
-19
-22
-19
-12
-8
-9
-4
-6
-5
0
2
7
13
15
21
27
30
34
34
35
34
37
39
39
42
40
39
35
31
31
21
15
10
9
6
-2
-4
-9
-16
-14
-19
-21
-19
-27
-26
-34
-42
-45
-47
-52
-57
-58
-56
-54
-48
-42
-38
-31
-30
-31
-29
-29
-19
-10
1
9
7
11
16
22
30
32
35
33
32
34
36
35
34
39
37
33
29
20
20
14
11
15
13
8
6
4
-5
-8
-10
-15
-10
-10
-14
-14
-17
-15
-13
-12
-3
8
13
19
20
14
12
9
12
11
2
-1
-5
-12
-14
-19
-25
-24
-25
-26
-27
-27
-29
-32
-37
-38
-38
-35
-33
-34
-33
-31
-31
-28
-21
-14
-9
-2
3
9
8
8
15
18
25
31
33
31
29
32
33
33
35
35
38
42
43
46
40
39
38
36
38
32
31
29
28
28
25
21
16
8
4
-1
-6
-9
-15
-14
-17
-14
-17
-23
-22
-27
-30
-37
-36
-35
-35
-32
-37
-36
-36
-38
-39
-37
-32
-26
-23
-24
-18
-17
-10
-1
1
4
7
18
27
31
39
40
40
39
38
38
37
33
26
25
24
25
21
19
13
6
2
-2
-4
-11
-16
-25
-34
-40
-46
-48
-48
-52
-48
-47
-42
-36
-35
-28
-22
-17
-15
-10
-6
-6
1
-1
-1
5
6
13
17
19
21
24
27
28
36
33
36
37
33
33
24
25
21
18
20
13
12
10
10
5
0
-2
-8
-18
-22
-16
-13
-17
-22
-19
-13
-11
-13
-12
-3
5
6
9
14
9
6
-1
-3
-2
1
9
5
-2
-5
-6
-8
-10
-6
-4
-2
-5
-9
-3
-6
-7
-10
-12
-11
-9
-5
1
9
13
16
18
19
15
11
10
8
3
0
0
-1
5
3
3
5
5
9
9
14
8
-5
-2
-2
1
6
3
-3
-3
-4
-2
0
-4
-2
-5
-5
-5
-7
-7
-10
-15
-15
-14
-11
-11
-10
-7
-11
-15
-17
-14
-13
-16
-10
-5
-5
-3
-7
