72
1
-14
-59
-82
-106
-124
-66
-34
13
28
-25
-57
-140
-178
-148
-104
0
72
117
115
24
-45
-96
-98
-37
12
86
118
98
72
26
13
5
25
76
82
68
32
-2
4
7
36
49
3
-53
-100
-99
-64
-35
-3
1
-2
-3
-32
-39
-46
-40
-21
0
49
72
88
87
41
-6
-72
-106
-94
-81
-39
-32
-39
-50
-98
-102
-110
-98
-35
9
71
70
43
22
-40
-40
-29
8
82
90
106
89
59
74
39
30
8
-27
-6
-6
40
82
81
100
77
78
89
67
80
60
29
11
-23
-6
-8
-15
10
5
17
14
-3
-6
-52
-74
-81
-94
-71
-78
-72
-54
-55
-4
19
20
1
-74
-101
-114
-105
-66
-80
-86
-98
-108
-48
-30
-48
-98
-193
-190
-173
-137
-74
-91
-61
-30
-7
50
20
4
-17
-3
118
192
243
223
152
136
108
117
122
106
134
161
216
249
214
148
65
21
17
43
78
86
79
66
67
65
41
4
-41
-38
-9
18
47
49
51
50
39
33
11
-31
-69
-107
-88
-48
-31
4
-32
-88
-128
-181
-177
-195
-224
-208
-210
-175
-145
-151
-110
-117
-137
-138
-148
-104
-100
-87
0
66
135
128
74
54
-6
-10
11
28
95
127
171
198
146
93
17
-32
-24
-20
36
100
100
98
86
48
11
-29
-17
-15
-47
-21
-22
-29
17
47
43
-7
-18
-18
-39
19
65
67
65
48
47
52
95
136
101
57
13
-43
-54
-15
43
55
35
26
-32
-90
-110
-105
-99
-106
-46
-17
-21
-22
-55
-65
-103
-85
-25
-29
-16
-35
-27
9
10
52
29
-24
-40
-85
-38
14
33
47
-8
-15
-23
-43
-30
-61
-72
-85
-64
-1
10
37
16
-30
-72
-113
-96
-101
-50
39
67
87
51
15
-36
-104
-61
1
50
93
118
154
88
43
68
62
89
109
161
194
165
211
240
209
166
107
75
3
-24
36
46
67
71
64
42
-41
-58
-82
-114
-107
-87
-41
-65
-64
-30
-56
-89
-97
-84
-95
-126
-137
-148
-184
-185
-131
-83
-54
-71
-67
-93
-193
-205
-185
-148
-73
-22
54
87
47
7
-25
-25
-32
-21
64
98
107
161
162
90
9
-23
-28
-26
-14
59
150
143
102
69
37
-13
-76
-13
26
25
100
109
99
76
67
114
81
62
96
118
129
96
100
134
106
70
62
52
55
41
4
-22
-79
-78
-24
-36
-46
-47
-55
-101
-195
-158
-88
-80
-33
-43
-75
-78
-78
-32
-35
-63
-26
-49
-82
-103
-101
-6
-40
-93
-33
-34
-18
-12
-12
-38
-131
-93
-72
-87
8
56
86
67
13
19
-21
-40
-4
45
102
128
155
140
65
36
3
-31
-3
75
151
181
183
157
124
100
80
49
25
16
26
15
-31
-37
-42
-95
-176
-230
-231
-219
-176
-126
-93
-46
1
31
59
100
123
119
108
93
57
75
91
33
-10
3
33
2
28
69
11
-13
-62
-94
-146
-130
25
-47
-112
-67
-115
-152
-228
-177
-133
-157
-43
-72
-82
26
62
105
74
69
78
32
85
68
79
211
220
207
225
200
141
62
71
128
129
161
188
130
85
39
-54
-181
-186
-110
-122
-60
-49
-55
-24
-118
-88
-149
-220
-119
-158
-83
-32
-54
45
-5
-6
57
-1
-15
4
46
69
15
5
-33
-122
-138
-122
-136
-124
-20
56
58
47
79
119
118
117
77
56
13
-59
-72
-77
-99
-103
-34
28
-13
6
70
50
-5
18
74
69
70
87
56
-9
-38
-34
19
63
90
138
86
12
-6
-72
-78
-81
-119
-57
-56
-76
-44
-40
-25
-59
-58
-33
-68
-23
33
12
46
112
100
89
73
16
2
4
-16
-28
-22
-6
70
125
126
152
78
19
19
-20
49
83
93
107
10
7
45
-11
-50
-91
-104
-95
-119
-62
-61
-170
-150
-98
-132
-85
-29
-47
-16
19
40
69
58
47
45
80
44
-17
-25
-89
-79
-79
-70
3
-14
35
-24
-100
-52
-135
-89
-52
-109
-15
26
86
72
6
95
100
104
145
151
174
110
59
22
-65
-96
-89
-55
-6
-22
-5
29
5
23
89
120
79
41
72
44
-35
-16
-28
-88
-125
-89
-40
-35
58
64
61
130
109
112
87
46
48
60
103
86
50
29
26
25
-25
-78
-87
-100
-106
-89
-113
-190
-229
-180
-168
-186
-128
-88
-102
-39
-5
-6
41
35
76
120
74
99
107
84
32
-20
2
-20
-35
-47
-78
-105
-7
51
1
25
33
24
88
134
137
102
75
88
-23
-10
19
-18
17
-2
-15
-56
-65
-1
3
31
44
56
100
53
13
-14
33
65
93
87
-5
-1
19
-33
-23
-38
-70
-53
-94
-56
-80
-81
-58
-99
-21
6
-51
11
57
80
32
-35
5
-108
-136
-97
-125
-37
42
92
147
109
93
4
-61
-54
-67
-41
-21
-7
21
58
14
-67
-85
-56
-48
23
53
26
-2
-31
-57
-24
19
31
-5
-50
-12
-17
-34
-37
13
114
88
-1
-6
-22
-28
29
126
138
168
191
137
138
143
78
-15
-15
8
35
80
31
-95
-121
-100
-106
-119
-33
44
13
15
-38
-60
-118
-137
-138
-147
-120
-142
-138
-64
-23
-5
49
47
69
81
132
84
38
117
118
98
122
68
8
-9
-51
-20
37
116
21
-47
7
-53
-42
-31
-86
-50
-105
-151
-124
-107
-27
-48
7
33
14
137
87
16
54
-35
-6
82
61
30
-45
-72
-32
3
15
16
56
69
18
-16
-43
-80
-57
-33
-20
50
46
-13
43
37
-45
41
87
49
37
-9
4
30
56
111
57
-6
-2
-40
-54
-30
54
170
151
112
148
41
-97
-110
-144
-111
-89
-90
7
9
-49
-45
-46
-80
-154
-164
-3
92
50
106
70
-24
-33
-96
-147
-173
-99
-29
-58
-27
-79
-177
-60
-101
-186
-56
-126
-119
-127
-182
-120
-198
-160
-105
-94
31
76
77
100
41
118
42
1
131
76
255
358
450
439
383
613
548
486
312
173
399
314
211
288
294
367
373
206
8
-238
-175
17
-82
-35
-28
41
11
-327
-481
-472
-600
-592
-220
-331
-341
-130
-317
-224
-239
-268
-169
-295
-171
-276
-551
-361
-507
-383
-69
-330
63
55
-137
23
-450
-419
-367
-104
148
-96
187
-91
-303
-238
-317
15
52
-18
309
528
351
185
260
201
26
365
441
482
653
510
712
519
391
566
631
642
190
470
742
283
305
235
181
436
268
-133
-1
-89
-376
-27
-344
-450
37
-208
-239
-454
-674
-267
-263
-35
29
-85
614
130
-571
-475
-721
-165
108
82
621
192
-59
-392
-841
-594
-774
-266
-222
-109
267
-208
9
-354
-514
-92
-215
154
157
-4
361
300
73
9
24
410
268
43
-124
-304
149
-141
-215
-189
-295
62
-66
71
139
160
569
224
316
546
188
509
174
153
675
481
512
369
142
94
-242
-158
-16
-531
-370
-209
-190
309
345
227
110
-179
44
-352
-736
-206
-118
219
457
-2
119
155
-130
-362
-836
-588
-633
-421
214
83
-198
309
70
-305
-23
-446
-382
-180
-58
-40
-361
48
182
-309
-195
-585
-309
-72
-63
22
111
608
543
125
170
71
81
554
340
824
603
422
665
284
203
368
294
482
290
-119
-272
-661
-119
77
-32
36
-87
-73
-39
-145
-384
-327
236
138
129
-12
-202
-192
-468
-64
-205
103
371
350
137
-285
-20
-152
-341
-277
-355
-298
-15
16
-48
-331
-114
-16
-357
-30
179
282
58
66
142
-365
-281
-355
-363
-325
-361
103
257
-142
211
565
153
466
677
683
242
-319
-104
-154
-263
373
612
92
-138
-563
-819
-497
-166
738
429
-18
825
-252
-311
346
-292
-100
-479
-357
-314
-138
849
423
106
127
-64
-340
-340
289
140
-77
261
220
-76
-361
77
110
-583
-230
217
-248
317
747
308
192
206
-204
-1030
-180
269
188
568
486
218
-264
-237
258
305
-8
72
226
-42
-372
30
261
152
-1
-925
-701
-192
-217
130
42
610
349
-50
-197
-668
-544
-265
10
-29
-98
-234
-172
-177
171
341
-175
-416
-435
-206
79
363
648
519
78
-223
-585
-550
-403
47
349
422
1259
1386
346
-237
-187
-671
-635
111
606
910
795
401
-152
-369
-434
-792
-340
-254
-40
4
-591
238
213
-169
448
84
-289
-666
-531
-14
-466
38
929
550
759
449
-267
-134
91
318
-223
-263
102
-126
-15
479
-27
-194
154
-76
-373
-609
-589
-358
267
427
-167
-320
194
-32
-704
-496
-585
-246
479
704
540
767
609
-149
-264
60
138
-141
59
-7
-159
209
552
-262
-206
342
-294
171
340
-92
27
-22
-153
-764
-357
-103
-525
-73
-336
-889
-674
-269
-45
358
955
549
588
888
400
352
470
139
-142
251
544
158
-164
-490
-430
-307
-465
471
539
518
646
113
185
-686
-711
-398
-391
-114
-39
51
-370
-508
-399
-27
-548
-208
506
390
590
250
50
207
-371
-405
-327
-447
13
10
580
147
-246
547
-665
-208
-2
-1021
247
-1
-125
-311
-470
49
-686
-219
59
-27
202
497
605
360
215
500
688
335
760
643
422
405
211
35
264
863
344
-113
505
243
-83
439
188
-218
-501
-520
-248
-928
-609
98
-739
-462
-618
-631
-35
-722
45
371
-747
36
132
-623
42
-459
-78
-190
-120
1138
351
71
197
-540
-159
184
338
232
-69
618
-265
241
78
-864
81
-298
-424
8
-318
304
446
415
415
-827
-46
197
-708
354
455
-286
196
178
391
-58
-173
231
360
83
-124
297
65
-70
-618
-334
94
296
614
557
648
576
232
246
-294
-121
714
370
232
220
-305
-787
-203
-206
-882
-272
389
243
615
384
165
257
-126
-250
-45
-52
-833
-627
-41
-949
-612
163
-1097
-817
-412
-315
280
726
1149
55
-326
-63
-616
-205
339
287
208
-40
-62
311
201
-93
235
278
619
143
2
146
-630
-787
-443
-205
-222
121
553
684
-324
-701
-951
-465
-138
101
727
555
737
642
225
-549
-478
-780
-604
-79
88
424
1050
1592
1191
533
-7
85
64
288
666
195
447
390
11
60
-512
-152
-666
-879
-466
-810
7
-22
-139
-31
-585
-499
-279
-298
-145
-547
-240
76
-587
473
444
374
635
-115
151
33
-352
169
128
-112
13
-42
-10
-432
-216
-120
-340
347
578
215
830
552
253
452
-189
-32
-24
-499
-316
-242
-350
-418
-334
6
-73
-26
316
411
131
336
-408
-729
-22
-194
-171
-119
20
-119
383
598
341
66
331
459
-184
-270
-485
-609
-9
-32
-797
-34
-362
-734
-60
135
-436
-364
141
-37
-128
-235
365
-38
377
455
-112
463
1082
818
958
957
396
805
204
651
1014
249
450
275
-198
355
-259
-217
390
-325
104
-25
-304
-518
-793
-779
-731
-815
-627
81
-247
-8
-245
-648
-209
-703
-363
196
145
539
382
43
-233
-418
-239
67
-101
-531
-142
-1094
-1148
-673
-1093
-163
-80
-180
-74
169
498
259
192
161
-632
30
236
-192
286
372
192
-392
278
691
405
1097
1687
1260
684
803
1060
483
323
161
-128
-443
-481
-11
404
996
893
1235
1049
416
248
152
-425
-353
-345
-934
-1094
-985
-405
-387
-110
-515
-654
-351
-385
216
4
50
139
-443
-215
-819
-1287
-770
-581
-116
-56
-260
439
81
-149
-84
-95
120
-443
108
544
-601
-608
-244
-573
-655
-282
779
73
-29
630
369
342
192
515
448
63
460
-229
-686
-113
-410
91
721
379
509
620
543
498
-9
637
617
157
808
29
-669
-436
-820
-460
-21
-235
-6
-73
-19
255
281
494
420
702
936
424
123
-119
-64
-200
49
185
-27
274
91
24
222
-302
-356
-119
-105
158
-562
-240
-221
-910
-1030
-1400
-1444
-1170
-422
-148
-267
-51
482
120
533
613
-175
380
188
368
896
464
859
469
-422
-426
-694
20
-142
-437
462
-308
-575
429
-15
-68
-90
-666
-334
-531
-15
677
1124
903
708
1292
807
556
204
40
32
-389
-94
235
-234
22
-37
-645
-411
-786
-405
-68
-295
-33
-214
-467
-561
-395
-27
-342
-452
-150
-235
211
592
708
316
-182
389
-47
-263
179
-155
67
58
181
42
107
322
-292
18
33
53
453
482
664
63
-116
-63
-15
29
-291
101
-255
59
546
291
660
227
-65
37
-23
-52
213
473
3
-399
-597
-651
-830
-945
-700
-703
-813
-149
718
495
156
214
2
-261
-617
-190
-45
-437
512
696
341
465
55
197
330
-41
137
23
-136
137
447
596
43
-163
25
-314
-394
-219
-353
-194
319
410
302
152
63
136
-294
-182
118
69
199
-40
-8
-70
-85
158
-135
-527
-515
-107
2
185
274
29
32
-282
-249
-51
-9
283
445
581
519
309
142
119
221
213
245
227
96
147
-92
-166
-406
-656
-639
-992
-788
-787
-694
-448
-773
-1029
-906
-852
-793
-432
-312
-53
-111
140
268
199
731
717
655
575
657
867
993
952
667
610
712
1018
1053
848
597
431
358
216
286
297
226
306
376
429
271
-22
73
195
249
240
-7
-333
-477
-346
-534
-649
-405
-193
-146
-317
-662
-941
-901
-795
-625
-621
-669
-661
-638
-646
-719
-584
-634
-762
-729
-801
-940
-892
-775
-455
-3
643
1092
1085
1369
1619
2218
2706
2697
2967
2964
2882
2853
2025
790
-480
-1532
-2322
-3611
-4487
-4994
-5450
-5278
-5166
-4650
-4034
-3350
-2393
-1995
-1231
-268
752
1834
2373
2671
2740
2801
3009
3049
2714
2617
2763
3112
3461
3151
2660
2232
2107
2251
2167
1932
1881
1807
1832
1578
881
388
-219
-893
-1609
-2161
-2584
-2781
-2903
-3247
-3364
-3291
-2803
-2451
-1929
-1505
-1179
-205
513
1278
1836
2289
2476
2310
2355
1881
1439
1001
610
254
-119
-359
-758
-919
-1465
-2028
-2394
-2472
-2023
-1724
-1432
-1196
-807
-567
-715
-1041
-1235
-1157
-976
-313
-94
-209
-45
37
423
499
510
644
564
989
1304
1430
1560
1621
2081
2186
2049
1940
1490
1696
1939
2109
2517
2182
2351
2027
1456
1245
-218
-1366
-2711
-3745
-4249
-5294
-5725
-6405
-6842
-6701
-6626
-6314
-5796
-4784
-3494
-2101
-652
669
2012
3074
3771
4531
5018
5481
5915
5968
5834
5541
5349
4993
4399
3498
2767
2289
1905
1932
1615
1405
1293
891
588
-140
-783
-1020
-1484
-1610
-1513
-1713
-1551
-1489
-1697
-1947
-2458
-2285
-2015
-1825
-1175
-1157
-907
-433
-318
192
23
-224
-228
-528
-116
-131
-381
-402
-859
-842
-1101
-1659
-1922
-2399
-2521
-2389
-2446
-2312
-2151
-2035
-1729
-1601
-1156
-474
28
823
1251
1811
2602
2916
3256
3204
3047
3057
2783
2579
2038
1364
909
402
194
-151
-517
-749
-886
-391
173
770
1141
1214
1868
2584
3079
3212
2680
2224
1977
1681
1262
99
-1359
-2493
-3816
-4890
-6109
-7435
-7899
-8265
-7949
-7296
-6793
-5515
-4227
-2731
-1318
-260
1220
2720
4005
4712
4878
4936
5197
5530
5456
5043
4325
4052
4049
3852
3486
2737
2379
2183
2125
2053
1481
1104
588
160
-281
-1139
-1762
-2307
-2612
-2807
-3035
-2995
-2762
-2317
-1980
-1727
-1474
-1049
-415
-27
311
693
1140
1822
2052
1853
1636
1204
1096
802
92
-557
-1321
-1466
-1334
-1524
-1879
-2458
-2853
-2919
-2935
-2924
-2714
-2445
-1938
-1532
-1316
-944
-724
-286
-24
168
613
1148
1998
2554
2955
3084
3272
3598
3617
3570
2979
2543
2136
1667
1195
463
425
751
1419
1784
1595
1557
1632
2142
2165
1715
1242
928
1009
405
-889
-2699
-4427
-5538
-6716
-7919
-9239
-10106
-10217
-9980
-9293
-8546
-7190
-5237
-3194
-1194
215
1831
3710
5500
6900
7348
7590
7843
8060
7886
6866
5674
4888
4617
4525
4045
3267
2664
2317
2150
1822
1055
249
-491
-1115
-1667
-2516
-3315
-3929
-4365
-4555
-4719
-4731
-4423
-3841
-3232
-2468
-1594
-390
1106
2094
2800
3177
3634
4453
4784
4627
3971
3136
2598
2089
1294
358
-700
-1614
-2050
-2730
-3275
-3798
-4374
-4292
-4315
-4020
-3479
-3113
-2498
-2189
-2049
-1743
-1395
-784
-42
446
1074
1657
2152
2726
2927
3364
3784
4061
4276
3866
3350
2635
2027
2004
2284
2813
3051
2928
2897
3079
3455
3544
2981
2128
1309
795
214
-1069
-2932
-5101
-6888
-8391
-9890
-11283
-12533
-13027
-13015
-12529
-11585
-10296
-8221
-6008
-3814
-1784
78
2352
4553
6500
7833
8601
9213
9546
9637
9063
8394
7868
7608
7545
6772
5938
4986
4254
3886
3134
2329
1224
165
-694
-1595
-2567
-3759
-4736
-5524
-5990
-6321
-6699
-6527
-6068
-5098
-3856
-2790
-1203
330
1856
3302
4143
5116
5881
6340
6525
6051
5407
4764
3963
3036
1828
384
-763
-1678
-2353
-2916
-3753
-4389
-4782
-4897
-4839
-4923
-4964
-4929
-4813
-4585
-4151
-3483
-2732
-2079
-1615
-1147
-382
542
1463
2060
2366
2881
3442
4109
4186
3656
3449
3613
4593
5144
4961
4748
4594
5417
5895
5611
4780
3536
3037
2273
837
-1381
-4122
-6122
-7783
-9474
-11166
-12696
-13284
-13288
-13177
-12647
-11666
-9637
-6993
-4685
-2804
-1104
1239
3813
5677
6660
7195
7922
8962
9810
9750
9013
8325
8338
8650
8370
7596
6483
5658
5255
4728
3815
2342
1000
15
-1001
-2292
-3812
-5193
-6254
-6975
-7559
-7973
-8054
-7568
-6673
-5704
-4643
-3333
-1559
167
1619
2780
3699
4868
5706
5858
5348
4279
3616
3099
2336
1449
271
-366
-611
-971
-1407
-2208
-2693
-2821
-2901
-2804
-2806
-2728
-2770
-2937
-3053
-3025
-2544
-2104
-1742
-1583
-1405
-594
136
899
1442
1471
1807
1912
2276
3251
4222
5616
6415
6474
6641
6735
7131
7117
6169
5030
4060
3546
2902
1280
-1319
-4070
-6264
-8058
-9606
-11320
-12756
-13488
-13742
-13165
-12301
-11080
-9421
-7827
-5965
-4140
-2088
305
2379
4075
5174
5973
6896
7733
8308
8324
7863
7671
7993
8486
8761
8398
7810
7459
7161
6812
5833
4376
3093
1816
688
-740
-2418
-3886
-5391
-6438
-7274
-7729
-7529
-7225
-6571
-6011
-5207
-3733
-2270
-774
145
702
1588
2322
3004
2993
2332
1925
1574
1364
752
-391
-1262
-1741
-1724
-1616
-1913
-2225
-2326
-2167
-1866
-1811
-1685
-1362
-893
-396
-211
8
207
508
840
886
1177
1521
2095
2649
2510
2328
2187
2800
4137
4944
5256
4898
4916
5847
6665
7005
6182
5022
4173
3457
2525
470
-2077
-4684
-6618
-8146
-10065
-11716
-13137
-13511
-13314
-13213
-12538
-11583
-9682
-7521
-5720
-3781
-1882
554
2697
3992
4699
5069
5921
6769
7322
7405
7265
7558
7832
7902
7476
6852
6664
6635
6683
6390
5744
5111
4349
3416
2002
337
-1293
-2638
-3612
-4779
-5761
-6669
-7131
-6949
-6870
-6298
-5424
-3953
-1942
-497
619
1420
2270
3225
3527
3013
2209
1602
1339
1027
-290
-1931
-3267
-3909
-3519
-3412
-3372
-3354
-3354
-2712
-2269
-1698
-1174
-829
-389
-253
30
306
636
745
513
451
640
1283
1792
1942
1888
2426
3945
5931
7756
8270
8465
8739
9399
10495
10065
8959
7133
5163
3923
1566
-1131
-4460
-7863
-10253
-12731
-14427
-15698
-16385
-16312
-16074
-14875
-13072
-10344
-7561
-5599
-3853
-2412
-100
2311
3867
4789
4717
5256
6252
6945
7367
6800
6465
6700
7189
7722
7523
7188
6946
6932
6956
6518
5713
4543
3501
2395
1185
45
-1410
-2760
-4132
-5290
-5713
-5831
-5633
-5491
-5416
-4640
-3278
-1611
-143
547
1087
1852
2685
3500
3585
3004
2242
1460
986
387
-646
-1859
-3035
-3973
-4641
-5128
-5459
-5382
-5280
-5230
-4856
-4233
-2877
-1564
-931
-421
-133
733
1713
1963
2078
1746
1658
1909
1682
1677
2045
3250
5117
6381
7369
8426
9661
10907
11167
10464
9421
8345
7471
5759
2554
-1429
-5308
-8148
-10791
-13763
-16426
-18138
-18240
-17499
-16187
-14626
-12701
-10007
-7082
-3825
-1042
1522
3953
5628
6886
7216
7523
7912
7871
7594
6599
5903
5733
5916
6248
5944
5757
5894
6500
7204
7017
6302
5065
3904
2813
1068
-939
-3405
-5573
-7146
-8327
-8822
-9244
-9057
-8412
-7404
-5696
-3794
-1362
815
2427
3963
5371
6988
8072
7999
7177
5882
4725
3798
2354
582
-1402
-3179
-3931
-4442
-4830
-5358
-6192
-6242
-6041
-5699
-5149
-4959
-4434
-4083
-3887
-3260
-2914
-2285
-2024
-2040
-1427
-1058
-91
917
1959
3988
5774
7817
9609
10862
12369
13247
13887
13989
13097
11670
9788
7739
5002
1314
-3103
-7231
-10602
-13713
-16254
-18514
-19760
-19733
-19163
-17621
-15686
-13218
-9993
-6879
-3797
-938
1580
3975
5865
7084
7999
8680
9224
9707
9570
9146
8876
8795
9145
9251
9036
8959
8924
8991
8674
7634
6285
4813
3389
1915
7
-2209
-4469
-6457
-7904
-9193
-10373
-11230
-11642
-11074
-10051
-8755
-6860
-5000
-2537
-188
1691
3899
5329
6796
7608
7344
7192
6339
5647
4672
2960
1445
-113
-1325
-2248
-3378
-4393
-4963
-5320
-5093
-4782
-4590
-4139
-4211
-4089
-3900
-3661
-3086
-3145
-3220
-3533
-3753
-3441
-2847
-1194
692
2701
4595
6394
8927
11258
13411
14788
15303
15636
15111
14221
12252
8855
4810
63
-4269
-8386
-12449
-15736
-18421
-19977
-20778
-20809
-19635
-17575
-14665
-11626
-8555
-5446
-2222
971
3485
5363
6333
7215
8122
8588
8778
8128
7619
7622
7987
8812
9193
9507
9866
10164
10638
10574
10205
9585
8549
7295
5216
2890
478
-1890
-4110
-6724
-8851
-10551
-11458
-11888
-12357
-12035
-11100
-9155
-6764
-4568
-2627
-755
1218
3017
4473
4826
4916
4787
4553
4308
3072
1775
315
-900
-1744
-2726
-3387
-3827
-3754
-3532
-3217
-3008
-2745
-2252
-1983
-1680
-1752
-1792
-1609
-1572
-1663
-2042
-2564
-2196
-927
804
2772
3699
5087
7051
9382
12051
13090
13796
14000
14028
14076
12349
9526
5513
1164
-2754
-7023
-11202
-15095
-18161
-20090
-21458
-22098
-21816
-20129
-17303
-14148
-10647
-7324
-3493
360
3304
5619
6540
7425
8335
8592
8582
7499
6752
6733
7019
7687
7771
7967
8474
9258
10229
10731
11071
11115
11015
10326
8797
6747
4315
2184
-285
-3050
-5786
-8243
-9612
-10720
-11575
-11977
-11718
-10103
-8003
-5925
-4134
-2508
-287
2068
3897
4637
4487
4246
4148
3807
2628
917
-937
-2195
-3087
-4122
-4931
-5677
-5641
-5181
-4669
-3953
-3390
-2596
-1887
-1362
-1144
-944
-794
-892
-1235
-2305
-2598
-2088
-627
1329
2142
3486
4944
7291
10248
11803
13432
14090
14894
15814
14776
12773
8851
4714
1209
-2864
-6664
-10914
-14573
-17127
-19300
-20442
-20986
-20382
-18652
-16507
-13950
-11270
-7836
-4094
-661
1849
3395
5053
6462
7692
7836
7016
6487
6313
6989
7214
6847
6661
7048
8501
9834
10666
10967
11244
11749
11934
11613
10305
8653
6545
4049
1456
-1687
-4218
-6500
-8570
-10166
-11897
-12220
-11538
-10436
-8901
-7685
-5416
-2431
354
2661
3755
4628
5425
5702
5247
3729
1684
-271
-1893
-3557
-5176
-6898
-8086
-8159
-8040
-7310
-6726
-5817
-4178
-3217
-2055
-1367
-582
404
6
-733
-1705
-1792
-749
-45
553
1032
2174
4337
6790
8995
10500
11645
12826
14382
15227
14617
12781
9913
7219
3868
-150
-3947
-7702
-10469
-13221
-15763
-17037
-17440
-16554
-15319
-13908
-11809
-9215
-6051
-2975
-702
645
1724
2840
4188
5002
4706
4272
3715
3691
3669
3202
3256
3343
4054
4936
5678
6982
7867
8704
9265
9502
10194
10108
9563
8265
5946
3875
1442
-530
-2527
-5359
-7627
-9415
-9833
-9538
-9611
-9199
-8270
-6092
-3105
-436
1902
3760
5443
6993
7689
7354
6261
4525
2558
310
-2113
-4253
-6181
-7785
-9120
-10116
-10329
-9456
-7894
-6382
-5342
-4558
-3053
-1263
-129
210
176
924
1891
2153
2016
1803
2223
3084
3830
4863
5868
6709
7859
8539
8692
8091
6756
6007
4827
3036
708
-1989
-3638
-5332
-7073
-8782
-10280
-10387
-9926
-9075
-8253
-7098
-4965
-2464
-115
1297
2347
3247
4121
4753
4605
4339
3867
3565
3237
2439
1629
1003
1087
1446
1532
1533
1871
2802
3705
4203
4477
4797
5073
4926
4154
3055
1916
798
-181
-1385
-2529
-3507
-4217
-4363
-4822
-5151
-4923
-3935
-2114
-692
428
1487
2971
4653
5308
4923
3856
2939
2343
1580
78
-2067
-4057
-5518
-6297
-7076
-7841
-8250
-7954
-6857
-5885
-4827
-3857
-2921
-1710
-626
791
2192
3153
3965
4446
4894
5598
6007
6634
6979
6449
6208
5624
5128
4088
1810
86
-1866
-3491
-5181
-7358
-8399
-9402
-9836
-9702
-9445
-8279
-7121
-5610
-3715
-1909
56
1835
3492
4799
5523
5963
6306
6645
6581
6037
5451
4909
4622
4120
3296
2632
2117
2355
2569
2534
2227
1432
1349
1149
1120
816
-219
-798
-1862
-2469
-3012
-3958
-4475
-5360
-5412
-4973
-4479
-3470
-2809
-1819
-569
1006
3265
5144
6350
6795
6860
7115
7236
6856
5965
4595
2858
1291
-319
-1942
-3669
-5739
-7227
-8277
-8787
-8656
-8391
-7835
-7295
-6649
-5677
-4656
-3675
-2376
-709
946
2217
2807
3480
4285
5016
5680
5985
6414
6635
6811
6895
6227
5151
3311
1366
-358
-2359
-4330
-6505
-8243
-9428
-10208
-10261
-10150
-9489
-8583
-7592
-5869
-3916
-1533
658
2227
3624
4436
5308
5875
6105
6289
5979
6097
6214
6366
6537
6179
6092
6086
6252
6405
6161
5560
4551
3564
2599
1833
943
-348
-1965
-3830
-5356
-6661
-7560
-8248
-8893
-8850
-8370
-7440
-6350
-5409
-4257
-2707
-492
1798
3952
5785
7012
8252
9117
9628
9543
8587
7431
5926
4646
3202
1388
-335
-2465
-4277
-5974
-7290
-7916
-8429
-8488
-8650
-8333
-7754
-7163
-5773
-4536
-3048
-1752
-796
771
2073
3139
3559
3723
4518
4970
5401
5474
4767
4049
2671
1193
159
-1265
-2786
-4376
-5710
-6396
-6901
-7165
-7062
-6425
-5477
-4457
-3161
-1577
237
1756
2874
3623
4213
4966
5294
5441
5082
4207
3842
3648
3836
4079
4077
4409
4994
5704
6062
6345
6356
6122
5915
5149
4564
3633
2138
420
-1833
-3739
-5505
-6917
-8059
-9605
-10709
-11104
-10540
-9247
-8288
-7559
-6321
-4238
-1566
1088
3230
4865
6380
7761
8850
9519
9494
8892
7854
6642
5258
3684
2312
978
-316
-1843
-3342
-4159
-4710
-5039
-5695
-6266
-6269
-5967
-4927
-4019
-2978
-2130
-1523
-177
834
1673
1822
1728
2202
2312
2569
2170
1157
-9
-1879
-3433
-4827
-6398
-7771
-9004
-9589
-9822
-9783
-9029
-7976
-6108
-3935
-1837
792
2975
5055
6922
8077
9022
9466
9789
9724
9172
8289
6965
6161
5613
5015
4641
4113
3899
4194
4425
4659
4790
4742
4653
4404
4133
3690
2825
1298
-838
-2784
-4458
-5980
-7151
-8588
-9912
-10363
-10585
-9961
-8874
-8210
-7152
-5805
-3837
-1544
709
2516
3821
5373
6323
7294
7843
7711
7328
6144
5347
4504
3513
2230
601
-847
-2252
-2929
-3618
-3911
-4202
-4890
-5069
-5147
-4221
-3218
-2311
-1107
-508
633
1531
2318
3196
2985
3156
2976
2578
2829
1845
444
-1291
-3486
-5330
-7587
-9559
-11451
-12581
-12830
-13155
-12420
-11556
-9831
-7232
-4803
-1820
669
3059
5324
7526
9408
10165
10952
11326
11537
11408
10354
9369
8507
7991
7431
6815
6573
6332
6440
6528
6531
6687
6413
5936
5381
4620
3496
2109
341
-1922
-4262
-6806
-8899
-10389
-11759
-12695
-13408
-13398
-11987
-10365
-8913
-6997
-5156
-3037
-397
1627
3067
4332
5216
5984
6616
6745
6411
5447
4569
3929
3011
2198
1349
733
1
-568
-1057
-1886
-1756
-1975
-2488
-2759
-2559
-1393
-689
196
211
472
1638
2224
3374
3238
3251
3304
2682
3184
2232
741
-1376
-3895
-5497
-7872
-9949
-12056
-13553
-14213
-14777
-14293
-13686
-11985
-10042
-8522
-5885
-3279
-439
2399
4782
6925
8279
9506
10572
11428
11586
11045
10782
10507
10590
10397
9681
9480
9587
9797
9411
8884
8467
7869
7673
7073
6181
4925
3372
1859
-259
-2529
-5313
-7679
-9471
-10994
-11575
-12848
-13254
-12602
-12340
-11288
-9866
-8113
-6101
-3673
-1837
-325
1755
2713
3745
4338
4506
5129
4894
4506
3689
2925
2203
1687
1656
768
294
-342
-908
-666
-1088
-1351
-1507
-1013
399
1407
2207
2793
3617
4428
4927
5442
5315
5088
4507
3541
2554
938
-676
-2875
-5055
-7044
-9488
-11076
-12214
-12702
-13220
-13642
-12926
-11891
-9963
-8571
-7385
-5416
-3466
-1059
545
1985
3254
4186
5395
5829
6592
7027
7327
7961
8166
8726
8749
8911
9267
9195
9264
8869
8694
8479
7894
7408
6610
5969
5379
4233
2638
1183
-139
-1602
-2980
-4426
-5311
-6001
-6613
-6714
-7497
-7950
-7618
-7346
-6671
-5531
-4792
-4324
-2756
-1498
-859
-97
137
455
684
1033
1061
663
506
-81
-562
-923
-1039
-1419
-2003
-1858
-2272
-2498
-1691
-394
1207
2874
4028
4591
5937
7274
7873
8203
8327
8442
7906
7082
5523
2868
275
-2534
-5213
-7817
-10338
-12266
-13835
-14055
-14161
-14275
-13369
-12165
-9855
-7947
-6028
-3630
-1922
455
2123
3268
3921
4262
5091
4981
5261
5143
5173
6178
6802
7626
7728
7949
8377
8529
8589
7874
7198
6514
5894
5106
4086
2800
1275
-168
-1784
-2688
-3390
-3711
-3666
-3714
-3174
-3114
-2779
-2007
-1877
-1747
-1566
-1109
-590
151
881
331
265
578
-16
-7
91
193
-38
-720
-684
-1067
-1118
-1032
-2041
-3211
-4057
-4371
-5043
-5589
-5901
-6901
-6982
-5504
-3488
-1654
-242
939
2609
4841
7041
8699
9300
10058
10552
10157
9982
8585
6129
3177
147
-2267
-5298
-7618
-9497
-11146
-12039
-12886
-12133
-11177
-9810
-8208
-7734
-5751
-3588
-1731
-213
501
1176
1073
2115
3027
3346
3994
4011
5081
6021
6669
7416
7507
8203
8617
8389
8045
7891
7569
6301
5248
4170
2606
1420
239
-1483
-3153
-4161
-4891
-5371
-5592
-5809
-5993
-5694
-4284
-3284
-3081
-1851
-478
371
1657
2874
3357
3843
4582
4356
3880
4088
3897
3110
2220
1719
1179
467
203
-658
-2283
-3494
-4161
-4884
-5398
-5682
-6763
-7318
-6334
-5153
-4061
-3306
-2788
-1926
-900
783
2377
3051
4190
4961
5020
5570
5325
4496
3070
1079
-362
-2328
-3897
-4986
-6064
-6774
-7868
-7994
-7610
-6782
-5425
-5162
-4482
-2837
-925
624
1673
2401
2433
2884
3654
4449
5112
5329
5678
5867
6067
6188
6059
5806
5560
5221
4426
4226
4233
3670
3105
2847
2521
1757
1203
132
-1289
-2221
-3029
-3532
-4227
-4758
-5022
-5491
-5147
-4336
-4173
-3775
-2279
-1090
-304
1442
2735
3324
4363
4639
4345
4527
4820
4518
3590
2782
1901
1062
404
-136
-1164
-2789
-3187
-3321
-3658
-3614
-4216
-4722
-4739
-4014
-2999
-2305
-1640
-1604
-1258
-640
282
1334
1237
1570
1680
1525
1975
1560
896
-635
-2310
-3423
-5007
-5705
-6334
-6843
-7212
-7794
-7215
-6564
-5261
-3848
-3115
-1666
-301
1264
2565
3578
4383
4371
5117
6117
7151
7887
8012
8280
8325
8641
8538
8009
7398
6338
5276
4045
3328
2695
1536
794
445
-70
-771
-1365
-2339
-3283
-3848
-4410
-4874
-5649
-5886
-6176
-6713
-5827
-5208
-4927
-3816
-2493
-1299
-177
1594
2868
3708
4517
4442
4580
4674
4567
3992
2926
2648
2024
1025
383
-333
-1338
-2208
-2533
-3007
-3243
-3529
-4173
-4463
-4546
-3858
-2820
-1946
-1175
-805
-321
449
1756
2816
3164
3596
3524
3309
2870
1640
153
-1772
-3306
-4734
-6419
-7165
-7476
-7681
-8022
-8067
-7451
-6597
-4952
-3688
-2810
-1432
-216
1148
2496
3599
4389
4836
5481
6292
6971
7384
7937
8385
8447
8701
8889
8823
8627
8100
7045
5821
5111
4379
3459
2637
1688
434
-1122
-2185
-3344
-4772
-5939
-7225
-8042
-8630
-8448
-8083
-8147
-6807
-5668
-5019
-3453
-1796
-765
319
2098
2865
3299
3823
3712
3515
2940
2752
1873
937
1296
1049
456
201
130
-575
-863
-284
-856
-1451
-1975
-2710
-3380
-3635
-2703
-2359
-1879
-1042
-938
-542
276
1397
1971
2771
3510
3549
4124
3605
2631
1202
-1112
-2639
-4738
-6705
-7606
-7852
-8156
-8515
-7715
-7372
-6228
-4156
-3312
-2113
-592
836
2086
3170
4010
4201
4796
5291
5774
6232
6501
7576
8055
8170
8815
8934
8850
8997
8559
7107
6050
5393
4328
3349
2065
906
-81
-1104
-1842
-3105
-4541
-5764
-6705
-7730
-8611
-8239
-8248
-8229
-6998
-6098
-5347
-4052
-2289
-1347
-645
1227
2236
2751
3610
3544
2888
2450
2378
1536
507
449
111
-474
-609
-646
-1220
-1460
-763
-867
-1619
-1988
-2261
-2873
-3049
-2530
-2246
-1354
-402
338
1202
1854
3170
3646
4081
4944
4489
4354
3765
2754
1377
-985
-2558
-4726
-6795
-7912
-8607
-8417
-8544
-7748
-6805
-5822
-3559
-2496
-1644
-643
-274
160
667
1752
2313
2879
3896
4603
5500
6218
7372
8387
8959
9833
10166
10282
9918
8976
7645
5978
4856
3455
2106
1130
-72
-739
-1311
-1834
-2393
-3543
-4443
-4958
-5496
-6210
-6508
-6142
-6232
-6401
-5667
-4970
-4510
-3258
-2305
-2091
-917
573
1264
1916
2590
2358
1700
2020
2016
853
260
87
-314
-827
-974
-1019
-1903
-2197
-2503
-3755
-4188
-4304
-4652
-5007
-4619
-3615
-2459
76
1862
2680
3985
5247
7364
8511
8926
9347
8268
7671
6629
4270
1715
-1048
-3471
-5981
-7473
-8226
-8723
-8053
-7646
-7312
-6880
-6105
-4708
-4189
-4071
-4077
-4246
-3837
-2756
-1673
-1263
-246
1518
3082
5065
7027
8666
10416
11734
12287
12221
12051
11573
10227
8444
6631
5178
3781
2439
1291
-204
-816
-996
-2009
-2767
-3731
-4993
-5512
-5697
-6244
-7175
-7240
-6615
-6396
-5630
-4634
-4251
-3197
-1514
-865
-373
1386
2384
2249
2711
2626
2067
2298
2397
1734
846
735
736
-174
-884
-1475
-2893
-4238
-4746
-5527
-6670
-6935
-7331
-8160
-7688
-6431
-5019
-2416
718
2891
4583
6758
9167
10604
10883
11107
10509
9113
8275
6758
4517
2832
889
-1431
-3154
-4336
-5340
-5718
-5572
-5920
-6662
-6993
-6582
-6086
-6441
-6775
-6599
-6448
-5443
-3916
-3000
-1718
107
1526
3019
4973
6696
8179
9602
10209
9882
9479
9367
9086
8035
6662
5758
4812
3815
3270
2264
1015
588
121
-1120
-2164
-2877
-4316
-5546
-6213
-7313
-7948
-7703
-6792
-6129
-5711
-4154
-2959
-2253
-710
357
735
1949
3312
3159
3142
3811
3558
3121
2932
2419
1494
809
429
-612
-1904
-2708
-3602
-5165
-6334
-6922
-7996
-8452
-8098
-8492
-8597
-7042
-4867
-2442
677
3574
5517
6987
8744
10272
10571
10762
11375
10693
9644
9523
8229
6268
4843
2325
-436
-2007
-3730
-6093
-7699
-8785
-9927
-10335
-9987
-8954
-8482
-8472
-7243
-6290
-5599
-3901
-2386
-1463
-44
1658
2497
3909
5807
6286
7025
8427
9236
9693
9910
10071
9691
8677
7912
6972
5233
3407
1810
-42
-1468
-2146
-2946
-3816
-4450
-5212
-6207
-6498
-6224
-6525
-6985
-7089
-6454
-5579
-4979
-3670
-2665
-2213
-600
1413
2683
4046
5509
5852
6077
6581
5967
4896
3926
2849
1127
-689
-1365
-2424
-4084
-5367
-6420
-7273
-7478
-6657
-6660
-6831
-5817
-5434
-5161
-4469
-3698
-2763
-1311
1956
4961
6307
8121
9969
11112
12313
13325
13564
12694
11442
9687
6686
4018
1758
-1377
-4486
-6780
-8978
-10939
-10889
-10171
-10801
-10999
-9971
-8450
-7321
-6462
-5577
-5495
-5044
-4038
-3523
-2595
-768
1061
2426
4630
7258
9114
11235
12941
12944
11994
11312
10656
8888
6680
4570
2621
1425
512
-414
-1292
-1810
-1883
-2680
-3474
-3551
-4267
-5358
-6496
-7740
-8667
-9246
-8948
-8392
-7672
-5899
-3592
-838
1755
3870
5845
7081
8015
8330
7508
6542
5471
3879
1984
406
-789
-1993
-2843
-3302
-4009
-4596
-4636
-4802
-5207
-5442
-5403
-5494
-5635
-5232
-4852
-4373
-3303
-2006
-833
406
2504
4599
6931
9951
11445
11913
12341
12419
12004
10623
9563
8033
5336
3499
1649
-692
-2390
-3986
-5912
-7534
-8704
-9937
-10383
-10178
-10390
-10666
-10779
-9819
-8610
-8397
-7352
-5772
-4762
-3288
-1261
616
2585
4947
6649
7786
9182
10166
10759
11001
10578
9661
8478
7653
6663
4874
3231
2193
1020
-323
-1167
-2024
-3054
-3851
-5003
-6302
-7120
-7881
-8673
-9091
-9198
-8654
-7499
-6209
-4378
-2459
-322
2452
4638
6298
7600
8241
8527
8179
7091
5834
4585
2625
897
-49
-1139
-1558
-1949
-2773
-3071
-3422
-3715
-3906
-4103
-4158
-4269
-4286
-4346
-4091
-3833
-3373
-2029
-1061
123
1883
2767
3189
3784
4619
5556
7091
8875
9425
9466
9267
9123
8897
7617
7080
6052
3834
2886
1069
-1521
-3040
-5306
-7919
-9542
-10943
-12433
-12739
-12399
-12576
-12184
-11373
-10011
-8331
-7362
-5643
-3848
-3016
-1570
181
1518
3242
5166
6451
7928
9449
10140
11098
11688
11067
10201
8930
7199
5315
3213
1350
-94
-1961
-3816
-4827
-5989
-6869
-7023
-7538
-7885
-7889
-7843
-7335
-6596
-5743
-4571
-3245
-1855
-68
1820
3913
6217
7381
8060
8929
9104
8824
8116
7044
5800
4757
4193
3203
2316
2177
1756
907
193
-542
-1485
-2256
-3210
-4846
-6234
-6705
-7024
-7455
-7165
-6596
-5992
-4308
-2665
-1922
-740
390
702
1084
1485
1688
2051
2537
3798
5828
7592
9238
10080
10241
10714
9754
8356
7394
5029
3295
1444
-2083
-4474
-6755
-9498
-10706
-11865
-13635
-13766
-13208
-13792
-12926
-11623
-11153
-8844
-7245
-6281
-3923
-2412
-706
1528
3340
5552
7629
8670
9085
9719
9760
9840
9993
8767
7873
6736
4792
3720
2666
1617
902
-279
-1723
-2873
-4012
-4864
-5180
-6177
-6716
-6314
-6401
-5850
-5033
-4546
-2780
-645
998
3269
5078
6484
8734
9724
10224
11226
10898
10850
10598
8999
7875
6693
5052
3649
2277
540
-1016
-2516
-4431
-5674
-6929
-8403
-9619
-11195
-12164
-12595
-12652
-11689
-10426
-9123
-7435
-5740
-4361
-2800
-1422
-353
906
2039
3523
4970
5768
6546
6994
7382
8141
8553
9206
10272
10665
10838
9822
7588
5871
3015
423
-1344
-3734
-4019
-4945
-6930
-7328
-9028
-9874
-9776
-10963
-10883
-10406
-10311
-9694
-9466
-9402
-8047
-6678
-5576
-3328
-2298
-1165
727
1202
2911
4896
6208
7960
9121
10230
10612
10180
9595
8717
7777
6787
5698
4085
2759
1199
-364
-896
-1388
-883
-589
-833
-558
-1133
-1258
-1188
-1369
-1043
-705
74
1056
2360
3436
4546
5834
6821
8289
8660
8577
7912
5923
4510
2624
942
-547
-2435
-3601
-5280
-6704
-7610
-8393
-8557
-8871
-9179
-9687
-10301
-11029
-11813
-11782
-11066
-9435
-7652
-5726
-3268
-1577
94
1970
3390
4890
6151
7140
8088
8427
8261
7869
7336
7270
7133
6328
5322
4133
2969
1676
416
-511
-1503
-1785
-1482
-910
31
320
163
-967
-2676
-3518
-4385
-4531
-4066
-4081
-3753
-3822
-4245
-4771
-5527
-5559
-5388
-4619
-3375
-2475
-1623
-1596
-1517
-1141
-874
-48
657
1818
3183
4332
5423
5923
6705
6838
6721
7229
7206
7331
7004
6481
5989
4825
4133
3397
2963
3042
2898
3160
3235
2987
2088
757
-74
-1069
-1907
-2369
-2525
-2489
-2622
-2530
-2298
-1911
-1896
-2440
-2952
-3720
-4340
-4494
-4586
-4480
-4190
-4262
-4330
-4040
-4024
-3688
-3198
-2943
-2421
-2326
-2529
-2830
-3110
-2962
-2644
-2129
-1444
-450
487
1108
1423
1643
2052
1969
2034
2109
1774
1815
1516
1513
2101
2346
2571
2479
2132
1710
1173
805
380
-122
-595
-773
-748
-854
-901
-1076
-1168
-959
-810
-830
-1030
-1161
-1237
-1118
-505
16
382
828
1165
1832
2662
3326
3979
3912
3541
3499
3103
2888
2896
2655
2842
3418
4022
4444
4560
4429
4031
3711
3388
2768
2080
1224
403
-160
-805
-1272
-1840
-2642
-2986
-3227
-3370
-3524
-3919
-4232
-4765
-5117
-5224
-5331
-5348
-5641
-5741
-5711
-5511
-4772
-4200
-3437
-2627
-2317
-1945
-1765
-1807
-1779
-1823
-1812
-1602
-1172
-602
-84
314
766
1337
1945
2555
3225
3600
3620
3622
3315
3128
3091
2759
2646
2647
2759
2976
3051
3205
3183
2853
2243
1525
809
-42
-786
-1458
-1843
-1811
-1801
-1669
-1465
-1329
-1052
-860
-579
-241
-139
-144
-390
-518
-589
-635
-236
249
1065
1989
2829
3805
4229
4462
4432
3986
3754
3205
2534
2105
1631
1315
1064
765
416
62
-356
-780
-911
-1134
-1407
-1600
-2132
-2474
-2605
-3001
-3140
-3230
-3286
-2725
-2153
-1446
-678
-421
-58
52
-39
-138
-706
-1155
-1551
-1617
-1386
-1365
-1218
-1458
-1762
-1917
-2138
-2082
-2243
-2412
-2693
-3068
-3149
-3645
-4084
-4605
-5145
-4809
-4297
-3211
-1783
-740
559
1653
2577
3571
4184
4547
4777
4889
4950
5177
5550
6016
6552
6807
6642
6190
5356
4258
3247
2063
1088
415
-408
-842
-1237
-1669
-1896
-2285
-2446
-2614
-2790
-2866
-3112
-3205
-3268
-3127
-2771
-2272
-1418
-741
77
1028
1688
2572
3346
3966
4660
4928
4883
4618
4109
3569
3059
2455
1740
1115
387
-310
-710
-1060
-1126
-999
-1059
-1151
-1439
-1758
-1883
-2299
-2944
-3607
-4253
-4398
-4205
-4010
-3523
-2918
-2339
-1851
-1690
-1835
-2155
-2420
-2652
-2626
-2135
-1642
-1031
-508
-490
-401
-405
-547
-515
-742
-927
-936
-984
-958
-1105
-1172
-884
-412
157
582
881
1193
1473
1646
1616
1531
1660
1930
2119
2215
2146
2290
2887
3515
4338
5039
5327
5394
4852
4152
3373
2501
1951
1377
1246
1220
864
423
-573
-1462
-2227
-2909
-3160
-3654
-3845
-3895
-4000
-3711
-3640
-3344
-2830
-2377
-1716
-1334
-939
-354
371
1525
2673
3614
4284
4437
4351
4192
3923
3588
2987
2259
1599
1105
941
600
309
214
-72
-118
-399
-913
-1472
-2362
-3048
-3657
-3796
-3567
-3332
-2736
-2244
-1752
-1500
-1481
-1579
-1903
-1907
-2159
-2337
-2194
-2179
-1927
-1769
-1692
-1565
-1426
-1339
-1469
-1318
-1139
-1084
-1019
-1173
-1126
-801
-279
172
428
809
993
1314
1909
2236
2651
3011
3042
3224
3426
3475
3591
3496
3353
3424
3569
3702
3407
2964
2444
1982
1967
1826
1973
2047
1567
1107
232
-468
-979
-1719
-2092
-2383
-2357
-2291
-2728
-3223
-3837
-4047
-3811
-3675
-3262
-2775
-2157
-1377
-1062
-847
-663
-199
793
1426
1834
1719
1310
1621
2189
3240
4327
4764
4807
4134
3291
2211
1015
93
-993
-1475
-1843
-2489
-2964
-3810
-4257
-4232
-4187
-3833
-3609
-3165
-2637
-2396
-2218
-2522
-2573
-2110
-1495
-510
186
688
1066
1241
1553
1617
1565
1311
758
315
-48
-223
-227
-112
108
309
462
565
653
731
793
564
218
-30
-180
108
346
513
835
1152
1934
2716
3359
3941
4141
4481
4697
4695
4725
4540
4327
4095
3768
3338
2814
2257
1501
595
-372
-1491
-2507
-3274
-3905
-4258
-4567
-5001
-5411
-5659
-5448
-4944
-4397
-4008
-3798
-3493
-3085
-2588
-2133
-1694
-1260
-956
-673
-417
-71
251
381
540
779
1236
1604
1535
1357
1240
1356
1582
1587
1474
1380
1222
915
568
299
227
221
129
91
42
110
195
131
173
222
208
159
24
-48
57
58
-202
-296
-287
-307
-376
-741
-791
-372
-47
76
-62
-139
-22
31
-6
93
631
1093
1194
1036
621
540
412
161
405
590
712
530
-89
-256
-60
250
459
388
373
428
554
606
598
750
888
1131
1416
1462
1303
840
350
283
360
344
124
-281
-431
-552
-758
-802
-858
-777
-754
-923
-1069
-1421
-1710
-1993
-2194
-1953
-1738
-1364
-1007
-763
-339
-263
-106
89
117
449
613
889
1198
1255
1390
1257
1353
1694
1945
2173
1850
1455
1087
606
285
-278
-598
-710
-995
-1195
-1621
-1919
-2149
-2482
-2441
-2437
-2314
-2078
-1838
-1196
-689
-339
-248
-377
-221
-268
-428
-625
-942
-1057
-1200
-1155
-866
-511
94
681
1189
1501
1471
1328
1057
782
565
379
586
1011
1312
1529
1600
1775
2028
2092
2025
1777
1658
1669
1539
1352
1034
910
927
868
930
867
903
1013
878
860
855
963
1154
916
457
-149
-715
-1114
-1606
-1865
-1860
-1624
-1271
-1269
-1330
-1453
-1699
-1888
-2241
-2400
-2410
-2502
-2482
-2594
-2511
-2195
-1871
-1265
-701
-169
247
308
360
311
388
700
961
1332
1575
1733
1925
1973
2158
2309
2405
2368
1931
1465
879
352
20
-352
-465
-581
-706
-827
-1203
-1381
-1542
-1604
-1496
-1621
-1571
-1614
-1686
-1528
-1450
-996
-509
-73
489
707
979
1115
1214
1598
1809
2102
2234
2272
2528
2545
2517
2292
1934
1804
1576
1444
1271
915
613
44
-549
-1060
-1587
-1830
-2111
-2330
-2449
-2731
-2782
-2829
-2811
-2581
-2497
-2245
-2057
-1973
-1709
-1557
-1214
-845
-583
-138
193
590
938
1075
1286
1353
1404
1449
1365
1348
1235
1096
1020
950
1058
1265
1481
1672
1675
1588
1515
1425
1398
1236
946
711
399
214
80
31
233
454
844
1158
1237
1146
671
139
-464
-1019
-1273
-1389
-1261
-1265
-1450
-1568
-1742
-1813
-2011
-2236
-2282
-2342
-2276
-2393
-2640
-2804
-2941
-2742
-2440
-2059
-1565
-1102
-453
58
417
732
923
1224
1514
1883
2299
2553
2818
3032
3229
3324
3137
2930
2766
2601
2323
1845
1504
1323
1179
1055
855
728
586
333
60
-300
-636
-1086
-1683
-2201
-2677
-2917
-2966
-2907
-2660
-2364
-1842
-1196
-711
-451
-445
-341
-59
178
223
104
136
293
515
785
1080
1485
1791
1978
2046
1942
1746
1241
612
109
-204
-252
-358
-492
-608
-702
-620
-598
-512
-278
-24
180
127
7
-153
-418
-739
-1101
-1255
-1183
-939
-692
-522
-370
-454
-585
-641
-633
-556
-681
-792
-878
-1097
-1336
-1702
-1858
-1698
-1396
-1009
-675
-217
200
437
587
642
792
929
1085
1278
1445
1692
1821
2000
2274
2494
2707
2781
2890
2976
2832
2508
1988
1563
1270
864
488
186
-8
-205
-612
-1044
-1478
-1913
-2195
-2453
-2636
-2709
-2871
-3019
-3211
-3319
-3145
-2940
-2565
-2158
-1803
-1259
-839
-339
303
902
1547
1864
2138
2488
2605
2707
2652
2696
2957
3026
3039
2794
2410
2160
1833
1592
1245
811
486
48
-251
-547
-946
-1222
-1512
-1624
-1733
-1932
-1906
-1782
-1494
-1180
-959
-632
-401
-295
-304
-448
-589
-771
-895
-893
-886
-963
-1150
-1372
-1534
-1592
-1511
-1278
-1064
-999
-1073
-1243
-1418
-1623
-1754
-1716
-1538
-1231
-899
-513
-64
462
1056
1515
1875
2174
2399
2614
2750
2852
2886
2831
2752
2581
2417
2305
2224
2227
2144
1953
1677
1248
870
500
174
-89
-468
-754
-1035
-1324
-1518
-1753
-1802
-1721
-1602
-1392
-1277
-1103
-992
-994
-881
-812
-649
-498
-433
-285
-193
31
242
346
492
506
571
552
497
599
517
351
-25
-387
-379
-393
-285
-259
-259
-119
-313
-503
-694
-857
-852
-1066
-1017
-772
-615
-394
-417
-224
91
241
552
696
849
851
526
392
280
336
527
532
547
275
-181
-500
-717
-576
-315
-140
0
-158
-426
-709
-947
-876
-740
-544
-359
-297
-111
115
465
900
1233
1476
1425
1205
971
814
834
848
885
849
600
193
-305
-569
-549
-388
-183
-11
155
179
-8
-259
-441
-521
-566
-554
-427
-167
121
384
666
830
854
699
442
266
133
103
160
284
454
486
403
206
-31
-251
-525
-746
-933
-1063
-1118
-1147
-1094
-956
-760
-567
-376
-222
-164
-123
-73
-9
46
-18
-148
-264
-323
-269
-114
230
665
1003
1189
1124
933
659
294
23
-218
-379
-483
-606
-607
-589
-504
-364
-332
-325
-515
-790
-1027
-1275
-1304
-1283
-1219
-1124
-1172
-1149
-1135
-999
-655
-303
192
596
901
1131
1131
1128
1026
877
801
716
821
988
1214
1542
1811
2164
2442
2607
2685
2483
2170
1704
1239
975
816
886
951
926
791
436
109
-194
-362
-408
-487
-598
-855
-1096
-1264
-1321
-1254
-1242
-1287
-1484
-1692
-1863
-1959
-1867
-1835
-1786
-1818
-1918
-1912
-1902
-1629
-1237
-851
-470
-355
-289
-331
-374
-229
-124
80
181
216
340
380
538
608
593
586
460
516
585
686
827
775
758
589
385
280
104
133
230
424
737
826
859
756
570
508
379
390
425
356
348
231
208
255
274
446
529
544
462
227
111
59
152
375
482
534
454
292
181
39
-29
-55
-50
93
228
334
284
14
-260
-479
-573
-597
-643
-633
-601
-533
-413
-298
-208
-239
-407
-637
-961
-1338
-1626
-1756
-1662
-1413
-1137
-849
-647
-584
-618
-679
-661
-648
-635
-576
-515
-454
-488
-514
-339
22
477
919
1284
1603
1824
1928
1985
2003
2057
2083
2023
1940
1683
1376
1157
1070
1223
1288
1259
1250
1181
1075
692
229
-111
-397
-582
-919
-1274
-1464
-1599
-1608
-1675
-1720
-1681
-1652
-1510
-1451
-1404
-1327
-1325
-1205
-1058
-839
-571
-411
-257
-203
-198
-207
-222
-13
265
461
566
501
474
482
393
341
271
276
328
245
256
219
105
85
10
147
345
399
576
658
823
1065
1152
1372
1440
1403
1336
1022
851
610
336
261
94
118
42
-230
-361
-574
-561
-550
-709
-797
-1156
-1429
-1648
-1899
-1867
-1917
-1764
-1414
-1151
-763
-632
-549
-376
-281
25
193
243
271
115
202
386
602
875
937
1083
1173
1133
1092
860
753
722
629
588
370
197
117
28
67
-58
-251
-383
-558
-543
-549
-533
-373
-268
-22
112
96
115
-12
30
180
399
803
1023
1205
1271
1223
1277
1146
1069
970
766
684
429
302
228
82
41
-243
-467
-723
-1034
-1150
-1401
-1408
-1340
-1243
-887
-814
-694
-674
-788
-668
-682
-510
-406
-379
-155
-163
43
163
90
190
67
42
-71
-293
-400
-681
-710
-802
-972
-948
-1138
-1163
-1173
-1221
-1045
-937
-700
-508
-322
34
197
373
455
490
786
1073
1385
1632
1794
2020
2138
2278
2295
2194
2203
2102
2056
1946
1673
1378
982
685
400
195
-27
-419
-676
-911
-1047
-1135
-1376
-1511
-1575
-1554
-1518
-1588
-1550
-1419
-1176
-932
-796
-599
-416
-226
-44
42
172
361
501
588
659
707
773
801
738
645
541
412
178
-67
-201
-304
-322
-402
-514
-483
-514
-493
-491
-507
-374
-348
-288
-280
-306
-210
-207
-72
24
57
184
181
310
433
491
588
542
645
690
598
560
374
249
75
-209
-433
-741
-880
-936
-1010
-856
-743
-644
-524
-541
-494
-454
-433
-441
-528
-415
-256
-97
196
402
602
799
848
897
916
968
1031
999
1039
955
804
699
401
199
62
-95
-174
-376
-439
-520
-691
-673
-762
-761
-686
-684
-544
-459
-274
-58
46
235
280
360
494
539
732
913
1079
1212
1219
1232
1109
926
805
685
656
633
647
646
477
304
105
-110
-280
-438
-581
-788
-989
-1123
-1192
-1183
-1196
-1129
-1105
-1229
-1263
-1283
-1190
-1019
-866
-620
-586
-576
-526
-617
-599
-654
-624
-586
-718
-596
-536
-461
-343
-366
-222
-207
-139
71
142
349
447
493
547
435
555
648
696
836
897
1119
1268
1390
1645
1749
1833
1807
1689
1631
1504
1462
1414
1261
1183
1073
952
818
648
613
458
165
-79
-379
-616
-916
-1186
-1292
-1498
-1597
-1658
-1740
-1677
-1646
-1465
-1251
-1170
-939
-758
-613
-482
-440
-249
-209
-244
-145
-185
-138
-113
-130
0
-27
34
54
-52
-25
-157
-184
-224
-372
-337
-423
-414
-387
-435
-265
-222
-122
63
140
343
413
451
496
414
424
340
291
310
271
321
330
380
457
511
596
562
536
486
324
178
80
41
38
68
147
232
324
462
535
571
672
644
572
517
370
257
181
169
153
121
209
177
131
208
198
207
250
248
159
31
-57
-244
-368
-375
-398
-373
-337
-343
-472
-578
-692
-923
-984
-999
-1040
-988
-945
-867
-831
-734
-574
-516
-321
-210
-208
-102
-56
34
116
235
385
449
565
565
581
642
583
593
533
514
441
250
193
-11
-150
-280
-480
-383
-336
-271
-208
-312
-286
-341
-427
-458
-443
-276
-205
-169
-174
-182
-149
-204
-93
62
191
284
155
101
63
-12
-63
-191
-148
-66
-89
-85
-131
-43
177
305
430
588
749
876
923
976
1103
1226
1235
1151
1060
1018
979
864
802
788
835
871
686
512
417
328
268
101
40
18
-99
-235
-503
-593
-611
-654
-636
-750
-762
-896
-1149
-1307
-1480
-1405
-1386
-1421
-1294
-1277
-1181
-1189
-1220
-1000
-867
-711
-578
-467
-321
-363
-348
-372
-374
-215
-155
21
168
239
294
171
152
179
276
401
451
623
664
599
533
500
652
775
933
1114
1165
1158
1033
906
798
769
845
846
873
847
739
566
309
189
90
-9
-113
-236
-275
-393
-555
-661
-669
-599
-621
-592
-497
-464
-464
-513
-549
-575
-532
-487
-468
-285
-156
-100
-23
16
106
158
253
286
272
387
286
235
283
226
291
251
218
183
38
-3
-148
-162
-95
-190
-113
-159
-248
-225
-290
-195
-99
27
180
132
148
77
-37
-52
-141
-132
-149
-171
-175
-296
-292
-338
-427
-360
-373
-296
-123
-47
74
122
150
160
178
328
385
502
539
385
329
169
137
200
192
315
250
182
129
13
72
85
193
209
151
161
-24
-54
-95
-158
-83
-148
-151
-198
-299
-307
-407
-419
-406
-454
-441
-517
-568
-574
-635
-568
-555
-499
-339
-342
-234
-166
-172
-36
26
184
317
419
578
583
648
665
705
817
856
969
968
973
944
835
792
709
703
645
563
482
327
252
114
1
-95
-204
-266
-398
-477
-581
-653
-655
-720
-743
-788
-814
-817
-860
-840
-838
-793
-731
-739
-718
-721
-692
-617
-587
-516
-440
-370
-253
-185
-90
31
136
317
410
512
678
735
843
891
923
974
971
1054
1043
1070
1142
1020
941
782
546
374
133
-55
-300
-517
-651
-870
-903
-884
-904
-842
-838
-822
-762
-632
-415
-240
-85
45
-31
-132
-168
-212
-78
54
202
297
160
114
-2
-95
71
240
483
590
522
391
48
-103
-116
-77
235
419
548
532
397
444
367
483
672
675
735
551
341
136
-98
-96
-185
-202
-138
-238
-277
-432
-500
-495
-617
-547
-609
-633
-566
-684
-653
-760
-800
-742
-817
-602
-453
-281
-106
-206
-168
-287
-331
-181
-109
263
418
469
572
422
521
481
515
733
734
930
870
781
755
523
493
295
185
210
80
83
-22
-139
-181
-405
-505
-564
-576
-373
-377
-304
-280
-395
-384
-532
-462
-334
-275
-145
-148
-60
8
7
49
99
198
311
318
329
342
307
286
164
147
110
87
151
167
292
296
327
340
354
517
552
625
621
550
478
322
259
237
213
178
64
-42
-128
-269
-371
-428
-434
-467
-609
-761
-895
-901
-847
-773
-705
-728
-759
-854
-923
-918
-771
-514
-321
-160
-178
-201
-178
-157
-7
171
509
794
893
916
842
900
926
913
937
902
902
671
362
148
57
167
116
59
32
-68
-186
-473
-606
-540
-412
-296
-368
-341
-275
-317
-341
-412
-292
-115
-91
-89
-172
-163
-155
-219
-160
-76
78
165
96
78
73
140
222
308
476
596
696
705
649
614
548
549
518
433
368
251
206
168
107
139
115
108
90
-17
-75
-220
-359
-457
-599
-629
-652
-627
-563
-608
-659
-712
-708
-637
-571
-456
-314
-189
-158
-226
-282
-259
-160
-73
15
93
166
207
164
125
96
94
139
194
255
275
280
302
357
418
371
289
262
291
312
242
213
291
391
379
162
-53
-114
-121
-143
-240
-281
-206
-178
-220
-277
-248
-111
-41
-31
-38
-24
50
68
58
79
128
181
170
124
57
-21
-66
-96
-57
-2
-47
-88
-123
-126
-77
-76
-35
1
16
-9
-96
-19
115
287
381
266
302
316
276
280
171
255
386
381
382
289
246
111
-131
-262
-330
-183
-111
-135
-77
-123
-86
-194
-393
-436
-542
-573
-642
-651
-489
-357
-231
-269
-275
-224
-263
-269
-381
-407
-280
-195
-53
85
200
277
187
23
-47
-13
65
182
247
312
372
352
345
363
339
277
179
73
76
83
97
167
183
215
193
113
85
-4
-46
-78
-111
0
22
14
-9
-124
-105
-106
-66
81
131
236
276
223
237
153
103
86
24
57
29
12
14
-69
-92
-126
-104
-25
-1
50
25
-15
-42
-111
-97
-105
-103
-63
-59
22
68
82
141
155
195
182
120
105
79
72
25
-28
-13
-22
-47
-129
-224
-239
-259
-229
-207
-206
-161
-183
-222
-291
-367
-338
-310
-251
-232
-242
-158
-131
-131
-176
-198
-119
-98
-53
-37
-6
95
87
127
152
135
179
173
223
245
188
193
182
193
159
80
121
187
226
184
91
83
74
69
48
9
86
140
153
131
42
58
60
24
33
50
126
120
63
72
75
92
52
39
101
67
10
-18
11
50
-7
-21
-15
-50
-93
-167
-201
-184
-163
-105
-36
-23
-65
-100
-106
-141
-183
-169
-106
-1
54
60
76
69
80
34
-46
-49
-84
-106
-92
-121
-85
-37
-70
-106
-145
-231
-324
-350
-327
-258
-190
-171
-135
-106
-146
-201
-205
-169
-89
-14
46
140
175
204
255
223
210
221
247
273
240
217
206
253
300
284
286
262
261
230
120
97
67
50
105
91
80
105
76
35
-8
-54
-85
-58
-22
-8
49
63
52
62
37
50
56
20
24
0
-12
26
11
1
13
-24
-40
-74
-170
-185
-127
-99
-97
-110
-101
-78
-94
-149
-168
-104
-60
-70
-115
-183
-137
-72
-94
-72
-46
-32
-29
-148
-216
-180
-183
-154
-90
-52
-52
-136
-195
-187
-224
-230
-181
-88
15
24
37
52
31
18
-10
3
58
93
126
135
113
156
213
193
137
145
239
253
149
97
148
203
166
141
186
239
242
181
161
146
132
127
81
98
104
125
156
96
100
76
14
2
-41
14
48
29
80
73
60
36
-49
-71
-97
-98
-92
-139
-126
-149
-174
-193
-227
-162
-132
-132
-150
-217
-216
-222
-210
-165
-123
0
58
39
33
23
55
18
-28
24
72
114
82
63
77
12
-32
-77
-60
4
-11
10
31
28
21
-39
-54
-95
-164
-187
-229
-234
-205
-155
-86
-59
-27
25
64
93
86
73
42
-19
-24
-4
33
84
91
84
76
55
67
96
110
117
116
128
121
102
116
135
147
98
62
96
104
122
120
116
154
113
80
87
64
44
-14
-37
-21
-25
10
-7
-7
0
-23
29
32
33
59
-5
-70
-127
-145
-127
-155
-151
-142
-144
-146
-168
-139
-113
-108
-91
-116
-154
-142
-130
-100
-50
-18
14
23
18
19
37
66
51
58
97
98
108
92
47
45
23
12
52
62
42
24
0
-47
-55
-34
-45
-61
-56
-28
-23
-47
-51
-31
-17
-32
-2
26
-4
-10
-35
-24
9
-16
-4
-8
-46
-48
-24
28
29
25
39
6
31
59
26
-14
-50
-37
-27
-27
16
80
114
97
89
76
29
24
26
34
62
79
115
92
83
124
90
42
-5
-6
39
15
22
49
21
-10
-65
-50
-14
-93
-108
-90
-87
-55
-80
-37
6
-15
29
40
77
85
20
50
80
118
106
43
58
17
7
41
69
91
-29
-117
-130
-155
-134
-152
-139
-113
-142
-118
-176
-236
-221
-229
-164
-130
-111
-114
-204
-176
-106
-28
18
-42
-58
-76
-92
-99
-106
-9
82
82
56
36
29
27
51
151
241
260
309
356
306
215
127
152
211
183
196
199
206
246
264
303
261
208
215
174
133
55
33
120
141
140
81
4
-45
-168
-261
-292
-252
-135
-11
68
44
-58
-121
-129
-202
-287
-312
-294
-187
-153
-171
-181
-204
-168
-193
-245
-234
-202
-106
-24
35
98
121
169
157
78
1
-84
-74
-51
-57
0
71
152
187
110
29
-10
-30
-69
-131
-111
-53
-26
0
-23
-30
-8
-25
-9
-12
-16
4
28
84
63
35
23
30
71
50
41
19
54
93
43
43
42
84
105
79
85
35
29
7
-29
-23
-63
-60
-41
-8
38
28
59
98
104
87
40
23
23
25
9
-15
16
55
86
119
131
136
127
98
37
-63
-96
-102
-127
-85
-58
-63
-68
-94
-116
-159
-173
-133
-88
-30
-47
-64
-82
-170
-204
-235
-209
-147
-88
21
58
74
74
87
87
12
26
34
24
40
20
24
-4
-10
30
20
19
10
24
55
57
117
144
126
126
95
49
-17
-97
-124
-94
-69
-8
61
95
107
96
85
19
-47
-32
20
65
82
55
33
12
-40
-58
-73
-52
15
71
132
108
50
62
37
34
8
-71
-95
-148
-170
-152
-131
-51
-9
44
63
11
16
-18
-27
4
-14
22
25
8
15
-17
5
13
16
36
6
-13
-26
-51
-61
-82
-97
-78
-58
-58
-77
-117
-138
-102
-50
16
44
21
16
-10
-31
-12
17
52
76
103
127
134
141
118
88
90
94
105
123
92
48
14
-36
-28
4
29
52
42
41
26
26
49
35
19
1
-9
-17
-49
-34
-6
35
92
52
-14
-96
-155
-118
-91
-57
-46
-65
-68
-126
-160
-174
-184
-118
-113
-90
-35
-27
56
75
19
-28
-91
-68
-53
-58
-32
-20
37
61
39
56
59
65
84
79
74
52
52
60
83
113
100
97
52
12
-5
-41
-1
9
15
47
3
23
-3
-56
-34
-87
-80
-55
-63
6
-7
-28
-9
-21
31
32
16
47
46
89
117
132
157
157
164
117
74
33
-39
-51
-56
-29
1
-30
-34
-40
-72
-67
-81
-83
-91
-135
-139
-124
-80
-37
-29
-32
-51
-72
-86
-82
-55
-37
-11
18
35
48
26
-2
-23
-38
-14
4
32
58
25
2
-18
-27
1
1
5
18
31
66
65
55
62
63
64
57
52
60
81
86
73
92
94
99
87
43
57
48
48
62
21
32
17
-11
-7
-68
-90
-105
-117
-62
-48
-26
-32
-83
-98
-128
-117
-89
-71
-44
-37
-26
-15
-17
-14
-24
-28
-25
-38
-31
-43
-32
14
16
26
13
-31
-18
-12
-2
21
32
58
42
37
40
29
40
15
7
13
14
45
43
39
20
-7
-7
-26
-9
-3
-18
-11
-24
-19
-8
-9
13
33
35
28
-3
-29
-47
-39
-10
12
45
64
55
38
27
-1
-18
-6
3
38
53
62
68
52
57
27
12
-1
-34
-18
-27
-20
-9
-25
-27
-47
-57
-70
-68
-56
-56
-38
-31
-37
-62
-68
