-47
-51
-51
-42
-37
-41
-50
-43
-47
-40
-43
-40
-36
-49
-34
-46
-28
-16
-32
-16
-22
-5
-5
-11
21
18
34
31
35
57
35
42
27
40
56
40
49
35
40
35
21
44
47
45
38
23
32
33
26
17
22
43
47
39
41
37
32
30
27
44
38
20
26
25
29
11
-2
11
7
11
-6
-15
-1
-33
-34
-35
-29
-13
-40
-28
-32
-27
-30
-45
-30
-46
-36
-52
-56
-30
-47
-40
-49
-45
-38
-48
-41
-51
-44
-35
-28
-29
-30
-29
-38
-40
-39
-31
-24
-20
-29
-35
-24
-23
-17
-16
-22
-17
-23
-12
-7
-8
-9
-10
5
13
10
18
12
19
35
38
57
51
47
61
63
94
94
85
92
82
110
112
117
116
103
111
100
113
97
78
62
41
54
24
18
10
4
-2
-15
-6
-38
-37
-50
-44
-35
-52
-36
-66
-54
-48
-54
-58
-87
-58
-68
-56
-49
-57
-41
-57
-35
-40
-42
-29
-40
-30
-31
-27
-17
-21
-21
-21
-20
-9
-15
-17
-18
-25
-19
-18
-4
0
-4
-1
-7
10
20
18
21
12
21
22
30
35
28
29
26
31
39
16
6
4
4
31
30
19
-3
-21
-4
9
17
9
4
4
-11
12
-3
-17
0
-13
4
8
-7
-12
-18
-9
-5
-1
-10
-19
-7
-18
-2
-6
-23
-6
3
8
7
7
6
22
35
36
49
36
39
52
51
59
36
25
16
12
5
-7
-15
-28
-21
-19
-24
-32
-43
-44
-46
-45
-50
-47
-44
-55
-47
-49
-45
-41
-46
-33
-31
-34
-32
-18
-24
-23
-3
2
14
11
17
19
19
19
31
30
15
26
21
33
35
21
30
29
26
36
38
31
36
40
32
46
44
45
44
35
29
32
34
20
23
15
22
20
10
11
1
8
1
0
3
-8
-7
-18
-13
-16
-17
-13
-31
-16
-20
-20
-22
-21
-11
-26
-12
-24
-12
-23
-39
-24
-45
-31
-51
-51
-38
-47
-44
-55
-54
-61
-63
-55
-53
-57
-55
-62
-46
-48
-51
-42
-27
-7
-21
-8
-5
-17
-22
-28
6
-12
-19
-9
-12
7
-24
-4
7
0
3
-2
39
28
37
33
56
83
64
95
85
111
118
98
128
138
161
137
148
167
147
145
106
136
130
102
88
84
92
35
19
15
0
-27
-58
-43
-46
-46
-69
-75
-73
-101
-82
-117
-86
-81
-107
-74
-103
-52
-79
-77
-58
-76
-27
-65
-42
-24
-35
-23
-53
-35
-20
-59
-52
-58
-60
-66
-89
-69
-80
-91
-83
-92
-69
-75
-85
-67
-70
-58
-68
-60
-42
-35
-20
-13
-17
-7
21
16
38
30
62
87
79
118
108
143
120
115
161
141
154
125
135
147
110
106
84
91
79
57
46
32
32
6
17
-5
14
2
-51
-27
-35
-9
-46
-73
-39
-30
-35
-53
-48
-15
-20
-33
-13
-28
13
-6
-14
32
39
53
-1
2
30
14
23
-16
31
33
-8
-14
-56
-40
-80
-73
-45
-30
-24
-71
-81
-96
-95
-102
-86
-45
-20
-22
-30
-22
-13
-27
-30
8
52
70
51
46
28
21
23
48
56
54
59
51
24
5
14
-24
-42
-55
9
6
-55
-48
-63
-29
-43
-44
-6
-40
-24
-10
7
29
1
70
59
62
72
73
96
85
122
152
152
73
41
57
90
66
64
39
31
0
-36
13
-8
0
-11
20
66
-29
-36
-38
-21
45
6
80
-5
-73
-63
-48
20
-119
-75
0
-58
-70
-141
-71
-70
-198
-77
-56
-95
-152
-130
-24
-100
-52
-106
-153
-125
-154
-85
-66
-101
-2
4
-91
-146
-121
-67
-53
20
20
57
36
-2
53
28
-17
47
120
120
152
152
55
75
130
129
136
19
97
165
198
177
126
173
48
92
137
151
163
153
200
205
116
-24
42
109
98
122
82
28
-71
-121
-68
-9
-49
-227
-89
-22
-95
-79
-232
-208
-128
-81
-37
-58
-92
-149
-61
-68
-130
-50
-51
-46
-86
-108
-32
-13
-145
-213
-41
-95
-104
-105
-205
-49
-94
-167
-117
-30
-68
-219
-37
-15
-14
65
-118
-6
24
11
66
1
111
-24
141
359
145
87
-44
25
146
313
419
157
165
40
62
304
304
308
107
268
338
266
250
55
195
121
153
236
202
267
-85
-159
-92
-30
-81
-144
40
-184
-186
-300
-374
-142
-348
-294
-348
-392
-264
-225
-143
-355
-301
-484
-184
33
-296
-123
-32
-87
13
9
118
211
-12
-89
153
320
193
92
-85
-5
160
113
117
131
-107
-66
-79
36
9
-101
59
-126
56
13
-120
-141
-117
48
14
137
-45
-119
218
99
151
231
82
-66
86
204
267
282
47
304
49
-63
-137
-360
55
358
725
402
-240
-355
-359
-84
-199
169
914
488
34
-180
-122
-262
-877
-33
1002
699
265
-70
-58
-333
-824
-358
131
371
528
400
123
-310
-543
-630
-454
-13
151
146
157
-124
-242
-210
-490
-396
-201
97
242
-260
-415
-216
-69
-133
-199
136
374
116
-634
-631
171
-23
-172
612
696
279
-83
-324
-184
-41
-110
273
841
337
184
168
-505
-250
158
554
451
257
127
-245
-123
-539
353
118
-413
205
-600
-9
-184
-458
-143
-516
63
-274
-222
-205
-25
12
-411
457
149
-315
-128
133
859
635
22
-75
-3
127
155
190
508
593
-42
-201
304
122
170
446
112
194
214
-236
-544
-242
-188
226
478
72
338
135
-171
-295
-272
170
143
243
260
157
18
-404
-188
-135
-174
337
356
416
214
-93
-139
-682
-398
-87
-81
-124
-172
128
-173
-263
-437
-639
-415
-168
148
-151
-423
-611
-471
62
-9
-356
-514
-192
19
-41
84
-58
-126
93
135
-34
-259
-351
-166
51
231
592
340
-113
263
688
582
-54
-187
192
511
370
-26
53
-53
161
447
675
414
-393
-163
211
414
446
442
215
-442
-436
-69
289
-88
-361
212
577
713
425
85
24
-100
-306
63
205
-69
-249
-736
-401
161
548
279
176
584
314
62
-599
-513
-599
-1071
-509
-210
56
-263
-226
-211
-575
13
364
692
231
-266
-302
-347
-246
-893
-731
-401
-22
386
1
394
160
111
339
12
264
-371
-699
-273
79
412
-132
-318
-261
-350
224
281
-66
316
557
522
451
-120
-488
-653
-499
213
693
547
-22
-219
285
373
111
231
144
157
380
658
810
51
-531
-461
127
400
-184
470
771
147
193
315
586
20
-114
186
-111
395
188
-54
-59
-409
-120
20
160
87
-34
-326
-469
-233
-634
-878
-1014
-378
10
-211
-195
-724
-677
-640
-111
524
199
-132
-437
260
648
236
72
-7
292
450
653
909
447
-252
-443
-215
202
-79
-685
-584
-361
-309
-483
-618
-786
-816
-615
-457
-318
-561
-535
-581
-545
-211
-76
123
-69
339
892
966
1114
953
921
846
887
946
473
126
342
1144
1489
1046
539
92
261
359
172
354
224
-80
-519
-756
-691
-875
-1037
-976
-290
286
406
406
154
-11
-370
-442
-209
-195
-130
-147
121
290
-27
-260
-323
-165
121
498
712
355
-220
-548
-509
-747
-859
-481
-354
-137
117
243
171
-93
-288
-345
-155
-63
82
210
214
132
-40
-98
-207
-128
-80
-13
70
46
434
457
55
-35
39
70
42
157
189
141
104
-106
-232
-189
-206
-231
-136
-28
-51
-266
-217
125
221
205
296
327
170
-37
-201
-205
-169
-177
20
337
390
99
-94
68
294
373
400
399
456
503
391
138
-69
-90
-102
-196
-255
-172
-249
-295
-152
-92
-58
-114
-141
-87
35
131
2
-124
-224
-245
-39
4
-130
-91
-20
26
94
199
287
205
82
-17
-43
28
-18
-111
-132
-104
-56
-74
-83
-84
-95
-109
-120
-68
8
51
-49
-190
-220
-219
-212
-136
-13
2
31
63
-1
-58
-68
-29
7
103
120
87
78
53
41
-20
-10
38
120
163
139
104
34
84
48
-6
36
63
55
-43
-33
-4
25
29
52
136
139
131
106
94
55
66
89
86
120
110
149
84
37
52
48
77
51
63
6
-17
18
-5
-40
-85
-97
-121
-144
-170
-133
-101
-105
-105
-165
-136
-96
-70
-33
-34
-24
-70
-93
-101
-108
-93
-117
-134
-114
-60
-17
-44
-42
2
17
1
-26
-2
-5
3
16
15
31
-11
-23
-39
-4
54
14
21
51
45
34
4
-29
13
89
111
108
74
77
65
38
52
71
142
152
174
179
145
176
166
189
186
143
117
80
79
50
47
34
7
16
4
-33
-61
-69
-61
-37
-46
-63
-53
-35
-22
-31
-6
16
85
122
66
73
48
17
19
-52
-122
-152
-167
-172
-197
-212
-234
-248
-211
-197
-166
-203
-264
-240
-190
-99
-72
-86
-119
-116
-82
-52
13
31
53
73
108
106
105
82
44
101
106
129
104
69
67
36
47
-6
-8
-3
-3
15
-28
-34
-58
-62
-37
-20
5
29
51
31
40
71
75
55
69
95
71
67
22
-22
-17
25
88
59
64
93
96
109
87
85
83
69
47
9
-3
-33
-81
-88
-66
-64
-40
14
12
-5
11
41
36
4
16
4
9
54
32
-2
-1
12
-11
-47
-31
-31
-36
-3
-1
-26
-24
-11
-34
-80
-112
-111
-118
-105
-107
-163
-178
-185
-179
-165
-165
-163
-170
-105
-5
62
78
85
107
123
136
88
38
2
28
66
44
42
9
17
48
96
125
102
101
94
109
71
11
-54
-114
-106
-131
-178
-194
-151
-56
24
79
149
181
202
174
106
86
40
69
85
102
115
31
32
24
79
126
137
208
227
259
189
84
23
-28
-13
-54
-90
-113
-89
-15
21
87
142
222
346
447
538
578
566
543
448
308
130
-99
-329
-552
-712
-866
-1004
-1147
-1348
-1449
-1504
-1537
-1510
-1518
-1467
-1349
-1247
-1129
-1047
-971
-845
-696
-496
-262
-21
233
474
681
873
1125
1375
1576
1797
1977
2147
2258
2215
2108
1918
1728
1561
1314
1070
827
576
373
219
116
62
85
156
224
296
368
415
429
432
415
334
257
182
85
5
-84
-164
-216
-220
-174
-125
-80
-70
-127
-190
-272
-390
-555
-815
-1084
-1403
-1688
-1923
-2168
-2324
-2445
-2415
-2298
-2107
-1814
-1590
-1334
-1190
-1062
-960
-936
-832
-866
-807
-710
-512
-59
386
1039
1572
2167
2845
3359
3989
4123
4124
3875
3337
2933
2022
1220
119
-985
-1672
-2539
-2854
-3482
-3861
-3980
-4214
-3762
-3793
-3431
-3239
-3172
-2518
-2402
-1641
-1340
-981
-210
162
1382
2041
3026
3976
4500
5601
6020
6840
7231
7242
7340
6768
6475
5736
4838
3826
2421
1196
-119
-1286
-2350
-3415
-4337
-5060
-5589
-5752
-5782
-5684
-5408
-5208
-4677
-4223
-3600
-2921
-2469
-1820
-1454
-789
-83
532
1279
1752
2491
3156
3781
4345
4539
4586
4392
4036
3545
2778
1695
591
-645
-1673
-2633
-3592
-4169
-4870
-5026
-5047
-4771
-4109
-3749
-2973
-2532
-1867
-1154
-694
45
185
569
800
1159
1758
1777
1968
1729
1829
2029
1974
2149
1726
1683
1546
1563
1843
1493
1517
1360
1680
2153
2027
2083
1662
1584
1398
864
515
-367
-913
-1464
-1885
-2106
-2852
-3334
-3712
-3674
-3484
-3669
-3656
-3590
-3207
-2768
-2500
-2192
-2079
-1825
-1342
-719
-71
348
863
1651
2478
3240
3846
4498
5182
5586
5940
6163
6246
6099
5579
5064
4332
3469
2610
1722
898
-109
-998
-1565
-1977
-2376
-2944
-3425
-3671
-3847
-3952
-4086
-4290
-4431
-4531
-4296
-3935
-3720
-3413
-3069
-2304
-1479
-696
224
858
1639
2182
2743
3285
3309
3409
3064
2839
2508
1916
1580
796
281
-325
-771
-895
-1270
-1327
-1610
-1647
-1594
-1568
-1329
-1408
-1336
-1319
-1098
-786
-592
-352
-238
52
309
657
884
916
856
682
712
609
489
236
12
81
172
571
1007
1524
2053
2400
2964
3412
3754
3767
3330
2861
2106
1375
510
-635
-1818
-3308
-4410
-5177
-5731
-6147
-6865
-7169
-7131
-6530
-5612
-5032
-4455
-4081
-3179
-1887
-738
215
553
1131
1995
3069
4223
4844
5440
5934
6594
7457
7982
8342
8233
7927
7528
6895
6231
5184
3926
2429
901
-377
-1528
-2487
-3548
-4468
-5181
-5499
-5466
-5488
-5449
-5537
-5295
-4838
-4355
-3881
-3702
-3259
-2744
-1957
-1131
-512
268
875
1800
2610
3335
3991
4219
4550
4469
4472
4303
3764
3211
2148
1384
524
-286
-965
-2005
-2620
-3243
-3452
-3376
-3500
-3274
-3178
-2696
-1974
-1411
-694
-358
35
406
584
806
576
279
-95
-508
-632
-813
-800
-709
-484
204
1044
2034
2807
3266
3720
4054
4273
3976
3102
1938
681
-370
-1530
-2897
-4426
-5796
-6507
-6754
-6748
-6909
-7057
-6768
-6041
-4907
-4037
-3408
-2891
-2219
-1107
-74
905
1570
2257
3206
4206
5385
6299
7150
7820
8308
8758
8942
9049
8775
8190
7283
6172
5159
4067
2968
1580
141
-1067
-2005
-2630
-3356
-4059
-4676
-5023
-5046
-5043
-5010
-5051
-4956
-4623
-4201
-3703
-3300
-2885
-2321
-1672
-912
-251
312
897
1453
2086
2606
2980
3197
3165
3086
2870
2588
2184
1515
763
-37
-714
-1254
-1855
-2455
-3050
-3460
-3560
-3538
-3434
-3349
-3182
-2756
-2191
-1497
-844
-261
352
850
1310
1652
1892
2094
2100
2053
2033
2206
2694
3192
3607
3835
4059
4553
4993
5166
4686
3688
2673
1713
895
-394
-2282
-4391
-6287
-7328
-8021
-8775
-9837
-10895
-11047
-10372
-9138
-8195
-7707
-7054
-5849
-3813
-1752
-112
1086
2255
3909
5750
7515
8723
9486
10074
10598
11160
11403
11344
10826
9948
8928
7805
6831
5709
4351
2689
924
-440
-1491
-2358
-3483
-4864
-6041
-6802
-7025
-7216
-7625
-8133
-8390
-8004
-7288
-6552
-6001
-5444
-4439
-3040
-1440
-20
1140
2320
3562
4899
6024
6722
7047
6984
6817
6457
5896
5102
3896
2568
1140
-56
-1041
-1998
-2899
-3894
-4519
-4728
-4486
-4061
-3895
-3744
-3579
-2986
-2214
-1654
-1390
-1506
-1314
-887
-294
123
162
472
1109
2339
3566
4439
5141
5728
6693
7430
7677
7153
6021
4998
3912
2791
975
-1480
-3977
-6111
-7385
-8533
-9881
-11457
-12744
-12944
-12367
-11437
-10907
-10687
-10077
-8732
-6628
-4629
-3066
-1809
-338
1788
4147
6386
8092
9462
10784
12065
13284
14054
14411
14237
13596
12649
11392
10158
8732
7091
5147
3063
1384
84
-843
-1918
-3214
-4402
-5284
-5633
-6014
-6623
-7475
-8269
-8593
-8697
-8655
-8730
-8716
-8313
-7530
-6296
-4950
-3500
-1967
-343
1472
3225
4831
6066
6881
7414
7671
7726
7388
6633
5563
4330
3144
1956
780
-405
-1533
-2417
-3017
-3277
-3352
-3373
-3366
-3324
-3068
-2638
-2118
-1689
-1431
-1220
-1046
-760
-427
21
631
1288
1990
2576
3201
3909
4654
5247
5347
5130
4787
4605
4394
3604
2043
-74
-1900
-3099
-3988
-5287
-7358
-9507
-10941
-11247
-11082
-11293
-11978
-12540
-12055
-10593
-8818
-7468
-6511
-5176
-3083
-285
2464
4785
6771
8696
10816
12770
14378
15417
15938
16053
15683
15025
14028
12757
11149
9175
7172
5359
3925
2542
870
-1011
-2791
-3965
-4701
-5470
-6620
-8078
-9203
-9731
-9806
-9960
-10475
-10953
-10951
-10147
-8939
-7823
-6894
-5920
-4372
-2294
-47
1849
3160
4158
5105
6207
7147
7596
7387
6662
5883
5173
4523
3638
2428
1126
-12
-705
-1189
-1694
-2381
-3161
-3603
-3648
-3276
-2832
-2551
-2334
-2074
-1319
-107
1402
2843
3843
4681
5494
6573
7600
7996
7621
6542
5520
4755
4042
2894
832
-1506
-3530
-4644
-5155
-5956
-7194
-8759
-9666
-9663
-9229
-8993
-9598
-10388
-10809
-10405
-9462
-8807
-8420
-8172
-7242
-5431
-3104
-618
1439
3429
5523
7916
10488
12549
13965
14487
14572
14573
14413
14046
12904
11236
9346
7690
6566
5411
4135
2450
804
-363
-1202
-1807
-2871
-4172
-5474
-6472
-6984
-7616
-8281
-9099
-9614
-9535
-9168
-8501
-7964
-7202
-6081
-4640
-2887
-1374
61
1340
2611
3931
4914
5656
5947
6006
5911
5578
5183
4514
3731
2727
1577
520
-486
-1298
-2239
-3238
-4142
-4758
-4832
-4700
-4438
-4186
-3676
-2561
-997
802
2319
3616
4930
6337
7751
8633
8869
8559
7966
7296
6357
4996
3094
896
-1129
-2770
-4123
-5536
-7144
-8621
-9575
-9884
-9851
-9963
-10322
-10654
-10556
-9944
-9204
-8677
-8373
-7878
-6826
-5267
-3487
-1755
-3
1946
4161
6572
8929
11056
12764
13988
14790
15234
15340
14948
13964
12395
10448
8399
6362
4384
2319
194
-1792
-3444
-4588
-5374
-5958
-6398
-6708
-6800
-6693
-6386
-5943
-5519
-5193
-4995
-4733
-4254
-3594
-2861
-2289
-1813
-1231
-408
638
1571
2246
2694
3102
3629
4112
4367
4196
3738
3257
2808
2295
1469
384
-777
-1848
-2801
-3736
-4595
-5342
-5843
-6033
-5835
-5125
-3977
-2542
-1061
442
2120
4008
5896
7319
8029
8129
7982
7838
7474
6429
4478
2072
-8
-1354
-2386
-3830
-5799
-7670
-8639
-8539
-7969
-7775
-8231
-8739
-8489
-7272
-5886
-5267
-5430
-5551
-4858
-3448
-2029
-1093
-416
531
2031
3973
5946
7631
9023
10291
11535
12660
13409
13631
13392
12708
11543
10006
8261
6378
4273
1855
-669
-2864
-4587
-6031
-7349
-8505
-9263
-9436
-9148
-8608
-7922
-7127
-6205
-5101
-3905
-2732
-1598
-543
405
1276
2082
2838
3587
4211
4610
4788
4795
4759
4679
4336
3564
2495
1369
304
-847
-2306
-3921
-5426
-6656
-7517
-8132
-8630
-8887
-8651
-7698
-6051
-4189
-2485
-685
1428
3759
5970
7636
8759
9537
9917
9930
9691
8973
7598
5746
3797
2173
759
-976
-3022
-4958
-6494
-7477
-8034
-8501
-9087
-9718
-10002
-9540
-8605
-7924
-7679
-7342
-6358
-4748
-3073
-1758
-614
728
2372
4328
6386
8236
9805
11128
12397
13745
14901
15561
15706
15419
14708
13613
12125
10221
7866
4928
1624
-1539
-4320
-6896
-9433
-11849
-13830
-15005
-15422
-15246
-14545
-13500
-12157
-10514
-8601
-6505
-4361
-2312
-469
1249
2841
4272
5558
6587
7358
7903
8300
8695
8980
8908
8287
7264
6110
4842
3387
1613
-375
-2452
-4546
-6494
-8256
-9735
-10794
-11204
-10865
-10106
-9192
-8096
-6537
-4491
-2348
-321
1469
3026
4357
5466
6406
6855
6599
5953
5502
5409
5089
4103
2696
1526
791
229
-386
-1208
-2174
-3181
-3926
-4201
-4346
-4743
-5322
-5564
-5273
-4717
-4165
-3676
-2983
-2135
-1169
59
1463
2932
4179
5148
6138
7318
8611
9780
10670
11164
11344
11412
11386
11189
10509
9133
7347
5535
3652
1573
-745
-3356
-5894
-8106
-9969
-11371
-12414
-13249
-13750
-13663
-13011
-11804
-10213
-8639
-7000
-5173
-3133
-883
1224
2889
4200
5414
6586
7675
8330
8228
7701
7033
6343
5543
4274
2626
1002
-440
-1831
-3076
-4128
-4885
-4953
-4602
-4150
-3603
-2997
-2161
-1110
-307
23
291
514
492
413
85
-587
-1453
-2387
-2919
-2861
-2807
-3084
-3235
-3114
-2780
-2054
-1243
-688
-482
-548
-263
477
832
398
-161
-221
149
570
652
665
1006
1667
2597
3607
4563
5509
6505
7380
8035
8457
8625
8776
8741
8239
7359
6233
5082
3962
2581
786
-827
-1957
-2868
-3659
-4622
-5583
-6109
-6221
-6070
-5730
-5416
-5411
-5275
-4885
-4456
-3958
-3649
-3462
-3223
-2714
-1943
-1010
-13
714
1472
2439
3686
4952
5687
5826
5480
5121
4706
3901
2562
785
-1099
-3026
-4584
-5806
-6912
-7462
-7237
-6487
-5456
-4357
-3073
-1124
651
1671
2734
3768
4273
4150
3577
2738
1365
-665
-2327
-2878
-3831
-5788
-7278
-7474
-6907
-6682
-6491
-5583
-4507
-3770
-2784
-761
957
1198
1211
2143
3848
4670
4454
4714
5203
5427
5553
6189
7108
7334
7110
7164
7885
8347
8509
8630
8212
7868
6777
5503
4933
3574
1554
-864
-3019
-4324
-5558
-7165
-8762
-9587
-10187
-10084
-9290
-8716
-7735
-7121
-6223
-4214
-2525
-1325
-564
441
1966
3276
4364
5317
6206
6576
7025
8043
8560
8456
7630
6621
5940
4808
3320
1455
-575
-2606
-4562
-5751
-6839
-7512
-7547
-7776
-7227
-6174
-4961
-3373
-2623
-2198
-1364
-806
-742
-811
-1130
-2097
-3325
-4582
-5156
-5188
-6214
-7147
-7131
-6891
-6149
-5330
-4189
-2746
-2261
-1792
-169
1890
2871
2956
3298
4067
5394
5922
6224
7148
7082
7367
8410
9370
10287
10354
10139
10346
10625
10183
9822
9385
7644
6122
4353
2646
1541
-1200
-4111
-6128
-7924
-8898
-9722
-10913
-11871
-12198
-12100
-10784
-9097
-8710
-8055
-7156
-5971
-3898
-2675
-1792
-792
-200
895
2859
4879
6346
7449
8222
9830
11935
12924
13174
12620
11604
10310
8932
7416
4919
1945
-1472
-4084
-5560
-7308
-8558
-8825
-8569
-8137
-6813
-5048
-3143
-1204
-1157
-602
424
-121
-395
-1371
-2987
-4806
-6969
-8329
-8659
-8874
-10538
-10789
-9740
-8968
-6953
-5971
-4651
-3171
-3281
-2132
-410
747
557
83
453
1192
2763
3143
4097
5746
6272
8374
10842
12897
14510
14888
15456
16331
16764
16051
14953
13286
10915
8707
6247
4262
1735
-1532
-4142
-6267
-7330
-8363
-9774
-10898
-11709
-11854
-11609
-10904
-10818
-11113
-11021
-10810
-9405
-8399
-8165
-7573
-6873
-5048
-2629
-113
2239
4175
6229
8449
11393
13472
14141
14252
13346
12513
11374
9443
6917
3626
423
-2256
-3540
-4775
-5837
-5356
-5323
-4236
-2284
-766
1586
2529
2460
2960
3111
2244
805
-678
-3392
-5831
-7928
-9924
-9991
-11047
-12609
-11953
-10981
-9817
-8224
-7043
-5575
-4454
-4421
-3574
-1905
-1606
-2297
-2575
-2428
-1507
-380
317
2164
3914
5167
7994
10997
13479
14897
15462
16469
17013
16969
15668
13811
11729
8536
6064
3959
1737
-610
-3134
-4592
-5067
-4754
-4795
-5032
-4978
-5240
-4693
-3917
-3926
-4807
-6416
-7622
-8065
-8032
-8548
-9523
-9742
-9121
-7401
-4692
-2027
236
2417
4567
7423
10367
11492
11424
10299
8670
7447
5395
2958
280
-2981
-5586
-6637
-6488
-5400
-3678
-2768
-879
2133
4666
7726
8948
8807
8634
7130
5562
3970
1548
-2467
-6469
-9411
-11314
-11351
-12560
-13635
-12902
-12259
-10409
-8094
-5959
-4363
-4347
-4353
-3217
-2031
-2605
-3742
-4421
-4609
-3692
-2690
-931
1652
3343
5234
8735
12596
15466
17116
17864
18419
18274
17480
16062
13585
10060
5428
2193
215
-2306
-4615
-6949
-8268
-8017
-7196
-6168
-5289
-4837
-5024
-4387
-3053
-2894
-3769
-5262
-6596
-7173
-7219
-7151
-7166
-6519
-5312
-3219
303
3848
6604
8658
10586
12473
13761
13961
12317
9719
6660
3167
27
-3171
-6409
-9429
-11478
-11712
-10222
-7612
-5406
-2969
-81
2698
6043
7940
8329
8332
6588
4223
2476
476
-2471
-5826
-8660
-10189
-9633
-8974
-8808
-7500
-6225
-4814
-2771
-1136
121
-396
-2387
-3214
-3499
-4799
-6423
-7907
-8730
-7869
-6588
-4664
-976
2318
4991
8650
12865
16464
18594
19195
19046
18174
16248
13989
11375
8099
4119
4
-2477
-3823
-5189
-6570
-7559
-7274
-6390
-5237
-4045
-3394
-3299
-3933
-3769
-3654
-4683
-5658
-7222
-7942
-7587
-7465
-6720
-5328
-3353
-1297
1779
5628
8734
11528
12932
13846
14508
13767
12252
9305
5854
2221
-1730
-4800
-7560
-10150
-12122
-12636
-11093
-8092
-5167
-2824
116
2846
5354
7192
7306
7143
5862
3211
934
-1002
-3411
-6172
-7961
-8712
-8097
-6783
-5962
-4224
-2593
-1677
-360
734
1444
694
-1558
-3408
-4242
-5284
-7118
-7853
-7967
-7433
-5531
-3687
-508
2863
5130
7944
10856
13564
14855
15023
14623
13509
12297
10138
8517
6644
3589
1221
-778
-1856
-2902
-4416
-5613
-6316
-6344
-6869
-7195
-7556
-8151
-8148
-7898
-6797
-5981
-5555
-4883
-3905
-2305
-964
714
2233
3605
5076
6240
7987
9106
9918
10222
9770
9862
9144
7901
6205
4027
1821
-733
-2774
-4899
-6502
-7568
-8846
-8309
-6644
-5457
-4092
-2811
-1688
-124
618
553
1060
614
-970
-1858
-2304
-3157
-4031
-4683
-4561
-2912
-1941
-1590
-148
593
903
1041
777
929
-410
-2889
-4339
-4965
-5569
-6218
-6187
-5459
-3720
-1699
429
4045
6951
8795
11043
12801
14326
14718
13760
12670
11227
9421
7321
5607
3830
1367
-972
-2853
-3850
-4937
-6609
-8124
-9307
-9793
-10276
-10862
-11079
-11274
-11068
-10013
-8454
-6933
-5533
-4346
-2877
-1042
340
1504
2690
4007
5255
6383
7713
9002
10304
11124
11609
12246
12309
11646
10229
8330
6097
3089
80
-2687
-5263
-7484
-9420
-9485
-8472
-8024
-6896
-5579
-3870
-1707
-983
-272
761
214
-1137
-1737
-2088
-3301
-4726
-5990
-6134
-4974
-4772
-4311
-2945
-2445
-2166
-1770
-997
-317
-1082
-2353
-2458
-1849
-2156
-2033
-916
63
1617
2995
4896
7801
9421
10340
11606
12753
13199
12914
12595
12098
11048
9737
8944
8425
7280
5263
3048
1573
-201
-2555
-4771
-7350
-9652
-11542
-13369
-14392
-14934
-15597
-15273
-13464
-11627
-9906
-8020
-6385
-4713
-3256
-2155
-1137
33
1068
2039
3583
4998
6546
8095
9285
10850
11707
11893
11737
10696
9003
6637
3840
818
-1654
-3722
-5946
-7132
-6654
-5421
-4418
-3005
-1571
-355
1046
992
729
683
-1205
-3481
-4772
-5876
-7309
-8431
-8995
-8149
-6185
-5264
-3603
-1290
-324
238
253
496
508
-1199
-2980
-3364
-3223
-3882
-3503
-1890
-389
1798
3678
6103
9321
10851
11539
12591
13399
13039
11956
11240
10573
9413
8002
7760
7779
6986
6186
4588
3359
2175
-428
-2670
-5040
-7604
-9825
-11705
-12397
-12822
-13076
-12623
-10767
-8527
-7107
-5122
-3717
-2809
-1944
-1650
-1006
-922
-893
-309
791
2425
3921
5491
6779
8398
9173
8912
9017
7591
5171
2603
-47
-2682
-5440
-7237
-8678
-9058
-7859
-5849
-3487
-1503
480
1575
2329
2717
1628
566
-1295
-3623
-5047
-6032
-6547
-7076
-6745
-5327
-3381
-1500
-392
1009
1592
713
-200
-1113
-2360
-4312
-6145
-6806
-6240
-5165
-3899
-1327
1769
4416
7044
9517
12084
13565
13299
13136
13139
12295
11034
10035
9447
8950
8520
9088
10041
9772
8813
7277
5192
3199
132
-3532
-6423
-9460
-12434
-14010
-14391
-14202
-13489
-12322
-10222
-7489
-5680
-4279
-2876
-2585
-2851
-3066
-2865
-2278
-2196
-1777
-154
2090
4362
6486
8210
9665
10391
9499
8601
7300
4176
1055
-1786
-4408
-6426
-8307
-9344
-9130
-8331
-6413
-3049
-779
678
1933
1497
1675
1185
-1300
-2433
-3320
-5113
-5632
-4640
-4255
-3673
-2336
-1439
888
2101
1271
1290
-277
-2593
-4152
-5832
-6709
-7525
-8504
-7795
-4817
-2391
-255
3201
5533
7794
9663
10195
11830
12202
11077
10901
11007
11296
11708
12016
12440
13017
12910
13060
13673
11874
9159
6434
2624
-626
-4546
-8874
-11285
-13424
-15359
-15380
-14599
-13565
-11942
-10756
-9203
-6774
-5553
-4912
-3941
-4130
-4620
-4327
-3587
-2130
-1026
-99
2378
4834
6519
8515
9538
10048
10096
8281
6664
5258
2649
-255
-2743
-4554
-6232
-7600
-8418
-8372
-7663
-6432
-3622
-1981
-1481
-658
-1157
-744
-754
-2622
-2809
-2529
-3438
-3481
-2298
-1567
-678
165
460
2075
2625
1348
672
-943
-3089
-4347
-5570
-6132
-6357
-7407
-6686
-3833
-1945
-7
2683
4869
7028
8495
9384
11302
12487
11868
11842
12583
13374
14009
13684
13509
13512
12383
11595
11686
10166
7225
4614
1447
-1913
-4954
-8476
-11062
-12681
-14518
-15368
-14569
-13145
-12065
-11164
-9701
-7773
-6274
-5455
-4697
-4431
-4889
-5146
-4701
-3162
-1582
-582
1749
4578
6489
8555
10159
10869
10889
9261
6758
4970
2482
-1423
-4119
-6059
-7889
-8404
-8894
-8567
-6973
-6021
-4571
-1774
286
955
1024
196
-256
-776
-3217
-3958
-2982
-3605
-3352
-1301
536
2007
3053
3485
4240
4435
2739
759
-1494
-4274
-6505
-8387
-8719
-8017
-8218
-6833
-3210
-437
1733
4287
6215
7774
8709
8655
9421
10513
10222
10126
11208
12960
14470
15057
16200
17081
16001
14212
12520
10374
6955
2962
-717
-4402
-7888
-10587
-12415
-13522
-13790
-13897
-13334
-11498
-10566
-10722
-9943
-9229
-9547
-9332
-9073
-8558
-7081
-6265
-4645
-1588
1282
3822
6100
8628
10179
10440
10375
9505
7799
5578
3693
1556
-525
-1647
-2982
-3507
-3440
-3948
-4196
-4381
-4729
-5300
-5825
-5885
-5234
-4659
-4949
-4888
-4365
-3165
-2042
-2237
-1173
936
1621
2145
3452
3991
3679
3404
2356
1556
1135
-439
-1815
-3320
-4736
-4643
-4679
-4464
-3947
-4346
-3494
-1108
150
718
2135
3443
4960
6545
7218
8990
10921
11523
12702
14266
15684
16170
15189
14328
13255
11060
8768
6533
3765
1656
5
-2094
-3596
-5379
-7260
-8091
-9029
-9660
-9983
-10751
-11044
-11042
-11645
-11726
-11161
-11145
-10114
-8225
-6699
-4497
-2738
-1507
622
2634
3826
4946
6138
6779
6864
6573
6004
5418
4638
3551
2284
1136
535
-110
-1268
-2101
-2950
-4385
-5630
-6754
-8157
-8776
-8407
-8345
-7033
-4147
-2196
-435
983
1833
3128
3338
3152
3457
2915
2096
1913
1443
600
569
126
-356
372
13
-814
-1018
-1856
-2567
-3096
-3549
-3855
-4433
-3939
-2252
-821
578
2467
4095
5875
8033
9075
10119
11741
12003
11904
12254
12127
11430
9875
8368
7231
5450
4110
3329
1937
1212
1080
-176
-1326
-2433
-4760
-6379
-7829
-10040
-11052
-12185
-13515
-13341
-13061
-12174
-10213
-8747
-6939
-4190
-2201
-805
718
1218
1706
2444
2298
2635
3206
3633
4586
5129
5608
6448
6715
6699
6345
4930
3457
2008
-518
-3050
-4763
-6528
-8157
-9151
-9916
-9898
-8865
-7683
-6182
-4100
-1379
1073
2174
2740
2904
2790
2324
1438
1801
2595
2758
3522
4491
4809
5074
5639
5412
4505
3393
1450
-611
-2975
-5323
-6246
-6577
-6380
-5530
-4213
-1867
302
1851
3549
4821
5233
5264
4838
4095
3957
3760
3289
3728
4594
5510
6507
7202
7876
8106
7506
6824
5752
3960
2417
848
-1216
-2943
-4500
-6119
-7375
-8472
-8988
-8902
-8855
-8640
-8613
-8657
-8219
-7792
-7389
-6696
-5819
-4936
-4103
-3385
-2375
-691
885
2244
3907
5647
7076
7816
8194
8202
7436
6626
5669
3980
2376
940
-736
-1841
-2657
-3529
-3907
-4671
-5743
-6287
-6806
-7400
-7724
-7489
-6647
-5228
-3243
-898
1483
3285
4543
5618
6525
7205
7583
7701
7612
7626
7411
6603
6113
5988
5415
4754
4371
3525
2135
362
-1859
-3544
-4535
-5204
-5447
-5695
-5881
-5891
-5742
-5280
-4588
-3663
-2941
-2531
-2133
-1402
-283
513
1412
2801
3999
4968
5699
6180
6673
7132
7178
6756
6367
5752
4569
3053
1560
684
-527
-2693
-4876
-6912
-8339
-9370
-10335
-10295
-9800
-9384
-8739
-7912
-6873
-5880
-5105
-4419
-3300
-1782
-580
499
1601
2906
4364
5500
6935
8144
8335
8137
7381
6442
5495
3884
2167
431
-1178
-2417
-3689
-4494
-4829
-4968
-4907
-4855
-4741
-4856
-4951
-4934
-4707
-3525
-1958
30
2369
4336
6523
8111
8908
9771
9991
10294
10906
11086
11366
11266
10320
9104
7846
6235
4288
2370
266
-1531
-3282
-5749
-7645
-9120
-10501
-11127
-11576
-11376
-10996
-11491
-12102
-12444
-11963
-10986
-10098
-8476
-6040
-3201
-428
2443
5486
8030
10090
11079
11432
11770
10898
9131
7239
5602
4634
3924
3638
3596
3432
2925
1625
118
-1549
-3525
-5642
-7988
-9630
-10563
-11247
-11192
-10500
-9142
-7449
-5893
-4311
-2895
-1704
-1029
-522
330
1072
2139
3201
4196
5720
6456
6674
6689
5957
5664
5378
4495
3573
2878
2749
2444
1685
914
353
-277
-1257
-1593
-1682
-1921
-2195
-2861
-2034
-345
165
1192
3195
4784
5680
5867
5286
4569
3910
3229
3789
5079
5673
6028
5901
5231
4380
3018
1689
789
-134
-1016
-1836
-3303
-5278
-7096
-8782
-9934
-10380
-10358
-9776
-9170
-8747
-8263
-7896
-7496
-7062
-6628
-5904
-4942
-3928
-2987
-1772
-286
934
2023
2983
3873
4816
5313
5446
5849
6452
6381
5803
5249
4187
2895
1577
263
-412
-692
-1046
-1411
-1457
-1497
-1955
-2530
-3165
-3450
-3401
-3394
-3095
-2632
-1914
-1137
-601
197
1188
2230
3087
3652
4164
4501
4706
4659
4684
4954
5086
5361
5433
5389
5465
4971
4322
3731
2963
2305
1728
1171
780
567
255
41
-143
-764
-1380
-1853
-2148
-1912
-1566
-1421
-1085
-753
-796
-797
-993
-1244
-1296
-1832
-2263
-2439
-2836
-3257
-3833
-4149
-4046
-3863
-3918
-4183
-4170
-4150
-3989
-3796
-3751
-3203
-2665
-2155
-1513
-1069
-524
-342
-590
-703
-500
-175
114
648
1272
2097
2840
3031
3186
3077
2555
1974
1156
285
-455
-1305
-2065
-2400
-2741
-3106
-3335
-3832
-4160
-4259
-4266
-3744
-2996
-2136
-1192
-359
378
916
1461
2140
2904
3729
4651
5667
6561
7388
8097
8773
9514
9929
10264
10563
10346
9768
8819
7577
6294
4769
3168
1864
834
-85
-726
-1090
-1459
-1885
-2583
-3370
-4057
-4935
-5821
-6500
-7079
-7573
-7835
-7844
-7590
-7127
-6669
-5970
-5042
-4270
-3579
-2899
-2208
-1451
-753
-140
371
517
266
40
-96
-295
-480
-640
-581
-372
-296
-92
244
399
428
518
703
723
259
-495
-1117
-1629
-2016
-1999
-1525
-873
-462
-291
-91
-16
-133
-244
-183
119
328
190
-93
-407
-757
-875
-506
257
1169
1839
2046
1971
1518
690
-48
-411
-248
350
1052
1759
2469
2968
3243
3690
4327
5044
5844
6299
6534
6590
6015
5291
4733
4399
4636
5179
5682
5944
5726
4941
3991
3004
1781
859
-12
-1140
-2102
-3231
-4395
-5445
-6731
-7744
-8153
-8468
-8757
-8761
-8750
-8557
-8126
-7729
-6799
-5698
-5074
-4479
-4098
-4008
-3864
-3838
-3590
-2662
-1447
-144
1284
2285
2868
3382
3511
3595
3966
4210
4241
3801
3000
2490
2165
1709
1477
1724
1905
1676
1017
113
-717
-1827
-2950
-3256
-3032
-2791
-2714
-2788
-2757
-2565
-2378
-1965
-1199
-684
-453
-234
21
566
1059
1512
2381
3306
4003
4485
4784
5062
5187
5079
5142
5470
5645
5750
6029
6437
7004
7110
6589
5989
4874
3323
2020
1058
919
1302
1424
1517
1189
-4
-1510
-3148
-4552
-5413
-6404
-7312
-7769
-8243
-8443
-8306
-7965
-7034
-6161
-5693
-5187
-5059
-5138
-5209
-5363
-4782
-3680
-2516
-1191
-156
643
1193
1231
1344
1769
2113
2264
2055
1618
1429
1275
1339
2073
2917
3584
3802
3243
2515
1543
324
-342
-602
-496
-61
122
179
78
-350
-607
-591
-480
-173
92
55
-46
-272
-458
-198
82
310
579
509
254
-143
-563
-515
-85
618
1594
2520
3185
3497
3477
3321
3171
3068
3101
3212
3242
3327
3381
3388
3522
3688
4039
4351
4265
3975
3353
2352
1226
107
-742
-1432
-2156
-2739
-3236
-3749
-4289
-4801
-5116
-5406
-5779
-6055
-6242
-6322
-6269
-5932
-5039
-3788
-2418
-955
351
1092
1188
838
303
-173
-532
-421
192
669
864
743
286
-374
-1296
-1984
-2109
-2187
-2448
-2806
-3221
-3603
-3981
-4121
-3549
-2558
-1761
-1081
-511
-37
512
1054
2111
3755
5158
6225
6925
7126
6980
6330
5523
5064
4525
3725
2987
2226
1558
988
369
224
364
197
-87
-549
-1145
-1694
-2357
-2773
-2697
-2569
-2450
-2172
-1746
-1126
-447
295
1318
2373
3201
3861
4370
4738
4906
4958
5015
4969
4709
4129
3310
2338
1183
97
-800
-1528
-2088
-2676
-3271
-3819
-4428
-4962
-5320
-5508
-5461
-5318
-5224
-5093
-4951
-4744
-4328
-3727
-2866
-1846
-1004
-393
-7
116
64
-142
-387
-447
-381
-324
-171
8
66
33
-140
-362
-524
-740
-1036
-1256
-1450
-1633
-1592
-1361
-901
-133
675
1495
2362
3002
3438
3776
3873
3895
3887
3633
3407
3194
2803
2627
2620
2680
2971
3076
2889
2556
1724
515
-690
-1906
-2900
-3544
-4050
-4251
-4217
-4263
-4158
-3783
-3243
-2462
-1608
-802
3
613
975
1365
1887
2476
3188
3918
4542
5007
5079
4843
4526
4082
3624
3224
2762
2264
1621
776
-45
-767
-1372
-1709
-1885
-2035
-2195
-2491
-2827
-3089
-3267
-3201
-2898
-2490
-2048
-1759
-1585
-1451
-1428
-1366
-1157
-804
-354
8
266
430
414
204
-94
-335
-518
-706
-975
-1225
-1406
-1707
-2045
-2257
-2303
-2190
-2115
-2009
-1741
-1558
-1531
-1449
-1148
-676
-303
-50
257
524
545
423
569
969
1362
1696
2042
2506
2726
2591
2549
2729
2945
2938
2768
2604
2279
1654
950
653
789
1056
1373
1716
2038
2012
1541
978
612
479
401
443
643
757
563
55
-475
-933
-1417
-1880
-2260
-2520
-2752
-2985
-3071
-2930
-2607
-2236
-1868
-1553
-1417
-1440
-1539
-1563
-1399
-1011
-399
331
1062
1664
2102
2410
2548
2549
2442
2228
1911
1467
979
562
286
183
240
399
524
457
111
-495
-1208
-1883
-2414
-2719
-2775
-2609
-2357
-2097
-1839
-1564
-1270
-967
-608
-190
242
595
831
970
987
914
791
718
728
807
1001
1276
1591
1908
2171
2357
2481
2520
2466
2323
2025
1561
950
260
-378
-847
-1040
-898
-471
124
741
1195
1350
1181
731
128
-501
-1090
-1529
-1820
-2035
-2191
-2315
-2417
-2506
-2594
-2666
-2699
-2725
-2759
-2767
-2755
-2691
-2575
-2406
-2151
-1835
-1442
-964
-438
138
721
1276
1803
2320
2829
3344
3829
4205
4413
4362
4034
3466
2726
1945
1221
585
64
-342
-686
-977
-1221
-1436
-1612
-1791
-1971
-2114
-2257
-2369
-2422
-2406
-2243
-1941
-1516
-928
-248
463
1139
1687
2103
2389
2541
2615
2655
2665
2660
2621
2545
2462
2363
2250
2136
1983
1760
1444
1025
537
7
-518
-978
-1359
-1649
-1836
-1924
-1903
-1796
-1608
-1364
-1111
-884
-722
-638
-623
-683
-803
-955
-1108
-1213
-1249
-1220
-1127
-1007
-909
-863
-884
-950
-1029
-1099
-1150
-1180
-1210
-1273
-1389
-1540
-1697
-1805
-1810
-1698
-1467
-1154
-816
-479
-156
159
476
808
1137
1451
1722
1900
2008
2070
2112
2158
2207
2261
2299
2289
2219
2107
1948
1734
1475
1188
914
679
516
463
510
620
758
864
873
739
476
147
-196
-495
-676
-714
-658
-583
-502
-411
-311
-189
-54
91
177
110
-134
-521
-977
-1390
-1627
-1658
-1525
-1280
-1022
-829
-684
-584
-488
-353
-239
-155
-123
-206
-386
-587
-742
-791
-705
-524
-277
-22
144
233
297
300
232
107
-65
-263
-499
-766
-924
-960
-954
-869
-746
-625
-499
-394
-259
-32
175
280
273
110
-138
-371
-540
-539
-293
96
531
920
1114
1111
912
544
239
86
68
186
383
631
892
1077
1176
1247
1295
1350
1513
1763
1987
2091
2029
1850
1587
1239
911
669
498
401
321
242
130
-12
-47
63
235
360
308
61
-282
-605
-807
-876
-917
-982
-1054
-1116
-1119
-983
-679
-229
224
535
604
325
-245
-872
-1328
-1519
-1485
-1363
-1308
-1416
-1660
-1926
-2105
-2185
-2161
-2010
-1807
-1688
-1726
-1887
-2052
-2085
-1866
-1351
-734
-311
-186
-232
-275
-204
105
691
1378
1873
2046
1950
1605
1164
940
1069
1397
1593
1480
1117
624
201
105
409
858
1161
1209
977
559
125
-91
125
656
1208
1596
1701
1560
1353
1285
1521
1987
2406
2598
2506
2145
1626
1137
872
906
1092
1223
1196
944
440
-154
-615
-883
-1051
-1235
-1456
-1755
-2173
-2551
-2741
-2722
-2563
-2373
-2191
-2084
-2048
-1962
-1727
-1378
-1014
-702
-503
-436
-495
-568
-528
-405
-250
-62
114
188
130
60
82
160
207
211
144
-89
-500
-952
-1278
-1429
-1437
-1309
-1054
-778
-599
-500
-381
-211
-46
86
221
359
438
443
456
541
667
777
884
1020
1130
1138
1073
1034
1051
1088
1156
1295
1470
1585
1546
1378
1167
953
757
615
609
721
832
844
785
758
789
829
884
997
1121
1124
926
632
417
324
302
332
444
568
535
293
35
-54
-69
-156
-295
-412
-569
-880
-1203
-1289
-1098
-824
-643
-590
-723
-1080
-1566
-1976
-2166
-2155
-2048
-2001
-2101
-2301
-2505
-2648
-2647
-2386
-1876
-1340
-1024
-959
-994
-1044
-1122
-1147
-951
-538
-131
104
230
324
371
399
539
801
1055
1268
1502
1731
1779
1575
1272
1010
824
699
661
693
741
827
960
1050
947
747
625
657
770
817
874
974
1143
1327
1342
1203
1010
972
1112
1198
1151
981
791
626
551
683
880
1048
1190
1328
1364
1039
476
66
23
199
274
225
119
-28
-196
-373
-444
-341
-83
184
218
-26
-449
-900
-1263
-1460
-1411
-1217
-1046
-1029
-1182
-1478
-1923
-2347
-2570
-2536
-2446
-2498
-2588
-2630
-2605
-2590
-2542
-2341
-2002
-1574
-1276
-1219
-1329
-1444
-1326
-945
-387
178
587
862
995
1051
1083
1158
1381
1688
1977
2095
1977
1652
1185
790
601
637
741
746
696
609
466
299
217
353
642
920
1060
1034
929
818
812
987
1282
1548
1681
1716
1709
1721
1712
1649
1626
1669
1738
1694
1485
1140
716
341
65
-90
-183
-321
-531
-791
-996
-1111
-1171
-1182
-1156
-1082
-997
-934
-925
-1012
-1158
-1252
-1155
-881
-593
-468
-508
-619
-736
-797
-807
-775
-735
-692
-636
-635
-759
-981
-1181
-1240
-1129
-950
-828
-801
-805
-747
-626
-483
-381
-367
-381
-385
-377
-363
-319
-180
73
371
562
519
265
-43
-222
-197
-62
53
70
18
-44
-112
-177
-209
-133
89
399
640
683
572
482
613
963
1354
1604
1647
1575
1540
1592
1646
1636
1567
1538
1597
1647
1562
1317
1020
854
882
948
862
555
182
-38
-61
1
3
-98
-223
-298
-347
-429
-577
-715
-758
-719
-680
-740
-907
-1107
-1220
-1211
-1121
-1040
-1042
-1092
-1142
-1159
-1139
-1106
-1048
-964
-875
-830
-852
-908
-930
-891
-798
-697
-632
-634
-692
-755
-762
-676
-540
-403
-303
-237
-154
-51
86
256
449
669
852
975
1013
964
871
780
756
793
847
854
764
628
517
484
525
553
534
476
416
388
370
359
350
362
421
508
601
679
737
815
933
1040
1076
1011
891
811
785
781
753
681
592
488
362
244
166
148
146
103
-50
-298
-530
-654
-642
-603
-640
-767
-920
-999
-1002
-987
-1033
-1116
-1158
-1162
-1208
-1380
-1603
-1705
-1595
-1368
-1228
-1292
-1480
-1596
-1515
-1274
-1015
-844
-746
-645
-523
-440
-462
-529
-483
-229
142
420
455
318
238
354
638
950
1156
1279
1390
1502
1584
1554
1420
1288
1260
1347
1430
1357
1105
796
576
535
583
590
468
264
94
-1
-49
-132
-254
-327
-265
-69
145
253
232
216
352
634
917
1021
924
769
721
861
1063
1129
1013
829
735
761
774
636
352
92
-18
-13
-62
-313
-720
-1118
-1330
-1331
-1242
-1214
-1322
-1489
-1605
-1637
-1615
-1598
-1588
-1547
-1458
-1340
-1233
-1182
-1183
-1214
-1239
-1204
-1100
-961
-850
-824
-871
-943
-971
-922
-840
-746
-648
-530
-375
-224
-127
-104
-82
36
294
611
848
943
937
947
1053
1230
1405
1514
1565
1608
1664
1712
1698
1620
1524
1465
1462
1432
1325
1147
981
934
980
1031
995
845
658
534
484
464
423
356
330
369
427
450
416
394
433
510
544
461
281
84
-53
-136
-208
-297
-404
-484
-542
-641
-817
-1062
-1267
-1365
-1397
-1425
-1548
-1707
-1819
-1804
-1650
-1477
-1346
-1302
-1302
-1281
-1248
-1200
-1168
-1132
-1044
-915
-767
-677
-656
-674
-673
-593
-498
-423
-402
-427
-404
-331
-209
-93
-15
69
174
336
515
649
713
715
735
805
908
1015
1114
1229
1350
1465
1526
1492
1415
1359
1372
1438
1505
1520
1466
1360
1208
1022
820
654
575
565
590
577
486
347
220
142
101
79
55
52
72
102
105
56
-4
-26
33
161
290
339
263
84
-134
-324
-454
-533
-579
-614
-646
-687
-768
-918
-1123
-1320
-1424
-1398
-1305
-1236
-1291
-1462
-1655
-1746
-1681
-1496
-1277
-1117
-1038
-1016
-1008
-986
-950
-871
-722
-510
-297
-168
-170
-278
-384
-398
-276
-91
35
58
-15
-96
-103
-18
145
321
459
553
602
625
667
751
918
1179
1471
1713
1862
1904
1884
1874
1918
2015
2116
2149
2066
1875
1614
1377
1219
1161
1158
1128
1047
897
692
479
283
120
3
-73
-113
-172
-301
-504
-736
-927
-1007
-965
-856
-758
-734
-791
-878
-957
-1024
-1081
-1127
-1152
-1134
-1088
-1035
-1010
-1037
-1091
-1136
-1125
-1055
-963
-892
-861
-865
-883
-885
-874
-848
-819
-759
-650
-505
-360
-260
-243
-294
-345
-337
-240
-81
70
161
166
104
34
-26
-37
-8
53
143
206
242
243
242
267
334
452
561
655
699
710
734
779
887
1034
1186
1305
1349
1339
1295
1279
1330
1424
1532
1569
1502
1340
1146
1005
938
942
934
843
666
430
194
3
-121
-179
-227
-268
-343
-465
-612
-782
-889
-927
-891
-815
-773
-787
-867
-944
-987
-973
-904
-820
-749
-728
-736
-753
-766
-744
-694
-618
-544
-494
-486
-521
-558
-572
-543
-493
-454
-449
-476
-517
-554
-560
-525
-469
-405
-358
-334
-329
-322
-297
-240
-149
-54
24
70
75
62
62
86
121
155
170
167
149
145
170
224
294
359
423
493
573
656
750
856
966
1083
1198
1320
1418
1488
1536
1545
1538
1525
1509
1485
1433
1344
1217
1065
899
736
589
469
361
244
105
-54
-223
-380
-496
-580
-637
-697
-774
-862
-952
-1020
-1061
-1061
-1036
-1004
-964
-937
-911
-887
-863
-834
-805
-773
-741
-719
-721
-740
-778
-817
-838
-852
-852
-863
-895
-923
-937
-916
-861
-792
-723
-658
-604
-541
-454
-364
-260
-150
-47
64
159
242
309
356
397
440
510
595
672
727
731
708
677
672
710
769
839
882
896
890
884
895
926
961
988
995
978
945
895
839
774
692
599
511
430
353
269
176
81
-3
-59
-86
-94
-91
-82
-71
-53
-11
42
109
169
208
233
242
254
270
276
269
241
184
109
36
-35
-98
-164
-245
-344
-451
-562
-658
-738
-801
-844
-887
-927
-964
-992
-1000
-993
-965
-931
-898
-862
-830
-792
-758
-722
-686
-654
-624
-605
-596
-592
-595
-592
-574
-550
-519
-500
-478
-458
-427
-374
-315
-235
-159
-76
9
85
165
251
340
435
532
621
705
773
831
888
941
998
1046
1078
1102
1106
1099
1093
1081
1063
1044
1006
956
904
838
769
702
637
577
520
465
402
336
269
216
170
127
102
78
55
32
0
-23
-41
-49
-44
-41
-44
-63
-104
-148
-188
-225
-248
-271
-303
-339
-394
-449
-495
-534
-550
-556
-562
-586
-620
-657
-683
-690
-679
-662
-659
-666
-691
-721
-738
-738
-714
-670
-630
-620
-628
-643
-643
-613
-555
-473
-399
-344
-307
-283
-249
-189
-107
-6
95
168
226
259
289
333
386
467
550
625
688
722
742
755
780
815
854
904
927
925
889
824
759
695
644
607
577
525
442
338
221
117
40
-1
-21
-41
-73
-122
-183
-238
-272
-268
-235
-193
-150
-138
-145
-164
-178
-166
-136
-97
-66
-59
-79
-119
-165
-200
-226
-235
-239
-249
-277
-316
-360
-411
-454
-483
-496
-486
-470
-460
-457
-467
-467
-460
-437
-395
-343
-297
-263
-238
-224
-203
-176
-127
-66
-13
38
79
112
139
169
209
256
311
352
389
414
428
452
464
493
534
574
617
627
622
621
612
605
600
592
578
559
522
469
404
334
280
230
189
142
75
2
-79
-160
-226
-274
-314
-349
-383
-425
-463
-494
-516
-517
-506
-482
-465
-461
-453
-445
-416
-376
-340
-297
-267
-243
-217
-198
-176
-154
-127
-99
-69
-59
-61
-53
-48
-38
-36
-34
-34
-36
-41
-53
-72
-84
-97
-110
-123
-141
-151
-159
-162
-156
-143
-124
-97
-62
-27
13
56
98
137
178
216
259
294
326
356
366
376
377
373
370
359
348
346
339
333
324
310
300
296
290
293
290
283
282
264
242
213
179
155
132
107
80
43
8
-27
-66
-96
-130
-154
-179
-209
-235
-260
-277
-301
-314
-330
-336
-330
-338
-343
-344
-331
-311
-290
-267
-239
-204
-170
-136
-98
-58
-20
22
54
83
112
125
138
139
129
126
105
80
52
14
-23
-63
-97
-130
-162
-194
-220
-236
-251
-263
-267
-257
-243
-223
-194
-170
-139
-101
-68
-25
17
64
106
144
179
210
243
268
288
307
328
345
356
367
370
373
380
378
377
372
360
353
348
334
314
289
267
241
213
190
157
119
81
39
-8
-58
-103
-153
-199
-247
-289
-332
-369
-396
-427
-445
-456
-460
-456
-452
-435
-420
-394
-361
-328
-289
-255
-217
-173
-135
-101
-62
-24
17
55
88
125
146
165
181
187
200
211
219
216
206
199
184
172
152
124
99
63
26
-4
-35
-62
-88
-115
-140
-152
-161
-164
-161
-156
-141
-121
-89
-62
-34
0
28
57
83
112
136
151
167
180
193
205
198
197
203
211
220
216
211
213
217
217
216
208
194
182
166
152
133
114
97
70
44
14
-19
-47
-87
-115
-144
-174
-200
-225
-244
-257
-277
-302
-313
-323
-330
-331
-342
-342
-330
-320
-300
-292
-275
-244
-209
-172
-135
-88
-46
-2
38
74
112
135
150
160
159
160
151
136
113
84
58
25
-9
-49
-83
-115
-152
-176
-194
-204
-209
-212
-210
-196
-174
-140
-94
-46
11
70
130
205
288
358
422
490
549
618
679
725
768
797
832
869
873
862
843
820
810
766
706
646
571
508
428
338
252
164
80
-8
-96
-178
-266
-343
-411
-482
-547
-607
-660
-698
-734
-776
-807
-831
-847
-846
-847
-847
-839
-821
-792
-763
-738
-708
-672
-626
-587
-548
-504
-462
-413
-366
-320
-269
-212
-151
-82
-19
43
110
169
224
268
304
337
362
373
372
366
354
329
294
251
209
170
131
97
72
58
48
35
34
42
56
71
93
113
135
154
170
199
214
236
255
274
300
319
349
372
393
423
453
482
503
515
525
530
527
511
486
454
415
369
324
265
202
143
80
29
-28
-84
-136
-188
-233
-268
-295
-322
-355
-390
-418
-441
-452
-458
-472
-484
-486
-484
-482
-487
-490
-486
-476
-453
-428
-403
-376
-352
-323
-289
-254
-219
-182
-150
-123
-97
-72
-56
-40
-23
-17
-9
-8
-14
-20
-21
-21
-24
-23
-29
-27
-20
-24
-14
-16
-18
-12
-16
-9
-4
-2
2
7
23
41
66
93
119
148
183
215
250
294
337
375
411
447
472
491
506
521
539
539
531
521
509
508
492
471
452
426
410
390
364
339
303
267
231
187
140
95
45
-3
-54
-112
-164
-219
-268
-320
-361
-397
-431
-455
-479
-496
-502
-510
-517
-523
-526
-519
-513
-508
-503
-498
-493
-485
-472
-464
-458
-448
-432
-410
-385
-362
-347
-324
-305
-295
-279
-273
-262
-251
-245
-239
-241
-232
-228
-213
-191
-168
-129
-94
-47
4
52
107
161
215
273
333
384
435
483
518
558
578
599
621
636
660
670
673
678
680
674
670
647
629
623
596
565
520
470
425
376
325
270
216
166
116
67
14
-29
-71
-109
-134
-166
-189
-215
-240
-260
-281
-290
-302
-314
-326
-336
-339
-335
-334
-332
-321
-314
-310
-302
-293
-282
-271
-250
-232
-213
-199
-189
-176
-168
-161
-146
-138
-134
-124
-125
-124
-123
-129
-125
-120
-114
-103
-97
-84
-72
-60
-52
-36
-20
-7
11
16
24
30
36
53
57
65
71
78
85
93
104
114
124
134
146
161
176
198
211
227
241
253
266
268
271
265
257
251
235
220
197
176
159
138
122
105
90
78
62
52
36
17
-6
-36
-64
-91
-112
-136
-165
-184
-196
-204
-207
-206
-198
-189
-174
-156
-137
-118
-105
-91
-85
-91
-102
-123
-138
-150
-169
-186
-204
-215
-222
-218
-197
-174
-138
-90
-41
6
50
94
130
155
171
171
165
151
128
104
81
60
40
30
22
20
30
38
56
72
91
110
125
137
138
138
132
119
108
92
82
70
54
45
28
26
24
18
19
20
29
36
43
55
62
68
76
76
73
73
63
51
41
22
6
-13
-28
-47
-65
-84
-104
-113
-121
-121
-121
-116
-114
-116
-108
-105
-100
-93
-87
-85
-85
-84
-85
-80
-71
-68
-65
-60
-53
-44
-36
-24
-19
-10
2
0
1
0
-4
-5
-16
-27
-28
-42
-47
-53
-63
-68
-73
-72
-68
-67
-58
-48
-39
-24
-6
19
37
52
66
80
95
104
116
128
135
145
152
157
162
163
159
154
156
153
152
150
141
133
121
111
99
87
78
67
52
41
32
18
15
15
9
11
5
-1
-4
-6
-4
-4
-3
-8
-13
-24
-35
-50
-71
-88
-110
-130
-149
-162
-175
-195
-207
-218
-218
-213
-201
-176
-154
-131
-109
-88
-68
-51
-33
-18
-5
6
17
33
39
38
36
30
29
29
26
24
21
20
18
17
17
12
5
-6
-13
-17
-23
-26
-31
-31
-31
-30
-31
-32
-29
-27
-22
-10
5
16
27
39
49
62
73
84
98
114
127
138
140
150
160
161
166
161
163
162
160
163
155
150
138
123
110
84
59
35
13
-15
-42
-59
-83
-102
-124
-142
-156
-169
-173
-180
-178
-174
-169
-160
-151
-137
-128
-113
-102
-90
-75
-64
-49
-43
-36
-25
-21
-13
-3
8
15
16
23
31
35
39
40
39
34
27
25
21
15
13
10
9
2
0
-3
-10
-9
-11
3
6
4
7
4
-1
3
9
12
17
19
26
32
36
42
40
41
46
51
57
65
75
82
88
88
93
93
89
87
75
71
64
55
58
49
42
32
19
7
-8
-15
-30
-43
-48
-58
-71
-87
-98
-111
-122
-129
-132
-130
-129
-123
-121
-113
-104
-103
-93
-87
-75
-62
-59
-45
-47
-46
-40
-36
-26
-26
-27
-29
-29
-31
-38
-37
-36
-35
-30
-26
-19
-12
-3
8
22
33
47
60
69
80
82
87
89
87
93
91
95
92
93
98
97
101
109
116
125
137
155
181
194
201
215
224
232
238
234
229
221
213
210
196
179
163
141
121
94
67
38
10
-14
-39
-60
-92
-128
-158
-185
-211
-234
-253
-270
-275
-287
-293
-297
-300
-295
-287
-278
-272
-261
-243
-228
-221
-209
-198
-187
-165
-156
-145
-127
-119
-102
-79
-67
-49
-33
-15
13
33
53
71
91
107
120
134
141
148
149
155
157
156
154
146
142
134
124
111
95
80
70
63
52
42
36
35
33
27
19
11
11
11
10
9
12
8
6
11
8
6
2
2
8
13
21
24
20
21
24
27
27
24
20
15
14
17
17
15
16
12
9
14
9
10
9
7
13
12
10
15
13
18
19
4
3
-6
-7
-9
-19
-25
-35
-45
-53
-63
-70
-75
-80
-87
-92
-100
-103
-103
-106
-112
-116
-117
-116
-111
-114
-111
-102
-98
-91
-89
-83
-77
-69
-61
-53
-44
-38
-29
-23
-15
-7
-4
1
8
15
25
32
38
43
44
45
49
54
61
63
71
80
80
86
96
109
124
138
150
155
159
160
164
176
179
187
191
194
193
186
178
166
155
143
131
119
107
95
80
53
21
-5
-23
-39
-54
-66
-87
-107
-125
-144
-158
-175
-185
-192
-203
-197
-197
-193
-192
-191
-185
-177
-162
-151
-133
-115
-98
-76
-68
-52
-31
-13
1
9
11
10
10
3
-3
-3
-11
-13
-19
-30
-34
-45
-49
-54
-54
-48
-43
-41
-35
-26
-15
-5
4
15
19
28
35
37
44
51
56
62
71
80
92
101
112
123
131
145
159
170
178
188
202
209
216
219
217
216
218
208
201
192
173
163
143
125
110
86
66
45
19
-6
-33
-57
-82
-107
-130
-157
-181
-206
-224
-236
-251
-262
-278
-294
-297
-304
-308
-310
-312
-298
-283
-265
-247
-237
-219
-209
-189
-166
-148
-126
-106
-81
-58
-37
-21
-1
19
35
53
70
88
102
116
130
139
151
162
171
173
168
158
151
147
142
141
130
124
126
128
127
127
125
122
125
123
127
132
132
134
135
135
134
130
128
127
128
126
117
109
99
86
76
63
49
46
35
20
5
-12
-20
-35
-52
-65
-79
-94
-99
-111
-119
-129
-139
-144
-150
-156
-157
-157
-160
-163
-168
-167
-166
-167
-164
-167
-161
-157
-154
-143
-141
-136
-129
-117
-102
-84
-70
-54
-33
-14
8
32
49
66
81
101
114
127
140
141
142
140
142
143
136
134
126
118
115
104
94
85
72
59
45
32
24
15
2
-10
-22
-28
-32
-37
-35
-38
-41
-38
-39
-39
-30
-21
-11
-5
-5
7
13
16
25
25
29
22
19
22
22
19
13
4
0
0
-2
0
-5
-6
-4
-10
-7
-9
-12
-13
-15
-8
-7
-9
-17
-20
-20
-20
-16
-21
-19
-22
-26
-19
-23
-19
-20
-19
-15
-17
-13
-13
-10
-4
-3
-6
-3
-1
1
4
2
5
6
1
4
5
6
10
10
11
12
9
2
6
10
15
20
15
12
10
4
1
4
-2
-3
-4
-11
-5
-8
-11
-14
-21
-19
-17
-21
-17
-16
-14
-10
-9
-7
-5
1
7
10
12
17
17
18
21
21
28
29
29
35
38
39
37
37
37
37
39
36
35
31
26
27
16
12
10
2
7
0
-7
-12
-20
-17
-21
-25
-29
-32
-30
-32
-31
-38
-45
-43
-43
-40
-32
-32
-26
-24
-26
-21
-21
-26
-25
-25
-30
-32
-31
-28
-32
-36
-35
-35
-33
-26
-23
-20
-18
-10
-1
4
8
8
7
4
2
7
16
25
26
28
27
29
40
46
50
54
50
49
49
48
48
53
50
48
44
43
40
35
30
23
24
19
19
20
14
19
16
12
14
16
23
23
25
26
26
24
17
13
2
-7
-10
-20
-21
-28
-34
-38
-48
-54
-60
-65
-61
-57
-63
-60
-64
-59
-55
-53
-51
-53
-46
-36
-26
-17
-9
-3
1
4
13
20
23
30
28
27
21
11
5
-2
-9
-13
-17
-23
-24
