62
59
56
47
39
36
28
27
24
18
16
10
3
-2
-4
3
10
9
11
14
10
15
11
4
2
-4
-9
-11
-15
-16
-22
-29
-27
-29
-26
-23
-26
-30
-30
-30
-33
-35
-33
-28
-23
-12
-13
-14
-11
-16
-17
-17
-15
-9
-12
-17
-16
-20
-16
-13
-14
-11
-6
-8
-12
-16
-14
-12
-15
-14
-11
-9
-5
-8
-11
-2
-2
1
7
13
19
22
28
33
32
28
27
25
29
32
30
35
37
31
27
20
18
21
21
15
8
3
-1
-2
-3
-5
-8
-14
-15
-19
-20
-17
-20
-20
-17
-15
-9
-4
0
6
7
8
11
11
6
2
-2
3
6
7
9
9
2
-2
-4
-6
-4
-1
-1
-3
-6
-13
-17
-20
-20
-19
-21
-19
-25
-26
-24
-25
-20
-17
-9
-1
4
6
7
8
10
17
26
31
32
25
17
16
10
10
10
6
6
6
11
13
9
12
17
15
13
5
2
1
-5
-9
-13
-19
-19
-14
-13
-8
-7
-10
-8
-13
-12
-8
-9
-5
-1
-5
-3
-7
-14
-13
-14
-9
-9
-11
-13
-16
-20
-22
-26
-24
-15
-8
-1
9
8
4
6
9
13
17
19
20
19
22
20
16
18
19
26
29
28
33
29
25
25
18
17
15
14
12
12
13
12
9
0
-2
-9
-11
-10
-16
-18
-23
-24
-21
-20
-20
-21
-20
-20
-21
-14
-13
-15
-18
-23
-17
-19
-22
-20
-18
-11
-8
-5
-5
-3
0
5
10
7
9
11
10
11
6
1
-5
-6
-7
-9
-6
-8
-8
-12
-16
-15
-17
-9
2
5
12
15
20
25
23
25
26
23
24
24
23
22
18
10
9
8
5
2
1
1
0
1
0
6
11
13
14
21
23
24
24
19
17
7
-1
-10
-17
-15
-14
-11
-14
-15
-13
-10
-6
-6
-4
-7
-4
-2
-4
-6
-8
-13
-13
-16
-21
-23
-26
-27
-27
-33
-35
-33
-32
-31
-30
-29
-27
-25
-23
-21
-16
-21
-16
-19
-24
-20
-23
-13
-8
-5
6
12
21
31
32
36
38
42
49
48
49
49
47
47
38
38
40
42
40
34
34
35
36
36
32
25
18
17
12
6
-1
-9
-9
-11
-8
-11
-14
-16
-23
-29
-26
-18
-18
-14
-8
-9
-3
6
9
15
12
10
1
-2
-7
-13
-7
-8
-4
-5
-14
-20
-32
-41
-51
-52
-51
-52
-48
-42
-42
-46
-43
-38
-32
-25
-23
-14
-10
-9
-6
-12
-11
-9
-10
-10
-9
-7
-5
-4
-3
-8
-5
1
5
19
25
27
31
30
38
44
53
66
75
78
72
59
41
26
22
24
29
37
36
27
20
9
-2
0
3
11
16
16
13
6
-1
-12
-15
-2
8
15
17
16
12
2
-10
-16
-22
-27
-28
-30
-33
-33
-42
-49
-54
-57
-51
-47
-40
-28
-22
-16
-7
10
21
19
20
18
20
21
18
11
-2
-5
-22
-32
-42
-62
-71
-85
-92
-95
-101
-100
-107
-107
-106
-100
-88
-77
-61
-48
-37
-20
-7
11
31
49
64
78
90
97
106
110
121
128
130
140
139
143
146
144
148
140
143
151
146
138
129
122
109
90
75
60
49
37
21
3
-14
-29
-47
-59
-71
-78
-79
-84
-82
-78
-78
-73
-75
-71
-67
-66
-62
-55
-53
-52
-50
-53
-49
-59
-65
-72
-78
-74
-80
-75
-74
-74
-70
-72
-67
-73
-69
-74
-76
-67
-83
-77
-78
-78
-62
-71
-53
-49
-39
-14
-11
22
26
40
60
51
80
78
93
110
95
112
99
102
106
90
100
82
84
80
64
64
41
47
49
44
55
40
46
42
30
38
23
31
30
26
39
30
41
28
27
39
26
39
31
35
46
29
38
17
18
21
5
13
-5
-4
-9
-23
-24
-38
-40
-54
-64
-69
-80
-88
-104
-109
-123
-128
-139
-152
-147
-165
-160
-176
-185
-173
-177
-155
-163
-155
-143
-145
-114
-114
-88
-67
-54
-10
-5
15
32
38
76
89
114
123
129
140
129
136
137
152
163
172
187
178
180
170
158
164
165
179
173
166
148
124
121
98
98
93
82
89
58
41
20
-7
-7
-23
-15
-22
-39
-45
-66
-56
-72
-76
-67
-86
-74
-86
-88
-79
-90
-75
-82
-76
-69
-72
-57
-68
-66
-71
-80
-69
-76
-69
-73
-83
-85
-95
-97
-94
-86
-86
-87
-82
-80
-71
-64
-53
-44
-35
-29
-27
-18
-10
2
9
13
11
9
12
10
3
-4
-3
-3
6
16
26
41
46
69
86
100
124
130
152
165
169
185
186
188
181
174
164
143
135
117
106
93
72
56
40
32
16
9
5
0
2
-2
-7
-17
-22
-29
-39
-46
-60
-75
-94
-114
-125
-130
-137
-142
-147
-152
-151
-150
-150
-143
-133
-123
-115
-103
-95
-90
-84
-90
-84
-78
-73
-67
-75
-71
-65
-59
-61
-67
-61
-54
-39
-26
-19
-7
2
15
30
47
62
69
75
86
106
125
138
151
164
169
182
196
200
202
200
193
184
178
175
165
149
127
110
94
79
66
53
43
26
10
2
-5
-21
-33
-46
-58
-65
-69
-69
-77
-83
-81
-85
-82
-81
-93
-102
-110
-109
-103
-101
-105
-117
-129
-139
-137
-131
-129
-125
-119
-111
-107
-100
-97
-93
-84
-72
-50
-30
-11
4
11
11
19
22
29
43
58
83
96
97
94
90
86
91
104
113
122
119
117
114
97
71
41
28
40
66
90
89
59
22
-12
-21
-4
15
35
39
28
15
6
-3
-7
-14
-16
3
13
28
22
-13
-59
-103
-105
-90
-51
-36
-37
-58
-87
-82
-88
-50
-38
-46
-35
-48
-6
24
48
47
2
-32
-49
-6
37
73
32
-15
-52
-100
-48
-54
-62
-84
-152
-143
-124
-89
-86
-110
-152
-144
-59
3
83
48
-19
-42
-46
76
169
216
209
133
69
51
105
155
213
203
160
131
94
133
132
129
106
54
80
87
104
73
-16
-108
-136
-63
11
82
4
-129
-219
-266
-139
-28
26
-11
-123
-195
-185
-101
-40
40
-23
-73
-79
-89
15
-15
-63
-74
-67
2
54
12
-58
-64
-127
22
117
110
129
-127
-146
-40
94
277
196
46
-34
-43
-19
127
120
134
141
-30
65
12
-23
31
-39
101
197
75
-71
-170
-212
77
164
95
123
-180
-139
-104
-79
141
55
-41
-131
-95
-54
94
-32
-137
45
-119
121
28
-60
112
-137
-19
-52
37
138
36
-57
-171
-16
-91
69
6
-92
33
-272
-112
-113
-104
80
-119
-36
4
-17
-29
-54
-76
53
181
51
200
62
0
105
-82
159
208
149
194
-2
-14
9
-29
4
81
30
14
-58
-208
-43
-79
-74
-55
-223
-75
-70
-56
-16
-131
-84
-67
-17
40
36
32
21
-1
41
156
191
221
135
69
145
204
248
209
162
150
171
137
86
47
30
45
-26
-31
-63
-107
-137
-207
-211
-181
-112
-169
-184
-143
-170
-128
-136
-130
-80
19
20
-37
-1
-44
-24
29
26
22
40
45
-3
57
74
24
21
-36
-56
-4
34
46
21
-16
-106
-212
-171
-118
-17
93
-39
-182
-223
-231
-62
130
94
98
32
-76
37
52
136
201
81
88
21
22
84
-40
-48
-37
-65
41
45
-37
3
-42
-44
157
204
269
255
123
204
270
392
422
260
239
213
206
311
238
86
98
-37
-107
-87
-238
-207
-239
-247
-239
-427
-404
-479
-466
-189
-176
-233
-178
-232
-201
83
10
-64
107
54
290
335
98
7
-186
60
215
180
151
-356
-537
-389
-197
-3
-54
-572
-969
-690
-485
-14
-8
-522
-644
-670
-98
273
358
247
-215
-92
265
683
936
850
429
293
658
778
1038
782
325
433
603
940
790
294
-166
-411
-16
364
365
34
-506
-966
-728
-340
-244
-214
-716
-895
-662
-335
34
-98
-302
-393
-224
241
570
529
423
337
334
763
888
791
627
318
390
544
718
578
189
-83
-371
-289
-161
-235
-427
-643
-817
-896
-812
-954
-932
-812
-747
-637
-773
-702
-683
-499
-232
-381
-181
-108
-65
175
134
189
128
68
72
264
690
730
565
101
-152
169
674
1121
954
664
318
214
556
673
913
903
699
581
410
435
255
-18
-313
-449
-201
-130
-435
-1098
-1710
-1929
-1686
-1343
-1323
-1484
-1848
-2081
-2039
-1728
-1267
-1007
-831
-812
-621
-155
289
674
927
1177
1498
1857
2078
2272
2451
2633
2830
2863
2906
2835
2671
2455
2146
1934
1810
1585
1206
718
184
-123
-445
-784
-1176
-1686
-1904
-2136
-2179
-2149
-2260
-2222
-2319
-2344
-2185
-1905
-1602
-1209
-918
-694
-274
-262
-32
308
419
936
870
622
876
737
945
1013
385
382
82
-15
240
-10
-113
-796
-1408
-1626
-739
492
781
230
-1693
-2171
-1754
-585
885
572
633
-56
-324
131
-97
46
-552
-596
35
1009
1454
170
-1346
-2728
-2146
-511
549
908
-580
-1928
-2591
-2085
-400
713
1105
432
-115
-63
780
1818
2191
2605
2501
2759
2997
3024
3331
3264
3569
3632
3562
3366
2694
2132
1490
1454
1490
1435
1636
742
-598
-1733
-2773
-2464
-1574
-1739
-2639
-3501
-4386
-4434
-3681
-3878
-3796
-3945
-4445
-3964
-3281
-2013
-1795
-2143
-2281
-2493
-848
721
1138
1391
1064
745
1619
2538
2820
3237
2795
2509
2773
2815
2775
2325
1916
1673
1684
1505
1228
623
46
-160
-615
-291
-1002
-1699
-1624
-2070
-1025
-880
-1410
-1289
-1703
-1703
-1564
-1246
-1138
-435
617
1600
3258
2486
402
-1201
-911
2620
4714
4700
2339
-137
426
1261
2234
1401
-513
-2004
-2440
-791
52
-90
-3137
-6790
-7608
-6062
-2612
-1630
-3140
-5784
-7569
-6337
-4036
-1439
-275
-779
-1587
-1522
169
2280
4237
4899
4835
5270
5717
6458
6809
6815
7024
7377
7600
7054
6129
4903
3915
3334
3058
3063
2178
779
-1087
-2510
-2245
-2410
-3010
-3978
-5474
-5715
-5666
-5947
-5929
-5608
-5476
-5248
-5254
-5853
-5180
-4267
-2865
-1148
-746
-725
-1528
-1439
33
1755
3557
3825
3055
2480
2293
2697
3802
4474
3997
3310
2171
1432
1711
1817
1899
1714
883
-423
-1399
-1648
-1182
-255
-492
-1056
-1985
-2736
-2273
-1911
-743
42
-173
-527
-960
-847
-141
626
932
1847
2585
3142
3481
2181
841
309
1031
2896
3597
2605
976
-259
-196
130
-268
-1246
-2406
-2782
-2199
-1848
-2384
-4095
-6957
-8457
-7630
-5589
-3694
-4004
-6067
-7415
-7040
-5225
-2516
-823
-332
-445
-516
815
2632
4617
5976
6415
6907
7415
7860
8150
8431
8458
8946
9223
8558
7684
6117
5105
4913
4243
3808
2700
902
618
-593
-2319
-2822
-4693
-5163
-4569
-5594
-6373
-7005
-7902
-7708
-6232
-6196
-6235
-6454
-6896
-5478
-3594
-1270
-1431
-2446
-2705
-2844
292
2937
3354
3223
2139
1679
3046
4659
4874
4986
4381
3273
3509
3064
2871
2728
2094
2008
756
816
-425
-1418
-775
-1938
-743
-1157
-2262
-2865
-3541
-2653
-2028
-313
-1867
-2336
-2641
-3060
149
648
2611
2783
1403
842
-951
908
2605
4167
4235
2316
1736
1040
1532
599
64
108
-563
314
-1066
-1891
-3045
-5428
-5830
-6491
-5068
-3981
-4514
-5509
-6900
-6584
-5702
-3756
-2785
-1886
-1160
-1335
229
1225
3037
4441
4879
5827
6083
7342
8037
8502
8770
8516
8576
8265
8360
7546
7007
5956
4257
3684
3006
2820
1856
-160
-2618
-3926
-3972
-3979
-3938
-5326
-6681
-7650
-7794
-7202
-6841
-6422
-6729
-6680
-6098
-5142
-4298
-3734
-3296
-3097
-1806
-547
563
1810
1976
2146
2623
3251
4071
4458
4679
4363
4162
4208
3443
2964
2740
2306
2131
1782
540
-619
-662
-702
-859
-582
-1357
-2144
-1804
-2699
-2585
-1723
-1626
-1210
-1846
-1913
-1337
-163
818
1468
1728
1143
658
-407
1246
3006
3502
3930
1937
1287
1256
224
198
-512
-461
142
-701
-1299
-2667
-4292
-5794
-6762
-6347
-4663
-3356
-4745
-5980
-7390
-7035
-4664
-3227
-1320
-938
-1072
-388
358
2324
4458
5617
6366
6637
6819
8037
9054
9247
9418
8766
8417
8517
7980
7523
6198
4940
4198
3608
2699
668
-1666
-3503
-3830
-3928
-4089
-5039
-6800
-7555
-8328
-8291
-8142
-8229
-7552
-7094
-6234
-5944
-5822
-5769
-5451
-3625
-1783
160
942
762
707
1454
3330
4886
5975
5606
5244
5129
5294
6389
6731
6600
4976
2953
1917
2013
2204
2027
1463
-607
-1231
-2209
-2629
-2399
-3124
-2597
-3076
-3018
-3755
-3781
-2545
-2035
-746
80
1463
-172
-1885
-1725
-301
4109
4670
2644
709
-446
1157
2542
2560
965
-1074
-1569
-1320
-661
-907
-2520
-5738
-8291
-7343
-5540
-3100
-3782
-6546
-7748
-8235
-6035
-4105
-2363
-1743
-2192
-1427
-403
1910
3612
4954
5294
5753
7368
8179
9678
9582
9232
10085
10574
11184
10591
9589
8311
7667
8071
6925
4486
1980
-333
-939
-259
-1820
-4454
-6068
-7408
-7744
-7436
-9117
-10837
-10727
-10499
-9203
-7933
-7804
-9248
-10328
-9030
-6592
-2492
-270
-1457
-2282
-1664
223
3674
5919
6027
6040
5845
6186
7079
8307
8884
8126
6709
4696
3549
3597
3737
3659
3412
2419
652
-821
-2440
-3150
-2372
-2645
-2295
-2559
-3516
-2930
-2790
-949
-542
-2635
-4114
-4412
-1166
2130
2765
1316
-431
-1020
-323
1189
1170
1034
147
-1123
-932
-1626
-2171
-4180
-6939
-7209
-6305
-4257
-4297
-6419
-7915
-8240
-7017
-5295
-3161
-2490
-2115
-1952
-1824
896
3256
5572
7091
6627
7165
8014
9328
10673
11170
11742
12002
11673
10726
9929
9668
10704
9606
6394
4566
1860
2097
2731
191
-1795
-3589
-5541
-7168
-7377
-9083
-9955
-9928
-10959
-10588
-10421
-9736
-11440
-12477
-10822
-9520
-5499
-3327
-4618
-4940
-3941
-2042
1130
3966
4110
3912
4455
5367
6952
8528
9215
7995
6834
5833
4894
5626
6043
5746
5158
4095
1912
-309
-557
-741
-111
24
-835
-1208
-2466
-981
303
-1034
-2740
-4898
-3176
681
2898
1753
-464
-1680
-2726
-451
499
179
38
-1739
-1581
-2425
-1832
-1770
-5864
-8022
-8692
-6101
-2913
-3967
-7471
-10229
-9710
-7774
-4387
-2391
-2676
-3335
-4316
-2454
332
3492
5893
5453
5830
6543
8124
10390
11225
11426
11433
12360
12292
12595
13079
10566
9175
7216
6083
7256
6281
3921
490
-1189
-2716
-3089
-3569
-6626
-7726
-9950
-9753
-9334
-9029
-8441
-11759
-12107
-12544
-11052
-6996
-5983
-5575
-5507
-5257
-4203
-1519
826
1940
3233
3484
3934
5010
6365
6911
6998
7321
5311
4592
4733
4049
5379
5592
4385
2214
-13
-1127
-473
1460
1016
-741
-2403
-428
902
-1530
-3428
-5928
-2699
1949
1698
1047
-1563
-2592
-1474
-305
695
267
-91
-1605
-2475
-2422
-1373
-1861
-5662
-7553
-7967
-5151
-3019
-4731
-5986
-7768
-7764
-5935
-3783
-1961
-1554
-1505
-1454
2
1632
3846
5694
5845
7049
7577
8480
10102
10154
10452
11207
11577
12773
12976
9767
7383
5329
5250
8038
6931
3599
15
-2662
-3126
-2043
-2975
-5819
-7773
-10001
-9423
-8510
-7644
-8918
-12738
-12359
-12003
-9365
-5460
-6313
-6675
-5115
-4234
-2653
-170
627
1433
3029
3398
4467
5776
6309
6201
4910
4653
4465
5398
6071
4205
3537
3238
2751
1634
-352
-737
4
815
-129
687
1579
-490
-2812
-6035
-4759
-226
2236
1896
-946
-2373
-3019
-1582
-847
-1651
22
-411
-225
-1784
-3059
-2649
-4569
-4312
-4340
-3467
-2130
-3978
-5883
-5800
-5071
-3944
-2569
-2194
-2636
-2566
-1876
-201
1856
3222
4396
4387
4831
5751
6564
8564
9544
9329
10141
10498
10205
12397
10841
8429
7177
3561
5614
7373
5681
2661
-535
-2315
-2904
-1602
-4500
-6776
-8037
-8222
-7417
-8126
-7518
-11429
-12378
-10807
-10650
-6242
-4460
-6127
-6537
-4963
-2989
41
2288
1854
1909
2066
3694
4902
5865
6455
3558
3045
3446
3266
4320
2993
698
-41
982
144
-525
-268
-1364
-1085
239
2446
-304
-4036
-5343
-5151
1272
3987
1687
-677
-2236
-1445
405
2508
1142
-426
-819
-799
331
684
299
-4361
-7619
-5900
-3125
734
-892
-5903
-8342
-7638
-4150
-1728
-12
-1215
-3143
-2939
-1298
2088
4370
6096
4890
4016
5502
6417
9241
10334
9542
10606
11214
12192
13333
10320
8402
7650
6027
7871
7504
3868
1103
-602
-2543
-2708
-3000
-6519
-8299
-9679
-9789
-10153
-9841
-9971
-14246
-13535
-12670
-12353
-7704
-6438
-7657
-6194
-4549
-3521
-190
3014
4396
4749
4941
5656
6241
8607
9726
7550
7097
6258
5048
6133
5686
2881
1261
1169
-372
-295
-624
-2315
-682
-693
-3588
-8659
-11128
-7490
-3253
-916
-3496
-6013
-5810
-4221
-2075
-2943
-1852
-2302
-2027
1283
1007
2055
-629
-5210
-6089
-4011
2846
5081
1931
-2562
-5498
-4572
-1125
3300
4476
4302
1384
-1511
525
3362
6869
8245
6597
5285
4235
5142
6830
7276
8747
9493
9393
9988
7049
5329
5968
4793
6532
7331
4225
1541
409
-640
61
805
-2906
-5784
-7994
-7589
-6164
-5678
-5546
-11609
-13912
-12624
-11469
-7247
-6304
-8943
-9630
-7088
-4787
-2795
-1163
-999
-122
2107
3870
4346
5371
6744
4899
4638
6093
4808
7338
7191
2993
2370
2408
4492
4989
3130
3017
2180
-957
-4071
-6139
-4871
-8
-1113
-5092
-6068
-7406
-5507
-3578
-5469
-6315
-6968
-6409
-4550
-4258
-2475
-3487
-8965
-10440
-8922
-4176
2527
1652
-3116
-4928
-5495
-3077
2510
5474
6270
5129
3349
4735
6406
9423
11699
10840
11227
10704
9575
11148
10877
10455
12627
13697
12897
8314
4556
3641
3944
6650
6606
2570
-915
-2636
-4743
-2762
-1321
-4624
-5659
-7592
-8761
-8444
-7650
-8627
-11704
-10975
-11640
-11584
-8610
-7392
-7388
-6198
-4898
-4260
-1423
-248
-697
1088
3935
5433
5355
5454
4177
3443
5430
5575
5403
6046
4001
1933
1532
3073
3829
2894
4926
4209
-874
-4853
-7803
-5378
1084
1991
-3686
-7287
-8974
-8406
-3936
-3760
-5151
-7926
-8826
-6564
-6209
-3057
-4630
-10583
-12133
-9960
-4441
872
230
-4558
-6272
-5235
-2030
3222
6465
6914
5158
4374
6658
9026
12373
14078
11793
11501
11968
12273
14025
13023
11108
12940
13257
10879
8398
4806
4424
4662
3238
2262
451
-1371
-3664
-5360
-5725
-5303
-6521
-7776
-8520
-9088
-6350
-7832
-11376
-12395
-12357
-7620
-4249
-5687
-7479
-7540
-4946
-766
2242
2840
2143
1448
3665
6112
6673
8596
7354
4600
4588
4095
4762
5293
3608
1447
1258
2809
570
627
4253
1879
-2747
-6553
-8504
-4453
1110
-881
-6341
-7127
-7942
-6493
-5404
-7023
-6478
-7251
-5441
-6945
-7807
-4662
-8610
-11288
-11268
-9054
-4239
-2526
-5105
-8158
-6526
-4457
-1533
1988
3016
3246
2682
5598
9093
11498
15109
13933
12755
13943
14243
16465
18404
17291
16324
16904
13812
11259
9772
7583
8206
6418
3902
770
-1597
-2641
-4900
-5752
-8859
-10996
-11252
-10753
-11037
-11481
-11577
-16095
-15911
-14015
-12254
-7598
-7327
-8218
-7810
-5233
-1673
1565
4749
4930
4251
5821
8304
9745
12399
12840
9335
8700
7702
6725
8421
8530
7513
6226
4466
1881
4470
6424
1391
-4157
-9034
-6181
-2232
-1547
-3620
-9316
-9693
-10881
-10714
-10524
-10640
-9312
-10367
-9146
-11985
-11378
-11224
-15476
-14513
-13020
-7192
-4411
-7138
-9098
-10404
-7230
-3685
258
3061
4139
4054
3059
6392
9378
14665
18260
16173
15517
14547
17229
20263
20174
20974
20557
17681
14231
11402
9702
11978
11554
6740
3205
99
-1311
-1188
-2485
-5955
-9055
-10189
-10494
-11341
-10652
-11784
-15956
-16274
-15958
-15322
-11404
-10207
-11277
-9823
-7841
-5049
-783
1729
1484
1017
3591
6490
8206
10040
8977
6921
8233
9163
7961
8530
8015
6298
8222
6890
5747
9404
6743
1499
-3900
-5758
-546
2316
1267
-3970
-8697
-9626
-7965
-7264
-7915
-7966
-11542
-10126
-9792
-10884
-7736
-13361
-16904
-16677
-13773
-5751
-5421
-9265
-11919
-11605
-8099
-2975
-156
-512
-61
-1037
2393
6605
9342
13655
12133
11852
13181
13988
18606
19907
19009
20297
19055
16432
15314
11939
11485
13065
10254
7702
4393
1979
1098
-25
-1608
-4728
-7276
-7874
-8085
-8556
-7095
-10091
-14138
-14638
-15912
-12881
-8907
-9105
-9643
-9785
-9029
-5882
-1047
1845
1670
1412
1722
4048
8097
9269
8277
6937
5864
5665
6671
7538
7351
8553
5230
4426
7596
5576
3108
-3261
-5836
-940
2100
578
-4417
-6660
-7524
-6728
-7315
-9365
-9409
-10066
-7547
-8526
-8874
-7705
-13307
-15323
-15316
-11929
-4761
-4169
-7913
-11088
-10714
-7659
-2840
862
1676
1153
-728
1728
4781
8940
13915
12609
12371
12442
12982
16043
16912
18478
18927
16552
14477
11744
10288
12559
11576
6786
4690
2572
1602
1891
-1465
-4956
-6596
-6852
-6471
-7280
-6711
-8630
-12677
-12737
-12284
-10012
-5892
-6516
-9187
-8959
-7073
-4024
-338
1639
1399
1376
2644
3721
5808
8489
8018
6415
6509
5567
5025
6202
6667
7489
5950
4236
5157
3001
-42
-3897
-5651
-1302
1360
-1640
-6244
-8440
-8734
-6481
-6048
-9016
-10161
-11824
-9844
-8715
-8198
-6830
-12944
-15572
-14667
-10646
-3742
-2439
-5358
-7989
-7851
-6645
-2697
1563
4396
5099
2503
3258
4859
8436
13996
14297
14276
13849
13140
15318
16676
18001
18071
15785
13251
10156
8396
10141
9814
5400
3766
1571
-626
-100
-3537
-6781
-7548
-7405
-7250
-8949
-9272
-11681
-13834
-13188
-12799
-10847
-6935
-5949
-8469
-7225
-5387
-3115
925
2309
3212
2660
3344
5679
7336
9882
9346
6232
5730
6158
7322
9245
10402
6936
4237
7763
5850
1716
-2692
-5760
-2835
574
320
-5311
-7183
-7210
-9413
-8792
-9951
-9227
-9533
-9992
-11867
-13433
-8089
-11507
-16608
-18505
-15872
-7502
-4428
-5963
-10461
-9414
-5191
-1634
2560
3946
4416
3436
6764
9648
12070
15950
14721
15027
16131
17750
19554
19334
20410
19141
17296
15403
11786
10264
10753
8618
3559
1545
32
-1771
-2586
-5140
-8025
-9835
-10125
-11232
-11705
-9987
-12322
-15062
-15401
-16175
-13054
-8211
-7170
-7808
-7522
-6532
-3607
163
4203
6310
4949
4951
4183
6074
11394
11979
10240
7983
5551
5874
9195
12364
9239
8857
8277
2000
-1059
-3655
-1498
1019
218
-4003
-9101
-7266
-8880
-9332
-9599
-10297
-9868
-13208
-11774
-14051
-10598
-8691
-16806
-18699
-18998
-12794
-7057
-7167
-9099
-10978
-8612
-6507
-1454
2905
6748
6295
3651
7299
9329
15788
19086
16936
17155
17307
20685
22257
24292
22384
19121
18059
14098
14828
15998
15525
9490
3608
1786
-222
1634
-1765
-6546
-9265
-10370
-10176
-10922
-10404
-14772
-17599
-18261
-17858
-13970
-10719
-10513
-13006
-12269
-10113
-6154
-2371
238
2224
1074
2421
3714
6653
9996
8574
6359
5064
6235
8532
12292
11821
7706
10483
9535
4250
-104
-2619
1163
3922
2577
-3033
-6757
-6881
-7345
-7329
-9194
-9920
-11490
-10991
-11060
-13267
-9778
-14089
-20314
-20989
-17858
-10780
-8715
-11172
-14212
-13422
-11169
-7050
-2194
974
3460
1331
3124
6957
10459
16602
17174
15654
16796
19993
23881
27356
25637
21884
20475
17553
18725
19511
18081
14804
9082
7095
4686
4517
3064
-1977
-6011
-6745
-5776
-6100
-5245
-11002
-16101
-16358
-16177
-12842
-10377
-9750
-11964
-13101
-11191
-7618
-3110
173
320
-314
1412
1437
3702
8333
8620
5855
2584
1806
4736
10211
9912
6987
8127
5207
694
-4368
-6079
-1202
1932
-20
-6304
-10265
-10493
-8867
-9872
-11606
-10140
-12095
-10804
-11320
-11740
-9143
-13921
-17007
-17843
-13767
-7731
-6308
-8265
-10799
-10084
-8924
-3418
265
3207
4791
2325
4868
7492
11657
14816
14463
14134
14858
17568
19530
22933
21896
18743
15865
12866
15510
18225
17873
11579
5364
3202
2928
6157
5597
901
-4329
-6656
-6644
-4724
-1712
-4784
-8993
-12287
-13662
-10139
-5607
-4364
-6404
-7577
-6669
-4542
-1731
1937
3055
4098
5345
3313
3477
6186
7665
6344
4527
3348
4549
7376
4298
4053
5719
3381
-848
-7816
-7126
-3727
-2547
-4924
-10377
-11650
-11653
-10879
-13513
-14386
-13794
-14142
-11117
-13047
-11466
-11634
-17452
-19146
-18545
-11325
-5230
-4642
-8312
-11832
-11095
-6451
1273
4721
5710
2822
1766
5452
9001
14790
16260
14814
13546
13802
16975
19796
21979
19962
17147
14643
11971
12531
14187
14384
9624
4616
2184
656
1832
628
-2810
-4288
-3597
-3255
-4311
-4728
-7022
-8847
-8236
-7272
-4972
-1959
-1672
-3718
-3766
-1156
1726
3669
5464
5669
6059
7326
6543
7326
9157
9306
6969
2549
2168
4933
8254
6659
2996
3352
711
-3623
-8946
-9293
-4128
-2394
-6406
-13038
-15096
-14450
-12556
-12525
-14845
-13701
-15371
-15253
-14727
-12916
-10241
-15254
-18914
-19810
-14234
-7520
-6124
-7337
-9775
-8993
-7118
-1909
2392
4541
5038
3301
5777
9160
13618
15859
14356
13678
14031
17256
19262
20111
18709
15292
12809
10362
10653
12336
12057
7181
2462
359
-613
125
-570
-2805
-4927
-5489
-5356
-5329
-3778
-4825
-7510
-7985
-6919
-3677
119
738
-580
671
4207
6384
7005
9047
11100
11986
12084
10247
10009
12196
12408
9090
5220
4024
5393
6836
4319
313
1269
1080
-3987
-11646
-14605
-10080
-7334
-8991
-13627
-16628
-16369
-16145
-16995
-17660
-13761
-13058
-14029
-14302
-15025
-10384
-11608
-16109
-17187
-13058
-5749
-4581
-7186
-9029
-7492
-4993
-1486
896
3386
6036
4106
4256
6264
10356
14561
14022
12101
11000
13930
17526
18194
17040
14980
12571
9939
9290
9509
10700
8331
2627
-511
-1443
-920
-1085
-2717
-4910
-6311
-6146
-5498
-4792
-4172
-5569
-8379
-7945
-5151
-866
2473
1382
901
2736
6387
8694
9434
13037
15125
14990
13385
11446
13004
15868
14933
9540
6411
6673
8091
8517
3390
1489
3234
523
-6353
-13807
-13058
-7552
-6835
-11422
-17559
-19266
-17595
-16886
-17189
-16157
-15256
-17419
-17790
-17282
-11758
-8285
-14594
-19631
-19265
-11638
-4779
-4320
-6867
-8576
-7900
-6018
-2550
567
5248
5570
2707
3109
5089
10536
13101
12136
11433
12206
14844
15888
15750
15530
15781
14032
11421
9830
9809
10272
7302
3389
1039
464
604
-265
-2703
-4622
-5118
-6078
-5587
-4577
-5114
-6519
-8287
-7772
-4998
-1957
-970
-867
444
2237
4429
5229
7745
11720
13148
12456
10142
10842
14675
16208
13401
9845
8363
8862
10258
8629
5333
5701
6770
2416
-5763
-11250
-8619
-3285
-3086
-9212
-16332
-17183
-15494
-13826
-12847
-12598
-14288
-17383
-17288
-15150
-9057
-7844
-13600
-18275
-18553
-11741
-6267
-5314
-7459
-9523
-9703
-8280
-5136
-1473
2261
600
-1719
-240
3064
7960
9967
8109
6586
8091
11475
13293
13105
13320
12827
11783
10525
8672
9045
9775
7570
4645
3276
3018
3186
2564
626
-1014
-2672
-3191
-2690
-2469
-2005
-3830
-5777
-5780
-5083
-2968
-777
274
392
658
1155
2225
6428
10766
11257
8821
6864
8566
12004
13682
11712
8507
6898
7244
7641
7479
6459
3938
5110
5186
238
-5229
-8426
-5732
-2647
-3665
-8288
-12049
-11082
-9776
-9916
-10888
-10295
-10863
-11685
-11127
-11138
-7679
-7270
-11392
-14933
-15122
-10311
-6795
-5757
-7213
-10499
-11673
-9967
-6966
-3315
-1222
-2629
-4047
-3995
-1658
2126
4927
5579
4839
4757
6040
7989
9267
11113
11313
10385
9897
8835
9403
10094
9528
7784
6518
6813
6640
6059
5130
3954
2706
1930
1092
-316
434
1141
-435
-2366
-3783
-3161
-1324
35
-216
-1302
-688
963
2470
3480
3866
3288
3197
4236
4720
5370
5560
4734
3322
1828
1613
2850
4693
4715
1280
-779
1591
2604
321
-3720
-6149
-3316
1042
856
-3158
-5574
-6113
-4656
-2808
-1740
-2117
-5279
-6532
-6369
-3882
-1659
-4883
-10336
-13656
-11306
-7684
-5680
-7414
-12145
-14828
-15011
-12056
-8745
-6753
-7718
-10689
-11088
-8917
-4896
-1496
-266
-426
122
2153
4017
5795
7283
9013
10272
11384
12245
11751
12041
11852
12152
13327
13380
13247
12164
10554
9208
8648
8316
7652
6496
4469
3451
3032
2079
301
-1583
-2517
-2063
-1073
-1435
-2503
-3643
-3714
-2835
-1754
-1459
-2435
-2646
-2641
-1655
-449
-621
-1094
-1889
-1808
-1223
-528
472
936
1008
-258
-1286
616
3418
3816
749
-2645
-1790
2639
5440
4159
1267
-187
985
2054
1295
695
71
-688
-1856
-2987
-2905
-3760
-6458
-10166
-12353
-11390
-9228
-8305
-11035
-15903
-18504
-16948
-13283
-11061
-11800
-13954
-14258
-12417
-9077
-5538
-3379
-2664
-2985
-1744
1395
5280
8577
9965
9833
10271
12288
14654
16904
16770
15425
15151
15413
16402
17195
16524
14360
12175
10532
10097
9831
8376
6239
3972
2917
1901
229
-1241
-2367
-3187
-3718
-4668
-6058
-6410
-6260
-6049
-5904
-6003
-5960
-6102
-6040
-4790
-2985
-1557
-1481
-2915
-2748
-1032
467
2023
2493
1720
831
1036
3151
5718
6102
4909
3645
3415
3663
2812
2973
3594
3487
2127
-418
-1880
-1807
-1368
-2813
-5036
-7135
-8439
-8051
-8035
-9124
-11492
-13685
-14806
-15126
-14776
-14351
-13656
-13124
-14005
-15396
-14611
-12072
-9373
-7761
-7158
-5737
-3324
-1454
3
2324
5146
7765
8908
9668
11140
12400
13865
14706
15552
17021
17418
16749
15832
15243
15373
15228
13545
11926
11300
10721
9108
6624
5220
4676
3864
1778
-1129
-2770
-2914
-2892
-3479
-4539
-5724
-6858
-7659
-7817
-6843
-4831
-3848
-4586
-5627
-5042
-2711
-611
624
678
171
341
1192
3099
5289
5920
4980
3652
3517
4120
4829
5259
3389
1542
1344
1075
410
-1508
-3978
-5680
-5935
-6345
-7580
-8729
-10816
-12030
-12448
-12542
-12334
-13025
-13180
-12903
-12099
-11091
-11414
-11684
-10275
-8023
-6125
-5702
-5793
-4224
-2036
-104
1369
2614
3958
4400
4800
6559
8646
9784
9386
8009
7827
9144
10378
10216
9280
8760
8431
7822
7092
7072
7169
6740
5014
3123
3386
4346
4837
3636
1170
-39
354
1285
1762
2092
1769
951
-101
-806
-120
1243
2402
2132
1605
1317
846
1371
2264
3307
3944
3011
1665
1820
3661
5225
5084
3530
1508
1019
2128
2695
2290
1262
249
-854
-1821
-2657
-3926
-4497
-5593
-7050
-7881
-8630
-9249
-10734
-12399
-13608
-13609
-12692
-12443
-13030
-14048
-14120
-13395
-12201
-11005
-10334
-9560
-8894
-7721
-5639
-3464
-1775
-899
425
1992
2764
4324
6261
8142
9882
9804
8997
9235
10350
11545
12029
11568
10997
10625
10280
9721
8806
7925
6801
5210
4091
3918
3373
2444
577
-1491
-1896
-1698
-1434
-1730
-2047
-2176
-2396
-2379
-2356
-1550
-2
1023
710
126
314
1872
4008
5150
4793
3428
3182
4488
6449
7471
6624
5110
4174
4285
5030
5425
4690
3432
2016
901
553
527
-150
-1780
-3614
-5252
-5863
-6066
-6425
-7446
-9389
-10960
-11913
-11630
-10897
-11043
-11673
-12304
-12570
-12167
-11074
-10053
-9275
-8553
-8271
-7653
-6233
-4799
-3364
-2232
-1239
-269
540
1637
2315
3095
4077
4400
4921
5631
6035
6380
6403
6117
6130
6188
6271
6280
5740
5342
4942
4721
4822
4171
3887
3901
3010
2139
1654
2070
3179
3326
2471
1691
1702
2118
2314
2721
3344
3697
3428
3119
3534
4127
4517
4376
4146
4642
5019
4612
4077
3766
4018
4740
4402
3107
1962
1469
1857
2032
1060
-342
-1349
-1987
-2489
-3465
-4386
-5189
-6014
-6290
-7087
-7902
-8933
-10175
-10165
-10029
-10266
-10794
-11299
-11287
-10786
-10342
-10239
-9998
-9546
-8567
-7631
-6281
-4651
-3696
-2821
-2544
-1816
274
2193
3156
3272
3396
4180
5080
5628
6011
6189
6466
6407
5762
5837
6030
5943
5526
4593
4098
3825
3649
3149
2627
2486
2022
1469
1107
1357
1613
1504
1216
851
1153
1778
2283
2440
2471
2623
3081
3783
4234
4589
4526
4394
4479
4877
5715
5875
5172
4246
3845
4196
4649
4559
3899
3178
2548
1769
933
617
626
267
-1057
-2877
-3936
-4087
-4083
-4794
-6062
-7143
-7895
-8573
-9110
-9497
-9841
-9900
-10156
-10755
-11034
-10687
-9744
-8777
-8434
-8810
-8975
-7818
-5916
-4261
-3293
-3350
-3479
-2676
-1146
591
2037
2650
2385
2341
2994
3840
4899
5846
5752
5142
4867
4913
5680
6337
5777
4759
4430
4828
4904
4551
4089
3357
2874
2595
2357
2674
2735
1667
704
846
1576
2117
1901
1581
1631
1813
2126
2209
2880
3774
3484
3033
2904
3299
4361
4668
4279
4227
4327
4258
3909
3695
4221
4586
3957
2720
1730
1910
2139
1083
-325
-1166
-1507
-1867
-2999
-4440
-5082
-5504
-6441
-7535
-8311
-8523
-8691
-9440
-10284
-10555
-10352
-9985
-9769
-9581
-9378
-9336
-8926
-7935
-6612
-5305
-4789
-4830
-4307
-3162
-1748
-523
-1
335
929
1593
2163
2602
3188
3880
4166
4075
3974
4087
4664
4983
4496
4293
4608
4818
4929
4606
4201
4367
4528
4461
4452
4624
4779
4482
4130
4033
4018
4239
4429
4335
4331
4111
3305
2931
3340
3735
3934
3519
2519
2098
2275
2480
2601
2445
2084
1654
1450
1540
1437
1361
1332
854
427
339
76
-301
-892
-1840
-2359
-2370
-2672
-3546
-4750
-5800
-6543
-6995
-7114
-7327
-7808
-8476
-9464
-9911
-9130
-8226
-7920
-8059
-8393
-8070
-7020
-5995
-5162
-4387
-3706
-3440
-3361
-2752
-1622
-279
744
785
400
498
1027
1859
2727
3024
2793
2559
2651
3106
3651
3837
3581
3419
3650
3865
3913
4041
4220
4379
4305
3793
3564
4269
5141
5245
4678
4158
4368
5171
5644
5544
5438
5404
5144
4874
5041
5480
5487
4774
3753
3243
3630
3927
3281
2260
1451
1144
1369
1254
461
-227
-579
-888
-1237
-1646
-1898
-2020
-2564
-3631
-4461
-4348
-3875
-4254
-5451
-6575
-7021
-6752
-6624
-7078
-7501
-7759
-8116
-8311
-8087
-7561
-7004
-6840
-6987
-6694
-5854
-4961
-4199
-3604
-2962
-2306
-1926
-1507
-865
-24
729
909
973
1185
1390
1579
1490
1543
1977
2274
2197
1689
1256
1286
1599
2008
2012
1778
1683
1641
1899
2158
2237
2457
2782
3217
3462
3550
3866
4253
4824
5338
5514
5812
6164
6465
6705
6869
7204
7448
7391
7024
6497
6464
6695
6448
5868
5136
4426
3951
3492
3025
2570
1958
1031
-13
-539
-711
-1176
-2059
-3183
-4070
-4439
-4725
-5295
-5932
-6563
-7290
-7970
-8391
-8389
-8360
-8626
-9108
-9599
-9516
-9080
-8749
-8479
-8250
-7929
-7552
-7108
-6576
-5773
-4685
-3825
-3378
-2965
-2210
-1355
-532
104
528
1272
2048
2444
2456
2365
2542
2930
3497
3626
3262
2988
2775
2602
2527
2499
2299
2206
2213
1905
1545
1305
1288
1531
1867
1900
1787
2063
2230
2245
2561
3177
3922
4329
4347
4353
4881
5690
5978
6042
6226
6541
6828
6624
6264
6340
6778
6848
6199
5406
4906
4787
4658
4090
3368
2787
2126
1145
97
-677
-1063
-1369
-2183
-3478
-4620
-5304
-5735
-6133
-6668
-7348
-8044
-8635
-9049
-9187
-9063
-9032
-9292
-9590
-9626
-9224
-8465
-7826
-7592
-7420
-7001
-6327
-5392
-4322
-3469
-2971
-2549
-1971
-1067
133
1011
1306
1520
1860
2256
2836
3356
3432
3356
3265
3006
2859
2892
2823
2697
2628
2341
1815
1518
1522
1638
1887
1882
1489
1444
1760
1936
2068
2172
2290
2639
3044
3203
3252
3509
3759
3871
4196
4606
4883
5025
4848
4681
5060
5662
5811
5522
5191
5049
5115
5073
4722
4358
4127
3679
3044
2521
1974
1255
423
-378
-925
-1292
-1931
-2969
-3944
-4560
-4963
-5335
-5813
-6402
-6858
-7183
-7521
-7683
-7649
-7692
-7925
-8121
-7963
-7509
-7010
-6703
-6578
-6250
-5726
-5235
-4708
-4081
-3305
-2520
-1924
-1465
-1069
-558
50
558
1071
1572
1898
2077
2155
2243
2319
2220
2211
2377
2451
2339
1976
1690
1740
1764
1540
1218
1205
1608
1918
1822
1423
1100
1357
1955
2354
2547
2590
2580
2636
2745
3016
3465
3922
4113
3941
3809
3946
4230
4560
4724
4714
4654
4499
4297
4219
4338
4426
4223
3782
3296
2877
2496
2087
1746
1454
934
125
-741
-1350
-1686
-2117
-2864
-3699
-4255
-4550
-4875
-5379
-5972
-6384
-6527
-6637
-6794
-6832
-6734
-6647
-6642
-6563
-6208
-5624
-5171
-5032
-4832
-4200
-3305
-2604
-2335
-2192
-1719
-973
-326
89
408
760
1010
1055
1135
1452
1877
2023
1746
1441
1466
1714
1800
1540
1211
1098
1133
1139
1088
1116
1199
1119
889
826
1077
1411
1524
1409
1387
1622
1873
1961
2013
2208
2497
2662
2652
2702
3037
3468
3614
3490
3424
3615
3939
4082
3969
3811
3760
3730
3588
3372
3172
2997
2757
2339
1823
1423
1199
992
570
-107
-803
-1261
-1487
-1768
-2252
-2834
-3360
-3767
-4152
-4519
-4761
-4877
-5049
-5376
-5676
-5722
-5539
-5330
-5236
-5174
-4965
-4612
-4211
-3793
-3352
-2867
-2381
-1951
-1602
-1251
-778
-204
306
550
522
465
605
924
1211
1277
1101
811
558
479
595
773
774
518
224
110
228
398
479
529
570
563
539
650
970
1230
1213
1108
1237
1616
1908
1901
1851
2088
2482
2716
2763
2859
3133
3411
3547
3650
3829
4002
4011
3910
3894
3964
3923
3694
3365
3072
2831
2530
2162
1739
1240
712
266
-66
-415
-899
-1475
-1974
-2349
-2674
-2995
-3282
-3524
-3828
-4176
-4431
-4560
-4606
-4640
-4688
-4691
-4661
-4638
-4532
-4289
-3965
-3674
-3471
-3237
-2863
-2443
-2059
-1702
-1300
-829
-475
-293
-74
308
793
1151
1221
1184
1227
1392
1611
1694
1618
1454
1286
1219
1183
1093
977
797
586
396
231
198
213
103
-110
-256
-143
97
155
34
0
250
609
763
780
957
1315
1592
1625
1676
2042
2514
2710
2610
2593
2892
3245
3336
3272
3285
3379
3380
3198
3029
2998
2919
2628
2217
1879
1648
1345
906
428
-10
-419
-854
-1274
-1621
-1965
-2389
-2789
-3075
-3251
-3418
-3668
-3863
-3913
-3902
-3943
-4054
-4057
-3846
-3575
-3414
-3381
-3306
-3041
-2661
-2289
-1967
-1709
-1507
-1301
-1033
-634
-158
220
413
415
390
541
896
1293
1480
1361
1084
887
883
1020
1153
1164
960
562
190
72
205
340
240
-33
-250
-304
-252
-184
-93
18
87
137
261
471
685
829
996
1305
1631
1807
1860
1986
2293
2614
2774
2808
2845
2968
3088
3118
3102
3059
2945
2738
2501
2332
2215
2001
1616
1132
689
410
236
-29
-480
-1048
-1515
-1723
-1786
-1923
-2228
-2590
-2825
-2897
-2899
-2899
-2903
-2918
-2945
-2967
-2933
-2823
-2683
-2580
-2507
-2400
-2226
-2025
-1875
-1785
-1678
-1473
-1169
-878
-705
-643
-560
-349
-43
231
373
426
481
579
682
745
797
854
866
771
572
404
380
434
386
160
-110
-227
-187
-152
-204
-247
-159
-14
53
74
201
507
859
1112
1314
1561
1821
2000
2149
2447
2883
3165
3082
2823
2771
3022
3276
3222
2885
2522
2281
2119
1958
1768
1484
1026
488
105
-15
-94
-408
-939
-1363
-1506
-1564
-1763
-2043
-2191
-2206
-2288
-2517
-2694
-2636
-2474
-2436
-2536
-2587
-2495
-2379
-2326
-2248
-2033
-1775
-1647
-1664
-1622
-1363
-1009
-739
-589
-462
-298
-188
-151
-44
239
588
726
568
317
243
414
643
752
691
492
207
-56
-132
1
148
65
-278
-640
-782
-710
-592
-518
-454
-404
-434
-524
-467
-95
461
882
1017
1026
1152
1487
1938
2366
2687
2824
2801
2792
2950
3223
3382
3282
3058
2917
2866
2761
2539
2290
2096
1892
1589
1223
875
564
254
-82
-397
-711
-1108
-1532
-1862
-2041
-2175
-2418
-2718
-2904
-2943
-2961
-3046
-3116
-3059
-2894
-2734
-2621
-2510
-2367
-2189
-1959
-1664
-1370
-1183
-1082
-957
-718
-396
-133
-8
19
66
220
437
601
638
577
532
543
558
536
479
392
245
45
-122
-174
-166
-281
-576
-859
-941
-862
-811
-893
-1009
-1046
-1009
-935
-773
-489
-189
-14
83
281
667
1122
1460
1703
1995
2350
2681
2930
3123
3316
3470
3564
3665
3794
3840
3677
3374
3137
3040
2938
2678
2284
1889
1529
1136
733
410
182
-81
-494
-945
-1263
-1449
-1638
-1874
-2068
-2176
-2323
-2612
-2901
-2978
-2857
-2783
-2922
-3147
-3229
-3146
-3027
-2923
-2781
-2595
-2472
-2423
-2264
-1877
-1411
-1119
-1038
-931
-635
-253
10
142
245
356
417
408
443
547
595
498
330
256
289
292
187
32
-68
-96
-87
-71
-82
-119
-180
-233
-218
-151
-49
58
148
222
279
379
550
775
1016
1224
1395
1556
1713
1883
2056
2223
2402
2575
2694
2713
2641
2588
2618
2665
2625
2471
2275
2101
1906
1673
1467
1324
1162
896
568
313
163
8
-227
-489
-686
-836
-1012
-1223
-1391
-1502
-1630
-1817
-2013
-2128
-2144
-2176
-2287
-2419
-2492
-2486
-2456
-2426
-2374
-2286
-2200
-2158
-2101
-1948
-1722
-1528
-1417
-1317
-1144
-926
-768
-688
-581
-397
-231
-171
-164
-106
7
60
12
-43
-17
41
28
-47
-81
-31
23
22
27
94
197
254
287
391
580
747
801
821
922
1101
1271
1383
1487
1604
1693
1739
1788
1922
2086
2152
2099
2008
2007
2081
2111
2065
1970
1897
1830
1715
1599
1540
1525
1455
1248
998
833
784
738
567
336
164
40
-145
-400
-580
-621
-660
-863
-1184
-1418
-1497
-1549
-1679
-1830
-1910
-1977
-2137
-2329
-2387
-2272
-2170
-2207
-2298
-2303
-2205
-2100
-2023
-1891
-1680
-1525
-1499
-1505
-1386
-1135
-910
-825
-817
-782
-723
-689
-669
-603
-494
-425
-449
-517
-509
-399
-249
-126
-40
38
131
249
394
591
813
1003
1126
1199
1301
1461
1653
1813
1878
1887
1905
1958
2025
2057
2035
1975
1913
1869
1847
1845
1832
1766
1651
1574
1588
1654
1675
1588
1478
1421
1424
1439
1409
1343
1247
1117
967
852
778
685
521
296
76
-101
-263
-438
-628
-821
-1036
-1275
-1492
-1665
-1788
-1921
-2102
-2281
-2404
-2469
-2526
-2584
-2630
-2645
-2623
-2584
-2519
-2434
-2351
-2275
-2204
-2108
-1974
-1844
-1737
-1651
-1571
-1477
-1363
-1232
-1096
-972
-867
-758
-633
-490
-330
-154
24
166
262
357
499
695
880
1010
1093
1169
1273
1384
1499
1616
1704
1759
1788
1814
1878
1950
1984
1975
1937
1900
1878
1866
1861
1853
1824
1766
1693
1633
1608
1613
1621
1597
1538
1477
1422
1391
1378
1367
1335
1235
1095
968
900
870
808
667
449
225
40
-98
-214
-356
-552
-819
-1120
-1369
-1536
-1652
-1789
-1996
-2246
-2474
-2637
-2727
-2767
-2778
-2803
-2874
-2959
-2989
-2922
-2760
-2590
-2475
-2406
-2346
-2252
-2098
-1898
-1684
-1490
-1348
-1256
-1163
-1014
-800
-562
-368
-234
-123
6
182
397
627
843
1018
1150
1263
1398
1567
1736
1877
1965
1999
2019
2030
2037
2043
2028
1985
1917
1836
1757
1690
1633
1563
1486
1413
1348
1300
1266
1240
1220
1203
1196
1188
1190
1197
1200
1208
1215
1228
1235
1220
1179
1119
1050
968
888
787
651
474
260
41
-168
-369
-573
-804
-1044
-1291
-1525
-1724
-1894
-2039
-2177
-2309
-2431
-2514
-2561
-2572
-2557
-2542
-2516
-2478
-2430
-2372
-2318
-2255
-2181
-2100
-2020
-1929
-1832
-1739
-1634
-1524
-1408
-1268
-1114
-957
-795
-621
-438
-261
-72
139
353
563
750
922
1088
1243
1373
1481
1574
1647
1695
1711
1720
1734
1734
1729
1717
1711
1701
1686
1675
1680
1702
1712
1710
1697
1675
1647
1630
1623
1610
1585
1537
1493
1463
1451
1447
1432
1404
1352
1296
1253
1210
1165
1090
968
816
653
489
320
129
-100
-358
-628
-895
-1144
-1383
-1606
-1815
-2021
-2202
-2355
-2473
-2557
-2616
-2662
-2702
-2731
-2736
-2718
-2683
-2634
-2577
-2531
-2469
-2394
-2307
-2186
-2066
-1939
-1809
-1678
-1529
-1369
-1194
-1011
-829
-647
-472
-288
-96
99
296
477
658
823
987
1150
1306
1463
1593
1718
1821
1895
1965
2019
2067
2092
2086
2062
2029
1995
1956
1912
1858
1801
1743
1684
1636
1599
1566
1526
1484
1455
1430
1397
1353
1309
1263
1206
1141
1069
998
914
811
697
570
449
306
163
27
-121
-267
-436
-596
-745
-898
-1035
-1181
-1311
-1436
-1560
-1660
-1754
-1833
-1915
-1979
-2015
-2054
-2089
-2123
-2138
-2140
-2151
-2151
-2130
-2093
-2059
-2042
-2011
-1943
-1872
-1811
-1747
-1658
-1535
-1420
-1322
-1198
-1038
-874
-725
-584
-402
-208
-38
121
293
496
683
837
981
1154
1337
1475
1599
1727
1868
1993
2075
2158
2241
2310
2337
2338
2355
2363
2351
2302
2240
2195
2137
2054
1963
1871
1783
1674
1552
1437
1345
1245
1121
993
866
763
651
524
402
273
157
26
-109
-228
-345
-465
-600
-741
-868
-979
-1092
-1213
-1329
-1423
-1505
-1596
-1689
-1766
-1812
-1851
-1909
-1966
-1999
-2005
-2015
-2045
-2067
-2059
-2048
-2050
-2049
-2027
-1969
-1916
-1884
-1841
-1769
-1666
-1571
-1474
-1349
-1210
-1069
-940
-800
-631
-462
-294
-133
37
219
401
573
729
888
1057
1223
1375
1506
1636
1769
1880
1975
2050
2128
2201
2241
2266
2274
2281
2280
2251
2211
2168
2122
2060
1991
1923
1858
1785
1706
1624
1538
1452
1361
1253
1138
1025
903
779
647
514
374
224
70
-83
-228
-371
-513
-657
-795
-923
-1047
-1172
-1294
-1396
-1494
-1588
-1675
-1764
-1832
-1888
-1931
-1963
-1994
-2013
-2020
-2022
-2010
-1988
-1957
-1922
-1890
-1848
-1793
-1735
-1672
-1601
-1535
-1464
-1389
-1316
-1233
-1149
-1059
-961
-860
-752
-639
-519
-388
-257
-121
23
169
317
473
617
762
909
1045
1181
1306
1421
1524
1605
1689
1761
1813
1859
1884
1908
1922
1920
1913
1895
1873
1849
1816
1781
1739
1691
1636
1570
1501
1426
1351
1267
1179
1083
978
872
765
655
540
425
312
204
98
-7
-110
-211
-306
-404
-498
-587
-686
-787
-884
-980
-1063
-1147
-1223
-1293
-1354
-1396
-1428
-1448
-1458
-1447
-1433
-1414
-1376
-1331
-1282
-1238
-1199
-1160
-1134
-1117
-1106
-1101
-1099
-1107
-1128
-1157
-1183
-1210
-1238
-1254
-1265
-1255
-1226
-1183
-1114
-1031
-926
-795
-644
-466
-275
-75
139
351
565
772
964
1148
1303
1444
1561
1659
1741
1798
1834
1847
1846
1831
1808
1770
1728
1677
1618
1552
1488
1431
1371
1304
1239
1176
1116
1048
979
921
861
801
733
670
608
543
484
413
341
266
184
99
8
-82
-183
-279
-379
-486
-573
-667
-757
-846
-923
-972
-1015
-1052
-1092
-1123
-1138
-1145
-1144
-1155
-1147
-1141
-1149
-1157
-1181
-1181
-1187
-1205
-1220
-1250
-1261
-1277
-1293
-1299
-1310
-1298
-1285
-1253
-1206
-1150
-1068
-987
-896
-787
-666
-521
-386
-241
-95
42
192
343
511
672
809
939
1061
1184
1300
1397
1468
1523
1569
1602
1624
1632
1620
1587
1543
1496
1441
1392
1340
1280
1219
1141
1072
1005
936
876
807
734
645
554
475
381
294
203
91
-11
-121
-208
-272
-341
-389
-454
-511
-542
-563
-555
-551
-547
-524
-507
-473
-447
-439
-424
-424
-410
-398
-406
-415
-459
-502
-536
-583
-620
-687
-757
-809
-873
-910
-932
-943
-962
-1021
-1064
-1082
-1062
-1012
-951
-874
-828
-811
-802
-792
-745
-660
-566
-491
-452
-381
-313
-242
-168
-126
-55
53
183
346
505
650
826
997
1089
1161
1311
1438
1455
1418
1374
1337
1331
1336
1334
1325
1240
1071
927
889
840
777
1063
1477
1184
-50
-1294
-1371
-274
869
1125
529
-22
208
803
877
-111
-1554
-2101
-1163
432
1246
135
-2040
-3251
-2807
-1187
705
1546
729
-305
-224
278
272
-133
-633
-526
553
1451
1573
1733
1649
332
-982
-710
246
856
976
258
-619
-571
-602
-1819
-2991
-3082
-2378
-1216
-506
-829
-1315
-1720
-2920
-4021
-3291
-1387
178
910
730
2
-764
-1541
-1832
-727
1209
2635
3184
2743
1297
-133
-430
301
1542
2719
3005
2417
1582
699
-70
-321
-116
396
1359
2115
1710
437
-823
-1585
-1529
-739
190
927
1327
913
-175
-999
-1217
-928
-98
944
1653
1764
1248
326
-279
-181
202
741
1550
2056
1697
725
-295
-913
-893
-451
-31
262
311
-289
-1313
-2038
-2202
-1908
-1356
-854
-649
-713
-972
-1455
-1905
-1971
-1550
-650
306
660
289
-375
-820
-832
-447
100
616
1061
1179
827
325
-72
-261
-202
80
586
1121
1251
729
-70
-493
-400
-46
309
496
465
211
-202
-587
-706
-529
-263
-19
111
-39
-392
-622
-508
-96
416
800
960
922
715
458
362
544
883
1132
1134
928
692
442
123
-158
-264
-68
238
257
-63
-547
-973
-1180
-1008
-475
-75
-118
-454
-650
-411
-146
-133
-149
59
528
809
663
278
-17
106
479
898
1160
992
632
306
95
0
-46
63
207
308
254
-187
-705
-1025
-1043
-750
-476
-415
-606
-781
-808
-928
-1077
-1162
-1045
-673
-374
-288
-387
-453
-387
-336
-217
-104
3
161
206
165
103
125
230
317
339
190
-1
5
154
306
321
182
24
-96
-96
10
109
177
193
306
643
923
807
335
67
418
1015
1342
1190
842
710
701
618
445
404
591
746
745
541
212
-62
-268
-378
-361
-168
116
168
-95
-550
-928
-962
-724
-432
-262
-210
-211
-342
-571
-787
-856
-667
-300
23
122
-31
-385
-756
-867
-672
-339
-53
34
-94
-329
-546
-657
-620
-379
-12
262
278
-47
-486
-687
-616
-383
-87
178
276
82
-331
-715
-773
-529
-267
-79
119
309
330
122
-139
-200
37
451
872
1205
1351
1212
933
842
1060
1408
1585
1480
1283
1210
1247
1196
960
663
478
482
550
468
207
-103
-294
-338
-359
-426
-501
-519
-545
-636
-730
-735
-649
-583
-599
-666
-740
-800
-808
-687
-427
-246
-366
-708
-954
-881
-632
-492
-535
-597
-561
-463
-409
-443
-562
-717
-716
-375
178
531
399
-12
-253
-119
213
463
571
626
639
551
364
161
34
4
83
223
314
260
25
-258
-439
-468
-378
-231
-89
1
26
6
-21
-44
-47
22
197
444
652
740
747
710
639
546
499
601
811
936
858
654
529
555
612
568
433
351
403
508
475
253
17
-37
86
166
42
-219
-422
-465
-422
-408
-443
-513
-599
-704
-765
-725
-609
-475
-415
-433
-454
-420
-299
-142
-22
5
-47
-72
-14
97
154
92
-20
-86
-81
-98
-199
-280
-259
-176
-180
-328
-481
-524
-467
-445
-498
-536
-515
-472
-465
-478
-468
-447
-483
-558
-566
-421
-183
-8
3
-114
-214
-191
-42
127
238
298
366
471
539
479
293
167
273
575
851
879
671
441
358
456
601
661
628
555
544
634
780
873
806
641
556
638
793
852
753
605
504
438
368
270
167
71
-54
-204
-308
-351
-408
-530
-657
-685
-616
-563
-604
-697
-731
-641
-491
-402
-383
-378
-357
-321
-311
-292
-228
-144
-89
-91
-126
-170
-249
-324
-311
-185
-54
-87
-281
-472
-506
-409
-337
-350
-393
-403
-395
-397
-394
-356
-294
-274
-277
-235
-158
-82
-75
-103
-87
20
189
327
398
357
256
209
301
556
790
846
692
460
375
466
665
827
856
759
585
464
460
497
472
372
314
398
545
553
312
-8
-168
-71
169
304
233
49
-83
-79
-18
-26
-105
-165
-99
60
131
32
-182
-329
-312
-235
-221
-298
-365
-364
-331
-353
-481
-624
-686
-637
-530
-454
-462
-561
-660
-694
-638
-502
-368
-289
-302
-380
-430
-402
-277
-131
-43
-30
-54
-47
-16
23
39
62
127
196
232
210
167
141
137
149
181
237
268
235
159
113
138
189
233
266
318
383
389
346
302
317
384
440
465
454
422
356
257
158
115
144
167
123
11
-126
-213
-225
-182
-129
-102
-99
-108
-101
-68
-5
49
64
75
135
231
270
193
56
-7
53
152
181
111
21
-36
-60
-62
-58
-73
-116
-149
-131
-67
-34
-92
-219
-308
-297
-242
-219
-248
-278
-274
-300
-397
-519
-577
-517
-415
-366
-371
-416
-471
-501
-501
-454
-385
-317
-247
-173
-108
-93
-120
-129
-52
100
239
309
331
350
376
392
401
433
511
593
624
593
529
490
476
473
456
420
394
373
363
335
269
185
126
123
157
176
157
148
188
248
245
155
51
29
121
250
314
266
158
73
42
20
-34
-103
-119
-66
-15
-44
-176
-336
-441
-453
-410
-360
-320
-300
-320
-385
-468
-518
-476
-355
-232
-156
-157
-195
-214
-202
-181
-177
-182
-155
-94
-51
-85
-193
-301
-329
-289
-236
-208
-233
-272
-283
-270
-245
-215
-180
-134
-80
-16
27
39
42
38
52
80
124
183
241
283
293
279
260
253
277
323
372
399
398
385
367
350
323
291
284
300
318
319
283
232
200
199
222
231
222
199
160
129
123
140
170
177
149
95
52
35
40
35
1
-43
-77
-107
-129
-165
-200
-222
-233
-236
-253
-269
-275
-266
-250
-238
-243
-255
-258
-258
-240
-206
-173
-146
-142
-167
-198
-220
-202
-154
-101
-58
-47
-66
-90
-111
-120
-105
-83
-48
-15
4
5
-26
-51
-59
-49
-27
0
35
55
64
49
21
9
10
24
33
39
48
55
50
44
43
54
75
83
94
112
146
177
177
163
157
162
163
156
162
182
201
187
147
120
113
112
107
98
104
118
112
84
63
69
68
63
60
62
67
53
26
11
18
32
39
23
-4
-30
-42
-48
-59
-68
-92
-112
-125
-140
-146
-163
-191
-234
-273
-286
-265
-240
-248
-291
-347
-388
-400
-386
-360
-346
-351
-368
-386
-384
-367
-339
-304
-285
-260
-220
-164
-98
-54
-45
-51
-39
10
91
170
229
266
278
278
279
290
313
345
377
415
458
482
465
419
362
334
348
403
476
516
497
428
344
287
278
303
331
348
336
302
255
199
155
113
89
91
110
126
103
42
-36
-97
-126
-115
-92
-93
-126
-196
-263
-308
-328
-330
-340
-361
-397
-425
-442
-459
-474
-484
-488
-481
-458
-419
-387
-377
-388
-404
-388
-326
-244
-168
-122
-106
-101
-92
-67
-27
17
66
120
159
184
186
161
139
134
165
233
288
310
285
227
169
138
152
203
246
268
256
216
169
127
119
132
164
195
202
192
153
106
76
62
74
99
118
119
89
53
22
11
16
23
29
20
3
-16
-36
-42
-27
-5
13
15
1
-17
-33
-39
-27
-3
10
11
-12
-49
-83
-113
-132
-136
-136
-127
-121
-133
-154
-186
-214
-220
-197
-147
-105
-81
-89
-115
-123
-113
-81
-39
0
24
21
14
8
7
20
45
75
95
95
81
56
36
33
49
70
74
63
35
1
-8
-1
15
31
29
10
-14
-32
-26
-18
-11
-3
-12
-13
-14
-22
-16
-11
0
14
29
40
52
73
88
98
92
83
85
95
114
118
106
80
46
19
7
1
-3
4
4
0
-10
-32
-52
-61
-58
-42
-25
-18
-30
-53
-66
-68
-62
-49
-32
-15
-1
4
1
-3
-12
-10
2
14
27
21
9
-9
-28
-37
-48
-58
-69
-72
-66
-59
-50
-49
-45
-32
-5
23
45
50
41
44
48
50
39
21
10
-2
-10
-23
-42
-71
-93
-89
-78
-55
-33
-30
-29
-29
-29
-21
-12
-6
9
29
45
49
39
34
40
55
78
94
103
100
93
88
92
100
107
111
110
102
82
57
28
8
-5
-13
-11
-13
-16
-25
-38
-43
-45
-37
-30
-22
-22
-28
-33
-36
-35
-41
-41
-41
-41
-38
-45
-52
-58
-55
-46
-45
-35
-34
-42
-42
-50
-54
-53
-46
-45
-38
-19
-12
-5
-4
-4
6
17
28
36
40
31
20
12
9
7
5
3
-6
-13
-24
-28
-31
-35
-31
-28
-18
-2
0
7
7
9
12
10
16
24
35
41
39
43
48
53
55
56
60
65
60
54
48
44
41
40
31
26
33
27
20
11
7
5
-3
-2
5
7
15
22
17
16
16
14
16
17
17
17
15
15
15
13
2
-13
-34
-51
-55
-55
-52
-56
-59
-60
-74
-84
-95
-101
-91
-77
-68
-69
-72
-82
-80
-76
-73
-53
-35
-23
-18
-19
-27
-31
-27
-20
-15
-14
-12
-13
-14
-10
-7
-2
5
12
20
23
21
22
30
38
49
55
56
63
67
67
70
71
81
90
95
100
108
113
122
121
114
115
116
124
127
112
95
79
76
74
69
74
78
80
68
42
31
30
34
33
23
10
-12
-36
-63
-74
-67
-66
-70
-84
-106
-120
-137
-144
-136
-122
-116
-125
-148
-174
-194
-203
-197
-186
-172
-146
-146
-162
-177
-182
-152
-115
-75
-45
-24
-16
-20
-19
-11
20
53
73
94
101
100
89
75
72
79
88
92
93
91
89
81
67
60
61
60
59
57
54
53
46
43
38
33
35
41
44
43
40
37
46
62
75
82
90
99
100
106
106
108
123
131
129
122
110
90
67
44
26
15
-5
-23
-49
-79
-97
-124
-145
-155
-160
-162
-163
-166
-171
-170
-160
-153
-134
-111
-91
-62
-45
-33
-25
-22
-8
4
12
18
21
17
11
10
6
2
-6
-10
-5
-12
-11
-11
-8
1
0
9
13
19
20
13
13
10
13
11
6
10
10
7
0
-8
-11
-13
-7
-5
-7
-3
-4
-1
0
1
2
0
14
15
18
27
29
28
26
31
40
50
63
67
77
81
77
78
78
89
91
88
89
84
81
71
64
54
40
24
15
6
-7
-22
-42
-60
-65
-67
-73
-80
-89
-90
-90
-89
-93
-92
-88
-85
-81
-80
-72
-66
-55
-48
-38
-31
-29
-22
-15
-5
-3
-2
0
0
1
1
-1
-2
-5
-5
-4
-10
-19
-26
-26
-25
-20
-12
-12
-11
-13
-13
-10
-11
-3
-3
-3
8
10
18
27
30
33
36
45
52
57
56
51
51
56
63
62
65
66
73
82
80
83
77
69
72
74
72
71
62
52
45
36
29
21
7
3
0
-14
-21
-36
-42
-39
-49
-60
-65
-73
-76
-81
-80
-74
-64
-61
-65
-59
-57
-53
-53
-58
-53
-50
-43
-40
-38
-28
-29
-24
-20
-25
-12
-5
-9
-6
-4
0
-3
0
5
12
10
6
15
17
18
13
14
17
11
12
6
9
4
-9
-7
-12
3
1
-5
2
-3
15
7
4
11
16
36
21
22
25
26
40
28
36
38
39
43
36
52
49
52
54
58
75
75
85
82
77
78
61
60
49
40
31
7
-3
-27
-35
-43
-56
-53
-64
-69
-77
-78
-80
-89
-91
-97
-93
-87
-80
-72
-69
-59
-56
-43
-28
-19
-12
-14
-11
-17
-16
-10
-9
2
-9
-11
-19
-37
-39
-46
-35
-31
-34
-22
-30
-30
-32
-27
-20
-21
1
10
22
23
25
42
41
56
54
59
72
72
83
78
80
84
73
73
64
62
54
39
36
28
19
14
9
2
2
5
9
15
20
25
19
18
25
28
25
18
16
12
5
-1
-8
-15
-24
-35
-42
-47
-55
-59
-63
-65
-63
-66
-63
-59
-56
-47
-45
-34
-25
-17
-13
-12
-2
0
9
10
14
25
25
24
24
32
31
25
21
21
23
14
4
2
9
13
5
-6
-4
0
-2
-15
-18
-6
-2
-4
-8
-8
-3
-2
-10
-9
-8
-12
-13
-10
-6
-4
-7
-6
1
9
11
10
11
13
13
7
6
13
17
19
15
8
10
4
-5
3
10
16
12
12
20
17
12
13
15
11
5
11
13
7
2
-5
-4
-4
-7
-13
-17
-18
-28
-27
-26
-24
-23
-25
-25
-27
-15
-10
-6
0
-5
4
8
10
12
7
1
1
-3
-3
-3
-2
2
0
-3
1
2
-3
-2
0
5
6
6
9
9
9
10
11
-1
-2
-5
-12
-6
-3
-1
6
2
-5
-8
-12
