-54
-48
-20
-21
-25
-36
-73
-72
-52
-27
-12
-18
-21
-33
-35
-34
-29
-16
-20
-12
-3
-5
7
4
-9
-12
-2
23
42
47
49
37
29
20
15
21
22
35
41
41
32
8
-9
-7
0
21
38
33
26
6
-6
-6
-13
-5
-10
-33
-37
-34
-31
-11
-11
-15
-10
-9
-4
-16
-22
-18
-17
2
19
19
13
-6
-7
12
31
50
56
43
26
6
-1
-2
-4
3
10
21
23
13
14
22
19
18
18
17
10
-8
-12
-10
1
16
16
4
-2
-6
-1
9
7
9
-3
-14
-9
-14
-5
3
-2
-7
-6
-6
0
2
-10
-13
-28
-32
-24
-24
-17
-17
-14
-10
-13
-20
-27
-24
-5
0
-9
-20
-24
-19
-11
-2
2
-3
-1
8
2
-3
-6
-4
12
17
22
21
14
14
12
10
6
0
3
4
3
-2
-10
-19
-21
-21
-10
-5
-3
0
2
-2
-7
-5
-1
2
2
17
29
29
19
17
23
20
13
8
11
12
11
18
24
20
14
10
17
11
6
6
3
12
14
12
3
-15
-14
-2
6
13
7
8
11
2
2
-5
-2
-3
-8
-4
-21
-32
-29
-31
-23
-15
-15
-28
-43
-36
-29
-27
-27
-38
-30
-13
-5
-10
-29
-35
-40
-40
-19
-11
-2
-1
-4
-9
-28
-31
-14
12
41
43
30
10
-1
15
23
30
39
30
30
28
36
41
37
41
32
31
32
31
41
46
40
27
21
7
-1
4
8
8
6
-1
-1
6
8
11
-9
-31
-37
-31
-15
-3
-7
-9
-23
-40
-38
-39
-21
-15
-23
-20
-18
-8
-10
-19
-14
-16
-14
-7
-3
6
9
7
5
4
7
12
7
8
11
9
7
0
6
10
3
-8
-28
-16
2
14
25
19
16
0
-14
-20
-28
-8
-2
3
14
11
16
10
-2
3
-5
3
9
-5
-3
-2
3
9
6
8
0
-8
-7
0
4
0
-7
-5
-1
4
20
18
11
-2
-9
0
2
11
24
23
11
-4
-10
3
15
24
20
0
-12
-18
-21
-16
-6
-8
-8
-3
0
8
10
12
34
39
35
32
8
9
7
-13
4
0
-4
-7
-39
-31
-39
-53
-41
-60
-46
-42
-52
-39
-50
-27
-15
-12
10
2
15
18
8
23
17
30
37
11
3
-9
-6
-2
-6
8
4
0
4
-2
1
9
19
25
22
28
31
26
24
5
-6
-4
-1
5
8
4
-11
-34
-43
-44
-42
-22
3
21
24
25
28
19
19
26
35
34
36
45
40
38
21
6
-2
-7
10
13
5
-1
-12
-14
-19
-13
2
4
4
9
0
-12
-22
-23
-13
-7
-2
-13
-28
-32
-21
-11
-5
-17
-27
-25
-34
-19
-32
-43
-30
-34
-20
-30
-40
-42
-48
-26
-12
3
10
-1
4
17
30
36
25
28
27
34
38
29
26
19
30
39
37
24
19
28
39
52
55
50
36
18
1
0
6
12
15
-4
-23
-31
-23
0
10
23
17
6
6
6
32
50
53
38
10
-1
-1
-3
-3
-14
-12
-15
-35
-43
-56
-56
-42
-34
-42
-72
-79
-69
-66
-57
-60
-76
-87
-78
-48
-27
-25
-41
-52
-47
-21
13
29
33
13
4
15
36
54
51
49
51
47
38
31
32
44
50
50
34
16
18
24
30
30
33
43
45
46
47
43
33
15
9
8
16
18
-7
-22
-19
-9
-3
-5
-3
0
4
4
-5
-14
-11
8
12
-7
-32
-56
-76
-77
-72
-63
-54
-58
-66
-65
-54
-37
-14
15
39
29
8
11
23
40
60
68
55
39
28
19
15
19
19
-4
-17
-16
-24
-28
-17
-15
-29
-30
-15
7
27
33
14
-11
-15
-5
10
19
13
-12
-44
-42
-27
-5
15
19
-1
-18
-18
-4
18
34
45
34
23
25
31
35
28
15
-7
-7
4
18
25
9
-4
-9
-3
11
18
18
19
15
12
1
-19
-21
-21
-8
4
0
-6
-2
-8
-15
-28
-36
-31
-38
-33
-21
-14
-18
-44
-69
-80
-73
-45
-15
-12
-12
-13
-2
12
8
12
14
20
38
44
40
32
21
18
16
8
7
19
35
41
32
25
7
-7
4
16
42
48
39
43
42
43
38
23
5
-16
-25
-24
-21
-20
-22
-31
-37
-45
-35
-21
-15
-2
4
10
12
4
3
8
22
21
9
2
-15
-20
-18
-14
-8
-5
-7
-20
-34
-30
-14
1
11
10
-4
-14
-20
-18
-3
6
8
10
13
16
10
4
-2
-5
0
-1
5
1
-8
-17
-27
-32
-34
-39
-33
-20
-12
-3
-12
-27
-38
-40
-13
20
44
45
37
27
15
10
21
44
52
52
50
33
18
5
-2
5
20
40
56
51
29
10
-2
3
16
26
24
-1
-25
-32
-32
-14
0
-1
-14
-44
-61
-54
-42
-23
-16
-26
-21
-36
-32
-5
-2
17
15
-2
9
2
14
25
11
11
1
0
22
20
32
24
-8
-2
1
28
50
40
39
13
-22
-41
-52
-28
1
15
5
-48
-72
-88
-89
-76
-104
-102
-82
-79
-50
-57
-71
-50
-21
23
24
22
18
-42
-52
-14
22
73
85
79
79
29
-12
4
46
62
-5
-15
14
3
64
138
191
206
190
201
151
90
93
-3
-47
178
896
1613
1293
-72
-1516
-2225
-1749
-311
1485
2446
1682
-20
-1828
-2887
-3239
-2992
-1612
857
3327
3828
2126
-736
-4240
-6129
-4662
-685
3821
6426
5587
2515
-547
-2522
-3234
-1946
445
2629
4659
5443
4318
1936
-695
-2145
-1777
-487
198
457
1042
1262
1402
1162
-313
-2270
-3949
-4382
-3075
-1036
315
707
819
291
-927
-2075
-2938
-2856
-1892
-687
864
2009
2042
1172
140
-410
-770
-838
-542
147
1147
1658
1831
1626
862
-155
-1165
-1443
-1162
-589
168
642
709
-4
-910
-1253
-1197
-986
-1026
-952
-562
-336
-123
121
300
271
-132
-313
-363
-407
-135
255
1100
1383
830
372
53
509
845
1017
1069
590
644
661
1008
1458
1416
1377
876
508
251
214
680
718
668
682
251
66
70
63
391
196
-293
-864
-966
-373
-3
953
1116
493
-103
-1099
-914
-506
31
500
653
975
487
544
264
-233
-266
-678
-233
-145
-483
-689
-922
-230
427
534
231
-727
-1058
-846
-1620
-2126
-2308
-1818
-564
-63
571
33
-1307
-3489
-5475
-4548
-3496
-2464
-1979
-1750
-1560
-2602
-2911
-3487
-2784
-2276
-3260
-2439
-1275
210
1218
1732
2404
2343
2285
1896
2241
3342
4553
5924
6591
7015
6876
6572
6714
6263
5714
5325
4595
4679
5055
4936
4771
3330
1513
76
-1364
-2076
-2356
-2465
-2993
-3353
-3501
-3973
-4264
-5424
-6461
-6695
-6472
-5649
-5018
-4299
-4111
-4081
-3268
-2668
-2031
-1550
-1437
-860
-99
620
1341
2151
3070
3342
3430
3691
3545
3435
3155
2824
2254
2180
1874
953
1103
803
172
59
-855
-1627
-2115
-2149
-2708
-2773
-2031
-2208
-1757
-1124
-1
691
806
144
-1123
-585
-451
-778
76
805
2028
2121
2504
1731
775
-78
-2376
-2579
-1846
-1203
-1477
-1933
-1669
-2620
-2765
-3647
-4621
-3673
-4080
-4011
-3830
-2750
-1757
-1331
-344
236
1184
2143
2621
3243
4110
5566
5751
6230
6997
6923
7779
7968
7685
7832
7418
6857
6043
5374
5112
4214
3691
2558
1179
-192
-1697
-2950
-4136
-4622
-5497
-6019
-6048
-6961
-6919
-7373
-7720
-7534
-7659
-7061
-6714
-5826
-5137
-4301
-3419
-3133
-2510
-1983
-810
311
1082
2180
2547
3233
3541
3601
4192
4473
4545
4342
3949
3481
3039
2567
1917
1436
826
77
-4
-128
-488
-663
-609
-677
-413
-8
941
1572
1948
1462
403
669
172
-204
565
544
1089
572
447
303
-233
79
-1593
-2081
-2581
-3357
-3468
-4231
-3938
-4539
-4853
-5039
-5630
-4547
-4693
-4961
-5424
-4933
-3996
-3453
-2024
-860
1253
3071
3961
4984
5349
6081
6188
6932
8177
8540
9041
8809
8707
8820
8708
8336
7449
7099
6965
5587
4199
2398
-61
-1481
-2767
-4327
-5022
-5358
-5839
-6576
-6262
-6797
-8072
-8454
-9791
-10211
-8910
-7515
-6462
-5081
-3729
-3769
-3120
-2211
-1985
-482
827
1369
1968
3154
3941
4116
4820
4983
4892
5569
5558
4780
4305
3846
2651
1753
1641
952
616
361
-499
-711
-680
-700
-893
-795
262
241
342
278
-441
-378
-588
-981
-1073
-12
1025
670
1004
570
-127
-562
-1826
-2263
-2344
-2411
-3654
-4693
-4271
-4541
-4595
-4620
-4845
-5025
-5813
-6545
-7097
-6007
-4914
-4471
-3459
-2176
-601
639
2105
3470
4571
5922
6398
7123
8322
9182
9632
9861
10191
10142
10166
10396
10144
10507
10491
8517
6939
4843
2585
1212
-641
-2099
-3580
-3965
-4636
-5762
-5334
-7008
-8223
-8613
-9821
-9530
-9182
-8887
-9025
-8144
-7238
-7222
-5553
-4846
-3859
-2379
-1601
-786
-324
1094
1516
1872
2746
2538
3053
3799
4221
4489
4865
4713
3514
3101
2530
1621
1590
823
508
653
621
1177
1888
3318
3655
3152
2584
1679
1419
766
225
-253
-81
71
-10
561
294
176
-1067
-2359
-2504
-3042
-3406
-4385
-5010
-5656
-5981
-6201
-6868
-5740
-5523
-5745
-5587
-5673
-5059
-5068
-4603
-3876
-2688
-1028
-511
776
2951
5223
6884
7889
8862
9257
9835
9913
9702
10287
10254
9956
9523
10023
10556
9720
9703
7987
6230
4881
1742
-261
-2377
-3315
-4709
-6270
-5978
-8022
-8280
-8376
-9623
-8872
-8611
-8524
-9292
-9034
-9034
-9004
-6909
-6510
-5543
-4338
-3538
-2276
-1123
740
1125
1540
2226
1764
2454
3749
4150
4321
4559
3857
3303
3629
3330
3064
3163
2753
2192
1739
1821
2166
2456
2879
2408
1777
2081
1902
1321
1112
732
419
23
-321
-287
-588
-739
-1606
-2853
-2399
-2311
-3086
-3479
-4028
-4639
-4754
-4559
-4786
-4231
-3955
-5140
-5477
-5304
-4812
-4268
-4113
-3542
-3206
-2405
-1093
-163
1554
3520
4356
5362
6725
7444
8204
9145
9096
9318
9591
9350
10275
9937
10073
9711
7578
7386
5398
4165
3455
1349
588
-1905
-2767
-4146
-6203
-6174
-8258
-8624
-8755
-9198
-9036
-9157
-8319
-9089
-7996
-6676
-6292
-4724
-4391
-3805
-3000
-1303
-177
292
1980
2346
2792
3758
3905
3894
4139
3923
2783
2326
2343
1476
1165
1355
775
876
1027
811
1578
2349
2377
1786
1430
1394
442
-284
-720
-1077
-338
-226
-55
405
297
219
-967
-1402
-1297
-2085
-2696
-3425
-4092
-4603
-4599
-4860
-4660
-3383
-3443
-3698
-3364
-3179
-2583
-2398
-2507
-2272
-2161
-1448
-765
-278
1391
2510
3176
4660
5681
6662
8157
8682
8976
9503
9880
10869
10720
10550
10100
8508
8196
6942
5482
4652
3315
1905
69
-707
-2274
-3879
-4557
-6625
-7717
-8310
-9159
-10070
-10257
-10029
-11233
-10662
-9932
-9230
-7032
-5869
-5132
-4413
-2746
-1635
-823
1106
1738
2336
3475
3862
4155
5063
5416
4872
4563
4279
3139
2110
1816
793
522
1081
1048
1370
1954
2087
1725
1676
1334
247
-675
-1307
-2021
-2398
-2189
-2343
-2470
-1933
-1644
-1760
-1102
-812
-1225
-1411
-1970
-2669
-3394
-3740
-4387
-4897
-4321
-4184
-3944
-3004
-2409
-1977
-1206
-648
-246
376
943
1104
1245
1925
2169
2693
4087
5051
5923
6778
7337
7449
8447
9704
9434
10242
10329
9246
9100
8010
6826
5370
4355
3115
1114
1177
-201
-1835
-2116
-4056
-5362
-6219
-7214
-8266
-8739
-8847
-10321
-10381
-10199
-10331
-9418
-8820
-7820
-6734
-4993
-3500
-2619
-473
1020
1926
3284
4001
4159
4598
5106
4854
4998
5255
4384
3794
3427
2751
2301
2407
2596
2080
2362
2452
1375
1066
171
-1335
-2011
-2764
-3825
-4622
-4747
-5199
-5788
-5622
-5875
-5772
-4904
-4469
-4243
-3626
-3088
-3177
-2860
-2457
-2385
-2278
-2282
-2244
-2094
-914
94
544
1754
2574
3098
3937
4654
5067
5817
6506
6428
6579
6896
6776
6637
6847
6779
7243
7356
6955
7334
7220
7886
7418
6261
5823
3847
3097
1793
568
486
-1172
-1831
-3079
-4151
-4313
-5411
-6003
-6579
-6707
-7484
-7962
-8020
-8811
-8255
-8208
-8009
-7167
-6320
-4947
-4253
-2765
-1503
-764
748
1415
1795
2474
2900
3069
2974
3003
2548
2281
2657
2382
2780
3253
3315
3508
3282
3523
3047
2342
1375
-317
-1079
-2094
-3131
-3614
-4166
-4883
-5732
-6252
-6427
-6205
-5876
-6032
-6112
-5974
-5896
-5335
-4520
-3395
-2600
-2399
-2054
-1658
-976
-70
642
1296
2317
2958
3629
4600
5554
6860
7717
8518
8978
9248
9491
9306
8742
8260
8312
7273
7160
6998
5814
5994
5104
4463
4284
3745
3753
2215
1421
582
-1522
-1714
-2722
-3868
-3777
-4553
-5441
-6093
-6189
-6941
-7159
-6921
-7431
-6942
-6696
-6302
-5958
-5314
-4188
-4007
-2674
-1373
-1007
255
1176
1211
1550
1742
1416
1276
1401
1327
1178
1666
2220
2273
2599
3218
3194
3051
3190
2472
1554
1124
93
-1207
-1942
-3079
-4346
-5133
-5766
-6294
-6578
-6415
-6772
-7020
-6676
-6772
-6727
-6185
-5971
-6062
-5488
-5073
-5072
-4223
-3236
-2524
-1198
543
1999
3404
5320
6790
7691
9468
10694
10958
11879
12127
11782
12036
12001
11877
11520
11126
10652
9274
8573
7670
5982
5068
3741
2097
875
-377
-1698
-3176
-4393
-5270
-6233
-6744
-6854
-7617
-7883
-7902
-8840
-8961
-8577
-8370
-7874
-7236
-6645
-6212
-5138
-4060
-3133
-1413
10
899
2091
3242
3903
4422
4901
4704
4521
4640
4270
4364
4440
4318
4300
3815
3855
3247
2447
2036
1000
539
-255
-1007
-1795
-3267
-4282
-5945
-7243
-7884
-8746
-9492
-10193
-10444
-10919
-10661
-10083
-9751
-8828
-8328
-7823
-7405
-6254
-5179
-4608
-3149
-2358
-1053
658
2049
3764
5306
7042
8365
9881
11822
13182
14428
15366
15697
16098
16219
15936
15399
14414
13455
12114
10811
9577
7880
6419
4620
2823
1220
-723
-2082
-3517
-5077
-6144
-7557
-8875
-9818
-11087
-12030
-12339
-12607
-12410
-12201
-11727
-10910
-10381
-9147
-7911
-6696
-4851
-3416
-2288
-657
738
1824
3086
4230
5376
6401
7613
7937
8371
9285
9371
9663
9203
8405
7275
6236
5650
4244
3398
2145
249
-1136
-2487
-3726
-4744
-5580
-7022
-8220
-9003
-10345
-11022
-11733
-12379
-12566
-13244
-13159
-12888
-12071
-10410
-9314
-8192
-7007
-5956
-4569
-2585
-763
927
2473
3429
4643
6144
7823
9556
10960
12333
13726
14714
15725
16512
16583
16780
16350
15281
14290
13032
11860
10508
8914
7155
5024
3320
2089
580
-540
-1603
-3205
-4424
-5596
-6877
-8200
-9210
-10176
-11208
-11459
-12136
-12703
-12527
-12210
-11158
-9979
-8703
-7179
-5766
-3982
-2604
-1341
66
1286
2850
3461
4330
5273
5378
6334
6463
6366
6638
6573
6699
6233
6306
5787
4416
3631
2193
1053
200
-914
-2410
-3921
-4826
-6636
-7754
-8268
-9205
-9295
-9799
-10347
-10278
-9934
-9374
-9040
-8634
-7696
-6822
-6189
-4978
-4007
-2725
-1104
-183
1298
3223
4793
6173
7367
8303
9635
10668
11034
11488
11480
11630
11607
11221
11300
10895
10294
9846
8823
8217
7979
6909
5977
4825
3042
1638
-20
-1656
-2673
-3704
-4693
-5443
-6457
-6828
-6661
-6976
-6534
-6297
-6235
-5560
-5634
-5690
-5338
-5288
-5222
-4836
-4757
-3798
-2521
-1884
-269
671
1941
3607
3851
4655
4888
4396
3960
2693
1706
898
-280
-1368
-2348
-3250
-3465
-3521
-4170
-3842
-3749
-4451
-4345
-5186
-5815
-5798
-6754
-7120
-7310
-7489
-7102
-7002
-6498
-5123
-3848
-2242
-568
556
2312
3743
4744
6201
7142
7862
8336
8210
8206
8436
8586
8603
8522
8299
8106
7984
7847
7870
7695
7346
6882
5737
5080
4441
3071
2376
935
-529
-1075
-2295
-3265
-4173
-5045
-5530
-5984
-6121
-6050
-5813
-5620
-5513
-5477
-4707
-3531
-2875
-2047
-1403
-1031
-456
-251
178
1167
1792
2421
2439
2390
3139
3061
3005
3029
2641
2555
1961
1076
250
-632
-1670
-2984
-4422
-5291
-6033
-7401
-8095
-8838
-9437
-9129
-9464
-9452
-8936
-8841
-8483
-8093
-7610
-6722
-5950
-5362
-4422
-3346
-2056
-487
715
2288
4124
5613
7417
9155
10656
12143
13168
13673
14188
14604
14529
14256
13554
12790
11934
10811
9924
8687
7714
6721
5017
3827
2799
1590
705
-459
-1926
-3001
-4342
-5970
-7157
-8165
-8905
-9494
-10038
-10121
-9934
-9658
-9057
-8537
-7598
-6028
-5275
-4221
-2860
-2149
-705
369
1250
2684
3430
4309
4984
5332
6188
6331
6007
5836
5238
4581
3844
2704
1386
127
-1130
-2365
-3399
-4257
-5075
-6174
-7233
-8078
-8956
-9406
-9740
-10381
-10740
-11058
-11458
-11292
-10882
-10268
-9372
-8500
-7229
-5811
-4190
-2220
-414
1416
3373
5155
6788
8649
9908
10870
11845
12188
12943
13220
13426
14011
13584
13502
13245
12639
12600
12067
11205
10051
8886
7866
6509
5264
4025
2485
850
-578
-2149
-3367
-4058
-5207
-6321
-7040
-7685
-8134
-8233
-8450
-8372
-8122
-7949
-7171
-6689
-5902
-5041
-4646
-3736
-2677
-1478
-388
575
1204
1820
2475
2831
3240
3207
3151
2673
1860
1411
660
-144
-947
-1960
-3026
-3716
-4478
-5418
-5802
-6466
-7233
-7684
-8341
-8555
-8704
-9135
-9162
-9286
-8952
-8334
-8100
-7318
-6337
-5379
-4080
-2724
-1318
437
1880
3112
4573
6017
7584
8734
9495
10196
10996
11496
11977
12313
11976
12032
11482
10668
10268
9628
9260
8426
7560
7077
6127
5654
5019
3640
3056
2320
1164
424
-620
-1773
-2823
-3786
-4270
-4565
-4491
-4223
-4355
-3911
-3221
-2797
-2167
-1384
-748
-190
481
706
1101
1361
1533
1618
1437
1955
1586
1065
743
-222
-687
-1400
-2324
-3226
-4326
-5516
-6888
-8126
-8982
-9668
-10707
-11313
-11798
-12604
-12686
-12813
-12808
-12088
-11776
-11545
-10930
-10184
-9021
-7926
-6896
-5261
-3857
-2162
10
1670
3903
6021
7500
9267
11008
12572
13795
14518
14955
15282
15060
14813
14366
13371
12941
11767
10228
9245
7838
6673
5331
4029
3171
2022
1114
258
-978
-1831
-2285
-3400
-3972
-3969
-4821
-4990
-5137
-5544
-5069
-4767
-4022
-3115
-2389
-1086
-211
821
2248
3256
4349
5542
6536
7186
7848
8090
8144
8451
7899
7313
6564
5410
4503
2848
1233
-324
-2287
-3924
-5820
-7623
-9212
-10949
-12681
-14069
-14936
-15991
-16690
-17164
-17727
-17644
-17691
-17587
-16873
-16062
-15016
-14076
-13064
-11273
-9329
-7384
-5042
-2812
-255
2442
4639
6937
9367
11615
13472
14892
15868
16969
17565
17367
17485
16998
16394
15758
14378
13214
11904
10557
9126
7342
6018
4590
2739
1273
-180
-1679
-2685
-3831
-5145
-5958
-6569
-7223
-7537
-7880
-7935
-7574
-7323
-6503
-5659
-4493
-2813
-1465
323
2176
3901
5685
7317
8670
9927
11128
11623
12119
12019
11465
11006
9782
8928
7754
6159
4854
2679
510
-1540
-3719
-5535
-7321
-9331
-11483
-13307
-15101
-16513
-17493
-18319
-18736
-19366
-19643
-19413
-18946
-17900
-16859
-15952
-14776
-13032
-11050
-8928
-6530
-4211
-1970
438
2984
5450
8126
10615
12550
13969
15212
16421
16990
17604
17670
17087
16596
15513
14274
12951
11581
10232
8569
7017
5651
3982
2543
1171
-572
-1755
-3203
-4658
-5796
-7174
-8132
-9105
-9703
-9913
-9976
-9638
-9030
-8112
-6919
-5213
-3547
-1581
372
1950
3944
5788
7793
9296
10365
11643
12229
13031
13376
13098
12998
12186
11335
10330
9336
8336
6388
4166
1715
-386
-2258
-4224
-6275
-8722
-10756
-13070
-15118
-16389
-17557
-18206
-18954
-19624
-19796
-19547
-18987
-18298
-17441
-16181
-14381
-12549
-10188
-7756
-5393
-2658
-240
2337
5068
7680
10094
12044
13650
14993
15921
16434
16717
16520
16250
15780
14723
13460
12122
10661
9211
7812
6247
4778
3082
1284
-362
-2058
-3226
-4595
-6178
-7360
-8719
-9744
-10297
-10756
-10804
-10582
-10149
-9414
-8419
-7018
-5504
-3966
-2107
-218
1655
3761
5897
7689
9187
10620
11579
12534
13690
14035
14031
13685
12747
11805
10643
9515
8220
6475
4618
2486
322
-1364
-2902
-4905
-6633
-8342
-10279
-11611
-13070
-14309
-15093
-15927
-16463
-17088
-17321
-16918
-16592
-15860
-14484
-12911
-11093
-8988
-6951
-4787
-2266
72
2257
4477
6563
8517
9922
11101
12285
12825
13475
13880
13646
13813
13434
12599
11585
10198
9049
7563
6142
4717
3045
1551
-64
-1970
-3757
-4973
-6309
-7186
-7885
-8798
-9210
-9714
-9859
-9798
-9410
-8475
-7685
-6846
-5755
-4395
-2912
-1162
380
1897
3931
5853
7514
9224
10714
11941
12954
13185
13291
13283
12911
12265
10900
9622
8266
6549
4609
2525
674
-1031
-2551
-4513
-6277
-7657
-9238
-10489
-11713
-12709
-13295
-13947
-14658
-15025
-14976
-14505
-13823
-13261
-12133
-10686
-9114
-7253
-5338
-2910
-280
2130
4202
6309
8330
9987
11486
12324
13359
14250
14310
14170
13330
12585
11948
10752
9674
8427
6938
5356
3415
1513
122
-1337
-2950
-4614
-6484
-7768
-8977
-10217
-10888
-11512
-11990
-12063
-12076
-11997
-11293
-10611
-9754
-8361
-6950
-5104
-3418
-1690
317
2110
4316
6844
9079
10870
12683
13923
14766
15609
15502
15208
14750
13977
13031
11495
10021
8170
5824
3521
1357
-564
-2241
-3775
-5856
-7774
-9388
-11151
-12419
-13615
-14422
-14826
-15451
-15700
-15749
-15617
-14793
-13769
-12837
-11115
-8946
-6783
-4133
-1845
482
3066
5296
7584
9707
11601
13322
14696
15282
16045
16869
16755
16924
16328
15243
14453
12871
11226
9195
6967
4882
2211
-253
-2329
-4632
-6655
-8299
-10339
-11950
-12903
-14345
-15338
-15804
-16433
-16229
-15911
-15612
-14711
-14044
-12817
-11261
-9717
-7292
-4894
-2615
54
2463
4748
7549
9914
11842
13946
15406
16723
17757
17965
17953
17461
16607
15671
14353
12866
11212
8984
6466
4087
1719
-484
-2636
-5206
-7562
-9807
-12105
-13816
-15381
-16531
-17195
-17940
-18471
-18490
-17991
-17172
-15930
-14713
-13128
-10791
-8522
-5790
-3186
-679
2355
4863
7476
10358
12881
15295
17258
18356
19462
20582
20843
20908
20369
19295
18329
16638
14655
12417
9932
7644
4938
2174
-240
-2770
-5276
-7441
-9740
-11849
-13264
-14980
-16636
-17724
-18872
-19393
-19586
-19643
-19076
-18583
-17453
-15930
-14310
-11818
-9241
-6728
-3977
-1023
1694
4606
7613
9783
12048
13910
15134
16476
17437
18022
18043
17519
16887
15844
14590
13285
11385
9295
7065
4523
1884
-497
-2711
-5271
-7317
-9400
-11334
-12638
-14188
-15083
-15803
-16387
-16456
-16502
-16068
-15361
-14431
-13392
-11819
-9761
-7617
-4914
-2519
43
2933
5347
8113
10733
13033
15185
16730
17968
18873
19615
19987
19700
19284
18619
17481
16048
14362
12260
9973
7894
5488
3000
836
-1718
-4389
-6810
-9150
-11164
-12889
-14494
-16091
-17430
-18357
-19071
-19389
-19246
-18712
-18032
-16998
-15622
-14003
-11810
-9518
-7211
-4903
-2433
120
2651
5138
7299
9365
10909
12292
13405
14376
15293
15317
15027
14266
13478
12600
11312
9727
7840
6108
3979
2027
-11
-1913
-3607
-5831
-7527
-9242
-10490
-11329
-12506
-13297
-13933
-14190
-14060
-13455
-12678
-11660
-10299
-9013
-7024
-4868
-2503
99
2295
4793
7092
9279
11653
13548
15145
16426
17406
18079
18478
18468
17874
17174
16200
14960
13474
11738
9955
7774
5564
3447
1216
-799
-2805
-4996
-7098
-8988
-10766
-12381
-13640
-14889
-15961
-16731
-17447
-17577
-17452
-16993
-16213
-15565
-14295
-12742
-10940
-8803
-6744
-4595
-2442
-283
1655
3670
5607
7280
8714
9630
10568
11318
12024
12378
12190
11833
11108
10447
9372
8279
6891
5159
3546
1296
-320
-1988
-3690
-5011
-6940
-8081
-9196
-10052
-10466
-11145
-11064
-11159
-10928
-10473
-9891
-8675
-7771
-6369
-5107
-3506
-1247
512
2733
4738
6777
9041
10877
12822
14412
15742
16667
17206
17580
17706
17567
16809
15731
14338
12854
11308
9544
7707
5597
3488
1291
-680
-2376
-4135
-5825
-7813
-9669
-11204
-12474
-13442
-14468
-15379
-16286
-16752
-16753
-16407
-15594
-14910
-13867
-12565
-11104
-9245
-7340
-5403
-3609
-1870
-302
1356
2962
4319
5643
6612
7614
8237
8780
9447
9726
9875
9332
8635
7935
7313
6604
5182
3882
2257
836
-401
-1855
-2857
-4151
-5217
-6313
-7345
-7802
-8309
-8583
-8976
-8938
-8584
-8228
-7468
-6860
-5696
-4420
-3187
-1611
-146
1897
3716
5280
6889
8247
9837
10968
11997
12747
13287
13853
13670
13506
13021
12621
12232
11259
10432
9180
8066
6830
5275
3931
2465
1251
-325
-2006
-3620
-5082
-6062
-7265
-8276
-9345
-10257
-10853
-11567
-11741
-11789
-11557
-11251
-11142
-10598
-9952
-8855
-7748
-6747
-5580
-4638
-3449
-2485
-1444
-350
425
1207
1512
2107
2740
3318
3858
3757
3884
3843
3953
4125
3877
3763
3155
2703
2221
1588
1344
701
259
-393
-1159
-1547
-2150
-2353
-2757
-3139
-3142
-3342
-3066
-2948
-2735
-2223
-1926
-1311
-798
-28
839
1471
2109
2521
3251
3982
4625
5120
5374
5924
6168
6425
6568
6458
6567
6254
6047
5830
5498
5272
4506
3803
3165
2651
2356
1762
1155
366
-263
-811
-1407
-1802
-2350
-2776
-3366
-3894
-4238
-4559
-4555
-4756
-4888
-5041
-5086
-4842
-4727
-4387
-4296
-4147
-3877
-3721
-3325
-3176
-2969
-2913
-2961
-2726
-2578
-2327
-2300
-2349
-2355
-2232
-1935
-1760
-1358
-1195
-936
-570
-322
335
713
1204
1572
1761
2299
2437
2771
2885
2807
2931
2725
2796
2668
2511
2402
2051
2116
2076
2180
2272
2112
2232
2145
2198
2213
2090
2062
1716
1482
1016
629
456
-72
-294
-794
-1164
-1275
-1578
-1444
-1504
-1367
-1183
-1070
-584
-278
289
648
867
1259
1497
1934
2183
2393
2470
2437
2506
2435
2561
2621
2644
2549
2268
2061
1738
1636
1349
801
201
-724
-1477
-2162
-2823
-3515
-4372
-5220
-6006
-6421
-6735
-6875
-6945
-7127
-7012
-6959
-6642
-6180
-5789
-5208
-4880
-4445
-3847
-3098
-2188
-1309
-348
509
1581
2640
3663
4847
5774
6651
7300
7822
8319
8649
8783
8653
8449
8029
7549
6763
5875
5140
4188
3451
2412
1367
597
-406
-1040
-1887
-2723
-3437
-4364
-5013
-5835
-6365
-6926
-7473
-7629
-7951
-7675
-7476
-7180
-6426
-5842
-4735
-3786
-2872
-1783
-819
400
1472
2593
3591
4420
5286
5971
6786
7479
7945
8227
8207
8069
7903
7675
7235
6657
5801
4780
3802
2758
1808
751
-463
-1758
-3123
-4262
-5348
-6318
-7226
-8209
-8933
-9543
-9890
-9936
-9914
-9605
-9219
-8620
-7778
-6922
-5830
-4794
-3686
-2464
-1322
-60
1085
2231
3280
4301
5434
6418
7550
8417
9172
9944
10437
11033
11296
11422
11322
10868
10349
9373
8371
7088
5599
4050
2173
536
-1255
-2898
-4402
-6055
-7205
-8362
-9241
-9846
-10568
-10908
-11204
-11302
-11202
-11024
-10636
-10302
-9708
-9114
-8331
-7212
-6210
-4928
-3707
-2440
-906
581
2193
3737
5230
6553
7741
8818
9686
10557
11094
11374
11351
10998
10638
10047
9386
8597
7617
6506
5273
4140
2916
1862
784
-449
-1486
-2680
-3753
-4717
-5718
-6519
-7271
-7915
-8491
-8829
-9037
-9114
-8915
-8701
-8138
-7360
-6516
-5480
-4384
-3106
-1759
-344
1002
2298
3662
4763
5716
6540
7180
7763
8096
8186
8150
8080
7946
7626
7285
6863
6375
5866
5202
4577
3866
3051
2129
1011
47
-1017
-2183
-3337
-4650
-5758
-6753
-7679
-8514
-9215
-9756
-10244
-10348
-10357
-10049
-9434
-9102
-8486
-7797
-6991
-5826
-4852
-3872
-2970
-2111
-1187
-315
656
1564
2531
3248
3796
4440
4958
5761
6350
6736
7231
7388
7605
7662
7575
7610
7550
7418
6982
6481
5906
5279
4738
3988
3353
2649
1864
1172
332
-211
-743
-1297
-1735
-2274
-2561
-2949
-3339
-3682
-3923
-3941
-4146
-4158
-4271
-4130
-3747
-3623
-3195
-2895
-2315
-1617
-1106
-406
10
659
1128
1500
2049
2305
2726
2739
2679
2621
2337
2234
1711
1224
649
-22
-418
-887
-944
-959
-978
-1004
-1278
-1275
-1374
-1393
-1414
-1650
-1728
-1970
-2195
-2447
-2770
-3039
-3372
-3595
-3743
-3711
-3579
-3485
-3358
-3301
-3195
-2962
-2626
-2117
-1559
-985
-451
-102
165
324
394
498
552
657
802
948
1150
1312
1562
1936
2403
2982
3547
4204
4861
5474
6034
6353
6603
6713
6677
6614
6407
6189
5914
5500
5015
4458
3896
3326
2784
2272
1783
1399
983
556
137
-363
-869
-1496
-2152
-2766
-3329
-3814
-4334
-4825
-5363
-5897
-6296
-6624
-6693
-6603
-6475
-6193
-5939
-5596
-5156
-4722
-4135
-3547
-2916
-2320
-1833
-1400
-1145
-887
-686
-486
-235
-67
107
136
116
113
169
371
626
969
1293
1671
2079
2464
2859
3149
3367
3395
3322
3150
2923
2756
2450
2140
1719
1279
917
577
424
299
319
365
426
541
546
608
534
449
352
154
-18
-367
-737
-1157
-1584
-1886
-2180
-2315
-2334
-2205
-1865
-1375
-729
2
769
1569
2400
3202
3961
4613
5060
5308
5329
5204
4999
4702
4344
3883
3322
2716
2134
1633
1181
745
345
-87
-493
-871
-1288
-1700
-2213
-2806
-3460
-4172
-4814
-5427
-5947
-6395
-6815
-7110
-7331
-7374
-7275
-7073
-6729
-6351
-5853
-5281
-4657
-3938
-3279
-2614
-1997
-1397
-695
-3
709
1333
1837
2300
2706
3175
3663
4145
4584
4879
5070
5138
5170
5235
5308
5387
5371
5231
4966
4644
4370
4155
3997
3803
3523
3201
2852
2546
2280
2057
1874
1670
1449
1156
835
565
373
238
30
-319
-801
-1315
-1780
-2196
-2644
-3176
-3751
-4304
-4768
-5159
-5475
-5746
-5951
-6014
-5928
-5661
-5262
-4784
-4273
-3782
-3271
-2684
-1954
-1155
-454
36
287
457
691
1047
1449
1742
1857
1831
1798
1879
2113
2410
2677
2879
2994
3081
3145
3191
3185
3094
2947
2728
2476
2213
1899
1527
1068
578
97
-332
-678
-983
-1248
-1501
-1734
-1908
-2052
-2148
-2206
-2225
-2194
-2164
-2091
-1948
-1717
-1464
-1302
-1175
-1015
-707
-267
224
765
1296
1809
2263
2645
3018
3393
3767
4079
4270
4351
4324
4205
4014
3721
3364
2947
2514
2110
1726
1377
1022
642
265
-101
-463
-782
-1012
-1147
-1325
-1694
-2215
-2808
-3350
-3781
-4150
-4506
-4893
-5364
-5873
-6310
-6558
-6610
-6562
-6490
-6448
-6381
-6213
-5890
-5436
-4981
-4579
-4220
-3813
-3311
-2723
-2091
-1445
-758
-21
756
1573
2414
3264
4096
4895
5680
6421
7076
7638
8086
8413
8647
8773
8782
8663
8444
8172
7844
7469
7018
6446
5804
5156
4579
4026
3432
2759
1941
1063
238
-477
-1087
-1690
-2340
-3071
-3784
-4335
-4707
-4901
-4999
-5098
-5218
-5333
-5341
-5209
-4980
-4666
-4383
-4154
-3968
-3803
-3587
-3327
-2988
-2628
-2301
-1984
-1683
-1382
-1071
-768
-479
-170
132
396
567
626
612
540
443
355
306
252
107
-157
-487
-770
-963
-1150
-1362
-1569
-1761
-1951
-2165
-2297
-2259
-2114
-1945
-1750
-1439
-1026
-594
-190
233
767
1371
1919
2355
2731
3065
3314
3472
3596
3752
3910
3957
3873
3728
3593
3442
3216
2955
2761
2644
2517
2312
2074
1829
1574
1342
1177
1122
1111
1045
958
935
1024
1155
1202
1162
1142
1234
1424
1636
1803
1842
1717
1461
1177
966
815
607
233
-314
-939
-1554
-2110
-2621
-3101
-3556
-4000
-4424
-4786
-5030
-5142
-5173
-5201
-5267
-5336
-5385
-5397
-5351
-5268
-5164
-5091
-5058
-5013
-4912
-4724
-4430
-4035
-3530
-2975
-2415
-1819
-1228
-626
-9
596
1217
1837
2448
2972
3343
3614
3790
3908
4050
4265
4564
4826
4967
5015
4969
4849
4697
4564
4501
4459
4346
4106
3719
3244
2743
2297
1995
1813
1673
1489
1244
1031
909
916
1017
1103
1154
1178
1237
1352
1504
1700
1823
1845
1842
1851
1914
1957
1936
1865
1719
1534
1306
1021
684
237
-306
-891
-1442
-1966
-2575
-3222
-3895
-4610
-5326
-6035
-6620
-7102
-7518
-7792
-8023
-8211
-8357
-8487
-8470
-8263
-7881
-7390
-6871
-6276
-5621
-4996
-4367
-3685
-2880
-1951
-958
65
1046
1969
2787
3479
4137
4826
5524
6138
6588
6921
7125
7163
7078
6899
6692
6437
6060
5594
5091
4591
4071
3530
2995
2424
1797
1198
707
326
16
-317
-679
-1020
-1311
-1497
-1572
-1538
-1450
-1353
-1227
-1050
-792
-462
-105
277
651
1002
1371
1770
2190
2589
2928
3204
3379
3492
3575
3631
3702
3741
3720
3571
3268
2870
2310
1642
932
169
-602
-1426
-2275
-3157
-4129
-5101
-6051
-6892
-7493
-7939
-8253
-8475
-8624
-8710
-8834
-8794
-8495
-8027
-7412
-6782
-6126
-5497
-4908
-4213
-3453
-2556
-1549
-587
269
986
1679
2358
3017
3720
4337
4830
5187
5409
5557
5601
5650
5669
5553
5348
5020
4604
4113
3582
3077
2540
2044
1591
1087
531
-8
-454
-851
-1139
-1280
-1356
-1403
-1425
-1357
-1200
-918
-485
-43
380
818
1266
1723
2184
2728
3303
3794
4169
4415
4613
4830
5086
5344
5516
5574
5505
5306
5027
4770
4543
4235
3781
3163
2407
1585
732
-102
-943
-1839
-2761
-3776
-4794
-5728
-6590
-7331
-8008
-8561
-8968
-9282
-9459
-9588
-9666
-9700
-9694
-9476
-9092
-8578
-8031
-7554
-7092
-6648
-6088
-5360
-4462
-3420
-2399
-1432
-499
473
1507
2524
3517
4433
5230
5886
6414
6876
7232
7436
7434
7277
7043
6731
6455
6181
5930
5634
5178
4724
4263
3905
3674
3399
3137
2768
2308
1881
1429
1103
781
378
-8
-444
-685
-783
-846
-806
-885
-934
-906
-834
-522
-222
64
291
300
364
423
512
660
637
609
500
314
186
-41
-274
-563
-910
-1178
-1446
-1618
-1799
-2055
-2307
-2635
-2870
-3065
-3190
-3172
-3261
-3324
-3474
-3653
-3667
-3705
-3544
-3378
-3285
-3073
-3013
-2763
-2367
-1987
-1440
-1111
-765
-392
-160
320
679
980
1272
1277
1439
1516
1578
1761
1697
1743
1746
1657
1700
1586
1590
1628
1600
1729
1686
1626
1579
1429
1465
1479
1536
1620
1504
1478
1393
1298
1318
1187
1097
962
778
788
738
767
799
648
601
502
472
602
663
831
885
820
818
680
645
660
635
703
651
625
627
546
555
458
308
189
-35
-183
-376
-599
-771
-1078
-1371
-1688
-2028
-2264
-2493
-2629
-2718
-2792
-2812
-2864
-2864
-2863
-2835
-2748
-2640
-2474
-2343
-2203
-2078
-1992
-1855
-1740
-1569
-1379
-1212
-975
-792
-562
-313
-101
168
360
579
794
975
1251
1477
1734
1967
2087
2217
2249
2305
2412
2463
2550
2516
2379
2204
1943
1770
1619
1489
1385
1180
981
757
562
506
494
577
642
615
584
487
448
474
506
581
560
493
427
376
411
449
487
497
482
517
569
638
665
633
571
469
382
237
34
-187
-422
-563
-655
-720
-788
-977
-1192
-1420
-1584
-1616
-1610
-1545
-1584
-1749
-1989
-2321
-2573
-2750
-2819
-2803
-2855
-2925
-3070
-3203
-3222
-3138
-2891
-2625
-2358
-2112
-1895
-1544
-1133
-686
-266
-3
260
523
841
1231
1509
1771
1973
2150
2460
2765
3095
3339
3443
3559
3633
3778
3946
3993
3950
3754
3504
3269
3001
2743
2425
2063
1666
1205
756
303
-118
-484
-812
-1087
-1342
-1567
-1749
-1894
-1991
-2039
-2061
-2058
-2015
-1942
-1844
-1753
-1664
-1544
-1392
-1182
-938
-685
-438
-206
36
296
562
816
1024
1172
1271
1334
1362
1356
1284
1153
984
768
520
256
-19
-303
-601
-897
-1159
-1376
-1573
-1751
-1918
-2088
-2239
-2359
-2441
-2491
-2533
-2569
-2604
-2628
-2641
-2637
-2590
-2481
-2305
-2062
-1766
-1451
-1114
-755
-367
63
529
998
1439
1837
2190
2519
2816
3085
3329
3532
3696
3816
3891
3912
3896
3853
3806
3727
3592
3412
3189
2953
2701
2447
2173
1837
1454
1023
558
112
-301
-668
-989
-1274
-1520
-1765
-2011
-2234
-2433
-2596
-2697
-2745
-2740
-2683
-2576
-2434
-2280
-2120
-1962
-1817
-1680
-1521
-1327
-1103
-846
-592
-363
-182
-60
9
30
35
24
11
-8
-57
-142
-258
-405
-571
-744
-918
-1076
-1217
-1316
-1387
-1438
-1446
-1426
-1379
-1309
-1219
-1091
-933
-747
-521
-271
-1
269
533
803
1062
1309
1547
1781
2010
2245
2462
2654
2826
2950
3042
3095
3098
3057
2967
2848
2714
2556
2384
2186
1951
1687
1398
1097
788
485
192
-82
-341
-583
-792
-993
-1176
-1350
-1515
-1646
-1762
-1855
-1934
-2003
-2037
-2049
-2042
-1998
-1942
-1858
-1759
-1661
-1525
-1373
-1191
-991
-812
-614
-420
-227
-21
168
335
465
562
650
715
766
792
770
695
579
443
295
117
-73
-274
-490
-703
-903
-1084
-1243
-1365
-1466
-1536
-1562
-1565
-1521
-1439
-1303
-1131
-963
-766
-552
-305
-22
268
552
779
988
1215
1443
1701
1928
2065
2125
2160
2227
2332
2438
2485
2436
2296
2121
1986
1886
1788
1646
1389
1053
725
469
304
151
-36
-313
-632
-887
-1038
-1071
-1062
-1103
-1225
-1361
-1429
-1356
-1189
-1035
-969
-1038
-1115
-1077
-902
-659
-471
-431
-507
-587
-548
-368
-152
-22
-44
-154
-241
-224
-115
-10
4
-120
-312
-475
-547
-555
-580
-652
-804
-987
-1123
-1182
-1173
-1150
-1150
-1162
-1182
-1154
-1043
-870
-652
-444
-262
-98
82
311
552
812
1035
1225
1400
1553
1731
1886
2015
2102
2099
2069
2003
1954
1914
1818
1692
1505
1310
1132
967
826
629
403
143
-101
-279
-414
-479
-576
-695
-818
-947
-983
-995
-957
-931
-962
-961
-979
-898
-766
-642
-494
-430
-357
-274
-177
-16
114
220
271
306
376
466
591
671
690
640
548
473
416
403
364
280
160
-19
-160
-263
-322
-364
-476
-651
-890
-1114
-1249
-1313
-1320
-1362
-1475
-1618
-1765
-1815
-1761
-1665
-1549
-1480
-1434
-1368
-1243
-1029
-758
-462
-184
58
279
501
755
1027
1305
1584
1808
1958
2044
2099
2138
2168
2176
2123
1994
1784
1534
1291
1073
886
681
451
197
-65
-267
-400
-481
-552
-661
-744
-765
-728
-651
-615
-647
-718
-780
-755
-653
-526
-427
-436
-516
-604
-608
-467
-256
-39
99
135
128
152
287
538
832
1067
1164
1146
1112
1129
1249
1410
1520
1516
1389
1201
1006
842
691
506
278
15
-244
-452
-616
-772
-943
-1131
-1292
-1395
-1438
-1420
-1383
-1370
-1394
-1425
-1411
-1359
-1300
-1253
-1243
-1260
-1280
-1273
-1201
-1090
-954
-828
-718
-588
-451
-273
-62
143
324
453
552
632
685
723
730
719
671
576
500
451
436
420
393
381
341
307
311
340
426
499
533
544
514
486
456
455
481
468
448
400
359
349
329
360
413
448
492
487
481
494
493
532
551
540
499
384
280
191
138
132
99
48
-45
-142
-180
-192
-160
-136
-151
-157
-178
-187
-191
-193
-173
-174
-194
-236
-260
-215
-152
-112
-138
-227
-325
-381
-339
-247
-201
-238
-360
-457
-513
-516
-489
-494
-479
-494
-529
-552
-589
-602
-625
-621
-595
-589
-580
-609
-611
-573
-545
-517
-523
-500
-429
-329
-186
-91
-47
-22
24
162
324
457
549
578
609
647
698
780
853
895
911
919
911
887
847
820
793
733
665
587
543
526
481
439
327
182
77
3
56
82
24
-96
-295
-365
-349
-261
-182
-257
-357
-444
-397
-242
-123
-51
-96
-137
-101
-8
145
221
258
259
247
297
292
290
269
238
252
207
178
136
46
-34
-169
-252
-320
-407
-420
-472
-547
-693
-883
-942
-959
-917
-892
-950
-1003
-1123
-1182
-1166
-1122
-999
-913
-803
-708
-673
-597
-519
-351
-121
78
279
398
498
612
735
900
1012
1096
1162
1207
1261
1279
1252
1187
1122
1086
1046
1009
942
829
690
531
415
331
272
226
139
44
-78
-184
-223
-211
-166
-150
-199
-271
-315
-288
-193
-100
-44
-50
-86
-98
-81
5
126
218
272
281
262
240
245
301
378
433
458
414
335
250
169
102
25
-39
-113
-215
-346
-510
-681
-855
-1020
-1149
-1240
-1313
-1403
-1535
-1697
-1841
-1917
-1912
-1840
-1756
-1688
-1649
-1623
-1549
-1418
-1226
-986
-742
-510
-293
-84
132
352
591
839
1083
1313
1524
1719
1900
2035
2120
2161
2184
2218
2263
2308
2299
2196
2011
1786
1587
1456
1369
1272
1078
786
472
194
5
-127
-231
-362
-544
-727
-886
-960
-964
-944
-900
-894
-899
-887
-850
-734
-588
-432
-296
-234
-166
-102
-12
120
207
276
285
265
264
274
319
320
254
137
-16
-128
-187
-218
-253
-365
-552
-769
-950
-1038
-1077
-1107
-1174
-1302
-1472
-1645
-1754
-1768
-1727
-1666
-1634
-1637
-1639
-1618
-1554
-1436
-1267
-1072
-862
-640
-411
-186
13
204
406
656
973
1293
1574
1775
1900
1991
2080
2202
2353
2495
2591
2589
2489
2340
2208
2131
2071
1997
1876
1671
1420
1169
978
873
776
631
430
193
5
-128
-221
-298
-387
-478
-582
-687
-771
-840
-886
-931
-960
-947
-930
-932
-985
-1065
-1099
-1088
-1037
-982
-948
-948
-993
-1050
-1102
-1102
-1019
-917
-861
-896
-980
-1059
-1086
-1026
-912
-808
-793
-882
-1000
-1062
-1033
-916
-780
-685
-662
-705
-750
-725
-599
-393
-181
-4
112
155
196
291
456
683
904
1069
1154
1167
1188
1262
1382
1516
1608
1650
1621
1555
1514
1497
1512
1532
1527
1475
1370
1237
1103
998
926
901
911
881
771
580
367
229
196
238
271
210
50
-174
-343
-382
-320
-234
-232
-329
-487
-614
-632
-552
-428
-378
-427
-537
-645
-653
-582
-485
-408
-428
-524
-653
-747
-752
-720
-689
-711
-822
-977
-1136
-1224
-1236
-1230
-1245
-1316
-1436
-1534
-1559
-1509
-1416
-1365
-1349
-1333
-1296
-1186
-1034
-872
-735
-660
-589
-476
-321
-127
44
190
305
372
477
592
727
894
1020
1121
1174
1215
1314
1420
1545
1671
1737
1785
1803
1817
1878
1926
1976
2015
1997
1968
1894
1799
1740
1677
1632
1586
1461
1304
1102
913
798
697
633
518
348
155
-64
-215
-333
-403
-455
-564
-713
-908
-1074
-1188
-1247
-1259
-1302
-1379
-1504
-1633
-1716
-1764
-1741
-1709
-1700
-1713
-1777
-1799
-1767
-1714
-1634
-1577
-1511
-1446
-1398
-1322
-1244
-1133
-1014
-908
-792
-711
-619
-518
-441
-346
-251
-141
-33
47
111
144
196
263
327
418
482
566
640
662
700
730
803
892
964
1065
1141
1209
1251
1246
1269
1299
1353
1413
1435
1466
1475
1468
1456
1415
1410
1445
1465
1466
1441
1393
1334
1260
1195
1147
1107
1074
1014
897
746
567
396
241
78
-80
-235
-411
-626
-876
-1099
-1260
-1383
-1494
-1606
-1720
-1824
-1922
-2007
-2056
-2042
-1960
-1865
-1800
-1759
-1738
-1688
-1601
-1490
-1340
-1158
-963
-802
-711
-651
-577
-470
-331
-174
-16
131
209
214
191
187
225
286
381
454
480
450
355
235
138
116
133
148
157
139
83
-12
-107
-135
-94
-12
82
160
220
247
271
322
420
576
779
973
1088
1138
1172
1234
1322
1433
1573
1705
1764
1735
1669
1616
1600
1612
1631
1633
1573
1452
1302
1140
998
891
799
687
511
304
110
-73
-259
-437
-597
-760
-948
-1134
-1281
-1394
-1491
-1581
-1691
-1806
-1890
-1934
-1936
-1924
-1894
-1842
-1801
-1779
-1750
-1688
-1591
-1488
-1377
-1267
-1163
-1041
-929
-818
-705
-609
-482
-338
-195
-47
58
129
150
150
194
236
273
288
273
243
175
113
98
100
100
89
80
99
134
184
259
347
431
488
535
607
696
819
942
1043
1134
1171
1191
1217
1274
1386
1457
1494
1498
1461
1460
1441
1435
1443
1387
1329
1254
1174
1138
1083
1035
977
862
769
641
492
358
216
137
80
2
-71
-231
-456
-696
-917
-1023
-1056
-1033
-1011
-1107
-1284
-1495
-1666
-1692
-1647
-1558
-1488
-1538
-1590
-1645
-1622
-1479
-1358
-1252
-1248
-1331
-1330
-1278
-1087
-833
-662
-552
-588
-655
-657
-620
-466
-292
-146
-21
-3
2
-18
-44
0
40
136
212
248
292
279
311
336
372
451
487
544
576
636
760
834
924
949
936
977
1002
1103
1220
1305
1374
1331
1276
1230
1197
1223
1243
1261
1258
1215
1160
1073
982
907
822
729
636
553
460
353
250
141
22
-119
-277
-430
-562
-647
-725
-805
-871
-957
-1050
-1134
-1190
-1200
-1189
-1157
-1126
-1100
-1051
-1014
-963
-895
-837
-763
-723
-680
-634
-629
-599
-591
-569
-510
-516
-493
-487
-507
-493
-517
-478
-422
-393
-333
-319
-276
-222
-181
-83
3
101
185
231
320
396
488
584
645
714
762
816
879
936
990
1021
1047
1068
1097
1108
1092
1073
1028
989
944
870
783
660
544
442
343
265
143
8
-121
-245
-312
-373
-415
-460
-528
-578
-609
-626
-634
-625
-608
-604
-610
-609
-599
-561
-512
-476
-460
-456
-447
-413
-339
-277
-226
-214
-208
-168
-130
-68
-24
-5
16
33
89
148
203
251
267
283
301
328
357
361
358
313
261
201
135
98
44
-31
-139
-273
-379
-461
-496
-517
-566
-634
-701
-708
-654
-576
-493
-446
-435
-413
-352
-243
-105
19
122
198
254
333
435
535
629
705
768
838
910
996
1052
1066
1047
1006
985
985
1003
1006
958
865
723
576
484
436
409
384
324
230
112
-9
-136
-259
-362
-435
-478
-507
-536
-586
-679
-797
-923
-1034
-1093
-1085
-1027
-946
-883
-873
-918
-991
-1035
-1024
-950
-842
-722
-615
-530
-467
-413
-353
-302
-250
-194
-125
-25
88
188
259
286
277
250
242
271
327
394
441
465
463
446
425
404
400
401
398
380
353
313
281
247
203
184
180
188
197
186
174
151
122
115
138
176
230
294
363
415
444
444
420
390
361
374
430
499
553
570
543
466
345
221
132
77
55
42
32
-14
-97
-189
-289
-369
-417
-430
-411
-373
-345
-331
-337
-354
-370
-388
-395
-388
-378
-377
-386
-424
-471
-505
-502
-454
-395
-341
-312
-322
-357
-408
-435
-425
-374
-298
-225
-161
-116
-89
-84
-102
-121
-120
-79
-4
77
148
190
198
194
196
214
265
327
365
357
326
309
308
335
365
374
356
308
270
239
223
210
179
139
99
80
89
112
111
72
0
-77
-105
-70
-3
43
45
11
-38
-67
-56
-7
39
60
37
9
1
14
49
82
98
77
54
45
50
53
46
30
-4
-42
-53
-45
-39
-51
-77
-112
-162
-188
-184
-178
-184
-204
-212
-208
-215
-205
-184
-185
-190
-204
-202
-178
-148
-96
-52
-21
-9
-12
0
16
43
80
100
110
96
75
76
89
103
101
79
68
65
69
80
77
73
67
62
63
53
40
24
-1
-16
-16
-3
19
9
-14
-35
-47
-12
36
73
92
75
66
78
101
147
174
175
148
116
118
133
154
152
117
77
53
51
76
96
84
50
-10
-42
-43
-28
-9
-21
-47
-69
-95
-110
-122
-140
-154
-186
-204
-205
-210
-207
-211
-211
-209
-210
-207
-212
-225
-218
-196
-154
-103
-74
-63
-81
-99
-99
-75
-19
25
45
43
43
54
64
72
72
72
87
108
139
155
131
92
71
76
99
124
134
116
84
59
48
66
101
149
177
161
116
76
72
105
146
170
153
105
60
33
39
54
51
28
8
-1
-3
19
50
68
60
54
50
61
100
139
168
154
118
69
36
32
52
82
79
43
-23
-84
-124
-146
-159
-175
-197
-209
-228
-261
-307
-369
-425
-450
-425
-371
-316
-291
-315
-356
-382
-351
-261
-150
-65
-21
-17
-33
-45
-22
34
97
154
185
188
176
161
165
184
207
226
233
232
213
194
186
175
143
111
99
95
87
73
64
54
24
2
30
74
99
102
91
66
41
43
85
130
146
133
95
53
30
41
85
115
118
120
135
142
143
164
199
210
199
211
238
249
230
194
162
119
81
70
64
26
-50
-132
-207
-261
-285
-292
-314
-382
-474
-539
-567
-572
-558
-562
-575
-605
-612
-566
-510
-461
-427
-437
-434
-384
-296
-168
-69
-32
-24
-24
7
76
149
216
258
271
279
280
276
270
248
212
168
145
149
160
137
72
-13
-84
-101
-58
21
94
122
94
51
43
93
196
313
393
401
372
359
394
488
571
584
562
529
527
575
628
666
644
567
499
465
481
514
520
476
383
278
208
178
177
154
78
-32
-144
-229
-288
-335
-391
-459
-526
-601
-652
-691
-745
-786
-810
-813
-794
-790
-801
-828
-873
-874
-836
-796
-770
-775
-776
-758
-710
-644
-605
-585
-563
-521
-457
-393
-338
-310
-300
-281
-228
-144
-55
12
37
41
56
113
219
339
432
478
483
484
546
655
765
840
868
866
841
824
825
839
865
863
818
736
646
572
532
513
497
478
427
348
278
231
211
221
252
293
292
232
141
98
161
256
314
296
198
82
-10
-49
-6
47
46
-25
-152
-259
-343
-391
-389
-368
-351
-374
-465
-607
-722
-771
-749
-696
-668
-692
-764
-822
-831
-772
-665
-594
-562
-535
-499
-452
-408
-366
-292
-208
-137
-90
-82
-73
-44
11
71
90
88
84
100
162
233
275
268
223
193
192
248
336
382
395
378
348
317
284
271
288
328
384
425
412
357
276
223
250
325
401
430
379
288
188
118
108
152
215
243
185
50
-103
-203
-174
-62
27
29
-71
-182
-220
-170
-72
-18
-24
-53
-69
-56
-21
8
12
-11
-35
-28
-16
-12
-31
-66
-100
-128
-134
-123
-119
-161
-234
-301
-331
-303
-266
-247
-265
-329
-381
-381
-312
-209
-158
-162
-191
-200
-162
-90
1
49
60
55
61
95
132
144
129
121
134
150
137
103
71
55
64
98
124
113
80
63
64
83
121
139
140
129
122
126
127
148
167
158
155
159
153
139
126
127
111
96
106
91
43
0
-25
-30
-28
-8
9
-24
-71
-109
-121
-94
-50
5
34
12
-16
-35
-36
-2
38
55
34
-3
-25
-25
-22
-2
8
-24
-60
-93
-106
-102
-86
-67
-79
-104
-130
-137
-125
-95
-75
-82
-97
-114
-117
-107
-86
-59
-35
-34
-51
-58
-39
0
20
22
5
19
61
79
86
85
86
87
85
85
80
70
50
-3
-52
-63
-41
-15
-25
-35
-36
-46
-54
-56
-28
12
31
22
-3
-3
33
82
101
84
76
86
101
102
103
124
150
142
98
76
95
126
127
97
86
90
69
37
32
66
89
41
-20
-40
-39
-34
-37
-34
-33
-69
-129
-155
-136
-100
-96
-118
-137
-137
-135
-147
-140
-116
-102
-115
-133
-112
-72
-66
-82
-83
-52
-24
-23
-13
14
37
39
34
46
81
93
87
94
92
89
75
77
105
118
111
100
94
101
92
71
77
86
79
68
55
48
30
6
-12
-28
-24
-8
-20
-46
-82
-109
-114
-126
-113
-87
-72
-77
-127
-150
-139
-114
-85
-73
-40
-8
-20
-39
-49
-20
31
55
78
88
98
103
74
66
86
104
114
100
107
126
110
60
-9
-20
13
25
24
21
25
-8
-83
-110
-76
-40
-22
-48
-63
-50
-49
-41
-46
-44
-29
-33
-36
-37
-20
11
18
2
8
19
9
-2
-2
42
71
68
50
24
15
5
7
34
54
47
29
3
-15
-22
-15
13
31
30
-3
-42
-52
-37
-25
-42
-60
-58
-42
-38
-37
-26
-21
-45
-77
-74
-38
5
22
12
8
11
19
27
45
63
78
91
94
96
102
101
96
85
73
78
85
77
51
22
10
5
-2
-11
-17
-25
-42
-65
-72
-68
-62
-63
-75
-74
-58
-45
-36
-30
-23
-29
-46
-61
-53
-26
-3
-2
-18
-33
-33
-32
-42
-46
-45
-22
-16
-24
-17
-11
-6
-20
-33
-19
3
24
23
14
18
9
2
-1
1
19
25
10
-3
-14
-3
13
8
12
5
-10
-11
-8
20
37
30
31
17
12
19
24
54
69
70
65
39
34
41
53
78
79
89
92
72
73
72
77
73
56
56
65
69
73
44
18
4
-35
-60
-62
-41
-9
-18
-34
-52
-73
-93
-126
-126
-106
-95
-84
-98
-104
-92
-106
-121
-135
-138
-109
-77
-52
-25
-17
-25
-51
-68
-58
-35
6
35
51
41
19
20
26
23
28
37
38
34
32
39
45
59
61
38
14
7
5
14
39
60
67
57
34
8
7
37
62
72
67
62
43
17
9
16
28
27
22
13
11
8
-1
-3
-3
-4
-1
4
8
8
9
20
33
39
31
4
-21
-11
9
29
55
71
77
50
17
5
3
22
30
29
30
14
-5
-22
-27
-20
-28
-52
-72
-85
-87
-91
-94
-96
-107
-126
-148
-162
-156
-151
-137
-129
-119
-95
-82
-78
-76
-57
-43
-22
-11
-6
2
9
20
25
37
41
37
34
43
61
70
76
76
68
51
38
39
45
69
98
111
98
84
80
76
87
114
135
143
134
111
90
73
73
96
