-105
-102
-98
-96
-88
-85
-76
-64
-52
-38
-26
-11
3
18
30
42
59
71
85
100
117
128
134
148
163
184
197
205
207
214
219
212
208
207
200
188
175
154
137
118
97
88
70
46
24
-7
-34
-52
-69
-86
-106
-117
-125
-133
-138
-143
-141
-137
-133
-132
-129
-121
-122
-110
-96
-90
-78
-72
-72
-73
-77
-82
-84
-87
-85
-88
-96
-98
-100
-92
-84
-77
-63
-48
-35
-26
-18
-4
8
19
31
40
44
43
45
42
42
41
34
35
27
27
33
28
30
25
25
25
25
26
29
32
35
41
42
43
40
40
41
47
51
51
54
56
60
68
74
78
90
94
99
104
108
109
108
101
96
91
79
69
58
55
51
37
20
-1
-20
-36
-50
-61
-71
-83
-92
-103
-114
-121
-136
-150
-159
-161
-157
-148
-145
-151
-157
-161
-165
-164
-161
-157
-151
-145
-132
-126
-118
-104
-93
-77
-63
-51
-28
-20
-9
10
15
36
54
67
85
96
110
114
115
122
132
142
151
154
153
150
155
158
167
175
174
176
175
175
165
155
148
142
135
122
118
109
100
100
92
84
77
67
57
48
40
33
24
10
-6
-20
-39
-59
-77
-95
-109
-120
-130
-136
-145
-145
-149
-156
-162
-168
-176
-188
-194
-204
-214
-224
-238
-241
-241
-236
-237
-238
-233
-230
-216
-210
-200
-184
-166
-144
-121
-97
-69
-47
-25
-3
20
43
69
92
112
137
154
172
185
190
199
206
208
213
220
227
244
259
265
267
265
272
274
272
277
265
259
252
238
233
217
206
193
176
158
138
125
103
82
62
45
31
14
1
-19
-34
-43
-59
-74
-89
-109
-122
-136
-149
-159
-175
-191
-204
-217
-231
-243
-257
-273
-289
-304
-310
-311
-320
-323
-327
-330
-329
-331
-325
-318
-308
-289
-275
-257
-229
-210
-189
-168
-151
-123
-100
-77
-49
-24
2
26
49
71
97
122
150
181
207
232
254
272
288
310
325
343
362
373
390
401
407
419
414
410
406
396
385
372
361
341
319
297
271
249
221
194
173
142
117
83
57
40
14
-7
-29
-56
-75
-93
-107
-118
-138
-154
-175
-194
-210
-230
-248
-266
-287
-309
-326
-337
-353
-370
-384
-399
-409
-413
-412
-408
-401
-393
-379
-361
-340
-322
-300
-274
-247
-212
-178
-142
-96
-51
-8
35
79
129
172
210
239
257
275
284
290
291
292
285
273
255
231
207
183
159
135
110
92
74
59
54
59
71
83
98
122
152
178
206
234
249
264
286
293
300
298
283
274
251
226
201
163
128
90
46
4
-38
-90
-132
-173
-214
-245
-274
-291
-307
-323
-328
-324
-324
-312
-297
-286
-261
-235
-205
-173
-152
-128
-104
-85
-68
-56
-44
-28
-22
-24
-23
-20
-25
-22
-19
-27
-29
-32
-31
-24
-18
-5
16
27
38
51
65
78
89
98
104
109
117
122
122
120
111
105
98
89
84
77
75
70
61
52
45
41
31
27
30
29
28
25
25
29
31
29
29
28
23
18
18
16
17
7
-7
-10
-17
-27
-36
-37
-37
-37
-32
-31
-31
-28
-27
-30
-28
-30
-30
-30
-37
-38
-46
-46
-42
-42
-38
-39
-41
-44
-52
-55
-60
-63
-61
-64
-57
-53
-52
-41
-31
-20
-15
-10
-4
-5
-7
-3
0
6
6
7
6
9
11
12
16
15
21
25
26
28
24
29
32
31
34
33
37
38
43
53
60
70
69
73
79
84
85
77
71
68
65
60
53
41
25
21
15
10
9
1
-5
-18
-23
-18
-15
-11
-19
-24
-17
-19
-15
-13
-15
-14
-18
-17
-10
-14
-21
-33
-45
-53
-62
-69
-79
-87
-93
-101
-107
-113
-116
-125
-139
-142
-149
-151
-149
-155
-157
-156
-146
-131
-120
-103
-88
-73
-55
-36
-17
1
24
44
63
84
105
127
140
156
172
173
177
177
174
180
179
174
168
163
162
156
144
135
125
120
118
115
111
107
99
88
75
59
48
34
20
12
-8
-18
-22
-40
-47
-63
-73
-69
-74
-69
-64
-70
-69
-74
-78
-76
-73
-73
-70
-71
-70
-62
-64
-65
-67
-69
-66
-64
-63
-64
-68
-67
-61
-57
-47
-39
-34
-32
-29
-25
-18
-9
-2
5
7
9
12
11
13
15
15
14
13
15
23
23
19
16
9
8
8
6
3
2
4
5
5
3
9
15
16
16
17
18
21
26
33
36
39
36
32
31
37
39
42
48
45
46
50
56
54
46
45
35
26
21
19
20
22
28
25
25
28
24
23
19
15
12
8
-1
-13
-25
-42
-53
-62
-75
-76
-80
-87
-92
-98
-97
-100
-98
-92
-91
-88
-83
-78
-72
-62
-55
-47
-42
-35
-29
-21
-14
-5
4
6
14
18
25
33
39
49
57
60
68
74
80
83
78
79
76
68
67
61
62
56
52
51
46
45
41
32
31
34
31
32
32
35
29
18
10
1
-2
2
-5
-8
-5
-10
-10
-16
-22
-21
-33
-41
-49
-62
-69
-74
-77
-74
-72
-71
-75
-79
-84
-84
-85
-86
-82
-81
-76
-73
-67
-59
-42
-25
-17
-5
1
15
32
42
46
48
54
62
65
68
64
59
52
47
42
39
38
32
31
29
36
39
40
45
46
50
52
51
49
48
50
54
53
52
46
42
40
35
32
25
16
10
0
-6
-8
-14
-16
-18
-24
-25
-26
-30
-27
-27
-30
-37
-45
-50
-51
-53
-49
-47
-44
-38
-38
-29
-28
-31
-30
-40
-39
-34
-38
-34
-37
-31
-25
-24
-16
-16
-10
-11
-18
-17
-15
-14
-8
-8
-10
-8
-14
-15
-19
-24
-20
-21
-18
-17
-21
-12
-10
-10
2
3
12
23
38
76
93
110
123
125
151
149
140
145
138
155
163
150
147
135
119
97
57
50
73
97
109
82
54
30
19
34
57
80
80
53
19
-10
-20
-13
-9
-15
-36
-56
-81
-123
-146
-166
-187
-227
-289
-303
-290
-264
-234
-230
-214
-220
-269
-319
-331
-290
-234
-239
-286
-308
-288
-237
-246
-306
-293
-231
-169
-108
-44
45
85
264
810
1612
1941
1274
73
-940
-1473
-1663
-1575
-1157
-624
-326
-181
70
361
147
-733
-1610
-1832
-1295
-454
206
450
270
31
53
322
631
838
1182
1747
2289
2698
2915
2768
2168
1457
1193
1384
1602
1526
1406
1719
2018
1593
491
-701
-1360
-1395
-1025
-589
-410
-612
-1237
-1779
-1737
-1367
-1203
-1470
-1847
-1968
-1708
-1261
-891
-612
-514
-619
-732
-635
-476
-483
-468
-231
189
513
589
514
479
458
143
-212
-392
-520
-588
-604
-480
-431
-500
-585
-675
-546
-509
-558
-432
-267
-82
-80
-20
116
125
244
202
135
104
113
499
941
1284
1260
955
803
664
744
974
1054
980
614
337
395
499
568
430
337
276
64
-44
-141
-4
157
203
398
399
322
149
27
197
238
205
223
384
623
692
662
578
524
522
506
644
728
615
486
308
366
310
162
68
-303
-513
-904
-1202
-1344
-1513
-1545
-1624
-1319
-1300
-1156
-1029
-1326
-1192
-1355
-1373
-1221
-1179
-877
-812
-551
-602
-723
-275
-433
255
1504
2022
2679
1953
1072
692
274
146
-580
258
683
631
1219
467
707
-232
-1968
-3163
-3832
-2805
-3307
-3296
-2956
-3090
-2554
-3026
-2911
-2718
-2426
-2621
-2983
-1754
-631
618
1477
2358
3345
3742
4546
4742
5120
5915
5740
5764
6119
6281
6481
6688
6519
6158
6657
6207
5048
4181
2329
1404
405
-903
-1669
-2195
-2044
-3292
-3708
-3851
-4938
-5326
-6592
-7567
-7719
-7023
-7018
-7224
-5606
-5277
-5048
-4006
-3736
-3270
-2322
-1849
-1825
-482
1035
1619
2349
3488
4092
4043
4620
4535
3970
4517
4156
2972
2849
2647
1940
1474
1295
640
-61
-141
-1023
-1737
-1720
-2075
-2822
-3118
-2764
-2948
-2422
-2154
-2221
-1634
-972
-516
-466
1130
2004
2530
3127
2685
3316
3403
3249
2736
2882
3926
3364
3291
2601
2456
1840
82
-1099
-2634
-2585
-3527
-5128
-5200
-5562
-5568
-6078
-6325
-5904
-5507
-5436
-5945
-5499
-4581
-3462
-2550
-1486
315
1688
2691
3748
4422
5700
6404
6305
6565
6864
7403
7696
7637
7785
7904
7797
7283
6751
5831
5731
4486
2490
1679
-159
-1228
-2306
-3536
-4024
-4532
-4277
-5417
-5859
-5694
-6963
-7709
-8392
-8670
-8636
-7676
-6839
-6635
-5078
-4062
-3965
-3000
-1731
-904
-141
1119
1851
2574
4024
4576
4676
5512
6016
5773
5581
5866
5184
4530
4217
2936
2131
1522
949
126
-271
-143
-904
-1142
-1629
-2329
-2312
-2387
-2187
-2213
-1972
-878
-10
425
1182
1262
1435
1630
1335
1071
990
1695
1183
1050
1295
1165
1347
6
-719
-2299
-3190
-3494
-5750
-6202
-6580
-7191
-7318
-7293
-6886
-6486
-5695
-5722
-5288
-4277
-3315
-2462
-1716
145
1546
2620
4196
5216
6248
7584
7864
7905
8457
8617
8331
8125
8234
8107
8210
8055
7775
8418
7660
6774
5528
3254
2385
527
-1519
-2747
-3732
-3998
-4896
-4581
-4505
-5043
-5140
-6411
-7420
-7977
-7566
-8020
-8767
-7348
-7266
-6662
-4615
-3943
-3033
-1652
-1012
-917
16
1396
1715
2169
3072
3441
3654
4591
5322
4800
5246
5028
3366
2826
2049
807
-338
-839
-1197
-1503
-673
-565
-437
73
370
148
-65
1211
1201
1037
984
39
492
814
1048
933
1310
2502
1835
1818
1645
1233
794
-850
-2038
-3405
-3613
-4258
-6124
-6608
-7010
-7487
-8237
-8395
-8200
-7889
-7111
-7191
-6672
-5318
-3834
-2696
-1483
683
2186
3487
5241
6315
7636
8898
9285
9366
9698
10373
10270
10243
10345
10069
10091
9956
10494
9546
8699
8164
5441
4375
3024
854
-924
-2682
-3858
-5899
-5858
-6316
-7902
-7910
-8777
-9493
-10009
-9520
-9768
-11064
-10077
-10167
-10258
-8299
-7377
-6939
-5240
-3390
-2379
-858
1416
2417
2694
3735
4115
4116
5225
6116
5770
6221
7217
6519
6014
6135
5163
3810
3004
2123
656
500
850
42
178
673
688
1076
1529
1712
619
420
433
-994
-1094
-1300
-1342
-1074
-768
-298
-624
553
236
-806
-1030
-1873
-2214
-3969
-4901
-5963
-7247
-6928
-7768
-8023
-7334
-6843
-6962
-6316
-5020
-4466
-3299
-2516
-1721
-430
856
2135
2877
4165
5780
6333
7103
8543
9089
9639
10174
9720
9641
9897
9947
9979
9375
9139
8465
6706
6058
4851
3208
2146
582
-1136
-2553
-2712
-3748
-5167
-5545
-6562
-7580
-8044
-7963
-9042
-9622
-9379
-10701
-10567
-9488
-9070
-8766
-7755
-6266
-5697
-4055
-2191
-1530
-373
1029
1509
1911
3501
4379
4338
5167
5478
5204
5282
5443
5078
4308
4504
3898
3228
3853
3746
3515
3624
4248
3952
3709
3917
2826
2707
2121
1201
510
138
595
-432
-399
81
-263
-286
-795
-1741
-2537
-2433
-3824
-5381
-5943
-7081
-7858
-8880
-9012
-8711
-8682
-8089
-7972
-7501
-6069
-5097
-4974
-3915
-2378
-1591
-212
1193
2258
3923
5161
6059
7082
8043
9324
9460
9530
10447
10237
10777
11180
10238
10256
9718
8880
8138
6920
6064
4422
3180
1740
2
-506
-1900
-3333
-4477
-5459
-6447
-7272
-7415
-8637
-8862
-8934
-9793
-9645
-9365
-9083
-9204
-8689
-7962
-7498
-6207
-5087
-4168
-3140
-1607
-525
230
2151
3000
3398
4383
4437
4669
4737
4639
4414
3917
4020
3581
3260
3539
3880
3847
4169
4864
4512
4739
4239
3317
2989
1997
1293
-32
-589
-643
-1112
-838
-761
-521
-540
-678
-1284
-1739
-1563
-2344
-3187
-4289
-4864
-5477
-6467
-6387
-6838
-6785
-6359
-6628
-6194
-4854
-3728
-3176
-2162
-1160
-60
1031
1986
2923
3572
4548
4846
5150
6146
6856
7009
7103
7352
7663
8506
8592
8571
8386
7722
7314
6206
5195
4109
3078
1629
172
-470
-1488
-2259
-3389
-4352
-5008
-5319
-5144
-5923
-6294
-6247
-6778
-7300
-7153
-7266
-7390
-6898
-6923
-6373
-5276
-4051
-3039
-2356
-1004
62
671
1484
1830
1728
2163
2088
1681
1611
1391
1267
750
566
583
692
1071
1271
1524
2091
2899
3028
3095
3009
3135
3057
2393
2155
1521
1529
1325
738
677
859
1118
640
711
618
736
714
-129
-560
-1299
-1480
-2458
-3813
-4150
-4687
-5323
-5737
-5696
-5720
-4840
-4229
-4092
-2912
-1819
-594
93
871
2128
2681
3202
3649
3785
4214
4796
4757
4937
5687
6540
6939
7282
7924
7929
7942
7551
6781
5847
4951
3810
1879
969
-39
-1439
-2654
-3717
-4649
-5553
-5650
-6336
-6858
-6622
-6555
-6805
-6530
-5931
-6147
-5861
-5681
-5495
-5048
-4368
-3608
-3578
-2630
-1532
-958
-80
883
1370
1734
2213
2175
2176
1978
1634
869
24
-42
-436
-656
-584
-349
282
833
1646
2187
2677
3356
3386
3109
2925
2989
2766
2331
2308
1994
1805
1695
1149
837
818
961
575
149
220
-7
-201
-428
-1017
-1676
-2093
-2769
-3768
-3992
-4025
-4369
-4386
-4147
-3569
-2542
-1478
-611
71
987
1934
2308
2766
3394
3446
3382
3503
3379
3890
4657
4659
5128
5695
6095
6702
6773
6525
6038
5512
4576
3234
2287
1313
-279
-1826
-2766
-4396
-5410
-5828
-7235
-7814
-7748
-7700
-7721
-7260
-6577
-6468
-5937
-5246
-4835
-4468
-3370
-2819
-2692
-1598
-866
-412
269
1174
1632
2223
3002
3190
3414
3385
3391
2657
1806
1579
600
-176
-298
-579
-866
-611
-495
-478
-61
405
709
756
1395
1767
1569
2067
2303
1810
1750
1714
1087
892
926
595
166
257
404
-20
104
289
-200
-452
-373
-876
-1358
-1350
-1787
-2317
-2408
-2237
-2345
-2199
-1640
-1385
-922
-147
569
950
1621
2292
2424
2846
3152
3354
3417
3317
3448
3297
3326
3716
3737
3623
3988
4123
4040
4203
4040
3624
2742
1782
609
-1022
-2151
-3379
-5056
-6127
-6514
-7286
-7480
-7004
-6988
-6575
-5922
-5116
-4324
-3450
-2274
-1807
-1538
-736
-309
-398
250
599
348
690
995
1246
1409
1668
1755
1329
1493
1697
1362
1507
1742
1265
793
630
279
-235
-639
-1210
-1663
-1686
-1336
-903
-498
571
1146
1468
2225
2441
2739
2668
2052
1378
594
-33
-810
-1606
-2098
-2418
-2668
-2537
-2187
-1936
-1361
-1070
-1215
-797
-617
-633
-418
-668
-581
-519
-464
-1
40
469
904
978
1603
2362
3189
3944
4491
5175
5691
6173
6715
6771
6471
6218
5730
4980
4455
3997
3231
2210
1379
723
-134
-611
-949
-2018
-2846
-3317
-4343
-5202
-5749
-6546
-7371
-7790
-7715
-7445
-6778
-5751
-4921
-4346
-3215
-2172
-1676
-731
-199
-68
222
423
513
517
468
172
7
-67
266
779
1119
1693
1968
2117
2163
2221
1990
1293
813
129
-332
-607
-849
-984
-1302
-1247
-1247
-1233
-732
-286
-138
-109
86
246
383
470
265
16
-383
-565
-732
-1089
-835
-767
-879
-614
-111
538
917
1389
1671
1712
2002
2315
2235
1902
1963
1601
919
1010
1072
984
1308
1755
2129
2615
3524
4063
4111
4398
4593
4301
3960
3958
3285
2579
2253
1349
729
239
-277
-792
-1420
-1518
-1675
-2111
-2193
-2297
-2795
-2867
-3007
-3436
-3467
-3528
-3514
-3684
-3629
-3172
-3169
-3077
-2718
-2705
-2671
-2267
-2362
-2527
-2376
-2370
-2368
-2594
-2254
-1888
-1896
-1319
-960
-806
-301
193
255
373
840
1037
1041
1036
1178
1056
740
789
526
267
509
465
219
353
613
767
763
766
981
888
762
849
504
320
422
100
-81
103
378
643
796
1264
1818
2188
2659
2992
3086
3239
3428
3128
2758
2663
2282
1833
1462
1272
1187
1045
1149
1235
1326
1700
1997
1949
1932
2010
1723
1221
751
214
-590
-1375
-1936
-2732
-3206
-3244
-3544
-3634
-3278
-2825
-2311
-1749
-1086
-542
-283
153
340
169
291
-27
-623
-939
-1391
-1698
-1880
-2109
-2120
-2066
-1962
-1583
-1179
-838
-461
-366
-384
-338
-488
-703
-1059
-1546
-1912
-2275
-2554
-2558
-2458
-2388
-2210
-1909
-1551
-1082
-674
-406
-306
-236
-63
-152
-248
-182
-299
-482
-536
-363
-178
58
487
775
1065
1768
2418
2824
3483
3998
4319
4632
4871
5098
4998
4915
4722
4216
3941
3735
3354
2888
2620
2379
2016
1912
1768
1471
1301
1054
731
360
34
-215
-831
-1378
-1689
-2301
-2794
-3177
-3718
-4142
-4448
-4552
-4672
-4713
-4304
-3956
-3571
-2740
-1894
-1125
-204
688
1337
1939
2503
2835
2852
2722
2664
2184
1629
1431
867
377
180
-141
-209
-198
-170
-69
-157
-100
0
-339
-725
-1001
-1597
-2209
-2744
-3399
-3930
-4411
-4827
-5157
-5340
-5094
-4818
-4648
-4327
-3829
-3211
-2698
-2176
-1792
-1595
-1237
-1061
-1016
-745
-486
-267
-74
269
1037
1877
2668
3570
4398
5291
6326
7116
7643
8100
8309
8233
7953
7569
7238
6651
5846
5097
4340
3801
3335
2768
2239
1730
1346
1009
581
156
-233
-809
-1520
-2150
-2832
-3514
-4221
-4961
-5654
-6267
-6537
-6682
-6783
-6526
-6074
-5491
-4627
-3609
-2571
-1466
-324
670
1451
2150
2716
2953
3029
3029
2757
2460
2222
1863
1553
1364
1276
1199
1082
1089
1084
1019
990
773
401
48
-392
-967
-1575
-2187
-2776
-3371
-4015
-4579
-5002
-5268
-5431
-5564
-5606
-5523
-5288
-4988
-4692
-4315
-3872
-3498
-3192
-2795
-2325
-1899
-1434
-955
-521
96
890
1631
2343
3159
4011
4738
5474
6301
6926
7418
7904
8182
8349
8542
8564
8311
7950
7576
7070
6409
5768
5064
4244
3529
2857
2112
1440
859
213
-502
-1158
-1788
-2503
-3239
-3960
-4740
-5464
-6031
-6535
-6984
-7223
-7200
-7043
-6706
-6087
-5339
-4466
-3427
-2397
-1406
-400
524
1247
1826
2329
2662
2826
2883
2828
2721
2682
2610
2430
2313
2268
2167
2005
1846
1598
1288
1016
566
-56
-622
-1204
-1923
-2667
-3351
-4011
-4601
-5083
-5519
-5909
-6076
-6081
-6127
-6078
-5869
-5600
-5294
-4919
-4498
-4070
-3544
-2950
-2393
-1790
-1068
-319
384
1135
1956
2781
3606
4425
5203
5870
6515
7137
7619
8024
8365
8574
8636
8646
8585
8349
8021
7607
7062
6390
5699
4962
4085
3211
2316
1365
444
-427
-1280
-2129
-2911
-3656
-4373
-4979
-5517
-6022
-6450
-6752
-6939
-6962
-6776
-6450
-5984
-5330
-4541
-3684
-2732
-1712
-806
-3
773
1381
1824
2177
2377
2383
2359
2403
2340
2247
2270
2293
2263
2327
2460
2440
2385
2384
2208
1853
1490
989
209
-641
-1489
-2473
-3474
-4319
-5145
-5974
-6547
-6878
-7159
-7281
-7159
-6962
-6704
-6271
-5772
-5358
-4887
-4319
-3831
-3346
-2724
-2026
-1333
-575
327
1262
2265
3386
4499
5526
6530
7520
8321
8914
9404
9727
9791
9689
9486
9086
8574
8030
7405
6677
5997
5409
4691
3970
3333
2637
1861
1084
303
-631
-1563
-2452
-3476
-4506
-5353
-6103
-6853
-7384
-7673
-7811
-7723
-7336
-6785
-6205
-5360
-4392
-3520
-2625
-1722
-928
-331
239
730
1015
1299
1610
1785
1882
2093
2331
2510
2743
3000
3120
3209
3372
3371
3172
2903
2518
1954
1223
430
-439
-1352
-2210
-3127
-4047
-4784
-5297
-5694
-6049
-6252
-6270
-6140
-5907
-5621
-5310
-4956
-4536
-4200
-3964
-3637
-3173
-2750
-2411
-1963
-1358
-608
311
1262
2177
3199
4356
5398
6285
7181
7948
8425
8711
8843
8795
8700
8563
8176
7619
7153
6752
6248
5723
5209
4547
3820
3120
2322
1447
617
-275
-1364
-2431
-3303
-4092
-4821
-5435
-5996
-6462
-6621
-6522
-6402
-6208
-5815
-5390
-4949
-4350
-3709
-3150
-2586
-2026
-1576
-1106
-479
78
429
746
1094
1402
1704
1986
2098
2090
2134
2151
2079
2009
1909
1678
1333
991
648
288
-113
-651
-1316
-1949
-2446
-2923
-3455
-3974
-4393
-4674
-4777
-4679
-4476
-4212
-3814
-3317
-2805
-2209
-1506
-894
-478
-87
336
719
1119
1553
1876
2148
2612
3199
3756
4356
5003
5516
5885
6282
6593
6681
6617
6377
5870
5230
4642
4015
3238
2449
1695
935
299
-132
-527
-968
-1347
-1683
-2026
-2302
-2480
-2726
-3092
-3395
-3616
-3804
-3851
-3734
-3640
-3564
-3270
-2784
-2235
-1597
-926
-387
85
657
1230
1569
1731
1826
1733
1531
1384
1189
839
461
179
-128
-411
-521
-643
-921
-1226
-1447
-1695
-2030
-2367
-2810
-3388
-3874
-4205
-4542
-4853
-4996
-5029
-4957
-4613
-4007
-3322
-2572
-1714
-827
66
1046
2002
2728
3277
3747
4145
4475
4767
5005
5093
5122
5233
5423
5639
5817
5943
5932
5811
5750
5663
5415
4968
4382
3692
2905
2216
1564
753
-97
-875
-1612
-2292
-2824
-3263
-3838
-4390
-4745
-5061
-5332
-5473
-5536
-5649
-5644
-5371
-5050
-4687
-4163
-3574
-3021
-2398
-1622
-896
-299
333
940
1433
1943
2469
2834
3039
3258
3463
3530
3536
3521
3354
3047
2750
2412
1950
1432
855
116
-749
-1564
-2306
-3082
-3866
-4583
-5264
-5827
-6099
-6174
-6186
-6062
-5788
-5438
-4946
-4248
-3491
-2806
-2139
-1440
-760
-25
841
1616
2224
2890
3660
4440
5254
6115
6825
7339
7879
8453
8862
9053
9129
8948
8467
8005
7564
6912
6081
5231
4303
3310
2473
1747
884
-129
-1054
-1916
-2847
-3681
-4430
-5316
-6267
-7012
-7613
-8150
-8473
-8593
-8634
-8584
-8197
-7534
-6852
-6067
-5185
-4328
-3484
-2503
-1521
-772
-74
674
1382
2005
2618
3213
3639
4024
4402
4625
4693
4683
4586
4236
3774
3355
2857
2248
1537
784
-47
-835
-1503
-2272
-3102
-3881
-4521
-5100
-5622
-5959
-6228
-6364
-6341
-6156
-5795
-5271
-4475
-3640
-2812
-1892
-893
228
1280
2299
3227
4035
4846
5520
6115
6590
7040
7482
7770
8053
8287
8531
8714
8732
8645
8401
8145
7784
7244
6531
5646
4737
3672
2501
1289
58
-1084
-2263
-3382
-4454
-5411
-6151
-6830
-7395
-7875
-8115
-8157
-8169
-8054
-7872
-7537
-7141
-6707
-6227
-5718
-5050
-4369
-3734
-3177
-2518
-1701
-904
-154
493
1174
1862
2504
3058
3387
3650
3857
3936
3802
3529
3262
2878
2324
1624
877
162
-453
-1032
-1749
-2435
-2935
-3272
-3611
-3969
-4231
-4436
-4537
-4551
-4540
-4438
-4135
-3656
-3206
-2718
-2005
-1128
-205
743
1722
2695
3706
4727
5613
6327
6972
7573
7988
8272
8528
8691
8778
8806
8743
8546
8275
8009
7603
7043
6436
5796
5052
4163
3225
2202
1144
96
-1016
-2201
-3408
-4448
-5393
-6290
-7068
-7743
-8277
-8687
-8884
-8937
-8860
-8561
-8162
-7708
-7209
-6519
-5703
-4893
-4112
-3451
-2753
-1945
-1071
-292
264
790
1335
1874
2324
2598
2766
2854
2878
2780
2595
2428
2193
1773
1133
438
-126
-604
-1157
-1925
-2805
-3540
-4041
-4432
-4845
-5220
-5447
-5497
-5378
-5113
-4665
-4058
-3380
-2676
-1962
-1121
-150
795
1604
2306
3029
3799
4577
5295
5926
6535
7176
7839
8469
9061
9610
10095
10441
10611
10619
10493
10233
9742
9029
8187
7262
6294
5230
4079
2904
1770
730
-330
-1400
-2401
-3335
-4179
-4988
-5725
-6386
-6953
-7389
-7792
-8100
-8292
-8327
-8240
-8126
-7889
-7522
-7038
-6471
-5922
-5385
-4766
-4031
-3230
-2508
-1878
-1233
-591
9
475
804
1054
1236
1377
1345
1242
1124
965
725
257
-227
-689
-1095
-1492
-2054
-2582
-3087
-3396
-3673
-4057
-4320
-4531
-4478
-4403
-4285
-4006
-3655
-3015
-2415
-1754
-1018
-208
791
1606
2432
3168
3923
4745
5357
5961
6402
6883
7365
7703
8070
8319
8695
9018
9218
9382
9375
9430
9315
9071
8695
8114
7555
6779
5895
4896
3813
2780
1618
479
-684
-1784
-2747
-3655
-4434
-5192
-5772
-6202
-6529
-6706
-6840
-6835
-6768
-6622
-6405
-6183
-5896
-5635
-5354
-5069
-4766
-4403
-4026
-3616
-3183
-2743
-2285
-1767
-1226
-690
-240
142
454
670
866
908
846
653
310
-81
-608
-1115
-1667
-2247
-2785
-3397
-3875
-4300
-4598
-4752
-4899
-4911
-4895
-4741
-4485
-4172
-3737
-3330
-2834
-2360
-1861
-1241
-624
99
755
1430
2173
2931
3823
4682
5528
6327
7113
7938
8662
9347
9904
10295
10567
10727
10764
10639
10397
9992
9421
8751
8109
7445
6684
5874
4991
4071
3156
2345
1472
455
-543
-1589
-2620
-3581
-4403
-5144
-5960
-6644
-7208
-7617
-7787
-7769
-7637
-7596
-7422
-7076
-6688
-6177
-5654
-5183
-4878
-4526
-4000
-3487
-2901
-2352
-1885
-1506
-1101
-527
-44
346
600
754
826
845
958
875
580
166
-312
-788
-1302
-1721
-2232
-2842
-3391
-3809
-4051
-4291
-4438
-4545
-4642
-4582
-4358
-3999
-3684
-3316
-2889
-2470
-1950
-1337
-648
-83
482
1211
1997
2851
3738
4593
5284
5965
6818
7581
8208
8795
9305
9647
9906
10280
10453
10347
10161
9814
9287
8737
8371
7813
6948
6145
5319
4426
3555
2785
1828
616
-353
-1258
-2292
-3213
-3989
-4842
-5859
-6549
-7005
-7512
-7766
-7835
-7978
-8151
-7924
-7455
-7239
-6952
-6550
-6303
-6091
-5655
-5077
-4704
-4160
-3381
-2804
-2209
-1416
-552
77
564
1090
1382
1652
1978
2156
2090
1845
1632
1233
694
229
-265
-776
-1349
-1875
-2373
-2854
-3112
-3379
-3713
-4065
-4289
-4313
-4386
-4305
-4175
-4046
-3782
-3491
-3007
-2512
-1812
-962
-184
768
1758
2927
4033
5045
6057
6858
7699
8392
9020
9506
9804
10139
10250
10306
10247
10170
10063
9705
9387
8940
8455
7918
7242
6505
5481
4491
3430
2191
945
-347
-1542
-2852
-4040
-5037
-6042
-6833
-7514
-8019
-8459
-8687
-8581
-8515
-8288
-7997
-7696
-7371
-7036
-6539
-6206
-5850
-5446
-5136
-4771
-4397
-3847
-3348
-2780
-2072
-1474
-729
51
829
1497
1982
2448
2708
2948
3065
2913
2600
2092
1571
917
248
-360
-1068
-1739
-2381
-2901
-3347
-3674
-3809
-4007
-4164
-4193
-4104
-3986
-3913
-3766
-3637
-3453
-3104
-2643
-2103
-1460
-582
376
1396
2637
3984
5290
6523
7729
8773
9628
10394
10967
11207
11228
11176
10963
10582
10187
9778
9235
8663
8174
7633
7039
6494
5921
5164
4276
3384
2351
1147
-113
-1487
-2982
-4460
-5801
-7068
-8274
-9238
-9970
-10522
-10804
-10786
-10543
-10133
-9520
-8781
-8051
-7259
-6403
-5660
-5096
-4611
-4148
-3790
-3486
-3154
-2885
-2616
-2204
-1674
-1143
-564
205
1011
1697
2369
2999
3459
3760
3914
3799
3416
3014
2549
1887
1116
392
-238
-859
-1368
-1761
-2157
-2450
-2571
-2673
-2860
-2987
-2992
-3095
-3324
-3494
-3567
-3588
-3492
-3251
-2938
-2464
-1668
-665
370
1500
2792
4099
5342
6603
7812
8843
9680
10323
10687
10810
10853
10778
10487
10069
9651
9218
8735
8250
7754
7192
6575
5936
5209
4401
3577
2663
1587
351
-985
-2384
-3824
-5258
-6660
-7963
-9089
-10013
-10708
-11130
-11276
-11228
-10975
-10487
-9851
-9110
-8257
-7353
-6521
-5737
-4978
-4332
-3797
-3277
-2779
-2401
-2051
-1606
-1174
-773
-328
115
468
820
1255
1555
1684
1890
2138
2179
2039
1944
1826
1569
1282
987
661
397
255
104
-85
-157
-151
-202
-239
-163
-112
-151
-62
82
34
-103
-80
-11
-138
-275
-228
-96
80
391
829
1325
1970
2780
3563
4323
5176
5997
6653
7233
7735
7998
8083
8127
8009
7632
7202
6836
6382
5854
5398
4980
4510
4072
3647
3072
2420
1783
1042
144
-793
-1742
-2771
-3847
-4891
-5923
-6929
-7795
-8530
-9181
-9637
-9849
-9935
-9899
-9650
-9312
-8960
-8470
-7861
-7284
-6740
-6092
-5363
-4741
-4158
-3474
-2815
-2241
-1639
-1033
-491
42
556
986
1375
1705
1907
2025
2102
2091
1931
1750
1678
1537
1303
1249
1375
1459
1543
1778
2107
2461
2813
3129
3451
3758
3944
4027
4082
4053
3880
3636
3456
3251
2897
2596
2482
2324
2058
1889
1856
1804
1672
1562
1508
1435
1313
1223
1165
1079
1002
966
995
1079
1147
1235
1429
1681
1854
1985
2190
2364
2380
2312
2258
2126
1837
1510
1174
740
232
-234
-677
-1180
-1687
-2148
-2591
-3036
-3474
-3895
-4364
-4828
-5259
-5743
-6234
-6660
-7049
-7426
-7698
-7840
-7902
-7850
-7655
-7336
-6943
-6420
-5743
-5059
-4360
-3568
-2747
-1999
-1288
-532
170
752
1314
1870
2379
2806
3192
3572
3886
4132
4320
4462
4555
4556
4479
4359
4237
4085
3872
3715
3626
3546
3485
3509
3629
3752
3867
4032
4233
4398
4491
4569
4628
4618
4535
4415
4307
4136
3874
3595
3326
3006
2583
2134
1684
1163
559
-74
-682
-1322
-2033
-2717
-3331
-3898
-4434
-4873
-5168
-5371
-5502
-5503
-5343
-5098
-4812
-4466
-4052
-3629
-3262
-2909
-2561
-2265
-2054
-1880
-1688
-1547
-1455
-1359
-1235
-1110
-1013
-889
-741
-630
-558
-503
-464
-485
-570
-684
-846
-1071
-1332
-1596
-1837
-2078
-2283
-2391
-2419
-2390
-2271
-2047
-1733
-1377
-971
-488
8
477
949
1411
1820
2174
2497
2788
3039
3238
3427
3612
3772
3914
4044
4183
4314
4411
4466
4499
4503
4436
4301
4137
3931
3680
3392
3090
2811
2545
2273
2051
1917
1833
1768
1758
1831
1932
1997
2063
2130
2141
2061
1918
1738
1460
1112
695
211
-305
-887
-1508
-2160
-2844
-3560
-4335
-5101
-5839
-6603
-7351
-8043
-8641
-9179
-9636
-9913
-10055
-10075
-9910
-9580
-9094
-8476
-7732
-6849
-5913
-4904
-3842
-2778
-1693
-636
376
1334
2221
3060
3785
4420
5007
5488
5866
6185
6450
6649
6778
6879
6953
6953
6905
6825
6667
6429
6120
5721
5249
4700
4083
3405
2689
1966
1246
563
-67
-618
-1075
-1444
-1680
-1812
-1857
-1795
-1669
-1486
-1267
-1040
-789
-557
-339
-106
109
314
514
726
949
1163
1402
1656
1893
2119
2299
2429
2503
2479
2374
2177
1880
1493
1007
465
-131
-768
-1407
-2027
-2590
-3117
-3568
-3918
-4196
-4381
-4490
-4534
-4529
-4488
-4404
-4314
-4238
-4174
-4126
-4080
-4054
-4024
-3969
-3912
-3838
-3738
-3595
-3410
-3213
-2988
-2734
-2486
-2228
-1973
-1726
-1506
-1320
-1145
-955
-763
-580
-381
-140
147
475
865
1330
1848
2395
2986
3614
4250
4866
5448
5990
6467
6855
7172
7409
7553
7606
7581
7503
7366
7175
6963
6717
6438
6152
5848
5522
5152
4729
4263
3752
3185
2540
1839
1096
291
-545
-1360
-2158
-2936
-3660
-4300
-4844
-5309
-5670
-5926
-6117
-6257
-6336
-6358
-6332
-6280
-6224
-6134
-6017
-5874
-5684
-5450
-5173
-4864
-4513
-4098
-3650
-3181
-2693
-2222
-1776
-1359
-974
-626
-348
-145
-14
65
103
98
66
15
-39
-83
-99
-77
-29
32
127
257
395
546
696
833
965
1080
1208
1354
1489
1626
1770
1921
2071
2232
2413
2568
2708
2839
2959
3071
3157
3208
3237
3239
3215
3164
3084
2994
2879
2758
2647
2536
2433
2328
2254
2210
2169
2145
2142
2150
2173
2201
2220
2231
2215
2179
2119
2011
1868
1675
1428
1126
768
363
-86
-564
-1075
-1610
-2138
-2669
-3175
-3661
-4130
-4539
-4921
-5251
-5540
-5806
-6009
-6183
-6303
-6376
-6413
-6396
-6316
-6166
-5966
-5704
-5386
-4997
-4550
-4068
-3534
-2998
-2449
-1893
-1373
-860
-386
49
451
813
1156
1472
1776
2078
2360
2636
2913
3188
3453
3685
3891
4057
4186
4262
4281
4249
4147
4005
3813
3597
3362
3123
2918
2705
2535
2398
2280
2221
2157
2137
2138
2130
2174
2180
2206
2234
2210
2244
2229
2245
2285
2268
2338
2342
2343
2379
2339
2365
2328
2265
2205
2030
1871
1589
1246
874
365
-119
-717
-1359
-1997
-2731
-3392
-4088
-4751
-5320
-5880
-6325
-6745
-7077
-7320
-7541
-7671
-7818
-7898
-7942
-7970
-7915
-7877
-7758
-7579
-7345
-6967
-6538
-5993
-5331
-4584
-3710
-2775
-1765
-705
357
1428
2461
3446
4372
5197
5920
6523
7017
7407
7681
7839
7898
7865
7763
7589
7336
7025
6652
6235
5768
5259
4718
4124
3510
2880
2235
1596
956
349
-212
-733
-1172
-1538
-1808
-1983
-2073
-2053
-1962
-1774
-1504
-1166
-757
-310
185
689
1189
1698
2157
2597
2991
3317
3587
3756
3846
3841
3719
3510
3198
2790
2297
1725
1082
378
-373
-1167
-1989
-2824
-3655
-4479
-5293
-6059
-6793
-7468
-8075
-8609
-9022
-9348
-9544
-9617
-9573
-9382
-9086
-8653
-8109
-7469
-6742
-5967
-5122
-4261
-3381
-2487
-1611
-722
147
1003
1846
2661
3467
4224
4943
5615
6223
6774
7228
7599
7872
8017
8058
7974
7783
7490
7087
6592
6028
5413
4754
4063
3357
2655
1963
1290
646
36
-533
-1056
-1517
-1907
-2223
-2458
-2610
-2670
-2625
-2481
-2244
-1901
-1474
-972
-404
197
822
1446
2032
2572
3046
3448
3769
3998
4140
4201
4189
4111
3966
3772
3533
3245
2909
2514
2063
1547
970
333
-377
-1145
-1965
-2828
-3712
-4597
-5461
-6284
-7046
-7726
-8309
-8778
-9130
-9360
-9462
-9441
-9290
-9036
-8690
-8246
-7731
-7153
-6512
-5823
-5093
-4320
-3523
-2698
-1844
-971
-84
810
1700
2565
3400
4174
4888
5528
6074
6517
6860
7094
7226
7263
7205
7062
6836
6550
6219
5855
5471
5085
4702
4319
3941
3572
3211
2863
2525
2190
1866
1545
1236
936
655
395
164
-32
-193
-306
-380
-405
-381
-333
-249
-156
-57
36
105
154
152
107
25
-105
-274
-476
-707
-959
-1213
-1471
-1718
-1942
-2145
-2312
-2460
-2586
-2696
-2802
-2912
-3038
-3160
-3301
-3455
-3610
-3781
-3938
-4085
-4213
-4301
-4357
-4344
-4280
-4155
-3943
-3681
-3358
-2990
-2594
-2156
-1718
-1265
-817
-394
19
391
738
1059
1352
1639
1902
2158
2400
2637
2888
3121
3352
3559
3737
3893
3982
4037
4044
3995
3924
3794
3632
3460
3261
3064
2854
2652
2461
2269
2112
1966
1829
1717
1601
1511
1428
1341
1262
1163
1068
955
833
704
567
437
294
157
13
-124
-245
-369
-462
-545
-612
-666
-729
-784
-857
-943
-1047
-1199
-1378
-1599
-1863
-2153
-2476
-2819
-3166
-3501
-3804
-4062
-4264
-4412
-4500
-4519
-4481
-4382
-4228
-4055
-3839
-3605
-3372
-3121
-2892
-2658
-2419
-2205
-1976
-1748
-1497
-1224
-930
-595
-253
124
524
925
1336
1723
2095
2437
2727
2989
3188
3347
3461
3535
3593
3611
3618
3612
3583
3562
3524
3489
3435
3361
3297
3198
3104
2985
2842
2716
2563
2423
2266
2104
1959
1796
1660
1515
1367
1239
1089
961
821
689
569
421
305
163
37
-96
-253
-395
-583
-759
-969
-1202
-1413
-1672
-1903
-2144
-2371
-2561
-2763
-2888
-3013
-3092
-3129
-3174
-3143
-3142
-3089
-3038
-3010
-2948
-2961
-2928
-2938
-2966
-2967
-3038
-3033
-3063
-3052
-2998
-2950
-2786
-2633
-2385
-2104
-1801
-1414
-1071
-673
-299
71
449
759
1089
1364
1629
1880
2092
2341
2542
2765
2987
3178
3403
3582
3755
3905
4009
4104
4125
4128
4093
4004
3892
3727
3557
3352
3125
2899
2648
2393
2123
1836
1548
1252
950
633
310
-9
-320
-635
-924
-1177
-1412
-1599
-1759
-1862
-1917
-1933
-1905
-1861
-1784
-1694
-1598
-1491
-1384
-1277
-1183
-1090
-1024
-969
-927
-901
-874
-863
-862
-866
-880
-889
-913
-945
-982
-1040
-1104
-1182
-1270
-1354
-1457
-1552
-1648
-1731
-1802
-1881
-1933
-1978
-1990
-1982
-1949
-1875
-1796
-1668
-1535
-1375
-1195
-1020
-809
-608
-385
-155
77
324
555
809
1039
1274
1508
1713
1936
2126
2308
2481
2613
2734
2817
2886
2930
2940
2938
2901
2862
2804
2721
2625
2510
2395
2263
2124
1982
1825
1668
1496
1326
1148
961
786
595
404
218
31
-139
-312
-476
-633
-775
-896
-1017
-1110
-1199
-1279
-1335
-1398
-1433
-1462
-1488
-1500
-1512
-1513
-1523
-1523
-1519
-1518
-1516
-1527
-1543
-1564
-1595
-1626
-1667
-1707
-1747
-1782
-1808
-1829
-1842
-1847
-1840
-1818
-1787
-1747
-1690
-1614
-1531
-1442
-1345
-1246
-1127
-997
-867
-717
-564
-393
-208
-20
186
393
616
832
1051
1274
1487
1713
1919
2116
2307
2477
2637
2780
2902
2999
3063
3098
3104
3074
3007
2910
2775
2616
2426
2212
1984
1736
1492
1238
986
752
521
314
131
-46
-207
-356
-488
-607
-719
-823
-919
-994
-1061
-1120
-1149
-1168
-1169
-1146
-1109
-1043
-955
-858
-754
-662
-578
-500
-439
-394
-362
-351
-369
-408
-466
-538
-621
-715
-801
-896
-1002
-1100
-1208
-1320
-1439
-1563
-1684
-1809
-1918
-2010
-2083
-2132
-2158
-2147
-2101
-2013
-1869
-1689
-1476
-1234
-976
-701
-422
-145
127
383
615
831
1023
1179
1313
1422
1511
1587
1645
1693
1734
1764
1800
1823
1843
1862
1869
1870
1858
1851
1831
1798
1752
1689
1629
1552
1470
1387
1302
1224
1140
1057
981
893
810
729
645
569
493
419
346
282
224
169
118
56
-4
-77
-155
-240
-336
-436
-547
-669
-797
-924
-1057
-1194
-1335
-1477
-1615
-1744
-1870
-1982
-2081
-2173
-2245
-2304
-2340
-2356
-2357
-2342
-2315
-2263
-2190
-2094
-1978
-1850
-1701
-1538
-1359
-1168
-959
-737
-508
-261
-6
253
515
762
1005
1233
1439
1625
1776
1907
2009
2078
2109
2107
2075
2011
1922
1809
1674
1529
1378
1228
1081
940
810
691
581
485
409
351
311
295
292
301
324
351
392
435
478
527
572
617
656
697
735
763
784
799
805
795
781
760
722
678
616
543
461
361
258
139
6
-133
-288
-444
-609
-780
-950
-1125
-1296
-1471
-1638
-1796
-1957
-2102
-2230
-2341
-2438
-2522
-2577
-2609
-2619
-2590
-2527
-2443
-2325
-2182
-2006
-1801
-1582
-1346
-1099
-846
-580
-322
-75
166
388
601
796
971
1130
1259
1372
1466
1542
1600
1638
1661
1678
1679
1672
1653
1618
1572
1518
1462
1394
1325
1251
1171
1096
1015
936
860
781
714
655
597
541
492
445
403
372
344
320
293
261
235
208
178
152
127
104
86
74
69
63
61
62
68
78
88
94
97
97
88
75
60
33
2
-36
-85
-136
-194
-264
-337
-418
-505
-593
-684
-781
-877
-976
-1071
-1159
-1240
-1310
-1385
-1447
-1493
-1529
-1561
-1592
-1605
-1607
-1598
-1577
-1553
-1518
-1475
-1421
-1353
-1279
-1193
-1098
-993
-874
-749
-617
-469
-317
-165
-6
150
315
488
657
821
977
1134
1282
1416
1542
1650
1748
1833
1902
1953
1991
2008
2011
2003
1969
1928
1879
1814
1738
1644
1543
1436
1315
1188
1055
920
789
653
527
396
272
152
35
-72
-178
-269
-359
-440
-509
-577
-636
-692
-741
-776
-810
-834
-846
-856
-852
-841
-824
-805
-785
-760
-732
-697
-668
-640
-615
-594
-573
-569
-565
-573
-587
-608
-639
-669
-714
-751
-793
-843
-873
-919
-948
-971
-996
-992
-988
-966
-942
-909
-859
-803
-729
-657
-568
-474
-383
-279
-180
-72
38
154
275
382
497
595
701
803
900
994
1071
1157
1225
1288
1344
1380
1418
1440
1459
1466
1464
1464
1446
1428
1399
1364
1332
1282
1247
1196
1140
1094
1026
968
895
823
746
644
552
443
331
218
96
-14
-141
-260
-393
-521
-639
-772
-878
-988
-1091
-1170
-1257
-1328
-1394
-1448
-1491
-1529
-1556
-1569
-1567
-1556
-1532
-1504
-1463
-1412
-1360
-1304
-1250
-1185
-1115
-1054
-989
-927
-867
-800
-741
-680
-621
-558
-488
-425
-356
-283
-206
-129
-44
44
140
238
325
421
515
596
674
746
819
896
970
1046
1112
1174
1243
1306
1368
1427
1483
1541
1585
1628
1659
1677
1693
1687
1672
1652
1614
1570
1512
1436
1344
1242
1140
1025
898
764
623
485
346
210
69
-80
-215
-343
-469
-581
-685
-775
-864
-946
-1012
-1073
-1123
-1166
-1204
-1242
-1276
-1305
-1335
-1362
-1391
-1420
-1441
-1453
-1464
-1468
-1467
-1457
-1444
-1424
-1393
-1364
-1315
-1264
-1211
-1146
-1081
-1012
-941
-868
-795
-724
-659
-593
-530
-461
-388
-323
-260
-199
-140
-76
-8
60
129
208
295
389
488
597
711
828
946
1074
1204
1333
1455
1576
1695
1810
1916
2009
2094
2163
2219
2259
2278
2280
2266
2227
2178
2104
2010
1903
1781
1650
1505
1355
1194
1017
841
656
469
287
88
-115
-315
-515
-704
-889
-1079
-1261
-1433
-1595
-1734
-1863
-1976
-2076
-2164
-2225
-2272
-2288
-2285
-2264
-2222
-2167
-2090
-1995
-1889
-1770
-1645
-1512
-1374
-1234
-1087
-946
-812
-684
-559
-437
-313
-204
-103
-15
66
146
205
265
316
342
358
363
362
353
340
324
303
287
265
250
247
243
243
252
270
292
336
385
437
506
572
661
758
851
963
1065
1180
1301
1417
1541
1649
1755
1847
1926
2000
2045
2081
2096
2088
2067
2011
1940
1846
1734
1600
1447
1282
1087
886
671
449
235
8
-216
-439
-661
-870
-1081
-1280
-1468
-1644
-1805
-1958
-2088
-2201
-2299
-2371
-2427
-2473
-2498
-2502
-2486
-2455
-2409
-2352
-2288
-2204
-2109
-2001
-1885
-1751
-1621
-1480
-1328
-1183
-1031
-878
-723
-564
-412
-259
-104
46
197
339
476
600
720
834
936
1038
1118
1196
1266
1326
1381
1422
1465
1498
1523
1548
1566
1581
1585
1585
1580
1571
1562
1544
1528
1498
1463
1428
1381
1340
1286
1230
1171
1103
1046
973
904
844
778
718
652
588
518
439
366
288
214
128
47
-38
-134
-224
-337
-441
-554
-669
-779
-898
-995
-1109
-1212
-1305
-1405
-1478
-1554
-1619
-1668
-1721
-1754
-1780
-1785
-1774
-1766
-1730
-1694
-1635
-1573
-1508
-1421
-1344
-1256
-1173
-1090
-994
-911
-827
-747
-675
-599
-531
-462
-398
-337
-276
-219
-161
-99
-37
29
101
181
262
348
440
536
634
737
843
951
1051
1158
1263
1360
1459
1556
1635
1711
1794
1868
1931
1987
2022
2048
2067
2070
2070
2053
2027
1989
1936
1876
1793
1702
1600
1473
1338
1199
1047
891
713
521
319
107
-94
-296
-497
-697
-894
-1075
-1237
-1383
-1508
-1615
-1711
-1787
-1847
-1891
-1922
-1946
-1961
-1965
-1952
-1937
-1917
-1891
-1863
-1821
-1768
-1721
-1675
-1618
-1561
-1504
-1442
-1385
-1323
-1257
-1190
-1110
-1031
-949
-861
-775
-678
-576
-469
-358
-248
-139
-35
70
167
269
375
473
565
659
748
833
908
981
1063
1139
1212
1287
1353
1421
1483
1540
1601
1650
1698
1742
1780
1814
1847
1873
1889
1905
1907
1902
1894
1876
1855
1819
1780
1733
1664
1580
1488
1384
1271
1138
996
844
671
496
310
119
-73
-274
-472
-675
-878
-1078
-1275
-1462
-1645
-1815
-1968
-2111
-2241
-2355
-2453
-2528
-2585
-2627
-2636
-2630
-2610
-2569
-2521
-2448
-2362
-2265
-2149
-2025
-1881
-1723
-1568
-1401
-1228
-1055
-855
-671
-488
-296
-131
46
205
352
509
634
763
870
952
1040
1097
1146
1185
1210
1254
1272
1294
1317
1320
1341
1325
1313
1313
1282
1270
1253
1228
1210
1170
1132
1106
1072
1057
1042
1027
1025
1015
1018
1027
1024
1037
1052
1066
1093
1103
1111
1113
1093
1083
1047
1009
968
887
813
716
596
482
338
213
82
-74
-207
-372
-532
-691
-868
-1013
-1163
-1305
-1432
-1566
-1697
-1820
-1941
-2044
-2128
-2199
-2244
-2291
-2317
-2328
-2339
-2318
-2283
-2215
-2118
-2020
-1889
-1761
-1616
-1455
-1296
-1107
-919
-727
-537
-367
-197
-59
67
185
284
398
487
573
656
716
791
845
915
995
1061
1155
1211
1278
1346
1387
1455
1491
1524
1550
1542
1535
1492
1453
1405
1342
1303
1242
1195
1141
1077
1034
978
938
898
860
828
778
748
710
667
636
582
539
490
434
379
308
237
157
80
1
-79
-146
-216
-288
-354
-419
-483
-538
-590
-621
-653
-686
-702
-730
-754
-778
-825
-854
-886
-929
-960
-1020
-1071
-1132
-1193
-1228
-1281
-1309
-1343
-1370
-1363
-1366
-1339
-1306
-1261
-1185
-1129
-1045
-961
-876
-763
-678
-571
-468
-378
-280
-209
-123
-45
30
108
168
229
284
346
409
467
530
585
642
701
755
808
842
875
902
927
956
964
979
986
991
1009
1012
1029
1042
1063
1086
1109
1141
1157
1179
1194
1193
1193
1174
1152
1122
1081
1045
987
922
845
754
662
558
448
327
192
68
-63
-195
-321
-445
-562
-676
-781
-885
-990
-1086
-1182
-1266
-1346
-1427
-1494
-1559
-1605
-1637
-1664
-1671
-1664
-1641
-1608
-1567
-1499
-1422
-1340
-1247
-1146
-1035
-923
-811
-699
-595
-487
-380
-274
-165
-75
14
96
176
265
340
416
493
570
651
724
798
865
927
990
1048
1095
1134
1162
1184
1192
1189
1179
1155
1122
1088
1051
1005
965
927
893
860
821
793
757
720
693
665
640
612
581
550
516
466
403
339
265
184
97
0
-98
-204
-304
-410
-513
-611
-715
-817
-911
-996
-1067
-1139
-1202
-1249
-1287
-1308
-1324
-1332
-1324
-1308
-1269
-1219
-1155
-1085
-1015
-933
-852
-764
-664
-571
-471
-376
-291
-201
-120
-35
37
101
153
192
237
264
281
287
280
277
264
246
228
201
182
175
165
173
184
198
224
257
303
354
409
467
530
589
649
705
758
803
843
884
917
945
963
971
978
980
985
990
990
984
969
953
929
900
864
811
756
694
627
554
466
380
293
190
87
-29
-134
-238
-345
-435
-533
-621
-703
-795
-874
-956
-1029
-1087
-1149
-1200
-1255
-1303
-1337
-1379
-1405
-1427
-1452
-1458
-1463
-1460
-1446
-1428
-1390
-1347
-1285
-1214
-1123
-1015
-911
-780
-649
-516
-365
-228
-87
49
175
301
406
514
614
697
777
838
895
937
968
998
1017
1039
1052
1054
1049
1034
1014
994
964
932
905
880
851
816
777
741
701
660
623
581
540
495
454
419
388
360
337
325
310
306
304
298
302
298
295
287
271
259
237
210
184
149
120
71
17
-35
-116
-188
-269
-347
-419
-512
-596
-683
-778
-857
-938
-1008
-1076
-1138
-1186
-1234
-1260
-1279
-1290
-1285
-1281
-1250
-1214
-1160
-1088
-1014
-925
-838
-743
-646
-548
-441
-346
-245
-154
-69
26
98
174
246
302
373
427
476
530
568
611
637
658
688
702
733
750
763
792
796
816
834
843
866
868
875
883
879
889
875
860
845
812
787
748
709
664
608
558
491
432
360
283
214
144
79
2
-64
-128
-201
-260
-331
-396
-447
-505
-545
-593
-630
-655
-687
-707
-730
-747
-754
-761
-759
-763
-761
-747
-743
-732
-719
-709
-686
-672
-659
-641
-626
-608
-586
-563
-534
-503
-467
-423
-380
-325
-265
-195
-118
-45
33
104
180
259
331
409
466
517
565
599
634
651
662
672
667
657
633
612
590
560
528
490
458
437
411
393
374
355
349
336
328
328
320
320
326
321
320
305
292
278
253
234
211
187
167
140
109
85
56
37
6
-15
-35
-67
-83
-109
-126
-141
-165
-181
-201
-225
-245
-284
-312
-341
-383
-416
-465
-504
-547
-605
-639
-687
-722
-748
-781
-795
-813
-822
-819
-812
-789
-766
-731
-677
-624
-567
-504
-431
-352
-272
-178
-89
4
94
165
254
326
402
479
523
591
625
660
698
691
718
710
704
721
682
694
666
631
638
575
576
538
488
496
428
426
399
339
351
282
266
236
166
170
101
79
70
13
25
-24
-33
-14
-55
-31
-59
-63
-32
-61
-25
-35
-41
-15
-53
-31
-43
-70
-53
-108
-115
-127
-175
-178
-234
-262
-282
-337
-347
-394
-437
-455
-514
-529
-567
-621
-615
-658
-671
-684
-722
-694
-707
-695
-661
-662
-599
-565
-527
-450
-414
-317
-240
-172
-54
6
101
180
234
332
377
440
507
543
612
643
672
701
701
720
721
723
727
708
687
664
638
604
570
530
490
462
409
363
315
265
226
175
135
100
53
9
-40
-78
-120
-156
-176
-204
-224
-246
-259
-263
-274
-275
-275
-262
-239
-230
-214
-200
-182
-161
-139
-113
-97
-79
-64
-52
-38
-40
-36
-40
-43
-50
-63
-66
-83
-98
-113
-143
-161
-190
-204
-220
-249
-258
-287
-301
-306
-320
-311
-320
-311
-292
-283
-255
-240
-209
-175
-153
-117
-84
-40
2
36
76
111
152
187
215
250
277
299
317
327
336
345
352
349
331
310
289
270
241
220
187
159
140
109
85
55
31
6
-21
-38
-54
-65
-65
-61
-57
-54
-52
-40
-30
-17
1
5
19
29
38
49
54
59
52
56
51
41
35
24
13
-2
-22
-32
-47
-58
-62
-65
-67
-67
-64
-61
-54
-47
-44
-43
-48
-47
-51
-65
-70
-83
-92
-98
-114
-116
-123
-130
-131
-130
-113
-104
-96
-86
-73
-49
-33
-23
-13
-2
8
10
16
20
24
25
24
34
41
50
52
57
67
74
80
78
80
87
81
83
79
81
82
74
74
68
62
50
37
25
10
-2
-21
-33
-42
-53
-60
-73
-89
-100
-108
-114
-121
-125
-123
-111
-102
-91
-79
-67
-47
-30
-13
4
17
35
54
70
92
112
135
148
152
153
151
152
151
147
141
123
112
106
93
83
66
52
35
19
15
16
15
13
5
2
-5
-8
-7
-15
-22
-32
-40
-42
-53
-59
-72
-87
-87
-103
-114
-111
-122
-124
-132
-137
-130
-130
-122
-115
-113
-108
-108
-100
-94
-87
-68
-54
-46
-31
-26
-24
-20
-20
-13
-6
-8
-9
-12
-21
-21
-23
-28
-19
-10
0
8
14
28
39
54
73
85
93
99
104
114
125
135
145
157
163
165
172
175
176
175
177
177
181
184
177
178
166
155
147
134
126
116
97
79
53
27
6
-14
-37
-61
-83
-115
-154
-193
-228
-253
-276
-289
-292
-303
-305
-312
-311
-299
-289
-264
-238
-208
-167
-129
-104
-80
-59
-36
-6
24
43
60
69
71
76
73
72
71
64
47
37
21
9
6
-5
-1
-5
-3
9
13
27
34
46
57
72
91
95
108
112
121
130
129
132
129
126
122
110
104
99
88
81
76
76
72
69
66
64
67
67
64
57
45
40
34
29
27
18
10
1
-6
-9
-14
-16
-17
-17
-19
-19
-21
-20
-20
-22
-33
-47
-56
-68
-85
-102
-127
-149
-166
-189
-207
-232
-252
-256
-265
-258
-258
-253
-219
-195
-165
-139
-117
-82
-51
-17
12
36
64
83
93
94
96
95
86
65
46
24
-4
-21
-47
-70
-89
-117
-126
-138
-140
-126
-118
-78
-38
15
77
137
224
287
352
413
462
525
564
596
608
609
615
611
602
562
531
496
462
429
369
334
291
248
212
151
121
82
48
21
-22
-45
-87
-116
-163
-216
-249
-312
-356
-424
-478
-525
-588
-615
-670
-689
-702
-721
-702
-709
-680
-660
-632
-570
-537
-487
-448
-409
-364
-339
-299
-280
-253
-220
-200
-169
-142
-108
-73
-30
22
65
118
171
222
273
313
355
382
400
412
422
419
415
400
378
361
334
318
303
286
273
268
271
267
272
284
297
310
329
346
351
359
363
356
352
344
333
335
331
327
318
301
293
281
264
249
223
199
174
136
98
53
1
-58
-120
-187
-255
-321
-391
-453
-517
-575
-628
-678
-701
-727
-759
-771
-783
-773
-751
-735
-708
-676
-635
-583
-537
-493
-437
-381
-318
-243
-171
-109
-48
16
75
135
195
251
304
343
374
405
430
448
456
457
467
467
456
446
428
418
405
391
374
349
335
324
309
291
266
238
217
199
184
165
143
124
100
74
53
26
3
-24
-50
-67
-82
-97
-106
-117
-119
-117
-120
-111
-104
-93
-78
-67
-52
-42
-32
-20
-15
-9
-12
-9
-11
-16
-18
-27
-36
-57
-77
-103
-129
-152
-175
-191
-214
-241
-267
-289
-314
-330
-350
-366
-371
-382
-384
-377
-375
-360
-340
-327
-295
-258
-225
-191
-163
-131
-103
-69
-32
7
37
63
92
119
153
183
215
255
298
344
387
433
474
509
543
564
582
595
590
583
557
521
482
431
379
322
266
213
158
117
84
58
42
33
37
38
36
39
37
32
17
-1
-17
-45
-71
-99
-130
-159
-189
-208
-237
-251
-262
-274
-264
-265
-251
-231
-218
-186
-174
-159
-138
-142
-132
-137
-151
-161
-200
-219
-258
-294
-326
-384
-401
-436
-450
-445
-454
-414
-386
-339
-281
-238
-153
-87
-14
66
114
178
204
235
260
254
277
257
255
251
225
235
214
224
220
211
239
225
257
260
261
285
266
288
263
252
240
193
198
155
137
114
84
93
54
58
43
28
38
8
25
6
-2
7
-18
1
-14
-18
-19
-50
-42
-69
-79
-87
-115
-104
-131
-137
-141
-161
-136
-145
-131
-114
-117
-89
-80
-52
-27
-11
12
16
25
22
20
20
3
-11
-31
-50
-67
-85
-100
-117
-128
-133
-134
-129
-126
-122
-108
-97
-85
-75
-70
-51
-45
-32
-23
-19
2
6
13
25
29
53
60
74
97
102
115
115
121
125
118
131
118
112
107
79
78
56
42
36
8
6
-20
-28
-32
-49
-32
-45
-38
-29
-40
-17
-24
-15
-1
3
27
29
42
47
46
55
48
61
65
63
73
66
72
70
66
69
56
54
43
33
29
16
14
0
-19
-38
-61
-76
-92
-102
-112
-118
-114
-124
-129
-134
-140
-138
-143
-143
-137
-132
-125
-114
-107
-104
-91
-84
-72
-52
-41
-24
-15
-9
7
16
31
39
48
61
69
91
97
100
109
109
118
119
124
133
129
124
113
119
113
104
94
76
74
63
50
36
16
8
-9
-18
-23
-35
-37
-51
-58
-61
-65
-65
-69
-70
-68
-61
-55
-52
-49
-46
-32
-22
-12
-6
-4
10
18
22
31
45
51
58
64
63
65
65
62
58
54
56
57
52
42
30
22
9
1
-12
-28
-42
-56
-68
-83
-90
-97
-103
-109
-115
-119
-119
-117
-117
-112
-108
-102
-97
-85
-81
-76
-68
-63
-48
-36
-32
-21
-11
3
14
24
31
34
38
38
46
56
63
73
77
78
82
84
91
101
108
111
112
116
114
108
100
87
75
63
50
39
30
17
5
-4
-21
-31
-34
-36
-38
-44
-44
-46
-46
-45
-44
-40
-39
-24
-16
-17
-15
-14
-4
2
2
2
3
12
16
16
21
19
17
15
9
10
7
1
-8
-18
-22
-21
-29
-38
-48
-53
-50
-55
-50
-55
-54
-54
-53
-41
-38
-37
-37
-44
-38
-29
-29
-26
-19
-13
-3
-1
-7
-10
-9
-1
11
16
23
31
30
31
34
40
47
52
53
52
53
49
46
45
44
45
41
45
46
47
50
47
44
42
39
39
40
41
46
46
44
44
41
29
18
6
-13
-20
-32
-36
-43
-48
-50
-58
-61
-68
-71
-69
-66
-60
-51
-45
-40
-35
-39
-37
-32
-27
-25
-18
-12
-3
-4
-7
-2
-7
-1
4
6
15
14
10
4
2
0
-4
-9
-11
-14
-21
-25
-34
-44
-53
-62
-61
-58
-56
-53
-52
-50
-44
-44
-39
-24
-10
4
15
32
46
61
85
104
124
137
154
174
185
182
177
172
171
172
162
154
137
121
113
102
97
85
76
68
53
40
31
26
23
21
15
6
-9
-23
-33
-42
-44
-41
-47
-58
-68
-80
-91
-101
-115
-125
-125
-132
-148
-168
-187
-202
-214
-218
-222
-225
-222
-226
-229
-231
-235
-234
-224
-215
-209
-200
-196
-185
-168
-155
-139
-123
-99
-78
-61
-35
-8
16
41
66
92
118
139
163
184
201
216
236
261
272
291
298
306
321
322
334
337
343
354
353
348
335
320
307
289
261
243
232
212
194
169
137
112
88
61
38
13
-10
-33
-53
-68
-84
-108
-132
-157
-175
-189
-210
-227
-242
-264
-279
-284
-288
-298
-311
-315
-315
-312
-313
-311
-306
-299
-299
-298
-290
-280
-263
-255
-246
-235
-229
-214
-205
-196
-177
-164
-154
-129
-112
-90
-68
-47
-17
10
39
65
87
107
127
151
176
197
217
238
250
263
276
284
293
300
308
312
319
321
317
314
307
307
304
298
297
292
285
279
263
252
241
223
212
192
172
154
127
103
83
67
49
33
15
-2
-16
-37
-57
-79
-97
-107
