34
42
35
35
43
44
36
29
40
37
37
55
39
50
44
30
34
18
18
-6
-8
-6
-32
-16
-27
-45
-30
-46
-51
-41
-48
-43
-55
-38
-30
-42
-14
-31
-33
-17
-40
-17
-24
-24
-14
-36
-11
-39
-34
-20
-48
-22
-39
-24
-26
-29
-17
-16
-8
-15
-9
-17
-1
-5
5
22
15
18
4
19
11
15
30
11
31
34
11
3
24
23
20
29
26
9
18
27
21
41
38
21
36
28
16
15
20
40
8
40
23
9
31
11
23
5
23
15
11
9
-8
-17
-5
-14
-34
-9
-28
-34
-38
-32
-33
-35
-34
-48
-32
-36
-33
-42
-4
-7
-43
-17
-29
-7
-20
-29
-6
2
6
-27
-18
9
-2
-26
5
18
6
15
-9
7
14
3
6
-4
30
8
-14
42
7
20
28
13
32
23
24
5
26
9
17
14
27
27
-5
50
0
37
31
18
33
-9
28
-22
40
-5
1
20
-11
31
-53
42
-20
-16
15
-46
26
-13
16
-17
9
31
-13
2
0
14
-23
10
-23
-19
3
-46
-8
-30
-6
-39
-26
-4
-55
-21
-37
-28
-41
-44
-24
-50
-32
-52
-26
-28
-22
-14
-37
20
-29
-20
-11
-32
-1
-34
7
-6
-4
37
-5
31
39
4
14
36
24
19
38
26
27
53
45
27
54
65
18
39
41
0
49
9
6
16
23
9
-8
53
4
24
38
0
23
25
21
0
23
41
-8
17
20
-22
21
-2
-15
1
4
0
-35
6
-35
-30
-4
-37
-22
-19
-39
-50
-12
-38
-59
-25
-47
-61
-34
-36
-42
-19
-34
-48
-15
-13
-41
-25
-22
-62
-13
-30
-44
2
-32
-26
-11
15
-39
-13
31
-58
8
1
-14
28
29
20
16
74
20
47
79
71
75
94
92
62
123
47
69
66
41
79
-2
56
-12
-14
-31
-46
-20
-66
1
-66
-55
-38
-82
-78
-38
-51
-63
4
-2
-11
14
10
-7
23
30
21
58
48
26
42
33
7
32
35
16
9
13
-28
-23
-7
-41
2
-4
8
-6
6
-9
-34
-3
-26
-28
-8
-40
-48
-16
-66
-68
-46
-46
-34
-6
-8
-28
18
8
-24
9
20
12
71
75
45
78
59
46
57
56
39
41
43
29
14
-9
-43
-43
-11
-41
-43
-51
-31
-28
-67
-64
-54
-30
-27
-30
-43
-15
-7
-32
-24
-22
-5
28
31
22
37
14
33
36
25
13
28
60
26
40
-2
-11
35
-3
-13
20
12
-2
29
-1
-12
31
-13
29
44
-2
16
41
50
-23
29
12
-14
50
-73
-35
-7
-46
-88
-54
-6
-115
-38
-71
-95
-14
-61
-49
-5
22
-32
-40
60
12
8
64
23
88
46
35
61
52
83
-27
66
47
-3
52
-20
25
-1
6
-1
-38
9
-5
4
-6
-75
54
16
-46
25
-25
56
-34
-23
-16
42
31
-120
85
-3
-55
-19
-19
16
-22
24
-63
51
43
-81
35
-12
7
33
-11
-31
-18
28
-102
-52
-93
-90
-6
-187
-104
-57
-87
-148
-95
0
-123
-26
-68
-1
107
-21
-33
169
127
-1
139
123
198
45
132
129
191
129
-83
273
35
88
-32
43
142
-36
89
-91
174
-29
28
55
42
125
-89
166
12
72
-34
28
66
-13
23
-153
138
-76
-54
-52
-61
-5
-73
24
-169
40
-54
-46
-11
-98
-17
-34
-11
-101
11
-10
-58
-86
17
-49
-65
-88
-116
49
-209
-98
-211
-61
-151
-380
-161
-274
-167
-420
-272
-239
-232
-238
-337
-85
-99
-111
-188
115
59
147
139
160
415
208
301
213
521
388
265
480
296
482
216
196
303
291
298
95
331
183
179
117
-71
246
121
176
33
211
274
-65
156
-158
257
143
-149
88
-38
180
-419
-166
-86
-253
-128
-503
-129
-199
-304
-503
-320
-73
-424
-286
-239
-131
-225
-230
-218
-178
-20
-279
-101
-77
-134
-196
-219
-48
-333
-128
-244
-165
-82
-324
-49
-264
54
-243
-100
175
-82
287
-52
347
267
220
309
337
592
183
498
357
340
377
207
208
294
265
-131
180
68
-128
-101
-27
-123
-180
14
-271
-15
-33
-223
24
65
29
-24
186
162
111
234
130
303
302
221
253
259
362
134
201
166
188
185
-37
142
23
51
-113
-158
-11
-138
-226
-218
-111
-214
-237
-331
-266
-270
-303
-440
-315
-164
-481
-307
-370
-307
-388
-425
-293
-335
-124
-359
-166
-83
-125
-38
-149
89
84
39
94
202
183
151
265
204
236
346
226
174
349
223
126
313
285
122
297
264
44
186
165
19
107
176
21
57
128
-96
-78
42
-85
-124
-69
-90
-134
-111
-134
-170
-66
-69
-139
-137
-38
-31
-84
-48
-1
14
56
30
-19
137
82
24
11
118
143
57
121
50
150
42
-38
-22
13
37
-81
17
-26
2
-120
-180
-98
-160
-96
-118
-42
-33
-62
-73
-109
-72
-101
-74
15
57
56
62
42
13
1
-61
29
80
60
94
38
82
-13
-23
7
-21
72
35
49
24
45
-29
-52
24
-28
28
17
31
11
-3
21
-25
-18
1
-2
7
9
-34
-33
-45
-16
-58
-49
16
-42
-37
-45
-53
-46
-21
-58
-26
-15
-18
-28
-73
12
-42
-12
17
3
42
42
-8
-25
11
-5
19
19
115
110
122
134
77
148
87
87
90
85
110
113
136
95
121
70
65
75
44
68
39
79
-19
-55
-32
-124
-66
-104
-125
-88
-119
-127
-162
-123
-179
-245
-163
-172
-113
-77
-154
-106
-98
-153
-153
-72
-52
-96
-22
-12
26
50
32
10
13
-9
-70
59
104
102
118
110
109
110
73
35
61
50
66
47
100
104
79
101
78
121
74
67
26
18
74
43
206
286
261
150
25
-67
-168
-92
-102
0
104
72
72
10
-108
-279
-239
-232
-211
-73
-58
24
49
-2
-74
-93
-12
-15
14
101
112
115
49
-10
-6
-3
29
2
-6
4
-67
-126
-104
-145
-186
-166
-198
-180
-130
-120
-127
-57
-23
-82
-76
-41
-20
13
41
38
108
148
113
128
128
103
47
31
37
94
134
138
184
144
80
23
-10
-31
29
112
103
125
74
-4
-11
-21
-75
-27
61
24
31
12
-22
-22
-55
-64
-73
-34
-37
-59
-3
-24
-43
-26
-38
17
8
-49
-58
-34
-15
-51
-38
-14
6
5
-54
-77
-21
-13
-37
-26
-15
6
-12
-24
-41
-4
13
6
47
25
30
17
23
26
8
43
49
61
36
-5
10
32
23
32
33
30
46
15
-6
-5
16
19
27
50
21
5
3
-8
-28
-21
-36
-41
-37
-72
-53
-52
-36
-43
-43
-11
-30
-22
-23
-19
-12
-19
-21
-6
11
8
-1
-10
24
31
18
23
28
46
39
26
25
30
49
44
36
43
23
2
-11
-31
-56
-50
-48
-32
-28
-31
-20
-30
-16
-31
-39
-16
2
14
26
17
6
17
-17
-22
-37
-27
-2
-12
19
28
52
61
61
75
76
81
53
31
12
-6
-23
-51
-38
-31
-28
-25
-35
-26
-27
-25
-23
-21
-4
19
6
-15
-15
-11
-13
-12
-3
6
22
20
16
14
13
10
0
14
9
-4
-18
-34
-35
-28
-27
-14
-14
-18
2
-10
5
8
-4
26
30
43
44
39
52
61
60
46
45
41
34
15
-1
-12
-24
-5
-21
-18
-16
-42
-25
-54
-65
-64
-61
-23
-28
-18
-23
-42
-31
-42
-35
-30
-31
-17
-15
-14
-4
-15
-13
6
-1
17
19
13
-1
-33
-40
-45
-20
-15
-2
12
14
56
72
112
154
162
178
164
144
147
135
126
122
94
100
77
49
21
-40
-35
-90
-107
-132
-191
-197
-270
-271
-277
-283
-237
-246
-212
-189
-190
-155
-159
-125
-65
-50
37
74
152
261
301
404
431
476
502
457
426
325
259
174
85
12
-64
-109
-142
-163
-157
-110
-60
19
72
124
136
90
54
-85
-139
-194
-209
-121
-122
-3
36
58
94
29
38
-28
-74
-123
-188
-250
-342
-406
-477
-457
-466
-428
-346
-257
-89
-32
35
25
-1
-25
-132
-225
-331
-300
-251
-169
-67
-20
134
127
11
-246
-695
-910
-1037
-797
-180
813
2292
3500
4392
4654
4587
4389
3469
2132
437
-982
-2116
-2949
-3373
-3496
-3114
-2607
-2115
-1659
-1255
-1103
-1395
-2473
-3915
-5128
-5973
-6089
-6112
-5542
-4229
-2380
77
2516
4853
6800
8184
8856
8869
8212
7273
6013
4402
2968
1534
848
395
-57
-268
-789
-788
-1097
-1534
-2065
-3016
-3559
-4415
-4746
-4704
-4149
-3047
-2215
-990
71
1436
2439
2836
2933
2439
2099
1386
811
210
-366
-705
-1121
-1070
-925
-535
-259
-229
-255
-375
-404
-537
-681
-772
-622
-358
31
472
824
1094
1042
993
911
814
688
397
221
42
-70
-123
-188
-216
-354
-431
-468
-544
-754
-1105
-1412
-1741
-1813
-1576
-1020
-475
-344
-135
40
410
485
175
-23
-355
31
520
1125
1446
1690
3061
4368
5181
4433
3477
2864
1555
-400
-2795
-3690
-4041
-4364
-4892
-4639
-3113
-1907
-1218
-1761
-1754
-1754
-1789
-2187
-3403
-3683
-4030
-3108
-2108
-877
1002
2434
4471
5449
6392
6903
6847
6486
4888
3540
2177
1725
1232
456
-12
-396
315
315
321
-69
-630
-722
-1839
-2044
-2378
-2025
-1448
-1567
-520
249
1848
2622
2535
2571
1867
1602
330
-778
-1793
-2718
-3198
-3799
-3368
-2882
-2061
-1717
-1463
-942
-845
-674
-1097
-906
-756
-707
-553
-339
742
1363
1857
1909
2002
2191
1693
1100
187
-269
-798
-1365
-1615
-1631
-1088
-829
-382
96
520
857
603
338
-56
-246
-251
-238
57
495
1073
1387
1425
1335
1160
694
-80
-829
-1459
-2000
-2731
-3274
-3686
-3717
-3113
-1690
415
2200
4603
7667
10739
11436
9189
6572
4044
1540
-2638
-6230
-7753
-8100
-7875
-8011
-5839
-3059
-868
-418
-1019
-260
-168
-509
-2710
-4783
-5688
-5947
-4557
-2983
-118
2414
4813
7039
8505
9835
9536
8509
6045
3460
1421
-147
-731
-1651
-1750
-1717
-1074
-121
171
268
-633
-1384
-2434
-3178
-3019
-2496
-1488
-1054
-252
1100
2839
4299
4588
4286
3389
2385
896
-793
-1947
-2668
-3179
-3950
-4026
-3210
-2274
-1875
-2191
-2061
-1444
-940
-644
-164
1108
2293
2584
2264
2272
2812
2631
1341
-448
-1702
-2272
-2793
-3220
-3184
-2348
-1162
-181
766
1825
2508
2338
1334
442
-33
-526
-831
-1037
-584
36
787
1856
2257
2326
1482
243
-1114
-2565
-3613
-4542
-4563
-4398
-3625
-2406
-1198
380
1048
1127
947
1538
2728
4581
7954
11199
12803
11029
7594
5014
2554
-1445
-6562
-9937
-11214
-11274
-10675
-8674
-5066
-2138
-1131
-905
596
2615
2979
1007
-2202
-4418
-5123
-4828
-3344
-1045
1202
2885
4397
6262
7563
7526
5762
2903
387
-1228
-1641
-1238
-647
-92
768
1873
3125
4187
4116
2910
983
-563
-1456
-1530
-803
-254
161
412
1202
2733
3867
3612
2116
435
-1131
-2281
-3015
-3139
-2720
-2382
-2423
-2429
-1657
-1076
-1551
-2935
-4175
-4118
-3056
-1608
210
2783
5051
6010
6008
5491
4725
2941
-367
-3969
-6357
-7399
-7689
-7336
-5957
-3604
-815
1518
3300
5056
5731
4977
3358
1623
385
-644
-1389
-1981
-1725
-729
341
1493
1600
1030
115
-1571
-3348
-4422
-4636
-4606
-4037
-2686
-660
1495
2743
3579
3935
2946
1113
-144
-387
1133
5193
9509
11984
11092
7921
5287
1973
-2792
-8085
-11733
-13236
-13608
-11717
-8008
-2885
1294
2566
3095
4112
5605
5502
2375
-2108
-5475
-6622
-6401
-4840
-1710
1370
3231
4584
5860
6850
6397
3835
481
-2433
-3756
-3070
-1054
1071
2555
4133
5550
6370
6649
5409
2886
-102
-2825
-4093
-3721
-2209
-536
692
1451
2125
3256
3902
3000
981
-1383
-3431
-4568
-4895
-4217
-2822
-2071
-1928
-1700
-970
-367
-1055
-2396
-3573
-3765
-2756
-1221
1423
4446
6319
6469
5145
3541
1670
-806
-4083
-7204
-8762
-8996
-7854
-5505
-2409
800
3374
5057
6215
7120
6716
4885
2600
618
-609
-1226
-1597
-1404
-659
-205
209
427
402
274
-643
-1806
-3119
-3463
-3044
-2957
-2199
-1737
-523
319
167
465
-127
-91
196
2983
8698
14141
16959
14418
10165
5337
-62
-6415
-12143
-14536
-15120
-13700
-10924
-5008
1393
4720
4908
3430
3262
2444
643
-3117
-7105
-9356
-10203
-7865
-3170
2423
5665
6355
6479
6585
6223
3528
130
-2515
-4102
-4131
-2266
1662
5253
6942
6838
6049
5670
4525
2106
-877
-3419
-4805
-4581
-2720
179
3040
4265
4203
3709
3469
2922
1100
-709
-2174
-2722
-2522
-1700
468
1647
817
-1191
-2598
-2946
-3865
-4982
-5629
-4712
-2908
-947
1398
4138
6519
6327
4161
1105
-1096
-3113
-5968
-8084
-8523
-6986
-5477
-3664
-1407
1328
3817
4532
4763
4849
4880
3678
1736
461
89
-207
-1108
-1842
-2174
-1642
-1328
-647
327
613
792
445
190
294
433
785
730
-335
-1396
-2080
-1888
-1731
-2722
-2756
-1515
1443
6523
12807
18282
18804
13212
5547
-606
-5929
-11692
-16311
-17362
-15178
-11130
-5451
1339
6752
7908
4948
1637
249
-500
-2185
-5977
-9359
-9612
-7231
-2325
3828
8136
8695
6213
3573
2343
701
-1933
-4642
-5820
-4769
-1942
3140
8029
10035
8490
4809
2426
1433
-96
-2208
-3820
-4032
-2577
186
4001
7348
7887
5615
2055
-667
-1813
-2451
-3131
-3657
-2933
-954
1153
3070
4211
3200
-183
-4050
-6190
-6068
-5386
-5068
-4228
-2256
614
3172
5093
6091
5362
2990
-229
-2582
-3421
-3867
-4640
-4808
-4202
-2952
-1277
-394
163
490
464
726
1204
2002
2857
2930
2391
1422
761
472
-790
-2238
-3701
-4179
-3333
-1899
321
2225
3017
2844
2996
2260
1075
-706
-2360
-2865
-4589
-4949
-4180
-2821
-1687
-636
2851
8744
15991
20014
18386
11185
3118
-3385
-9161
-13526
-15255
-12659
-9462
-6173
-1194
5064
8957
6922
1611
-2613
-3895
-4252
-4536
-5103
-5057
-4414
-3312
617
5815
8649
7118
2651
-930
-2866
-4292
-4714
-4009
-2126
-152
1873
5247
8290
8867
5891
1018
-2475
-4000
-4518
-3826
-2280
-422
1383
3292
5708
6740
5443
2290
-1141
-2954
-3422
-2824
-1007
1352
3316
3801
3088
2590
1437
-1570
-5346
-7355
-6356
-3570
-815
1486
3693
4764
4013
1988
335
-289
-1321
-3218
-4984
-4882
-3374
-2281
-1645
-996
-262
143
-381
-1097
-826
-386
-44
469
1422
2693
3299
3231
2695
1821
418
-939
-1996
-2660
-3004
-2606
-1490
-289
1508
2505
3211
3298
2451
1567
-251
-2160
-3672
-3965
-3785
-3646
-2827
-1010
2254
6012
10917
15944
16490
9979
1339
-4170
-8406
-12663
-14715
-12045
-6064
-1409
2187
6384
8132
4935
-1883
-7465
-9248
-8538
-7100
-6120
-4269
-1245
1626
4381
7186
8773
7580
3391
-285
-1275
-1649
-2713
-3776
-2663
-167
1885
3569
5105
4811
1450
-2534
-4365
-3474
-1991
-544
1051
3012
4948
6276
7233
6344
3747
-77
-3570
-4794
-3794
-1817
-578
618
2137
3169
3230
2518
1395
-708
-3601
-5193
-4069
-1145
1921
3965
4984
5052
4082
2234
-25
-2039
-3726
-5136
-5775
-5335
-4130
-3053
-2809
-2679
-2077
-1265
-296
655
1636
2235
1951
1943
2596
3279
2692
566
-908
-1383
-1146
-694
-1030
-1571
-2400
-2979
-2302
-1414
-554
-124
43
465
803
2043
3011
2461
53
-2639
-4072
-4132
-2385
358
4053
7470
11539
13726
10669
3881
-3349
-7420
-11081
-13111
-10749
-4576
1402
3602
5021
6010
4862
-235
-6176
-9145
-9168
-7850
-6540
-3762
-576
1541
2646
4157
6322
6818
5038
3315
2815
2727
1986
1104
1663
1948
1020
-481
-1001
-566
-1156
-2201
-2298
-1230
-504
-189
950
3023
4545
4634
4193
3699
2760
952
-1137
-2378
-2440
-2343
-2277
-1883
-749
355
206
-63
-435
-1058
-1779
-1905
-235
1326
1963
2415
3043
3970
3833
2788
1602
-54
-1589
-3037
-4546
-5567
-6549
-6707
-6013
-4970
-2967
-1167
161
1061
1755
2501
2678
2422
2078
1910
1652
1749
1994
1607
870
-28
-478
-948
-1938
-2407
-2999
-3393
-3522
-3412
-1905
-656
526
1268
1554
1868
1391
162
-1439
-1346
-34
2330
6169
12051
16254
12941
3967
-4884
-9378
-12236
-13721
-10504
-3639
2704
5933
8086
9545
7435
305
-7487
-10853
-9259
-6185
-4514
-3330
-2042
-1827
-2469
-1549
1261
2724
1457
1807
5632
9796
10625
8143
5202
2037
-1166
-3282
-3438
-2872
-2904
-3068
-2049
129
1569
1306
-588
-2236
-2534
-1022
2256
5511
7149
6303
3963
1791
-7
-2074
-4356
-5513
-5155
-4337
-3073
-1357
65
65
-1285
-2048
-1551
-315
1089
2309
3455
4368
4779
4273
2953
1875
1082
-99
-1857
-3456
-4433
-5547
-6497
-6439
-5189
-2952
-577
1620
3028
3505
4109
3990
2850
880
-795
-766
-425
567
1492
2287
2934
1906
920
-12
-1137
-2707
-4173
-4620
-3995
-2961
-2492
-1704
-1098
-730
-1390
-1213
1305
4939
8176
9846
12860
14160
8828
-887
-7637
-9675
-11001
-11517
-8371
-1423
2840
2858
1740
1102
-1011
-5860
-8361
-5891
-823
2465
2748
1887
645
-3090
-7854
-8831
-5730
-1896
606
4788
10717
13877
12305
8207
4552
1074
-2579
-4220
-2868
-332
1624
2488
2350
1068
-1415
-4100
-5422
-4774
-2343
862
4075
6879
7719
6474
4558
2489
531
-1597
-2615
-1486
-192
74
-1581
-3793
-5864
-8112
-8450
-6692
-3528
-337
2314
4587
6154
6526
5252
3191
930
-325
-306
447
1082
604
-774
-3063
-4865
-5424
-5365
-4607
-3187
-1069
1493
3788
5463
5756
4017
1517
-144
-608
-93
220
267
323
-886
-1313
-1349
-1829
-1907
-2642
-1490
-515
-32
57
-1698
-2478
-4056
-4745
-4293
-2627
649
4648
11015
15891
15867
8143
-1865
-7566
-10245
-11720
-11351
-5210
1540
3700
2750
1960
1009
-4568
-10867
-11310
-4643
3092
6999
8659
7168
2487
-3255
-6188
-4647
-2911
-1536
1032
5892
10640
11116
8298
3772
-306
-2834
-2524
515
3614
5139
3646
1311
-818
-3168
-5457
-7398
-6796
-4077
407
5708
9086
9179
5694
1353
-2144
-4393
-4745
-2517
1663
4945
5973
4838
2443
-1852
-7243
-11445
-12362
-9354
-5622
-2127
812
2892
3154
986
-594
-323
1224
3108
4778
6083
4993
986
-3181
-5888
-6873
-6572
-4583
-853
2505
4081
3601
2012
94
-1443
-1955
-723
1623
3906
5398
5686
5731
4341
1328
-2090
-3712
-3385
-2767
-2224
-2181
-1485
-1540
-2293
-3490
-3664
-1646
200
2250
6203
12120
13412
6727
-2844
-7168
-6122
-5529
-4912
-2034
2518
3153
-298
-3627
-5492
-7889
-11858
-12935
-7652
1078
5913
4971
1168
-2070
-4528
-5937
-3819
1472
6600
9051
10536
12174
11870
7082
818
-2385
-1332
1341
2440
2707
2185
533
-1996
-3807
-3455
-2465
-1881
-1300
257
2768
4149
3303
393
-2106
-2128
-466
1957
4004
5888
6277
4159
384
-3632
-6318
-8074
-8105
-6533
-4038
-1119
581
762
-172
-1424
-2038
-1822
-505
1723
3726
4998
5176
3613
478
-2853
-4760
-4310
-2495
-173
1536
1299
189
-1088
-1412
-1411
-1385
-119
1430
2906
3820
4163
3190
850
-1532
-2199
50
1960
2867
2825
1754
732
-908
-1642
-2022
-2086
-1252
316
2820
5427
7442
5487
-1205
-8902
-11764
-8643
-4201
-342
2654
3946
2383
-1509
-5117
-7931
-9399
-8329
-5277
-262
4248
5827
2090
-6441
-13920
-16428
-12736
-6182
1486
8933
13117
13549
10928
8425
6624
4758
4243
6914
12150
15026
12400
6033
-650
-5974
-9386
-9967
-7375
-3481
-899
128
601
962
234
-1631
-2256
5
4816
9456
11432
10556
7158
2382
-2499
-6197
-7608
-7294
-6012
-4155
-2291
-1362
-2669
-5502
-8024
-9283
-8386
-5464
-1116
3181
5780
6443
6033
5293
3809
2117
783
387
408
-110
-693
-1929
-3551
-4261
-4208
-3284
-1492
-189
1447
2901
2492
2085
2192
2008
1174
23
-623
-785
-70
344
279
725
124
-976
-1195
470
3163
4308
5569
7561
7468
2651
-3952
-5815
-3830
-2982
-3646
-2664
-1067
-2684
-6636
-9293
-9015
-7294
-4884
-1245
2054
3066
945
-3275
-8095
-11311
-9221
-2670
3990
7347
7240
5787
3300
477
-806
572
3739
7366
11313
14271
14155
9880
3920
-8
-1485
-737
919
1799
1073
-1820
-4586
-5923
-6488
-6290
-4700
-1176
2872
5908
7607
7867
5944
2797
476
-267
-26
-570
-1313
-2223
-3615
-4712
-5705
-6189
-7053
-7612
-6815
-5528
-3908
-2778
-2041
-1367
-1007
3
1714
2968
3802
4122
4222
4578
3820
2169
866
207
55
100
302
632
1260
1280
862
365
-904
-1879
-2382
-2402
-772
1978
3410
3814
3801
2280
1113
390
980
3291
4974
7063
7862
4196
-2810
-7380
-6902
-5068
-3253
-1382
910
855
-3243
-6555
-8202
-10104
-10749
-7795
-2603
132
-1221
-4070
-6390
-9255
-10820
-6982
5
4969
5438
3720
3432
3459
2852
3459
6320
10135
12658
13238
11601
7653
3004
430
647
1506
1730
1200
-79
-2634
-5652
-6667
-6097
-5122
-3762
-1520
1893
3959
3700
3411
4019
5092
5938
6236
5928
3900
495
-1802
-1865
-1008
-854
-1132
-1610
-3031
-5305
-7564
-8929
-9314
-8888
-7344
-5100
-3487
-2654
-2288
-2170
-1182
863
3690
6217
6617
5656
4012
2322
2091
2242
3023
4030
4062
3666
1671
-1080
-3741
-5771
-5777
-3892
-742
1917
2785
1495
170
960
3848
6966
9323
12214
12062
6129
-2034
-5532
-2554
258
509
1049
1646
-1718
-7977
-11381
-11539
-11489
-11111
-7386
-3331
-4291
-8006
-10117
-10391
-11970
-12274
-5852
2657
6000
3503
182
44
898
2200
5682
10092
12768
12465
10937
9535
7782
6496
6805
7968
8524
7569
5474
2162
-2501
-5941
-6109
-4313
-3519
-4510
-5912
-6833
-7267
-6791
-3456
1549
5456
7330
7044
5800
4040
3032
3946
5927
7267
6763
5074
1949
-1859
-4569
-5780
-5889
-5908
-5893
-5924
-6452
-8037
-9795
-10236
-9574
-7593
-4546
-916
2192
3577
3371
2126
1643
1921
2562
3823
4937
5852
5861
4875
3627
2080
-59
-2287
-3328
-3602
-3510
-2849
-1429
1745
4543
5847
7520
7383
3843
-2135
-6154
-2879
4089
8467
8052
4709
994
-3053
-6345
-7013
-4822
-1681
-480
-2551
-5144
-6783
-9131
-12096
-14276
-12378
-7018
-2907
-1210
-1881
-4043
-5760
-5316
-1636
3511
7897
10731
11646
11048
9792
8636
8074
8774
10402
11400
10196
6751
3512
1550
756
889
955
487
-1048
-3546
-6285
-8114
-8563
-8353
-7531
-5883
-3139
-1154
-1674
-2740
-2206
192
2587
3602
3733
3293
2760
2800
3923
5555
5975
4281
1141
-1790
-3340
-3632
-4043
-5619
-7481
-8003
-6518
-4780
-4193
-4472
-4866
-4316
-3529
-2114
-262
874
1850
2596
3910
4911
5324
5470
4776
3975
3276
4053
4545
5115
6942
8951
11444
8726
1217
-5471
-7237
-2242
2832
3684
376
-3517
-6349
-9024
-9284
-6598
-2073
-223
-1791
-4047
-5340
-5474
-8085
-10277
-8714
-4375
608
1794
-212
-3335
-6040
-5820
-2329
2724
6033
5992
4321
3362
3462
4534
6253
7912
9525
10233
10120
8878
6373
4474
2839
1551
459
-1064
-2106
-3574
-5068
-5297
-4393
-3184
-2777
-2873
-3013
-3442
-3971
-3429
-1172
2353
4790
4787
3289
771
-1175
-1582
-354
1489
2559
2486
1253
-117
-1608
-2374
-2238
-1861
-1472
-1620
-1731
-2277
-2628
-2724
-3306
-2947
-1955
-1322
-1030
-1844
-2380
-1729
-1998
-1530
-26
1386
2507
1956
2202
3504
4737
6615
8651
11458
13637
11117
4533
-1520
-3600
266
5211
5827
3550
-112
-4232
-7887
-9385
-7121
-3714
-2731
-4557
-6933
-7588
-9151
-13057
-15227
-14414
-10272
-4941
-2721
-3053
-4796
-6276
-5004
-963
4169
7715
8577
8674
9388
10773
12008
11702
11404
11548
10797
10149
8936
6665
4086
1707
981
1174
347
-2117
-4836
-6011
-5964
-5445
-4852
-4447
-4848
-5416
-5517
-5291
-4271
-3619
-2796
-1166
54
1093
1469
1581
2086
2818
4220
4943
4835
4874
4609
4712
4455
2700
1078
-103
-1311
-2108
-3083
-4495
-5598
-6194
-6476
-6060
-5872
-6464
-6807
-6769
-5979
-4140
-1925
-794
-894
-1614
-907
1885
5135
8918
11743
14684
14264
7940
2091
901
6939
12718
12043
7885
3720
656
-3990
-6400
-5003
-2578
-2923
-6576
-8686
-8919
-9071
-12154
-15329
-16130
-15283
-11321
-7640
-6109
-6641
-8121
-7408
-3392
1830
4838
5787
6090
7134
9579
11286
11903
11929
12411
13554
13987
14719
13926
11604
8716
5159
4147
4859
4878
2769
-1245
-4893
-6808
-7220
-7460
-8125
-9360
-10878
-11965
-11381
-9480
-7726
-7036
-6869
-5895
-3853
-1290
673
2192
3474
4420
5655
7124
7761
7008
6184
6451
7714
8772
7105
4112
1729
-261
-562
-830
-808
-1581
-4625
-7321
-9557
-9018
-8052
-8860
-10010
-12076
-12087
-9993
-6520
-1926
2932
7829
10116
6498
-605
-2866
3208
13358
18503
15980
11546
7371
3005
833
3038
8226
10136
4926
-1836
-5804
-6158
-7121
-10837
-13370
-15227
-15126
-13924
-14120
-14516
-15143
-15337
-13018
-8416
-4306
-1410
359
2186
6039
10232
13285
15121
16057
17157
17487
17685
17402
16046
15135
13628
12094
11150
9982
7772
4329
274
-2751
-2871
-3014
-5320
-7954
-10471
-11504
-11033
-11707
-12490
-12179
-11384
-11103
-10889
-10764
-10399
-7737
-5707
-4120
-1211
772
1601
2047
2878
4827
8971
11905
11271
10400
9656
9683
10606
9701
7053
4964
2752
-180
-1505
-2256
-3956
-5749
-7749
-9812
-10280
-11110
-13211
-13922
-12026
-6468
-608
1272
-3589
-9135
-7562
-773
7804
11756
10820
8779
7090
5439
5734
9845
12382
12152
8516
4923
4423
3639
1365
-2825
-6423
-9773
-11798
-11647
-11939
-12442
-13599
-13891
-13230
-12466
-11857
-11592
-8872
-4670
118
4097
4557
4262
5278
8701
13072
16672
19042
18949
18032
15433
13618
14620
15808
16140
13636
9485
6084
5130
3739
786
-1850
-5961
-7849
-9210
-11278
-11603
-11873
-12709
-15172
-15656
-15343
-13442
-9503
-9007
-8625
-7239
-5769
-4057
-1491
381
2750
7520
8231
7393
7131
6298
7078
8800
10249
9757
9208
5885
1610
950
1323
2951
3551
1560
-3890
-9234
-12291
-12486
-7341
-2907
-1363
-2814
-4716
-6902
-9477
-9275
-7075
-186
4349
1773
-2069
-2434
899
3547
5606
7989
10287
9587
5445
2313
2620
4378
4447
3483
897
-2836
-4365
-4472
-4923
-5962
-7854
-8528
-7587
-7131
-7126
-6835
-6421
-5742
-4665
-3073
-554
1891
3546
4451
5050
5717
6431
7222
8868
11885
14830
16248
14343
10841
7348
7220
11709
12387
10470
6209
547
-227
-1566
-3709
-4431
-4479
-6117
-8697
-10499
-14040
-13854
-12239
-12342
-10967
-8999
-8825
-10005
-9441
-9833
-6357
748
4007
5429
4836
3385
4477
8284
10550
10666
12212
11864
9745
7958
5689
3894
2409
1499
-429
-1337
-2706
-6459
-6429
-4880
-3509
-3476
-5178
-8603
-12063
-10636
-6780
-409
1468
-2820
-5808
-5043
-645
1973
4271
5526
4401
2145
-244
1711
4940
5381
2610
-644
-2676
-3977
-3210
-1834
-1247
-3298
-6787
-7758
-6799
-5005
-3851
-2369
-369
473
178
-1089
-456
1628
3680
5478
6125
6085
5575
5430
5644
6889
8866
10009
10839
9703
8409
8041
6170
6262
5836
5216
5685
2745
86
-1690
-2268
-3452
-4632
-5558
-9002
-9643
-9907
-9466
-7732
-7621
-9607
-11095
-9895
-10001
-6659
-2347
-601
1475
1817
2293
3937
6545
7372
7341
8621
8461
8032
7824
6999
5554
4306
2938
1638
1688
-153
-2726
-1805
-216
695
1197
-2759
-8735
-11936
-10016
-2492
2618
-232
-7179
-9779
-8378
-7155
-4695
-1710
327
-1064
-4359
-5485
-1658
1883
-298
-1679
-1787
-1643
-527
160
895
908
-367
-2214
-1425
350
277
89
360
1170
1082
280
406
1847
3941
4404
3710
3433
3803
5045
6412
7788
8916
8945
8623
7632
7053
5987
3727
3623
4050
5910
6730
3383
-425
-2968
-2488
-1998
-887
-716
-3269
-4766
-7822
-9484
-7318
-5284
-6361
-7296
-7535
-8946
-7139
-6096
-5679
-3038
-1630
-639
735
2955
3652
3662
4752
4954
6503
7999
7774
6909
5874
4444
2926
3371
3049
2236
2105
411
-205
1151
456
-3268
-7402
-8488
-4276
-451
-2506
-6849
-7912
-5925
-5470
-6295
-5439
-3562
-3300
-5475
-6903
-4275
-1499
-2722
-4973
-5607
-4501
-3034
-1915
-763
76
290
-324
114
1665
2063
1834
2186
3749
5532
5651
5196
5770
7031
7763
7207
6628
7225
8396
8711
8380
7675
6775
5821
4910
6500
5517
1781
-533
-2854
-304
2045
-32
-2564
-3712
-3480
-4483
-2931
-3158
-5254
-5468
-6670
-6116
-3637
-2662
-6868
-8213
-7034
-7151
-2743
-1694
-3336
-3155
-2936
-2221
-1078
1641
2500
3114
4978
5338
4567
4030
3823
3982
6978
7464
5052
3543
1667
1898
3688
5147
4581
2991
-349
-4746
-5715
-2469
2986
2605
-4063
-10226
-9609
-4355
-2267
-3392
-4745
-4572
-6449
-8875
-8022
-3702
-1439
-5276
-8380
-8726
-5632
-2646
-2532
-2097
-2514
-3249
-3317
-1120
1708
2593
3247
3507
4205
4661
4431
5027
6775
8803
8672
8534
8313
8334
9826
9881
10505
10500
9284
7694
7281
8538
6572
4326
1301
-616
1086
429
-2120
-4712
-5284
-6286
-6980
-5858
-7156
-7888
-8599
-10075
-9357
-5858
-5455
-8580
-8862
-9873
-8021
-2566
-476
-530
-1039
-1677
-1898
1734
5781
6617
7335
6948
6321
6359
6358
5269
5167
6908
5362
2753
1131
-1
1090
3067
3447
3312
3199
-711
-5211
-6849
-3132
3508
3522
-2457
-8207
-7671
-4254
-2825
-2758
-2591
-2275
-5694
-8736
-7661
-3235
-1553
-5577
-9584
-11095
-8864
-6517
-5212
-3632
-3339
-4280
-5514
-4485
-1969
620
2446
3553
5422
6020
5812
6398
8612
11121
11284
10265
9184
9978
11200
11665
11511
10672
9530
7612
7402
6099
4844
4127
2003
2090
1313
-832
-2797
-3369
-3090
-3754
-4227
-6038
-7027
-7457
-8729
-9377
-8884
-7744
-8621
-9562
-10297
-10253
-7181
-4576
-3640
-3363
-3497
-3438
-1309
1967
4356
6625
7556
7687
7987
8271
8623
9210
10275
10618
9906
7749
5545
4144
3680
3216
1763
3131
3155
-1594
-7600
-10709
-6631
-1691
-2740
-8237
-9544
-6455
-6294
-7118
-6895
-3579
-2173
-5900
-9051
-7121
-1627
-1687
-5433
-8754
-9593
-7627
-6184
-3970
-3310
-4064
-6042
-7150
-4574
-1605
944
1971
3255
3841
3033
3541
4913
9034
11809
11095
9466
8432
9866
10785
11765
12862
13459
13632
12232
10522
8609
7382
5682
4543
4207
2891
856
-1720
-3189
-4658
-5057
-5603
-7770
-9255
-10920
-11772
-11252
-10004
-9804
-10908
-11658
-11983
-9868
-6192
-3628
-2013
-1498
-1632
-1061
1433
4828
6987
7903
7293
6920
8276
9068
8986
8833
8123
7786
6852
5106
5169
5245
5472
4719
4259
5583
2926
-1729
-5810
-4456
1015
1987
-2332
-7647
-7215
-5778
-5717
-6569
-6745
-5037
-7654
-11391
-12859
-9365
-6540
-8563
-11166
-13530
-11802
-10180
-8782
-6452
-4893
-3570
-4578
-3742
-1775
452
2117
2482
4174
5187
6129
5832
6765
9132
9903
9964
7994
8009
8873
9352
10595
11471
12327
11936
11209
8427
6815
6123
5282
7082
7230
5070
1246
-1109
-2366
-2799
-1483
-2868
-5287
-7536
-10032
-11175
-9102
-7414
-8317
-9290
-11651
-12389
-9713
-6424
-4824
-4314
-3397
-3486
-2261
365
2108
3694
5218
6220
7313
9307
9231
8099
8266
8551
8874
8340
7859
6652
6258
7139
5701
5327
5517
2462
-1890
-4515
-3266
1073
2927
-1978
-8226
-8671
-6006
-5114
-5307
-5362
-5371
-6824
-10853
-12856
-9131
-5075
-5947
-10433
-13744
-13126
-10997
-8591
-6917
-6399
-6115
-6800
-6948
-4825
-1349
956
2174
3142
3490
4294
5743
7925
9900
10695
10173
9133
9927
11251
11624
12017
11922
11035
10495
10355
9384
7577
5242
3630
3922
4807
4162
1513
-634
-1907
-2697
-2006
-2057
-4075
-6656
-8890
-9408
-7559
-5909
-6923
-9430
-11253
-11138
-8895
-6175
-4916
-5147
-5452
-5197
-4241
-1351
1809
3041
3264
3116
4267
6428
7921
8298
7531
7811
8576
8591
8051
7031
6588
7057
7167
6729
7462
6051
1670
-2965
-4484
-53
3824
2102
-3437
-6424
-5863
-5540
-5755
-5568
-3595
-4219
-8383
-12591
-11495
-6239
-5642
-9172
-13048
-14002
-11933
-9210
-7138
-5933
-5287
-6773
-7968
-6413
-2599
796
1927
2161
1755
2644
4905
6266
7415
8490
9084
9517
10233
10861
10969
11748
11623
10719
11139
11775
11488
9255
6543
5165
5760
6639
5324
2890
558
-1168
-2491
-2801
-3116
-4490
-6507
-8772
-9587
-8769
-7685
-8199
-10205
-12156
-12101
-9913
-7126
-5299
-5348
-5233
-4552
-3426
-1195
1319
3265
4197
3886
3726
4623
5958
6995
6600
6477
7056
7094
6643
4858
3755
4850
6372
6261
5002
5015
4274
1788
-1226
-2451
474
3233
2219
-2193
-4357
-3453
-3733
-4346
-5509
-4566
-3267
-4988
-8807
-10300
-7750
-7042
-8454
-11368
-12307
-10291
-8313
-6927
-6615
-5700
-5892
-6351
-5729
-3170
626
2341
2350
1466
2735
5239
6805
7698
8074
9264
9813
9224
9147
10185
11123
10980
10112
9607
9800
9164
7231
5560
5463
5994
5484
3540
1656
526
-181
-867
-2160
-2928
-3134
-4422
-6322
-7632
-7927
-7320
-7648
-9347
-10646
-10318
-9170
-8472
-7877
-6893
-5556
-4465
-3578
-2809
-1174
1037
2832
4049
4602
5458
5681
6156
7022
7996
8936
8202
6198
4083
3926
4577
5465
6094
4336
1682
1139
1875
1161
-787
-3295
-2821
-82
730
-1304
-3649
-3882
-4356
-4576
-4423
-2915
-1408
-2745
-6434
-9120
-7118
-5175
-4862
-6659
-8928
-8777
-7904
-6157
-5170
-4834
-5467
-6427
-6358
-4922
-2216
-212
1386
1179
604
1432
3200
6088
7853
8429
8516
8656
9460
10195
10671
11288
11371
10155
8839
8124
8029
8083
6759
5148
4201
3278
2731
1394
-512
-2188
-3031
-3126
-3557
-4368
-6239
-7731
-8379
-8132
-7310
-6851
-7162
-7921
-7786
-7852
-6953
-5139
-3212
-2199
-3165
-3329
-1937
1212
4144
4581
3584
2990
4065
5806
6845
7308
7587
7143
5876
3784
3004
4450
4733
3593
2600
2640
2861
1910
1215
435
-165
-1167
-3051
-3229
-2044
-1028
-2181
-3291
-3676
-4719
-4954
-5833
-5085
-3377
-3203
-4815
-6396
-5288
-4780
-5170
-6460
-7354
-6414
-4775
-3260
-3393
-3792
-4801
-5438
-4528
-2703
-869
-293
-42
-337
46
1273
2772
4291
4920
5137
5002
5717
6794
7222
7670
8762
9723
9252
7929
6860
7630
9568
10245
8460
5331
3128
2354
2591
2843
2064
391
-1878
-4695
-6273
-5869
-5391
-5935
-7291
-8777
-8991
-8292
-8152
-7831
-7048
-5935
-5038
-4032
-2517
-1290
-129
162
645
2822
5400
6509
6310
5829
5784
6758
7079
7101
7336
6943
5226
2757
1661
1820
2620
2247
1164
228
-847
-1946
-3263
-2091
-1017
-1852
-3705
-6160
-5776
-3798
-2481
-2464
-2627
-3017
-4066
-4564
-4050
-1641
-110
-447
-2991
-5095
-4268
-3335
-2462
-3287
-4861
-5747
-5321
-4219
-4050
-3700
-4203
-4420
-4711
-4547
-2768
-746
942
809
262
651
1813
2564
3369
4749
6115
7720
7450
6207
5778
6613
8280
9231
9061
8076
7164
6377
6075
5695
5360
5030
3611
2265
869
-734
-1175
-1199
-1603
-2313
-3813
-5098
-5893
-5997
-5556
-5227
-4630
-4839
-5371
-5533
-5231
-4476
-3152
-1305
-196
459
540
830
2270
4002
4852
5023
5185
5151
5331
4994
4757
4927
4808
4178
2568
1276
575
76
-539
-1179
-1786
-2080
-2698
-4248
-5140
-5068
-2853
-1431
-3130
-6020
-8055
-5960
-2225
29
-75
-956
-1311
-1781
-1517
-713
1304
2248
1329
-829
-2380
-1458
-787
-688
-2034
-3881
-5023
-5068
-4063
-3370
-2708
-3475
-4938
-6298
-6464
-4796
-2818
-894
-328
-465
-308
-92
476
2015
3770
4914
6145
6790
7083
7062
6665
6821
7535
8807
9537
9125
7922
6274
5375
5673
6151
5902
4879
3239
1477
402
122
220
79
-1006
-2649
-3873
-4231
-4011
-3757
-3718
-3930
-4403
-5016
-5169
-4550
-3302
-2322
-2375
-2818
-2523
-1095
422
1246
1168
600
620
1101
1411
1339
1206
874
868
1277
978
202
-1125
-2253
-2558
-1853
-1260
-2046
-2992
-4031
-3712
-2477
-1538
-1399
-2353
-2031
-1282
-275
117
-514
-411
192
768
444
1193
2935
4281
4096
2155
1154
1308
2399
2441
1802
1518
35
-1708
-3641
-4612
-4386
-4065
-4625
-5917
-6385
-6325
-5728
-5980
-6419
-6104
-5198
-3272
-2360
-1382
31
706
1289
1809
2538
3606
4853
5707
6724
7811
8367
8338
8134
8518
8655
8826
9008
8852
8580
8137
7541
6791
6187
4808
3189
2195
1593
1069
101
-750
-1532
-2063
-2717
-4187
-5720
-6560
-6069
-5022
-4472
-4995
-6571
-7421
-7161
-6461
-5635
-5339
-5155
-4978
-4623
-3756
-2919
-1925
-1332
-1669
-2127
-1884
-897
465
1306
880
127
-575
-829
-577
11
720
572
272
91
354
872
805
806
1203
1754
1954
1945
2143
3035
3782
3465
2893
2289
1899
1787
1834
2276
3494
4181
3256
1756
268
37
228
-114
-783
-1932
-2401
-3218
-4225
-4708
-5381
-6057
-6988
-7916
-8154
-7250
-6076
-5035
-4411
-4413
-4363
-4137
-2959
-1079
1091
2830
3753
4413
4998
6107
7084
7963
8684
8903
9212
9717
10278
10431
10170
9346
8623
8429
8061
7150
5782
4805
4343
4320
3805
1928
-101
-1692
-2938
-3440
-3718
-4274
-4965
-6093
-7606
-8943
-9300
-9276
-9197
-9188
-9957
-10232
-9887
-9153
-8485
-8208
-7653
-7340
-6554
-5348
-4234
-2685
-1614
-1385
-958
4
1236
2474
3473
4164
4429
4538
4487
4561
5378
6098
5981
5515
4917
4326
4216
4190
3968
3612
2849
1819
889
721
1213
1239
576
-321
-1040
-1046
-377
-241
-598
-779
-1435
-1960
-2130
-2249
-2058
-1408
-331
258
480
340
-70
-135
234
194
-161
260
131
-91
-252
-928
-1155
-1276
-1523
-2046
-1823
-1048
-495
-40
-141
-35
521
1106
1086
764
1195
2377
3662
4444
4517
4073
4006
3978
3813
3954
4249
4524
4621
4580
4092
3466
2682
1928
1267
459
-190
-1083
-1637
-2093
-2946
-3733
-4662
-5613
-6182
-6584
-7316
-7930
-8175
-7935
-7595
-7805
-8273
-8103
-6882
-6051
-5855
-5661
-4935
-3443
-2145
-1222
-527
217
697
779
1704
3714
5674
6644
6245
5410
5756
6922
7499
7048
6024
5342
5457
5661
5372
4770
3877
2796
1449
424
407
550
409
-351
-1567
-2100
-2483
-2686
-2546
-2587
-2155
-1899
-1974
-2072
-2452
-2269
-1438
-533
156
626
1061
1835
2355
2553
2714
2425
2365
2334
2884
3898
4272
4120
3521
3073
2416
1584
416
-231
-148
-575
-849
-1657
-2313
-2832
-3879
-4557
-5036
-4862
-4810
-5268
-5680
-5576
-4973
-4464
-4086
-3981
-3538
-2904
-2403
-1857
-965
-96
281
589
537
1083
1737
1849
1950
1825
2421
2802
2706
2637
2310
2409
2381
1685
763
327
520
1122
1417
915
135
-626
-879
-924
-715
-74
105
-239
-903
-1355
-1008
-336
-23
-194
-431
-271
33
121
115
162
412
571
487
575
1221
2075
2241
1722
1295
1477
2045
2255
1977
1723
1563
1479
1169
872
987
751
486
370
386
727
632
94
-370
-331
-48
291
316
-170
-557
-725
-325
137
270
-12
-720
-1044
-987
-697
-200
32
-410
-969
-1614
-1873
-1038
-364
-81
-375
-1231
-1720
-1900
-1776
-1461
-1099
-994
-1158
-1304
-973
-497
-778
-1171
-1921
-2245
-1872
-2045
-1990
-2098
-2225
-2291
-2473
-2445
-2617
-2602
-2540
-2183
-1563
-982
-1005
-1279
-1037
-744
60
733
1290
1764
2026
2265
2179
2634
3144
3612
4080
4318
4389
4318
4528
4713
5127
5291
4655
3715
3069
2835
2901
2939
2465
1812
977
427
64
-174
-443
-1375
-2017
-2156
-1771
-1340
-1490
-1952
-2473
-2578
-2549
-2400
-2106
-1713
-1351
-1334
-1224
-1003
-570
-54
11
-70
55
320
725
1196
1538
1733
1515
987
595
592
975
1099
785
195
-492
-901
-1045
-1114
-1365
-1818
-2392
-2868
-2846
-2762
-2912
-3088
-3606
-3833
-3479
-3106
-2593
-2388
-2362
-2325
-2211
-1792
-1391
-673
-90
-114
-154
266
1166
2107
2470
1951
1444
1533
2012
2612
3397
3926
3843
3596
2924
2632
2803
2723
2284
1666
1701
1870
2064
1962
1511
1381
1239
850
15
-532
-969
-1421
-1697
-2248
-2425
-2404
-2575
-2862
-3181
-3307
-3283
-3337
-3363
-3185
-2983
-2516
-2107
-1687
-975
-289
445
924
1358
1768
2086
2509
2688
2992
3658
4509
5058
5023
4749
4459
4571
4726
4357
3958
3659
3132
2570
1987
1398
1109
553
-323
-920
-1184
-1290
-1768
-2474
-3035
-3404
-3445
-3573
-3759
-3745
-3921
-4278
-4503
-4394
-3982
-3645
-3649
-3928
-3960
-3580
-3001
-2471
-2189
-2009
-1929
-1657
-1090
-408
351
757
601
296
271
596
1167
1526
1627
1649
1460
1245
1109
1367
1965
2306
2194
1791
1508
1536
1740
1898
1971
1901
1667
1350
987
813
846
1024
1118
937
628
466
682
1004
1155
1105
981
741
361
20
-153
-47
-65
-447
-940
-1272
-1446
-1434
-1224
-994
-805
-1016
-1426
-1596
-1515
-1214
-881
-412
196
712
987
1088
1191
1345
1386
1293
1292
1196
1017
788
472
450
536
433
181
-224
-571
-711
-702
-677
-776
-869
-917
-928
-770
-715
-716
-634
-669
-756
-871
-820
-488
-132
-101
-488
-729
-625
-361
-136
-80
10
29
-297
-913
-1191
-868
-415
-137
-373
-718
-696
-601
-374
-4
393
623
566
454
397
750
1237
1293
1223
1112
984
1028
1057
922
823
752
517
291
166
-24
-270
-347
-379
-361
-273
-471
-648
-699
-769
-804
-831
-778
-997
-1218
-1216
-1018
-503
-425
-592
-584
-364
139
414
793
1166
1301
1341
1197
1630
2293
2689
2717
2221
1984
1883
1900
2050
2108
2194
1809
1141
449
-17
-16
-93
-426
-1074
-1707
-2022
-2195
-2254
-2569
-3004
-3256
-3450
-3422
-3338
-3184
-2901
-2696
-2544
-2440
-2036
-1390
-859
-497
-336
-82
393
763
881
1047
1412
1962
2467
2589
2533
2485
2554
2542
2474
2467
2227
1885
1292
746
627
630
595
260
-185
-604
-936
-1051
-1169
-1195
-1191
-1242
-1253
-1166
-1117
-1035
-818
-629
-366
-272
-301
-274
-182
34
146
370
578
615
526
177
27
189
438
598
451
164
-66
-146
-38
133
301
359
222
118
98
280
611
712
701
577
531
777
1023
1113
964
749
607
610
788
888
927
850
487
175
179
294
357
153
-294
-607
-666
-712
-917
-1027
-1093
-1272
-1422
-1722
-1960
-1934
-1982
-2127
-2160
-2028
-1906
-1874
-1894
-1915
-1642
-1244
-1208
-1254
-1173
-1020
-677
-310
-101
44
201
213
247
580
959
1197
1207
1069
1002
1191
1564
1717
1779
1694
1423
1330
1355
1604
1825
1789
1569
1084
924
1089
1276
1436
1149
707
379
334
563
576
534
298
-94
-230
-312
-218
-79
-173
-424
-721
-680
-490
-386
-384
-634
-734
-574
-455
-470
-622
-761
-863
-854
-719
-671
-663
-766
-980
-939
-645
-344
-206
-258
-345
-381
-184
147
432
725
733
560
508
571
776
882
910
842
682
608
421
364
424
390
332
72
-165
-338
-426
-366
-435
-492
-649
-905
-1006
-1045
-920
-775
-795
-946
-1116
-1043
-859
-690
-542
-483
-414
-378
-451
-427
-216
68
274
314
307
264
278
381
523
814
1002
994
856
679
675
747
908
962
788
585
317
172
90
-71
-197
-328
-371
-495
-703
-775
-830
-830
-886
-890
-668
-454
-363
-482
-519
-236
110
375
437
449
585
775
949
1060
1139
1156
1176
1247
1354
1407
1346
1251
1180
1209
1227
1159
1021
806
648
560
537
469
222
-108
-427
-596
-706
-910
-1217
-1533
-1737
-1906
-2061
-2216
-2358
-2407
-2383
-2291
-2171
-2049
-1932
-1748
-1424
-1051
-674
-364
-112
161
443
766
1091
1357
1500
1506
1512
1564
1642
1663
1533
1315
1100
944
832
701
515
283
78
-81
-202
-270
-315
-374
-472
-592
-666
-630
-506
-424
-434
-457
-420
-282
-124
-32
1
47
157
284
418
524
561
558
542
567
670
830
928
881
771
694
709
791
826
765
657
550
425
301
179
61
-57
-206
-408
-619
-737
-818
-883
-943
-1020
-1047
-1048
-1012
-935
-812
-645
-540
-468
-374
-229
-43
104
170
166
199
264
310
343
312
244
159
38
-106
-234
-286
-361
-493
-672
-889
-1051
-1152
-1214
-1235
-1190
-1166
-1230
-1292
-1263
-1080
-788
-527
-416
-386
-296
-98
238
617
872
976
1021
1062
1185
1432
1674
1801
1793
1688
1598
1636
1726
1721
1621
1487
1354
1258
1195
1103
951
781
577
390
305
228
103
-89
-342
-540
-636
-665
-728
-838
-975
-1132
-1197
-1188
-1192
-1169
-1143
-1108
-1008
-894
-795
-714
-593
-438
-238
7
171
282
370
432
557
723
862
934
924
860
778
724
673
605
545
432
285
130
-74
-260
-384
-495
-584
-697
-875
-1075
-1219
-1282
-1314
-1282
-1279
-1337
-1342
-1378
-1368
-1246
-1092
-933
-820
-731
-684
-596
-405
-240
-6
217
288
348
419
582
807
976
1053
1002
1039
1121
1208
1360
1366
1262
1133
1011
1024
1091
1094
957
710
511
387
368
431
390
264
80
-118
-156
-110
-40
-52
-151
-230
-311
-256
-188
-176
-145
-197
-224
-236
-227
-178
-173
-199
-315
-396
-394
-379
-396
-494
-624
-715
-757
-795
-806
-810
-815
-848
-908
-909
-807
-635
-536
-479
-420
-273
-49
153
350
504
676
784
855
1005
1194
1430
1507
1469
1395
1382
1460
1460
1441
1360
1279
1151
954
794
681
603
434
204
-27
-142
-252
-431
-655
-897
-1001
-1114
-1194
-1279
-1363
-1413
-1546
-1617
-1621
-1494
-1339
-1266
-1229
-1176
-1040
-867
-662
-477
-272
-128
-21
83
215
421
527
608
629
648
728
711
688
626
561
544
437
361
309
193
117
-61
-167
-138
-193
-189
-327
-422
-409
-473
-397
-424
-394
-334
-397
-379
-398
-317
-201
-154
-123
-120
-120
-61
3
91
236
299
404
420
457
563
663
858
920
998
1012
1036
1122
1140
1225
1212
1215
1138
1030
990
943
949
834
690
520
387
288
202
102
-42
-165
-371
-473
-575
-620
-683
-847
-893
-995
-969
-958
-1043
-1052
-1127
-1122
-1084
-1029
-924
-912
-902
-913
-884
-717
-594
-478
-375
-319
-182
-82
39
141
229
347
358
428
479
493
514
439
404
389
399
394
312
264
122
18
-62
-152
-99
-143
-156
-282
-412
-446
-566
-495
-536
-520
-477
-549
-501
-559
-475
-392
-345
-245
-236
-103
18
133
230
258
332
405
481
613
762
900
995
954
940
971
1037
1145
1169
1239
1222
1124
1035
892
894
884
810
768
644
539
357
143
27
-104
-151
-249
-399
-493
-700
-858
-1014
-1130
-1117
-1165
-1171
-1256
-1335
-1326
-1322
-1207
-1113
-996
-897
-825
-678
-535
-329
-140
-3
114
193
337
498
651
750
766
774
754
760
789
791
772
679
558
450
378
354
316
240
113
-45
-172
-266
-309
-345
-411
-471
-576
-663
-722
-747
-716
-722
-723
-745
-754
-714
-674
-597
-521
-455
-402
-362
-289
-186
-70
44
132
212
300
369
468
585
685
767
821
860
896
959
1011
1046
1089
1071
1038
1010
965
954
922
877
793
681
580
465
411
334
254
156
5
-131
-263
-355
-458
-517
-612
-726
-800
-921
-993
-1045
-1078
-1115
-1114
-1113
-1136
-1086
-1060
-1011
-918
-807
-725
-597
-470
-370
-182
-25
132
266
377
441
491
608
662
766
827
778
718
611
517
447
431
372
270
162
-4
-145
-233
-298
-356
-380
-441
-525
-552
-571
-549
-490
-461
-474
-464
-436
-378
-261
-152
-76
-22
6
21
86
208
337
464
543
565
600
650
731
848
945
1014
1024
1000
971
958
996
1034
1032
988
880
765
658
545
459
350
231
87
-88
-240
-404
-542
-671
-811
-924
-1033
-1104
-1171
-1232
-1266
-1298
-1276
-1228
-1168
-1085
-1016
-932
-844
-745
-613
-473
-334
-214
-111
0
114
230
319
392
466
514
565
601
621
638
632
617
597
571
543
490
437
384
322
279
210
141
92
31
-23
-76
-133
-179
-237
-311
-364
-399
-416
-441
-454
-458
-470
-469
-479
-458
-415
-382
-343
-308
-249
-193
-156
-110
-57
3
64
109
166
231
280
324
360
400
431
451
478
506
532
548
554
560
565
565
571
586
605
617
618
625
637
635
617
600
606
591
548
496
444
396
329
240
161
92
-4
-119
-239
-347
-439
-529
-614
-686
-737
-789
-844
-884
-902
-899
-895
-883
-859
-828
-804
-784
-750
-708
-663
-618
-567
-511
-460
-432
-414
-377
-333
-287
-234
-172
-104
-54
0
56
116
184
242
310
375
427
477
506
529
552
560
564
557
538
517
472
417
352
278
219
150
92
40
-20
-80
-151
-196
-244
-288
-314
-337
-331
-317
-301
-279
-260
-234
-198
-148
-98
-42
13
68
121
187
244
306
390
451
545
634
700
778
818
848
865
882
916
913
921
901
842
810
716
609
531
426
347
252
162
54
-88
-203
-368
-497
-560
-652
-689
-709
-767
-833
-896
-957
-986
-979
-921
-872
-817
-730
-736
-712
-680
-676
-594
-519
-426
-360
-320
-278
-315
-290
-243
-242
-154
-97
-90
-68
-98
-113
-147
-158
-116
-168
-120
-100
-178
-117
-169
-187
-167
-209
-146
-180
-107
-59
-99
40
36
89
205
195
293
333
398
492
540
699
742
810
939
933
1038
1115
1132
1233
1248
1286
1299
1274
1294
1208
1195
1160
1066
1085
979
871
763
564
451
278
148
40
-122
-190
-356
-512
-640
-850
-962
-1106
-1212
-1219
-1271
-1257
-1309
-1384
-1400
-1487
-1468
-1424
-1394
-1253
-1198
-1119
-1044
-1065
-973
-940
-877
-729
-665
-492
-389
-334
-218
-229
-135
-43
-11
145
198
295
402
398
487
495
514
589
557
619
651
644
714
676
683
684
611
623
564
555
576
493
502
438
392
408
318
341
303
255
284
187
214
200
145
220
155
192
215
151
224
153
183
224
155
267
209
210
262
160
251
212
198
258
143
207
130
68
118
-25
26
-37
-121
-81
-227
-193
-259
-323
-276
-419
-362
-419
-470
-402
-517
-447
-480
-507
-419
-505
-431
-446
-492
-412
-475
-415
-390
-415
-341
-379
-341
-298
-316
-231
-234
-208
-130
-145
-62
-34
-25
67
50
115
155
141
221
196
230
263
216
273
228
214
248
174
198
161
105
115
27
25
4
-59
-18
-74
-74
-50
-106
-56
-81
-83
-30
-60
-10
3
9
58
54
87
100
101
123
121
124
119
110
102
94
72
56
42
3
3
-22
-29
-7
-23
24
40
58
125
131
193
234
246
302
295
335
362
342
376
345
345
343
288
292
250
209
201
147
140
106
65
67
26
18
5
-26
-20
-47
-58
-61
-87
-74
-82
-88
-89
-119
-120
-144
-165
-183
-219
-237
-281
-316
-349
-395
-412
-456
-491
-507
-536
-526
-529
-535
-512
-509
-467
-429
-402
-347
-309
-246
-188
-140
-78
-36
21
68
103
151
177
212
244
259
287
289
293
302
282
281
270
252
251
228
216
204
186
183
160
144
133
107
101
81
57
57
33
30
30
13
35
32
42
61
56
87
93
108
133
127
153
147
147
159
136
139
111
79
61
24
15
-13
-41
-49
-88
-103
-122
-134
-133
-146
-130
-130
-111
-88
-69
-18
4
50
80
106
153
154
184
201
207
225
199
202
179
160
143
86
64
16
-15
-41
-83
-95
-146
-170
-194
-218
-207
-235
-227
-234
-242
-223
-224
-197
-196
-188
-186
-193
-182
-184
-170
-175
-181
-182
-192
-178
-189
-186
-190
-202
-185
-186
-162
-153
-142
-112
-107
-61
-42
-8
36
36
86
91
120
170
171
224
216
232
265
248
299
283
298
322
294
340
316
335
342
301
334
294
302
300
267
295
243
248
234
189
205
146
131
114
60
68
12
-8
-13
-67
-65
-112
-140
-152
-207
-213
-248
-272
-272
-307
-309
-328
-342
-332
-358
-355
-346
-354
-322
-315
-297
-259
-255
-211
-189
-161
-114
-106
-61
-43
-28
12
9
42
53
50
78
53
63
64
42
58
28
39
42
26
53
32
53
57
52
86
77
108
113
117
145
134
168
160
166
185
167
192
170
165
171
141
153
125
112
111
73
76
47
32
36
2
14
-2
-16
4
-12
3
6
5
32
27
40
49
47
63
69
80
84
77
72
60
50
41
21
5
-25
-50
-68
-104
-116
-158
-187
-205
-243
-235
-261
-266
-256
-284
-254
-270
-256
-228
-249
-195
-200
-183
-139
-155
-101
-101
-96
-52
-82
-39
-36
-51
0
-28
5
23
2
53
34
61
88
65
122
107
121
151
114
158
147
150
185
147
174
160
142
174
154
174
168
148
158
136
153
149
145
153
126
134
129
142
159
140
151
128
129
134
119
139
110
107
99
68
85
53
53
43
8
13
-27
-26
-31
-53
-40
-78
-75
-87
-95
-74
-95
-72
-100
-112
-103
-129
-99
-121
-126
-138
-179
-167
-197
-186
-194
-233
-232
-272
-275
-279
-294
-286
-310
-314
-310
-305
-277
-266
-252
-231
-224
-194
-168
-150
-106
-104
-76
-52
-47
10
6
53
72
71
121
103
161
175
183
232
215
260
263
281
316
312
349
347
356
367
368
374
366
365
348
340
306
287
266
222
211
149
132
99
49
52
-16
-11
-44
-81
-60
-118
-84
-102
-121
-87
-126
-75
-78
-68
-35
-58
-22
-40
-18
-4
-9
8
-19
1
-22
-5
-2
-30
-16
-59
-40
-58
-64
-52
-102
-87
-131
-139
-130
-170
-151
-196
-204
-213
-233
-209
-234
-223
-233
-244
-229
-238
-206
-204
-194
-182
-183
-160
-149
-120
-103
-85
-77
-68
-38
-32
-2
9
22
44
42
72
73
97
111
112
149
131
156
158
162
196
170
216
196
208
239
210
268
219
238
239
191
250
183
202
188
132
168
96
102
88
45
71
31
33
33
8
25
14
6
20
1
5
9
-19
5
-8
-20
2
-33
-18
-33
-61
-31
-67
-54
-60
-88
-62
-92
-76
-75
-91
-71
-92
-85
-87
-96
-92
-105
-111
-121
-137
-149
-147
-165
-163
-167
-182
-161
-186
-166
-154
-171
-132
-166
-132
-121
-135
-81
-113
-68
-60
-68
-18
-45
-2
5
7
46
34
77
88
101
141
131
156
170
170
202
201
210
219
205
227
212
205
204
164
172
139
115
104
55
61
19
6
-1
-48
-30
-66
-61
-52
-78
-50
-69
-54
-40
-45
-21
-28
-20
-12
-17
-10
-18
-25
-27
-34
-41
-47
-53
-50
-46
-40
-30
-24
-9
0
6
14
11
20
23
35
38
35
35
15
11
-3
-11
-20
-38
-39
-46
-34
-35
-34
-31
-41
-23
-18
-3
9
6
22
29
38
39
41
50
51
56
51
45
32
20
16
3
-6
-23
-29
-37
-48
-48
-56
-54
-61
-62
-47
-51
-40
-33
-38
-20
-27
-14
-3
-17
-4
-16
-18
-8
-29
-17
-35
-55
-50
-70
-61
-63
-69
-53
-67
-52
-39
-53
-33
-41
-31
-10
-23
2
0
7
34
26
47
54
64
82
80
103
114
132
151
158
168
174
175
182
192
188
191
182
180
181
161
161
146
131
117
88
71
45
19
-3
-33
-49
-70
-93
-110
-128
-148
-166
-189
-196
-204
-216
-209
-217
-204
-188
-180
-159
-150
-125
-102
-83
-58
-37
-7
6
26
49
59
90
89
97
108
99
112
91
73
65
35
30
5
-16
-24
-54
-65
-82
-93
-92
-106
-98
-95
-93
-70
-71
-49
-36
-35
-6
-9
17
36
30
62
50
57
73
53
73
63
56
64
41
55
48
34
42
27
35
33
34
44
37
49
45
50
60
48
60
56
54
59
43
50
50
36
39
27
17
9
-8
-12
-18
-30
-34
-40
-52
-51
-60
-61
-61
-67
-69
-77
-80
-80
-84
-89
-97
-105
-107
-101
-102
-108
-112
-111
-109
-101
-99
-91
-79
-75
-65
-52
-30
-12
7
28
45
61
70
86
93
102
118
117
122
121
127
138
135
138
133
127
130
126
124
121
114
109
106
105
94
88
78
67
58
48
48
38
35
23
11
3
-9
-8
-23
-28
-32
-49
-52
-66
-65
-71
-81
-79
-91
-87
-89
-98
-94
-101
-103
-104
-109
-102
-100
-100
-91
-87
-85
-75
-69
-65
-57
-60
-52
-50
-47
-36
-46
-39
-44
-40
-30
-36
-18
-25
-19
-5
-9
19
13
23
34
26
50
37
46
53
38
60
45
54
53
44
63
47
52
47
38
46
33
43
38
37
40
27
35
29
34
36
23
28
25
30
38
34
37
36
34
32
32
32
31
27
18
21
12
13
10
2
10
-1
2
-5
-14
-4
-17
-17
-18
-23
-17
-24
-19
-23
-29
-26
-29
-24
-25
-20
-19
-24
-20
-21
-17
-9
-2
5
2
-2
7
13
11
14
-2
-1
-4
-5
6
-12
-10
-19
-27
-17
-30
-19
-27
-31
-22
-38
-21
-29
-31
-17
-34
-18
-24
-31
-20
-35
-17
-18
-28
-11
-25
-13
-9
-20
-4
-12
-7
4
3
14
10
15
17
17
26
28
26
26
24
20
26
26
25
34
24
28
23
18
26
18
19
15
9
16
10
12
9
-1
6
2
5
14
7
7
7
5
19
17
16
17
10
19
13
17
15
5
12
-1
3
2
-2
8
-7
-1
-1
-8
-4
-10
-3
0
0
0
-2
0
-3
-4
-8
-6
-9
-5
-6
-5
-9
-12
0
-3
2
-5
-14
-5
-19
-13
-18
-26
-11
-21
-10
-9
-17
-6
-16
-3
-6
-17
-8
-20
-16
-7
-18
-11
-15
-17
-8
-16
-12
-2
-7
0
-6
-8
-1
-9
-5
-6
-12
-8
-14
-11
-10
-9
2
-5
0
3
-3
1
-2
-4
-3
-3
3
2
6
14
11
11
12
6
10
11
6
5
5
0
4
5
9
18
14
17
14
11
19
18
19
17
10
18
11
10
10
9
9
2
4
1
-2
-4
-4
3
0
5
11
9
17
13
13
17
12
12
6
3
0
4
3
-3
-3
-5
-7
-7
-9
-14
-15
-14
-16
-17
-18
-16
-20
-23
-27
-34
-24
-30
-26
-27
-26
-23
-34
-25
-32
-29
-30
-29
-22
-29
-22
-30
-29
-21
-30
-18
-22
-16
-9
-14
-5
-3
3
6
3
12
10
10
10
11
16
24
30
26
26
24
26
29
34
44
37
44
46
41
44
36
40
41
36
35
31
33
30
30
25
18
12
11
9
6
6
1
1
-3
-9
-4
-10
-5
0
-4
10
0
4
4
3
13
0
9
3
0
4
-12
0
-8
-9
-7
-33
-23
-29
-31
-23
-39
-25
-32
-33
-23
-32
-20
-26
-19
-14
-19
-9
-23
-13
-10
-16
-15
-18
-10
-11
-9
-10
-21
-23
-22
-17
-16
-14
-15
-13
-11
-8
1
2
8
6
14
19
14
27
14
22
22
14
32
21
32
29
12
24
18
26
29
21
26
18
23
30
24
27
27
27
30
25
22
25
21
18
12
6
14
11
9
6
-2
3
-10
-12
-9
-15
-9
-18
-15
-9
-10
-3
-6
-6
-3
-8
-10
-11
-15
-15
-13
-15
-15
-20
-27
-35
-43
-40
-36
