-60
-39
-45
-82
-103
-90
-34
41
77
72
19
-36
-71
-91
-93
-83
-82
-102
-115
-128
-140
-152
-158
-141
-105
-58
-13
22
28
21
14
14
27
35
37
28
13
16
36
71
101
98
61
7
-34
-32
4
55
101
123
117
96
78
66
49
27
14
3
8
30
55
84
109
95
57
24
-12
-25
-16
10
34
59
78
79
67
13
-42
-74
-89
-77
-51
-24
-5
8
8
-3
-26
-49
-76
-100
-104
-81
-44
0
20
2
-33
-67
-68
-69
-54
-33
-51
-71
-79
-77
-66
-64
-71
-80
-74
-56
-29
-4
13
28
29
24
23
2
-13
-19
-18
5
21
37
61
79
94
98
89
74
51
31
34
55
83
101
105
92
73
66
54
42
25
9
-1
-2
16
17
-7
-32
-49
-33
-7
-19
-57
-104
-119
-97
-62
-21
-23
-53
-91
-130
-127
-83
-10
47
42
-13
-94
-136
-116
-59
9
74
133
154
144
105
58
26
2
3
23
70
134
214
274
289
259
190
131
82
31
-37
-105
-136
-70
55
156
185
119
8
-108
-221
-315
-368
-371
-281
-172
-134
-194
-330
-429
-442
-389
-307
-266
-245
-232
-237
-228
-195
-127
-57
-46
-84
-118
-101
-17
103
190
207
190
196
232
260
261
225
189
209
282
351
365
331
298
289
296
294
264
227
216
233
249
223
132
2
-115
-162
-139
-66
11
59
56
23
-24
-75
-102
-117
-130
-141
-143
-141
-130
-104
-77
-52
-28
-6
4
1
-26
-77
-121
-136
-117
-82
-53
-52
-70
-83
-69
-31
5
14
-46
-143
-209
-217
-157
-58
26
47
20
-8
-24
-30
-47
-73
-106
-111
-75
-19
27
37
20
3
2
25
47
45
40
39
48
66
70
73
71
76
94
118
138
142
121
100
93
105
127
128
108
78
59
51
49
45
39
35
30
18
-6
-25
-40
-57
-73
-92
-102
-105
-97
-88
-79
-69
-59
-39
-26
-14
4
7
14
8
-1
-6
-5
16
33
28
21
24
36
33
25
17
26
48
63
66
34
-15
-64
-94
-90
-85
-86
-92
-89
-76
-53
-40
-42
-49
-56
-50
-35
-21
-21
-33
-36
-25
-6
17
29
23
14
10
30
67
88
85
61
34
19
21
41
46
26
11
-2
-2
4
12
21
15
6
6
9
16
22
29
24
18
17
9
4
8
10
9
16
22
38
52
43
23
-1
-14
-11
4
20
28
22
14
11
10
7
-2
-14
-25
-37
-43
-42
-40
-36
-27
-22
-36
-54
-68
-73
-67
-60
-43
-22
-10
-5
-9
-17
-13
-1
14
26
30
25
24
28
25
17
11
7
11
20
16
10
9
10
10
8
19
24
17
10
-8
-21
-27
-14
3
5
1
-8
-17
-19
-10
8
27
44
45
31
9
-7
-12
-7
-1
4
4
-3
-2
6
22
35
39
31
20
10
1
-4
-5
2
7
13
16
15
17
17
8
-6
-7
-9
-11
-14
-17
-22
-29
-42
-45
-32
-27
-23
-14
-5
1
-10
-26
-39
-44
-42
-35
-28
-27
-29
-27
-17
-6
6
11
13
8
1
-7
-14
-7
-4
7
14
12
21
29
39
35
20
-5
-19
-7
8
31
42
58
67
68
71
57
49
29
8
6
8
25
49
64
67
61
57
50
54
62
66
70
63
56
40
34
33
11
-12
-40
-53
-52
-40
-31
-27
-35
-78
-133
-181
-190
-173
-152
-113
-99
-86
-86
-96
-96
-108
-99
-84
-55
-19
-2
7
5
0
7
19
51
86
102
97
81
55
27
10
-4
-4
9
12
2
-17
-18
-12
7
21
20
27
36
60
80
83
66
31
4
-17
-32
-44
-34
-6
24
60
75
77
71
53
47
45
26
-5
-23
-25
-3
29
47
50
20
-8
-24
-37
-41
-30
-1
37
59
51
28
4
-16
-32
-35
-31
-24
-13
-9
-20
-39
-50
-59
-55
-44
-28
-12
-16
-34
-38
-31
-31
-34
-43
-59
-65
-60
-51
-45
-26
-10
6
22
23
32
34
44
58
66
60
41
26
12
-1
-10
-6
13
47
65
81
95
82
62
36
21
11
-4
-21
-48
-67
-71
-73
-70
-54
-38
-22
1
22
38
47
60
74
80
82
73
55
44
25
3
-9
-20
-24
-14
0
11
7
4
-3
-23
-48
-75
-89
-89
-72
-44
-27
-32
-38
-48
-54
-51
-39
-20
-4
4
1
-12
-36
-52
-58
-51
-33
-22
-15
-18
-16
-12
-5
9
35
57
58
47
31
32
40
54
74
87
107
107
91
74
55
42
37
51
59
59
55
47
53
49
36
28
22
3
-32
-60
-76
-64
-43
-40
-49
-61
-70
-76
-71
-67
-70
-73
-70
-67
-62
-54
-59
-60
-49
-28
-11
-15
-8
9
22
33
35
40
53
61
65
58
36
8
-4
6
11
-1
-18
-32
-19
14
29
29
-8
-40
-22
7
40
62
95
147
128
41
-73
-107
-9
90
107
53
52
70
41
-39
-135
-142
-113
-106
-64
-11
48
91
77
54
23
-64
-86
-25
68
118
118
170
115
110
47
275
578
228
-276
-692
-460
294
603
318
-38
-608
-794
-692
-976
-532
-550
-482
10
-352
-591
-1325
-1560
-735
63
427
-77
-691
-793
-335
218
892
1203
1168
999
627
1042
1369
1891
2315
2048
1953
1242
895
1068
1193
1380
922
-48
-573
-525
-155
181
-396
-744
-1000
-1185
-1031
-1478
-1782
-1467
470
2707
2090
-1389
-3962
-2488
1393
3503
2535
1178
23
-769
-1253
-1397
-303
12
-28
467
63
-1727
-4659
-5700
-3371
-601
47
-1580
-3507
-4082
-3724
-3037
-1627
-170
609
331
-832
-803
540
2196
3297
3038
2925
3239
3198
3157
3308
4081
4821
4307
3106
2346
2266
2453
2204
1607
1296
846
256
-319
-903
-800
-892
-1641
-2305
-2708
-2180
-1613
-1975
-2462
-2604
-2234
-1856
-1948
-1882
-1087
-293
38
-285
-775
-424
318
1209
1473
1282
753
383
1223
1958
2526
1938
629
363
452
646
773
345
-82
-129
-1290
-2078
-2683
-3097
-1591
-1115
-1424
-2612
-4533
-4418
-3132
-1590
-289
-408
-1199
-1534
-1804
-990
322
1292
2367
2162
1626
1314
1330
2295
2961
3360
3248
2722
2279
1855
1916
2047
2234
2128
1646
1015
284
-78
-220
-199
-475
-578
-770
-833
-733
-1278
-1266
-1533
-1508
-1265
-987
670
2042
1916
-194
-2119
-1395
1461
3439
3317
2117
934
654
-75
-159
2
30
314
73
-231
-2087
-4712
-5827
-4318
-1855
-1370
-3265
-5646
-6157
-5472
-4054
-2672
-1783
-1044
-1540
-2009
-1664
-341
1660
2664
2707
2539
2850
3490
4244
4835
5410
5559
4695
3717
3214
3636
4336
4379
3771
2621
1203
281
-141
-64
132
-333
-1152
-2097
-2605
-2600
-2482
-2505
-2621
-2710
-2895
-3141
-3137
-2681
-1592
-694
-499
-729
-926
-346
117
727
932
1963
2889
2561
2134
976
1697
2516
2812
2335
1437
549
-155
14
-688
-1
-1757
-3217
-3216
-3701
-1980
-3015
-4102
-4291
-4733
-3626
-3121
-2544
-1525
-1273
-1387
-1115
-891
327
1441
1827
2842
2904
3321
3515
3213
4111
4233
4017
3480
2661
2961
3117
2289
1702
1066
793
786
-384
-814
-1033
-1379
-1235
-1889
-2508
-2463
-1812
47
1221
-595
-2902
-4364
-3011
374
1654
2263
1200
43
-270
-830
16
518
1159
1589
1604
695
-1367
-2963
-3139
-1202
-281
-678
-2257
-3812
-3881
-3935
-2824
-1504
-604
-573
-1704
-2013
-1166
423
1521
1750
1437
1483
1999
2503
3445
3903
4453
4383
3382
2830
2521
3230
4079
3979
3242
1996
923
514
322
308
328
-186
-922
-1819
-2401
-2195
-1927
-2043
-2553
-3197
-3093
-2708
-2472
-2112
-1523
-905
-1105
-1936
-2388
-861
923
1362
446
-1331
-1184
158
1477
2506
2426
1428
593
-791
-1690
-930
-477
1141
1617
48
-1568
-4110
-4430
-2662
-922
599
-44
-1453
-1997
-2096
-967
325
1129
1750
1052
176
153
656
2257
3137
3117
3049
2359
2340
2308
2225
2512
2679
2800
2319
1254
111
177
463
725
570
-671
-1346
-2611
-1790
1168
3354
2384
-2969
-6043
-4509
617
3063
1468
-396
-1684
-635
-1699
-2370
-2187
-1322
846
877
183
-2961
-5994
-5975
-3031
840
1019
-1724
-4748
-5492
-4264
-2606
-793
126
245
-949
-1663
-966
721
2651
2984
2955
2519
2804
3607
4158
4847
5154
5145
4189
3333
2888
3751
4701
4183
3317
1700
940
785
342
434
213
-202
-1105
-2196
-2676
-2315
-1738
-2036
-2590
-3091
-2703
-2358
-2389
-2551
-1968
-262
8
-443
-2247
-2908
-1088
864
2508
2043
44
-1544
-1423
-710
1330
1865
704
41
-2068
-1780
-1023
-800
32
-1210
-2223
-2797
-3293
-2306
-1372
-846
-615
-1365
-1803
-1583
-1055
251
1312
1954
2147
1366
1215
1493
2532
3723
3660
2811
1410
738
1392
2754
3354
3153
1707
171
4
-278
90
259
546
2751
3899
2467
-1150
-4613
-3858
619
3576
3494
1099
-2005
-1671
-1902
-1879
-1435
-2520
-970
-459
-408
-1480
-5144
-6736
-5728
-2938
-716
-1748
-4441
-5395
-4942
-3260
-1386
-1000
-255
-580
-1210
-284
759
2922
4012
3657
3543
3439
3940
4399
4552
4808
5214
4730
3945
3261
2995
3352
2872
2095
1389
811
547
-142
-635
-598
-619
-975
-1851
-2425
-2153
-1694
-1937
-2355
-2508
-1735
-805
-812
-930
-911
-36
533
367
-455
-788
297
1590
2254
1305
-332
-1210
-698
-73
596
160
-813
-1274
-2363
-2474
-2461
-2191
-1593
-1884
-2579
-3432
-3796
-3169
-1890
-859
-283
-598
-1255
-1413
-1086
446
1695
2434
2202
1436
1484
1957
2933
3280
3487
3050
2803
1982
1464
1546
1712
2068
812
183
526
3080
4518
2742
-1412
-4206
-2248
1871
4727
3553
592
-1993
-2282
-2100
-1802
-2145
-2433
-1355
-795
-1202
-4083
-7242
-7692
-5306
-2264
-1499
-3401
-5302
-5757
-4538
-2921
-1407
-436
110
207
80
961
2017
3431
4161
4557
5243
5885
6160
6008
5775
6064
6338
5813
4992
4256
4291
4305
3620
2285
886
-177
-685
-1006
-1035
-1160
-1998
-3404
-4681
-4718
-3757
-2753
-3088
-3893
-4327
-3882
-2609
-2159
-2284
-2206
-1806
-845
-269
-573
-584
320
1373
2008
1367
-229
-418
120
1374
2650
2024
774
-1165
-2558
-1927
-502
989
950
-743
-2347
-2985
-1935
-377
316
242
-807
-1524
-1098
-470
922
1549
956
824
90
496
1789
1998
2702
2185
1121
1324
629
633
1306
2012
4590
5811
3723
551
-2862
-2521
1827
4080
4973
2603
-862
-887
-1877
-1458
-1632
-2782
-1421
-1088
-1145
-2964
-6485
-8083
-7058
-4682
-3023
-3917
-6493
-7249
-6931
-5339
-3256
-2522
-1392
-1450
-1771
-536
951
3103
4506
4483
4880
5275
5606
6676
7254
7907
8134
6874
6261
6057
6205
6421
5079
3671
2907
2435
2639
2070
952
-59
-1203
-1884
-2266
-2514
-2676
-2815
-3686
-4366
-4777
-4776
-4210
-4236
-4268
-4267
-3854
-3625
-3706
-3924
-3604
-2059
-767
-137
-825
-1973
-2251
-1723
-341
1006
1954
1873
790
-513
-888
330
1875
2814
2105
931
270
191
667
1202
1699
2358
2345
1323
325
-442
328
1551
2645
2571
1901
869
-22
324
712
1520
980
396
857
3439
5025
3002
-1091
-4704
-2140
2541
5382
5009
1079
-640
-1167
-1534
-1392
-2653
-1905
-488
373
-392
-4772
-9014
-9978
-6735
-2667
-2145
-6000
-9399
-9515
-7129
-4183
-3290
-2846
-2664
-2969
-2300
-775
1857
3952
3883
3456
3761
5430
7268
7682
7014
6520
6184
6155
6258
5818
6272
6069
5149
3986
2451
1969
2030
2176
2032
1700
590
-698
-1601
-1752
-850
-726
-1331
-2783
-3045
-2683
-3161
-3426
-4001
-2464
-409
-464
-2090
-3843
-3982
-1806
448
489
-33
-2077
-3193
-2278
-982
1171
1135
-633
-2296
-2968
-2158
-1230
-804
-673
-431
-716
-1382
-2173
-1741
-303
1066
1527
142
-728
-1013
-34
1594
2516
2696
1994
1081
698
2060
2914
2745
3378
4811
7279
6725
1246
-1737
-1149
3385
7060
5217
2321
-660
-1056
-891
-1211
-2765
-3494
-2408
-1645
-1175
-4398
-8063
-10104
-9014
-4839
-2921
-4309
-7650
-9494
-8134
-5793
-3365
-1810
-1358
-2043
-2382
-1139
1610
4415
4927
4710
4076
4861
6857
7936
8220
7581
7113
6908
6416
6337
6694
6668
5525
3635
2378
2158
2226
1271
100
-1382
-2068
-2258
-2852
-3151
-3675
-3753
-4006
-4038
-4404
-4263
-4088
-4014
-2900
-1972
-769
-895
-1899
-2573
-1842
-92
1374
1763
609
258
87
599
1025
648
1217
1205
746
-272
-1097
-331
564
906
-183
-1600
-2453
-1598
-473
64
84
-1489
-1568
-2314
-1655
-235
647
1051
-98
-253
-516
742
811
1109
3469
6159
7530
4629
-463
-1729
2533
7299
8849
5728
1351
167
1008
1339
1013
-2019
-2896
-1826
-1525
-1789
-6272
-10285
-11542
-9511
-5832
-5204
-8076
-10761
-11074
-9198
-6522
-5059
-3562
-2758
-3171
-2456
-624
2464
5497
5968
6280
6432
7621
9754
10591
10873
11135
11128
10700
9578
8245
8788
9092
8143
6189
3479
2177
1865
1340
728
-1146
-3028
-3923
-5213
-5550
-5657
-5886
-5336
-7045
-8848
-8723
-8489
-6109
-4662
-5010
-4433
-4697
-4950
-3372
-3517
-2689
-876
-1118
914
1082
686
884
-121
1205
2807
3078
2471
942
544
1841
2813
3901
3377
1696
355
-199
1473
3081
2562
1194
-729
-829
1175
1540
1860
704
-207
348
-100
-101
2201
4847
6002
4332
-1220
-2068
589
4638
7696
5316
2257
721
-189
-611
-304
-1309
16
232
-1473
-2819
-6848
-8925
-8777
-7275
-4585
-5606
-8970
-11278
-11857
-8929
-6612
-6059
-5857
-6536
-6627
-5130
-3153
89
2974
3072
3479
3648
4987
7579
8945
10043
10681
10396
10431
10145
9992
10671
10449
9925
8880
7088
6088
5354
4563
4723
3097
774
-669
-1926
-915
-747
-3163
-5482
-7741
-7875
-6307
-6295
-7298
-7899
-7934
-6717
-5998
-7945
-8234
-8103
-6180
-2684
-2283
-2274
-4160
-5495
-3353
-202
3076
3969
1897
49
-227
1701
4335
5338
5195
4521
3506
2866
2302
2209
3848
4025
3589
1586
-478
-329
51
1512
1281
790
-705
-4
3158
5513
5170
-235
-2476
-1244
3392
6621
5313
3494
1116
1420
1267
343
-1582
-2606
-131
1278
1096
-3300
-9030
-10995
-9006
-4405
-3312
-6343
-10632
-11802
-9350
-6981
-4929
-4764
-5318
-5783
-5107
-2619
242
2184
1788
1366
1835
3412
6036
7670
8333
8345
8027
7736
7903
8811
9725
10195
9229
7656
6501
5809
5639
5256
5198
4248
2550
739
-615
-100
-316
-1687
-4056
-6336
-6636
-6200
-6379
-7062
-7759
-8154
-7209
-7579
-8377
-8666
-8645
-5597
-3146
-2453
-3617
-6201
-6047
-3432
-317
1770
1733
881
784
1280
2607
4272
5733
6656
6237
5156
4254
4733
6662
7341
6296
4157
2062
2565
3846
4374
3769
1497
630
3015
5210
5321
1760
-3145
-2895
455
3589
3307
-219
-2776
-1600
-375
-1385
-3481
-6795
-5031
-2278
-1504
-2902
-8325
-10981
-10401
-7787
-4671
-5379
-7904
-9418
-9623
-7586
-5788
-5184
-3996
-3609
-3629
-2137
-1040
646
2419
2440
3475
4364
5326
6775
7524
8321
8819
8932
8683
8274
8375
9188
9564
9190
7972
5939
5289
5726
5849
5630
4019
2242
2285
1646
545
-526
-2535
-2760
-2346
-2798
-4030
-5699
-7090
-6036
-4981
-5595
-6298
-8821
-8542
-6607
-4741
-3270
-4896
-6386
-6677
-5605
-3123
-1461
-920
-1446
-2801
-2545
-1134
462
2179
2036
1451
1395
892
1590
2401
3749
4216
3187
2425
2534
4083
4255
2992
3651
6379
8163
7020
1868
-175
3375
8565
10701
7361
1638
-243
2093
3126
3594
-124
-1832
-1320
-1996
-2518
-6885
-9671
-9877
-8658
-6889
-7832
-10741
-12185
-12206
-11217
-9274
-8665
-7744
-6309
-6410
-5455
-4015
-2205
811
2164
3776
4854
5566
6447
7129
8907
11005
11677
10841
9568
8472
9671
10922
11015
9843
7153
5383
5228
5345
5891
4977
3060
1946
-633
-2014
-2944
-3949
-3987
-4576
-5399
-5950
-6654
-7988
-7672
-7552
-6497
-6378
-8366
-8145
-7439
-4714
-3131
-4254
-5010
-4905
-3367
-1798
-924
-99
1722
2655
2599
2022
1551
2598
3012
3199
3626
3991
4161
2355
961
479
2025
4094
2970
1281
-672
-36
4287
7346
6809
3296
-1792
-1989
2636
6090
7790
4769
880
972
579
1023
311
-2239
-437
454
332
-2268
-8525
-10865
-9196
-5493
-2725
-4924
-9644
-11299
-10276
-6945
-4431
-5348
-5900
-6072
-5620
-3491
-2101
-288
1194
1649
2965
3754
4772
5996
6616
7735
9079
8622
8316
8154
8191
10072
10407
9486
8385
7109
6844
6463
6012
5783
5744
5425
2816
130
-1352
-1704
-1423
-2256
-4676
-6093
-6857
-8391
-8394
-9627
-9092
-8044
-9180
-8976
-9646
-9231
-8213
-8483
-7359
-5817
-5139
-5209
-5647
-3906
-278
2374
2479
174
-1175
315
3253
6286
6440
4614
2886
1476
2817
4773
6651
7432
5459
2982
1730
4107
8703
11177
8523
2950
-546
1014
6445
8891
8143
5240
2061
1434
-128
-433
-847
-290
1231
114
-2177
-7802
-12086
-12506
-9655
-5815
-5681
-9075
-13203
-13270
-10619
-7138
-5148
-5848
-6132
-6582
-5782
-3094
131
2448
2587
2377
2837
4851
7237
8782
9540
9706
9649
8927
9305
9818
10406
10722
9052
7289
6379
6460
6353
5976
4350
3663
2738
307
-1094
-3020
-2556
-2088
-3537
-6450
-8652
-9523
-8272
-6439
-7773
-7543
-9364
-9323
-7585
-7224
-5304
-5797
-6141
-5466
-4437
-3209
-2643
-1832
-13
1787
2673
2297
817
1164
2497
4360
6047
5756
4408
2035
740
1082
3271
5567
5206
3019
300
1204
5579
8907
7385
1632
-1958
797
6237
8155
6655
3336
1994
2230
1363
963
-1344
-1452
543
841
-196
-5737
-11241
-12521
-9868
-5282
-4375
-8979
-14268
-14755
-10960
-7549
-7222
-7935
-7920
-7008
-5743
-4287
-1603
877
1477
2387
3233
4432
7092
8722
9767
10379
10783
10528
10354
11023
12155
13167
11979
9539
7948
8380
9604
9366
9020
8474
5598
2772
-465
-1840
-17
763
-1716
-5691
-9089
-10776
-8743
-9116
-9402
-9733
-10648
-8731
-9800
-10598
-10938
-10859
-8309
-6134
-5262
-5900
-6889
-5846
-2816
527
2984
1843
303
330
1784
5417
6875
5852
3964
2421
2368
3934
4958
5456
5421
4584
6846
8205
7657
4528
-136
-183
4398
9147
9095
5452
230
313
2506
2524
2016
-2354
-2634
-305
107
-948
-7340
-12887
-13233
-10077
-5663
-5382
-9883
-14247
-14850
-11467
-6964
-5871
-7039
-8302
-8659
-5193
-1707
1120
2895
1365
1326
3187
5899
9424
10976
10457
9634
9519
10292
11694
12562
13065
12422
10409
9217
7820
8459
9278
9097
9104
5877
3106
781
-327
848
1508
-111
-3027
-5740
-7904
-6845
-7819
-8761
-9536
-10261
-8237
-8991
-9695
-11143
-11983
-9191
-6577
-5451
-5843
-6973
-6223
-3515
-1287
632
497
-388
-98
186
1878
4069
5041
4704
3243
1906
1956
2997
3831
4148
4155
5890
7446
7822
5825
823
-685
1933
6956
9358
7493
4070
1905
1813
1763
2254
-78
-733
196
433
-231
-6027
-11399
-12685
-9791
-5576
-5652
-10539
-15978
-16444
-12002
-7922
-7196
-7927
-8665
-8269
-6039
-3739
-456
2167
2182
2423
3302
5123
8104
10700
11898
11993
11092
10019
10473
12400
14927
15759
13525
9961
7368
7791
9639
11911
11857
7346
2804
-1120
-1199
2704
4652
1871
-2902
-7790
-9133
-6981
-8009
-8925
-10584
-10164
-7797
-8512
-9900
-13165
-14125
-10663
-7442
-5981
-7094
-9620
-9578
-6769
-2609
690
218
-1963
-3105
-2381
1232
4313
4617
3080
1493
522
682
1901
3294
5268
7392
9885
8584
5487
1204
-212
5121
10916
13365
9227
3331
158
2833
6706
8023
5539
300
-676
-236
1661
1086
-4176
-8904
-10692
-8787
-6647
-7585
-10355
-11923
-11147
-10126
-10695
-11137
-10011
-8114
-6001
-4469
-4902
-4157
-2771
-1154
1981
4053
5009
5645
6196
7300
9434
10975
11440
11112
11190
11628
11704
11576
10768
10413
10227
10945
11117
8491
5773
3500
2752
4189
4665
2152
-857
-3896
-5759
-4959
-5867
-6861
-8628
-8783
-6595
-6605
-7035
-10059
-12722
-11050
-7804
-5486
-5888
-8605
-10090
-8689
-4590
-724
-562
-2369
-4617
-4264
-363
2426
3464
2054
-1045
-1983
-1825
-167
2308
3111
3945
6056
6353
6441
3964
301
2303
5936
10108
10533
6724
2987
3269
4150
4336
3763
241
2239
3430
3591
1307
-5922
-9088
-8953
-5221
-1712
-3467
-8254
-12501
-12541
-8019
-4228
-3555
-5131
-8428
-8945
-4902
-1884
582
691
-2043
-1385
442
3065
5350
6270
6446
6274
6376
6503
6761
7751
9512
9160
8240
6899
5220
6355
9100
10025
8930
5350
1701
1355
3406
5454
4474
1718
-2328
-4474
-4413
-4299
-3759
-4978
-5251
-4479
-4241
-4828
-6788
-8181
-6765
-3680
-2536
-3939
-6243
-7204
-5750
-2222
42
-278
-1673
-3783
-4517
-2245
545
1842
1269
-2102
-4613
-4620
-2928
-412
1073
3197
4470
4051
1220
-2361
-2380
1966
8609
10260
8311
3721
1145
3377
4252
5538
3057
1261
2027
1975
2569
-1211
-5640
-7393
-5828
-2794
-2657
-5418
-9077
-10195
-8721
-5909
-4510
-4103
-4084
-5479
-4489
-2521
-824
1443
1380
1102
1996
3457
5009
5526
5935
6104
6521
6831
6842
6550
6855
7450
6391
6023
5701
4734
6398
7009
5362
4085
1398
82
1063
1933
1334
662
-1262
-2693
-3319
-5458
-5143
-6119
-5124
-3238
-4234
-4569
-6645
-8063
-5843
-2853
-1011
-892
-3085
-3974
-4027
-1717
1715
2226
2737
837
-1565
-822
663
2295
3603
2085
-1047
-3164
-4099
-1950
-283
2289
5391
3359
891
-3213
-5434
-940
5153
7748
6965
2930
-999
909
1113
2847
2247
-491
1897
158
-117
-2029
-7276
-7973
-6890
-5070
-4282
-6583
-9477
-9587
-8352
-5570
-4278
-5203
-4531
-5308
-3725
260
999
2476
2145
655
3118
5916
8121
8898
7535
6799
7249
7866
9128
9114
8885
9095
6694
5632
5428
4893
7421
7635
4997
2229
-896
-541
1430
2516
1305
-1823
-4801
-5892
-5549
-5497
-5191
-6776
-6751
-5312
-4047
-3635
-6292
-8368
-7841
-3743
496
565
-1827
-3577
-3867
-1186
2211
2853
3142
1865
-105
-9
641
2433
3371
2659
951
-1854
-3204
-2466
-829
2389
5938
4140
420
-4284
-6698
-1652
4152
7663
6431
1574
-2164
-1509
-202
2028
2503
-345
965
-73
-743
-1919
-6918
-7907
-6600
-4051
-2578
-5241
-8382
-9372
-8458
-5111
-2939
-3252
-3035
-4545
-4432
-764
1415
3969
4166
2313
2830
3854
6657
8512
8625
8582
7886
7442
7729
7911
8054
8931
7471
5780
4999
3805
6004
7482
5859
3474
-93
-627
801
1560
647
-1549
-3491
-4646
-5439
-7200
-7707
-8522
-6253
-3073
-3011
-4643
-9506
-11242
-8212
-2683
1834
873
-2542
-4627
-4523
-934
3053
4219
4511
1740
-1074
-886
499
3549
3705
1723
268
-1807
-2069
-1256
-986
1521
4935
3896
1228
-3145
-5904
-2144
2134
5740
5423
1706
-1183
-2098
-1047
1202
2100
13
452
177
88
-763
-6131
-8378
-7506
-4135
-1669
-4245
-7946
-10237
-9124
-5412
-3000
-2528
-2433
-3582
-4078
-1839
392
3199
4408
2975
3180
4281
6663
8782
8930
8779
8084
7847
8099
8781
9226
9630
8811
7338
7211
6698
8374
8273
5244
2604
-56
583
2368
2720
271
-2478
-4496
-5384
-4892
-6699
-7853
-9595
-8861
-5628
-4518
-4793
-8702
-11437
-10193
-5870
-1271
-471
-1951
-3614
-3892
-1731
1906
3398
3904
2646
-127
65
1483
3814
4677
2694
632
-1224
-1803
-553
711
2300
4657
3720
600
-2803
-5189
-2648
2100
4809
3685
481
-2255
-2695
-1550
-267
176
-1708
-1857
-1396
-1238
-1880
-6340
-9517
-8364
-4369
-1087
-1961
-5608
-8098
-7368
-4312
-1891
-893
-28
-734
-1517
-314
1679
4482
5835
4667
4306
5471
7371
8695
8558
8088
7833
8056
8098
7821
7840
8104
7385
5459
4532
4084
5764
7132
4663
1789
-942
-1037
578
1215
-363
-2900
-4783
-5817
-5188
-6260
-6866
-8538
-9033
-6200
-4836
-4193
-7248
-10658
-10150
-6238
-1004
390
-1092
-2892
-3309
-1404
2227
4258
4601
4250
1770
1756
3320
4649
4819
2540
1005
-476
-677
-166
-178
1127
3984
4734
2053
-904
-4141
-3502
536
3545
4415
1979
-1354
-3292
-2549
-807
47
-1412
-3169
-2631
-2190
-1489
-3804
-8166
-9334
-7886
-4575
-3273
-4634
-6855
-8082
-6288
-3837
-2010
-935
-808
-1324
-530
1363
3373
5354
5198
4732
5597
7131
8352
8135
7658
7363
7756
8546
8760
8640
8074
7625
6553
6129
5712
5032
6187
4885
2563
666
-935
-197
830
413
-1891
-3735
-5463
-5892
-6411
-7590
-7637
-8541
-6446
-5193
-6119
-7340
-10310
-9448
-6021
-2304
-938
-3031
-3655
-2730
-846
1950
3437
2798
2555
1704
1668
3838
4913
5720
4455
2911
2970
2658
3220
2861
1810
2318
4475
5628
4427
2106
-1006
-2308
-1351
772
2728
2665
223
-2824
-3400
-2643
-2330
-3621
-4958
-4315
-3562
-3786
-7106
-10820
-11449
-9971
-6895
-5818
-6893
-8420
-9095
-7526
-5240
-2327
-791
-710
-687
-130
1464
3014
4299
4576
5523
7052
8320
9252
9299
9546
9670
10054
9539
8967
9268
8984
8817
7876
6927
5929
4617
4714
4660
3853
1932
-642
-1858
-1002
185
-946
-2792
-5024
-6365
-6435
-7425
-7874
-8395
-7546
-5814
-5896
-6731
-8466
-8774
-6368
-3076
-1379
-2397
-3757
-3371
-928
1921
3821
3678
2415
1802
2060
3925
5622
5847
5181
3793
3124
3230
2984
2823
2433
1752
1982
3104
3811
3326
1781
-600
-2225
-2450
-919
1058
1184
-106
-2505
-3726
-3895
-4305
-4848
-4954
-3306
-2568
-3483
-5763
-8599
-9536
-8357
-5681
-3743
-4173
-6696
-8630
-7783
-5034
-2262
-1005
-458
-285
-840
-1443
-636
2176
5506
7438
6630
5012
4292
5419
8471
10560
11169
9900
7657
6704
7226
9170
10570
9599
6957
4216
3788
6136
6811
4341
674
-1979
-1279
279
-111
-1697
-3399
-4554
-4999
-6809
-8749
-9182
-8882
-5786
-3415
-4436
-7290
-10462
-9521
-5089
-738
275
-2556
-4952
-4447
-1511
2360
5133
4816
3102
1490
837
2580
5261
7475
6918
4125
1948
1389
2726
4316
4060
1715
70
-159
739
1577
447
-779
-2543
-4252
-4487
-3000
-96
719
-1688
-5111
-5802
-4355
-3188
-2370
-1951
-1308
-2148
-3906
-4867
-4972
-4534
-4927
-4341
-2102
-302
-1076
-3813
-4437
-2576
-489
-193
-1086
-1367
-618
1210
2212
2893
2980
2057
2142
3292
5537
7194
7661
6930
5583
5761
7173
8250
7202
5478
4207
4342
5288
5012
4920
4665
4043
2172
-5
-378
427
1209
399
-1371
-3151
-3558
-3747
-4740
-5750
-6708
-5963
-4355
-3058
-3182
-5018
-6536
-6336
-4227
-2019
-1066
-1977
-3333
-3200
-1719
566
2040
2247
2038
1779
2104
2888
3618
4108
3441
2090
1293
1129
1422
1549
1292
828
134
-1207
-2931
-3938
-3257
-1373
-164
-947
-3402
-5243
-5349
-4151
-2930
-1930
-677
-394
-1126
-1930
-1477
637
2491
2211
499
-540
248
2423
3921
3613
1432
-895
-1020
495
1926
1792
416
-747
-1091
-994
-1057
-687
-35
380
186
-326
-490
-464
444
1600
2234
1979
903
458
831
1898
2462
2358
2188
1593
1101
1046
2027
2999
2827
1740
477
376
899
1133
1093
1078
926
493
-89
-407
268
1148
1486
1024
-143
-1060
-1027
-74
1052
1461
461
-1524
-2849
-2256
-214
1433
1181
-669
-2081
-1394
295
746
-53
-1060
-1797
-2102
-2244
-2321
-1904
-1380
-2051
-3811
-4773
-4215
-3025
-2002
-2262
-3577
-4702
-5293
-5213
-4464
-3162
-2230
-2463
-3069
-2715
-1459
210
1341
1181
1489
2399
2841
2861
2767
3345
4454
5073
4749
4183
4180
5010
5340
4451
3519
2905
3239
3915
3697
2788
1514
472
327
1039
1615
1254
-214
-1520
-1703
-1267
-784
-1364
-2357
-2851
-2985
-2515
-2105
-2101
-2244
-2458
-2497
-2184
-1922
-1979
-2017
-1864
-1228
-627
-579
-631
-590
104
1127
1636
1744
1462
1382
1867
2396
2578
2406
2271
2209
1983
1699
1761
2088
2283
2038
1576
1756
2225
2406
2140
1434
852
323
-134
-65
246
83
-803
-2020
-2642
-2428
-2117
-2342
-3401
-4504
-4775
-4265
-3498
-3284
-3948
-4816
-5122
-4816
-3914
-2974
-2401
-2233
-2376
-2104
-1354
-275
647
1167
1394
1314
1222
1296
2139
3338
4041
3525
1909
834
854
1876
2839
3026
2665
1912
1473
1644
2517
3222
3020
1922
584
32
108
511
617
268
-316
-1013
-1506
-1771
-1480
-707
-54
-376
-1684
-2753
-2711
-1610
-554
-436
-1160
-2117
-2487
-1773
-203
1321
1889
1566
1246
1579
2326
2905
3058
2858
2599
2317
2089
2306
3035
3827
3760
2485
890
336
1259
2566
2932
2010
572
-648
-1338
-1297
-702
-196
-802
-2551
-4083
-4010
-2484
-1175
-1393
-3084
-4954
-5704
-5062
-3622
-2491
-2492
-3459
-4683
-5102
-4337
-2948
-1687
-1355
-1634
-2036
-2081
-1372
-125
1344
2120
1964
1185
887
1584
2594
3337
3089
2603
1981
1446
1515
1931
2793
2981
2323
1316
854
1312
1777
1981
1625
1234
850
407
-37
-563
-527
-290
-176
-469
-1086
-1235
-856
-322
-305
-844
-1469
-1931
-2027
-1635
-893
-144
193
-49
-373
-387
-17
534
1033
1404
1574
1732
2066
2623
3089
3150
2851
2546
2590
2696
2637
2378
2101
2145
2213
2112
1909
1631
1411
971
184
-459
-635
-413
-330
-975
-2001
-2612
-2653
-2309
-2301
-3080
-3967
-4672
-4750
-4195
-3805
-3672
-4089
-4815
-5009
-4568
-3651
-2795
-2659
-2809
-2672
-2279
-1532
-905
-402
186
370
329
189
285
1022
1888
2498
2716
2465
2139
2100
2413
3119
3612
3516
3202
3070
3486
3931
3756
3031
2249
1945
2032
2058
1772
1358
931
489
-31
-491
-538
-416
-570
-1270
-2095
-2264
-1795
-1289
-1340
-1791
-2098
-2004
-1691
-1496
-1280
-1010
-843
-925
-1076
-718
173
1114
1404
1015
505
349
764
1463
2246
2749
2795
2373
1835
1842
2330
2944
2983
2371
1619
1122
1212
1651
2130
2025
1030
-456
-1652
-1785
-1258
-936
-1557
-2799
-3761
-4025
-3633
-3378
-3596
-4287
-5128
-5542
-5213
-4100
-2838
-2090
-2250
-2921
-3390
-3130
-2092
-974
-312
-515
-1120
-1226
-443
1011
2143
2330
1746
1116
1073
1707
2688
3489
3734
3309
2653
2422
2950
3911
4419
3993
2883
1778
1301
1451
1842
2017
1687
910
49
-491
-489
-214
-220
-665
-1389
-1929
-1932
-1525
-986
-798
-1222
-1970
-2458
-2204
-1330
-502
-228
-552
-1091
-1204
-662
383
1368
1597
1056
274
40
732
1922
2890
3044
2353
1495
1297
2036
3192
3719
3224
2208
1489
1700
2544
3331
3342
2319
880
-188
-345
99
345
-135
-1279
-2536
-3356
-3502
-3272
-3124
-3508
-4430
-5374
-5820
-5412
-4614
-4110
-4228
-4839
-5227
-5050
-4330
-3432
-2760
-2441
-2462
-2510
-2286
-1571
-552
360
797
674
440
533
1281
2428
3284
3414
2900
2487
2804
3811
4810
5075
4541
3758
3347
3429
3768
3924
3647
3013
2206
1657
1545
1698
1734
1284
458
-374
-809
-839
-774
-972
-1586
-2336
-2799
-2641
-2025
-1403
-1227
-1654
-2272
-2558
-2143
-1164
-165
290
25
-573
-950
-643
165
955
1288
1071
707
578
994
1894
2875
3453
3239
2493
1887
2074
2946
3694
3573
2527
1352
762
878
1190
1141
576
-399
-1431
-2179
-2409
-2257
-2194
-2607
-3433
-4152
-4438
-4282
-4040
-4002
-4229
-4676
-4973
-4841
-4120
-3192
-2645
-2642
-2949
-2917
-2363
-1443
-608
-264
-331
-559
-378
349
1329
1975
1911
1508
1216
1499
2200
2983
3573
3689
3462
3032
2862
3111
3609
3996
3877
3435
2840
2442
2248
2152
2112
1920
1583
983
408
136
173
295
51
-495
-1044
-1248
-1101
-939
-1030
-1458
-1973
-2268
-2149
-1766
-1432
-1380
-1621
-1807
-1747
-1377
-870
-398
15
272
388
372
443
786
1344
1841
1997
1853
1580
1418
1472
1709
2008
2118
1877
1320
788
602
709
721
326
-369
-1039
-1455
-1713
-1979
-2307
-2668
-3040
-3375
-3530
-3452
-3247
-3218
-3395
-3553
-3466
-3062
-2638
-2313
-2064
-1827
-1526
-1213
-828
-366
73
473
767
1049
1357
1529
1608
1701
1996
2456
2705
2641
2368
2210
2380
2730
3101
3240
3085
2691
2204
1988
2143
2522
2693
2316
1569
853
509
521
625
604
297
-273
-861
-1194
-1135
-916
-934
-1299
-1827
-2172
-2178
-1962
-1722
-1699
-1967
-2397
-2661
-2447
-1813
-1136
-804
-918
-1166
-1197
-817
-29
841
1391
1384
995
763
1013
1630
2211
2393
2140
1704
1369
1309
1493
1680
1634
1287
842
573
543
568
409
25
-459
-909
-1216
-1378
-1445
-1585
-1981
-2590
-3130
-3279
-3012
-2643
-2571
-2817
-3066
-2984
-2490
-1867
-1412
-1253
-1280
-1257
-1030
-571
-4
516
869
994
940
884
1050
1497
2011
2299
2256
2059
2015
2269
2707
3057
3049
2649
2123
1857
2052
2530
2898
2833
2308
1594
992
688
677
747
586
103
-482
-880
-963
-908
-1002
-1364
-1828
-2152
-2187
-1936
-1559
-1327
-1404
-1673
-1827
-1620
-1127
-690
-560
-655
-722
-614
-331
27
340
531
522
331
151
232
565
894
998
844
597
408
341
412
591
705
527
115
-217
-235
-55
22
-171
-511
-761
-846
-822
-754
-719
-868
-1247
-1582
-1543
-1139
-768
-820
-1237
-1596
-1567
-1224
-828
-555
-498
-642
-821
-778
-377
189
543
536
392
427
711
1048
1309
1521
1684
1765
1736
1674
1724
1890
2042
2059
1954
1780
1570
1416
1369
1402
1372
1137
730
398
347
463
450
124
-407
-859
-1014
-913
-766
-763
-1012
-1459
-1848
-1891
-1568
-1185
-1094
-1367
-1716
-1777
-1499
-1099
-812
-722
-765
-816
-749
-495
-97
271
450
441
408
543
864
1198
1368
1322
1174
1079
1107
1225
1322
1288
1096
781
458
259
228
261
165
-136
-526
-826
-969
-1024
-1090
-1177
-1253
-1333
-1431
-1524
-1546
-1492
-1461
-1463
-1395
-1160
-868
-688
-646
-641
-532
-328
-56
233
532
766
828
836
963
1254
1529
1629
1628
1671
1765
1762
1636
1570
1684
1843
1804
1524
1226
1082
1039
973
891
837
710
367
-101
-384
-375
-323
-529
-936
-1200
-1198
-1112
-1183
-1444
-1761
-2027
-2146
-2018
-1638
-1223
-1095
-1327
-1621
-1607
-1287
-938
-786
-772
-705
-504
-181
161
396
427
268
138
290
737
1191
1368
1285
1187
1243
1337
1295
1145
1081
1201
1346
1345
1219
1068
918
723
539
443
372
135
-337
-744
-755
-445
-281
-584
-1162
-1576
-1633
-1511
-1410
-1368
-1316
-1282
-1314
-1286
-1080
-771
-597
-649
-706
-554
-198
172
471
725
891
901
784
766
1006
1358
1567
1515
1341
1242
1283
1460
1663
1751
1609
1233
855
720
852
996
881
508
45
-310
-499
-540
-501
-485
-558
-762
-1003
-1183
-1258
-1276
-1353
-1504
-1717
-1861
-1867
-1758
-1610
-1533
-1493
-1474
-1382
-1170
-870
-525
-316
-263
-301
-272
-24
338
726
1015
1176
1192
1074
1073
1267
1668
1958
1911
1671
1381
1275
1263
1295
1339
1270
1077
705
429
335
289
153
-191
-406
-411
-308
-339
-641
-924
-1142
-1194
-1153
-1031
-817
-781
-921
-1185
-1232
-972
-673
-476
-490
-443
-305
-188
-126
-161
-94
33
214
416
527
536
334
88
-3
168
556
806
773
458
136
100
295
584
702
631
479
297
228
233
277
233
66
-22
36
193
162
-171
-602
-847
-708
-428
-259
-309
-519
-711
-861
-892
-811
-671
-522
-444
-409
-407
-415
-448
-470
-398
-215
34
215
276
257
246
286
372
499
650
795
894
940
954
999
1056
1067
999
869
784
790
864
924
881
699
414
147
-14
-46
-43
-97
-208
-324
-395
-437
-473
-497
-513
-528
-545
-507
-397
-287
-274
-382
-524
-588
-515
-327
-119
-13
-78
-274
-469
-511
-375
-209
-177
-291
-409
-386
-216
-30
1
-186
-474
-659
-563
-195
199
336
156
-172
-378
-326
-82
188
334
292
124
-8
16
167
281
203
-19
-186
-155
-7
85
53
-35
-104
-155
-230
-304
-283
-173
-40
27
10
-71
-184
-226
-116
133
339
332
158
60
220
510
662
554
309
173
282
538
780
859
701
413
201
213
394
522
469
304
152
86
76
82
117
169
176
94
-21
-42
64
188
242
215
178
215
312
450
577
565
361
67
-87
26
253
335
153
-164
-405
-498
-513
-515
-538
-601
-679
-745
-774
-759
-775
-852
-940
-975
-891
-730
-582
-488
-462
-483
-531
-576
-578
-479
-290
-117
-70
-162
-278
-307
-233
-140
-79
-27
42
99
101
115
195
308
359
301
244
287
399
478
470
412
346
280
215
205
318
490
586
552
450
408
418
397
314
230
268
413
542
567
475
323
187
110
84
115
195
322
416
378
186
-104
-299
-245
2
220
209
-9
-217
-233
-55
140
195
96
-21
-12
115
229
207
69
-54
-73
-14
19
-33
-144
-239
-262
-217
-204
-282
-421
-538
-546
-503
-522
-650
-843
-976
-986
-905
-800
-760
-809
-895
-947
-896
-742
-568
-426
-356
-323
-255
-129
47
193
262
249
235
330
531
711
744
629
490
438
477
529
534
520
524
535
500
401
285
220
256
354
443
473
426
312
188
114
91
101
130
176
214
192
78
-91
-217
-224
-124
-14
31
-2
-71
-109
-87
-30
17
36
36
16
16
61
137
191
165
92
37
55
138
226
270
240
167
79
24
55
127
167
113
-6
-112
-162
-132
-79
-46
-71
-148
-225
-277
-276
-262
-287
-353
-438
-483
-496
-468
-420
-418
-460
-587
-756
-836
-789
-616
-423
-307
-317
-414
-493
-469
-317
-96
105
206
220
219
254
327
400
451
475
520
591
674
739
708
598
456
379
442
571
701
729
632
493
377
366
451
551
555
418
190
-18
-72
25
174
220
97
-139
-370
-498
-513
-484
-497
-559
-643
-666
-603
-516
-491
-578
-735
-828
-785
-572
-252
27
193
243
242
252
315
397
454
500
571
735
978
1204
1279
1162
916
638
457
416
482
544
520
404
261
153
78
-21
-195
-396
-532
-568
-550
-554
-639
-802
-963
-1070
-1070
-990
-920
-887
-911
-935
-928
-907
-867
-804
-705
-552
-387
-278
-255
-280
-265
-159
1
150
238
267
270
303
369
441
508
539
553
553
550
569
577
556
496
439
409
427
477
505
456
310
156
75
124
229
268
204
70
-39
-92
-86
-57
-58
-123
-254
-351
-338
-237
-118
-100
-201
-344
-408
-347
-188
-1
96
79
2
-24
75
251
389
411
354
314
373
500
635
712
689
603
484
406
399
415
386
283
172
119
138
157
116
2
-146
-282
-397
-473
-506
-501
-484
-491
-525
-581
-652
-727
-759
-735
-659
-587
-565
-579
-573
-502
-390
-289
-239
-232
-220
-172
-92
-17
19
3
1
66
191
319
349
268
138
58
93
219
355
408
339
210
99
54
82
149
207
243
260
266
239
172
73
-35
-86
-60
1
53
75
55
3
-68
-139
-172
-167
-130
-95
-90
-91
-87
-65
-31
-5
11
8
-1
-6
-3
11
40
79
139
204
244
247
212
157
104
102
170
256
328
364
360
345
320
288
263
229
191
168
165
186
194
164
100
-8
-129
-224
-265
-267
-250
-226
-205
-191
-206
-257
-312
-346
-328
-265
-209
-178
-180
-195
-191
-156
-103
-57
-55
-74
-90
-72
-8
53
77
27
-52
-114
-126
-89
-44
-27
-45
-69
-69
-49
-29
-27
-47
-78
-96
-102
-101
-91
-88
-70
-38
-1
34
48
45
31
25
31
57
85
101
108
117
135
150
157
138
114
115
159
233
279
281
230
169
135
143
192
225
231
187
122
88
91
115
134
145
131
97
61
23
12
9
12
19
6
-23
-66
-103
-141
-164
-174
-178
-172
-170
-173
-184
-207
-220
-214
-198
-184
-181
-192
-196
-192
-168
-130
-91
-57
-46
-47
-54
-56
-50
-48
-52
-53
-41
-16
5
2
-35
-62
-75
-62
-28
-3
11
10
2
-9
-4
0
9
18
14
21
25
40
62
78
94
92
87
77
74
88
107
144
168
161
122
78
59
81
123
150
144
122
91
80
78
71
72
83
94
84
54
18
-7
-11
0
1
-11
-12
2
23
22
-11
-48
-60
-38
-19
-24
-26
-14
0
11
-9
-56
-78
-73
-44
-34
-52
-68
-76
-75
-85
-87
-97
-96
-89
-108
-136
-153
-121
-78
-58
-64
-87
-95
-89
-80
-89
-114
-129
-137
-134
-122
-100
-76
-79
-97
-128
-150
-149
-118
-76
-43
-25
-25
-20
-17
-24
-30
-39
-22
22
88
145
186
202
189
180
165
171
192
210
227
240
258
280
284
275
264
240
200
157
118
109
121
155
210
235
219
170
114
74
60
77
124
165
192
193
157
121
95
88
99
114
122
116
98
79
67
65
62
43
1
-54
-110
-147
-162
-164
-160
-170
-194
-241
-291
-345
-398
-414
-398
-359
-325
-330
-369
-444
-514
-543
-535
-473
-398
-346
-332
-358
-384
-378
-340
-298
-266
-239
-209
-196
-188
-164
-125
-65
-10
30
42
40
42
69
150
265
356
375
322
265
259
321
414
479
498
488
455
431
439
465
481
449
401
358
323
310
309
318
318
296
228
123
15
-49
-42
6
59
57
-21
-137
-228
-241
-185
-98
-51
-80
-138
-177
-167
-114
-37
28
51
39
6
-8
-4
13
37
66
102
126
132
107
62
31
36
72
122
163
166
116
30
-43
-71
-46
8
44
26
-58
-167
-257
-306
-297
-263
-238
-244
-272
-311
-353
-373
-365
-327
-277
-240
-229
-249
-277
-280
-249
-192
-125
-91
-85
-97
-114
-112
-88
-44
-5
20
25
5
-15
-22
-17
0
16
17
19
12
5
16
37
80
112
127
138
136
158
190
216
234
235
232
232
235
247
257
262
276
282
290
300
293
288
281
270
271
279
295
317
327
325
310
292
296
297
300
321
325
309
263
201
151
139
159
179
187
157
101
32
-26
-61
-78
-85
-104
-153
-228
-299
-374
-429
-481
-545
-588
-634
-674
-708
-745
-753
-758
-770
-780
-799
-788
-750
-700
-652
-604
-578
-572
-558
-530
-479
-411
-342
-288
-250
-210
-171
-128
-67
5
81
160
236
307
370
426
473
506
546
589
621
644
629
607
592
575
567
553
524
475
407
338
277
237
221
210
177
118
35
-43
-93
-108
-97
-84
-78
-98
-125
-152
-156
-137
-104
-59
-38
-32
-30
-5
66
170
271
315
282
217
177
210
334
465
533
496
362
216
127
125
191
242
216
119
-19
-129
-199
-234
-246
-259
-263
-262
-260
-289
-366
-459
-524
-522
-452
-358
-327
-392
-509
-612
-644
-598
-511
-453
-471
-548
-626
-642
-582
-488
-400
-354
-339
-312
-253
-157
-54
28
97
166
245
336
432
505
551
573
597
632
679
725
739
712
647
566
508
496
511
528
496
392
249
105
9
-14
18
64
71
33
-36
-79
-86
-60
-14
19
49
72
109
152
175
165
126
97
86
114
162
203
202
131
27
-80
-134
-128
-91
-49
-57
-132
-257
-373
-436
-434
-396
-360
-356
-375
-391
-396
-380
-361
-346
-329
-323
-310
-287
-255
-222
-198
-191
-194
-182
-158
-154
-170
-166
-131
-77
-11
28
19
-24
-67
-58
2
79
135
157
152
129
121
146
197
238
252
246
236
246
280
320
343
332
269
208
183
211
260
256
201
141
117
116
91
57
40
18
-23
-58
-70
-57
-29
1
10
-23
-85
-127
-111
-63
-31
-9
24
45
25
-19
-42
-19
21
40
26
3
-1
-7
-32
-64
-61
-31
-25
-39
-68
-117
-189
-200
-129
-50
-17
-26
-15
-11
-81
-179
-231
-249
-291
-248
55
393
281
-389
-1013
-951
-262
367
356
-52
-299
-231
-196
-527
-1099
-1403
-912
359
1613
1475
-259
-1993
-1998
-586
466
193
-396
-13
1041
1488
648
-792
-1653
-1132
636
2294
2276
773
-359
148
1251
1081
-135
-511
726
2219
2320
1016
-417
-662
357
1332
1004
-105
-341
770
1880
1537
33
-1126
-984
94
1021
1062
489
226
639
848
-129
-1612
-1797
-266
1251
1340
527
-109
-508
-1175
-1942
-2067
-1172
186
1048
770
-601
-1992
-2352
-1750
-1087
-704
-167
501
667
30
-866
-1411
-1427
-860
173
1064
1088
394
-160
-238
-397
-883
-922
-22
992
1000
77
-760
-1079
-1121
-982
-553
-33
173
156
129
-102
-706
-1167
-859
-65
553
812
960
947
568
19
-314
-130
496
1286
1803
1633
918
222
75
339
557
609
724
1066
1332
1107
338
-381
-417
159
699
744
531
418
398
228
-135
-396
-315
74
505
641
366
-97
-333
-263
-154
-168
-213
-140
-5
61
-61
-418
-783
-792
-417
-144
-344
-726
-774
-547
-496
-685
-791
-622
-428
-438
-520
-506
-415
-333
-216
-31
82
24
-68
-47
73
207
307
394
371
194
33
94
330
473
386
206
132
158
116
-117
-410
-472
-213
151
329
155
-232
-532
-599
-500
-377
-240
-6
260
369
232
-64
-336
-481
-418
-100
314
526
378
41
-172
-170
-125
-144
-97
118
363
431
224
-95
-287
-264
-60
148
193
114
117
272
397
271
-3
-60
229
586
585
214
1
238
546
446
-29
-382
-281
-14
70
-12
-183
-290
-253
-176
-49
57
110
220
276
241
262
333
354
309
272
380
497
431
298
194
181
272
357
451
500
407
241
74
-36
14
112
98
-25
-288
-580
-708
-728
-710
-742
-858
-793
-512
-312
-338
-519
-534
-288
-108
-121
-207
-231
-116
-70
-140
-85
-16
-83
-263
-452
-417
-277
-230
-101
128
206
-28
-481
-704
-564
-403
-299
-177
22
200
104
-196
-456
-566
-378
63
493
803
860
654
402
206
158
305
468
610
772
799
636
315
24
-61
-53
-55
-8
90
152
122
24
-12
-26
-145
-205
-53
219
418
429
375
415
479
431
290
178
236
425
526
446
268
149
148
78
-133
-271
-216
-89
-143
-342
-379
-270
-203
-227
-272
-263
-248
-271
-270
-247
-249
-199
-74
19
-44
-234
-322
-220
-80
-36
-122
-227
-203
-135
-133
-139
-115
-55
-33
-126
-210
-219
-210
-142
-53
26
110
106
23
-138
-368
-445
-321
-83
213
356
244
-70
-380
-362
-102
34
17
26
208
459
419
138
-95
-190
-73
194
450
599
470
182
61
81
63
-23
-55
101
329
370
225
11
-169
-193
-95
6
55
-15
-77
-21
-10
-75
-152
-173
-69
-12
-115
-259
-347
-237
31
216
287
286
255
186
-14
-187
-138
92
414
649
668
469
146
-71
-101
-47
35
133
283
408
310
43
-208
-352
-327
-215
-103
-3
-6
-119
-264
-402
-448
-414
-368
-291
-213
-193
-204
-237
-228
-161
-114
-99
-123
-172
-173
-124
-52
2
-6
-28
-45
-83
-99
-68
-38
-66
-150
-171
-73
57
114
82
41
-17
-82
-79
32
202
311
349
370
367
291
162
90
150
289
369
356
291
215
155
85
19
-18
-27
-12
6
-10
-54
-81
-34
98
201
180
36
-144
-205
-134
29
239
387
444
377
179
-78
-293
-354
-190
121
405
510
381
131
-107
-251
-260
-179
-69
25
57
19
-69
-191
-294
-303
-217
-99
-67
-177
-364
-501
-487
-366
-230
-120
-40
6
-39
-196
-404
-537
-501
-326
-112
56
121
49
-93
-255
-392
-450
-420
-285
-130
-25
-4
-64
-149
-214
-217
-155
-69
3
59
141
238
308
316
256
204
215
280
363
410
437
481
517
543
512
435
373
332
325
325
314
316
324
330
295
202
103
37
18
24
23
25
33
32
7
-49
-100
-105
-75
-50
-54
-74
-98
-107
-116
-153
-197
-237
-241
-194
-152
-152
-191
-226
-245
-255
-273
-260
-182
-96
-110
-239
-351
-325
-172
-32
10
-17
-64
-114
-139
-123
-95
-74
-44
-3
54
95
75
22
-12
-10
-14
-35
-18
60
140
161
144
119
91
73
60
59
76
91
91
126
201
189
57
-23
25
43
-3
35
133
127
72
64
73
71
125
196
169
152
209
183
49
32
168
235
187
181
202
100
-76
-115
-42
7
51
82
77
16
-80
-208
-322
-307
-154
16
83
66
43
-39
-206
-345
-326
-167
-34
51
110
118
60
-43
-132
-177
-133
-49
-19
-39
-28
23
10
-23
26
88
33
-135
-260
-264
-218
-148
-58
50
128
113
-8
-171
-229
-149
-28
42
93
155
168
96
15
-15
-18
-31
-14
49
76
42
-8
-25
-20
-25
-56
-102
-82
-1
29
-32
-91
-59
-1
-20
-88
-94
-29
22
19
-2
-8
7
26
30
12
15
64
91
55
2
-39
-57
-30
37
106
154
173
175
179
148
104
76
90
146
162
114
50
23
30
55
78
99
127
145
146
89
9
-42
-58
-47
-55
-64
-79
-94
-105
-109
-103
-132
-163
-157
-128
-125
-153
-152
-124
-94
-95
-104
-107
-126
-130
-118
-86
-63
-38
3
30
45
49
43
39
45
62
65
58
53
61
81
89
88
64
28
15
8
7
-10
-20
-19
-19
-17
-15
-11
-17
-31
-45
-58
-58
-37
7
38
40
21
11
20
10
-13
-19
6
30
36
43
57
73
66
55
52
47
40
43
50
42
29
35
63
81
60
26
19
17
0
-13
-9
5
6
-19
-48
-58
-44
-13
1
-24
-55
-76
-84
-78
-77
-64
-52
-60
-67
-75
-71
-51
-29
-8
-7
-26
-40
-30
-9
4
-2
-11
-1
16
23
23
18
22
25
28
44
48
41
33
35
40
38
30
18
8
-2
-8
-12
-12
2
22
29
15
-14
-29
-31
-26
-12
-5
1
13
16
10
2
-12
-18
-11
-2
9
14
22
25
22
23
22
19
14
13
10
2
-5
-12
-11
-4
2
4
2
-6
-22
-29
-27
-12
7
13
18
18
16
12
-2
-7
-12
-21
-29
-41
-41
-20
9
8
-9
-24
-31
-26
-20
-6
4
15
18
18
17
6
3
2
6
19
23
31
27
15
15
12
-12
-8
17
25
24
16
10
-3
-19
-21
-27
-38
-44
-40
-40
-34
-24
-9
-8
-21
-20
-15
-12
-9
0
4
2
1
13
28
19
10
13
26
31
34
42
43
41
30
11
-12
-33
-36
-31
-26
-20
-8
5
5
-5
-22
-31
-18
-6
3
20
15
-1
-15
-17
-10
6
18
16
14
16
19
17
8
13
30
36
36
31
18
1
-13
-16
-8
9
23
41
49
42
18
-7
-18
-21
-19
-16
-15
-17
-15
-14
-24
-36
-53
-63
-57
-45
-41
-34
-32
-29
-26
-32
-35
-33
-28
-27
-26
-17
-4
5
6
5
-5
1
17
29
36
20
5
-5
3
15
18
15
15
20
34
59
78
89
81
70
59
40
27
16
15
10
6
5
10
8
-9
-29
-50
-62
-67
-54
-23
3
22
21
15
15
0
-2
-1
10
20
25
17
-6
4
-8
3
-8
-8
2
-3
7
-20
-9
-16
9
11
7
7
-21
-26
-61
-51
-54
-46
-40
-40
-29
-51
-53
-59
-48
-44
-48
-50
-43
-21
-13
-4
-9
5
22
41
47
41
38
20
22
20
42
64
71
78
60
47
23
5
-16
-32
-29
-26
-6
7
14
-2
-13
-14
-17
-3
-4
10
26
41
38
18
11
18
37
32
28
18
10
-3
-14
2
11
30
46
48
40
28
6
-22
-35
-29
-19
-23
-14
-5
9
3
-3
10
24
46
42
29
14
-1
-26
-43
-46
-41
-19
-19
-26
-28
-36
-46
-68
-76
-83
-78
-64
-58
-53
-58
-56
-56
-63
-70
-83
-82
-86
-71
-44
-26
-3
6
0
-21
-37
-32
-4
28
64
86
97
102
100
111
105
106
116
135
155
158
158
146
147
130
121
106
85
72
52
58
39
41
11
-12
-37
-78
-64
-83
-66
-79
-85
-95
-123
-131
-156
-131
-143
-106
-89
-78
-58
-90
-77
-98
-70
-36
-14
8
-5
5
-21
-18
-16
0
30
38
55
39
28
16
23
36
39
45
41
55
61
57
41
22
8
-8
6
32
59
76
71
48
5
-31
-53
-44
-2
45
81
83
66
19
-36
-64
-77
-67
-49
-25
-11
-16
-35
-66
-89
-88
-61
-50
-46
-42
-47
-37
-27
-11
4
20
34
34
30
12
0
-5
-2
26
37
41
30
10
2
-16
-23
-26
-4
20
34
46
48
