0
-4
-1
0
-4
3
10
7
8
4
5
7
7
14
17
24
12
8
5
4
16
-1
7
6
3
14
1
9
-2
5
12
0
10
4
18
15
14
23
18
25
13
16
17
20
35
31
31
24
20
21
23
31
26
25
10
-1
-1
-8
-11
-18
-23
-20
-19
-17
-19
-18
-14
-18
-18
-21
-24
-21
-22
-23
-25
-23
-27
-22
-11
-13
-10
-16
-20
-21
-22
-14
-17
-18
-20
-21
-17
-16
-15
-19
-9
-11
-7
-2
-20
-17
-14
-5
5
0
6
3
16
21
22
30
17
16
9
13
26
29
24
14
23
25
30
37
26
25
25
34
40
40
34
10
3
4
12
25
14
-1
-18
-23
-17
-10
-4
-14
-23
-28
-22
-20
-22
-22
-25
-10
-1
1
0
-12
-10
-12
-5
3
-1
-3
-8
-6
-7
-8
-3
0
9
10
7
4
0
4
10
9
8
9
1
0
-1
-7
-5
-8
-12
-12
-12
-12
-13
-12
-15
-18
-18
-23
-16
-20
-18
-14
-15
-6
-1
7
1
-2
-6
-8
9
19
29
22
13
9
-2
14
32
51
54
35
34
27
34
39
37
38
25
23
20
17
18
16
9
3
0
-9
-5
-17
-22
-21
-28
-22
-38
-38
-43
-45
-32
-50
-45
-46
-44
-28
-33
-20
-27
-31
-28
-36
-17
-13
0
5
9
16
9
16
14
24
19
11
3
3
10
6
18
-1
-6
-4
-4
8
-1
10
-5
-5
11
14
35
30
36
31
26
31
30
46
40
39
37
29
38
28
29
18
5
9
0
6
7
7
6
-2
2
-3
-7
-16
-19
-23
-25
-17
-26
-27
-34
-29
-19
-22
-19
-26
-21
-19
-18
-18
-25
-19
-22
-16
-8
-12
-8
-15
-17
-18
-23
-22
-28
-21
-26
-20
-13
-20
-20
-29
-25
-18
-12
0
-8
-3
-1
-1
12
8
7
1
2
17
22
34
38
43
52
53
68
66
64
70
69
70
62
60
51
43
38
24
16
2
-1
-9
-28
-28
-34
-34
-36
-46
-45
-52
-39
-35
-31
-26
-32
-26
-31
-27
-22
-17
-11
-16
-9
-2
7
0
-6
0
-1
10
5
9
16
6
11
-14
-11
-11
-11
1
-17
0
-18
-17
-2
-18
4
0
12
16
11
22
12
26
20
32
41
30
38
21
27
25
21
17
7
12
3
5
-4
-11
-16
-19
-6
-18
-19
-21
-24
-17
-28
-18
-15
-16
-15
-17
-10
-18
-15
-12
-3
6
-1
3
1
3
2
-5
-7
-12
-13
-14
-10
-10
-16
-11
-12
-10
-9
-7
-5
-6
0
1
5
8
8
13
4
9
9
10
22
17
24
27
20
17
12
13
9
10
15
12
7
3
2
0
-7
-10
-10
-7
-2
-6
-2
2
1
8
5
7
13
15
19
16
16
14
12
9
-1
5
5
2
0
3
4
-1
-1
-8
-3
-9
-12
-2
-6
3
-1
-5
-3
-12
-11
-16
-17
-16
-12
-4
-14
-17
-16
-22
-20
-25
-19
-19
-18
-24
-25
-20
-27
-19
-17
-16
-14
-16
-7
-9
-11
-14
-13
-2
-5
5
12
15
21
14
17
18
20
22
19
24
19
17
13
11
15
11
18
16
18
18
16
19
18
25
22
25
28
16
18
9
8
9
5
11
7
8
0
-4
-7
-12
-11
-16
-11
-12
-15
-13
-14
-9
-13
-15
-16
-16
-11
-10
-6
-11
-13
-5
-5
-5
-11
-8
-8
-8
-6
-12
-7
-3
0
6
4
11
7
7
12
13
14
5
4
6
5
8
6
-1
0
2
2
-2
-8
-11
-18
-21
-19
-19
-13
-14
-21
-21
-14
-8
-5
2
1
3
3
7
12
9
12
16
16
15
16
13
12
14
13
15
16
11
15
9
12
20
10
8
-3
-3
5
0
3
0
1
1
1
3
-1
2
-4
-5
0
-2
1
-4
-6
-3
-4
-5
-10
-10
-10
-7
-5
-9
-11
-15
-12
-11
-12
-9
-12
-14
-14
-17
-8
1
3
4
2
2
-4
-8
-9
-5
-6
-3
2
0
2
-1
-1
-1
-10
-2
-4
-4
7
10
11
4
6
6
11
11
4
5
1
6
4
5
5
1
10
11
13
6
2
4
1
9
12
14
15
7
8
9
14
14
11
7
1
3
-1
-2
0
3
5
5
7
8
12
10
4
0
-6
-10
-7
-6
-11
-10
-13
-11
-7
-18
-19
-20
-20
-17
-13
-8
-12
-12
-12
-13
-14
-26
-27
-23
-15
0
-8
-9
-10
-16
-8
-7
-4
1
3
1
0
7
11
6
2
2
2
6
9
10
13
10
10
12
13
18
21
19
19
18
14
13
14
16
13
17
21
18
26
24
24
23
19
30
34
34
29
21
16
17
19
18
26
20
13
7
2
8
10
15
7
3
4
-10
-12
-13
-9
-2
-4
-3
-14
-20
-26
-32
-26
-31
-29
-34
-42
-48
-57
-52
-54
-45
-53
-61
-61
-72
-69
-65
-57
-55
-60
-61
-64
-57
-52
-38
-26
-16
-14
-20
-15
-14
-2
11
21
37
33
32
36
30
35
38
46
51
47
49
52
49
51
50
48
54
59
54
56
53
55
57
56
59
60
63
64
63
61
57
59
53
51
47
37
32
21
18
7
-1
-8
-18
-22
-29
-33
-42
-39
-44
-51
-48
-54
-45
-39
-43
-36
-38
-34
-28
-30
-31
-33
-29
-28
-29
-32
-38
-43
-45
-44
-49
-57
-60
-60
-65
-68
-70
-72
-65
-61
-55
-49
-43
-36
-34
-22
-14
-1
6
9
15
17
31
36
44
52
55
63
63
68
69
69
72
69
67
60
58
58
56
58
54
50
46
43
41
40
33
28
26
25
21
12
7
3
-3
-4
-1
-5
-14
-23
-25
-25
-28
-31
-38
-44
-42
-44
-47
-47
-48
-48
-52
-52
-48
-45
-46
-48
-51
-50
-42
-39
-36
-28
-19
-9
-10
-7
-1
2
4
12
14
19
26
32
37
40
44
45
50
49
46
45
45
45
42
42
37
37
33
28
31
32
26
21
20
15
12
-1
-11
-17
-19
-23
-28
-34
-44
-44
-42
-45
-41
-40
-37
-30
-31
-29
-27
-25
-21
-17
-14
-10
-11
-16
-14
-14
-13
-13
-6
-6
-7
-8
-7
-2
3
8
13
14
17
23
21
21
23
26
31
36
35
36
34
30
32
34
37
35
24
21
21
18
16
14
11
7
-2
-9
-13
-20
-24
-29
-33
-34
-34
-36
-38
-33
-23
-14
-12
-17
-19
-19
-21
-21
-16
-11
-7
-5
-6
-4
-6
-5
0
1
4
7
8
8
8
9
4
5
10
11
15
10
6
-1
-6
-6
-7
-8
-9
-5
-4
0
7
8
13
12
14
18
22
26
21
17
13
11
13
7
13
15
8
5
1
-2
-7
-6
-5
-8
-6
-5
-4
0
-3
-5
-9
-11
-9
-6
-4
-1
8
8
6
5
3
2
7
15
17
15
5
1
-6
-11
-5
-7
-5
-6
-3
-5
-12
-12
-18
-17
-14
-10
-9
-17
-21
-28
-31
-29
-26
-22
-23
-17
-16
-16
-11
-20
-18
-9
-6
5
7
3
2
-4
-1
1
8
16
16
18
16
16
15
13
15
22
32
36
33
34
29
21
22
21
26
29
26
23
16
13
12
11
13
14
15
16
15
8
10
5
3
-1
1
3
-2
-6
-13
-20
-22
-17
-18
-19
-18
-26
-32
-35
-40
-34
-29
-24
-18
-17
-14
-15
-12
-12
-17
-14
-12
-8
-7
-6
-4
-9
-11
-10
-9
-7
-2
3
5
7
8
8
6
8
14
14
18
15
20
22
22
23
17
21
21
20
22
16
15
10
8
9
1
1
-6
-13
-13
-12
-3
-1
-5
-7
-16
-12
-13
-17
-12
-13
-9
-10
-10
-9
-15
-13
-13
-9
1
3
8
10
11
15
19
25
22
23
25
21
16
11
10
11
12
13
13
7
-3
-6
-12
-19
-20
-20
-15
-16
-17
-13
-13
-9
-4
-7
-6
-2
-2
-2
-4
-6
-5
-3
-4
-2
3
8
11
9
8
11
8
6
3
5
8
3
3
-3
-6
-5
-8
-1
4
7
2
-9
-15
-33
-37
-24
-17
0
7
1
1
13
24
6
4
11
33
46
24
27
23
-3
-13
-22
-8
1
-29
-50
-54
-54
-45
-50
-74
-63
-60
-98
-148
-172
-135
-54
19
21
-3
-23
-66
-51
10
47
101
135
125
122
122
132
168
195
201
228
273
298
301
288
276
218
118
139
163
110
109
79
20
-7
144
676
809
-226
-1086
-586
208
251
-234
-588
-47
793
551
-310
-618
-406
-178
-305
-687
-363
373
-164
-1123
-486
834
987
-174
-1255
-963
-412
-906
-1200
-16
1665
2055
563
-1674
-2234
-925
-25
220
596
996
1092
443
-521
-684
-323
-690
-805
455
1641
1755
709
-763
-1090
-329
159
72
172
469
714
753
265
-209
-160
83
58
-103
-33
149
232
72
46
333
438
119
-381
-418
-69
160
81
-279
-307
181
493
123
-347
-350
-169
1
-37
-289
-449
-335
-149
-37
100
249
214
3
-282
-414
-129
-106
-113
195
347
427
21
-103
-223
-71
1195
986
-483
-1200
-506
373
286
-5
-176
495
731
102
-25
-511
-1266
-1246
160
969
841
993
85
-783
-1123
-970
468
521
-383
208
857
781
225
-585
-573
-233
-454
-133
804
883
338
112
-199
-392
-136
-167
-272
244
441
220
161
-194
-302
79
29
-216
-184
6
259
145
-188
-251
-259
-97
138
126
83
-96
-199
-120
-286
-234
67
140
229
52
-100
15
32
43
-332
-280
325
155
-288
-366
-71
485
606
192
-109
-293
-476
-325
-223
-375
-67
613
549
34
-148
-293
-339
-286
-394
-37
757
738
230
-87
-606
-436
138
587
1765
1524
-694
-1337
1
676
178
-319
164
1087
1063
1187
887
-1389
-2883
-936
2263
1266
-1740
-1124
205
38
-126
10
-301
-1900
-2276
487
2291
289
-1643
-368
1316
549
-325
-108
-1045
-1572
242
2743
3485
1591
-36
132
-302
-1633
-1595
612
2152
540
-201
1297
530
-1181
-1378
-878
-669
-1535
-1233
566
1345
182
-1332
-680
-223
-1885
-2105
-243
378
-256
-90
720
1321
432
-751
33
561
-576
-1454
544
3005
1626
288
448
-481
-1002
-87
854
432
67
671
980
260
-1028
-1203
-52
228
-653
218
1293
-653
-1747
188
502
-912
-340
555
340
314
241
6
-19
-308
-616
-11
632
452
941
1355
-414
-1577
-490
-223
-502
636
842
-613
-280
1448
645
-1478
-1909
-972
923
1832
1301
1317
986
-679
-1535
-284
246
-154
400
806
604
883
1049
-218
-1327
-2037
-1717
419
1518
1564
1295
-406
-2648
-2411
-790
-470
-81
226
350
767
699
-98
-607
-370
-753
-291
916
869
570
484
-23
-839
-649
-215
-315
188
528
373
219
181
33
-388
-629
-1042
-551
661
780
736
372
-433
-729
-675
-304
383
979
402
-119
189
342
123
-946
-590
460
620
1064
486
558
517
-1015
-928
26
594
851
511
-359
-894
-616
-405
-328
-54
435
350
247
324
-287
-690
-722
-468
-34
696
963
-93
-549
-230
-144
-300
-84
1024
1155
-311
-933
-179
426
344
-136
146
807
434
179
-11
-770
-429
77
-499
-205
1234
2123
1090
-1033
-1501
-1161
-1413
-757
700
1642
1289
187
-926
-1802
-1821
-1456
-719
429
812
721
545
-412
-1351
-1605
-1215
-435
165
1247
1811
1040
40
-734
-546
214
50
-218
961
1298
332
445
1019
689
-870
-1240
57
725
514
263
813
699
-209
-283
39
-247
-1083
-1035
321
1427
1335
894
174
-1136
-1525
-541
585
951
470
635
746
-847
-1380
-166
254
-542
-657
646
1046
394
-522
-1224
-1102
-981
-238
825
655
-490
-861
-427
-763
-524
377
435
-126
-663
-156
91
-246
264
603
729
465
-94
170
303
-34
-641
-258
1451
1940
1096
-64
-537
-221
-642
-616
450
960
412
-425
-288
80
-76
-394
-1003
-962
-408
-450
-398
265
745
522
-59
-532
42
509
-679
-1010
547
1871
1734
1084
672
-627
-1580
-859
298
1267
1178
96
-338
-251
-473
-1022
-1462
-1549
-1192
148
1240
914
-69
-809
-1137
-1185
-391
708
1377
1539
1495
1468
745
-242
-474
258
758
667
931
1251
818
-393
-1210
-1673
-1900
-1623
-1245
-806
-748
-1195
-2065
-2577
-2621
-2686
-2281
-1644
-1056
-687
-346
-3
91
-93
-383
410
1537
1627
2151
3292
3430
2499
1706
2256
2802
2366
2184
2632
3224
2652
1694
1422
1214
979
931
754
113
98
627
1025
377
-1099
-1636
-1469
-1131
-749
-117
-121
-1049
-1656
-1557
-1171
-1390
-1602
-1362
-1075
-720
-191
249
-215
-1259
-1710
-1648
-1471
-1071
-639
-254
-299
-1151
-1931
-2157
-1802
-1102
-1254
-2156
-2848
-2420
-1077
-190
-339
-1140
-1719
-1797
-1150
-215
829
922
-210
-174
917
2507
3146
2670
2259
1833
2576
3538
3923
3440
2026
1006
963
1837
3177
3540
1729
-585
-1660
-1045
-322
-314
-439
-1081
-1344
-1538
-1656
-1867
-2601
-2825
-2789
-2057
-738
259
576
328
-72
-513
-463
185
1605
3154
3887
3547
2388
1800
1715
1703
1618
912
964
1920
2465
2096
651
-567
-1503
-2438
-2023
-1155
-893
-978
-1449
-2043
-2604
-2526
-2428
-2938
-2040
-888
-1238
-507
465
303
-361
-1460
-309
1147
724
645
1238
2389
1671
512
904
155
-287
167
440
297
-211
-330
-931
-1074
-539
-1258
-2358
-2260
-1501
-1033
-995
-1262
-1322
-1333
-1563
-1449
-1324
-1110
-798
-666
-49
444
633
563
357
837
688
141
468
1144
2046
2248
1746
1654
1303
856
1249
1735
1494
877
965
1199
1039
1391
978
221
493
294
152
343
83
13
-152
89
477
294
472
602
485
-42
-335
488
714
542
600
558
624
430
364
277
-114
-179
-154
-273
-291
-562
-675
-698
-1291
-1412
-1374
-1614
-1470
-1484
-1765
-2039
-1980
-1478
-1304
-1386
-1294
-1428
-1637
-1476
-884
-248
-60
-174
-55
276
327
453
423
56
218
840
1287
1145
1072
1138
618
117
229
789
822
478
534
441
282
327
435
704
536
-190
-464
88
809
896
725
532
599
720
188
255
723
1069
1235
1014
827
445
525
616
453
351
64
167
599
595
-151
-571
-688
-570
-238
-31
48
-770
-1668
-1812
-996
-378
-337
-358
-1088
-1457
-1314
-662
-321
-818
-914
-881
-636
-325
-128
-74
-475
-1083
-1024
-370
-62
-129
-377
-545
-700
-507
-243
-1
295
-181
-594
-188
478
620
808
1158
810
140
-10
1036
1759
1654
1344
960
1155
1061
871
992
870
493
46
-215
48
368
-168
-837
-1465
-1818
-1722
-1427
-968
-1277
-1765
-1747
-1509
-1108
-943
-862
-791
-738
-37
817
1388
1727
1622
1469
1252
1345
2125
2938
3050
2831
2549
2219
2096
1738
1668
1485
953
1002
994
728
259
-153
-248
-759
-1398
-1222
-670
-790
-1211
-1454
-1765
-1665
-1286
-1126
-1315
-1542
-1274
-1215
-965
-611
-845
-828
-824
-924
-534
44
-183
-457
-81
-385
-551
92
39
-592
-527
-342
-299
179
-111
-825
-671
-1047
-1650
-561
322
-171
-423
-575
-899
-681
-500
-970
-195
613
-350
-161
482
182
367
149
-517
7
861
492
694
2004
1856
1098
674
40
701
2122
2844
2977
2566
1250
274
1011
1549
1332
1137
995
1165
1489
1649
160
-2402
-3803
-3407
-1320
619
638
-1214
-3656
-5195
-5110
-3590
-2068
-1522
-1652
-1738
-1326
-663
-481
-843
-973
-689
384
2286
3720
4087
3381
2058
1391
2062
3579
4544
4849
4611
3576
2905
2701
2697
2459
1804
1586
1536
1595
1236
58
-1454
-2728
-2905
-2372
-1687
-1224
-1411
-2522
-4240
-5141
-4667
-3588
-2974
-2545
-1726
-1352
-1858
-3138
-3610
-2559
-1573
-725
77
949
1405
843
344
-56
-260
107
1451
2947
3212
2418
787
-91
433
1142
1084
662
532
661
993
205
-752
-946
-1093
-757
-17
284
-609
-1058
-928
-934
-776
-1144
-1094
-159
1098
1630
1136
73
-701
434
2420
3588
3135
1535
607
1363
2916
2985
1750
676
329
972
1547
783
-1530
-4078
-4478
-2380
-181
-451
-3351
-6635
-7955
-6579
-4187
-2356
-1936
-3098
-4304
-4237
-2700
-1095
-145
560
1519
2874
3886
4894
5138
4421
4002
4647
6611
8261
8814
7822
5869
4231
3340
4069
5040
4981
3812
2184
955
-16
-446
-1040
-2341
-4065
-4879
-3893
-2948
-3291
-4856
-6331
-6789
-6363
-5182
-4280
-4117
-4765
-4811
-3045
-1344
-1121
-2332
-3518
-3475
-1713
1361
3352
3108
1357
29
272
1587
2833
3121
3115
3164
3335
3498
2979
1593
10
-300
733
2055
2615
1562
-370
-1914
-2067
-1013
204
907
333
-730
-925
-326
180
66
-195
139
1517
3275
4160
3139
99
-2424
-1638
1925
4768
4348
1570
-1133
-2176
-2003
-1800
-2121
-3344
-4671
-4558
-3088
-2358
-4412
-8255
-11060
-10763
-7464
-3422
-977
-1753
-4877
-7311
-6616
-2928
1005
3374
4083
3863
3635
4204
5929
7449
7707
7559
8443
10232
11185
10463
8509
6490
5673
6326
7731
8278
6692
3644
1019
75
-108
-901
-2444
-3925
-4482
-4730
-4993
-5275
-5979
-6757
-7082
-6915
-7090
-7428
-6746
-4822
-2639
-1869
-2726
-4366
-5372
-4461
-1852
1130
2818
2600
1143
197
546
1641
3118
4192
4403
3942
3114
2675
2435
1767
694
145
673
1102
1058
-94
-1584
-2057
-1770
-691
341
1059
575
-986
-2047
-1729
398
2853
4971
5124
2385
-1286
-2510
120
3473
4722
3573
2201
908
-724
-2076
-2967
-3788
-4800
-3968
-1604
-612
-3744
-9564
-13144
-12630
-8680
-4335
-1881
-3028
-7069
-10090
-9329
-4865
-154
2943
3879
3352
2443
2495
4421
7016
9304
10815
12357
12872
11995
10519
9592
9903
10383
11106
11219
10455
7855
4667
3251
3235
3286
1405
-1544
-4395
-5793
-6306
-6813
-7265
-8171
-8805
-9348
-9679
-10794
-12031
-11721
-9199
-5409
-3446
-4424
-7425
-9389
-8514
-4582
351
3220
3322
1389
-317
-424
1690
4652
6937
7471
6253
5061
4368
4153
3736
3355
3118
3145
3710
3744
2640
-1
-2353
-1936
1113
3950
3895
1098
-2233
-2476
669
3624
3414
644
-873
447
2481
2896
2088
978
-220
-663
72
603
-1285
-4853
-6326
-4123
-1586
-2494
-6357
-10094
-11818
-10979
-8233
-5121
-4053
-6400
-9574
-10361
-8110
-4170
-381
1692
1729
1129
1437
3661
6561
8473
9755
10716
11343
11779
12209
12463
11832
10840
10652
11594
12116
10935
9274
7246
4465
1158
-1089
-848
-84
-1379
-4587
-7393
-9059
-9562
-8728
-8165
-9404
-11980
-12971
-10496
-6370
-4790
-7089
-10560
-12027
-9623
-4386
598
1677
-766
-3094
-2994
-290
3340
5937
6594
5329
3384
2646
4241
5826
5408
4057
2509
1445
1499
2150
2729
2661
2045
1685
1676
969
-398
785
4000
4787
1334
-2293
-1508
2486
4494
3009
1482
1571
1220
574
1350
1953
-571
-4704
-4926
-608
2060
-1313
-7502
-10841
-10040
-7132
-3759
-2478
-5126
-10180
-12663
-10422
-5705
-1638
-122
-1423
-4234
-5011
-1765
3517
6981
7649
7408
7098
6615
7087
9512
12322
12886
11474
10467
10780
10681
9863
9366
8977
7676
5139
2582
1117
439
-898
-2403
-4054
-5849
-7188
-7525
-8098
-10419
-12817
-12745
-9682
-6014
-5178
-8109
-11782
-12948
-10227
-4408
256
438
-1966
-4005
-3744
-866
3350
6331
6270
3534
1312
2144
5194
6926
6067
4264
2284
1400
1936
2797
3143
3037
3057
2880
2182
2310
3189
2479
-1267
-3992
-949
5020
6049
1876
-800
-31
111
-1516
-1223
1868
2334
-1747
-4029
-2058
-871
-4477
-8860
-8503
-5364
-3577
-3232
-4078
-6536
-9328
-9278
-5862
-2165
-907
-1282
-2277
-3898
-3520
333
4730
6034
4570
4246
5840
6623
7180
8977
11060
11223
9654
8649
8633
8209
7962
9635
10369
7497
3042
-305
-748
238
270
-155
-1740
-4711
-7687
-8794
-8592
-9251
-10260
-10448
-9317
-7230
-6210
-7730
-10828
-11827
-8912
-3592
853
853
-1056
-2254
-2011
451
4260
7756
8098
5222
2759
2920
5205
7065
6481
4486
2378
709
498
2187
4015
3534
1347
668
2022
2340
-935
-4326
-3125
1555
3619
1175
-764
-371
-547
-2209
-2158
187
562
-2325
-2902
480
1384
-4295
-10851
-10398
-5323
-2193
-1929
-3574
-6805
-10822
-12019
-7743
-1359
1850
482
-3237
-6165
-4868
701
6597
8507
6687
4795
4454
4954
7087
10779
12965
11675
8744
8002
9458
10389
10443
11236
11615
9100
5098
2105
1782
2937
2663
1507
-493
-3068
-5108
-6607
-7974
-10106
-11644
-11029
-8759
-6747
-7464
-11189
-15424
-15847
-11380
-5096
-1184
-2572
-5871
-7120
-5460
-1002
4022
6865
6085
3383
2685
5071
8103
9431
8189
6317
4767
3644
4688
7888
9417
5898
2049
1341
2051
968
-2648
-2425
1717
2182
-2711
-6147
-3713
-1409
-3749
-6283
-5338
-4527
-6518
-7059
-2801
-252
-5864
-13814
-13636
-6130
-1193
-788
-2775
-5559
-8564
-9410
-5134
999
4319
2649
-1087
-3192
-1347
3746
7952
8844
7403
7233
7529
6991
7828
10986
13502
11628
8178
7665
10000
10252
10123
11303
9683
6093
1895
1570
5349
6168
3266
715
-991
-2641
-3025
-2128
-2879
-7399
-11516
-10748
-6323
-3718
-7211
-13824
-17194
-15322
-10806
-5301
-4216
-7865
-10736
-10633
-5931
-521
3208
2730
-824
-2152
-63
5337
9151
8557
5502
3438
3393
4766
8499
11859
11214
8334
6090
4258
2616
1059
2913
6687
5348
-595
-4497
-2406
-545
-3032
-5934
-5839
-5547
-8304
-8895
-5468
-4001
-9698
-17121
-16655
-10122
-5837
-6408
-8508
-10400
-11558
-10418
-6050
-727
1368
-274
-2217
-1271
2597
7677
10389
9524
8153
8797
11115
12616
13585
14715
14394
12845
11038
11823
13598
14140
14857
12286
7719
3643
2197
6138
8751
5143
234
-2594
-3493
-3541
-2870
-3227
-6332
-10675
-12265
-8943
-4371
-4889
-11130
-15990
-15134
-11444
-6291
-3840
-7282
-10566
-11483
-8120
-2114
1807
1345
-1955
-3289
-1045
3467
7801
8202
4952
1749
1053
3461
8174
11011
9709
7604
5254
2071
581
2436
6674
8728
4034
-1948
-2517
986
1571
-1848
-3904
-4387
-6178
-7822
-5773
-2210
-4393
-13219
-18939
-15091
-8051
-5879
-8081
-11096
-13474
-14494
-12008
-6491
-2563
-2692
-5476
-6511
-3140
2428
7258
9250
8302
7442
8603
10788
13486
16765
18520
16787
12759
11908
14931
18465
19890
16380
11288
6685
4616
8131
12024
9587
2515
-3067
-3943
-1777
420
-927
-5723
-11278
-13700
-10955
-5947
-4747
-9820
-15469
-16526
-14111
-8941
-5360
-7470
-11024
-12782
-9172
-3211
999
462
-3333
-4082
-1048
4094
7646
7644
5346
2974
3086
5744
9203
11208
11396
9200
5110
1411
1279
5874
9987
7881
1454
-1167
519
1795
-201
-1847
-1623
-4037
-7558
-7233
-3142
-3179
-10807
-17723
-15717
-9163
-7984
-11307
-13741
-14267
-15061
-15125
-10622
-5450
-5122
-9137
-11884
-9065
-2426
2454
3961
3824
4127
5950
7497
9465
13095
17046
18209
15888
14966
16648
20470
22550
19608
17042
14346
12427
13859
15014
12792
8577
5368
4111
3312
1745
-1468
-5337
-7715
-8285
-7645
-7030
-10156
-17334
-20290
-16662
-13236
-11211
-11938
-14723
-15271
-14445
-11467
-7386
-4028
-5386
-7701
-5006
246
4598
4763
2816
2201
4681
8727
10999
12340
12795
10834
7710
6185
8663
13355
14133
9088
4296
4134
5786
4408
1832
1143
541
-3424
-6978
-5092
-1977
-4583
-12660
-16413
-13185
-10390
-12267
-14679
-14392
-14505
-16764
-17738
-13765
-9078
-9990
-13222
-13201
-8801
-3483
-1285
-1616
-1397
510
2977
6026
9436
12472
13521
12906
12607
14522
19678
23047
21375
17822
15188
15517
17742
18731
17092
14221
11883
9620
8082
7196
5100
1664
-513
-1164
-1583
-3112
-7581
-12742
-13748
-11669
-10821
-11605
-14560
-17455
-17968
-15846
-12340
-9860
-9124
-10804
-12492
-10605
-5920
-2005
243
274
-687
1477
4933
6730
6666
5701
6592
9333
10555
9826
9588
9415
8296
5923
4817
6290
6495
4309
2325
1843
549
-3503
-6911
-5786
-3262
-4260
-7757
-10491
-11430
-11856
-12407
-11247
-9143
-9640
-12460
-13987
-11922
-8013
-6425
-6750
-6769
-5309
-2567
-1167
-346
1569
3978
5799
6509
7160
8806
10640
12564
13952
13505
12217
11614
13067
15713
16214
13597
11309
10921
10865
10820
9846
7772
4531
1786
2156
4031
4271
53
-5992
-8682
-7337
-5053
-3547
-4798
-9378
-13245
-13477
-10212
-6921
-6490
-8929
-10846
-10923
-8745
-4774
-2994
-2215
-2642
-3048
-1506
-406
1866
4623
5622
3891
2068
3243
5869
6847
5452
4292
3338
2134
1447
2424
3709
2143
-2161
-5193
-4242
-2951
-3546
-5363
-6915
-7802
-9564
-9874
-7996
-6430
-6487
-7742
-8559
-6826
-4767
-4785
-4303
-3302
-1855
-652
-363
659
2053
3687
4737
4861
5196
7220
9259
10375
11708
10364
8812
8720
9290
11500
12689
10407
6847
6315
8038
9671
8998
5963
2313
-641
82
3271
5394
2835
-4656
-10375
-8378
-3152
-1645
-3429
-7455
-10164
-10159
-7765
-4383
-2827
-4171
-8313
-9197
-4908
-362
1012
163
-1878
-3464
-2364
627
4473
6042
3595
440
473
3394
5622
5106
2593
775
-298
479
2264
1950
-844
-5250
-7095
-5507
-3423
-3426
-5425
-8232
-9964
-10312
-9613
-7270
-5867
-7269
-9255
-9492
-7621
-4843
-3348
-3190
-3164
-2229
-44
1812
3372
4900
5017
5063
5916
7450
9308
11022
11026
11143
12388
11253
9968
9933
10981
12716
12288
9808
7563
6778
7114
7485
6644
4348
729
-1928
-586
1915
2316
-711
-6362
-9865
-8441
-5031
-3124
-4342
-8016
-10905
-11004
-7812
-4442
-3224
-4779
-8105
-8559
-4469
341
2727
1363
-2337
-3854
-1719
2979
6637
6240
2664
-240
180
3080
5890
5127
2234
-1104
-2608
-212
2145
1380
-2826
-6780
-7361
-5603
-4684
-5361
-7208
-9617
-11091
-11618
-9637
-7132
-6964
-8914
-10399
-9545
-7196
-4991
-4068
-2664
-1947
-2077
-1537
630
4562
6693
6429
5372
6110
8860
11235
12229
11963
12993
14097
12974
11837
12022
13026
14406
14123
11667
9778
9448
9598
9339
8778
6878
3219
1001
1779
3274
3178
38
-5514
-8372
-6669
-4580
-3866
-5573
-9410
-11799
-11476
-8797
-6557
-6542
-9192
-12029
-10100
-5552
-789
-396
-5156
-8331
-6459
-499
3577
3841
1285
-803
-510
798
3576
4705
2967
-770
-1905
1205
3394
1705
-3016
-5802
-5356
-2726
-2128
-4113
-6240
-8332
-9061
-8729
-6892
-5825
-6412
-8417
-9650
-7943
-5530
-3975
-4344
-3794
-2602
-2111
-1667
-96
3543
5061
4514
2956
3464
6243
8523
9886
9550
10315
9863
8629
9139
10847
12627
12699
11501
9527
9056
9746
10475
10272
8683
6124
3486
3927
5442
6258
5135
1549
-2308
-3398
-1193
463
542
-2353
-5504
-6514
-5622
-3606
-2776
-3327
-6892
-8749
-6497
-2495
779
-1597
-6018
-7683
-4529
-8
1292
116
-2339
-3264
-2925
-1134
332
-909
-3776
-6506
-4896
-1506
-1095
-4425
-8822
-9968
-7830
-5588
-5461
-6388
-8824
-10453
-9930
-7940
-5323
-4896
-5942
-7478
-6906
-3949
-1066
135
64
303
57
1274
3310
5612
7879
7108
5027
4060
5983
9102
10508
9582
7739
7312
7510
7603
7754
8596
8424
6852
5307
4156
5004
6671
6761
5129
3215
1192
257
2531
5129
5390
3118
-597
-2923
-1353
2170
3099
1725
-347
-2030
-2160
-288
2106
2565
980
-2491
-3569
72
3887
5509
2480
-2172
-3305
-778
3273
4205
1103
-2786
-3579
-1883
-132
-23
-2835
-6206
-8947
-8010
-4161
-3404
-6386
-11399
-14424
-12997
-9422
-8322
-9619
-12053
-14365
-14312
-12647
-9622
-8065
-8457
-9725
-10481
-8381
-4483
-1719
-1250
-809
-765
226
2870
5378
8484
9700
8605
6918
7173
10309
14190
15024
11884
9633
9453
10934
11884
11774
10683
8488
6838
5792
6098
6589
5820
3305
1402
913
200
497
561
-765
-2303
-2674
-2658
-2433
-1636
-1810
-2109
-2003
-1596
-1274
-6
1438
1574
1494
265
1040
4039
7199
8422
4845
1475
1456
5111
8463
8155
4871
1344
1019
1831
3651
3027
-1207
-5249
-7432
-5312
-2764
-3888
-8952
-13774
-15158
-13041
-10266
-11272
-13467
-16493
-17874
-16835
-14580
-11233
-10700
-13095
-15404
-13500
-9012
-5140
-4147
-4889
-3601
-2543
-566
2392
5467
7750
7528
6734
6922
9187
11735
13729
13478
11646
11113
11467
12486
12612
11885
10456
9091
7882
6946
7357
7304
6042
3542
1183
-513
-1538
-622
348
-208
-2054
-4513
-6466
-5907
-3601
-2573
-2270
-3228
-4859
-4595
-2319
645
1777
884
-918
-259
3527
7571
9955
7394
3883
3427
7054
12095
12738
9346
5190
4895
6492
7910
7493
3560
-664
-3814
-2334
323
-725
-5871
-12310
-14747
-13211
-9991
-10365
-13140
-16776
-19752
-19209
-16700
-13184
-12449
-14457
-17100
-16592
-12035
-7676
-5981
-6750
-6140
-4974
-2830
363
3367
5813
5808
5478
5890
8183
10851
12554
12602
11357
11574
11781
12510
12444
11402
10725
10321
9403
7726
7683
7597
6389
3846
1612
822
282
565
197
-949
-2687
-4928
-6626
-5444
-2928
-3209
-4603
-6232
-6309
-4832
-2551
-886
-941
-2240
-3643
-1238
3110
7584
7120
2464
829
3536
9617
12460
10377
6446
4933
6681
9036
10970
8641
4590
472
-396
3451
5065
2255
-4481
-9272
-9305
-6533
-5549
-7942
-11431
-15287
-16187
-15541
-13166
-10870
-12481
-16134
-18250
-15572
-10631
-7413
-8067
-9332
-8786
-7589
-4379
-1175
1825
3099
1802
1069
2809
6905
10101
10808
8503
7558
8855
10363
12229
12044
10803
8962
7808
7856
9002
10174
8630
5571
2487
1641
1941
2917
3483
1302
-1467
-3811
-4582
-3759
-1816
-1773
-3930
-5947
-6742
-4967
-2564
-1068
-1967
-2969
-4256
-3660
147
3456
6275
3791
-1
-195
3746
9427
10340
7759
3610
3526
6212
9262
10564
6574
2737
-331
1236
5428
6186
2641
-4118
-7962
-7327
-3025
-1854
-5035
-9399
-13211
-12952
-11490
-8877
-7791
-9888
-13495
-15615
-12382
-7533
-4791
-6347
-8110
-8231
-6854
-3308
-338
2320
2087
164
-905
1281
5532
8458
8251
4766
4068
5029
7348
9098
8304
6789
4589
4103
4445
6425
7380
5429
2219
-283
58
1060
3003
2959
229
-2554
-3591
-2938
-1647
141
-686
-2331
-3935
-4045
-2052
262
1559
315
-780
-1932
-1213
1952
4927
7264
5155
864
-508
3015
8435
9988
7041
2465
1594
3555
6611
7922
5181
1302
-2222
-1842
1906
4243
1973
-3975
-8753
-9178
-4794
-1783
-3051
-7194
-11454
-11834
-10201
-7072
-4544
-5117
-8634
-11709
-9828
-4594
-780
-1536
-3883
-4405
-3454
-933
1827
4234
4658
2235
255
1092
4708
7961
8073
4630
2307
2919
4701
6457
5758
3932
2166
965
819
1751
3117
2704
101
-2818
-3688
-3032
-1514
-70
-872
-2850
-4361
-4909
-4149
-1768
-844
-1644
-2243
-3113
-2267
76
2270
2535
1278
182
-400
2467
6118
8260
7942
3793
1202
2737
8001
11211
9070
4526
1401
2966
6001
8347
6415
1088
-3020
-4214
46
3430
2036
-3733
-9974
-11365
-8304
-3155
-2614
-6272
-11500
-14129
-11495
-7169
-3412
-3712
-6813
-9820
-9216
-3948
742
1969
121
-1115
-1021
866
4450
7283
8558
5865
2930
3192
6202
9468
9956
7466
3964
2674
3702
5661
5885
3830
677
-1649
-1500
-272
437
-642
-3269
-6239
-7208
-5935
-4972
-4059
-4796
-6607
-7565
-7173
-5783
-4686
-3952
-4206
-3832
-3251
-1940
-511
785
2065
2305
2532
2909
3970
5135
7417
8826
9082
8128
5596
5767
8394
10742
9927
6717
4283
4523
6534
6934
5705
1344
-2669
-3114
-953
2556
1001
-4347
-9904
-12000
-9268
-4739
-2897
-6614
-12077
-15396
-12479
-7199
-4616
-4619
-7624
-10047
-9317
-4962
583
2705
1002
-1659
-1395
1542
6236
9516
9415
7321
4537
5099
8019
10923
11823
9436
6055
3858
4761
7759
8044
4504
793
-1252
-1187
287
112
-1747
-3828
-6141
-7476
-7040
-6507
-7041
-7742
-7922
-8217
-8554
-7835
-7738
-7742
-6253
-4987
-4673
-4186
-3334
-2273
-117
1568
1869
2113
2932
3653
5229
7988
9820
9959
7530
5464
6783
10913
13050
10484
6961
4568
5706
8021
8668
6787
1865
-1983
-2773
714
3504
1383
-3825
-9907
-11364
-7877
-2719
-2297
-7246
-12249
-14385
-10830
-6207
-3958
-4456
-7227
-9708
-9558
-4129
1445
2503
23
-2739
-2015
1752
5946
7846
7350
4908
3215
4008
6932
9922
9879
6930
3335
2146
4318
7739
6740
2697
-510
-1989
-805
454
835
-787
-3752
-6239
-6735
-4928
-3886
-4078
-6084
-6752
-6554
-6382
-4705
-5053
-5684
-5688
-4403
-3232
-2720
-2003
-1622
-562
-87
903
1870
2439
2838
2764
5130
6951
7509
7041
4728
4389
6198
9294
9117
6619
3708
2818
5446
6661
6775
3547
-948
-3032
-1859
2734
3728
254
-5954
-9675
-7805
-3579
323
-1745
-6936
-11621
-10984
-5440
-1357
-740
-3727
-6697
-7747
-4770
814
3977
2969
-728
-2340
126
4153
6928
6867
4525
1768
1566
4077
7068
7651
5017
1892
291
449
2910
4592
2513
-885
-3359
-3018
-1302
-271
-1226
-3382
-5091
-5974
-5065
-3871
-3034
-3690
-4998
-5615
-5930
-4843
-3338
-2177
-2530
-3520
-3780
-2822
-1002
456
1589
498
-367
271
2008
3801
4523
4243
2742
3132
3750
5792
7105
5540
3950
2553
4146
4879
4830
4353
3349
3082
2058
2528
1063
-312
-933
-430
1832
428
-2006
-4565
-4824
-3464
-1748
-245
-2253
-4785
-7001
-5182
-1031
103
-649
-2343
-2926
-2587
-859
2055
3130
2035
86
157
1799
3390
4398
3820
2451
1044
975
2094
2974
2532
1459
380
-978
-2116
-1475
476
37
-2010
-3793
-4557
-3750
-2256
-1038
-1959
-3998
-5545
-4818
-2131
-688
-667
-2638
-4239
-3907
-1683
1170
1455
-834
-3058
-2137
27
2058
2728
1330
-81
-583
680
3028
4232
3034
1319
304
473
3104
4677
4708
3124
150
-628
1179
4021
4607
3057
267
-531
828
2151
3591
2125
-474
-1739
-957
2330
3379
1372
-1911
-3564
-2567
-26
2388
1129
-1277
-4142
-3827
-620
1015
965
-458
-2084
-3387
-2647
-74
2190
1657
-1324
-3220
-2479
-474
1170
981
-501
-2321
-3011
-2143
-619
282
11
-1425
-3333
-3657
-2076
-27
572
-395
-2119
-2311
-1442
-255
1636
2161
671
-824
-633
1244
3208
3597
2346
376
-228
1336
3263
3433
2233
75
-1133
237
1484
1919
1051
-976
-2109
-1652
295
984
-130
-1458
-2193
-1835
-1080
614
556
8
535
-389
-745
-138
1782
2863
2497
1497
758
2445
3423
3894
3223
1877
1838
1581
3602
4995
3593
1122
-455
53
655
2291
1821
-421
-2873
-4063
-1845
-621
-1177
-3299
-5479
-5510
-4783
-3642
-3317
-4096
-6021
-6993
-5247
-4003
-3799
-4446
-4950
-5301
-4944
-3209
-1720
-1645
-2648
-2806
-1985
-243
1090
1691
2026
1762
1663
2223
3822
5194
5603
5716
4618
3846
4218
5926
7457
6595
4941
3035
2750
3776
5152
5855
3507
164
-1250
226
2162
1883
-44
-2397
-3532
-3252
-1860
-884
-2068
-3958
-4984
-4047
-2759
-2186
-2123
-2213
-2287
-2433
-733
745
676
-186
415
2906
3664
3188
2621
3612
4903
5621
6153
4722
3328
2577
4252
6971
6284
3252
-103
-941
-397
696
1697
-165
-4189
-7721
-6917
-4586
-4409
-6102
-8427
-9820
-10429
-9715
-8077
-6847
-8238
-10548
-10363
-8195
-5974
-5332
-5204
-5580
-5829
-4359
-2025
-57
591
868
1102
1746
3244
4994
6797
7051
6484
6280
7176
9147
9985
9913
9359
8505
7748
7972
8603
8487
8220
6857
5197
3880
3133
3646
3664
2062
-120
-1659
-2362
-2141
-1949
-2624
-3752
-5036
-6148
-5768
-4664
-4137
-3914
-4775
-4982
-4526
-3436
-1636
-1405
-1253
-1090
-721
736
2919
3793
2352
1826
2480
4368
5656
4913
4623
4670
4694
4285
3880
3396
2389
1982
2624
2819
607
-2194
-3679
-3725
-3148
-3402
-4678
-7060
-9779
-10358
-8443
-7428
-9057
-11257
-12006
-11197
-10146
-9269
-8326
-8301
-8958
-8757
-6789
-4390
-3117
-2580
-2360
-1862
-410
2020
3858
4560
4966
5211
6224
7541
8994
10577
10796
9987
9041
10188
12460
12570
11551
10250
9567
9670
9938
9457
7570
6236
5464
5039
4482
3253
1803
63
-638
-1417
-2090
-1924
-2972
-4379
-5079
-4938
-4530
-4946
-5574
-5605
-5356
-4882
-4034
-3890
-4144
-3827
-3263
-2158
-1104
-1482
-1942
-1025
-49
288
1165
2088
1218
-440
-271
1876
3104
2333
839
218
664
541
413
385
-568
-2684
-3304
-1459
-1148
-3126
-5720
-7000
-7020
-6251
-4927
-5172
-7543
-10459
-10353
-7618
-5609
-6144
-7735
-7889
-7617
-6819
-4613
-2134
-2110
-3503
-3373
-1677
882
3050
4282
3613
2565
3743
6399
8880
9664
9053
8192
8374
9688
11199
12674
12277
9981
8293
9218
11239
11415
10507
8605
6463
5813
6495
7017
5882
4362
2851
1692
1273
689
224
-642
-1720
-2820
-3691
-3442
-3735
-4834
-5378
-5275
-5613
-6180
-5769
-5714
-5989
-5956
-6020
-5757
-5418
-5401
-5373
-4714
-4094
-4049
-4072
-4010
-4074
-3722
-2488
-1982
-2573
-2297
-1119
-1214
-2144
-2499
-1601
-86
-85
-825
-993
-539
-765
-815
-83
-844
-2125
-1995
213
951
-984
-2612
-3445
-3240
-2348
-696
-128
-1819
-4426
-4858
-1955
170
-76
-1532
-2075
-1914
-1205
1207
3100
2505
533
581
2058
3595
5384
5901
5162
4127
4256
5770
7596
8510
8010
7216
7283
7659
7851
9209
10002
8594
7110
7331
7887
7817
8059
7199
5702
4598
3848
3527
3192
3166
1805
-165
-1334
-2460
-2900
-2427
-2926
-5485
-7381
-7548
-7181
-6950
-7411
-8886
-10285
-10277
-9571
-8892
-8924
-9328
-9709
-9539
-8508
-7987
-7528
-6879
-6753
-6730
-5936
-4776
-4054
-3420
-2924
-2718
-2732
-1856
-601
366
781
714
2055
2722
2131
1455
2657
5201
5182
4391
3789
4238
4651
5109
6481
5265
3504
2824
4516
6535
5330
3292
1594
1387
1480
2398
3762
2369
-789
-3028
-1318
1156
1148
-130
-1846
-2603
-2111
-198
1807
1672
-390
-1573
17
2400
3797
4108
3293
2195
2271
3937
5897
6493
5697
4647
4180
4804
5802
6214
5815
4353
2991
2960
3825
3975
2721
1241
-82
-787
-954
-1486
-2359
-3463
-4255
-5204
-6054
-6396
-7227
-7812
-8277
-9010
-9691
-9956
-9693
-9642
-9469
-9508
-9774
-9750
-9385
-8382
-7191
-6451
-6225
-5978
-5080
-3809
-2666
-1287
-431
-382
-130
842
2270
3652
4467
4354
4356
4838
5589
6339
6606
6151
5987
6598
7104
6848
6688
7457
6800
5385
4848
5912
6963
6340
5649
4872
4888
4484
4891
5605
4238
2732
2032
3823
4278
2656
1358
179
-513
-1367
-358
373
-1103
-3883
-5184
-3796
-3054
-3271
-4325
-5275
-6163
-6255
-4629
-3105
-3329
-4894
-5394
-4777
-3233
-2191
-1804
-1963
-2911
-2578
-1521
-206
144
-54
-64
-287
-76
338
1546
1494
766
447
296
1487
1951
1446
470
-138
144
470
611
59
-407
-793
-746
-1022
-1848
-1756
-1636
-1804
-2144
-2533
-2739
-2528
-2825
-3205
-2590
-2230
-2327
-2988
-2970
-2150
-1460
-803
-656
-714
-670
140
1060
2014
2717
2341
2511
2990
3822
5037
5520
5318
4868
5080
5588
6035
6352
6240
5821
5251
5155
5239
5412
5850
5130
3780
2532
2671
4566
4689
2630
22
-272
1122
1693
1213
-709
-2220
-3259
-2667
-1729
-2589
-4161
-6065
-5941
-5559
-5687
-5952
-7445
-8778
-9445
-8169
-6854
-7265
-8912
-10114
-9150
-7933
-6760
-6122
-6437
-6638
-6202
-4781
-3086
-2153
-1928
-1460
-528
598
1749
2887
3507
3664
4444
5568
6215
6422
6974
7517
7434
7430
7561
7988
8056
7512
7063
6642
6512
6388
6023
5249
4245
3476
3275
3311
2432
1153
551
535
102
-754
-1196
-1527
-2169
-2736
-2605
-2525
-2768
-3028
-3630
-3697
-3196
-2759
-2385
-2331
-2782
-3015
-2053
-991
-981
-1437
-1251
-492
-142
40
138
-5
-133
114
405
490
374
-38
15
-29
-260
-489
-626
-401
-526
-821
-1294
-1472
-1492
-1287
-987
-1673
-2476
-2908
-2295
-1410
-1477
-2358
-3259
-2796
-2061
-1869
-1998
-1626
-1408
-1658
-1103
-817
-646
-482
3
553
399
250
82
521
791
879
1054
659
-2
-352
689
1500
1076
301
-242
107
801
1589
2097
1786
1114
1164
2148
3294
4038
4273
4018
3573
3976
5219
6330
6379
5788
5278
5185
5738
6062
6213
5653
4478
3650
3308
3636
3553
2532
902
-297
-766
-797
-883
-2156
-3748
-4760
-4947
-5001
-5558
-6236
-6995
-7591
-7868
-7881
-7895
-7654
-7680
-8320
-8399
-7702
-6914
-6467
-6237
-6127
-5768
-4922
-4027
-3254
-2652
-2210
-1660
-878
-13
762
1323
1853
2324
2658
3348
4306
4501
4106
4257
4730
5309
5376
4830
4515
4419
4464
4287
3964
3536
3075
2716
2419
2161
1643
1337
1026
628
645
592
251
-73
-246
21
683
824
416
10
333
1404
2373
2584
1676
1241
1974
3412
4367
4061
3222
2246
2656
3844
4663
4374
2568
1055
863
1950
2481
1540
-470
-2533
-3015
-2244
-1887
-3074
-4859
-6299
-6960
-6913
-6547
-6459
-7278
-8475
-9292
-8770
-7617
-6869
-6936
-7444
-7386
-6710
-5129
-3864
-3419
-3262
-2965
-1868
-612
664
1566
2000
2081
2186
3508
4989
5476
5214
4716
4934
5568
6156
6323
5669
5135
4796
4724
4722
4464
3954
2965
2546
2229
1973
1700
790
63
-346
-313
-489
-757
-1175
-1728
-1917
-1814
-1388
-1318
-1241
-1257
-1306
-1138
-526
248
510
739
863
1373
1888
2394
2935
3150
3281
3239
3688
4052
4199
4082
3762
3596
3175
3058
3074
2796
1947
954
333
-25
-281
-760
-1648
-2939
-3772
-4001
-4023
-4503
-5365
-6169
-6798
-6756
-6607
-6558
-6851
-7189
-7229
-7108
-6552
-6064
-5630
-5380
-5197
-4790
-4046
-3088
-2536
-2023
-1408
-819
-366
366
1220
1641
2079
2565
2934
3042
3477
4021
4143
4050
3779
3768
3816
3953
3916
3548
3033
2457
2447
2704
2648
1980
1374
1317
1405
1448
1381
1336
960
660
912
1402
1664
1434
1268
1231
1435
1869
2241
2436
2216
2036
2116
2579
3091
3124
2914
2734
2701
2724
2966
3139
2934
2529
2172
1915
1666
1562
1420
1139
499
-398
-1097
-1265
-1109
-1513
-2447
-3538
-4222
-4344
-4223
-4378
-5249
-6138
-6644
-6519
-6167
-6167
-6535
-7076
-7084
-6679
-6119
-5742
-5693
-5621
-5412
-4831
-4111
-3451
-2894
-2611
-2350
-1841
-973
-71
365
612
1022
1503
2034
2634
3244
3594
3621
3713
4039
4599
5085
5096
4869
4640
4704
5124
5423
5229
4523
4075
4153
4277
4245
3859
3254
2591
2199
2312
2272
1776
1000
405
219
-5
-93
-190
-570
-1163
-1634
-1416
-1166
-1143
-1297
-1575
-1648
-1757
-1435
-902
-643
-842
-1424
-1308
-771
-253
-43
-343
-593
-800
-506
10
223
131
-387
-572
-365
-117
49
-29
-82
-371
-714
-598
-327
-129
-369
-791
-970
-1069
-915
-831
-896
-1072
-1437
-1529
-1528
-1437
-1345
-1447
-1585
-1855
-1861
-1677
-1525
-1400
-1487
-1612
-1700
-1480
-1030
-848
-856
-875
-692
-431
-256
83
400
575
538
563
951
1309
1533
1514
1453
1461
1544
1937
2125
1914
1547
1491
1845
1927
1743
1522
1437
1386
1187
1172
1303
1295
955
583
645
864
911
778
564
419
357
453
625
619
556
438
296
262
363
663
731
456
83
12
376
554
360
-43
-196
-118
-151
-218
-402
-585
-796
-937
-978
-1108
-1272
-1547
-1792
-1902
-1833
-1767
-1982
-2352
-2554
-2418
-2123
-1917
-2052
-2296
-2369
-2131
-1677
-1300
-1078
-1259
-1409
-1134
-525
56
169
92
-25
236
805
1189
1285
1160
1134
1210
1537
1843
1740
1423
1316
1491
1616
1618
1357
1010
826
919
961
798
669
351
85
-32
88
156
-23
-164
-465
-478
-220
-1
31
-134
-103
-74
216
712
912
869
741
876
1213
1666
2004
1919
1681
1602
1800
2098
2237
2065
1690
1397
1298
1253
1155
951
474
-118
-513
-625
-776
-1209
-1719
-2174
-2468
-2692
-2897
-3038
-3190
-3392
-3626
-3666
-3467
-3207
-3107
-3179
-3118
-2780
-2269
-1879
-1645
-1423
-1129
-758
-347
131
594
958
1116
1243
1549
1995
2394
2553
2544
2460
2467
2613
2749
2705
2424
2072
1751
1550
1405
1172
808
319
-199
-663
-952
-1074
-1222
-1603
-2157
-2571
-2625
-2419
-2306
-2431
-2616
-2615
-2431
-2139
-1711
-1247
-941
-846
-665
-152
616
1279
1564
1662
1889
2396
2962
3319
3485
3560
3671
3808
3886
3929
3914
3819
3617
3328
3058
2844
2609
2254
1800
1345
907
482
71
-336
-770
-1282
-1801
-2213
-2503
-2791
-3169
-3527
-3760
-3890
-4023
-4155
-4232
-4187
-4021
-3848
-3739
-3659
-3440
-3014
-2487
-2051
-1787
-1561
-1177
-588
60
584
888
1056
1283
1726
2297
2694
2738
2566
2467
2610
2881
2975
2717
2227
1809
1650
1666
1581
1198
609
84
-189
-251
-319
-562
-981
-1412
-1635
-1594
-1473
-1476
-1617
-1762
-1779
-1631
-1354
-1055
-836
-732
-656
-459
-104
328
694
908
1013
1146
1407
1722
1959
2074
2115
2096
2025
2005
2071
2096
1904
1547
1259
1103
962
732
434
120
-166
-420
-660
-894
-1062
-1140
-1239
-1465
-1712
-1721
-1527
-1412
-1523
-1656
-1573
-1365
-1206
-1125
-1030
-900
-827
-759
-600
-359
-114
13
29
42
195
483
699
707
622
648
767
819
770
708
657
530
343
226
195
110
-115
-393
-572
-634
-675
-791
-987
-1157
-1220
-1171
-1127
-1142
-1150
-1099
-976
-812
-607
-377
-200
-87
62
346
701
976
1102
1161
1288
1521
1798
2001
2049
1975
1923
1979
2093
2144
2044
1825
1587
1429
1366
1294
1058
685
345
137
9
-181
-485
-813
-1040
-1163
-1275
-1428
-1590
-1685
-1692
-1663
-1640
-1607
-1544
-1448
-1340
-1202
-1028
-854
-708
-579
-424
-245
-83
36
125
235
339
404
414
381
359
383
416
361
186
-9
-116
-113
-107
-223
-451
-682
-783
-745
-697
-741
-865
-992
-1032
-973
-848
-723
-667
-651
-602
-473
-288
-97
68
205
311
407
548
748
955
1099
1158
1182
1219
1310
1426
1508
1528
1470
1387
1314
1292
1311
1315
1245
1077
888
758
703
670
566
393
181
-17
-145
-221
-308
-481
-710
-889
-952
-948
-983
-1111
-1257
-1302
-1196
-1019
-910
-911
-934
-849
-633
-361
-150
-44
13
85
227
425
606
707
710
669
645
658
686
690
650
539
372
207
102
67
0
-160
-384
-583
-691
-728
-783
-899
-1049
-1161
-1203
-1190
-1137
-1100
-1118
-1147
-1110
-983
-827
-705
-629
-565
-463
-303
-114
67
192
284
389
519
686
851
981
1061
1106
1165
1254
1358
1447
1497
1503
1467
1421
1399
1395
1383
1319
1192
1028
853
714
618
513
348
99
-177
-381
-488
-554
-666
-867
-1100
-1271
-1313
-1257
-1221
-1272
-1392
-1483
-1456
-1289
-1080
-958
-951
-985
-931
-728
-457
-241
-161
-181
-160
-3
255
488
584
535
469
508
663
840
905
820
671
573
593
696
737
641
427
202
101
110
129
38
-198
-477
-661
-699
-669
-701
-853
-1069
-1214
-1203
-1082
-965
-935
-973
-985
-895
-699
-460
-262
-137
-45
80
291
565
814
985
1081
1168
1312
1501
1694
1811
1848
1853
1872
1928
1978
1976
1903
1798
1700
1629
1551
1422
1248
1050
885
733
564
365
121
-121
-339
-521
-708
-942
-1198
-1457
-1672
-1830
-1955
-2075
-2226
-2393
-2521
-2565
-2513
-2435
-2385
-2370
-2349
-2249
-2056
-1803
-1563
-1398
-1258
-1066
-792
-473
-196
13
175
346
581
830
1015
1104
1143
1212
1331
1444
1459
1362
1223
1135
1152
1177
1107
907
659
504
474
523
505
319
65
-117
-129
-10
61
-25
-232
-404
-399
-233
-56
-15
-118
-233
-217
-27
207
361
373
317
333
480
718
906
956
918
884
950
1110
1253
1304
1241
1147
1110
1133
1182
1159
1065
927
775
680
600
509
367
159
-38
-220
-376
-501
-662
-826
-1013
-1188
-1306
-1410
-1488
-1596
-1702
-1780
-1845
-1841
-1844
-1844
-1844
-1857
-1783
-1712
-1636
-1545
-1476
-1338
-1224
-1082
-919
-806
-642
-497
-325
-152
-47
94
232
402
579
668
745
793
852
974
1054
1097
1050
977
1008
1024
1058
1016
875
790
709
761
797
718
611
442
435
506
592
617
485
409
385
519
688
709
654
528
522
625
749
808
713
583
504
551
628
632
543
381
301
278
296
271
152
36
-87
-122
-149
-212
-301
-434
-511
-574
-604
-650
-750
-842
-931
-952
-960
-997
-1067
-1167
-1213
-1219
-1191
-1184
-1223
-1272
-1306
-1266
-1199
-1139
-1111
-1106
-1079
-1009
-884
-751
-648
-565
-467
-351
-199
-52
79
195
275
370
470
572
681
764
816
825
849
912
977
1009
975
950
929
921
934
925
892
820
745
712
710
713
694
647
581
536
525
550
572
576
555
508
497
518
571
626
621
603
575
593
638
668
689
637
578
524
486
489
444
352
201
39
-69
-162
-238
-369
-546
-742
-914
-1021
-1127
-1225
-1380
-1543
-1671
-1769
-1790
-1817
-1854
-1917
-1970
-1947
-1902
-1812
-1733
-1671
-1605
-1519
-1369
-1198
-1025
-877
-733
-585
-427
-235
-53
137
278
406
546
681
832
948
1056
1123
1165
1224
1282
1354
1392
1403
1383
1355
1358
1352
1358
1311
1228
1147
1071
1042
989
916
811
695
598
526
484
411
329
227
136
87
66
78
54
43
24
25
84
119
196
231
268
303
318
398
421
478
481
440
427
363
387
354
297
209
28
-58
-182
-246
-334
-505
-656
-885
-986
-1072
-1160
-1251
-1459
-1592
-1740
-1795
-1778
-1833
-1864
-1998
-2048
-2029
-1954
-1790
-1763
-1711
-1720
-1635
-1415
-1203
-931
-853
-748
-626
-402
-31
194
428
483
588
814
1050
1390
1487
1559
1561
1608
1824
1919
2049
1962
1856
1819
1772
1865
1764
1667
1484
1322
1314
1203
1180
984
823
726
617
664
542
480
361
274
309
253
285
175
120
103
68
115
29
-15
-104
-153
-146
-206
-241
-373
-452
-501
-537
-546
-646
-737
-844
-879
-866
-892
-932
-1035
-1094
-1118
-1103
-1085
-1130
-1199
-1280
-1297
-1282
-1245
-1247
-1295
-1331
-1346
-1278
-1221
-1153
-1128
-1104
-1019
-928
-749
-623
-495
-386
-287
-99
58
266
387
491
615
712
885
979
1091
1147
1174
1244
1256
1319
1300
1293
1277
1230
1241
1174
1156
1099
1055
1062
1014
1009
932
885
864
845
892
850
807
736
674
697
680
683
603
489
444
383
416
380
297
216
67
64
44
49
-2
-174
-232
-353
-319
-331
-424
-479
-702
-717
-784
-790
-792
-982
-1014
-1189
-1184
-1181
-1261
-1245
-1440
-1442
-1511
-1510
-1449
-1554
-1506
-1611
-1574
-1535
-1523
-1409
-1460
-1366
-1361
-1276
-1142
-1099
-923
-892
-749
-638
-514
-295
-211
22
134
308
504
616
867
972
1186
1322
1428
1601
1656
1835
1895
1982
2050
2041
2140
2116
2152
2106
2037
2008
1914
1904
1796
1712
1574
1421
1329
1188
1119
960
826
671
533
461
327
272
110
0
-124
-243
-273
-398
-421
-576
-671
-737
-854
-836
-968
-997
-1114
-1209
-1206
-1308
-1263
-1370
-1388
-1432
-1498
-1428
-1501
-1414
-1456
-1447
-1394
-1429
-1300
-1335
-1244
-1207
-1198
-1087
-1108
-975
-961
-897
-822
-828
-710
-716
-601
-553
-521
-424
-416
-284
-244
-152
-66
-15
110
147
294
387
479
590
638
787
871
1008
1124
1184
1304
1353
1473
1561
1633
1741
1743
1815
1829
1868
1935
1891
1901
1802
1766
1734
1635
1615
1434
1312
1152
997
943
752
635
405
201
91
-76
-130
-311
-461
-611
-769
-794
-878
-909
-1015
-1111
-1138
-1167
-1117
-1142
-1157
-1211
-1239
-1202
-1184
-1133
-1177
-1187
-1211
-1200
-1137
-1147
-1101
-1142
-1126
-1094
-1065
-973
-975
-911
-924
-864
-779
-725
-601
-604
-516
-494
-423
-308
-275
-164
-189
-116
-80
-34
73
62
147
128
193
264
296
410
393
474
498
563
669
679
787
775
845
899
924
1029
1010
1096
1091
1132
1196
1186
1269
1232
1281
1281
1282
1324
1283
1339
1284
1288
1248
1185
1182
1072
1048
923
830
731
579
515
342
264
114
-26
-116
-287
-348
-511
-603
-707
-839
-878
-1001
-1023
-1112
-1184
-1216
-1295
-1264
-1311
-1309
-1325
-1362
-1327
-1353
-1311
-1304
-1304
-1286
-1292
-1248
-1227
-1198
-1183
-1175
-1158
-1122
-1074
-1033
-987
-973
-915
-870
-800
-705
-641
-542
-476
-367
-261
-145
-1
92
228
323
450
585
692
827
894
981
1056
1142
1236
1287
1336
1350
1379
1394
1418
1422
1399
1369
1318
1305
1264
1250
1199
1145
1108
1038
1028
966
934
883
811
791
712
699
644
597
567
477
458
379
349
302
218
194
89
58
-8
-81
-117
-226
-255
-353
-412
-454
-541
-554
-653
-682
-747
-820
-840
-924
-929
-999
-1037
-1074
-1148
-1148
-1222
-1230
-1264
-1301
-1298
-1354
-1331
-1360
-1362
-1353
-1375
-1319
-1327
-1275
-1242
-1213
-1126
-1101
-996
-931
-839
-731
-661
-506
-409
-263
-136
-26
140
261
437
571
705
851
963
1115
1225
1339
1427
1492
1573
1609
1665
1683
1685
1682
1638
1600
1539
1475
1400
1307
1215
1112
1018
914
821
727
632
558
480
424
358
308
258
204
175
128
99
54
18
-15
-68
-100
-159
-195
-248
-311
-346
-423
-463
-526
-591
-629
-707
-741
-803
-847
-869
-915
-912
-947
-950
-948
-957
-933
-941
-905
-890
-864
-832
-808
-773
-754
-713
-693
-650
-627
-601
-559
-553
-494
-478
-425
-367
-334
-238
-199
-96
-20
46
171
219
351
424
504
627
644
763
792
843
924
891
971
928
944
948
873
920
802
804
730
634
630
465
472
339
292
254
117
152
-7
21
-53
-113
-68
-199
-101
-195
-153
-132
-205
-87
-210
-91
-121
-117
-26
-131
35
-57
37
61
8
157
22
170
102
118
190
53
201
40
103
63
-48
42
-162
-65
-200
-243
-218
-405
-298
-485
-450
-498
-608
-516
-689
-577
-677
-682
-636
-754
-621
-734
-648
-645
-673
-548
-614
-476
-482
-422
-325
-327
-168
-153
-29
51
99
235
268
394
456
532
623
665
750
783
841
873
903
929
935
942
928
922
890
865
818
768
708
638
583
501
447
366
293
215
124
66
-25
-72
-152
-215
-260
-331
-347
-422
-433
-469
-504
-489
-537
-505
-531
-525
-501
-499
-441
-440
-398
-380
-349
-317
-306
-258
-256
-223
-222
-209
-196
-204
-194
-209
-188
-207
-193
-197
-223
-191
-229
-197
-206
-207
-173
-209
-153
-181
-149
-115
-131
-52
-75
7
28
45
125
97
191
177
210
258
227
304
246
288
288
259
326
257
315
286
283
343
279
349
299
318
344
292
345
285
312
304
275
304
241
261
234
209
205
154
158
131
105
86
47
28
20
-16
-34
-64
-101
-103
-142
-139
-160
-190
-180
-231
-215
-232
-254
-249
-296
-269
-289
-289
-273
-307
-277
-304
-294
-279
-286
-243
-261
-227
-206
-193
-148
-147
-102
-98
-74
-45
-37
9
23
58
72
90
114
122
147
146
169
171
167
174
156
160
143
143
133
115
125
106
113
110
105
110
90
99
87
87
81
62
73
43
43
28
9
12
-21
-15
-43
-51
-51
-80
-62
-81
-66
-61
-69
-52
-64
-42
-44
-29
-13
-15
7
6
29
31
31
49
43
51
41
43
40
24
36
20
13
4
-14
-13
-24
-18
-25
-33
-36
-47
-38
-51
-46
-44
-49
-41
-58
-48
-53
-49
-44
-58
-43
-47
-42
-38
-48
-34
-43
-41
-34
-33
-13
-20
-17
-14
-20
-7
-12
-4
5
-2
11
9
21
32
34
56
59
63
64
65
84
85
99
102
96
98
86
87
82
84
83
71
64
39
36
33
39
47
31
27
6
3
13
17
22
1
-20
-30
-26
-12
-10
-18
-42
-62
-66
-59
-51
-61
-79
-105
-114
-105
-91
-76
-87
-110
-122
-122
-105
-87
-84
-90
-94
-92
-76
-58
-45
-36
-36
-29
-18
8
36
40
45
42
45
64
77
94
98
93
92
91
104
110
114
115
104
100
96
97
107
105
100
82
60
39
26
24
21
13
-5
-32
-52
-62
-66
-69
-77
-96
-121
-126
-123
-116
-106
-103
-99
-98
-77
-46
-22
7
27
52
76
114
157
178
203
211
221
236
246
262
258
247
231
207
181
160
141
108
69
27
-10
-52
-98
-143
-192
-241
-277
-311
-345
-369
-392
-416
-424
-411
-403
-388
-381
-371
-347
-320
-288
-252
-218
-184
-147
-121
-90
-60
-33
-4
16
44
73
100
130
152
178
194
205
216
220
239
254
262
260
249
250
252
249
246
238
226
216
208
190
166
143
125
115
98
73
50
21
-2
-14
-38
-58
-73
-87
-93
-107
-113
-114
-117
-111
-99
-90
-82
-76
-69
-53
-38
-29
-17
-6
2
11
19
22
26
31
43
58
68
65
58
56
59
64
65
53
36
22
12
5
-3
-13
-33
-56
-71
-88
-94
-106
-118
-123
-141
-152
-155
-156
-157
-162
-162
-161
-152
-139
-126
-126
-124
-110
-98
-73
-57
-50
-42
-29
-16
0
15
20
26
31
41
60
72
85
89
84
90
96
118
139
143
145
134
127
124
129
138
135
129
105
88
77
66
65
55
48
38
14
7
-2
-7
-5
-5
1
0
-4
-12
-24
-21
-13
0
9
11
6
-3
-2
-7
6
23
36
45
34
26
16
16
26
32
32
17
0
-18
-26
-32
-35
-33
-47
-70
-101
-129
-148
-155
-153
-164
-174
-193
-221
-231
-232
-216
-190
-191
-187
-188
-187
-173
-159
-133
-107
-90
-80
-76
-69
-50
-26
-1
17
29
36
37
46
65
89
116
137
147
150
150
158
181
218
259
287
296
290
287
295
308
338
362
366
357
327
301
284
274
276
271
257
216
161
110
68
49
37
23
-5
-36
-71
-107
-129
-138
-137
-130
-131
-140
-149
-165
-177
-172
-163
-146
-134
-137
-149
-170
-180
-178
-174
-167
-173
-190
-213
-232
-242
-247
-246
-244
-251
-260
-268
-270
-255
-239
-224
-208
-196
-181
-162
-146
-122
-97
-69
-45
-19
8
29
47
67
83
100
124
139
151
165
171
178
186
198
212
222
230
230
229
233
240
247
246
245
242
239
233
227
219
222
223
218
209
198
198
191
175
163
151
142
134
117
97
75
63
52
32
20
-1
-22
-35
-53
-72
-93
-116
-138
-151
-155
-159
-162
-174
-181
-188
-194
-195
-204
-204
-211
-222
-228
-244
-255
-270
-281
-286
-300
-315
-333
-339
-336
-328
-318
-315
-309
-299
-290
-275
-255
-240
-219
-195
-170
-144
-127
-106
-83
-57
-24
-3
24
49
73
100
129
162
188
211
248
284
320
348
362
377
397
414
431
449
457
464
466
459
458
449
432
417
391
360
331
305
278
248
223
195
164
139
119
103
86
70
52
22
2
-14
-30
-40
-53
-68
-83
-107
-125
-139
-154
-161
-175
-191
-210
-230
-238
-242
-252
-260
-267
-265
-261
-263
-265
-262
-255
-244
-233
-217
-205
-195
-179
-161
-141
-122
-117
-102
-87
-72
-49
-39
-28
-16
-10
-2
0
1
9
12
14
10
7
-1
-6
-9
-10
-10
-21
-25
-25
-27
-24
-26
-24
-21
-18
-16
-13
-3
6
17
29
37
49
67
86
109
134
157
176
197
217
241
265
277
290
296
304
308
307
305
289
273
265
253
239
213
189
167
143
125
98
63
29
8
-9
-34
-56
-87
-118
-139
-156
-172
-180
-209
-237
-249
-255
-253
-256
-269
-267
-260
-254
-245
-254
-258
-256
-239
-226
-223
-220
-222
-206
-187
-179
-170
-164
-154
-132
-106
-81
-63
-54
-39
-18
10
31
40
58
81
104
124
132
141
151
163
175
174
166
156
153
155
156
145
124
108
102
104
98
87
81
74
69
66
55
55
56
52
55
47
46
52
46
51
58
57
60
51
42
40
30
23
9
0
-5
-19
-27
-41
-61
-75
-92
-93
-95
-102
-112
-133
-129
-119
-111
-107
-114
-102
-90
-76
-70
-71
-65
-55
-33
-13
3
11
13
22
22
28
37
37
42
50
61
71
73
69
55
44
40
41
44
42
48
44
34
23
12
6
-6
-10
-8
-2
5
2
-4
-13
-18
-15
-11
-3
1
-4
-10
-11
-12
-15
-21
-25
-26
-18
-11
-11
-19
-25
-28
-28
-21
-18
-9
-2
0
-1
-6
-5
3
11
23
31
30
36
43
50
52
52
57
60
60
56
47
31
18
8
-5
-14
-17
-21
-19
-30
-44
-48
-54
-55
-57
-56
-48
-41
-39
-37
-44
-49
-45
-37
-20
-8
-1
3
8
7
4
8
15
24
26
32
37
34
27
10
6
9
9
12
13
21
21
16
9
2
-3
-4
1
-1
3
7
3
-1
-12
-17
-20
-14
-9
-12
-13
-20
-17
-13
-16
-13
-13
-7
-8
-9
-7
-10
-2
1
7
18
13
15
18
20
26
25
26
34
45
49
43
39
43
45
37
30
23
23
32
34
28
22
16
12
2
-9
-9
-14
-19
-23
-26
-29
-32
-32
-38
-40
-40
-42
-38
-38
-39
-44
-42
-33
-26
-29
-35
-33
-31
-24
-21
-16
-12
-9
-3
-6
-3
2
0
2
4
5
5
0
0
4
7
5
-1
-1
1
1
0
-3
1
9
11
19
17
11
0
-12
-8
-2
1
-3
-5
-5
-8
-11
-14
-10
-2
1
0
-2
5
16
17
23
27
36
45
47
52
55
54
52
54
59
56
49
48
48
47
40
23
18
20
16
-2
-13
-12
-9
-18
-28
-30
-27
-26
-30
-29
-30
-30
-35
-39
-33
-30
-26
-26
-29
-29
-36
-42
-46
-36
-25
-32
-37
-41
-42
-32
-22
-13
-12
-19
-26
-31
-22
-13
-14
-27
-33
-33
-28
-18
-13
-9
-8
-10
-11
-8
0
8
14
17
15
14
19
29
38
35
25
10
9
24
35
39
33
21
21
23
32
45
47
41
31
22
25
34
36
26
18
15
11
9
11
8
8
8
10
15
21
30
33
42
39
32
29
24
33
37
37
35
26
23
13
5
0
-9
-16
-34
-46
-53
-63
-70
-86
-95
-103
-110
-115
-118
-110
-108
-106
-97
-84
-65
-57
-48
-38
-11
10
18
