63
60
71
85
86
86
82
79
76
72
66
56
41
31
23
24
32
33
34
28
14
0
-16
-21
-29
-30
-25
-30
-29
-38
-48
-57
-60
-52
-38
-21
-7
-4
-10
-17
-18
-14
-10
0
0
0
-5
-21
-29
-40
-46
-46
-59
-64
-73
-94
-104
-101
-85
-71
-64
-58
-68
-77
-81
-79
-62
-46
-33
-23
-33
-45
-52
-54
-41
-24
11
30
33
32
30
37
46
74
102
127
150
154
161
157
151
148
146
150
157
154
144
124
103
86
67
50
37
33
28
18
5
-11
-26
-42
-48
-37
-19
6
21
22
22
21
18
18
18
19
18
1
-22
-52
-69
-88
-102
-100
-113
-130
-153
-180
-195
-204
-200
-193
-189
-186
-187
-190
-182
-152
-118
-92
-71
-59
-46
-45
-35
-26
-8
22
32
41
43
38
40
47
58
73
86
89
87
84
93
115
143
167
184
193
191
179
181
182
188
196
193
188
169
147
136
127
126
128
117
105
90
59
30
8
-6
-8
-2
-2
-12
-35
-67
-89
-99
-98
-84
-75
-76
-91
-117
-127
-135
-134
-125
-120
-118
-132
-165
-193
-209
-197
-169
-140
-129
-145
-169
-206
-231
-225
-202
-165
-132
-117
-127
-153
-170
-173
-147
-113
-74
-47
-45
-35
-38
-21
6
44
97
125
157
156
148
156
156
191
211
245
277
269
284
260
258
264
249
262
239
240
208
189
181
154
179
150
146
125
86
79
26
46
43
52
81
62
80
35
13
-12
-34
-15
-35
-1
13
26
45
18
14
-29
-58
-80
-117
-128
-168
-166
-178
-187
-173
-169
-149
-171
-198
-246
-293
-324
-353
-339
-329
-313
-291
-278
-255
-245
-236
-224
-228
-233
-239
-236
-223
-187
-140
-90
-40
-8
19
14
18
21
19
44
51
82
96
98
120
120
146
152
162
170
167
195
198
244
302
339
388
389
397
398
392
423
443
492
517
520
514
470
451
413
413
401
362
344
277
225
152
95
63
27
11
-44
-91
-161
-224
-264
-312
-313
-320
-317
-329
-350
-368
-410
-423
-425
-418
-417
-416
-415
-437
-423
-420
-392
-351
-327
-284
-273
-262
-261
-264
-241
-238
-212
-198
-171
-122
-91
-46
-30
-22
-15
-8
9
31
51
89
126
145
170
177
202
210
205
207
189
192
175
172
176
162
194
178
163
160
104
107
82
76
93
82
116
118
128
133
119
134
125
119
109
81
65
44
61
78
94
141
147
151
142
88
54
-4
-28
-21
-9
43
46
70
59
3
-17
-80
-112
-144
-165
-141
-154
-122
-129
-137
-120
-144
-138
-164
-168
-171
-211
-189
-201
-190
-159
-142
-77
-77
-65
-89
-142
-137
-176
-149
-117
-84
1
3
59
38
12
-1
-60
-25
-41
9
57
81
148
124
144
124
86
100
76
106
114
120
137
101
112
96
105
124
111
149
126
116
86
30
36
17
51
91
112
144
115
86
34
-24
-48
-75
-50
-22
2
31
26
27
13
-10
-19
-40
-50
-57
-64
-54
-47
-32
-11
3
20
19
1
-17
-53
-65
-85
-98
-83
-84
-67
-57
-53
-47
-65
-77
-105
-142
-171
-202
-206
-192
-165
-123
-87
-59
-61
-88
-106
-121
-116
-87
-63
-9
32
49
77
70
80
67
51
73
56
88
93
106
152
134
170
173
178
202
164
191
152
148
166
136
178
163
177
179
151
162
104
102
79
55
64
3
16
-5
-10
12
-18
-1
-36
-69
-90
-136
-140
-146
-145
-135
-131
-120
-107
-122
-125
-135
-154
-144
-159
-148
-135
-136
-104
-114
-100
-85
-79
-50
-57
-40
-51
-52
-28
-25
15
31
60
96
87
106
87
80
95
72
96
98
107
121
95
101
80
86
82
51
62
27
18
9
-11
5
-2
14
12
0
4
-13
-17
-38
-54
-37
-33
-26
-20
-21
-25
-33
-39
-41
-52
-44
-45
-28
-5
-12
11
-2
-14
-13
-36
-18
-28
-13
-3
-14
12
-1
10
11
3
14
-3
19
24
11
30
23
34
27
15
36
28
42
40
30
43
29
31
21
45
57
33
34
17
17
-7
-27
-14
-17
0
-29
-38
-42
-71
-72
-96
-60
-47
-51
-37
-64
-53
-70
-75
-56
-35
18
25
37
44
28
17
11
22
53
75
91
105
99
94
51
47
63
49
63
47
61
70
35
20
-8
-13
-16
-23
-7
-12
-20
-41
-77
-82
-99
-109
-101
-95
-63
-51
-48
-37
-59
-86
-107
-103
-54
-42
-30
-18
-3
15
-22
-17
-24
-10
-3
-3
56
67
72
50
30
60
46
53
62
87
96
60
56
37
45
37
11
28
35
55
41
33
41
15
8
-6
12
23
21
38
46
40
22
-8
-28
-38
-55
-56
-47
-21
-20
-19
-11
-13
-25
-58
-64
-61
-48
-28
-9
16
30
30
8
-3
-15
-21
-16
-10
13
44
38
36
21
8
-2
-36
-40
-41
-39
-62
-77
-73
-89
-76
-80
-76
-17
-24
-3
-9
-17
-7
-35
-16
-26
9
52
33
65
66
56
46
26
21
-7
12
22
57
83
72
83
74
79
53
17
12
36
55
67
105
56
56
106
26
36
72
27
61
72
44
4
21
-20
-30
48
12
47
64
30
-10
-61
-118
-102
-89
-29
51
83
77
-56
-106
-198
-215
-216
-191
-67
-67
-93
-166
-239
-235
-304
-216
-160
-97
-50
-134
-105
-177
-140
-138
-62
37
70
88
42
42
73
42
113
138
101
167
64
156
128
146
147
174
243
147
180
63
87
145
49
246
292
260
220
160
75
27
207
-11
200
160
101
204
187
266
94
192
-129
-104
-69
-138
90
54
92
-46
-72
-90
-129
5
-46
-81
-146
-179
-227
-236
-130
-225
-99
-144
0
-97
-80
-124
-362
-136
-346
-116
-131
-115
-90
-271
-36
-116
100
174
-24
-19
-375
-394
-389
-210
112
122
345
85
30
-191
-315
-222
-250
-20
49
164
168
135
-17
-99
-119
-102
62
173
195
184
77
-8
-37
25
80
147
167
93
65
33
56
121
134
202
185
166
194
100
158
95
143
184
235
279
188
190
82
81
95
16
72
44
1
24
13
34
-51
-60
-164
-207
-124
-105
-74
-47
-78
-166
-197
-185
-185
-119
-22
-81
-85
-121
-200
-167
-105
-132
-126
-104
-204
-242
-128
-155
-188
-37
-114
-196
-199
-189
-200
-121
-38
-178
-53
-88
-128
-12
-31
97
39
95
-2
-161
28
-99
138
195
265
376
236
211
58
117
29
138
244
290
306
353
334
153
224
131
216
288
226
292
129
176
-29
85
258
126
351
67
115
-208
-240
-109
-125
280
142
372
88
-2
-149
-307
-155
-381
2
-64
147
157
-38
204
-205
-109
-269
-180
-9
-177
150
-55
-34
-224
-271
-104
-160
92
91
106
33
-255
-411
-447
-352
-201
-103
218
35
-75
-119
-371
-320
-449
-57
65
8
-40
-223
-264
-515
-321
-208
103
376
283
40
-243
-325
-741
-334
-71
37
367
511
436
-227
131
-215
-281
205
140
453
190
556
341
134
315
210
617
293
540
587
291
270
0
406
195
292
732
549
499
91
-84
-143
-129
-111
20
325
169
184
137
-172
-362
-248
-236
-387
-393
-429
-268
-117
-219
-65
-43
-245
-154
-372
-617
-481
-362
-342
-119
123
-4
28
-126
-280
-253
-224
-173
-185
97
-75
-95
-43
-91
-80
-106
175
62
114
114
100
-240
-371
-85
-337
207
417
339
335
170
73
-374
-2
-6
-127
290
133
149
390
554
397
92
77
-48
-77
-86
-49
345
486
264
321
158
-164
154
130
52
-22
252
194
-129
210
-251
-16
101
201
666
185
336
-36
-261
-295
-518
86
46
370
536
124
35
-323
-442
-221
-315
-161
77
-49
-91
-330
-182
-343
-613
-394
-410
-143
-81
-92
-62
-280
-304
-556
-584
-398
-575
-334
9
110
157
-12
-317
-461
-711
-613
-571
58
490
256
487
71
-145
-534
-342
86
-289
243
244
253
354
154
384
-31
224
84
207
294
151
278
264
251
298
500
715
715
124
570
402
50
290
545
866
751
958
834
814
690
48
410
628
97
545
993
885
620
114
-69
-686
-165
-353
-401
476
-136
-67
-410
-636
-746
-1114
-603
-818
-432
-194
-668
-576
-1122
-851
-676
-628
-421
-523
-347
-704
-799
-655
-295
-214
-327
-186
-250
-304
-402
-461
-207
-54
-126
-433
-111
75
-435
-547
-184
-33
40
-11
-35
-257
-512
-97
-451
157
335
361
34
-80
649
168
604
371
458
188
181
1029
869
877
570
799
871
501
776
435
479
620
640
864
573
680
172
333
431
238
672
597
651
9
-423
-348
50
832
401
-5
-194
-107
-156
3
-13
-274
-119
142
338
-373
-401
-595
-519
60
220
561
126
-178
-488
-671
-695
-1257
-657
-64
-190
-422
-11
130
-809
-946
-929
-1320
-1292
-1159
-712
-565
-607
-9
98
-472
-905
-294
-119
-570
-641
-677
-236
34
63
360
591
482
509
754
396
-274
-207
247
318
308
754
816
584
748
626
376
398
653
557
531
-22
-839
-263
256
916
1591
1507
1095
201
-24
-408
-699
-225
139
1035
1258
1125
625
74
-78
-284
377
539
269
338
106
-517
-582
-240
-181
-58
11
64
130
-180
-603
-675
-394
-63
-27
-73
-330
-637
-714
-713
-570
-209
55
-46
-268
-516
-923
-1142
-672
-127
-260
-592
-619
-1152
-1445
-997
-736
-347
427
657
16
-246
-443
-707
-448
195
368
-75
230
312
231
638
757
1021
892
698
337
94
191
97
589
525
431
301
173
600
317
165
2
188
315
208
691
262
-258
-301
0
23
-221
195
399
551
538
392
281
-52
-374
-297
-168
-416
-301
74
341
168
102
202
-68
-159
-333
-226
-32
29
176
28
-102
-208
-156
-59
-61
-16
-72
-212
-489
-666
-596
-377
-164
39
-50
-408
-523
-651
-591
-457
-243
-45
-4
208
-30
-74
-164
-314
-16
-58
28
158
516
513
152
112
-141
-177
-102
145
373
487
558
473
305
25
-240
-429
-244
-224
-12
295
593
816
614
706
537
496
356
411
544
124
162
106
65
-93
67
427
542
633
527
592
419
379
62
-212
-535
-911
-793
-1019
-953
-1154
-1078
-861
-944
-504
-222
329
645
907
1177
880
729
470
272
46
-124
-64
-107
-30
104
250
411
578
513
95
-259
-672
-1190
-1724
-2160
-2490
-2749
-2723
-2753
-2474
-1938
-1489
-1062
-864
-584
-545
-486
-306
-286
-67
154
554
861
1099
1498
1667
2014
2243
2248
2263
2103
2084
1963
1844
1655
1366
1303
1138
1153
1214
1182
1146
964
798
676
686
690
692
748
664
504
376
255
149
176
184
88
204
317
331
215
-72
-380
-741
-837
-1039
-1163
-1135
-1407
-1421
-1708
-2054
-2381
-2604
-2243
-2232
-2074
-1979
-1959
-1926
-2053
-1728
-1619
-1887
-2298
-2426
-1959
-1239
-463
971
2914
4906
5976
5920
5613
4732
3600
1413
-606
-2033
-3258
-3904
-4548
-3612
-2875
-2237
-1834
-1229
48
-230
-592
-2089
-3092
-4251
-5494
-5549
-5569
-4037
-2841
-583
1867
4143
6429
7536
8849
9026
9048
8120
6665
5290
3774
3045
2296
2230
2251
2390
2305
1892
1615
987
119
-1400
-2967
-4276
-5276
-5709
-5664
-4830
-3691
-2503
-1172
258
1738
2348
2319
1805
1163
312
-885
-1718
-2390
-2291
-2085
-1438
-492
324
1178
1245
1350
891
318
-344
-1195
-1677
-2225
-2110
-1887
-1495
-1012
-513
180
660
1014
987
725
179
-496
-1108
-1461
-1659
-1930
-2091
-2044
-1680
-1288
-971
-589
-181
-117
-497
-1134
-1455
-1757
-2046
-1847
-1068
453
1577
3214
5837
8718
10408
9501
8049
6266
4033
682
-3291
-5539
-6936
-7069
-6627
-4991
-2495
-1305
-243
285
1615
1665
-48
-2322
-4922
-6341
-8235
-8429
-7568
-5333
-2491
222
4180
7365
10322
10971
10693
9715
8023
6513
4237
2980
1555
872
532
725
1718
2106
2153
1185
271
-721
-1862
-3206
-4543
-5497
-6070
-5999
-5163
-3456
-1951
-609
350
1572
2654
2887
2490
1282
436
-529
-1203
-1631
-2032
-2071
-2495
-2409
-2141
-1671
-1172
-1077
-801
-888
-797
-597
-360
-55
-106
139
469
1112
1547
1495
1225
703
667
615
805
724
434
394
237
437
229
116
-143
-523
-569
-702
-292
-85
100
-33
-498
-565
-853
-1177
-1624
-1490
-417
774
2728
5619
8613
9662
7568
4995
2964
1090
-2384
-6440
-8234
-8697
-8030
-7352
-4756
-1828
-690
-309
240
2326
1988
-192
-3397
-5609
-6872
-8236
-7303
-5564
-2365
-146
2601
6079
8790
10370
8944
7436
5224
3803
2515
1488
1597
1400
2070
2142
3012
3682
3419
2008
-534
-1924
-2921
-3041
-3245
-2909
-2170
-1643
-493
629
2249
2600
2111
1516
1115
1261
552
76
-457
-672
-819
-1071
-917
-1571
-2798
-4608
-5746
-6158
-6054
-5261
-3979
-1984
-205
1774
3590
5048
5199
3948
2504
922
-391
-2036
-3163
-3486
-3161
-2114
-898
808
2162
2745
2897
2842
2589
1636
263
-696
-1324
-1734
-2084
-1737
-429
728
1716
1841
1672
1043
487
835
1004
2076
3845
6828
8522
7330
4991
2387
221
-3880
-7798
-9734
-9509
-8414
-7655
-5070
-2359
-547
-331
187
1756
1822
163
-2697
-4679
-6078
-6953
-6387
-4590
-2147
-72
2260
5081
7371
7985
6701
4724
3178
2391
2188
2315
2892
3733
4526
4936
5208
5167
3869
1013
-2447
-4623
-5579
-5721
-5172
-3395
-1017
394
1355
2382
3449
2649
177
-1910
-2535
-2164
-2174
-1872
-979
238
887
1011
1030
502
-1020
-3346
-5136
-5805
-5259
-4077
-1981
938
4007
6600
8107
8942
8407
6408
3287
33
-2501
-4638
-6069
-6454
-5612
-4018
-2241
-484
1148
1939
2024
1931
2070
2315
1771
1291
1128
1603
1864
1276
551
-574
-1432
-2547
-3476
-4272
-4829
-4091
-1887
2867
8813
14224
15956
13333
8591
3035
-2916
-10637
-16944
-19475
-17517
-12884
-7371
-809
3591
5235
4439
4164
4253
1920
-2442
-7497
-10329
-11468
-10470
-7331
-3098
695
2877
4894
6482
7203
5457
2299
-526
-1668
-120
2767
6848
10039
11948
12332
11477
10355
7474
2906
-3230
-8194
-10350
-9930
-7472
-4095
-17
2887
4517
5101
5394
4539
1568
-1553
-3346
-2284
-406
1618
3218
3570
3059
979
-808
-3107
-5953
-8865
-10942
-10334
-7977
-3891
488
4435
7439
8936
9431
8580
6416
2742
-1428
-4844
-6426
-6504
-5942
-4855
-3550
-1638
-199
1081
1695
1108
28
-1471
-1100
347
2296
3811
4309
5215
5122
4304
1653
-1936
-5178
-8134
-9562
-9913
-8052
-4882
619
8734
16898
20936
17943
11757
4707
-2509
-11780
-19988
-22330
-19226
-12607
-5479
2868
8980
9812
6594
3465
3117
1696
-2079
-6536
-8322
-7542
-5611
-2351
1565
4608
4520
3077
1992
1404
-319
-3507
-4989
-3720
665
6161
11517
15808
16927
15061
10817
6677
2743
-2174
-7878
-12742
-13819
-11316
-6442
-1293
2720
4457
3737
2572
1911
1530
-381
-2625
-2969
-437
3553
6396
7573
6047
2384
-2764
-7184
-9836
-11553
-12417
-12451
-9974
-5505
245
5765
9411
10595
9053
6602
4237
1923
-844
-3918
-5833
-5618
-4138
-2075
-475
561
830
-49
-551
-1261
-1862
-2691
-2780
-863
2073
5576
8118
9337
8235
5625
2658
-22
-3014
-6616
-8903
-9863
-7886
-3061
6389
17505
23488
22074
14658
7940
518
-8799
-18347
-23902
-21716
-15700
-6445
3215
10376
11003
5006
-536
-2824
-3022
-5523
-9473
-11434
-9964
-5839
-981
4025
6290
4880
563
-2787
-3592
-4383
-5826
-7665
-5771
-148
7195
14338
18408
19533
16200
10912
6203
2613
-779
-6020
-10681
-12526
-10363
-6018
-1354
2164
3617
2983
1470
1589
2298
2626
975
-55
1582
4837
8217
8567
6887
2566
-2925
-8041
-11782
-12806
-12766
-11171
-8433
-3953
1422
5926
8571
8699
6932
3892
1241
-674
-1591
-2820
-3775
-3610
-2556
-749
-224
253
25
-248
-503
-1226
-1451
-2251
-1927
-814
1882
5086
7151
7723
5597
3449
766
-1136
-3058
-4607
-4844
-5780
-3868
2159
13799
23306
23030
14876
4734
-1849
-9249
-18208
-24488
-23999
-17052
-7714
3388
13409
16931
11032
1146
-4812
-5723
-6009
-8746
-10759
-10572
-7619
-3258
1776
6042
5092
563
-4520
-5649
-3876
-3394
-3637
-3701
-175
5283
10752
15020
15797
13426
7944
3551
2050
2363
1463
-1569
-4415
-5259
-3912
-2214
-395
-102
-675
-2042
-1866
962
3420
4627
2971
2088
2793
4042
5087
3650
1554
-2228
-6203
-9408
-10966
-10057
-8621
-6870
-5202
-2589
1180
4876
6896
6714
4844
2851
1441
305
-366
-1335
-1620
-1885
-1472
-494
89
405
-489
-387
-295
95
-56
-817
-339
101
1664
3132
3915
3936
2185
842
-78
-714
-2078
-5225
-6276
-761
11947
25041
28175
21396
10339
592
-9337
-21514
-28979
-28703
-20518
-10412
624
11746
15468
9538
-1335
-6113
-3675
-1483
-3024
-5480
-6046
-5434
-4428
-1833
1138
-940
-6566
-10972
-9169
-3787
-848
693
2011
5963
10777
14634
16812
14535
8825
1723
-2307
-1463
1165
2356
424
-2256
-3240
-2063
-46
1134
688
-1146
-2302
-1111
2612
5452
5213
2981
1068
1268
1529
1335
296
-1213
-2610
-4291
-4741
-5071
-5454
-6273
-6611
-5268
-3053
270
3243
5542
6155
4937
3244
1217
-555
-2462
-3712
-3728
-2765
-746
1738
4058
4918
4033
2083
219
-1238
-2417
-2705
-1962
-314
596
958
1119
413
-1232
-3820
-4200
-2572
-1826
-2539
-458
10477
24408
29832
21644
7532
-2888
-10731
-19561
-27026
-25922
-16709
-5783
3084
10545
13703
7449
-5162
-13508
-10592
-3019
1098
1038
1252
2563
1905
415
-435
-1998
-6964
-12816
-13065
-7072
-509
2052
2069
3265
6192
9041
11324
12531
11392
7810
3902
3427
5763
6626
3264
-3167
-7799
-8666
-6661
-3291
-503
1641
3034
4865
8086
10107
8675
3591
-1312
-2490
-806
1495
2281
1679
130
-2195
-4670
-7247
-9569
-11204
-10969
-7855
-2729
3020
7607
9489
8345
4415
-41
-3565
-6539
-8643
-9798
-7704
-2904
1541
4595
4555
3954
3052
1483
1190
-201
-1492
-2944
-3484
-1023
711
1761
572
-1819
-3517
-5228
-4802
-4569
-2630
4237
15703
27101
28255
19424
6911
-4918
-15123
-24281
-26571
-19859
-7917
4035
12855
17074
12537
-315
-13337
-17156
-11395
-2852
2741
5543
6176
3580
-1163
-5814
-8080
-9609
-10668
-8139
-705
8266
12862
11665
7360
3491
637
-1063
-603
1311
4009
6299
9458
13014
14308
10816
2337
-6188
-11977
-13826
-11269
-6410
315
5269
6519
6819
5746
3851
-427
-5858
-7349
-4540
1492
7053
10139
10382
5921
-1354
-9167
-13602
-13821
-12260
-9296
-5572
-982
3615
6184
7127
5545
1627
-2472
-4743
-3692
-1873
-1442
-2336
-3276
-3184
-3012
-2619
-2071
-1041
89
389
1703
2797
3876
3182
1774
654
-860
-1823
-2994
-4858
-6654
-2168
12436
28383
31681
18852
2458
-6683
-12199
-19519
-25290
-20907
-8566
4631
13736
17965
13327
-1385
-18332
-23670
-13196
2829
12836
13747
11203
7322
609
-8351
-15620
-18639
-17981
-13557
-2686
11595
20577
17571
6989
-1524
-3747
-2732
-1189
1185
5357
9663
12497
14058
13808
9097
-456
-10123
-14061
-9837
-1868
4886
8062
6256
1979
-2215
-4639
-5231
-6647
-6577
-3137
3805
10849
12647
8767
553
-7269
-12235
-12976
-9576
-5146
-749
1983
3369
3333
1478
-229
-1302
-1176
-553
464
2706
4215
3140
-1087
-6128
-8687
-9395
-8156
-6065
-3064
580
2972
4556
4335
2213
-246
-1733
-2379
-1156
-380
-1233
-3170
-6151
-2695
11401
27631
30844
16604
-629
-10236
-13369
-17773
-21340
-17100
-5750
7684
16178
16560
6798
-10015
-24256
-26921
-15202
4593
20119
23270
15477
6837
1644
-4438
-13444
-19690
-17424
-8153
3255
14282
20964
17800
5295
-7963
-11065
-4666
2645
6678
8890
12891
16099
15531
10843
2223
-7771
-15497
-15304
-5962
6707
15040
17238
11588
1593
-7355
-14341
-17498
-18112
-13654
-3612
7484
15936
17175
13227
4057
-6267
-13328
-15054
-10462
-4300
2017
5392
4245
-179
-6330
-10437
-10438
-6887
-1230
4645
9991
12395
10259
4588
-3547
-9834
-13045
-12723
-8630
-4185
406
2418
1353
-1685
-4538
-5321
-4300
-1497
1656
6016
7840
7144
9928
17525
24636
19963
7669
-3310
-8600
-11585
-15262
-14678
-10468
-4511
1819
6798
6321
-3982
-15951
-20820
-14373
-1236
11305
18399
14596
4477
-4576
-7663
-7763
-8811
-8387
-3185
5957
14519
18536
15530
5818
-5905
-12956
-10706
-2593
5876
10246
10998
9523
6602
3895
530
-2752
-6065
-5749
277
8635
15606
16535
14035
7104
-2915
-10182
-13193
-11969
-10947
-10164
-6746
-1741
1770
887
-2262
-5275
-5810
-3780
-462
2837
4980
6725
6551
4231
-23
-3789
-5510
-5836
-5109
-3369
-477
1340
1012
-1579
-3469
-3707
-2980
-788
980
1869
1415
652
820
743
-2224
-6535
-8371
-7327
-4297
-3706
-4169
1442
14081
26674
26616
16154
4075
-5076
-11643
-14361
-9097
-198
5642
8277
9894
4920
-10408
-26009
-29622
-21164
-9490
2582
14942
19135
10066
-5326
-13698
-12879
-8841
-3984
2789
10362
14749
14387
9026
487
-6855
-8159
-1711
7339
14161
16509
14481
8333
-1238
-9150
-11653
-7881
-2852
271
2898
5388
7949
6959
3585
2025
1933
3769
6538
7741
6999
3910
-306
-3833
-6907
-8295
-7105
-5550
-5923
-7149
-8079
-7874
-6728
-4173
16
2637
2944
3172
5247
7693
6783
3138
330
-868
146
1672
2472
1547
-3394
-8491
-11230
-11986
-10642
-9597
-7055
-3398
-247
2059
4080
5731
4757
-66
-2118
8105
22489
25749
13722
-1211
-8068
-11747
-14718
-12762
-5927
-818
953
6295
10665
2864
-15839
-26671
-20307
-4725
8783
15968
15785
3831
-12568
-21354
-18361
-9460
-1281
6589
13486
15755
13146
6811
-1183
-8599
-9978
-1358
12883
22595
21455
12095
1260
-6170
-9674
-8204
-3236
2678
7075
7662
5449
1961
-2019
-3858
-2738
246
5323
10029
11671
9155
2789
-3694
-6807
-5658
-1681
2950
5532
5065
1717
-4773
-11741
-16210
-14841
-8280
-1223
2326
2210
1810
1355
-894
-4062
-5493
-2457
2879
7350
10915
11666
7975
1328
-3515
-6206
-7483
-9099
-9651
-6142
-5755
-7835
-10714
-12108
-10373
-9783
-656
16782
30944
28926
14068
3594
-1317
-3279
-6005
-2907
2406
1308
1311
2152
40
-14324
-30704
-29903
-14620
3530
12900
15050
8105
-6657
-17965
-18190
-8207
610
8241
15553
18772
15213
5225
-3042
-9068
-9998
-2738
10709
23015
22768
13140
1254
-6364
-8020
-5875
600
5861
8033
6393
1946
-3174
-9527
-11869
-8717
-1700
5488
9526
10002
5841
24
-4185
-4620
-1923
1621
6255
9266
8477
4224
-798
-4766
-8174
-9217
-6884
-2200
-72
-3049
-6208
-6734
-3615
-343
1067
2557
2914
3696
4412
4244
3398
911
-523
260
1574
1741
-419
-3364
-6345
-8964
-10545
-10725
-8679
-1496
9585
18490
16866
5732
-5238
-9808
-7709
-2400
3776
7451
6702
5029
4250
436
-10531
-20303
-19775
-10314
1700
8800
9934
902
-15693
-26385
-24725
-13409
-1299
7061
11950
10546
4797
-485
-2512
-1720
2219
10813
20833
25958
22887
14488
4222
-4663
-7943
-3651
5059
10229
8562
1960
-6262
-11887
-13434
-9907
-3321
2041
5002
5451
3805
710
-2789
-4191
-2290
2121
6865
8727
6621
2885
60
-1448
-4003
-5607
-3291
763
2532
-442
-4597
-6490
-6308
-3837
-112
2831
2890
1485
1572
3058
4166
3327
1674
1378
1776
2932
2505
-459
-4231
-7125
-7823
-8918
-3701
7707
15746
12139
-424
-8098
-7470
-2782
-315
426
2788
5103
6782
2118
-7318
-15979
-18418
-14781
-9673
-1424
3936
357
-11651
-22151
-20353
-11112
-1686
3980
5242
3436
-238
-1814
-1369
192
4083
9667
14187
14961
14171
11786
7588
3919
4287
10036
14616
14473
10188
4656
-908
-5504
-6227
-3219
1077
1659
-2873
-8647
-10654
-7846
-3956
-1243
236
963
21
-2362
-3300
-954
4177
8895
10764
9044
5663
3652
2516
1280
44
236
2097
3417
2589
-1970
-8893
-14469
-14937
-9538
-2772
1044
1994
2351
1033
-674
-2982
-3389
275
4152
5857
6977
11326
16779
15761
5129
-7293
-10204
-4586
962
892
-1325
-1741
-1810
-3721
-9021
-13487
-15019
-13583
-9433
-3058
3204
2526
-5994
-17556
-22977
-18939
-9508
-591
3453
1908
-3801
-9328
-10632
-6814
1457
9734
14265
15523
14456
12231
8572
7217
10291
15120
17909
17314
14858
11057
5468
-220
-3129
-741
3097
3860
-712
-9548
-14624
-12360
-6831
-2614
-539
-623
-1664
-1915
-1447
1154
4784
5388
4778
4456
4503
4030
2504
387
-770
669
1602
1939
2238
1409
-1168
-3197
-2370
1950
5514
4371
-699
-6658
-9935
-9778
-7696
-5428
-4530
-5168
-1912
6225
12206
9132
-2143
-10099
-4559
7308
13580
11774
7327
3107
-807
-3052
-3031
-2034
-4531
-9700
-10597
-5189
-1237
-4974
-14642
-23474
-25507
-19443
-10880
-4307
-1805
-4724
-10200
-12979
-9539
-240
9480
13357
10642
6869
6408
9033
13979
17745
19368
19433
18145
14653
10367
6725
3531
3587
6317
10049
11967
6499
-4937
-15137
-18325
-14671
-9029
-5273
-5349
-7828
-11206
-12818
-9948
-4011
1515
4117
4698
4200
4367
5774
7871
10201
11225
9879
7771
6760
6478
4975
2447
704
457
1365
-368
-3055
-4403
-5092
-5993
-7558
-8184
-6982
-6362
-4012
3052
8873
4779
-7491
-15451
-9049
3860
9885
9009
6253
4935
3023
725
101
-554
-3688
-6100
-3897
3039
7193
2446
-7568
-17382
-20569
-15998
-9383
-5640
-5923
-10387
-15033
-16773
-14217
-7528
-2005
681
1449
2001
3683
5361
7702
11853
15493
18369
19156
18357
17488
16520
14870
13123
13665
13543
10893
4871
-3641
-8283
-9068
-8373
-7287
-6568
-6847
-9233
-11328
-13669
-11802
-7419
-5011
-4021
-4533
-4781
-4808
-2805
963
5522
9224
8936
7708
7438
6639
6106
5899
7093
9275
9655
8920
6508
3909
1635
-2708
-5708
-4900
-2114
-723
-2153
-3143
84
2090
-4864
-14947
-17860
-10471
-678
1615
-1106
-3952
-3801
-943
2203
5753
5809
1311
-816
2069
7366
8535
1415
-8432
-14724
-14461
-8561
-2848
-2814
-8267
-15195
-17772
-14019
-7255
-269
2382
196
-2513
-2831
278
4071
6764
10011
13107
13227
11512
9548
9249
10338
10359
13267
17682
19116
15480
6212
-324
-884
651
1462
-313
-2824
-5419
-6790
-7711
-9368
-10839
-12157
-10823
-7598
-5616
-7385
-10233
-10710
-8615
-2595
1944
3027
3315
2930
4297
7606
10041
10938
10147
8619
8248
8057
8623
8277
6542
3701
-1305
-5429
-6407
-5084
-1547
2646
1580
-5460
-11282
-10550
-4007
266
-1315
-3927
-4080
-2687
-2240
-1743
-1936
-4319
-6567
-5806
-1780
1666
21
-5875
-10965
-12204
-9357
-3394
642
500
-2583
-6571
-7303
-5278
-1558
2673
5076
5161
2989
489
-159
2142
6057
9286
9660
7446
6411
7110
8857
10005
9747
11690
12306
9712
7163
4150
4052
5329
3813
607
-2462
-2927
-2804
-2100
-3076
-5719
-5620
-5162
-4211
-3317
-4187
-7368
-9624
-8073
-5681
-2279
-2718
-6006
-5645
-3771
-245
3223
4301
4580
4195
5103
6660
7634
8271
6803
5014
3977
3151
1565
227
-23
2194
6535
5354
-2474
-10434
-11845
-5683
-370
176
-2506
-4499
-4456
-4165
-3244
-3020
-4683
-7308
-6915
-2442
1967
1521
-4890
-12288
-16404
-15381
-9134
-3768
-2512
-5483
-10772
-11949
-9134
-3870
1144
2192
527
-1011
1222
7314
13014
14401
12634
9940
9144
11049
13231
15263
15211
14394
12228
8721
8562
8774
9223
8836
5212
2347
1332
1401
1074
1731
704
-2242
-4325
-7599
-8360
-7526
-7541
-9130
-11036
-8858
-6495
-3874
-2890
-5527
-5200
-3696
-1999
947
3632
5961
6597
6293
4759
3457
2469
351
-822
-374
910
403
952
1761
3816
7113
2385
-5273
-9594
-5603
3549
5530
1143
-4483
-4886
-3210
-2859
-2849
-5708
-9620
-13131
-9776
-1934
2664
1219
-6596
-12111
-14759
-14094
-8891
-4823
-2358
-3876
-6885
-6855
-5636
-2806
-877
-657
-823
-692
1175
4354
7484
8950
10208
9876
8680
9608
12372
15992
17651
17259
14064
10885
9921
9398
10495
9923
5588
570
-1779
-2978
-2847
-174
-82
-1045
-2562
-5206
-5284
-4102
-3845
-5078
-4681
-2802
-1754
-289
-1037
-3261
-4247
-4384
-3116
-1467
381
1630
2491
3410
2169
91
-1432
-2345
-2603
-1494
-28
1448
4160
5438
6896
5743
-872
-6981
-7680
340
7646
5239
-3686
-11266
-10328
-5680
-1920
-1576
-4750
-8040
-10382
-7322
-1882
531
-2501
-9199
-12046
-11351
-8081
-5584
-5645
-6050
-9062
-10674
-9118
-6160
-2673
-1742
-1365
138
2385
4721
6269
7562
9085
11065
11605
11386
12031
12814
15016
16477
14799
11995
8368
7602
10889
13049
11574
7016
3251
667
-328
475
537
775
-1214
-4904
-7506
-7917
-6894
-6945
-7010
-7681
-6643
-4867
-5121
-4981
-4000
-1046
1666
2947
3707
2524
2732
3785
5456
6793
4663
2617
565
-196
-65
-366
1087
1953
1551
1883
779
-4764
-9519
-8001
-331
5987
2503
-5542
-10723
-8416
-3029
-769
-483
-3100
-6859
-8137
-5572
-1706
-145
-4535
-12592
-15274
-12674
-7266
-3641
-5981
-9620
-13201
-12742
-7928
-4375
-1926
-2192
-3110
-2157
-1109
615
2913
5510
8626
10850
10857
9826
8995
11246
15331
17129
17252
14827
12783
12949
13705
15089
13666
9738
5033
1483
1009
2120
3197
2243
-213
-2656
-3698
-3621
-4103
-4995
-6442
-6867
-6320
-6073
-5839
-6771
-7149
-5668
-2718
856
1638
277
-605
286
3586
7115
8280
6865
4572
2513
2245
3522
5036
6087
3595
1439
840
-2696
-6533
-9101
-6617
-2278
-3469
-7682
-11388
-9447
-5802
-4989
-5396
-7178
-8874
-10072
-7370
-2574
1085
-523
-8194
-11211
-9622
-5979
-3736
-6087
-8028
-9742
-9721
-7693
-5153
-2475
-2138
-2822
-3177
-2200
-557
1438
3441
5231
8190
9258
9072
9006
9621
12327
15270
16068
13864
11868
9973
10431
14144
15143
12627
8090
5302
4232
4764
5894
3652
1929
254
-2048
-2619
-2098
-2525
-5206
-6654
-7378
-6794
-4155
-3548
-4398
-5453
-5090
-2984
-1361
-117
-386
-120
3026
5148
5359
4881
3237
1970
1828
1599
3192
6495
7433
7804
5905
392
-4273
-6422
-1752
3030
769
-4701
-10758
-10818
-8176
-7828
-7990
-9606
-10971
-11606
-10818
-7958
-5983
-9779
-15507
-16120
-12495
-5693
-2934
-5096
-7079
-9359
-7800
-4186
-621
2189
1465
308
-329
7
1291
2713
4071
5323
6922
7354
7185
7050
8139
9816
10554
11453
11602
11918
11509
10500
11708
12391
11163
8707
6191
5604
6497
7045
5857
3350
796
-1213
-2232
-1268
-552
-2074
-4013
-6119
-7341
-7025
-6325
-5235
-4369
-3207
-1527
-866
-697
-121
533
1673
3042
3633
4165
4865
4851
4275
3107
2477
3469
3981
4899
6845
5274
-193
-6440
-7686
-2463
1361
-271
-5693
-8985
-8290
-7184
-6709
-7103
-7596
-9465
-11089
-10656
-8177
-6100
-10181
-14714
-14625
-10894
-6118
-5690
-7181
-8354
-9117
-8150
-5599
-1474
1638
2012
889
692
1712
3640
5697
6220
6842
6493
6135
6965
8235
10942
11261
9599
7626
6444
7609
8992
10595
10367
8721
6544
4372
4325
5007
6438
6820
5725
4024
2673
2617
1999
1578
251
-1374
-1881
-2990
-3780
-4057
-3919
-3935
-4061
-2801
-1169
-770
-1128
-1269
-1357
-182
496
259
2067
3702
4105
2285
170
-83
1091
4511
5577
6702
6758
1149
-4464
-6756
-3021
1707
2156
-1747
-7196
-8225
-8184
-7575
-6991
-7377
-8451
-10643
-9645
-8267
-6947
-8226
-12665
-13047
-11018
-7351
-5440
-5797
-5789
-7932
-9120
-8094
-5195
-1226
1338
1468
470
692
1815
4589
6358
5900
5488
6090
8216
9624
10469
10904
11140
10195
8045
7622
8148
10000
11005
8613
4796
3036
4042
5437
7115
6317
3674
2294
2066
2718
2993
2608
139
-2485
-2794
-1955
-177
543
-1636
-5302
-6635
-5018
-2271
853
1314
-902
-2957
-3253
-1676
420
2736
2808
763
-745
-1886
-1294
1479
4641
5534
5509
4941
1630
-564
-66
2529
4369
2795
-571
-4340
-4828
-3479
-3593
-4588
-6687
-9686
-11236
-9984
-8580
-7357
-8692
-13850
-17602
-17403
-12796
-8378
-6808
-6729
-9566
-11275
-9841
-6831
-2268
699
51
-2114
-1985
675
4453
7253
7556
6714
6403
7742
8271
9709
11651
11261
11163
10642
11177
12542
12771
11905
9269
7699
7902
9125
9605
7933
5264
3248
2816
2787
3216
2506
561
-1639
-4426
-4762
-3271
-2086
-2149
-4258
-5802
-5755
-4346
-2086
-1116
-1560
-2465
-3736
-3567
-1357
424
1542
1707
999
582
619
1900
2629
2821
3034
1677
1140
3558
6583
6739
3116
-2209
-4379
-2276
129
443
-1076
-2338
-4389
-6682
-7761
-8346
-7263
-6411
-7353
-9012
-10034
-11309
-13727
-14622
-13178
-10526
-9288
-9801
-11356
-12545
-10409
-7451
-4363
-2066
-2456
-3025
-3269
-1890
1378
5239
7880
7791
7448
7883
9064
9906
10649
11972
12921
13117
11746
11001
10808
10851
11453
10926
11076
11410
10887
9374
7529
6805
6411
6490
6118
5398
3720
301
-2705
-4325
-3885
-3236
-3598
-4295
-5645
-6790
-7319
-7059
-6141
-5118
-4433
-4507
-3994
-2355
-587
470
-128
-686
239
1873
2827
2507
2130
1975
2373
3944
5223
4204
3054
1992
35
-1282
-2953
-2919
-1834
-1915
-3073
-5328
-6121
-7076
-8084
-8413
-8454
-7510
-7473
-8063
-8912
-8679
-8261
-9876
-11798
-12381
-10247
-7457
-5840
-5627
-7425
-8254
-7571
-6378
-4139
-2113
-1002
-885
-812
356
3095
5825
6565
6219
6359
8824
11549
13490
14288
13077
13291
13723
13887
14176
13481
13236
12629
11938
11507
11395
10956
8990
7096
5733
4561
3408
2814
2383
1254
352
-1724
-4880
-6887
-7883
-7706
-6714
-6355
-7529
-9157
-9383
-8834
-7402
-5220
-4017
-3195
-1725
-836
-358
1293
2654
3116
3129
3580
4798
4222
2471
530
512
2995
3782
3557
2423
-684
-4508
-7033
-6103
-3859
-2625
-3779
-6632
-8680
-9082
-8895
-9277
-8433
-7660
-7073
-6549
-7488
-7292
-7153
-7733
-8366
-8508
-7111
-6372
-6452
-6647
-6947
-7137
-6762
-5700
-4002
-1694
-295
-30
-290
591
2831
4916
7427
9173
10018
10631
10339
11635
14312
16047
17366
17637
17177
16631
15466
14624
14107
13824
13497
12554
10956
8064
5479
4057
3086
2627
2035
1070
-837
-3666
-6664
-8836
-8866
-7898
-7600
-8073
-8651
-9126
-8880
-7751
-7448
-7240
-6625
-6118
-4440
-1692
790
2031
2284
1380
-57
-207
1050
3115
4002
2616
-109
-1931
-1182
-33
490
1294
648
-2960
-7109
-9339
-8706
-5746
-3966
-4550
-6263
-8136
-9227
-9534
-8678
-6762
-4888
-3513
-3548
-4191
-3587
-3998
-5790
-6764
-6288
-4329
-2958
-2591
-2854
-4008
-5330
-6225
-5741
-3725
-1212
112
762
1318
1970
3862
5847
7926
10140
11797
13076
13654
14071
14719
15163
15813
17788
19178
18705
16842
13352
10908
10277
11057
11919
10798
8835
5308
1994
310
-1082
-1083
-1076
-2801
-5637
-7685
-8791
-9763
-9977
-10165
-10022
-9366
-8845
-8887
-8492
-6507
-4965
-4220
-4040
-4281
-3618
-1859
415
1580
1132
-653
-2705
-2761
-784
1255
1926
826
-2485
-6129
-7446
-6020
-2943
-1160
-1104
-2167
-4451
-6875
-9021
-8828
-6076
-2925
-1196
-1712
-2417
-3229
-3833
-3794
-3733
-2258
-520
267
25
-510
-507
-1664
-3354
-4493
-4749
-3197
-1262
-368
-857
-2880
-4877
-5184
-3635
-935
1512
3543
4909
4972
5367
6464
7815
9847
11718
13004
13703
13652
13302
13060
13177
13623
14665
15692
14992
12881
10473
8391
7143
6651
6254
5280
4084
2311
220
-1215
-2643
-3824
-4663
-5413
-5847
-6011
-5844
-6303
-7127
-8032
-9549
-10374
-10034
-8387
-6082
-4918
-5149
-6613
-8132
-8747
-8341
-6530
-4494
-3458
-3330
-4023
-5009
-5386
-5081
-4178
-3122
-2498
-2343
-3118
-4192
-4240
-3358
-1758
-339
-209
-284
-165
-183
81
178
68
-201
-377
-54
431
1507
2392
1533
-172
-1216
-1084
12
599
-15
-786
-1181
-1125
-1054
-1198
-1033
-915
-555
436
1305
2415
3741
4061
3630
3523
3999
4828
6110
7581
8772
9849
9958
8712
7648
7357
7667
8670
9646
9819
9158
8198
7191
6595
6933
7025
6304
4960
3356
2492
1958
1042
-14
-260
44
-917
-3238
-5305
-5973
-5881
-6211
-7447
-8531
-8566
-9354
-11163
-12039
-11717
-11308
-11430
-11582
-11128
-10166
-9527
-9572
-9128
-7794
-6746
-6004
-4946
-3794
-2302
-303
1245
1766
1640
1217
890
1493
3192
4610
4868
3889
2279
1717
2258
2671
2105
1023
212
51
998
1360
282
-1227
-2376
-2338
-1261
351
1409
1284
485
52
950
2926
4815
4907
4107
3938
4502
5991
7205
7464
6960
5988
5029
4455
4843
5695
6093
6058
5464
3851
2156
905
41
275
866
1389
1610
1184
488
-587
-1000
-536
154
1170
1707
1534
1209
996
1144
1331
1123
459
-436
-705
-461
-889
-1786
-2935
-4535
-5592
-5977
-6158
-6165
-6436
-7215
-8455
-9226
-9037
-8656
-8111
-7964
-8506
-8407
-7647
-6889
-6029
-5164
-4151
-2929
-1570
-275
260
564
1072
1392
2262
3436
3847
3727
3180
2359
1969
2201
2428
1863
997
498
385
959
1512
1204
623
143
-319
81
1477
2796
3705
3773
3475
3620
4440
5708
6140
6400
6533
6318
6684
7270
8552
9700
9685
8670
7110
6448
6263
6172
6073
5403
4398
3008
1253
-469
-1464
-2016
-2675
-3357
-3821
-4113
-4922
-6028
-7217
-8085
-8078
-7915
-7807
-7896
-8147
-8158
-7916
-7406
-7069
-6860
-6619
-6511
-6141
-5313
-4342
-3385
-2611
-1906
-966
-275
126
413
691
1332
1851
2160
2462
2698
3028
3098
2849
2577
1994
1342
888
465
477
479
118
-203
-853
-1649
-2353
-2778
-2760
-2756
-2526
-2059
-1559
-993
-816
-915
-716
-227
466
1396
2257
2851
3292
3688
4287
5134
5928
6453
6699
6646
6243
5832
5945
6526
7062
6938
5879
4563
3743
3621
4015
4334
3973
2798
1338
273
46
720
1572
1738
1086
-3
-903
-1101
-1008
-1003
-912
-1033
-1399
-1941
-2643
-3214
-3676
-4111
-4754
-5508
-6159
-7161
-8114
-8613
-8943
-9161
-9790
-10842
-11471
-11193
-10199
-9163
-8294
-7550
-7019
-6385
-5468
-4030
-2201
-922
-346
179
1330
3177
4755
5460
5721
6008
6251
6198
5924
5728
5825
6018
5814
5362
4999
4505
3748
3156
3027
3057
2979
2531
1952
2095
2735
3044
2643
1624
767
853
2042
3521
4303
4195
3338
2509
2357
2794
3693
4396
4429
4126
3728
3368
2899
2233
1735
1674
1833
1503
743
160
-348
-798
-1266
-1812
-2036
-2141
-2445
-2809
-2904
-2749
-2973
-3651
-4479
-5026
-4655
-3802
-3288
-3382
-4256
-5519
-6526
-6736
-6002
-4888
-4239
-4723
-5982
-6790
-6547
-5558
-4526
-3994
-3673
-3139
-2533
-1980
-1480
-1056
-669
-237
511
1787
3137
3728
3562
3187
3082
3264
3311
3196
3041
2805
2158
1041
153
-264
-363
-493
-1011
-1566
-1862
-2023
-2206
-2162
-1621
-790
-19
349
289
313
980
2188
3762
5375
6368
6680
6755
7083
7839
8975
9991
10355
10393
10282
9935
9472
9058
8664
8162
7442
6108
4608
3673
3121
2516
1436
-107
-1845
-3369
-4551
-5550
-6090
-6330
-6865
-7901
-9134
-10178
-10654
-10393
-9829
-9356
-9324
-9789
-10330
-10174
-8973
-7624
-6829
-6714
-6752
-6194
-5104
-3972
-3296
-2892
-2519
-2195
-1726
-1109
-319
531
1205
1544
1652
1960
2488
3111
3694
4067
4136
3772
3225
2932
3293
4051
4283
3557
2289
1225
632
445
560
763
754
165
-925
-1778
-1630
-725
58
329
258
296
746
1589
2661
3779
4651
4885
4684
4835
5799
7294
8540
8851
8137
7161
6663
6771
7291
7568
7041
5704
4022
2774
2300
2283
2023
1029
-344
-1458
-2074
-2443
-2927
-3588
-4333
-5086
-5757
-6234
-6489
-6532
-6538
-6640
-6688
-6781
-7158
-7763
-8208
-8070
-7417
-6642
-6215
-6266
-6414
-6355
-5990
-5150
-3901
-2803
-2317
-2305
-2190
-1508
-329
781
1314
1517
1762
2026
2497
3220
3780
3835
3299
2484
2110
2556
3269
3403
2768
1720
789
483
762
1097
1144
818
101
-623
-920
-869
-581
-234
-131
-271
-394
-301
-34
394
925
1341
1651
1977
2388
3168
4339
5444
6140
6399
6427
6567
6972
7496
7857
7941
7790
7382
6816
6281
5787
5209
4428
3506
2661
1969
1198
88
-1104
-1904
-2302
-2683
-3343
-4241
-5149
-5806
-6149
-6302
-6322
-6490
-7174
-8016
-8348
-8030
-7475
-7271
-7562
-7910
-7755
-7063
-6331
-5797
-5507
-5508
-5512
-5202
-4527
-3623
-2832
-2490
-2452
-2294
-1837
-1171
-431
334
936
1260
1448
1653
2111
2780
3188
3145
2955
3040
3461
3881
3950
3604
3089
2669
2386
2236
2286
2430
2461
2270
1904
1635
1627
1784
1862
1830
1856
1965
2088
2137
2263
2671
3220
3608
3663
3597
3685
3988
4417
4788
5060
5116
4811
4305
4011
4215
4646
4786
4425
3878
3581
3462
3192
2597
1903
1285
713
211
-235
-600
-1152
-2046
-3059
-3949
-4609
-5309
-6080
-6667
-6933
-7096
-7559
-8189
-8612
-8540
-8159
-7908
-7880
-7975
-7919
-7689
-7315
-6758
-6150
-5553
-5055
-4537
-3827
-2977
-2201
-1717
-1364
-880
-135
707
1427
2075
2693
3288
3649
3728
3746
3784
3811
3688
3499
3455
3497
3387
3035
2670
2511
2434
2108
1540
1057
908
1010
1037
988
1019
1064
1085
1079
1251
1742
2178
2276
2116
1973
2070
2264
2502
2893
3356
3705
3681
3376
3217
3224
3250
3333
3398
3485
3474
3150
2812
2665
2668
2738
2648
2450
2179
1786
1414
1116
971
901
555
-71
-776
-1363
-1678
-2005
-2609
-3370
-4087
-4509
-4673
-4874
-5179
-5590
-6007
-6330
-6571
-6586
-6326
-6007
-5862
-6002
-6209
-6116
-5681
-5066
-4499
-4101
-3790
-3498
-3110
-2541
-1850
-1179
-660
-272
81
457
831
1131
1407
1683
1863
1911
1840
1727
1676
1679
1702
1687
1588
1439
1315
1364
1583
1703
1574
1328
1307
1695
2237
2564
2618
2597
2683
2885
3168
3552
3982
4283
4356
4337
4393
4530
4551
4438
4444
4699
4996
4956
4494
3904
3483
3282
3200
3167
3074
2717
1978
1044
269
-160
-385
-726
-1293
-1966
-2632
-3244
-3821
-4340
-4791
-5149
-5378
-5477
-5465
-5471
-5596
-5774
-5824
-5627
-5253
-4845
-4522
-4370
-4375
-4419
-4276
-3824
-3264
-2935
-2900
-2848
-2497
-1905
-1344
-949
-648
-368
-80
297
844
1425
1754
1763
1687
1754
1885
1847
1676
1609
1742
1839
1601
1049
522
371
653
1130
1466
1442
1120
848
947
1451
2114
2583
2687
2589
2568
2774
3084
3287
3324
3292
3301
3332
3308
3262
3188
3010
2702
2401
2316
2460
2571
2395
1994
1656
1517
1470
1362
1144
861
516
135
-166
-355
-591
-1051
-1688
-2229
-2512
-2660
-2886
-3235
-3598
-3915
-4196
-4384
-4423
-4351
-4303
-4326
-4309
-4157
-3940
-3798
-3756
-3668
-3373
-2879
-2360
-2029
-1942
-1920
-1718
-1220
-543
82
496
670
695
743
978
1412
1828
1972
1811
1578
1464
1435
1348
1180
1029
888
625
219
-144
-296
-288
-342
-545
-783
-907
-837
-586
-215
167
431
509
535
755
1269
1960
2608
3083
3414
3668
3850
3960
4043
4167
4296
4318
4206
4006
3768
3471
3112
2792
2576
2362
1962
1336
675
185
-99
-287
-483
-735
-1071
-1468
-1819
-1997
-2041
-2162
-2481
-2886
-3113
-3040
-2789
-2607
-2637
-2864
-3160
-3320
-3243
-2965
-2666
-2569
-2698
-2886
-2919
-2698
-2346
-2049
-1920
-1924
-1888
-1692
-1312
-870
-539
-390
-396
-399
-256
16
308
485
537
544
574
592
512
358
277
383
591
680
545
304
182
271
440
523
445
314
320
581
1010
1313
1239
863
613
877
1617
2382
2707
2508
2049
1672
1650
2011
2600
3125
3273
3014
2560
2197
2076
2150
2340
2534
2548
2233
1668
1121
850
820
773
549
164
-272
-705
-1080
-1335
-1452
-1526
-1708
-1999
-2252
-2344
-2315
-2278
-2305
-2413
-2582
-2740
-2759
-2536
-2155
-1871
-1872
-2087
-2278
-2232
-1924
-1519
-1182
-1041
-1095
-1196
-1180
-936
-545
-193
-12
-29
-152
-249
-217
-17
241
382
312
96
-101
-151
-49
95
101
-123
-502
-814
-864
-663
-422
-352
-495
-737
-882
-792
-468
-20
353
505
530
655
1026
1597
2153
2527
2712
2827
2999
3260
3567
3793
3800
3595
3340
3215
3228
3242
3109
2782
2351
1917
1558
1301
1126
975
759
475
170
-121
-383
-644
-879
-1031
-1121
-1241
-1475
-1795
-2078
-2204
-2162
-2059
-2027
-2133
-2306
-2421
-2394
-2251
-2123
-2086
-2134
-2174
-2105
-1935
-1770
-1707
-1737
-1791
-1783
-1675
-1520
-1385
-1320
-1306
-1288
-1220
-1089
-939
-815
-729
-696
-709
-737
-722
-622
-451
-290
-242
-332
-469
-498
-318
12
328
485
467
400
448
701
1084
1464
1715
1795
1808
1894
2137
2492
2810
2975
2963
2875
2864
2994
3222
3384
3355
3119
2787
2548
2470
2469
2394
2151
1774
1394
1097
893
738
562
334
73
-185
-423
-641
-852
-1032
-1158
-1243
-1338
-1495
-1678
-1802
-1827
-1775
-1733
-1771
-1867
-1950
-1955
-1865
-1749
-1698
-1743
-1855
-1950
-1954
-1875
-1777
-1757
-1851
-1989
-2079
-2044
-1895
-1702
-1548
-1484
-1484
-1452
-1306
-1049
-761
-554
-463
-412
-298
-89
156
333
386
348
297
328
458
630
757
784
716
603
499
452
526
727
978
1123
1055
844
671
738
1081
1523
1818
1811
1576
1371
1440
1829
2331
2623
2554
2248
1998
2035
2321
2646
2782
2662
2385
2099
1923
1864
1834
1749
1584
1360
1089
764
407
85
-144
-286
-467
-777
-1184
-1575
-1842
-1991
-2112
-2289
-2545
-2807
-2990
-3054
-3045
-3075
-3174
-3273
-3286
-3153
-2931
-2747
-2676
-2663
-2609
-2442
-2155
-1817
-1502
-1273
-1164
-1142
-1085
-874
-499
-80
209
302
286
303
459
732
999
1142
1148
1112
1138
1241
1335
1350
1279
1185
1112
1035
936
848
810
849
916
907
789
597
451
477
683
958
1144
1144
1019
926
996
1217
1468
1626
1642
1594
1585
1650
1765
1851
1854
1826
1811
1807
1789
1709
1595
1491
1407
1344
1241
1083
890
675
491
323
143
-61
-276
-456
-610
-799
-1073
-1413
-1717
-1890
-1941
-1984
-2142
-2450
-2795
-3018
-3044
-2935
-2845
-2888
-3039
-3181
-3192
-3036
-2782
-2532
-2363
-2273
-2213
-2110
-1916
-1633
-1305
-1015
-815
-706
-622
-470
-220
71
306
434
487
560
718
952
1179
1312
1321
1267
1236
1303
1457
1615
1697
1664
1553
1435
1376
1391
1443
1496
1510
1463
1378
1280
1204
1177
1190
1231
1251
1247
1236
1220
1217
1214
1206
1210
1225
1254
1295
1325
1319
1260
1167
1084
1032
1003
965
885
772
662
562
470
357
206
35
-118
-206
-256
-304
-399
-570
-767
-940
-1066
-1151
-1222
-1296
-1385
-1478
-1592
-1740
-1899
-2030
-2102
-2104
-2079
-2068
-2108
-2196
-2295
-2367
-2365
-2287
-2169
-2042
-1933
-1866
-1818
-1750
-1652
-1505
-1329
-1147
-964
-795
-629
-466
-316
-173
-28
152
370
597
789
911
978
1029
1112
1246
1403
1545
1628
1645
1617
1579
1577
1630
1722
1817
1865
1842
1766
1666
1608
1616
1665
1712
1710
1666
1594
1520
1465
1419
1364
1302
1238
1188
1162
1137
1086
986
855
717
593
495
413
343
268
166
40
-118
-281
-429
-543
-608
-645
-695
-792
-941
-1097
-1198
-1228
-1240
-1279
-1378
-1519
-1651
-1743
-1773
-1779
-1823
-1925
-2054
-2161
-2196
-2167
-2129
-2135
-2205
-2271
-2273
-2179
-2009
-1848
-1742
-1694
-1652
-1544
-1339
-1059
-776
-542
-370
-225
-64
118
326
550
776
983
1150
1285
1385
1474
1575
1693
1800
1872
1899
1889
1879
1906
1974
2056
2097
2066
1974
1878
1823
1827
1864
1887
1864
1789
1691
1610
1561
1538
1518
1475
1408
1319
1208
1088
960
846
754
694
649
583
476
303
80
-156
-357
-486
-562
-618
-704
-857
-1068
-1294
-1487
-1623
-1710
-1785
-1880
-1997
-2113
-2194
-2228
-2252
-2275
-2317
-2372
-2391
-2374
-2331
-2277
-2241
-2201
-2125
-2007
-1860
-1740
-1671
-1625
-1573
-1451
-1248
-997
-768
-625
-560
-500
-386
-208
6
213
375
497
613
753
917
1070
1187
1278
1385
1525
1673
1802
1885
1933
1968
2015
2085
2173
2242
2263
2244
2217
2223
2243
2246
2210
2132
2040
1954
1885
1834
1785
1705
1569
1402
1240
1107
982
843
689
531
392
264
133
-7
-175
-362
-548
-689
-763
-796
-835
-919
-1053
-1219
-1375
-1492
-1545
-1550
-1552
-1579
-1646
-1740
-1832
-1910
-1974
-2032
-2085
-2114
-2113
-2099
-2086
-2095
-2111
-2130
-2135
-2104
-2037
-1943
-1846
-1741
-1623
-1484
-1331
-1178
-1035
-900
-754
-586
-395
-181
34
233
418
574
724
870
1006
1124
1227
1343
1465
1591
1705
1789
1834
1846
1845
1856
1888
1947
2006
2043
2051
2026
2003
1983
1967
1949
1909
1857
1809
1766
1735
1693
1627
1523
1391
1248
1121
1041
965
883
780
631
475
318
175
58
-61
-214
-407
-611
-788
-917
-1014
-1117
-1264
-1462
-1673
-1842
-1931
-1947
-1946
-1972
-2035
-2106
-2151
-2137
-2081
-2015
-1961
-1910
-1851
-1754
-1615
-1491
-1408
-1380
-1356
-1269
-1110
-900
-732
-652
-639
-640
-569
-418
-234
-102
-39
-18
22
132
261
358
387
357
340
392
508
616
651
610
543
523
583
694
769
760
696
648
691
808
944
1036
1055
1048
1080
1191
1357
1526
1637
1688
1717
1769
1871
1985
2059
2063
2000
1930
1877
1852
1836
1750
1572
1315
1046
838
705
620
520
341
75
-221
-476
-632
-696
-735
-814
-965
-1159
-1340
-1446
-1481
-1496
-1539
-1645
-1784
-1899
-1958
-1958
-1938
-1936
-1976
-2037
-2086
-2101
-2078
-2043
-1995
-1939
-1863
-1760
-1649
-1549
-1473
-1406
-1317
-1186
-1023
-851
-695
-563
-453
-349
-241
-118
22
170
327
485
622
719
785
841
918
1020
1146
1256
1328
1356
1350
1359
1402
1467
1523
1532
1507
1476
1478
1536
1619
1683
1697
1671
1630
1620
1646
1673
1683
1637
1565
1503
1459
1426
1365
1256
1092
910
760
646
562
464
323
137
-72
-266
-424
-537
-614
-684
-768
-886
-1034
-1180
-1303
-1383
-1423
-1445
-1468
-1509
-1558
-1597
-1611
-1599
-1579
-1565
-1577
-1597
-1603
-1571
-1497
-1405
-1321
-1265
-1241
-1238
-1232
-1202
-1136
-1048
-966
-903
-867
-841
-805
-756
-703
-646
-584
-514
-423
-319
-202
-85
21
120
218
331
468
608
735
841
937
1032
1137
1248
1344
1415
1452
1481
1522
1595
1683
1759
1794
1787
1755
1723
1725
1744
1769
1786
1768
1715
1641
1564
1489
1410
1313
1207
1083
953
829
698
560
404
228
44
-134
-298
-432
-538
-652
-775
-916
-1068
-1193
-1280
-1319
-1338
-1359
-1393
-1449
-1496
-1519
-1509
-1458
-1395
-1339
-1302
-1290
-1273
-1239
-1187
-1114
-1046
-997
-969
-957
-948
-932
-905
-879
-858
-851
-850
-849
-845
-840
-835
-822
-804
-766
-704
-628
-542
-464
-396
-335
-260
-150
-5
155
305
432
533
626
726
849
987
1117
1228
1311
1378
1445
1520
1599
1676
1739
1788
1829
1867
1899
1919
1932
1927
1911
1888
1856
1820
1766
1701
1612
1501
1384
1256
1126
993
850
695
528
362
198
29
-135
-299
-463
-626
-787
-944
-1091
-1226
-1349
-1478
-1598
-1708
-1803
-1875
-1932
-1972
-2002
-2016
-2019
-2007
-1973
-1927
-1864
-1793
-1717
-1629
-1533
-1429
-1323
-1229
-1132
-1028
-920
-809
-697
-583
-473
-374
-279
-184
-92
-3
80
157
231
295
344
389
428
455
485
517
544
573
594
608
629
655
690
728
760
786
820
853
886
919
956
992
1018
1040
1058
1086
1121
1158
1192
1218
1236
1252
1272
1286
1298
1300
1290
1277
1263
1240
1207
1160
1103
1041
962
884
798
704
605
491
373
243
106
-39
-186
-333
-488
-643
-804
-958
-1096
-1227
-1351
-1473
-1572
-1659
-1733
-1793
-1829
-1845
-1861
-1856
-1826
-1780
-1720
-1654
-1560
-1468
-1375
-1270
-1164
-1047
-934
-821
-708
-588
-482
-386
-294
-219
-153
-92
-32
20
57
87
106
113
119
120
115
109
105
105
109
118
130
149
178
212
251
299
349
407
472
540
612
687
761
832
902
972
1032
1084
1132
1172
1210
1234
1246
1256
1259
1257
1248
1231
1208
1183
1153
1116
1084
1045
1004
965
914
862
804
740
675
599
521
435
352
268
168
73
-35
-140
-253
-369
-473
-588
-696
-802
-901
-994
-1092
-1183
-1265
-1340
-1402
-1457
-1497
-1521
-1544
-1557
-1561
-1543
-1518
-1491
-1441
-1387
-1328
-1264
-1189
-1113
-1027
-928
-837
-746
-658
-569
-476
-381
-288
-199
-125
-52
23
92
160
221
280
329
361
398
435
461
488
511
533
553
571
586
595
612
639
669
709
752
800
843
890
941
984
1029
1069
1110
1146
1169
1194
1197
1185
1163
1126
1079
1013
937
858
761
660
560
455
353
245
144
47
-33
-102
-174
-230
-288
-339
-370
-406
-433
-456
-485
-499
-521
-536
-551
-570
-580
-600
-619
-640
-668
-691
-724
-747
-776
-802
-822
-847
-860
-876
-897
-915
-934
-944
-950
-954
-950
-943
-929
-903
-867
-827
-780
-731
-676
-614
-542
-472
-395
-310
-224
-127
-27
76
189
304
423
542
657
779
900
1029
1150
1261
1361
1443
1519
1575
1614
1639
1642
1626
1593
1541
1474
1392
1299
1200
1089
972
849
731
611
484
360
240
131
26
-82
-187
-289
-385
-471
-557
-635
-707
-779
-847
-907
-963
-1014
-1061
-1096
-1121
-1137
-1143
-1138
-1123
-1099
-1063
-1023
-968
-906
-845
-769
-693
-619
-545
-474
-401
-329
-264
-205
-150
-106
-63
-12
32
69
92
107
118
125
130
135
133
130
125
119
110
102
95
87
81
75
75
79
90
104
119
144
168
194
226
258
303
356
415
474
529
584
643
704
767
826
875
929
985
1035
1076
1105
1121
1126
1130
1121
1102
1066
1008
944
863
772
667
544
414
274
127
-23
-187
-350
-508
-668
-817
-961
-1089
-1197
-1294
-1362
-1409
-1444
-1455
-1451
-1426
-1390
-1352
-1287
-1225
-1151
-1062
-979
-891
-812
-727
-635
-546
-452
-367
-285
-207
-137
-66
-6
53
115
164
216
264
305
350
381
410
428
435
450
451
443
427
411
396
371
347
315
280
245
207
178
148
118
93
63
46
29
16
16
19
42
63
88
134
184
243
306
372
442
512
587
660
725
793
846
889
924
938
943
933
908
881
831
770
697
612
531
441
345
248
153
55
-46
-144
-246
-344
-437
-530
-619
-693
-759
-822
-883
-930
-973
-1010
-1029
-1041
-1037
-1021
-1001
-977
-941
-892
-838
-770
-709
-648
-581
-514
-441
-373
-304
-243
-190
-133
-95
-60
-35
-19
-5
-3
-6
-19
-36
-46
-57
-60
-65
-66
-67
-65
-48
-29
-5
27
59
100
142
191
243
298
360
412
470
526
582
640
694
752
796
835
876
913
942
962
972
976
976
967
947
922
885
842
789
721
656
578
496
404
301
202
102
4
-101
-207
-302
-403
-491
-569
-641
-698
-759
-803
-834
-858
-863
-874
-875
-862
-848
-819
-794
-771
-744
-718
-682
-654
-628
-599
-579
-545
-520
-499
-465
-441
-404
-378
-346
-306
-279
-235
-203
-163
-112
-78
-33
1
43
95
130
177
203
233
282
308
347
371
395
421
431
451
458
466
474
479
489
489
494
496
503
511
514
530
545
562
582
593
617
637
659
683
692
702
698
682
658
625
580
527
461
385
305
213
115
15
-85
-186
-291
-393
-491
-581
-660
-735
-794
-844
-880
-906
-930
-942
-948
-945
-923
-896
-862
-817
-768
-717
-662
-602
-545
-478
-416
-358
-294
-238
-182
-129
-82
-32
12
50
85
117
146
164
180
198
204
199
196
197
189
185
183
178
176
170
173
176
176
180
181
188
196
205
214
219
231
240
247
260
274
292
305
320
335
355
382
401
424
446
455
463
473
477
473
463
457
449
434
422
403
376
354
329
299
261
223
182
136
88
38
-21
-84
-148
-207
-269
-329
-382
-445
-500
-556
-609
-650
-702
-739
-772
-794
-792
-801
-804
-791
-777
-737
-691
-649
-598
-546
-475
-403
-340
-272
-202
-129
-66
-7
43
90
128
161
189
205
218
230
236
236
243
248
248
252
251
248
254
256
258
254
251
253
247
244
234
220
211
204
192
180
164
149
141
135
123
116
116
119
121
129
135
145
162
176
191
202
210
226
238
245
251
241
228
215
194
174
149
120
96
64
32
-3
-44
-77
-108
-133
-153
-180
-203
-224
-240
-255
-269
-276
-282
-283
-284
-281
-267
-258
-251
-243
-237
-225
-223
-218
-211
-195
-172
-146
-116
-95
-79
-66
-51
-35
-29
-19
-5
5
17
28
39
50
55
61
63
65
63
52
42
23
7
-8
-30
-48
-70
-97
-114
-124
-131
-130
-126
-113
-97
-79
-55
-24
15
52
88
125
165
198
226
249
263
272
276
272
259
246
226
214
198
185
168
165
162
147
141
136
141
151
151
151
148
148
150
138
129
120
104
93
80
60
39
16
-9
-35
-68
-100
-130
-160
-199
-223
-246
-271
-288
-316
-335
-344
-354
-347
-351
-358
-342
-329
-310
-294
-289
-261
-243
-229
-207
-203
-193
-184
-182
-179
-186
-197
-206
-225
-247
-274
-318
-346
-371
-402
-417
-446
-455
-446
-440
-419
-404
-384
-333
-278
-210
-139
-62
29
120
220
314
422
528
621
718
802
873
944
998
1051
1097
1133
1170
1194
1207
1213
1212
1202
1181
1143
1095
1034
958
875
786
692
589
476
357
241
111
-17
-139
-263
-378
-481
-581
-667
-747
-823
-886
-944
-993
-1023
-1047
-1068
-1069
-1068
-1053
-1026
-995
-950
-914
-881
-836
-795
-753
-708
-665
-615
-561
-508
-457
-408
-362
-318
-275
-224
-172
-123
-73
-22
25
83
140
198
258
307
354
398
434
476
511
538
557
562
566
565
565
562
548
532
510
486
460
436
417
399
388
382
382
391
400
418
441
467
492
514
534
550
567
575
577
580
571
553
528
493
449
396
332
261
187
110
34
-43
-120
-197
-276
-353
-424
-492
-565
-627
-683
-742
-790
-828
-859
-883
-902
-918
-930
-933
-936
-928
-909
-885
-850
-818
-779
-730
-680
-620
-556
-491
-423
-354
-283
-219
-156
-93
-42
3
41
70
92
107
119
127
131
134
129
128
136
144
156
172
196
221
253
293
335
381
439
499
552
611
660
711
766
814
860
889
917
947
961
973
973
953
933
904
863
808
737
668
590
505
414
313
210
106
9
-85
-174
-258
-335
-404
-474
-536
-581
-622
-654
-678
-698
-704
-705
-702
-697
-681
-656
-626
-602
-567
-529
-492
-440
-402
-367
-323
-287
-245
-205
-173
-139
-109
-80
-52
-32
-21
-9
1
4
3
0
-5
-9
-17
-35
-46
-55
-64
-71
-76
-80
-81
-82
-83
-74
-72
-69
-70
-70
-59
-54
-42
-30
-18
-6
4
18
34
53
74
96
123
154
189
225
263
304
348
392
432
466
499
530
550
570
581
582
582
574
568
562
541
516
480
439
391
337
281
223
168
107
53
-2
-56
-110
-168
-223
-277
-331
-382
-433
-477
-515
-554
-590
-617
-635
-643
-646
-644
-641
-626
-604
-568
-523
-473
-414
-349
-274
-202
-137
-77
-15
43
94
137
174
211
238
249
262
274
273
267
251
228
206
177
152
122
89
63
48
30
11
-9
-26
-39
-50
-63
-73
-78
-80
-78
-75
-68
-52
-42
-25
-8
7
21
35
56
75
93
111
125
144
161
171
189
194
205
218
225
235
229
224
218
207
198
185
165
141
121
99
64
27
-10
-46
-80
-111
-131
-155
-177
-197
-216
-215
-210
-199
-187
-179
-162
-141
-127
-111
-97
-89
-78
-68
-56
-47
-38
-33
-28
-26
-26
-17
-14
-13
-7
-10
-7
-3
-6
-2
-5
-3
2
3
8
14
15
19
27
30
35
39
39
45
40
35
34
30
28
24
16
8
1
-11
-20
-26
-33
-39
-37
-32
-27
-28
-22
-13
4
16
29
46
51
62
71
74
84
87
94
103
105
102
102
102
105
102
94
94
88
80
80
76
71
62
43
28
5
-11
-22
-37
-45
-57
-67
-73
-86
-94
-100
-112
-124
-135
-140
-140
-141
-138
-135
-129
-121
-116
-109
-102
-95
-83
-72
-62
-47
-36
-21
-7
6
19
29
35
35
36
30
22
20
16
14
18
9
5
5
1
2
3
10
10
12
22
30
41
50
59
70
80
91
103
108
110
113
113
115
119
115
121
122
121
119
115
110
104
98
82
69
54
42
34
21
12
3
-9
-25
-40
-51
-60
-67
-78
-91
-102
-110
-119
-124
-130
-143
-149
-150
-150
-145
-143
-135
-128
-121
-102
-86
-75
-56
-39
-26
-12
-7
5
15
20
23
23
25
25
25
16
8
4
4
9
15
21
21
23
28
32
33
40
38
31
26
19
22
22
19
17
18
21
22
23
19
10
7
13
18
19
18
21
31
31
30
26
24
23
27
36
35
39
47
47
48
50
50
48
46
45
44
42
34
29
25
22
16
16
14
7
5
-5
-9
-17
-29
-39
-48
-51
-60
-71
-78
-86
-90
-96
-99
-91
-88
-84
-81
-76
-68
-67
-62
-55
-45
-36
-29
-27
-22
-13
-5
5
8
15
23
31
42
49
57
66
73
75
75
77
74
68
65
58
45
26
10
-2
-17
-26
-38
-44
-52
-61
-63
-71
-76
-76
-77
-71
-65
-47
-28
-10
8
18
32
44
57
67
73
80
81
78
77
76
74
73
71
65
57
54
54
55
54
55
55
49
47
43
37
35
29
21
10
8
1
-5
-10
-23
-36
-50
-55
-61
-62
-58
-60
-63
-62
-61
-54
-47
-47
-49
-49
-52
-57
-57
-59
-62
-56
-58
-58
-53
-53
-51
-50
-50
-47
-43
-38
-31
-20
-13
-7
0
4
11
17
22
31
29
34
38
38
45
45
44
46
45
47
48
47
47
46
45
45
41
41
40
34
34
32
30
22
15
7
0
-1
-2
-8
-6
-3
0
3
-4
-7
-11
-10
-6
-7
-2
0
3
10
14
16
15
12
6
-1
-5
1
-1
3
7
1
-2
-8
-12
-13
-10
-6
-7
-8
-9
-7
-7
-12
-13
-16
-16
-17
-17
-12
-11
-10
-13
-16
-11
-10
-19
-22
-22
-14
-10
-9
-7
-9
-7
-8
-9
-6
-9
-8
-7
-5
-8
-11
-13
-11
-9
-9
-11
-10
-9
-9
-3
-2
2
6
8
9
9
17
22
25
21
23
25
24
25
22
19
24
28
31
34
33
32
25
20
17
14
12
10
10
7
5
2
-4
-11
-15
-19
-26
-29
-27
-29
-29
-27
-34
-36
-40
-38
-31
-25
-16
-16
-19
-16
-10
-6
1
13
19
30
39
42
45
47
55
59
54
55
50
43
38
34
33
36
31
21
12
1
-5
-12
-19
-19
-23
-30
-34
-40
-48
-51
-54
-49
-47
-46
-43
-42
-43
-41
-39
-38
-39
-36
-31
-20
-18
-19
-16
-18
-12
-11
-8
-1
0
4
4
2
5
4
4
6
5
4
8
3
4
7
9
14
19
24
25
25
26
22
21
20
20
18
11
6
4
5
10
16
23
23
23
22
19
18
11
6
8
11
15
10
10
12
8
7
6
1
-1
-1
1
0
-5
-8
-11
-9
-10
-15
-22
-17
-10
-12
-11
-11
-6
-6
-9
-8
-8
-4
1
-2
