-8
-6
-9
-9
-4
-2
2
4
8
8
12
16
15
16
10
3
0
5
9
6
6
5
9
8
10
12
7
7
4
7
4
1
5
6
11
13
12
7
-1
0
0
-2
-7
-9
-12
-16
-19
-23
-21
-15
-13
-13
-10
-8
-8
-6
-3
0
0
1
5
5
9
6
1
0
-3
-2
-2
-5
-2
-4
-1
-2
-2
1
2
6
3
1
2
2
6
6
13
12
10
7
5
10
5
2
-5
-1
4
7
5
-3
-1
-3
0
-3
-10
-8
-9
-10
-15
-15
-11
-8
-2
-6
-1
-1
3
5
4
7
-1
4
7
5
2
-8
-7
-8
-3
1
-4
-6
-4
3
7
10
6
2
8
10
9
7
9
12
11
8
6
2
4
15
14
9
6
3
2
3
1
-3
-4
-6
-4
-3
-8
-10
-7
0
2
-1
-6
-5
-10
-8
-12
-13
-8
-10
-6
-6
-7
-8
-7
1
5
9
7
4
-3
-3
3
-2
-2
-2
-3
-1
-1
-1
0
-1
-4
-3
-4
-1
-1
-7
-6
-12
-15
-14
-16
-10
-7
-8
-4
0
6
8
7
5
10
9
9
13
13
16
14
13
12
12
12
13
6
4
6
6
9
6
4
4
9
12
10
3
-4
-2
-2
-2
-3
-5
-6
-3
0
3
1
-1
-7
-8
-5
-4
-4
-8
-5
-10
-10
-10
-13
-4
-4
0
0
-1
-1
-2
-1
-2
-1
-7
-9
-2
2
4
-2
-1
5
5
0
-2
-4
-3
3
7
2
0
3
5
8
5
1
0
1
1
4
5
-4
-10
-13
-14
-12
-12
-6
-3
-5
-2
5
5
2
2
-2
0
4
4
0
-4
-1
0
5
5
7
10
8
13
10
8
7
2
6
7
11
10
8
10
9
7
8
6
5
1
2
0
-4
-6
-13
-14
-17
-15
-11
-9
-6
-2
-1
-5
-2
-7
-7
-4
-8
-7
-6
-3
0
0
2
-2
-3
0
5
11
14
12
8
0
1
0
0
1
3
2
-5
-8
-7
-2
3
8
5
4
7
-3
-1
4
3
2
-3
-3
-4
-6
-8
-10
-9
-5
-4
-5
0
0
2
0
-1
4
-1
-7
-9
-10
-12
-14
-12
-9
-3
1
5
4
5
11
10
15
15
14
11
9
9
12
16
10
7
9
10
13
12
10
9
7
10
6
4
6
6
6
5
5
2
-4
-10
-14
-16
-13
-10
-10
-11
-14
-15
-11
-10
-9
-9
-10
-11
-9
-9
-11
-11
-12
-11
-9
-7
-8
-13
-12
-12
-10
-3
-4
-4
-4
-2
6
-2
-1
6
7
10
6
6
9
9
10
17
17
13
7
4
8
9
6
3
4
9
8
7
6
13
11
1
2
2
4
5
2
3
7
10
8
7
6
4
3
-4
-4
-2
0
-1
-6
-2
3
0
-4
-4
-2
-1
-4
-7
-8
-3
0
2
4
-1
-5
-8
-9
-7
-7
-9
-12
-12
-11
-6
-8
-10
-5
-8
-8
-8
-7
-5
-2
-1
1
5
5
-2
-4
-3
-4
-2
-2
0
2
7
16
11
7
6
3
5
4
1
4
5
3
3
-1
1
1
4
4
-1
2
-2
-2
-5
-6
-3
0
3
-2
-5
-5
-4
-2
-5
-7
-5
-3
-3
-3
-1
2
6
8
6
7
15
18
15
15
13
11
14
15
18
18
9
5
6
10
10
9
5
5
13
17
7
-6
-16
-19
-11
-8
-2
-3
-7
-6
-17
-25
-33
-33
-25
-20
-18
-24
-31
-44
-50
-50
-47
-51
-49
-35
-27
-26
-38
-42
-33
-16
-7
0
5
5
9
13
14
19
24
27
28
16
13
50
94
87
15
-31
-7
36
30
-9
13
81
107
64
2
-18
-23
-30
17
117
182
113
-53
-140
-60
52
52
-6
22
136
168
52
-103
-158
-80
28
93
101
61
-20
-92
-100
-56
-18
-23
-33
-19
2
-18
-86
-135
-110
-40
11
6
-57
-98
-83
-50
-32
-20
14
18
-24
-72
-56
17
55
30
-2
28
78
60
-23
-39
8
-51
-212
-114
393
733
305
-474
-613
-102
204
-55
-251
115
546
497
119
-220
-414
-522
-387
75
579
695
315
-184
-369
-203
-5
-51
-168
-17
389
560
207
-310
-437
-67
265
171
-115
-121
151
225
-51
-316
-196
118
184
-10
-172
-167
-101
-59
0
45
0
-80
-108
-109
-90
92
294
158
-254
-432
-149
50
-103
-236
1
302
151
-161
-336
-317
-255
-159
121
240
64
-284
-434
-211
75
173
104
188
371
366
96
-216
-201
72
379
629
747
719
516
193
-241
-785
-1054
-960
-421
368
849
778
-52
-728
-938
-1111
-1324
-1074
299
1491
1640
970
465
302
-359
-557
-15
1049
1671
1335
1120
762
314
-135
-311
-147
-43
337
567
368
-375
-882
-754
-660
-537
-646
-511
-416
-382
12
-265
-789
-979
-687
-536
-726
-461
112
518
134
-6
-142
-788
-1042
-810
10
368
851
1624
1149
-498
-1714
-1096
-107
141
341
1368
2030
989
-331
-805
-620
-605
-281
798
1828
1765
699
-112
-618
-600
-289
150
609
700
703
435
152
-309
-821
-846
-200
451
5
-546
-517
-48
14
-502
-362
-95
-454
-926
-603
-190
-291
-322
43
604
273
-192
-109
-156
-408
-293
646
1421
1100
350
400
680
588
393
205
481
635
644
1082
845
-141
-560
-352
-230
-814
-1319
-921
-401
-336
-513
-741
-1122
-1361
-1343
-907
-487
-195
477
637
275
-25
216
455
60
319
1284
1740
1148
391
250
490
227
-127
209
104
-87
-242
-458
-786
-1148
-618
-108
-419
-1065
-828
-487
-853
-1205
-390
953
397
-223
50
430
386
-290
26
1102
1088
482
1032
678
-107
30
216
917
595
158
646
382
-107
308
383
100
355
128
437
334
-522
26
192
-253
-153
-184
-104
26
-282
-230
166
169
-318
-945
-766
-491
-730
-418
278
611
333
-538
-766
-789
-1502
-1108
-26
622
747
319
354
65
-845
-1028
-653
-118
678
815
427
363
-200
-788
-655
-306
162
157
-278
-109
147
-416
-831
-369
140
386
648
514
-55
-283
123
426
340
713
1475
1674
994
33
-299
-15
245
399
655
856
831
472
-280
-958
-1058
-698
-370
178
693
302
-113
-320
-694
-606
-393
-383
186
768
523
228
-15
161
206
-498
-339
373
600
238
-339
-310
236
90
-532
-496
-440
-193
9
-283
-432
-395
-56
-173
-679
-513
35
323
-6
-333
103
371
0
-265
-206
-110
143
507
336
-38
-252
-50
46
-464
-585
-558
-350
7
46
-210
-517
-141
41
-492
-958
-564
86
75
186
301
516
913
680
82
-166
336
869
622
396
1114
1814
1457
849
550
266
-137
-101
526
498
-16
201
380
-188
-565
-571
-794
-1002
-940
-637
-270
-278
-575
-606
-264
-13
-188
-477
-414
-283
-71
334
534
634
266
-182
171
210
-536
-597
349
862
521
-19
-194
-85
-249
-428
-646
-814
-405
248
427
-158
-499
-81
19
-537
-582
-139
-202
-156
473
1118
877
178
119
23
-370
-325
230
499
409
763
952
343
-435
-633
-363
-146
6
-149
-137
117
252
271
-366
-889
-420
296
267
5
-96
-225
116
531
683
389
-27
-7
70
309
551
463
270
383
746
679
-56
-892
-765
-20
130
24
36
-275
-603
-472
-425
-867
-1268
-960
-69
333
-146
-655
-720
-523
-178
10
-7
27
217
637
722
217
-123
24
320
680
944
790
556
469
566
549
85
-261
-162
69
247
440
398
122
-87
-290
-515
-857
-935
-527
-203
7
195
66
-334
-588
-611
-659
-701
-335
271
423
190
-45
-283
-428
-230
157
295
177
104
-13
-276
-232
96
353
429
337
388
399
158
-76
-101
215
593
643
495
402
406
393
76
-208
-176
-79
144
181
-104
-206
-59
77
-77
-320
-301
-264
-316
-319
-128
148
244
221
203
44
-215
1
401
504
301
-42
-3
232
528
626
413
139
-160
-88
-20
-249
-476
-521
-360
117
621
370
-438
-1449
-1905
-1519
-732
283
607
342
-256
-1005
-1296
-1461
-1234
-498
145
638
1039
818
154
-478
-953
-751
-294
655
1587
1498
1166
669
323
63
-307
-246
112
492
756
920
867
671
269
-175
-690
-1090
-611
116
700
923
654
377
-85
-537
-594
-502
-222
245
555
952
1056
622
135
-403
-541
-310
-68
207
347
369
201
-132
-322
-517
-848
-865
-796
-889
-790
-692
-549
-376
-351
-390
-769
-1010
-803
-756
-645
-351
62
551
550
361
446
307
-335
-657
81
1115
1631
1552
905
366
536
911
937
594
326
332
327
928
1854
1579
430
-529
-644
0
326
268
263
134
-33
249
182
-825
-1095
-535
-303
-515
-592
-192
-376
-428
-118
-532
-1139
-1294
-433
140
20
-144
-564
-643
-763
-246
237
-290
-553
-499
106
81
-275
-160
-503
-344
-136
-3
28
-318
-168
-154
-115
94
-35
-16
71
-18
-10
-55
-89
97
242
424
296
43
4
-149
89
277
193
254
350
420
198
205
293
182
222
243
312
488
699
620
303
143
217
333
272
188
290
522
491
338
205
85
165
314
438
363
284
206
106
270
407
298
68
-30
-65
-216
-234
-59
-15
-217
-359
-389
-494
-619
-623
-511
-447
-501
-590
-641
-548
-357
-366
-515
-567
-484
-378
-378
-277
-106
-50
-95
-181
-185
-163
-144
-33
4
-67
-36
32
46
-33
-81
-53
-108
-116
-61
117
313
281
114
22
198
361
388
315
262
356
422
512
478
424
388
255
378
528
575
419
160
288
380
367
289
159
290
247
126
16
-63
72
61
22
-172
-362
-222
-73
-15
-200
-358
-409
-498
-357
-136
-92
-254
-409
-264
-139
-254
-423
-591
-528
-289
-90
-95
-357
-562
-637
-477
-157
48
-63
-388
-389
-131
11
-60
-127
8
169
221
176
102
20
55
172
318
414
383
516
621
564
327
88
275
634
898
842
615
543
446
298
67
-147
-206
-262
-272
-268
-336
-523
-839
-1119
-1255
-1159
-921
-775
-794
-688
-305
-65
-161
-416
-421
-133
286
701
961
1205
1222
1031
768
683
897
914
926
1041
1217
1324
1020
671
247
-56
46
331
598
473
120
-275
-326
-44
-148
-626
-1062
-823
-264
-119
-214
-405
-767
-1277
-1261
-649
-279
-654
-1078
-578
268
118
-860
-1152
-1097
-1063
-406
610
967
-294
-1637
-1458
-358
141
4
-171
-648
-429
129
319
-197
-1285
-823
743
1611
1141
222
-15
-127
-26
448
1119
1390
925
825
930
590
91
-211
-94
202
634
770
235
-201
-180
16
-338
-887
-541
67
502
528
75
-259
-349
114
609
524
405
842
1838
2086
1166
66
-310
288
1027
1598
1768
1252
366
-460
-791
-1031
-1407
-1619
-1416
-896
-817
-1410
-2577
-3835
-4416
-4061
-2800
-1421
-816
-1265
-2087
-2273
-1810
-1221
-775
-34
1166
2256
2823
2734
2335
2050
2149
2650
3169
3544
3820
3984
3725
2867
1934
1389
1286
1333
1296
1198
933
460
-212
-915
-1426
-1708
-1801
-1775
-1512
-1178
-1173
-1611
-2178
-2467
-2480
-2260
-1705
-891
-228
-90
-476
-981
-1272
-1222
-748
-53
655
1024
930
567
43
-376
-521
-164
429
708
671
570
544
47
-813
-1197
-859
-240
49
211
335
6
-708
-1153
-896
-349
-11
246
660
958
742
190
-165
-102
304
848
1450
1795
1429
530
-304
-439
31
669
1155
1298
1105
706
420
165
-206
-540
-186
1213
2783
3090
1475
-902
-2173
-1614
-101
1031
1168
539
-449
-1451
-2316
-3232
-4093
-4317
-3214
-1422
-616
-1728
-3917
-5387
-5374
-4126
-2481
-1038
-59
319
354
25
-436
-554
370
2485
4620
5606
5144
4259
3746
3635
3726
3949
4491
5039
5346
5048
4048
2569
1147
549
663
1057
1138
888
406
-489
-1585
-2609
-3011
-2928
-2577
-2075
-1624
-1348
-1735
-2567
-3437
-3671
-3067
-2032
-940
-364
-308
-724
-1182
-1472
-1600
-1357
-698
339
969
803
40
-717
-1095
-1227
-921
-268
492
675
101
-716
-1254
-1251
-980
-467
59
402
404
139
-137
-462
-595
-339
365
1025
1200
1004
702
493
262
241
446
623
654
720
1131
1465
1294
619
114
306
1084
2047
2372
1856
819
594
2052
4121
4611
2318
-703
-1724
-23
2254
3079
2267
323
-1813
-3538
-3964
-3602
-3583
-3931
-3790
-2949
-3039
-4853
-7201
-7956
-6736
-4682
-2748
-1493
-1073
-1581
-2268
-2271
-1390
98
2260
4735
6173
5626
3807
2954
3810
5349
6372
6810
6995
6557
5478
4181
3339
2915
2778
3076
3382
3056
1691
96
-946
-1637
-2268
-2568
-2055
-1437
-1704
-2802
-3703
-3955
-4164
-4412
-4100
-3002
-2033
-1983
-2470
-2800
-2686
-2234
-1523
-868
-690
-833
-525
404
1035
669
-172
-429
18
595
1088
1597
1815
1225
218
-280
-22
386
609
928
1280
1073
192
-573
-607
-146
308
654
834
553
-173
-752
-704
-255
102
228
426
665
661
349
-36
-74
453
1466
2304
2077
889
509
2121
4151
3941
1337
-546
348
2433
3119
2033
447
-952
-2046
-2360
-1968
-2460
-4455
-6026
-5385
-3820
-4169
-6556
-8376
-8178
-7004
-5849
-4590
-3339
-2858
-3239
-3275
-2444
-1367
-67
2094
4576
5526
4522
3648
4625
6369
7132
7131
7478
8087
8003
7296
6718
6215
5491
5069
5408
5631
4748
3275
2377
1813
594
-773
-1017
-382
-469
-1654
-2721
-3254
-4228
-5709
-6090
-4689
-3120
-3114
-4333
-5475
-5976
-5674
-4349
-2687
-2239
-3148
-3620
-2483
-1057
-1000
-1659
-1466
-462
216
532
1171
1867
1582
538
244
1096
2150
2474
2278
1984
1391
656
434
980
1434
1314
940
753
482
-439
-1189
-1060
-236
455
687
698
291
-767
-1868
-1461
371
2070
2229
1310
1316
2369
2778
1354
-462
-154
2502
4772
4395
2441
474
-838
-1868
-2244
-1039
130
-593
-2995
-4999
-5602
-5762
-6293
-6559
-5835
-5104
-4784
-4891
-5227
-5366
-5055
-3518
-1422
-139
303
974
1868
2087
1813
2420
4780
6772
6871
5887
5141
5148
5140
5154
5663
6409
6652
6302
5287
3717
2496
2341
3614
4553
3670
1874
563
477
716
319
-615
-1475
-2112
-2424
-2616
-3230
-3652
-3847
-3910
-4203
-5092
-5400
-4863
-4415
-4655
-4930
-4355
-3179
-2945
-3899
-4226
-3316
-1576
-375
-258
-254
-164
91
560
1127
1706
2248
2346
2289
2297
2143
2299
2317
2179
1868
1321
1235
1625
1888
1482
748
311
833
1411
1283
898
535
841
1062
808
811
1776
3171
3118
1004
-1322
-940
1426
3144
2683
808
-502
-1538
-2350
-2373
-1607
-1482
-2790
-4294
-4913
-4813
-5705
-6858
-6858
-5974
-4948
-4640
-4582
-4624
-4801
-4581
-3162
-1080
538
1823
2481
2546
1914
1607
3312
6085
7774
7347
5885
4754
4496
4716
5278
6152
6128
5168
3886
2909
2523
2282
2242
2305
1961
975
317
340
604
638
-171
-1166
-2030
-2313
-1512
-508
-548
-1693
-2928
-3571
-3248
-2693
-2048
-1786
-2903
-4049
-3979
-2657
-1560
-2187
-3528
-3723
-2839
-1722
-846
-705
-720
-928
-1178
-782
-281
320
1046
1152
651
124
128
1014
1517
1040
635
569
724
832
805
1118
1498
1302
1225
1429
1615
1881
1853
2087
2642
3204
3974
4160
2898
1035
586
2355
4785
4792
2408
208
-932
-1155
-1477
-1704
-1465
-2201
-4112
-5826
-6616
-7220
-7992
-8437
-7474
-6133
-6451
-7327
-7803
-7328
-6053
-4377
-1989
-81
265
-115
491
1852
3473
4905
6163
7396
7258
6603
6364
6747
7244
7400
7557
7301
6530
5088
4288
4139
3883
3451
2777
2310
1230
-105
-898
-305
290
-974
-3164
-4678
-3810
-2376
-2352
-3469
-4424
-4675
-4731
-4526
-3993
-2845
-2882
-3728
-4062
-3595
-2376
-1937
-2081
-2152
-1618
-668
483
665
-19
-25
761
2358
2903
2397
2173
2311
2428
2260
2286
2604
2887
2145
1200
709
471
701
801
684
181
-645
-919
-117
944
917
-180
-1042
-72
2266
3190
1831
-70
-33
1952
3271
3000
2514
2578
1566
-482
-1563
-303
1216
-562
-3799
-5190
-4464
-4369
-6318
-8236
-8333
-7628
-7794
-7930
-7895
-7572
-7037
-6568
-5493
-4332
-3033
-1293
75
455
1057
2829
5141
6592
6322
6081
6852
7722
8490
9163
9634
9575
8455
7297
7304
7736
7667
7187
6207
4899
3476
2370
3221
4152
2458
-1108
-4041
-3795
-1871
-1681
-3351
-4807
-6184
-7232
-7700
-7586
-6224
-6220
-7091
-7038
-6610
-6088
-6208
-6517
-5718
-3985
-2775
-1677
-1574
-2138
-1289
169
1982
2798
2531
2791
3234
3282
3438
4314
5211
5472
4210
2925
3094
3358
3657
3613
3122
2545
1432
602
1244
2756
3297
2231
293
-129
1186
1634
1086
679
1444
2445
1452
-287
-285
503
-185
-1881
-2220
-736
-809
-3816
-6146
-5556
-4363
-5431
-7884
-8559
-7000
-6301
-7087
-7775
-7878
-7364
-6612
-5559
-4435
-3457
-2391
-1011
-471
-886
57
2451
4557
4845
4453
5589
7216
7228
6452
7155
8773
9645
9170
8517
8576
8359
7771
7684
7847
7573
7503
6815
4954
2383
662
1837
3407
2159
-1318
-3617
-4439
-4625
-4926
-5634
-5842
-7825
-9551
-9176
-7788
-7137
-8807
-10261
-9747
-7813
-6636
-5703
-5339
-5580
-4921
-3733
-1252
487
703
489
417
1265
2894
4763
5841
5667
4493
4021
4621
5172
5275
5181
5057
4845
4235
3784
4223
4386
3947
2715
2087
2613
3146
2963
1908
1813
1742
1299
229
-240
964
842
-940
-3229
-3153
-1813
-2162
-4174
-6105
-5929
-6191
-6931
-7651
-7641
-7076
-7723
-8032
-8019
-7507
-6980
-6063
-4865
-4282
-3528
-2871
-1434
-504
196
1585
2664
3405
3562
4283
5220
5734
5809
6496
7828
8080
7695
7050
7204
7653
7521
7799
8311
8734
8163
6314
4516
4122
5154
6001
5236
2627
348
-407
-531
-555
-1582
-2902
-4401
-6179
-6913
-6611
-5927
-6499
-8505
-10275
-9843
-7986
-7151
-7658
-8696
-8143
-6419
-5121
-4638
-4770
-4460
-3910
-2885
-1251
409
1160
629
421
1196
2689
3950
4259
4371
4417
4574
4938
6183
7804
8018
6794
5216
5612
7225
7973
7292
6371
6799
6518
4591
2496
2903
4409
3608
942
-1381
-1282
-1441
-3290
-5290
-6035
-6253
-7811
-9020
-9166
-8981
-10191
-11836
-11571
-10252
-8818
-8538
-8673
-8480
-7807
-6206
-4259
-2448
-1627
-727
403
1403
2422
3571
5307
6040
6178
7015
8530
9438
8867
8166
8546
9699
10052
10094
10069
9820
8510
6258
5232
5786
7106
7202
5427
2107
-297
-1048
-876
-277
-1142
-2363
-4464
-6296
-6729
-6221
-5835
-7401
-9385
-10180
-8252
-6472
-6509
-7555
-8440
-6994
-5524
-4785
-4605
-3958
-2636
-1998
-1897
-1742
-294
806
973
665
815
2171
2789
2416
1704
1752
2936
4447
5563
5474
4381
3115
3096
4283
5292
6082
6658
6834
5526
3055
2392
4140
5849
4915
2685
1862
2017
1048
-1098
-1656
-963
-1455
-3773
-5656
-5288
-4998
-6315
-8010
-7936
-6750
-6723
-7934
-9084
-8481
-6971
-5579
-4849
-5180
-5374
-4910
-3596
-2124
-691
515
880
506
125
1721
4378
6176
6469
6148
6537
6907
7209
8167
10211
11364
10376
8362
7361
8392
9429
9446
8176
6210
4035
2367
1979
2310
2181
174
-2530
-4685
-5462
-5302
-5631
-6741
-8359
-9348
-9425
-9109
-9379
-9848
-9617
-8738
-7960
-8028
-7913
-6862
-5371
-4404
-3960
-3152
-1840
-717
-218
366
1498
2620
3178
3136
3610
4894
6279
6977
6519
6066
5820
6010
6515
7552
8943
8599
6538
4276
4473
5882
5792
4097
2318
2196
1445
-50
-1397
-2172
-3196
-5486
-6303
-5509
-4741
-6337
-9028
-9615
-8529
-6850
-6457
-6457
-6659
-7088
-6581
-5338
-3208
-2013
-1519
-1363
-1321
-624
484
2467
3639
3810
3531
3711
4504
5047
5932
6685
7070
6322
5785
6600
7902
8120
6605
5510
5495
6399
6404
5537
4360
3232
2513
1489
1197
677
66
-1549
-3280
-3657
-3433
-3339
-5393
-7324
-7753
-6341
-5218
-6331
-7876
-8782
-7608
-6182
-5273
-5156
-5814
-6124
-6113
-4725
-2983
-1670
-1486
-2258
-2684
-2617
-1380
414
2063
2784
2453
2205
1930
2013
2856
5144
7856
7861
5415
3471
4919
7732
8267
6676
5345
5540
4910
3801
3750
4512
3627
-266
-2808
-1848
379
-37
-3003
-4994
-5264
-5228
-6197
-6257
-5098
-4283
-4936
-6759
-7276
-6281
-4608
-3504
-3365
-3506
-3339
-2780
-2363
-1517
-260
1055
1531
1119
1563
3016
4456
4835
4769
5579
6914
7810
7880
7895
7867
7653
7690
8264
9268
8749
6606
4484
3803
4711
4770
3110
503
-1413
-1864
-1900
-2626
-4459
-6196
-7306
-7402
-7198
-7659
-8260
-9317
-9861
-9500
-8575
-7404
-7226
-7792
-8073
-7098
-5331
-3703
-2969
-3183
-3147
-2798
-1379
829
2529
3586
3138
1745
1088
2633
6329
9114
8117
4640
3223
5119
7609
8068
6785
6203
5566
3670
2593
3661
5073
3301
-964
-2887
-1150
178
-1814
-4571
-5151
-4083
-4192
-5670
-5878
-4897
-4400
-4769
-5155
-4817
-4154
-3798
-3370
-2545
-2018
-1574
-1180
-1137
-797
65
1316
2225
2340
2350
3074
3799
4033
4747
5381
5716
5392
5371
6953
7770
6760
5079
5042
6476
7368
6507
4978
4769
4251
3591
2485
1740
1966
1155
-54
-1642
-2478
-3137
-4272
-5399
-5805
-5044
-5751
-7344
-9081
-8942
-6932
-6551
-7226
-8403
-8286
-7113
-6389
-5798
-5196
-4492
-4706
-4781
-4167
-2494
-521
318
1000
871
43
-71
1940
5654
7809
6086
2883
2665
5137
7642
7809
6545
5752
4559
3469
3760
5698
6082
3184
-359
-1146
1276
1940
-82
-2411
-3143
-2478
-3169
-4180
-4411
-3738
-3655
-4695
-5399
-5640
-4543
-3794
-3523
-3412
-3821
-3427
-3123
-2391
-1323
-129
743
590
608
931
2246
3458
4183
4959
5172
5282
5492
6494
7610
7672
6795
6342
7181
8054
7984
6869
5765
5181
4825
4378
3967
3477
2266
615
-979
-1605
-1763
-2268
-3281
-4558
-5532
-6506
-7038
-7445
-7555
-7444
-7551
-7650
-8191
-8699
-8877
-7853
-6362
-5517
-5510
-6186
-5924
-5179
-3689
-2057
-995
-139
-55
-239
-674
445
3164
5730
6170
3799
2625
3738
6047
7109
6132
5618
5334
4806
3921
4260
5377
4728
2503
216
763
2161
1681
146
-1259
-925
-879
-1999
-2922
-2691
-1628
-1814
-2755
-3893
-4045
-3182
-2781
-2516
-2981
-3384
-3525
-3655
-3072
-2204
-1399
-1543
-2079
-1843
-621
849
1303
1237
1665
2676
3596
4206
5043
5932
5954
5448
5540
6668
7723
7289
6163
5098
4994
5399
5288
4969
3912
2621
1152
281
250
253
84
-1081
-2452
-3854
-4391
-4100
-4243
-4451
-5236
-5875
-6134
-6396
-6430
-6468
-6097
-5648
-5701
-6276
-6600
-5994
-5104
-3965
-3496
-3394
-2396
-2102
-2404
-2574
-1411
1600
3475
2600
455
275
2047
4217
4966
4091
3773
2773
2057
2704
4101
5045
3309
575
-379
1260
2392
1723
604
-128
368
-236
-1287
-901
411
1383
564
-852
-1307
-303
758
1250
1192
409
-134
-639
-541
592
1653
1590
224
-1274
-1233
261
1247
1183
715
551
708
681
1011
2074
2795
2269
1599
1915
2816
3131
2622
2258
2411
2311
1677
1450
1675
1685
1034
80
-507
-734
-698
-642
-659
-1551
-2755
-2812
-2179
-1564
-2109
-2914
-2891
-2682
-2860
-3416
-2958
-2164
-1596
-2034
-3229
-3483
-3429
-2497
-1623
-1405
-1375
-1490
-1743
-2819
-3079
-1777
956
2224
-18
-2231
-2236
178
2229
1767
576
-118
-164
-36
760
1799
1828
373
-1952
-1916
225
1776
1537
-468
-1398
-829
-238
106
718
1772
1787
660
-685
-156
2131
3521
3400
1756
344
390
1454
2972
3725
3126
1454
139
307
1895
3495
3412
1913
590
487
1454
2549
3038
2837
1721
500
281
1258
2414
2301
1315
36
-646
-656
-422
104
-74
-793
-1783
-2615
-2850
-2664
-1992
-1647
-2067
-3348
-4236
-3653
-2531
-1923
-2503
-3096
-2791
-2331
-2351
-2372
-1680
-738
-426
-1043
-1507
-1204
-489
348
935
814
547
982
1154
716
109
899
3270
3811
1659
-453
77
2217
3283
2089
327
-41
-429
-449
80
480
280
-1978
-4291
-4141
-1718
-42
-1124
-3699
-5113
-3836
-2563
-1964
-1363
-1159
-1277
-2521
-3118
-1570
946
2371
1723
360
-375
507
2204
3741
4555
3806
2634
2080
2742
4534
5893
5824
4425
3063
3064
4273
5467
5579
4769
3483
2341
2165
2928
3705
3317
1593
-327
-1118
-542
130
-275
-1650
-3185
-3657
-3641
-4131
-4379
-4322
-4117
-4595
-5727
-5983
-4981
-4027
-4295
-4735
-4808
-3949
-3032
-3159
-2998
-2576
-1659
-938
-885
-788
-384
186
355
874
1475
2221
2865
2920
2632
1668
1432
2768
4750
5082
3143
1299
1348
2840
3552
2713
1322
403
63
224
531
488
-321
-2073
-3440
-3177
-1610
-807
-2112
-4374
-5005
-3260
-1689
-1733
-2914
-3527
-2783
-2042
-1538
-950
-209
139
-325
-859
-313
1544
2918
2763
1637
977
1987
3345
3987
4085
3872
3646
3252
3358
4310
5535
5636
4311
3285
3050
3728
4467
4523
3988
2627
1175
496
1135
1843
1470
-110
-2048
-2595
-2117
-1817
-2383
-3403
-4001
-4043
-4318
-4956
-5097
-4638
-4182
-4497
-5034
-4985
-4187
-3843
-4287
-4248
-3232
-1865
-1864
-2567
-2487
-1276
-298
-593
-609
224
1480
1971
1517
1013
822
1379
2514
3548
3482
2304
1429
1659
2674
3368
2621
1248
405
756
1795
1839
899
-694
-1967
-2215
-1213
393
98
-2097
-4255
-3750
-1319
-464
-1442
-2690
-2393
-1629
-1575
-1439
-771
284
196
-535
-766
31
1513
2046
1613
990
1315
2431
3152
3216
3142
3498
3643
3327
3380
4276
5191
5021
3977
3323
3470
3816
3989
3760
3195
2302
1421
1126
1298
1308
564
-630
-1593
-1819
-1472
-1793
-2769
-3550
-3577
-3113
-3623
-4591
-4863
-4236
-3817
-4299
-4382
-3936
-3307
-3767
-4528
-3977
-2666
-1469
-1880
-2466
-2209
-1403
-1109
-1614
-880
588
1480
402
-424
670
1684
1400
189
1152
2991
3083
1260
185
1627
2670
2189
321
9
1210
1706
1241
-222
-446
-539
-986
-1551
-1213
273
-64
-1761
-3447
-2380
-76
95
-903
-1721
-648
93
-381
-588
145
1494
1320
717
503
1115
2026
1896
1740
1568
1869
2287
2166
1976
2054
2492
2344
1880
1952
2708
3167
2502
1795
1971
2475
2474
2144
2030
2156
1778
1130
950
1145
1132
428
-190
-360
-247
-348
-989
-1487
-1619
-1512
-1579
-2078
-2567
-2659
-2438
-2361
-2383
-2272
-2360
-2574
-2946
-2913
-2109
-1671
-1546
-1863
-2221
-1889
-1445
-1049
-1343
-1516
-1218
-679
-624
-1117
-86
478
-321
-1935
-2125
570
2223
1542
-530
-1075
-319
383
975
604
761
231
-62
125
-101
-34
-645
-1238
-1658
-747
324
-354
-2119
-3399
-1669
215
37
-1048
-1379
-272
87
-34
379
1616
2162
1298
974
1378
2519
3086
2821
2545
2217
2537
2721
2583
2385
2674
3243
2643
1615
1483
2640
3276
2422
1620
1751
2242
1785
1259
1841
2638
2151
507
-383
387
1528
1233
-176
-1171
-1024
-573
-972
-1792
-1923
-1534
-1701
-2646
-3345
-2784
-1802
-1802
-2605
-3001
-2502
-1776
-1686
-2054
-1978
-1604
-1422
-1377
-1178
-726
-513
-938
-1396
-1447
-840
-55
-130
-968
-1719
-853
140
-382
-1888
-2260
-426
394
-256
-1463
-1075
94
-200
-470
-772
109
365
1
-6
-177
469
-193
-1062
-1671
-696
1379
778
-1254
-2989
-1318
1215
1032
-142
-710
862
1453
906
1038
1967
3204
2490
1700
1485
2032
2999
2850
2358
1359
1211
1646
1524
1178
1022
1704
1608
623
127
756
1675
1565
1153
1227
1465
1342
1339
1711
2115
1797
1188
1223
1708
2288
2067
1496
825
546
799
760
755
402
191
-325
-1413
-2031
-1970
-1150
-1157
-2081
-2969
-3206
-2819
-2962
-3095
-2903
-2456
-2616
-3570
-3916
-3319
-2340
-2285
-3052
-3565
-3555
-3276
-3059
-2800
-2539
-2459
-2144
-1606
-1586
-2068
-2079
-376
1430
1646
561
-66
892
1850
2731
2915
2710
2087
1418
2049
2734
3309
2553
1198
192
218
1978
2601
1337
-1068
-1465
503
1381
656
-747
-427
363
151
-62
114
984
810
139
-63
287
1130
1116
577
-222
-310
562
943
538
-98
201
725
478
233
847
1891
1876
1219
1305
2175
2619
2323
2233
2837
3363
2952
2228
1835
2190
2574
2460
1920
1162
887
569
299
-26
-91
34
-729
-1814
-2595
-2217
-1682
-2153
-2944
-3528
-3408
-3657
-4187
-4137
-3733
-3313
-3970
-4794
-4922
-4351
-3472
-3680
-4006
-4035
-3521
-3269
-3869
-3435
-2486
-1432
-1640
-1775
-770
-429
-502
-661
1466
3531
3526
2206
1300
2950
4551
5666
5055
3954
3809
4116
5047
4533
4294
3972
3180
2052
1418
3116
3575
1780
-993
-1158
967
1100
-349
-1845
-1235
-889
-1907
-2522
-2335
-1279
-1587
-2386
-3078
-3196
-2356
-1889
-1771
-2573
-2681
-1890
-1318
-1307
-1363
-248
519
354
-49
729
2229
2951
3176
3296
3704
3610
3671
4291
5097
5443
4791
4163
3579
3645
4079
4337
3980
2572
1353
639
734
1035
846
34
-1655
-3114
-3686
-3368
-2974
-3448
-4506
-5749
-6545
-6663
-6273
-5614
-5461
-6058
-7107
-7547
-6707
-5277
-4475
-4700
-5126
-4973
-4139
-3335
-2608
-2050
-1200
-470
-466
-426
477
2938
4082
3176
1985
3101
6179
7172
6455
5213
5890
6960
7184
7493
7033
7056
6092
5716
5603
5281
5327
3806
2265
681
1299
2478
920
-2018
-4188
-2770
-1746
-3009
-4769
-5386
-4552
-5203
-5835
-5646
-5015
-4866
-5613
-5338
-4767
-3991
-3476
-3273
-3086
-2988
-1876
-624
116
234
638
1521
2046
2649
3670
4998
5160
4697
4789
5696
6585
6565
6742
6693
6416
5671
5303
5721
5502
4887
3630
2874
2341
1653
884
-608
-1564
-2149
-2317
-3299
-5249
-6436
-6588
-6082
-6717
-7923
-8581
-8521
-8308
-8625
-8575
-8151
-7629
-7541
-7484
-6855
-5922
-4975
-4490
-3927
-3147
-2129
-1322
-850
287
1759
2861
2594
2450
3873
5634
6311
5718
6565
7943
7904
6523
6174
8660
10250
9609
7200
6052
6908
7848
8499
6879
4955
3509
3469
3991
2991
2090
314
-1548
-3426
-3568
-1845
-2472
-5148
-8064
-7835
-6402
-6792
-7519
-7883
-7185
-7659
-8310
-7568
-6155
-4725
-4726
-4789
-4752
-3789
-1744
-165
399
-24
485
1754
2865
3616
4585
5560
5447
4967
5323
6916
7875
7622
6826
6524
6747
6672
6691
6356
5944
4957
3840
3129
2545
2165
1066
-215
-1446
-2177
-2816
-4120
-5478
-6322
-6229
-6533
-7838
-9248
-9650
-9052
-8779
-9120
-9415
-9219
-8788
-8448
-7978
-7114
-6070
-5147
-4546
-3935
-2906
-1462
-76
801
1582
2515
3417
4068
4888
6254
7453
7565
6948
6903
7712
8854
9177
8681
7844
7431
8050
8142
7324
5863
5661
6428
6043
4839
3299
3028
2496
1662
1381
793
-30
-1980
-2808
-2714
-2849
-3573
-5483
-6646
-7340
-6667
-5746
-6388
-7728
-8939
-8045
-6901
-6550
-6314
-5950
-5037
-4884
-4356
-3081
-1707
-714
-475
186
885
1729
2866
3923
4555
4342
4292
4759
5368
5792
6059
6210
5752
4951
4618
5005
5306
4935
4081
3154
2438
1915
1898
1755
892
-510
-1762
-1942
-1942
-2271
-3325
-4586
-5170
-5419
-5221
-5650
-6270
-6589
-6605
-6278
-6616
-6682
-6327
-5568
-4943
-4944
-4574
-3968
-2977
-2103
-1409
-562
89
841
1492
2295
3367
4393
5126
5096
5002
5418
6430
7314
7197
6551
5883
5799
5999
6082
5818
4930
3738
2795
2812
2960
2387
1127
458
635
216
-910
-1791
-1171
-595
-985
-1959
-2676
-2424
-2401
-1889
-1889
-2443
-3034
-3383
-2652
-2711
-2584
-2739
-3284
-3867
-4207
-2486
-1748
-2542
-3843
-3582
-1567
-1164
-1376
-1562
-670
163
98
693
1083
1690
1865
2005
2304
2127
2421
2622
2573
1974
1569
1808
1735
1271
683
594
450
72
-238
-269
-371
-776
-756
-714
-767
-1209
-1317
-915
-803
-798
-1167
-1123
-1202
-1135
-679
-512
-266
-626
-653
-624
-498
61
303
574
124
-105
75
437
940
764
768
677
770
972
906
1106
1223
1429
1282
936
848
1065
1478
1264
803
486
429
555
373
132
49
-51
-339
-676
-860
-701
-513
-719
-1056
-1128
-1047
-1059
-911
-741
-462
-665
-955
-156
604
663
71
352
1576
2180
2103
1705
2298
2641
2771
3062
2695
2475
1802
1835
1851
1388
1016
-96
-1166
-2295
-1711
-727
-1730
-3834
-5390
-4285
-3176
-3580
-4465
-4870
-4462
-4641
-4626
-4032
-3205
-2810
-3242
-3602
-3397
-2319
-1011
-552
-1175
-1471
-695
438
991
1081
1819
2406
2362
2055
2617
4170
4888
4830
4219
4082
4525
4954
5775
5800
5351
4505
3886
4122
4320
4611
3876
2578
1476
1062
1504
1199
328
-871
-1734
-2114
-2479
-2508
-2846
-3513
-4406
-4870
-4536
-4262
-4343
-4797
-5039
-4831
-4437
-3964
-3645
-3499
-3303
-2902
-2340
-1792
-1292
-678
-182
194
573
1127
1773
2101
2426
2793
3265
3505
3386
3442
3693
4058
3966
3581
3291
3202
3220
3195
3185
2658
1676
1034
1762
2805
2276
352
-977
-235
777
762
-362
-1528
-2176
-2635
-2240
-2265
-2874
-3966
-4820
-4990
-5424
-5030
-4835
-5459
-6802
-7172
-5271
-4208
-4743
-5811
-5100
-3302
-2759
-2458
-1888
-640
-88
173
1149
2086
2962
3278
3862
4196
4413
5094
5617
5782
5333
5544
5919
5813
5440
5340
5678
5157
4483
4171
4320
4045
3134
2797
2646
2417
1385
481
295
282
111
-892
-1684
-2297
-2456
-2465
-2790
-3083
-3732
-3919
-4154
-4292
-4185
-3944
-3559
-4141
-4630
-4380
-3254
-2432
-2820
-3098
-2926
-2013
-1232
-791
-505
-539
-199
349
1058
1498
1766
2151
2236
2137
2224
2996
3718
3477
2656
2274
2785
3219
3010
2418
1929
1618
1272
1038
814
550
110
-482
-1157
-1697
-1693
-1457
-1673
-2650
-3475
-3461
-2920
-2466
-2624
-3133
-3774
-3531
-2168
-1075
-1232
-2331
-2204
-832
467
867
430
256
192
1001
2094
2417
1921
926
994
1453
2093
2489
1927
824
-139
811
2228
2225
949
-103
477
1059
1076
956
926
925
396
22
64
412
754
522
-139
-850
-895
-251
40
-310
-777
-945
-821
-859
-799
-324
6
-123
-556
-520
33
617
1025
899
795
791
1011
1524
1622
1762
1846
1702
1380
1154
1505
1670
1560
1145
842
603
-64
-109
259
417
-162
-1339
-1922
-1765
-1187
-1096
-1725
-2604
-3208
-2940
-2645
-2571
-2614
-2947
-3164
-3444
-3356
-2732
-2188
-2059
-2421
-2514
-2152
-1430
-740
-558
-406
-342
-76
478
912
1334
1551
1674
1680
1627
1850
2285
2660
2491
2051
1819
1837
2036
2182
2226
1967
1363
968
1123
1565
1681
1330
855
581
657
929
1182
1063
732
568
544
585
579
732
774
517
131
-131
-98
-135
-66
-117
-541
-1299
-1832
-1540
-1080
-1085
-1862
-2655
-2823
-2368
-1782
-1883
-2372
-2708
-2369
-1874
-1685
-1543
-1348
-1077
-1117
-977
-428
175
338
60
157
621
1149
1228
1074
1192
1434
1614
1505
1545
1829
2032
1873
1449
1448
1815
2079
1857
1415
1270
1317
1305
1234
1293
1195
700
178
215
614
672
163
-497
-748
-634
-384
-552
-1106
-1496
-1509
-1353
-1601
-1771
-1650
-1633
-1967
-2327
-1896
-1308
-1238
-1692
-2034
-1643
-977
-500
-671
-1072
-965
-413
62
4
-70
184
417
357
239
540
1001
1076
743
519
721
1103
1276
1133
922
855
943
990
991
1085
1170
1008
551
324
691
1241
1185
456
-93
92
616
775
527
242
31
-206
-231
149
546
415
-223
-665
-556
-100
255
204
-186
-657
-763
-456
-141
-77
-246
-521
-894
-1087
-739
-250
-326
-1046
-1529
-1280
-905
-913
-1201
-1348
-1376
-1416
-1330
-1199
-1129
-1149
-1038
-817
-745
-726
-509
-63
234
239
246
495
897
1199
1362
1424
1479
1593
1783
1978
2035
2015
1932
1808
1654
1602
1732
1712
1348
791
528
653
738
557
186
-112
-327
-443
-330
-184
-246
-572
-809
-730
-562
-451
-444
-504
-649
-746
-642
-522
-538
-676
-744
-718
-724
-712
-725
-787
-863
-784
-575
-490
-600
-703
-562
-318
-149
-75
-30
-9
-66
-44
173
481
558
311
63
75
330
538
516
306
76
2
86
229
265
157
-32
-201
-228
-132
-45
-96
-246
-338
-389
-455
-481
-370
-243
-363
-653
-755
-522
-263
-296
-524
-645
-522
-346
-300
-324
-273
-138
-96
-155
-75
212
489
512
401
494
809
1087
1158
1150
1227
1374
1487
1504
1510
1550
1574
1486
1287
1138
1108
1064
865
571
332
142
-72
-274
-425
-578
-843
-1153
-1333
-1352
-1333
-1452
-1689
-1846
-1773
-1576
-1503
-1603
-1664
-1509
-1251
-1062
-980
-896
-738
-529
-261
-4
183
293
461
752
1027
1220
1315
1460
1659
1827
1937
1958
2012
2056
2091
2047
1899
1812
1721
1637
1421
1157
974
799
627
329
119
-74
-325
-649
-960
-1022
-1078
-1251
-1703
-2131
-2261
-2148
-1985
-2181
-2598
-3033
-3039
-2637
-2274
-2264
-2642
-2848
-2689
-2167
-1649
-1390
-1352
-1440
-1251
-752
-46
479
627
616
700
1139
1713
2174
2307
2224
2253
2406
2632
2734
2778
2766
2626
2398
2153
2103
2100
1990
1661
1232
930
740
615
391
168
-49
-307
-641
-938
-934
-797
-802
-1174
-1528
-1520
-1243
-999
-1093
-1228
-1291
-1131
-886
-685
-496
-440
-329
-256
-34
247
500
661
633
744
900
1135
1220
1227
1285
1279
1300
1191
1135
1020
876
748
574
431
87
-231
-499
-651
-764
-1054
-1394
-1781
-1990
-2080
-2158
-2262
-2431
-2544
-2684
-2718
-2594
-2345
-2139
-2192
-2261
-2110
-1660
-1202
-1004
-929
-738
-347
33
304
586
992
1373
1544
1658
1966
2446
2764
2778
2764
2992
3299
3363
3172
3062
3177
3258
3055
2683
2453
2358
2144
1736
1361
1168
974
543
-36
-432
-555
-668
-1015
-1506
-1867
-2018
-2115
-2255
-2374
-2454
-2589
-2787
-2871
-2711
-2447
-2352
-2464
-2536
-2376
-2028
-1704
-1512
-1403
-1293
-1098
-811
-453
-117
108
231
355
593
907
1185
1351
1442
1533
1649
1788
1919
2008
2023
1997
1989
2006
2001
1908
1782
1698
1621
1486
1267
1058
901
748
549
288
23
-220
-420
-591
-781
-1000
-1240
-1470
-1654
-1743
-1746
-1800
-2008
-2265
-2353
-2178
-1947
-1907
-2061
-2206
-2111
-1772
-1412
-1244
-1277
-1296
-1119
-754
-355
-70
74
103
189
483
908
1247
1350
1342
1445
1690
1951
2088
2122
2167
2253
2322
2292
2207
2177
2215
2194
1992
1719
1550
1476
1351
1095
799
560
360
134
-135
-383
-571
-732
-942
-1192
-1364
-1418
-1462
-1590
-1697
-1670
-1574
-1551
-1583
-1519
-1310
-1074
-930
-865
-784
-598
-330
-58
146
226
250
334
542
805
980
971
837
788
916
1102
1137
973
769
653
632
623
540
354
94
-140
-271
-335
-460
-705
-995
-1191
-1260
-1307
-1432
-1635
-1783
-1802
-1778
-1798
-1832
-1793
-1682
-1578
-1528
-1453
-1275
-1039
-835
-693
-543
-329
-81
153
363
566
761
930
1092
1286
1480
1624
1700
1744
1816
1905
1954
1952
1924
1882
1797
1657
1534
1473
1428
1286
1019
730
549
497
467
328
65
-242
-443
-473
-413
-398
-567
-863
-1071
-1017
-765
-609
-740
-1032
-1156
-966
-637
-467
-559
-726
-735
-530
-259
-82
-51
-110
-116
38
299
497
518
448
455
594
774
849
810
745
744
795
838
838
785
696
598
529
499
480
402
250
72
-53
-111
-170
-274
-435
-615
-762
-854
-904
-970
-1090
-1257
-1393
-1433
-1401
-1400
-1480
-1593
-1655
-1613
-1508
-1410
-1377
-1409
-1429
-1353
-1154
-924
-776
-745
-749
-654
-414
-118
97
194
222
291
475
743
995
1122
1124
1097
1168
1367
1571
1652
1607
1533
1519
1567
1620
1653
1643
1569
1433
1287
1207
1198
1176
1065
882
683
509
390
325
274
168
-41
-295
-457
-454
-386
-418
-589
-784
-854
-783
-661
-591
-610
-683
-737
-681
-507
-319
-243
-303
-380
-332
-152
26
84
35
-22
-25
26
101
170
195
128
-17
-129
-124
-39
-7
-124
-331
-501
-544
-493
-459
-518
-675
-842
-925
-881
-774
-725
-793
-929
-983
-874
-681
-542
-528
-554
-501
-344
-141
26
121
191
287
420
574
720
829
885
920
975
1048
1114
1116
1045
975
960
959
898
759
605
501
441
371
258
106
-40
-165
-255
-302
-345
-438
-588
-710
-727
-654
-610
-667
-766
-800
-712
-576
-482
-444
-421
-372
-266
-117
46
174
238
297
403
562
707
790
837
894
976
1041
1066
1062
1059
1056
1035
990
928
853
747
620
512
442
363
211
0
-184
-291
-352
-428
-555
-721
-897
-1033
-1070
-1034
-1015
-1124
-1333
-1477
-1447
-1300
-1205
-1245
-1364
-1454
-1429
-1286
-1081
-921
-906
-987
-1016
-858
-558
-302
-203
-235
-247
-132
79
317
493
565
542
516
604
820
1042
1115
1031
932
954
1101
1250
1296
1224
1107
1045
1089
1188
1239
1173
1006
840
794
875
958
891
673
458
360
404
470
417
226
2
-113
-137
-131
-138
-207
-366
-583
-665
-567
-479
-546
-698
-758
-766
-754
-727
-674
-633
-658
-664
-654
-610
-541
-464
-412
-438
-414
-350
-287
-249
-206
-137
-133
-132
-108
-56
-16
-3
8
-38
-17
52
77
28
-17
29
23
15
21
17
-8
-72
-105
-130
-18
41
-186
-366
-185
20
-269
-434
-29
34
-615
-850
-55
324
-362
-664
-60
221
-316
-260
579
697
-32
-224
615
1110
826
641
801
907
767
918
1283
1322
948
518
589
931
1006
669
302
233
150
-21
-87
-54
-230
-704
-958
-821
-685
-879
-1139
-1104
-1045
-1156
-1218
-1010
-813
-902
-974
-787
-516
-456
-454
-232
56
163
126
236
510
657
674
781
996
1048
892
904
1139
1279
1139
980
1006
982
857
825
942
896
580
370
429
559
440
198
75
16
-65
-201
-225
-270
-459
-681
-783
-737
-788
-941
-1132
-1236
-1260
-1292
-1287
-1335
-1399
-1489
-1490
-1359
-1244
-1194
-1239
-1203
-1089
-919
-753
-637
-523
-461
-317
-128
83
251
341
468
563
698
836
974
1060
1046
1121
1215
1287
1267
1240
1281
1238
1190
1120
1084
1030
916
829
708
636
541
439
334
213
159
66
-19
-110
-145
-118
-180
-245
-318
-292
-230
-218
-224
-291
-268
-209
-154
-120
-98
-27
-59
-101
-51
102
201
96
18
44
113
95
20
40
24
-66
-182
-207
-164
-218
-328
-438
-481
-503
-566
-638
-704
-748
-795
-853
-896
-909
-941
-1007
-1017
-963
-914
-954
-973
-891
-788
-710
-638
-500
-402
-355
-246
-48
169
282
357
447
575
754
926
1049
1084
1103
1174
1266
1373
1427
1440
1370
1270
1252
1289
1316
1189
1017
898
807
742
642
559
412
219
64
-18
-47
-175
-332
-465
-520
-542
-606
-655
-725
-759
-780
-777
-756
-756
-736
-734
-692
-639
-583
-537
-512
-440
-349
-256
-209
-179
-107
-18
77
149
210
263
293
304
315
367
423
424
380
329
314
275
207
161
145
101
-14
-121
-179
-205
-276
-390
-450
-488
-553
-663
-719
-693
-699
-752
-820
-828
-803
-795
-778
-743
-687
-648
-606
-533
-472
-429
-358
-209
-12
142
252
349
419
453
442
448
555
798
1084
1293
1359
1270
1119
966
841
808
841
929
1090
1238
1253
1090
830
633
485
310
169
155
305
500
577
489
294
22
-266
-485
-620
-570
-358
-135
-5
-50
-234
-421
-583
-684
-631
-495
-335
-241
-207
-117
-52
-115
-255
-337
-341
-365
-427
-368
-137
18
-79
-319
-479
-475
-489
-616
-676
-592
-479
-422
-465
-536
-612
-774
-909
-901
-803
-640
-528
-500
-470
-505
-602
-716
-811
-713
-443
-229
-155
-150
-29
199
174
-128
-330
-197
245
595
670
716
795
863
880
827
809
840
804
919
1222
1479
1537
1299
1053
1117
1259
1241
1135
972
1046
1239
1159
1008
790
577
559
466
269
132
21
-5
-77
-369
-616
-742
-731
-752
-981
-1044
-972
-942
-898
-1010
-1089
-1072
-1211
-1268
-1307
-1329
-1240
-1191
-881
-605
-715
-685
-771
-631
-110
-43
316
742
741
1075
943
689
1036
755
937
941
308
488
298
369
722
211
-116
-113
-214
337
745
705
827
603
514
507
481
535
460
224
-78
-483
-640
-610
-876
-868
-1201
-1269
-1075
-1403
-1305
-1429
-1680
-1274
-1365
-1290
-804
-1101
-763
-586
-878
-607
-674
-336
422
595
747
859
771
856
550
289
484
786
937
627
249
12
73
309
399
555
620
629
893
1158
1352
1315
1209
1286
1323
1223
828
606
692
683
646
469
257
246
87
-72
-93
-193
-37
162
204
189
-60
-241
-309
-431
-344
-267
-305
-383
-680
-683
-474
-418
-280
-193
-123
-115
-349
-540
-341
-90
80
270
63
-3
-163
-592
-525
-633
-452
-80
-146
-85
-292
-511
-638
-792
-766
-632
-403
-481
-608
-781
-967
-961
-984
-952
-895
-789
-756
-625
-601
-715
-543
-378
-51
158
75
132
197
348
450
430
430
528
722
840
1059
1026
1087
1201
1072
1383
1340
1491
1729
1550
1689
1279
921
809
725
862
742
609
456
492
198
-186
-318
-475
-51
60
24
-13
-425
-619
-894
-910
-778
-763
-790
-929
-946
-1141
-1287
-1301
-1212
-1084
-1220
-1268
-1097
-839
-822
-1079
-1162
-889
-498
-296
-197
15
199
214
230
434
778
930
933
1024
1188
1215
955
782
798
794
646
395
362
512
617
650
599
531
435
313
248
218
242
246
229
193
139
44
-127
-341
-543
-509
-409
-322
-242
-304
-253
-261
-301
-197
-186
-132
-117
-139
-159
-314
-422
-342
-106
-9
-135
-367
-505
-401
-256
-62
102
127
196
270
370
367
154
17
-30
29
105
110
73
-77
-254
-374
-360
-266
-189
-133
-151
-185
-226
-258
-253
-216
-120
55
221
256
171
28
-50
-42
4
92
203
266
276
228
97
39
-59
-117
-21
62
181
126
-11
-26
-21
-27
-94
-107
-15
94
57
26
87
90
17
-178
-224
-127
-131
-156
-170
-106
-116
-288
-408
-371
-257
-272
-274
-195
-77
-47
-201
-208
-85
2
22
2
92
203
204
196
266
338
392
374
349
420
459
507
565
621
694
705
664
618
610
643
697
692
678
666
611
584
492
447
404
261
148
32
28
31
-22
-57
-147
-211
-338
-480
-545
-567
-562
-633
-696
-723
-688
-738
-891
-951
-976
-888
-856
-903
-895
-911
-845
-787
-709
-609
-543
-506
-549
-569
-578
-499
-348
-203
-54
-44
-69
-58
-17
80
78
36
10
11
95
192
310
401
425
345
235
157
188
336
410
407
306
251
306
372
424
358
278
234
235
287
343
390
385
382
383
434
447
434
496
543
620
611
551
555
582
657
674
650
624
576
525
445
375
343
363
366
301
199
92
66
49
12
-35
-111
-172
-259
-314
-328
-313
-322
-386
-443
-483
-494
-525
-545
-537
-544
-576
-626
-613
-549
-509
-526
-577
-601
-568
-518
-489
-454
-413
-369
-340
-334
-339
-328
-271
-185
-105
-72
-95
-110
-66
28
111
103
42
26
75
154
202
176
108
78
113
170
180
133
75
69
102
139
143
74
0
-31
40
154
181
131
24
-20
21
115
189
193
170
125
145
198
256
287
271
284
300
356
390
389
411
416
456
480
483
478
475
520
531
535
487
454
458
462
476
411
364
300
276
272
204
170
72
18
-52
-123
-161
-249
-282
-387
-442
-496
-571
-575
-646
-664
-745
-793
-791
-801
-752
-790
-806
-832
-813
-739
-717
-682
-690
-656
-585
-517
-451
-404
-332
-270
-184
-112
-61
20
67
130
202
262
340
366
395
437
460
494
485
478
481
489
487
459
432
382
351
311
284
263
220
176
124
110
87
63
27
-28
-46
-74
-88
-101
-122
-138
-154
-159
-153
-135
-129
-125
-136
-118
-74
-48
-41
-63
-58
-46
-23
-6
-1
20
39
51
46
48
50
48
43
41
55
62
66
64
66
67
49
39
24
21
22
16
14
9
22
12
4
2
10
28
23
27
32
54
58
64
74
71
80
60
38
27
36
45
28
19
20
40
36
10
-14
-35
-27
-28
-27
-25
-23
-16
-38
-41
-31
-14
-16
-54
-52
-41
-8
-11
-47
-68
-87
-78
-92
-100
-102
-125
-137
-170
-166
-143
-147
-166
-207
-179
-139
-116
-125
-161
-131
-114
-86
-79
-72
-37
-52
-38
-35
20
65
33
9
-7
53
90
93
82
62
87
97
119
125
129
131
105
116
129
156
158
138
130
128
165
169
163
156
147
164
160
173
159
155
156
143
160
150
150
124
111
103
90
92
61
42
19
6
-6
-31
-36
-53
-57
-72
-87
-89
-113
-112
-124
-128
-121
-123
-112
-111
-115
-123
-129
-132
-127
-113
-122
-139
-145
-152
-148
-147
-148
-140
-149
-152
-167
-172
-171
-169
-155
-156
-130
-134
-138
-136
-135
-108
-106
-76
-61
-42
-22
-27
-7
-1
25
46
49
64
85
107
114
124
134
152
163
164
177
189
206
200
197
195
196
196
170
169
159
153
133
106
97
79
75
51
43
34
18
10
-19
-27
-45
-60
-74
-90
-87
-94
-99
-106
-108
-105
-103
-89
-92
-78
-71
-69
-57
-45
-27
-21
-3
11
22
33
35
44
41
45
50
59
61
57
57
46
43
32
29
15
10
4
-13
-16
-29
-28
-37
-45
-62
-88
-94
-100
-95
-102
-106
-108
-107
-98
-96
-85
-87
-75
-62
-44
-28
-27
-18
-19
-1
12
30
49
59
79
82
96
108
124
138
144
161
173
184
186
189
192
196
194
186
183
168
165
152
137
116
86
64
31
9
-11
-28
-48
-79
-100
-131
-153
-165
-179
-184
-187
-186
-185
-193
-203
-199
-201
-208
-208
-213
-207
-202
-194
-197
-201
-198
-198
-188
-175
-153
-144
-131
-119
-107
-90
-75
-60
-45
-20
5
26
54
74
90
110
124
140
158
179
194
203
208
212
215
215
221
211
208
201
197
199
186
176
163
152
143
135
128
111
94
79
61
47
34
15
-3
-18
-26
-23
-29
-37
-36
-36
-27
-22
-21
-12
-9
-7
-4
2
11
8
8
4
2
6
9
7
6
3
-7
-14
-21
-27
-33
-45
-62
-74
-87
-101
-113
-127
-140
-152
-162
-165
-159
-161
-161
-158
-157
-155
-160
-161
-152
-139
-124
-117
-109
-102
-94
-82
-73
-58
-37
-16
5
20
41
61
76
90
98
113
122
124
121
128
133
132
131
125
136
140
136
123
117
117
108
97
87
85
82
71
56
49
43
34
16
3
-2
-8
-24
-43
-59
-71
-73
-81
-89
-91
-94
-88
-89
-90
-82
-71
-55
-43
-35
-20
-6
5
11
17
28
36
38
34
39
50
57
62
65
69
77
80
82
82
90
94
88
90
85
92
92
82
74
65
69
65
48
39
33
29
20
9
2
-9
-17
-28
-43
-54
-63
-70
-78
-90
-102
-105
-106
-120
-128
-128
-132
-134
-132
-134
-133
-132
-128
-120
-116
-113
-112
-105
-93
-84
-75
-67
-53
-38
-25
-11
2
10
19
23
27
40
50
59
64
67
69
61
49
44
48
50
53
45
43
45
40
36
36
42
46
52
56
56
55
57
68
74
79
80
79
80
88
95
92
87
81
82
86
90
86
82
76
68
68
60
54
46
36
27
22
14
3
1
-4
-5
-11
-21
-24
-38
-53
-61
-75
-84
-96
-106
-120
-137
-146
-150
-162
-174
-186
-192
-190
-189
-185
-182
-178
-165
-154
-143
-123
-100
-79
-51
-30
-4
20
48
76
102
125
146
167
180
203
225
234
235
236
237
231
226
220
213
200
182
164
143
121
101
76
51
30
8
-13
-34
-58
-77
-94
-114
-136
-151
-162
-175
-189
-199
-203
-203
-197
-194
-192
-189
-189
-181
-166
-150
-138
-127
-112
-98
-88
-74
-55
-32
-11
9
27
50
66
85
101
114
127
134
147
155
158
160
155
159
155
149
146
141
140
130
121
110
98
83
65
51
36
23
18
6
-5
-25
-45
-54
-63
-67
-74
-83
-86
-89
-83
-80
-80
-76
-75
-69
-59
-59
-66
-69
-62
-55
-45
-35
-26
-15
-13
-3
8
23
37
41
41
43
51
56
58
55
54
57
48
45
44
38
32
29
27
26
20
14
5
-4
-6
-13
-21
-26
-39
-43
-50
-57
-64
-67
-66
-67
-63
-64
-56
-41
-29
-15
-7
8
16
20
23
23
34
41
49
57
55
57
63
62
61
65
57
58
53
46
39
27
21
15
13
9
4
1
-1
-6
-11
-15
-22
-22
-29
-39
-43
-50
-52
-52
-59
-61
-65
-64
-67
-70
-69
-67
-71
-76
-69
-64
-51
-47
-47
-42
-34
-19
-15
-7
3
19
26
32
41
46
53
57
64
73
71
68
73
79
75
78
79
70
70
61
61
61
59
54
48
43
34
30
21
7
0
-7
-8
-8
-13
-24
-30
-39
-42
-34
-33
-21
-29
-27
-24
-26
-27
-27
-27
-29
-28
-32
-33
-31
-29
-27
-31
-34
-32
-31
-37
-43
-40
-36
-37
-37
-30
-19
-13
-12
-8
-2
1
9
16
20
21
28
36
39
39
34
35
33
32
35
38
37
37
33
31
34
33
28
24
23
18
13
2
-4
-2
-1
-3
-6
-6
-5
-7
-14
-21
-28
-31
-31
-35
-33
-30
-29
-29
-25
-19
-9
-12
-15
-12
-11
-9
-9
-8
0
3
1
6
7
13
15
17
22
23
27
23
29
29
35
39
36
42
40
43
