2
6
5
3
0
-1
-2
-5
-4
-6
-6
-8
-7
-4
-8
-9
-6
-4
-8
-7
-11
-14
-11
-6
0
-3
-7
-9
-15
-15
-12
-12
-11
-9
-11
-12
-6
-1
5
5
10
11
16
21
18
24
27
22
24
21
17
17
16
18
23
19
21
19
15
14
9
6
1
-1
0
0
-6
-11
-10
-14
-14
-14
-17
-16
-14
-10
-12
-14
-12
-13
-11
-4
-1
-2
-3
-4
-1
-5
-4
-5
-5
1
-2
-4
-7
-7
-2
-3
-2
2
4
5
3
-1
4
4
4
2
-2
0
-6
-7
-10
-10
-4
-9
-10
-9
-5
-2
-2
-2
-1
-3
-7
-7
1
7
9
7
7
9
4
4
6
11
14
13
15
8
6
2
-1
2
9
12
13
16
9
2
3
-1
4
6
8
9
8
4
4
4
-1
-3
-6
-7
-8
-7
-11
-13
-6
-6
-3
4
1
-3
-6
-3
-4
-3
-8
-6
0
0
-1
-6
-9
-9
-9
-11
-8
-8
-11
-7
-8
-6
2
0
-3
1
2
4
5
-1
0
3
8
7
-1
3
1
7
5
3
10
13
9
4
4
3
6
0
0
2
-1
0
-8
-10
-10
-12
-10
-14
-9
-1
0
1
-3
-3
-4
-3
-3
-1
4
-1
3
5
7
11
10
8
5
11
13
12
8
1
8
11
9
10
4
-5
-7
-3
-3
-1
-5
-7
-3
-5
-9
-14
-12
-1
5
6
4
9
10
10
10
7
10
7
8
10
8
5
-4
-4
-4
-7
-15
-20
-23
-21
-19
-21
-21
-19
-18
-17
-17
-17
-10
-12
-14
-13
-5
-1
-6
-4
-2
5
4
2
12
12
9
5
8
21
26
28
22
21
21
17
22
15
13
15
16
16
11
12
9
0
-2
5
5
-2
-10
-7
-7
-8
-7
-9
-7
-6
-6
-3
-1
0
0
7
13
15
13
4
-2
-7
-13
-14
-19
-15
-3
-3
0
-3
-11
-16
-22
-22
-12
-8
-13
-8
-1
-6
-7
-11
-16
-11
-10
-7
2
6
4
-1
-5
3
6
3
5
8
5
7
15
15
12
2
-6
-5
0
0
1
1
6
11
11
3
-2
-1
-2
2
1
6
9
5
3
2
-1
-7
-5
-3
-4
-3
-1
-3
-2
0
-1
0
-1
3
10
7
10
7
12
17
6
11
16
15
17
8
2
1
-2
-5
-6
0
3
1
2
7
6
6
3
-4
2
0
-4
-8
-8
0
-3
-5
-5
-5
-2
-7
-17
-20
-17
-14
-16
-13
-12
-7
-7
-8
-4
-5
-2
-5
-12
-5
-4
-12
-17
-16
-9
-6
-5
-3
-3
-4
-4
5
15
13
15
14
4
-1
1
6
5
1
3
5
-1
-9
-6
-5
-1
6
5
14
10
4
4
-3
2
6
13
16
18
25
21
12
5
12
12
5
1
3
16
18
17
22
26
27
16
9
7
12
9
6
6
9
14
2
-6
-15
-20
-19
-22
-22
-19
-7
-3
-11
-24
-28
-33
-36
-29
-30
-23
-16
-18
-24
-29
-32
-31
-37
-39
-34
-36
-27
-17
-14
-9
-9
-4
-16
-18
-14
-13
2
13
29
38
33
19
10
8
4
8
13
31
40
40
36
26
21
8
9
14
26
43
42
38
39
33
20
12
5
6
11
14
18
23
35
31
17
11
13
17
-5
-10
-2
14
35
22
14
10
6
1
-17
-7
5
10
5
-24
-41
-49
-53
-62
-76
-49
-38
-51
-63
-85
-83
-100
-114
-111
-100
-52
-31
-20
-15
-20
-14
-43
-61
-35
1
54
72
86
110
87
55
19
9
34
43
79
124
149
156
108
59
29
8
9
1
36
84
84
50
3
-18
-50
-95
-103
-82
-39
-22
-31
-10
2
-3
-32
-60
-44
-44
-45
-28
-4
32
30
21
21
5
3
-8
-13
-1
16
39
39
32
29
0
-14
-8
-12
1
8
20
16
7
15
6
2
-13
-21
-12
-11
-22
-24
-12
0
11
6
-8
-10
-19
-46
-51
-38
-24
-12
-12
2
12
21
14
-6
9
7
-3
0
-8
-6
6
13
18
21
16
-7
-21
-23
-41
-36
-15
-13
12
29
20
-6
-26
-34
-45
-11
10
17
38
45
42
31
27
18
25
39
33
29
33
36
47
59
56
46
34
7
-20
-20
-6
7
18
3
-17
-11
-13
-29
-32
-31
-28
-27
-40
-52
-38
-24
-43
-45
-36
-28
-14
-6
-3
0
-1
-22
-40
-28
-9
16
35
33
28
24
-10
-29
-7
1
-1
0
3
2
13
15
-7
-5
3
-28
-55
-45
-19
5
29
30
13
19
4
-31
-32
-7
12
21
34
48
50
39
28
21
33
32
2
-10
10
38
40
50
58
49
37
-22
-87
-79
-43
-6
32
55
57
42
-3
-62
-74
-42
-26
-21
-1
34
72
77
46
24
27
16
-21
-34
11
52
81
95
76
69
60
-2
-72
-90
-74
-66
-57
-9
32
60
31
-73
-164
-207
-235
-239
-169
-66
23
61
8
-83
-137
-187
-226
-218
-136
-18
61
80
77
104
95
3
-97
-140
-114
-28
73
154
226
253
185
39
-73
-76
-16
71
142
179
213
219
151
81
92
99
84
92
100
107
121
106
52
42
75
62
28
40
71
53
8
-18
-52
-81
-108
-152
-126
-22
16
-23
-25
-2
-71
-210
-280
-256
-175
-85
-69
-13
95
62
-118
-250
-256
-212
-168
-127
-38
145
243
106
-29
-49
-107
-196
-201
-111
45
213
248
168
145
92
-71
-158
-142
-110
-2
146
196
184
159
87
-21
-94
-174
-169
-14
98
96
104
151
106
-19
-134
-163
-69
39
46
43
140
205
102
-26
-6
77
78
8
-37
27
101
29
-53
37
171
165
117
116
78
-15
-121
-223
-220
-87
25
73
162
211
113
-13
-112
-246
-305
-227
-126
-49
49
172
223
142
-36
-192
-234
-241
-258
-132
129
347
344
147
-43
-213
-390
-434
-246
96
374
421
298
117
-88
-305
-398
-258
-30
142
234
240
231
168
-11
-168
-187
-144
-144
-90
68
231
318
219
40
-54
-131
-231
-238
-72
139
239
221
108
-7
-74
-126
-113
-20
57
34
-16
-17
-43
-77
-33
80
173
105
-70
-142
-80
-50
-123
-107
101
251
158
-64
-175
-106
-79
-158
-123
106
317
289
98
-47
-112
-194
-253
-188
-8
190
251
198
133
26
-128
-224
-198
-87
9
69
157
216
162
20
-121
-151
-141
-131
-35
98
197
196
65
-68
-121
-160
-187
-106
35
156
207
166
70
-44
-136
-182
-158
-90
-3
120
192
141
43
10
-1
-54
-84
-91
-35
72
86
33
15
28
-7
-67
-89
-68
18
78
29
-6
14
11
-37
-64
-20
12
-11
-49
-28
22
8
-10
-8
21
35
-9
-19
-5
41
14
-63
-31
26
25
-8
4
29
10
-19
-23
-16
-1
39
63
50
20
-35
-81
-87
-54
-5
67
137
165
107
-11
-96
-142
-149
-102
13
133
181
172
86
-31
-116
-148
-131
-79
7
106
173
143
81
31
-38
-98
-98
-38
43
99
97
74
38
-11
-66
-74
-16
8
43
70
54
10
-34
-36
-39
-68
-143
-119
8
78
73
29
-49
-153
-214
-252
-220
-44
117
137
87
39
-97
-282
-369
-317
-106
130
234
189
80
-13
-131
-225
-207
-43
101
128
121
116
115
70
48
47
27
14
20
46
82
132
156
154
124
74
48
90
130
60
3
48
87
49
22
30
22
37
37
16
-7
-25
-33
-51
-52
-57
-64
-61
-31
18
13
-46
-73
-37
-66
-106
-81
-46
-19
-28
-41
-71
-68
-26
11
3
-35
-31
-36
-22
-25
5
52
30
15
-30
-19
-16
-21
-18
-30
16
2
30
-1
-35
20
1
10
-14
8
28
6
11
-3
39
75
96
28
-53
-29
-31
-25
1
83
150
87
19
-9
-4
32
73
84
39
49
89
30
-36
-7
87
75
30
79
109
61
-78
-133
-91
-49
16
21
33
39
-1
-58
-115
-66
-74
-144
-148
-80
50
48
35
53
4
-74
-222
-256
-190
-118
-37
4
94
108
-7
-114
-169
-124
-99
-83
-15
40
115
73
-56
-94
-31
90
86
38
64
55
-29
-137
-73
100
173
195
170
112
43
18
57
53
55
59
72
57
46
93
63
75
146
186
166
61
41
-13
-110
-137
-117
39
142
145
128
113
220
194
22
-138
-255
-287
-299
-126
133
298
388
316
113
-169
-309
-255
-247
-200
-114
-2
97
119
118
-10
-86
-45
-151
-339
-419
-278
-81
-90
-109
-17
49
-11
-302
-529
-494
-302
-60
-65
-39
135
122
-42
-345
-381
-131
-27
-1
16
194
399
379
241
22
-119
-145
-191
-155
66
377
631
658
505
290
-9
-232
-379
-376
-113
191
448
521
427
304
93
-89
-216
-225
-99
-47
23
123
159
202
203
126
21
-24
29
12
-28
-7
40
93
40
-25
26
129
162
116
62
1
-19
-78
-190
-187
-71
63
105
91
83
62
-4
-113
-137
-87
-91
-131
-95
-9
26
-20
-66
-41
-49
-123
-196
-217
-169
-115
-53
-13
-34
-31
-20
-95
-197
-170
-75
-66
-93
-105
-98
-47
-36
-47
-12
8
43
62
-28
-101
-53
-2
-36
-31
60
135
141
68
-9
6
113
232
233
107
34
58
13
-86
-67
92
239
248
231
222
182
127
23
-82
-117
5
168
178
110
124
185
161
110
126
131
25
-101
-139
-124
-56
86
173
112
42
69
58
-77
-154
-133
-178
-246
-210
-109
-44
-30
34
73
31
-14
-126
-283
-363
-384
-348
-179
90
217
121
35
1
-128
-297
-372
-347
-274
-142
-6
49
143
203
38
-188
-194
-66
-79
-176
-129
-3
71
124
133
135
148
113
53
10
45
120
109
64
79
158
235
226
173
132
119
120
105
65
57
100
115
62
88
164
137
100
41
-9
-25
-13
51
5
-4
66
25
1
-7
-44
-49
-54
-23
-24
-38
18
-9
-54
-31
-76
-159
-175
-106
-45
-23
27
19
-56
-87
-136
-197
-179
-24
30
-100
-93
-50
-56
-80
-132
-94
-51
-30
-46
-140
-111
40
78
35
17
21
19
-85
-143
-31
76
97
87
107
86
11
19
69
75
159
236
74
-118
-91
-10
25
167
364
369
242
135
-18
-188
-153
27
111
172
281
265
133
16
-25
-34
9
78
44
16
72
77
-10
-41
35
34
-91
-143
-65
23
52
76
59
-43
-176
-281
-317
-187
45
136
104
141
131
-132
-375
-356
-182
-62
-96
-134
-47
56
46
-6
73
175
69
-215
-513
-644
-487
-140
109
295
524
510
129
-303
-530
-543
-398
-178
65
264
314
225
55
-62
-59
-61
-62
-25
22
61
9
-39
55
163
211
205
145
76
-24
-131
-126
12
174
247
203
94
7
-7
-34
-42
116
249
202
154
125
36
4
43
27
45
144
123
47
79
171
281
314
150
-38
-102
-182
-204
-65
115
274
286
93
-134
-220
-249
-286
-126
81
102
71
17
-138
-273
-306
-311
-248
-119
-42
-47
-49
-43
-101
-153
-150
-144
-143
-170
-189
-159
-112
-74
-32
19
65
41
-92
-198
-176
-90
-74
-36
144
228
75
-83
-47
56
62
63
125
167
116
27
-39
-16
110
206
164
72
169
307
222
70
41
73
-7
-103
-26
136
247
283
254
149
83
85
-10
-156
-188
-84
-25
-40
2
69
111
88
26
-17
-41
-87
-212
-345
-344
-204
-67
74
253
292
146
-74
-258
-403
-457
-276
36
205
198
169
96
-54
-140
-131
-86
-20
40
50
-12
3
145
181
90
18
-31
-58
-103
-120
-31
133
256
187
29
-12
-30
-187
-281
-122
106
135
36
54
88
-10
-119
-142
-85
-3
33
17
5
58
140
95
-54
-98
-31
-21
-78
-62
67
176
147
59
2
-8
-13
-48
-69
-18
52
48
-10
-3
66
76
57
41
-10
-76
-113
-103
-47
41
111
77
-19
-59
-94
-153
-118
65
188
90
-61
-117
-144
-169
-127
27
191
237
127
-72
-203
-198
-107
-31
45
174
200
57
-64
-91
-107
-107
-1
108
94
100
98
39
2
3
-9
-36
22
30
-78
-77
50
113
67
58
100
54
-28
-93
-128
-68
35
75
35
15
38
22
-22
-15
-8
-30
-6
16
-42
-70
32
93
38
10
35
21
-48
-48
-53
-85
-22
36
36
24
119
165
16
-112
-143
-125
-140
-153
-37
122
196
135
50
-5
-89
-149
-196
-183
-112
-65
2
97
183
198
96
24
-58
-237
-300
-231
-46
228
346
277
107
-44
-175
-317
-256
-24
211
294
196
148
40
-129
-187
-123
42
110
97
64
46
85
-4
-47
-18
-2
63
-1
-49
16
86
51
-73
-37
-32
-46
9
30
131
135
29
-74
-134
-82
-81
-4
65
27
122
104
-1
22
38
-53
-174
-122
-91
-150
-28
180
282
210
51
-62
-124
-212
-288
-217
-57
126
254
191
57
26
-24
-178
-194
-50
-12
-14
25
-24
-72
-8
79
165
245
138
-80
-156
-197
-290
-221
42
223
218
169
96
-48
-138
-131
-104
-26
69
101
69
9
-48
-87
-19
66
36
18
87
124
49
-49
-84
-81
-82
-82
2
152
219
215
170
37
-150
-244
-182
-96
-60
21
158
204
136
-19
-165
-123
33
64
-45
-74
-5
41
20
-84
-119
23
193
178
5
-157
-165
-52
-54
-82
62
151
103
116
98
-60
-164
-147
-142
-54
76
22
40
198
146
4
24
-14
-221
-242
-115
-50
142
338
303
144
-56
-283
-368
-271
-129
136
396
292
44
30
-12
-226
-254
-55
0
-126
-81
153
261
179
50
-6
-39
-151
-235
-135
37
107
154
209
194
6
-268
-326
-131
67
145
218
245
110
-112
-222
-113
-26
-78
-86
6
146
260
184
29
-33
-140
-257
-193
-48
69
92
-10
63
256
161
-67
-90
2
-76
-285
-280
2
223
168
29
163
368
20
-517
-391
21
7
-71
175
346
160
-74
-95
-97
-132
-56
-30
-90
-31
111
147
180
227
54
-81
-93
-256
-343
-148
99
326
403
92
-65
67
-123
-314
-34
239
114
-128
-284
-220
-37
55
278
443
326
83
-231
-480
-510
-414
-104
345
437
456
486
88
-313
-493
-503
-171
67
185
513
500
63
-178
-319
-422
-239
-57
133
331
318
204
-120
-385
-150
23
-182
-16
369
201
-96
-136
-147
-36
133
-47
-122
207
186
-103
-142
3
188
247
-36
-294
-16
102
-185
-67
179
89
97
170
5
-89
-76
-151
-116
-61
-164
-192
138
443
90
-33
310
33
-375
-414
-354
-137
11
96
404
602
244
-265
-161
64
-393
-658
39
581
172
-58
409
384
-167
-287
-122
34
-11
-25
247
104
-88
77
-22
-124
-90
-165
46
136
-203
-138
85
45
16
-69
-153
-170
24
73
-216
-7
199
-30
117
91
-158
61
65
-224
-10
277
51
-136
75
333
170
-200
-140
47
157
110
-76
-45
-118
-28
208
-95
-230
79
-67
-156
127
-154
-201
235
247
147
10
-252
-466
-218
172
-73
-145
427
670
221
-95
-224
-256
-8
-257
-200
375
344
125
191
213
-72
-298
-331
3
155
-185
-101
66
119
19
-134
125
268
-64
-152
112
-143
-472
-318
131
355
113
149
270
122
-135
-273
-477
-216
207
76
270
325
61
-237
-239
-68
-37
140
179
276
48
-277
-217
-224
-213
41
356
315
192
173
-326
-548
-156
3
133
39
142
235
74
-162
-193
-39
-64
-262
46
530
136
-204
-158
212
119
-151
-215
-10
-16
-215
201
44
431
655
178
-279
-298
-80
-614
-305
79
182
337
628
350
-236
16
-231
-84
6
-381
-164
-55
-316
-296
615
531
21
196
9
1
-434
-719
-468
189
263
-282
206
425
264
-197
133
227
-572
-369
-537
-368
-9
20
-23
416
661
25
-129
-337
-414
-705
-289
242
-150
-29
437
502
-20
-206
-5
320
-214
-390
9
49
127
-190
414
441
200
327
-87
-371
49
440
-380
278
821
340
70
-337
23
132
326
88
-38
484
672
91
-233
373
-11
-87
-156
-415
-8
636
102
-643
442
801
87
-875
-530
357
239
-356
-561
451
141
-498
-626
-30
660
-326
-270
279
195
-304
-482
-632
-414
573
160
-256
-175
489
155
-827
-97
314
-47
-160
247
71
-286
-446
-9
243
-286
178
532
37
-310
258
1
-729
-13
483
99
-54
20
-136
94
-98
-394
193
324
390
366
-170
-357
-9
-105
-727
126
592
136
240
391
448
-108
-702
-161
533
-264
-518
239
592
295
-353
160
718
-193
-465
210
-190
71
-195
-570
489
746
-4
-535
186
606
-257
-944
-284
215
-141
142
423
2
142
722
-336
-1142
50
323
-698
-94
534
121
174
52
-185
-17
552
-259
-608
134
401
-442
-487
617
481
175
-174
-827
-42
656
-710
-343
1052
873
-588
-691
-173
-440
36
160
82
571
819
-882
-1044
405
406
-544
-78
692
341
-316
-888
68
704
-236
-174
733
-160
-449
-16
167
-87
183
646
-225
-162
315
102
-615
293
623
217
515
-414
-266
613
-17
-749
-228
1049
420
-242
180
96
226
-304
-190
-315
75
488
-454
64
459
187
-341
-144
-48
347
150
-1119
-89
719
62
-1186
-377
813
154
-822
-746
662
316
-882
-804
-51
90
-519
-1082
-242
732
-253
-559
-270
89
142
-984
-859
336
400
-700
-271
427
540
-391
-688
880
957
-229
-401
775
534
-272
-136
1281
1124
-232
378
922
574
-426
-135
906
673
-101
271
1104
22
-29
88
202
482
-162
-340
501
285
-459
-800
422
979
-948
-107
441
92
-957
-99
-112
-537
-93
-187
561
-34
78
-774
-538
226
-403
-745
-53
563
149
-334
-416
63
-544
-536
-18
185
-81
-139
278
-107
-254
-300
-160
-182
146
-140
17
515
-9
-466
36
101
-622
-337
-2
843
446
-612
-301
245
-96
-1298
66
970
-165
12
142
419
-292
-1117
84
559
327
-29
435
625
331
-488
-382
629
0
79
1051
711
30
548
197
-274
218
331
38
268
1064
592
-284
307
242
-481
-534
561
403
-401
363
525
15
-379
-839
-471
571
-464
-669
717
623
-541
-1152
195
138
-706
-489
258
-281
290
-110
-621
237
-575
237
-114
-445
-404
-262
-221
157
-46
-238
506
-267
-294
-352
-798
-121
-474
-278
862
-17
-797
-279
581
-78
-778
-674
502
-91
-804
52
299
111
-65
-87
628
484
-934
-518
519
589
368
301
949
662
132
61
445
161
-428
677
1079
833
373
755
532
12
-440
422
11
-428
792
113
649
587
184
-362
-474
10
-616
-353
-163
862
-609
-33
707
-277
-369
-1220
-10
291
-413
-1086
568
931
-579
-1121
-352
644
-103
-1253
-270
882
232
-1037
-167
493
-107
-1420
-1033
974
886
-1048
-826
1604
313
-1000
-1432
547
97
-1101
33
969
326
-455
-118
-430
730
-400
-271
267
350
-365
-812
595
501
33
-201
1206
177
53
-135
-392
337
300
290
293
1068
521
227
-860
534
783
-673
474
149
544
535
232
182
594
-619
-792
-255
-229
819
729
589
465
-427
-1419
-525
-514
-644
-128
547
2347
176
-1194
-499
-732
-1551
-1130
296
1212
808
-277
550
-453
-998
-811
-1076
-585
1160
388
344
-1
460
-563
-1844
-59
693
-43
-299
838
263
-657
-186
341
-297
-633
1105
888
-996
-196
549
-424
-195
573
331
642
447
-209
-589
450
-148
-441
-26
819
861
-481
443
1016
-418
-561
260
632
384
-1276
248
1140
320
-221
608
476
-77
-218
-648
535
-463
325
448
204
416
-456
-347
-209
98
-548
392
-4
78
-527
-781
-61
-998
-5
408
486
-524
-152
-435
-549
-801
-744
-320
102
253
142
-292
-361
555
-1235
-388
52
203
-156
-259
254
-792
-6
553
48
144
498
-214
-566
22
-83
-281
280
554
889
502
-427
-13
-286
-49
59
263
794
656
626
9
-261
377
49
-407
608
1547
278
-104
791
199
135
-59
304
613
202
119
524
-32
564
-35
47
270
-219
-220
295
-588
-517
882
-582
-182
189
-318
-1058
-900
-79
108
-674
-518
270
175
-2
-827
-1203
-598
-494
-736
421
505
-514
802
-238
-718
-732
-445
-165
-907
501
945
653
-527
-232
-582
-873
124
205
539
616
178
-11
-502
-941
627
100
51
262
607
650
-104
-701
-159
62
-272
471
270
878
51
-109
535
536
-663
-546
456
567
209
438
766
1068
163
-324
469
33
-693
603
1265
561
-472
384
1001
-343
-876
639
1132
-673
-697
70
424
-1213
-592
1022
523
-958
-441
-24
210
-1779
-708
233
-782
76
-144
22
-200
634
-1286
-700
38
-834
-193
12
188
680
160
573
-577
-532
429
-973
-637
765
482
276
893
-468
138
826
-773
-1383
394
747
-647
-324
1357
337
-600
257
291
-389
-359
-594
15
141
-83
336
693
626
69
-17
132
-647
-388
244
451
286
156
310
445
488
-76
76
-111
275
-86
-647
408
233
179
936
-354
-597
699
103
-1219
143
1016
161
-849
-674
459
-14
-1099
130
753
164
-220
-433
-399
-821
-630
103
419
-124
709
133
-849
-63
-727
-528
-63
317
-79
907
716
-620
-223
-849
-62
168
39
-99
1262
1029
-272
-681
-467
313
-655
-817
1552
1709
-282
-95
-74
5
-1323
-1312
692
906
174
950
776
-332
-467
-1237
-388
346
-186
-6
601
907
-70
-505
634
714
-237
-1311
158
729
-894
-740
1007
866
178
282
-128
1
216
-1154
-714
352
-381
-210
744
974
187
-689
-787
385
-473
-379
-218
573
-23
0
650
310
-539
-1303
348
501
23
-221
27
1021
-161
-1020
368
991
-413
-628
585
436
-483
-398
322
-285
-531
602
302
147
747
-576
-1008
125
-319
-558
58
-31
441
341
47
83
-115
-961
-428
180
356
-179
110
1335
-373
-872
378
362
-219
243
172
-569
672
536
-745
305
638
8
241
-90
-95
165
-89
-444
1084
565
-416
90
177
-317
-216
522
-429
-385
454
740
-444
-509
389
603
-673
-552
780
-182
-1174
47
1247
-344
-493
107
25
-144
-478
-191
46
-188
-173
-429
489
-25
-866
656
270
-442
-613
-342
-101
77
234
229
195
-67
-26
-328
-538
52
-1018
96
1321
237
195
343
-167
-847
-303
-466
105
251
130
190
371
1094
-46
-157
468
-788
-833
776
654
322
221
430
804
-336
-402
-146
167
585
220
614
983
-359
-1151
-123
313
89
-458
927
829
-226
-683
-743
-373
-906
-65
115
1084
1028
-607
-1437
-691
-99
-1349
-955
800
450
-148
436
90
-1235
-52
-257
-882
1109
682
-681
-164
548
-1046
-1176
970
2151
434
542
574
-1436
-1264
-515
187
683
1426
1447
423
17
-1209
-1861
-268
415
452
1562
1983
-56
-1487
-696
-1351
-464
18
1278
2251
216
-26
-891
-823
-139
-145
-293
977
464
-699
-285
513
885
-906
147
1425
-134
-1554
122
-435
-27
-141
661
1160
363
357
-904
-405
-1463
-788
-324
951
1012
-67
471
462
-945
-1627
-723
-179
-145
149
1250
-11
-2
-701
-1087
393
-494
-665
-768
1281
242
-79
627
-215
-283
-1413
-575
792
-104
-248
822
1493
347
-768
-380
-545
-113
-539
1305
1787
367
-179
-616
-62
-248
-144
408
1091
649
670
380
-955
-761
-507
325
741
1103
611
212
-293
-542
-258
-614
-272
601
1323
336
-32
-360
-335
23
-411
-427
133
924
83
277
243
142
-229
-976
246
537
-1191
-678
743
-233
118
753
546
-491
-526
-228
-1755
-887
211
-57
479
265
578
-813
-844
-740
-771
-29
130
-189
1005
315
-2336
-720
449
-632
-679
1716
1009
-844
-418
1289
-459
-2388
253
1196
-223
36
929
150
539
-371
-47
881
-480
116
-164
776
214
-12
171
358
839
-174
223
-364
1516
435
-659
-320
674
564
-503
241
834
297
-1190
1268
942
-136
-89
155
276
206
-707
283
1080
-1100
1029
586
-554
-570
93
-357
-332
301
410
-207
-1403
438
-1263
-683
-584
-138
280
-167
-20
229
-795
-1733
397
-1048
-342
566
1046
-734
-1489
697
638
66
-442
-775
443
559
-1545
405
1412
-411
-768
1974
273
-1930
-755
603
314
-310
1809
927
-347
-611
-288
-280
-335
-30
951
558
61
106
-295
163
-198
-523
-539
1414
326
-539
13
119
-445
125
750
288
663
-147
-829
-343
199
-329
926
931
-369
553
1002
-1165
-1084
-128
297
70
531
629
477
224
-1562
-686
538
14
-977
-173
973
234
-697
174
780
163
-722
-1125
-66
69
-581
242
440
91
205
396
429
-348
-1538
-505
158
639
1182
579
-841
-207
573
-1076
-327
-65
607
677
532
-666
251
939
-900
-1155
543
368
-1671
600
2039
-472
-1279
67
287
-15
-555
-388
654
-13
-718
401
1336
111
-1824
-924
382
444
191
653
574
152
-5
-268
-245
-195
-98
-266
971
620
-349
875
914
-856
-979
238
231
304
868
1212
-231
-276
625
-441
-1202
-1346
85
1401
1133
418
-575
-267
-870
-1573
-1317
-110
438
412
1498
529
-565
-1637
-427
-924
-1451
1203
887
344
818
569
-59
-785
-891
-754
-83
686
1115
697
-182
-203
163
-404
-1378
114
1601
-229
-97
1489
-184
-634
-303
-409
57
-15
523
804
227
-42
-251
-292
-148
-1142
-681
933
1309
16
303
332
-957
-1363
-1020
747
720
36
874
525
65
-129
-1518
-288
116
17
-78
560
804
609
-526
-846
788
37
-1075
-762
821
592
77
119
72
234
-338
178
-904
-248
212
-55
698
107
416
99
-769
-490
769
-502
-1070
923
611
73
-81
55
180
-729
-727
-61
947
266
-385
635
152
-507
-343
-426
266
800
-758
-172
1026
-331
181
35
-982
109
725
-445
-90
238
-129
59
-78
44
499
19
-627
-277
344
-77
-277
156
320
353
109
-319
-838
111
629
-12
56
655
-524
-764
400
230
-349
-82
513
101
-5
-67
-211
58
80
-269
270
255
-216
-476
173
-50
-107
581
-42
466
399
-630
-733
-416
-243
374
526
348
471
189
-95
-765
-890
-2
744
361
-406
144
384
-259
5
-540
-34
623
145
-51
18
-484
-721
300
204
216
-47
87
201
467
-449
-857
126
430
-215
-369
532
251
-97
-454
201
184
-188
-367
-27
166
16
-37
102
496
-225
-27
-211
-266
-416
-67
614
182
439
459
-208
-686
-198
-154
-186
525
622
258
237
-221
-287
75
-290
-254
701
819
125
-69
-368
-342
280
-6
-81
630
-68
-323
38
-199
-301
26
215
-136
1
-380
-333
359
278
12
-152
160
44
-309
-378
-74
400
261
250
886
-16
-1045
-971
-572
169
577
922
422
-237
-919
-700
-753
-908
-102
589
706
340
-308
-1289
-756
-638
-763
4
695
458
-215
7
88
-62
104
460
834
434
467
569
137
493
1070
1562
1913
1682
895
445
-96
-505
-268
591
1243
760
245
-192
-1382
-2389
-2266
-1702
-1414
-1364
-1175
-1583
-1925
-2392
-2604
-2195
-1990
-1524
-744
-434
-479
-163
195
318
556
882
616
1252
1947
2332
2199
2048
2105
1519
1972
1755
1331
1942
2186
1669
2093
1832
738
305
-302
-459
56
744
628
686
-79
-426
-400
-901
-671
-474
-268
275
315
135
-549
-496
-532
-844
-280
-186
-325
-458
-351
-969
-1102
-1259
-1679
-1275
-1259
-1758
-1398
-763
-1323
-1603
-1682
-914
597
876
753
2259
4497
4485
2520
310
193
592
-217
-36
1791
2835
1337
-503
-1191
-3622
-7229
-8735
-6696
-3713
-3661
-4597
-4386
-4935
-7156
-7756
-6207
-3747
-1383
602
3563
5736
5638
3942
3076
3966
4834
6347
8850
10207
10181
9273
7778
6275
4193
2118
1278
1907
2616
2356
1792
428
-904
-1995
-3027
-3811
-5561
-5721
-4843
-4353
-2978
-2574
-2411
-1807
-1152
-980
-1647
-2148
-2228
-24
2314
3192
3380
2088
1169
-524
-1752
-1218
-1043
-43
1150
1513
1518
732
-1768
-4276
-4646
-3974
-2401
-575
269
837
331
-589
-1537
-2121
-1187
-312
1125
2854
2868
2168
946
352
293
341
209
336
1415
803
-731
-1511
-1173
192
1173
1087
3115
5382
5628
2840
-1931
-2117
-674
-1372
-2114
-829
1235
526
-1184
-2004
-3737
-8537
-12174
-9349
-3746
-1497
-3538
-4311
-3242
-4738
-6500
-5670
-2698
798
2639
5803
9973
10990
7464
3820
3446
4570
6437
7932
9733
10557
8459
5234
2747
738
-1659
-3661
-2482
-545
525
533
-1495
-3308
-5625
-6923
-5473
-3067
-994
837
3743
6634
6688
3810
-904
-2620
-1672
-699
1477
3128
4775
4399
1745
-1028
-4868
-9191
-10710
-6820
-1433
1620
1841
-1195
-4538
-8538
-9944
-7909
-5306
-820
3259
6377
6848
3696
-1045
-4815
-4531
-1178
3427
7639
8686
7775
4365
309
-2919
-5401
-4319
-1738
2390
5409
4797
2657
-1501
-4603
-6334
-7051
-3952
-300
1753
3031
3410
2456
2313
4669
6878
6430
1970
720
3512
2867
111
-2591
-733
1779
734
-1243
-4639
-10265
-15733
-13717
-6127
-845
-2922
-7451
-7516
-7187
-9199
-9169
-5488
690
5499
9221
13861
14855
10501
3990
2156
5735
10118
12744
14069
13551
9861
4224
-976
-3759
-5190
-6530
-4891
-1279
778
-598
-5123
-8429
-9852
-9498
-6476
-2469
1954
4136
5883
8965
7456
3841
-2237
-2723
1100
2058
4923
4530
4699
2531
-1166
-4209
-8378
-11092
-11577
-5013
1330
4569
2755
-2817
-5721
-9800
-10140
-6270
-2313
3046
6169
8172
6822
1792
-4376
-8264
-5057
-102
5843
9549
9265
6814
583
-3020
-5381
-6715
-3918
-824
4357
6995
5097
902
-3832
-5457
-4669
-2002
1113
3528
2972
1942
2438
3819
6292
8819
9634
6954
2953
839
912
-2632
-7010
-4250
1962
5467
2139
-5743
-12880
-19771
-20217
-12094
-2757
1513
-1432
-4430
-5218
-7627
-11275
-10697
-3957
4926
12645
17323
17689
13246
4277
-2246
-1002
4947
10894
12996
13665
12084
6463
-1029
-7642
-10282
-9558
-6057
-853
3245
4017
-380
-6420
-9254
-9099
-5410
-605
3622
7439
9238
10543
8357
3685
-978
-3953
-1524
1443
3387
2742
712
-1880
-4964
-7495
-10659
-10855
-10511
-6612
-762
2695
3416
-289
-2632
-3847
-4492
-2426
529
4036
6579
7516
6665
2953
-1181
-4224
-2956
172
3218
5635
5334
4241
1134
-1468
-3654
-4887
-2874
-714
1362
2474
2689
1852
-1262
-2743
-2282
-619
309
553
1283
1084
488
781
5286
9265
10412
6329
172
-1234
-2695
-3948
-5795
-4069
2550
4881
2384
-3652
-11620
-18365
-20991
-13226
-1180
5462
4448
-664
-3353
-7056
-10652
-10126
-4018
6178
13376
17533
17966
11907
2717
-6353
-7293
-549
6981
12555
13189
11357
5378
-3464
-10200
-13186
-11149
-6129
161
5796
7044
3226
-3017
-7670
-8220
-4773
853
6562
10370
10770
8781
4586
701
-2652
-4301
-834
2955
5887
4173
-890
-4848
-9697
-11158
-10250
-6639
-1834
1529
2869
1779
-642
-4395
-4515
-3270
-193
3967
5135
5469
3156
180
-2599
-5065
-4911
-2734
1159
4032
4869
3201
-81
-1663
-2466
-1177
1519
3181
5257
4427
2725
2315
-372
-770
-1524
-600
3482
4565
5013
1844
-1225
-3396
-4687
-4968
-2145
3283
7460
12977
9652
2864
-5256
-10122
-7999
-6719
-3165
1293
6828
7290
1586
-7657
-17166
-21737
-18627
-8277
2405
6314
3138
-1161
-6390
-10746
-13360
-10356
-495
9250
16843
19475
15840
7752
-2115
-6441
-3235
4258
11143
14437
14728
10109
1739
-7403
-12832
-12487
-7662
-995
4580
7174
5304
77
-5513
-7816
-6228
-1753
4366
9339
12243
11365
6613
2000
-2662
-3993
-1080
2140
4952
3780
279
-2681
-6987
-9816
-10042
-8397
-4369
-994
1516
1956
-628
-3861
-5569
-4815
-2686
-408
1378
2882
2488
623
-1962
-4323
-4974
-4279
-999
3337
6095
6158
3509
1151
-1225
-1496
489
2547
5285
5518
5505
3942
-682
-3889
-4540
-2226
637
2979
4498
5258
1942
-4481
-8615
-9204
-2124
8228
16889
18153
9688
-450
-5973
-8569
-10967
-9976
-2316
10376
16256
11208
-2284
-17571
-27648
-26660
-13877
357
8357
7009
2136
-3142
-10425
-16977
-17742
-8979
5464
17727
23952
21501
11140
-2390
-11376
-9898
-1008
8081
13450
15078
13177
7282
-3122
-12152
-15667
-12272
-3981
4132
10173
9918
4033
-2873
-7100
-5798
-1681
3216
8165
11841
13884
11616
4832
-2619
-7564
-6479
-1286
2642
4883
2972
-994
-5212
-10337
-12872
-12564
-8749
-2863
2935
5566
4021
-684
-5832
-7181
-5856
-1828
1946
4157
4955
3411
43
-4578
-8199
-8959
-4564
1896
6809
8030
4824
1332
-1323
-1934
-1143
1505
5420
6537
7841
6045
3129
-279
-4087
-3158
-1187
2081
2961
2752
1036
-1268
-2283
-1490
4290
8657
11143
8167
2931
-44
-3260
-5691
-7509
-4929
1165
5832
4870
-1260
-9957
-17630
-20022
-15365
-6359
-743
361
-1395
-3403
-5316
-8737
-9130
-5340
2378
10957
16568
18065
13273
5589
-2216
-5545
-2809
2181
6688
7897
7175
4897
636
-4973
-9885
-11225
-8385
-2851
3090
6423
5643
2146
-1442
-2247
-380
2184
5099
8372
10683
10947
8263
3646
-997
-4240
-4155
-2224
-215
774
-687
-3701
-7259
-9979
-10502
-8789
-5031
-668
2174
3002
1908
217
-1807
-3075
-2302
-922
1143
2718
2544
1569
-126
-2466
-4174
-4597
-2047
1252
3440
5282
4404
3335
2000
41
675
1554
2528
4734
4736
4841
3703
-129
-1949
-3471
-2335
-694
-210
912
3014
5996
8775
10357
8086
4415
-1321
-4132
-3553
-3733
-4382
-3622
541
3219
316
-7960
-16118
-20389
-19184
-13196
-5419
-631
-551
-2962
-5226
-6612
-8089
-8077
-3821
4608
13196
17733
16578
11139
4199
-1239
-3848
-1978
1813
6111
8382
8157
6168
945
-4089
-7680
-7724
-4610
-604
3320
5690
5672
3784
542
-1877
-1183
1200
4048
6563
7840
8844
7811
4776
1424
-1955
-4185
-5323
-4949
-3315
-959
-2053
-4729
-6905
-7415
-5646
-4291
-2004
-108
2401
2950
3073
3377
1457
77
-1715
-1237
728
655
-421
-1619
-2694
-2709
-3109
-3840
-2770
-1674
-313
1066
2093
4119
5001
4339
2788
2504
2828
2419
2142
1441
2429
2150
610
-1996
-4359
-5686
-6035
-2153
3815
11614
14085
11064
5157
-2213
-6441
-9955
-9232
-4578
3205
9977
10039
3937
-7818
-19238
-25095
-21811
-11259
-1045
3636
3325
-60
-5140
-10080
-13342
-10483
-2168
7494
15725
19209
17362
9456
295
-4857
-4102
1097
5007
7807
8379
6868
4017
-913
-5329
-7322
-6792
-3602
1148
4435
5018
2106
-970
-1322
52
2684
4570
6105
7756
8130
7382
5789
4117
3295
2014
163
-1565
-4290
-5781
-6974
-6509
-5411
-5854
-5855
-5972
-3970
-2656
-1819
-1278
-178
2246
3129
3306
2245
1087
-272
-1382
-2044
-2364
-2133
-2508
-2577
-2196
-1865
-2423
-3484
-4068
-3055
-281
2072
4337
4691
4264
3600
2315
1910
1040
1448
1612
2953
3143
1736
-1115
-4734
-3215
406
7690
11738
10606
5805
-931
-3777
-6198
-6597
-6379
-1807
4445
7372
5010
-4009
-13278
-20323
-19097
-11350
-2646
2308
1666
-548
-3070
-4787
-6899
-6549
-2586
4529
12524
16157
15665
9838
2373
-2853
-3666
315
5043
8010
8052
6353
3081
-432
-4596
-6510
-5517
-3080
1117
3566
4573
2811
-919
-3751
-4316
-1611
2011
5160
7328
8192
7752
5979
3749
1184
-1344
-3209
-3324
-2206
-1659
-2522
-5082
-7362
-9394
-9682
-9047
-7436
-3881
-1011
2450
3954
3234
1276
-1244
-1227
656
3029
4250
4060
2301
-274
-3345
-5609
-5811
-5178
-3992
-2208
-412
702
1357
672
527
195
679
3236
5653
7927
7437
5665
3072
1524
39
-2029
-2269
-789
4740
9491
12462
10264
2645
-4938
-9585
-8809
-6795
-3123
1336
6031
7123
2298
-5698
-14795
-19677
-19201
-11277
-880
6352
7464
2059
-3895
-8938
-10407
-7480
-642
7683
14045
16591
14860
10227
2373
-4948
-8677
-5864
1729
8179
11307
8931
3894
-2078
-6863
-7536
-5781
-2411
769
3629
6192
6404
3028
-2507
-6483
-6498
-2107
3449
8191
10581
9197
5929
1449
-1925
-3855
-4438
-2976
-777
1275
878
-1943
-6697
-10829
-12866
-12987
-10151
-5782
-188
4155
5237
3558
-101
-3451
-4057
-1340
3453
7585
9236
8488
5265
1002
-3652
-6583
-6772
-5028
-1321
1480
2326
1080
-1904
-3916
-4654
-3622
-1323
1823
5707
8587
10073
7846
4578
1265
-636
686
3109
8881
14034
14854
9658
668
-6257
-10020
-11881
-11185
-5637
2191
7459
5565
-1722
-10867
-19142
-22043
-18263
-8576
668
4737
4157
1053
-2142
-5886
-7563
-5057
1741
9298
13920
16238
14998
10455
2914
-3692
-5329
-2822
1410
4592
6004
4928
1744
-2456
-5269
-5568
-4419
-3186
-1959
582
3603
5255
3887
950
-1306
-1979
-462
2192
4929
7029
6986
5031
2438
-344
-2023
-3340
-3971
-2720
-521
1277
476
-2909
-7486
-10820
-11563
-9660
-6089
-2858
-231
639
360
-499
-1540
-1584
-710
1377
3964
6544
7668
6936
4507
719
-1538
-1991
-1340
-240
-229
-427
-386
-1668
-2850
-3408
-3721
-2318
-558
2446
6104
7437
6543
3392
971
1760
6148
12571
15957
13638
6886
815
-2921
-6376
-9762
-10926
-6860
-802
2844
1264
-5319
-14353
-22010
-22884
-16775
-7051
-143
1833
858
-1303
-3318
-5235
-4968
-2270
2318
7462
12925
17602
17713
12377
4104
-1304
-1496
1761
5862
8473
8712
6080
1975
-1597
-3180
-3723
-4807
-5282
-3973
-382
3110
3449
945
-2375
-3954
-3073
-674
2123
4167
4392
3078
1765
1568
1943
1466
43
-821
449
1980
2476
1099
-1761
-4165
-6989
-8289
-7432
-5515
-3514
-3601
-4742
-5628
-6148
-6177
-5472
-4141
-1716
1225
3551
5134
4819
3958
3264
2646
2723
2548
2794
2944
3126
3242
2160
248
-2510
-3985
-4168
-3065
-766
1494
3496
3168
1974
1578
3981
8731
11471
10533
6316
2835
498
-1961
-4439
-4947
-1811
1379
2863
788
-4311
-11150
-17701
-19349
-15685
-9246
-4195
-1991
-2175
-3388
-4767
-5493
-4060
-1575
1313
4154
7509
11169
12811
10831
6601
3214
2479
4408
6674
8140
8164
6872
5350
3952
3410
2573
758
-1479
-2742
-1462
570
1454
530
-1264
-2098
-2623
-3147
-3199
-2699
-1974
-2494
-3758
-3752
-2440
-1055
-713
-613
677
1920
1954
1126
723
1211
1330
755
50
-209
-692
-1827
-3537
-5075
-5896
-6601
-6692
-6268
-4891
-3338
-2875
-3052
-3127
-2006
-277
1222
2371
3349
3688
3280
2483
2264
3071
3426
3351
2716
2195
1780
774
-30
-344
316
2164
5891
10054
11998
9642
4132
-182
-2856
-3782
-3738
-2429
1128
3811
4438
1666
-4053
-10541
-15933
-17190
-14380
-9661
-5628
-3212
-2318
-2605
-3719
-4433
-3654
-2237
-150
2489
6564
10513
11771
10351
6974
4547
3453
3385
4154
4511
5067
5214
5282
5562
5107
3763
1161
-1035
-1344
-431
628
1024
1167
1913
2426
2314
1347
-605
-2001
-3133
-3585
-3697
-4032
-3920
-4283
-4332
-4003
-3597
-3443
-4137
-4611
-4105
-2501
-576
937
1998
2986
3257
2178
44
-1761
-2032
-1554
-1030
-961
-909
-917
-1384
-2242
-3277
-3793
-3595
-2599
-1204
-9
162
-567
-1323
-1227
76
1181
1366
616
-224
-193
13
166
226
768
2562
5205
8383
10489
10041
6957
2662
-66
-516
719
2849
5405
7692
8139
5708
1012
-4421
-9203
-11821
-11748
-9307
-6678
-5583
-6189
-7625
-8436
-8460
-7181
-5265
-3030
-635
1558
3914
5363
5588
4833
3999
4411
5520
6336
6554
6242
6043
5821
5342
5255
5082
4399
3178
1615
810
401
-47
36
534
1796
2992
3058
2397
747
-1261
-3068
-4518
-4825
-4457
-3852
-3142
-2937
-3255
-4231
-5830
-7130
-7616
-6835
-4952
-3211
-1787
-514
619
1514
1208
411
123
517
1489
1941
2044
1971
1627
1151
432
-68
-388
-731
-1031
-1022
-821
-763
-1136
-1496
-1212
-643
-128
-374
-991
-1480
-1559
-930
-323
196
296
744
2271
4497
6327
6169
4612
2608
1237
454
115
1000
3096
5891
7441
7252
5261
2137
-1059
-3960
-5304
-5604
-5068
-4242
-3785
-3655
-4211
-4946
-5579
-5860
-5751
-4949
-3452
-1580
140
1104
1679
1900
1967
2011
2046
2391
2845
3269
3757
4373
5097
5274
4488
3082
1740
1065
964
1067
1247
1693
2372
2942
2900
2569
2312
1964
1206
-137
-1015
-1300
-1304
-1785
-2635
-2551
-1814
-1163
-1748
-3065
-4311
-5468
-6428
-6773
-5541
-3443
-1815
-1513
-1443
-1249
-1526
-1884
-1877
-674
383
1133
1518
1525
1793
1520
984
-310
-774
-180
607
1146
799
515
-135
-321
-631
-878
-692
-399
89
93
282
-231
-938
-475
1943
4833
5718
4763
3313
2304
942
-1009
-2213
-513
3045
6422
7633
6507
4422
1135
-1680
-3481
-3715
-2805
-2126
-1690
-1596
-1726
-2607
-4279
-5933
-6625
-6480
-5563
-4181
-2522
-1256
-1009
-1151
-1137
-148
1251
2318
2470
2477
2983
3545
4084
4346
4864
4903
4259
3373
2622
2281
1629
1056
1098
1923
2802
2754
2513
2462
1941
617
-1125
-1936
-1380
-866
-856
-904
-600
-14
-428
-1577
-2775
-4007
-5124
-5763
-5114
-3735
-2450
-2353
-2935
-2963
-2906
-2878
-2678
-1685
-289
490
474
419
762
1375
1993
1850
1392
1322
1212
862
673
523
592
405
8
69
32
-136
-878
-1758
-2099
-1601
-248
1833
4081
4708
3849
2192
926
105
-870
-1248
18
3112
5929
6959
5629
3206
768
-1302
-2325
-2406
-1866
-1491
-1563
-2070
-2362
-2597
-3024
-3673
-4538
-5112
-5554
-5460
-4732
-3374
-2057
-1366
-981
-599
180
807
1006
1029
1351
2188
3323
4552
5639
6281
5962
4779
3310
2298
1877
1821
1889
2065
2349
2493
2719
2631
1897
342
-1394
-2069
-1513
-509
54
277
459
646
417
-321
-1020
-1619
-2369
-3068
-3398
-2963
-2243
-2170
-2668
-3335
-3389
-3168
-2973
-2921
-2443
-1470
-938
-854
-1152
-688
-27
710
1454
2144
2480
1582
549
-176
145
278
131
181
647
1224
425
-1005
-2559
-2788
-1457
1374
4315
5413
4421
2186
432
-1106
-2187
-2358
-343
3512
7084
8475
6773
3371
-462
-3021
-3909
-3413
-2435
-1805
-1446
-1607
-2126
-3079
-3912
-4540
-5097
-5594
-5656
-4894
-3822
-2995
-2770
-2608
-2209
-1445
-546
284
998
1480
2004
2815
4291
6076
7490
8032
7679
6767
5363
3895
3033
3291
4178
4602
4190
3435
3059
2566
1211
-845
-2460
-2602
-1752
-913
-755
-972
-1222
-1519
-1966
-2656
-3103
-3297
-3285
-3036
-2663
-2147
-2172
-2932
-3878
-4153
-3487
-2594
-2072
-2081
-1938
-1587
-1021
-565
-326
16
220
712
1069
1297
1141
695
642
751
1184
1238
846
-4
-866
-1157
-1218
-1164
-970
671
3378
5374
5194
3331
2057
1180
-148
-1939
-2268
434
4309
7393
8439
7531
4708
321
-3249
-4401
-3448
-2664
-2861
-2945
-2489
-2174
-3183
-4824
-6207
-7263
-8037
-7954
-6069
-3301
-1484
-1472
-2257
-2314
-1652
-1112
-1033
-732
536
2195
3828
5581
7423
8586
7937
6417
5598
5904
6107
5380
4570
4529
5254
5381
4806
4065
2926
863
-1877
-3351
-2743
-1328
-745
-917
-880
-792
-1381
-2958
-4642
-5185
-4707
-4008
-3231
-2230
-1292
-1502
-2975
-4327
-4773
-4700
-4484
-3773
-2436
-700
321
-26
-615
-841
-610
-463
-289
810
2272
3124
3013
2542
2189
2090
1601
350
-737
-1464
-1502
-1020
302
3384
6856
8123
6111
2776
548
-356
-1677
-3055
-1901
1995
6435
8640
8069
5682
1464
-3472
-6414
-5903
-3638
-2588
-3516
-4663
-4882
-5122
-6127
-7430
-8409
-8936
-9189
-8148
-5177
-2003
-614
-1265
-2091
-1511
-206
643
878
1293
2506
4484
7075
9843
11597
11018
8525
6193
5610
6525
7418
7708
8108
8771
8734
7018
4091
1229
-1432
-4261
-6386
-6017
-3180
-519
-492
-2780
-5175
-6835
-8394
-9803
-9534
-6781
-3153
-509
864
1552
972
-1594
-4859
-6288
-4438
-919
1862
2811
2465
1759
232
-1769
-2950
-2914
-1914
-976
-275
841
1505
975
-439
-1878
-2133
-1117
-247
617
2629
5826
10218
12711
11310
7726
3681
1237
-269
-1733
-1221
2684
7721
10648
9695
4806
-1723
-9111
-13988
-13652
-10363
-6637
-5330
-5899
-7038
-8873
-11425
-13612
-14283
-13551
-11155
-7488
-1684
4124
6634
5683
2997
1853
2537
4297
6520
9164
12110
14283
15163
14970
14098
11114
6273
1840
658
2971
5406
6472
6023
4822
2836
-1133
-5688
-8774
-10010
-9665
-8416
-5866
-1577
1550
1098
-1780
-4910
-6880
-7761
-7691
-5081
-181
4306
6127
4793
2864
1211
-1146
-3511
-3987
-1570
1824
4186
4593
3654
1549
-2465
-6973
-9714
-9275
-6451
-3305
-1394
-842
-1643
-4393
-7113
-8128
-6504
-2099
3792
11819
18666
19952
15424
8371
3968
2254
1015
969
5179
12009
16349
14844
7151
-2870
-13560
-20461
-20187
-14889
-8463
-6737
-8783
-11872
-15150
-18587
-21237
-21363
-18197
-11240
-2661
7114
14112
15250
11520
5849
3898
6359
11676
17129
21150
23157
22970
20869
16894
12297
6134
-309
-4673
-4684
-1063
1984
2119
-1688
-6415
-11017
-14862
-16606
-16723
-14579
-11189
-7116
-2508
2351
4656
2809
-940
-3194
-710
4300
9182
12295
13065
12080
9135
5521
2831
1204
-26
-585
-318
988
1433
-893
-5802
-11423
-15050
-15306
-12725
-10080
-7927
-7046
-6786
-6759
-7190
-7056
-6607
-5110
-1747
4891
13537
22906
26968
21866
12807
4911
2978
3232
2213
3247
7750
12002
12317
7105
-3494
-15874
-28149
-32041
-24714
-13787
-5727
-6335
-11475
-16378
-21021
-23609
-21688
-15076
-5319
5215
14491
23064
25848
20786
11851
4800
6146
13596
21844
27147
27986
25007
18856
10942
3976
-951
-6109
-10243
-10622
-6546
-959
84
-4630
-12129
-18340
-20705
-18996
-14094
-7522
-1236
2067
3768
6255
8134
7001
2792
33
2910
9986
16347
18691
15751
9653
2959
-3219
-5564
-4239
-1961
-662
-971
-1558
-2766
-6597
-12106
-16076
-17137
-13665
-8143
-3568
-1011
-2195
-4853
-7532
-8815
-7156
-3229
591
5525
12168
18497
25038
25170
17860
7744
-428
-1482
-10
541
1774
4915
6522
4352
-2614
-13039
-22729
-31214
-31194
-21651
-10252
-3000
-5357
-13075
-19220
-22145
-21545
-15691
-5929
5152
15096
21734
26276
25514
18469
9721
5142
9327
18730
26929
30074
26447
17922
8548
531
-3896
-5173
-6950
-8212
-6902
-3402
-1270
-4709
-11928
-17978
-18704
-14379
-7599
-924
3560
5375
3794
1433
1512
3616
5399
6140
7886
11297
13812
12158
7665
2484
-1864
-3941
-5480
-5096
-2634
-2062
-3772
-6882
-9766
-10507
-10907
-10996
-8447
-4632
-1274
90
-813
-2274
-3342
-2995
-1050
1300
4121
6193
6033
8454
12362
16211
19169
15424
9071
2941
-1172
-1672
-2273
-3383
-2882
-902
-850
-4367
-13131
-22659
-29023
-30061
-21697
-10992
-4235
-4159
-11106
-18207
-21003
-19571
-14142
-5303
4444
13642
19879
21781
20278
14814
8489
5970
9822
18492
25970
28061
23943
15216
5926
-1030
-4863
-5252
-3604
-1902
-284
982
803
-2458
-8670
-13007
-13267
-9051
-2071
3843
7073
7381
6014
4262
3450
3264
3330
3472
4455
7093
9679
8888
3903
-2469
-7018
-8409
-7729
-6502
-5652
-5218
-5015
-4622
-5787
-7763
-9712
-11050
-8827
-4441
105
2733
2079
-226
-2483
-2818
-533
2685
4151
4318
3356
4182
8823
11951
15189
15809
11370
5450
-1349
-4441
-2885
-2527
-3922
-1860
801
1888
-3053
-14172
-22901
-27647
-24997
-14820
-5055
-1108
-3978
-13610
-19782
-20022
-17352
-10202
-2466
6062
13497
17173
17202
14517
8468
3744
4313
10567
20493
25338
23635
16470
7055
547
-2487
-2868
-901
1433
1907
2099
1747
112
-3975
-8694
-8368
-4168
2020
6296
6742
4919
2681
1034
162
2397
5228
7892
7980
6137
4203
2197
-457
-3370
-3859
-3838
-2804
-3260
-4168
-5779
-8001
-8653
-8998
-8131
-6511
-4795
-4969
-3231
-2096
-3372
-3805
-4829
-3633
-1370
606
1788
2246
941
-364
3065
7556
13422
17830
17425
11544
1983
-3520
-4564
-3398
-3664
-772
3386
5429
2460
-8777
-18415
-25540
-25449
-17427
-5266
1750
-65
-8345
-18287
-20056
-19916
-14337
-5296
5816
15102
17306
16188
11563
6899
1987
3942
10531
19384
24672
21492
15249
5661
-469
-4587
-4668
-1346
1405
2816
961
-815
-5174
-9065
-11455
-8829
-2266
2961
7300
6760
4553
516
-867
740
3890
9560
12900
13991
10886
7632
3378
-131
-2602
-3851
-2206
-1072
892
-1937
-5679
-9284
-11587
-10272
-8780
-6366
-4474
-3370
-3370
-1892
-2411
-3561
-4314
-5337
-3148
-585
3012
3898
2477
-168
-1780
2075
6913
12878
15741
13275
6036
-1679
-5382
-5377
-3595
-4344
-676
3080
4138
-1264
-13278
-21285
-25711
-22078
-12567
-1879
1615
-2587
-11891
-19674
-18321
-15318
-7470
1609
11031
17778
17605
14006
8158
3974
2306
7407
16280
25193
26946
19890
10166
-863
-5557
-5446
-1855
3520
5979
5124
1006
-4217
-9648
-13050
-13324
-7719
690
7210
10028
6603
552
-4768
-5068
-531
4682
9603
12451
12695
10167
5128
-295
-4258
-5616
-4317
-872
2305
2940
-133
-5532
-10399
-12338
-9673
-6574
-3886
-1328
-434
-154
-595
-1945
-3625
-3886
-3801
-2062
879
3416
4423
2257
41
-763
2377
6768
12361
15487
11808
3094
-5843
-6083
-3716
-1974
-2861
-1085
2245
1370
-3985
-14730
-21183
-25202
-20408
-9586
861
2917
-5263
-14015
-21169
-19102
-15501
-7123
3885
12555
17269
14332
10206
4376
1126
1164
8068
18863
26057
26641
17979
7751
-2302
-7119
-5156
-154
6509
9056
7881
2627
-3860
-10463
-14630
-12866
-5174
6323
12416
12069
5861
-1424
-5732
-5673
-1055
4520
10972
14202
14041
10149
3072
-4292
-9096
-7812
-2974
3393
5688
2826
-3157
-10132
-14120
-14160
-9354
-4158
-705
931
840
-812
-3303
-5035
-5884
-4084
-1507
1471
3686
3894
1672
-1862
-3456
-3249
1229
7123
13743
17254
13502
4213
-6056
-8324
-5574
-1432
-224
2575
5819
3984
-2269
-13957
-21289
-24627
-19257
-7335
3168
5506
-3037
-12890
-21118
-21133
-17871
-10148
1848
10601
15578
12997
7466
1201
-2274
-490
6894
18133
25319
25947
18765
8873
176
-4595
-2730
1901
8178
11028
9290
4299
-3286
-9298
-12506
-10399
-4142
2702
7097
6185
796
-5682
-8644
-7191
-1916
5079
9887
11942
9606
5260
745
-2227
-902
1005
3470
5677
5456
2696
-1768
-6249
-9037
-8094
-4944
-1296
165
-896
-2838
-5690
-6615
-6195
-5104
-2636
-1908
-2183
-2150
-2034
-2605
-3419
-3974
-3330
-1356
1308
5335
7930
10454
10472
6905
1509
-3044
-2605
-120
1830
1359
2826
4470
2926
-2063
-10160
-15178
-17277
-14051
-6424
7
218
-5611
-13138
-18887
-19439
-15916
-8276
267
6098
8714
8192
6533
4572
3124
5164
10674
17454
22131
21555
17164
10604
5353
3643
5058
8278
10314
10019
6964
2359
-2283
-6211
-8645
-8204
-4605
-1352
-725
-3272
-7604
-10370
-11138
-9282
-4856
-564
2431
3239
1969
387
-1046
-1769
-874
1797
5901
8974
8654
5334
949
-1765
-2049
-376
2233
3745
3247
1579
-216
-2136
-4529
-6727
-7061
-5948
-3931
-2966
-3753
-4895
-7403
-9381
-8940
-6413
-2987
768
3990
7027
9497
8794
5196
278
-1597
435
4233
6494
7356
8661
8085
4441
-2699
-8915
-12895
-13523
-8506
-806
3456
-780
-10715
-20526
-24503
-23239
-17575
-8195
-801
3349
3361
1534
558
-857
310
4683
12098
20324
24456
24340
19985
13628
9649
9855
13139
17456
19380
17267
12457
6044
471
-3071
-5442
-5813
-5161
-5707
-7093
-10278
-13989
-16481
-17234
-14865
-10811
-7472
-5704
-5820
-7086
-7534
-6196
-2543
2190
6455
9007
8843
6721
3925
2750
4140
6840
9529
10312
8384
4970
488
-3102
-4854
-5721
-4650
-2903
-2250
-3310
-6395
-9433
-11535
-12127
-10366
-7508
-5321
-4291
-4284
-4527
-3306
-1205
3028
8795
11976
11631
8477
5415
4765
5808
7180
9694
12314
13063
10138
3199
-4053
-9397
-10399
-6577
-1094
355
-4085
-12542
-21117
-24575
-23649
-18019
-9296
-2334
1256
962
-2179
-5783
-8212
-6319
1309
11691
21170
25460
23312
17120
10800
8456
11592
17300
22295
24500
22313
16105
7353
-396
-4878
-5954
-3659
-49
2431
1404
-4775
-13572
-20983
-23945
-21158
-14683
-8014
-3760
-3379
-6173
-9813
-11977
-11399
-8560
-3607
2750
8188
9996
7686
3500
431
-240
1680
5606
8965
9639
7012
3298
-104
-3297
-5355
-5616
-4172
-2180
-1551
-3242
-6502
-10321
-12573
-11812
-8644
-4670
-1519
-317
-1264
-2539
-1880
1011
5022
9553
13424
14901
12480
7392
4341
5012
7356
10183
13002
14560
12200
5217
-2454
-7270
-8727
-7350
-3768
-644
-1134
-5694
-11965
-16272
-17991
-16922
-12381
-6350
-1138
1347
857
-1076
-3665
-4739
-2215
2951
9541
15099
17344
15868
11344
6524
3877
3588
5077
7809
9875
10010
7729
3457
-603
-3861
-5100
-3948
-1885
1
492
-394
-2619
-5066
-6597
-6207
-4195
-2064
29
955
553
-1864
-4748
-6080
-5803
-3757
-2082
-1211
-1831
-3676
-4984
-5750
-5746
-5314
-4854
-4199
-3639
-3159
-2236
-2001
-2719
-3811
-4701
-4273
-3004
-787
1697
2514
1909
1046
1248
2686
4087
5725
7564
8485
7779
5752
4171
3632
3641
4453
6001
6945
6002
2981
261
-463
-98
186
-485
-587
27
281
179
-220
-491
-1091
-1826
-1500
350
2290
3118
2906
2543
2492
2002
1137
208
-144
658
2377
3745
3214
852
-2158
-4800
-6422
-6787
-5857
-4344
-3706
-4101
-4974
-5835
-6677
-7410
-7169
-5621
-3307
-1053
732
1686
1837
1192
748
1410
2940
5024
6530
7675
7886
6534
4457
2358
1748
2007
2007
1424
503
-321
-1724
-3732
-5865
-6868
-6800
-6188
-5307
-4743
-4385
-5315
-6867
-7673
-7191
-5237
-3218
-1333
478
1873
2499
2412
2451
3357
5217
6922
8237
8659
7913
6626
5061
4322
4660
5157
4955
3953
2564
1406
194
-1048
-1474
-1493
-1239
-1513
-2193
-2606
-3047
-3112
-2726
-1659
-204
1154
2138
2826
3128
3082
3304
3920
5029
5765
5955
5685
5017
4195
2879
1542
136
-1259
-2347
-2923
-2951
-3394
-5217
-8100
-10275
-10624
-9344
-7889
-7409
-7664
-8185
-8167
-7253
-5639
-3844
-2490
-1667
-1076
36
1587
2799
3087
2541
2341
2793
3209
3137
2646
2084
1557
898
351
202
-115
-772
-1519
-1706
-1156
-760
-997
-1660
-2143
-1975
-1006
335
1687
2574
2867
3015
3183
3784
4468
5020
5555
6255
7080
7266
6673
5738
5295
5180
4956
4338
3628
3258
2630
1676
108
-1382
-2332
-2885
-2940
-2972
-2979
-3442
-4201
-4623
-4198
-3335
-3006
-3074
-3191
-2475
-1262
141
1627
2452
2737
2235
1533
1055
772
784
531
235
71
120
111
-443
-1292
-2479
-3695
-4522
-4504
-3521
-2420
-1887
-2486
-3592
-4456
-5007
-5032
-4461
-2792
-737
261
-107
-1329
-2438
-2982
-2468
-879
845
1800
1373
131
-1263
-2171
-2080
-1608
-1317
-1442
-1538
-1431
-1498
-1871
-2537
-3059
-3184
-2524
-1084
523
1740
2392
2914
3664
4604
5448
6321
7220
7972
8333
8461
8762
9009
9062
8856
8845
8885
8508
7698
6552
5528
4478
3556
2702
1757
565
-1083
-2592
-3718
-4210
-4581
-5182
-5671
-6012
-6086
-6370
-6629
-6552
-6337
-6095
-5808
-4770
-3116
-1731
-1462
-2111
-2627
-2608
-2229
-1982
-1607
-893
-83
333
31
-605
-1240
-1639
-1834
-1644
-1017
-173
335
215
-86
-389
-710
-1150
-968
443
2483
3754
3449
2178
821
25
-167
211
768
993
790
421
173
-358
-1588
-3356
-4658
-4746
-3693
-2370
-1756
-2164
-3480
-4885
-5589
-5164
-4110
-3168
-2384
-1400
33
1374
2167
2216
1915
1859
2602
4273
6301
7997
8699
8423
7454
6616
6507
7029
7682
7899
7882
7802
7655
7016
5743
4261
3098
2668
2682
2807
2616
1975
961
-349
-1594
-2506
-2837
-2888
-3041
-3377
-3809
-4196
-4776
-5349
-5656
-5617
-5543
-5882
-6397
-6858
-7024
-6987
-6895
-6668
-6349
-5943
-5634
-5429
-5230
-4962
-4489
-3677
-2561
-1529
-908
-681
-387
151
906
1816
2759
3565
3808
3461
2730
2130
1957
2095
2434
2715
2909
2796
2447
2103
1837
1569
1156
965
1209
1880
2440
2342
1530
355
-274
-34
680
1053
706
194
139
579
850
515
-248
-855
-933
-549
102
624
666
212
-305
-315
226
800
908
602
303
494
1268
2200
2742
2431
1500
758
775
1479
2222
2572
2726
2997
3330
3394
3036
2465
2026
1822
1898
2213
2456
2382
1876
1138
482
-61
-589
-1261
-2153
-3134
-3902
-4341
-4578
-4850
-5323
-5849
-6369
-6867
-7162
-7074
-6503
-5667
-4991
-4729
-4741
-4702
-4217
-3134
-1822
-797
-484
-767
-1029
-842
-251
263
357
246
258
380
490
602
799
1096
1329
1598
1994
2195
1931
1344
1004
1257
1878
2504
3022
3344
3296
2931
2656
2968
3826
4725
5318
5613
5737
5664
5325
4819
4404
4260
4475
5012
5431
5070
3600
1557
48
-274
204
437
-328
-1945
-3566
-4402
-4399
-4183
-4400
-5108
-5763
-5832
-5259
-4478
-4019
-4014
-4122
-3759
-2684
-1333
-425
-310
-706
-989
-787
-177
577
1163
1398
1229
726
122
-361
-529
-352
51
493
802
909
784
446
-14
-329
-304
100
763
1391
1703
1435
609
-419
-1256
-1669
-1683
-1490
-1317
-1346
-1603
-1968
-2417
-3056
-3749
-4010
-3401
-2122
-979
-633
-1178
-2225
-3127
-3293
-2497
-1139
26
563
632
642
767
1034
1507
2324
3379
4278
4813
5024
5134
5186
5078
4884
4773
4871
4985
4912
4681
4467
4363
4204
3938
3697
3578
3529
3292
2775
2085
1377
827
523
479
470
154
-628
-1583
-2137
-2111
-1869
-1979
-2594
-3322
-3791
-4042
-4463
-5258
-6163
-6627
-6364
-5714
-5371
-5877
-7051
-8121
-8311
-7411
-5964
-4707
-4025
-3753
-3453
-2841
-1965
-1072
-325
328
1142
2249
3389
4120
4266
4113
4123
4477
4979
5271
5123
4566
3872
3376
3147
3014
2759
2362
1963
1607
1279
919
543
192
-97
-273
-326
-321
-364
-511
-731
-876
-824
-551
-232
-139
-293
-476
-488
-388
-337
-288
-87
190
204
-197
-737
-980
-713
-65
685
1249
1421
1197
864
774
1073
1600
2121
2568
2915
3052
2784
2139
1450
1140
1371
1888
2273
2257
1899
1370
802
298
-85
-289
-409
-533
-686
-950
-1440
-2163
-2898
-3374
-3552
-3635
-3662
-3517
-3276
-3251
-3612
-3991
-3862
-3190
-2495
-2317
-2666
-3118
-3213
-2807
-2113
-1493
-1253
-1375
-1584
-1636
-1590
-1715
-2083
-2365
-2146
-1428
-648
-255
-347
-676
-933
-851
-313
503
1242
1664
1828
1930
2020
2126
2478
3274
4363
5275
5683
5658
5413
5087
4822
4857
5304
5901
6213
6063
5597
5009
4355
3629
2970
2562
2434
2379
2046
1217
-16
-1263
-2077
-2311
-2215
-2229
-2672
-3492
-4310
-4783
-4882
-4875
-4954
-4998
-4787
-4267
-3676
-3284
-3107
-2993
-2768
-2376
-1788
-1027
-296
95
33
-133
42
591
1110
1210
945
587
264
-14
-154
7
436
839
938
680
156
-463
-950
-1095
-839
-433
-213
-304
-546
-734
-836
-886
-816
-511
18
539
723
433
-186
-666
-489
453
1670
2321
1954
991
284
285
644
675
168
-475
-702
-453
-214
-516
-1435
-2422
-2779
-2308
-1466
-943
-1030
-1410
-1573
-1298
-752
-204
306
886
1597
2339
2890
3161
3287
3484
3868
4336
4636
4632
4387
4101
3901
3721
3475
3216
3036
2892
2548
1831
892
100
-262
-219
-51
-93
-538
-1341
-2205
-2793
-2958
-2846
-2774
-2894
-3173
-3429
-3515
-3456
-3366
-3347
-3359
-3295
-3080
-2794
-2608
-2613
-2753
-2804
-2607
-2191
-1795
-1648
-1772
-1979
-2021
-1818
-1436
-999
-598
-270
-16
181
359
567
852
1227
1678
2173
2660
3078
3317
3330
3201
3091
3152
3400
3700
3889
3816
3404
2739
2012
1447
1171
1119
1105
958
607
79
-552
-1210
-1750
-1989
-1823
-1307
-696
-338
-406
-781
-1068
-906
-319
318
605
537
464
631
903
864
289
-585
-1255
-1376
-1058
-768
-941
-1621
-2430
-2872
-2764
-2354
-2099
-2203
-2466
-2527
-2200
-1687
-1340
-1292
-1370
-1219
-713
-55
446
620
658
883
1420
2090
2560
2657
2491
2344
2388
2561
2692
2665
2526
2348
2106
1725
1236
821
640
676
710
524
96
-401
-750
-910
-1032
-1261
-1634
-1994
-2147
-2020
-1733
-1538
-1536
-1637
-1651
-1474
-1183
-903
-662
-369
55
554
926
1002
788
480
383
604
1028
1405
1530
1391
1100
808
604
547
640
872
1161
1380
1453
1362
1193
1051
1017
1091
1212
1294
1281
1166
943
609
180
-274
-642
-877
-1050
-1302
-1728
-2297
-2851
-3223
-3321
-3195
-3028
-2978
-3100
-3288
-3354
-3174
-2762
-2227
-1698
-1268
-971
-779
-624
-438
-134
331
927
1534
1967
2074
1858
1552
1433
1671
2168
2601
2655
2223
1523
889
563
538
603
573
396
134
-178
-522
-871
-1158
-1241
-1068
-747
-487
-459
-596
-680
-513
-89
406
747
848
833
919
1246
1744
2181
2385
2323
2146
2017
1973
1990
2000
1976
1906
1805
1674
1498
1257
962
695
556
566
631
650
590
456
237
-62
-374
-569
-579
-467
-397
-507
-834
-1327
-1866
-2308
-2537
-2550
-2461
-2461
-2694
-3170
-3736
-4156
-4237
-3977
-3581
-3264
-3146
-3171
-3179
-3082
-2864
-2545
-2097
-1475
-719
-21
439
601
599
700
1069
1683
2328
2776
2953
2941
2885
2863
2850
2774
2605
2402
2240
2149
2058
1862
1539
1148
788
547
448
451
474
446
388
357
415
556
722
890
1049
1206
1348
1444
1459
1397
1296
1239
1292
1359
1259
868
272
-284
-645
-856
-1099
-1481
-1963
-2414
-2715
-2892
-3056
-3306
-3590
-3730
-3594
-3221
-2794
-2480
-2297
-2136
-1887
-1502
-992
-372
301
909
1339
1578
1697
1853
2136
2507
2857
3035
3013
2874
2722
2593
2445
2231
1948
1640
1349
1101
843
524
118
-348
-780
-1099
-1269
-1343
-1430
-1633
-1949
-2261
-2442
-2442
-2309
-2115
-1917
-1757
-1661
-1597
-1521
-1401
-1199
-894
-474
-12
366
572
606
566
557
649
877
1209
1542
1762
1816
1721
1544
1353
1233
1277
1531
1891
2152
2132
1828
1398
1026
867
944
1133
1242
1142
840
424
-36
-497
-879
-1067
-1032
-881
-794
-942
-1361
-1940
-2427
-2592
-2361
-1899
-1484
-1285
-1343
-1554
-1767
-1820
-1608
-1181
-648
-184
115
234
205
112
54
137
377
694
947
1023
927
728
503
301
132
8
-62
-81
-119
-271
-587
-1004
-1354
-1486
-1377
-1193
-1132
-1268
-1488
-1603
-1522
-1280
-993
-690
-350
44
430
707
859
976
1207
1631
2194
2726
3052
3140
3076
3018
3042
3147
3300
3432
3509
3497
3338
3039
2678
2344
2117
1984
1865
1680
1371
946
462
-27
-489
-893
-1207
-1402
-1520
-1653
-1899
-2279
-2681
-2963
-3024
-2902
-2726
-2617
-2621
-2683
-2737
-2733
-2654
-2520
-2376
-2245
-2119
-1981
-1863
-1804
-1779
-1734
-1619
-1444
-1250
-1076
-947
-864
-834
-790
-644
-373
-54
189
304
336
385
520
745
1015
1241
1365
1397
1411
1471
1541
1549
1476
1392
1376
1416
1451
1418
1323
1201
1085
1006
964
932
863
782
751
807
867
803
590
300
79
11
79
236
357
340
178
-13
-73
-10
86
163
295
514
735
837
773
646
545
553
692
901
1040
953
676
379
213
147
46
-134
-321
-457
-572
-750
-989
-1227
-1419
-1533
-1591
-1610
-1623
-1675
-1731
-1700
-1533
-1295
-1116
-1040
-1002
-926
-781
-604
-440
-295
-154
-23
91
152
126
19
-118
-174
-95
83
224
212
62
-134
-262
-304
-294
-249
-174
-64
61
138
127
23
-138
-259
-267
-128
82
238
288
224
114
27
-7
13
93
249
449
656
802
852
812
735
695
738
880
1075
1253
1353
1370
1312
1199
1051
919
866
925
1061
1178
1196
1102
936
755
611
530
522
543
525
467
345
183
-4
-216
-424
-606
-756
-891
-1044
-1243
-1468
-1707
-1931
-2107
-2221
-2258
-2262
-2250
-2224
-2194
-2143
-2073
-1962
-1783
-1544
-1276
-1014
-778
-571
-373
-181
-1
181
359
536
724
910
1086
1231
1348
1440
1506
1543
1544
1528
1526
1564
1622
1659
1616
1463
1241
1019
845
729
653
584
503
401
248
50
-180
-406
-566
-646
-658
-649
-680
-752
-859
-975
-1067
-1125
-1127
-1072
-978
-883
-818
-781
-733
-638
-478
-279
-83
87
221
346
493
674
873
1074
1257
1428
1592
1730
1827
1894
1945
1993
2051
2083
2033
1876
1628
1354
1119
924
724
451
79
-353
-793
-1184
-1506
-1783
-2037
-2282
-2524
-2752
-2954
-3095
-3156
-3138
-3055
-2957
-2867
-2771
-2631
-2415
-2109
-1741
-1359
-997
-692
-445
-260
-89
147
490
913
1302
1555
1618
1544
1469
1478
1592
1761
1901
1971
1972
1916
1821
1674
1487
1329
1243
1249
1308
1326
1240
1037
783
566
442
410
428
438
398
314
213
132
78
24
-24
-68
-94
-112
-150
-194
-242
-291
-342
-385
-425
-461
-510
-567
-602
-588
-514
-416
-348
-362
-449
-564
-626
-580
-424
-224
-98
-87
-166
-284
-407
-498
-524
-495
-451
-460
-564
-760
-996
-1208
-1328
-1318
-1233
-1165
-1188
-1286
-1368
-1363
-1232
-1000
-712
-434
-211
-48
100
274
483
721
977
1252
1494
1647
1676
1615
1564
1568
1640
1729
1780
1740
1595
1385
1178
1060
1020
1005
958
856
706
510
302
128
32
8
19
11
-43
-138
-258
-355
-400
-375
-314
-251
-214
-192
-182
-198
-241
-289
-286
-233
-163
-123
-141
-205
-289
-342
-362
-378
-438
-563
-720
-843
-891
-891
-912
-1004
-1145
-1274
-1338
-1316
-1240
-1172
-1144
-1137
-1112
-1034
-913
-786
-694
-626
-544
-424
-282
-141
-37
34
110
197
298
403
486
538
581
636
737
866
950
960
914
866
885
972
1088
1168
1164
1058
896
756
680
661
659
622
547
443
318
167
6
-128
-198
-196
-152
-103
-94
-129
-189
-234
-235
-188
-97
0
98
179
222
238
250
270
311
372
432
499
557
614
651
643
593
510
435
408
439
475
459
354
173
-13
-152
-224
-255
-290
-354
-448
-556
-668
-772
-860
-924
-953
-946
-918
-904
-919
-956
-985
-975
-913
-810
-698
-607
-531
-471
-394
-287
-183
-78
-3
52
94
116
126
115
97
82
75
39
-35
-144
-259
-343
-396
-429
-468
-527
-587
-642
-670
-667
-636
-586
-533
-477
-425
-368
-297
-194
-57
92
243
378
494
595
668
722
785
864
974
1110
1231
1306
1308
1241
1163
1111
1131
1219
1318
1391
1372
1292
1195
1105
1041
991
947
902
901
915
887
752
503
253
97
80
131
114
-24
-251
-458
-580
-639
-715
-835
-959
-1022
-1021
-1041
-1140
-1297
-1403
-1372
-1250
-1143
-1157
-1269
-1362
-1350
-1211
-1053
-972
-960
-953
-902
-835
-818
-843
-815
-661
-400
-185
-146
-287
-460
-482
-314
-42
198
334
387
416
439
433
403
403
520
768
1078
1312
1357
1237
1050
920
922
1037
1191
1306
1335
1273
1123
908
677
488
377
344
327
264
117
-97
-313
-483
-605
-697
-790
-894
-974
-1000
-968
-906
-837
-791
-763
-741
-703
-635
-527
-352
-140
57
195
248
243
221
250
349
490
629
709
713
655
580
517
488
498
525
557
552
504
431
343
254
171
119
90
70
54
15
-47
-132
-223
-309
-389
-452
-508
-548
-569
-579
-580
-604
-654
-726
-807
-865
-884
-856
-776
-679
-594
-564
-599
-663
-714
-705
-616
-470
-299
-146
-40
20
48
73
130
223
363
527
669
776
834
853
863
875
889
900
888
856
800
742
701
682
683
675
633
544
430
312
234
234
304
401
475
485
404
266
117
7
-27
22
114
191
204
127
-33
-226
-393
-487
-483
-404
-308
-260
-293
-401
-557
-690
-746
-727
-655
-577
-531
-540
-595
-664
-710
-698
-630
-528
-433
-382
-368
-379
-371
-312
-206
-84
16
77
89
82
72
97
156
213
242
212
137
33
-67
-127
-147
-143
-148
-177
-232
-303
-357
-369
-356
-318
-278
-251
-223
-184
-123
-41
62
163
236
273
289
315
376
483
601
698
755
758
735
722
752
817
905
977
1012
1001
943
893
868
888
946
993
995
940
843
718
604
531
486
455
396
288
128
-73
-281
-451
-575
-668
-755
-867
-1007
-1168
-1324
-1447
-1536
-1580
-1590
-1598
-1605
-1620
-1633
-1628
-1591
-1505
-1378
-1235
-1084
-938
-790
-626
-452
-264
-64
132
316
485
641
793
932
1043
1129
1187
1228
1253
1256
1233
1202
1149
1078
992
868
739
609
496
411
320
225
108
-9
-113
-196
-248
-290
-323
-362
-395
-410
-407
-403
-411
-411
-407
-387
-361
-336
-307
-277
-240
-202
-151
-96
-53
-9
49
117
184
246
306
386
479
571
639
664
673
689
731
790
849
876
858
804
718
628
534
438
347
262
170
43
-111
-292
-473
-633
-745
-817
-870
-922
-988
-1060
-1127
-1179
-1215
-1209
-1159
-1088
-1006
-929
-869
-825
-775
-705
-614
-498
-368
-235
-104
11
97
148
185
233
306
393
470
512
514
505
489
476
464
446
428
406
389
368
341
314
291
290
287
285
273
253
233
221
235
252
271
281
289
291
284
282
286
306
334
353
352
340
316
295
284
280
292
288
274
255
228
212
190
177
157
143
131
117
115
96
71
26
-26
-85
-155
-219
-289
-348
-401
-465
-534
-617
-705
-787
-852
-894
-915
-914
-911
-897
-889
-876
-842
-794
-712
-604
-480
-349
-232
-121
-22
62
162
272
384
482
562
624
658
671
674
669
663
649
616
558
489
414
333
259
188
126
54
-32
-112
-196
-247
-278
-290
-278
-266
-250
-255
-272
-287
-282
-246
-191
-118
-54
-6
20
25
30
41
75
132
199
267
322
357
369
364
361
368
393
434
474
510
518
497
456
412
382
362
359
348
324
277
211
130
41
-33
-113
-179
-244
-318
-400
-497
-587
-664
-725
-764
-780
-793
-796
-797
-799
-786
-766
-721
-662
-583
-504
-426
-342
-266
-173
-71
28
134
240
351
452
547
627
710
783
836
881
901
914
900
871
842
795
751
690
619
537
431
313
191
94
6
-68
-140
-219
-299
-397
-479
-545
-590
-627
-659
-670
-678
-679
-687
-683
-671
-651
-626
-609
-582
-546
-505
-464
-416
-367
-318
-268
-226
-176
-114
-49
13
69
127
183
228
272
322
380
431
469
497
529
546
555
565
564
565
555
531
499
451
390
327
263
196
131
61
-11
-74
-138
-200
-258
-314
-355
-384
-402
-401
-393
-381
-375
-370
-347
-317
-274
-224
-180
-132
-78
-29
27
94
159
207
249
300
353
401
434
474
512
539
561
566
573
578
576
572
560
544
533
523
503
487
460
410
362
299
240
182
111
44
-24
-97
-171
-254
-334
-408
-481
-548
-602
-654
-715
-769
-820
-864
-900
-924
-935
-942
-938
-929
-926
-917
-900
-870
-824
-771
-711
-648
-587
-538
-489
-442
-386
-316
-256
-190
-129
-80
-48
-31
0
41
91
147
196
238
275
304
340
382
429
490
552
619
686
735
771
802
843
899
965
1026
1070
1094
1091
1060
1030
1014
1001
990
966
927
862
775
676
580
507
443
380
307
226
134
25
-92
-187
-256
-301
-337
-387
-431
-471
-522
-567
-593
-581
-531
-470
-422
-395
-386
-380
-374
-345
-285
-217
-162
-143
-155
-195
-253
-323
-382
-409
-418
-423
-455
-518
-603
-689
-767
-817
-832
-837
-831
-839
-860
-875
-882
-879
-863
-826
-762
-688
-612
-533
-461
-387
-317
-238
-140
-27
103
236
362
472
563
649
734
815
901
989
1078
1160
1210
1223
1207
1165
1124
1092
1067
1040
991
924
833
730
627
533
446
365
287
211
137
59
-10
-78
-144
-208
-267
-323
-369
-400
-434
-459
-487
-515
-535
-555
-555
-549
-540
-525
-503
-459
-421
-390
-361
-338
-302
-260
-208
-158
-111
-75
-42
-16
14
49
77
104
135
155
169
169
156
146
147
155
154
147
129
108
93
74
54
38
27
13
0
-17
-32
-43
-60
-72
-86
-102
-112
-124
-136
-145
-149
-145
-147
-157
-159
-163
-152
-126
-105
-89
-76
-46
-11
26
54
73
101
120
143
163
171
181
187
196
199
193
181
170
160
147
131
101
80
64
46
33
11
-9
-16
-9
-11
-20
-30
-33
-29
-33
-39
-51
-50
-40
-38
-40
-47
-50
-49
-50
-57
-67
-75
-82
-78
-77
-82
-82
-81
-78
-70
-70
-79
-77
-73
-74
-80
-82
-84
-91
-97
-106
-117
-114
-112
-110
-106
-104
-104
-94
-73
-59
-44
-34
-22
-5
14
34
33
33
41
50
58
60
56
46
43
42
42
45
44
51
63
78
97
115
134
158
180
209
243
272
303
326
345
365
380
390
390
397
400
390
376
361
338
310
272
228
187
142
92
42
-2
-50
-96
-138
-181
-215
-254
-289
-320
-347
-365
-386
-402
-411
-416
-418
-413
-405
-399
-383
-376
-359
-337
-331
-315
-305
-289
-265
-250
-238
-222
-210
-201
-186
-177
-161
-153
-146
-135
-126
-116
-106
-96
-82
-64
-46
-29
-8
11
35
58
74
94
115
140
162
179
192
204
214
232
244
248
255
256
256
265
271
273
277
287
291
292
300
310
319
324
328
345
350
359
367
359
359
352
345
332
306
275
239
204
166
130
91
51
10
-36
-79
-121
-161
-202
-245
-284
-310
-328
-343
-353
-365
-361
-350
-346
-337
-323
-299
-271
-249
-225
-194
-165
-132
-101
-77
-41
-10
14
29
40
58
67
71
70
63
58
51
48
43
40
33
24
17
9
-4
-19
-31
-44
-49
-57
-63
-64
-75
-74
-73
-73
-73
-72
-71
-72
-75
-75
-75
-75
-67
-68
-61
-49
-46
-39
-32
-23
-10
2
10
21
33
55
85
102
120
135
148
164
176
196
206
216
225
226
228
227
223
213
206
201
200
195
179
169
156
149
138
118
109
93
75
64
51
39
22
3
-14
-37
-59
-83
-107
-127
-151
-171
-192
-214
-228
-245
-264
-282
-293
-303
-305
-307
-306
-290
-279
-264
-251
-237
-224
-210
-191
-169
-141
-117
-90
-62
-32
-5
12
32
49
72
97
110
121
134
139
143
145
146
147
143
138
128
118
110
105
89
73
64
52
44
32
21
7
-7
-11
-17
-17
-13
-11
-2
1
6
16
24
28
35
50
64
77
88
99
104
107
111
113
115
118
120
122
122
122
112
101
92
88
85
81
64
54
51
41
37
23
9
-5
-15
-21
-31
-41
-52
-60
-73
-79
-83
-100
-116
-131
-142
-152
-157
-153
-157
-168
-171
-171
-166
-156
-163
-167
-162
-153
-145
-141
-133
-126
-119
-104
-91
-80
-66
-50
-41
-29
-15
-5
10
30
42
57
74
81
97
107
114
122
124
123
127
132
134
134
127
124
119
112
111
109
99
87
79
72
69
59
48
41
37
30
27
22
11
7
-1
-3
-9
-16
-20
-29
-33
-32
-37
-47
-59
-64
-65
-67
-71
-74
-74
-74
-69
-64
-56
-50
-41
-29
-20
-12
-4
4
8
23
35
42
50
50
53
59
62
61
65
65
64
56
46
41
30
23
9
-3
-8
-20
-31
-38
-54
-65
-76
-89
-92
-99
-99
-102
-104
-100
-96
-83
-75
-72
-69
-65
-59
-46
-32
-23
-18
-9
-1
12
21
32
48
57
62
66
75
84
90
95
104
114
109
109
106
109
116
117
117
110
108
110
99
85
70
54
43
27
13
2
-9
-21
-40
-59
-71
-86
-99
-110
-120
-122
-129
-130
-128
-136
-134
-129
-121
-111
-100
-92
-80
-66
-58
-50
-45
-30
-10
7
19
24
31
31
39
46
47
41
32
30
32
29
20
14
12
16
18
21
24
26
27
25
31
34
41
43
43
50
54
60
59
54
48
42
35
29
24
18
9
5
1
-5
-11
-19
-23
-34
-38
-41
-45
-42
-35
-27
-24
-25
-26
-24
-19
-17
-12
-2
3
11
19
21
24
19
14
14
19
21
24
29
32
33
35
35
32
33
28
24
27
26
22
16
5
0
1
-4
-7
-8
-11
-10
-15
-15
-14
-24
-28
-27
-24
-26
-30
-37
-47
-51
-52
-53
-52
-45
-40
-38
-37
-38
-40
-39
-38
-33
-29
-23
-16
-17
-12
-14
-8
-2
-1
-5
-3
7
12
16
11
15
23
18
16
12
13
19
16
8
3
5
10
10
15
16
14
16
18
19
24
28
29
32
38
39
40
37
40
42
37
38
35
34
26
13
5
0
10
11
7
1
-7
-5
-14
-16
-20
-21
-16
-21
-15
-17
-18
-16
-13
-11
-10
-6
-8
-8
-8
-13
-11
-12
-13
-7
-2
-3
-10
-10
-6
-2
-1
-3
-4
4
8
6
0
5
4
-3
-9
-19
-15
-13
-11
-10
-12
-5
-8
-11
-5
-5
0
0
0
3
3
7
1
-5
-5
-5
-4
-3
0
1
-8
-18
-24
-26
-26
-27
-27
-19
-9
-2
-1
0
0
-4
-3
4
11
16
18
18
19
24
25
25
22
24
16
12
17
13
15
16
14
11
10
8
5
4
1
7
4
-2
-3
0
2
-6
-9
-11
-7
-11
-11
-5
-5
-7
-8
-3
-1
-2
-3
-6
-14
-12
-6
-7
-1
2
2
7
6
3
5
8
5
3
0
4
11
8
3
-2
-6
-4
-1
-4
-2
-1
3
1
2
4
-1
-2
-3
-1
-1
-4
-7
-4
-2
-5
-4
-8
-8
-6
-5
2
4
4
5
3
2
-1
2
2
5
12
14
12
7
6
4
3
3
-1
-4
1
3
2
5
4
2
4
3
1
-7
-10
-12
-12
-10
-9
-10
-17
-17
-15
-14
-13
-16
-12
-15
-18
-14
-10
-12
-16
-24
-20
-15
-16
-18
-20
-14
-6
-5
-7
-3
-2
5
5
5
17
22
25
24
29
35
30
24
27
31
29
21
13
13
8
5
7
1
5
11
4
-5
-7
0
1
0
0
0
3
-3
-4
-5
-9
-6
-6
-5
0
4
9
6
8
13
12
9
12
10
6
6
-1
5
7
5
5
-6
-1
4
9
9
3
4
3
1
-6
-7
-5
-5
-1
-5
-10
-11
-15
-18
-22
-20
-16
-16
-15
-11
-7
-9
-15
-15
-7
-2
3
-2
-8
-9
-9
-8
-13
-16
-16
-14
-13
-19
-12
-6
-5
1
2
1
2
1
1
0
4
6
7
7
3
0
3
7
7
9
10
13
18
21
24
22
17
9
11
16
9
6
7
7
5
2
4
6
6
2
-1
1
6
9
7
10
10
-2
-8
-17
-14
-10
-10
-7
-3
7
5
6
4
4
6
-10
-6
-1
5
8
1
2
2
4
8
8
3
5
2
-5
-4
-8
-10
-10
-11
-10
-14
-19
-24
-28
-26
-25
-26
-28
-34
-46
-54
-56
-52
-46
-44
-41
-39
-41
-39
-39
-37
-30
-20
-12
-7
8
21
29
39
48
61
75
84
95
104
108
116
124
124
127
132
141
151
143
134
126
120
121
117
114
106
95
83
74
58
39
20
0
-15
-31
-48
-69
-91
-109
-124
-135
-157
-178
-203
-228
-245
-265
-276
-281
-279
-280
-278
-269
-263
-254
-246
-235
-219
-202
-187
-173
-153
-133
-114
-99
-77
-55
-30
-8
10
38
59
78
98
116
137
152
168
182
198
215
225
237
244
245
249
249
245
245
241
235
220
207
198
191
181
169
151
132
116
96
81
77
66
56
41
28
26
15
10
4
-8
-20
-26
-35
-43
-50
-60
-72
-81
-86
-90
-101
-112
-117
-121
-120
-121
-117
-116
-120
-121
-124
-125
-129
-128
-122
-119
-118
-122
-121
-117
-113
-111
-108
-101
-100
-100
-96
-86
-80
-71
-61
-52
-36
-29
-28
-21
-18
-15
-14
-13
-4
1
0
-4
-3
3
10
20
22
24
31
33
34
40
47
54
65
76
84
95
105
122
131
132
139
146
158
174
179
183
189
193
199
196
195
183
168
159
146
135
118
106
93
84
71
43
15
-11
-23
-36
-57
-83
-111
-121
-124
-131
-141
-166
-182
-180
-167
-156
-167
-186
-177
-149
-120
-111
-127
-131
-113
-84
-66
-79
-97
-98
-86
-67
-69
-90
-104
-90
-63
-51
-66
-92
-94
-68
-48
-53
-65
-66
-41
-13
-8
-18
-27
-8
26
48
47
37
46
73
99
93
79
87
113
146
148
141
141
162
187
187
182
179
196
223
230
220
202
208
224
227
211
183
174
179
180
158
124
111
105
105
84
41
1
-22
-34
-51
-86
-124
-152
-168
-178
-197
-222
-247
-264
-265
-265
-266
-274
-275
-267
-255
-245
-241
-231
-219
-196
-175
-161
-143
-120
-93
-72
-51
-44
-34
-14
11
29
30
39
50
70
79
72
72
69
76
80
79
78
78
89
102
112
105
94
84
82
86
84
83
76
73
77
72
62
52
47
51
59
57
51
56
61
71
73
75
76
70
73
69
65
56
44
35
20
10
5
-5
-20
-32
-43
-55
-63
-72
-76
-77
-81
-87
-88
-89
-85
-80
-78
-69
-62
-55
-47
-44
-39
-33
-33
-32
-26
-22
-14
-12
-8
-7
-5
-2
2
3
-1
5
14
