-94
-87
-78
-75
-68
-62
-52
-41
-33
-23
-15
-7
4
12
22
33
43
53
60
68
78
85
89
92
98
96
99
105
111
113
116
117
111
108
106
100
103
98
92
86
76
76
65
65
59
52
55
45
46
37
33
34
25
27
24
32
31
23
19
8
11
-4
-10
-17
-31
-30
-52
-57
-76
-88
-89
-105
-100
-116
-114
-116
-128
-122
-134
-128
-136
-128
-122
-119
-100
-99
-76
-78
-68
-52
-55
-32
-31
-16
-10
-7
5
8
24
17
25
24
28
41
39
54
44
49
51
52
62
56
66
56
62
60
60
60
47
48
34
42
39
40
49
42
53
43
44
39
38
43
37
49
40
43
34
33
41
31
36
28
30
21
12
9
2
4
2
11
4
-1
-10
-24
-30
-41
-36
-34
-30
-32
-44
-48
-57
-61
-62
-59
-58
-59
-58
-68
-62
-62
-60
-51
-44
-28
-24
-19
-17
-22
-13
-10
1
11
13
19
12
11
10
3
0
6
13
15
16
7
7
4
0
8
9
17
18
17
18
10
9
10
14
21
26
30
26
23
19
15
13
15
17
21
15
13
9
0
4
3
8
9
2
1
-4
-2
-1
-2
7
9
11
13
5
4
5
7
11
11
8
8
12
8
6
5
0
-4
-9
-8
-8
-12
-21
-29
-32
-33
-34
-28
-24
-26
-23
-28
-35
-35
-29
-15
-6
-2
-4
-8
-14
-15
-8
-5
-6
2
5
9
11
9
9
7
12
17
21
24
17
10
2
-2
5
10
14
14
10
3
-6
-2
7
10
11
9
10
13
15
12
9
11
8
9
11
9
12
8
6
2
-16
-10
-3
-8
-2
-9
-25
-12
-7
-13
-5
-6
-12
-11
4
2
0
7
-7
-10
-2
-1
-3
0
-1
-3
2
-1
-8
2
7
4
3
0
-5
-6
-5
-7
-3
-4
-2
-2
-1
1
-1
0
2
1
3
-1
-2
-3
-1
8
4
3
-2
-8
-3
-2
1
-1
-2
-1
0
5
2
3
3
-8
-7
-6
-4
3
5
-2
-7
-4
-2
-2
1
7
4
4
8
9
15
19
20
21
16
14
14
13
9
3
-1
-1
0
-2
0
0
-4
-6
-7
-9
-8
-12
-17
-15
-14
-13
-14
-13
-13
-12
-10
-11
-10
-9
-10
-4
0
4
8
7
6
5
10
8
5
9
2
-2
-2
1
2
-4
-7
-5
-4
2
3
4
8
2
5
3
6
11
8
6
1
3
3
-1
3
0
3
2
-6
-5
-7
-8
-11
-12
-11
-13
-13
-13
-6
0
-1
1
-2
-4
-2
1
3
4
4
6
12
10
16
17
14
15
12
11
7
5
1
2
2
0
-1
-1
-2
-3
1
5
8
10
11
12
12
9
7
6
-2
-6
-6
-4
-6
-9
-12
-13
-14
-12
-9
-15
-19
-21
-17
-10
-8
-5
-6
-7
-8
-13
-11
-10
-7
-2
-2
4
1
-3
-4
-8
-11
-14
-16
-11
-9
-9
-4
-1
5
7
8
11
10
12
21
22
26
30
31
36
36
31
29
19
13
11
6
7
4
2
-2
-4
-5
-12
-14
-11
-11
-6
-12
-10
-7
-13
-6
-6
-3
-1
-8
-6
-10
-11
-12
-14
-11
-11
-8
-3
-6
-11
-10
-11
-9
-7
-6
-1
-6
-3
-2
-3
0
2
11
12
13
17
16
18
18
13
10
10
8
9
4
-3
-6
-6
-8
-6
-7
-6
-2
2
4
3
3
-2
-2
-5
-3
0
-6
-4
-3
-2
1
0
1
0
-2
-4
-6
-10
-3
-7
-12
-9
-17
-13
-14
-12
-1
1
10
8
11
10
10
13
10
8
2
6
6
7
9
8
13
11
7
2
3
5
6
0
-4
0
-5
-1
0
-5
-2
1
-1
2
-5
-11
-10
-12
-12
-10
-7
-8
-10
-7
0
5
1
-4
-1
0
3
4
1
4
3
4
8
4
-2
-3
-1
-4
0
1
2
6
5
1
1
3
2
3
2
5
5
-1
0
3
5
3
3
0
-4
-6
-7
-6
-6
-7
1
3
4
7
4
0
-5
-5
-9
-8
-4
-8
-13
-9
-5
-4
-4
-4
0
1
2
0
1
3
2
5
8
9
5
3
5
2
0
0
-1
-1
5
10
12
8
3
5
10
11
10
6
0
-1
-5
-7
0
1
4
6
3
4
9
5
-2
-7
-4
-1
-4
-6
-8
-10
-9
-4
-6
-7
-8
-12
-17
-16
-14
-9
-4
-9
-9
-9
-9
-3
-9
-12
-11
-17
-18
-15
-13
-8
-3
-5
-4
-1
1
8
5
4
9
6
13
15
12
15
19
21
25
24
26
21
15
16
11
12
13
13
17
19
23
24
20
20
18
15
14
12
11
8
3
-3
-9
-8
-11
-14
-14
-19
-20
-21
-26
-24
-25
-20
-17
-17
-16
-21
-19
-17
-12
-9
-15
-16
-17
-17
-12
-8
0
4
1
1
2
1
1
4
8
8
8
5
5
5
-2
-2
-1
-5
4
15
16
12
9
9
6
4
3
5
4
4
0
-5
0
-5
1
1
0
5
0
3
2
2
3
2
2
3
8
10
2
-3
-6
-2
4
4
4
4
2
4
6
8
10
12
8
2
-3
-9
-10
-11
-8
-2
-1
-7
-5
0
0
3
5
8
2
-1
-5
-10
-8
-9
-11
-10
-7
-5
-4
-2
-5
2
6
7
5
1
-1
-3
-1
-2
-2
2
0
0
1
-5
-10
-15
-19
-19
-17
-13
-10
-5
0
0
6
6
2
-2
-8
-12
-11
-11
-8
-8
-8
-6
-2
1
4
11
14
15
22
34
36
31
29
25
25
27
24
25
14
13
19
15
15
11
10
8
6
10
13
19
15
6
-2
-6
-2
2
15
11
7
6
-2
7
8
9
3
-9
-9
-15
-13
-15
-23
-34
-45
-49
-53
-53
-55
-63
-67
-71
-66
-61
-59
-60
-67
-70
-70
-63
-52
-36
-29
-32
-36
-36
-25
-17
-13
-12
-19
-16
-11
-3
8
9
10
16
29
44
63
80
86
91
99
119
147
171
181
181
178
183
191
175
163
151
133
134
119
93
60
18
-21
-61
-87
-102
-115
-141
-179
-215
-263
-293
-303
-305
-277
-248
-235
-226
-231
-227
-189
-145
-92
-40
5
50
83
101
120
155
198
256
317
360
405
410
392
390
391
419
441
430
392
330
269
212
154
98
48
1
-59
-121
-189
-265
-318
-362
-398
-398
-406
-426
-467
-541
-586
-605
-587
-529
-490
-462
-457
-474
-479
-459
-403
-309
-215
-137
-88
-79
-83
-94
-101
-70
-5
82
173
237
239
181
110
108
256
530
804
946
849
624
468
478
678
906
1031
1045
988
957
887
722
442
145
-2
29
206
297
168
-176
-646
-1044
-1302
-1393
-1382
-1362
-1338
-1347
-1409
-1510
-1613
-1677
-1607
-1441
-1220
-987
-805
-533
-227
127
442
587
665
663
788
1063
1359
1691
1884
2050
2223
2325
2378
2206
1923
1702
1651
1795
1962
2009
1839
1491
1035
563
110
-272
-536
-668
-699
-761
-940
-1276
-1716
-2135
-2477
-2676
-2712
-2610
-2376
-2118
-1940
-1922
-2049
-2185
-2186
-1950
-1551
-1108
-753
-473
-213
44
312
457
513
521
589
847
1171
1527
1789
1894
1915
1776
1572
1357
1208
1254
1408
1592
1636
1461
1172
840
577
363
137
-62
-207
-213
-104
-60
-180
-538
-1002
-1353
-1480
-1342
-1108
-912
-796
-755
-687
-660
-731
-881
-1055
-1043
-830
-429
58
495
887
1103
1088
823
439
280
477
996
1584
1946
2038
1875
1589
1224
736
242
-130
-172
99
409
495
140
-531
-1294
-1931
-2289
-2400
-2306
-2108
-1890
-1722
-1681
-1775
-1959
-2133
-2185
-2058
-1750
-1293
-744
-162
351
694
811
735
646
692
972
1435
1922
2339
2600
2745
2777
2669
2450
2160
1975
1974
2104
2277
2291
2095
1736
1264
810
386
23
-215
-370
-430
-524
-755
-1088
-1503
-1846
-2090
-2268
-2377
-2457
-2430
-2309
-2162
-2066
-2118
-2217
-2243
-2106
-1779
-1414
-1080
-800
-522
-163
207
529
724
814
921
1078
1331
1612
1846
2021
2082
2047
1909
1715
1552
1433
1384
1346
1274
1140
914
642
338
27
-269
-552
-779
-941
-1049
-1123
-1239
-1407
-1642
-1891
-2038
-2039
-1878
-1622
-1373
-1174
-1079
-1047
-998
-897
-721
-513
-290
9
446
1010
1550
1819
1650
1149
710
691
1124
1727
2170
2342
2335
2218
1931
1387
632
-70
-370
-144
357
689
579
60
-642
-1331
-1956
-2455
-2739
-2716
-2378
-1906
-1555
-1493
-1659
-1849
-1916
-1850
-1734
-1520
-1065
-319
601
1410
1850
1876
1698
1602
1696
1929
2205
2502
2875
3294
3569
3546
3231
2733
2275
2025
1915
1863
1837
1795
1713
1528
1118
457
-241
-834
-1255
-1484
-1657
-1896
-2211
-2521
-2853
-3151
-3400
-3651
-3812
-3858
-3763
-3652
-3466
-3225
-3065
-2837
-2582
-2374
-2229
-1975
-1569
-1152
-559
-108
155
463
733
997
1260
1615
1797
1987
2350
2581
2799
2879
2783
2643
2604
2648
2598
2528
2298
1993
1822
1673
1511
1233
851
487
217
21
-250
-543
-859
-1171
-1323
-1399
-1497
-1633
-1695
-1692
-1666
-1583
-1669
-1771
-1691
-1538
-1489
-1402
-911
-228
664
1333
1148
594
263
455
899
1492
1895
2020
2737
3569
3951
3625
2595
1110
-187
-372
-223
132
437
364
302
-41
-772
-2426
-4028
-4990
-5418
-4846
-4105
-3308
-2808
-2541
-2294
-2365
-2374
-2768
-2963
-2380
-1117
737
2297
3396
3817
3701
3503
3248
3351
3590
3978
4593
5122
5529
5335
4588
3614
2556
1701
866
223
-82
-108
88
-195
-1028
-2196
-3421
-4172
-4596
-4574
-4195
-3813
-3520
-3352
-2880
-2701
-3062
-3409
-3399
-2473
-1414
-648
81
870
1525
1481
1450
1457
1367
1573
1869
2384
3010
3387
3129
2550
2097
1207
499
508
232
9
426
420
-382
-893
-1140
-1758
-1949
-1690
-1674
-1098
-479
-866
-1064
-659
-679
-1058
-819
-593
-692
-32
333
351
718
591
201
-110
-287
-695
-696
-510
-973
-882
-611
396
2516
4636
6129
5689
3455
370
-1864
-2403
-1883
-538
782
2176
3214
2734
771
-2419
-5339
-6428
-5421
-2989
-577
828
793
-279
-1716
-3572
-5223
-5702
-4324
-1001
2796
5313
5533
4207
2708
1344
858
1235
2211
3837
5608
7264
7818
6894
4398
998
-1317
-2522
-2535
-1588
-349
1048
1529
1070
-618
-2984
-4840
-6075
-5613
-4028
-1828
326
1168
1178
-226
-2375
-4519
-5971
-5314
-3285
-441
1693
2498
2327
867
-989
-2984
-4042
-3566
-1817
971
3343
4617
4261
2497
258
-1668
-2465
-2165
-779
1331
3295
4256
3646
1716
-507
-2150
-2835
-2510
-1602
-166
1107
1837
1987
1172
28
-1345
-1941
-1381
-286
1393
2601
3622
3676
2432
1042
-698
-1232
-1095
-530
746
1399
1805
860
-346
-1374
-2660
-2732
-2977
-2299
-1041
-394
248
-378
-738
-1245
-1711
-572
1645
5781
9110
9933
8361
4381
200
-3670
-5755
-5540
-3820
-1133
1228
2629
1703
-1737
-6067
-9177
-9498
-7255
-4080
-1074
672
767
-254
-2627
-5029
-6773
-6330
-2840
1742
6253
8287
8001
6536
4256
2559
1227
940
2120
4174
6359
7406
6869
5145
2546
-408
-2596
-3585
-2868
-1033
801
2469
2978
1933
-448
-3177
-4687
-4979
-4308
-2720
-477
1765
2675
1626
-762
-3190
-4908
-5342
-3928
-1492
1184
2945
3246
2683
861
-1455
-3414
-4158
-2892
-459
2395
4462
4969
4067
2158
-204
-2220
-3209
-3002
-1433
429
1713
1856
351
-1900
-4045
-5094
-4657
-3436
-1752
-138
1196
2292
2583
2158
1157
69
-196
474
1833
3103
3741
3580
2635
896
-1030
-2524
-3186
-2332
-1426
-325
426
47
-276
-1522
-2406
-2787
-2816
-1694
-607
476
1048
992
922
1600
3912
7011
9857
10579
8080
4259
-1355
-6200
-9057
-10495
-7587
-4194
11
2945
1814
-473
-4788
-7263
-7515
-5399
-1561
2191
5052
4916
3618
2
-3395
-5520
-5957
-2828
1032
5161
7893
8163
6506
3591
355
-1209
-1010
392
3227
5333
7196
7548
6148
3699
51
-2774
-4395
-3926
-2032
537
2699
3191
2385
37
-2502
-4875
-6743
-7005
-5785
-3125
-248
1462
1751
498
-1645
-3660
-4790
-4554
-2913
-242
2440
4376
4576
3197
1052
-1452
-2973
-3014
-1321
1534
4115
5198
4608
2607
-189
-2492
-4361
-4742
-3846
-2236
-1
1051
880
-597
-2727
-4125
-4696
-4024
-2427
-394
1928
3675
4632
4480
3121
1671
298
-213
48
404
1243
1731
1692
948
-655
-1917
-2879
-2928
-1829
-1084
180
255
210
1007
410
815
-466
-983
-544
-1200
-1
1406
6293
11504
14303
13162
7590
1200
-6241
-11286
-14247
-12780
-7710
-2404
2578
3941
2856
-874
-5645
-8636
-7970
-4399
247
4732
6864
7834
4985
-520
-5574
-9117
-8056
-4699
29
5094
7952
8348
5888
2351
-551
-2130
-2093
-461
2652
6069
8593
9159
7762
4985
1373
-1816
-3963
-4256
-2568
15
2605
3702
2913
708
-2517
-5543
-7943
-8589
-7042
-4073
-174
2106
3016
2457
186
-1813
-4526
-5354
-4201
-2025
1389
3118
3970
2688
2
-2709
-4594
-4112
-2528
775
3858
6497
7612
5763
2852
-1136
-4177
-4768
-3753
-1391
1233
2141
2359
1509
-309
-1328
-3032
-3566
-2896
-1109
2431
4546
5651
4987
2786
696
-2311
-4195
-4646
-3789
-1383
816
2679
2540
457
-2187
-4324
-4616
-4227
-3064
-869
1994
3778
3465
1574
-780
-2400
-3620
-2561
1203
7586
13159
15924
14975
9129
1544
-8140
-14168
-16016
-13634
-7006
-1424
4392
5061
2684
-1846
-7275
-9359
-9769
-5694
-676
4651
7755
7929
6080
1041
-3115
-6978
-7691
-5266
-1244
3695
6666
7637
6492
4184
1238
-811
-1504
-732
1345
4274
7661
9702
9396
6307
2488
-1205
-3440
-3594
-2186
822
3564
5850
5892
3814
210
-4244
-7366
-9560
-8743
-5907
-2827
-122
657
1325
827
-799
-2280
-3406
-2545
-1427
-72
1210
1173
300
-2170
-4093
-4941
-4611
-2627
-174
2704
4325
5101
4850
2792
182
-2755
-4035
-3178
-1725
11
915
1386
1669
1168
377
-1211
-2012
-1907
-454
1898
3625
5283
4404
2604
118
-2034
-2761
-3447
-2161
-732
972
1443
398
-1031
-2984
-4461
-5509
-5060
-3620
-809
833
2954
3716
1058
-239
-2735
-789
3319
8614
14880
15217
14045
6042
-1566
-8390
-13951
-14151
-12241
-3765
1923
6090
5933
1513
-3039
-9234
-11670
-10928
-6280
-264
4544
7122
7653
4434
-1105
-4999
-7628
-5289
-1482
3008
6868
7139
6551
3744
1185
-779
-1979
-1314
902
4439
7657
10292
10714
8682
4723
193
-3380
-5291
-4327
-1553
1648
5002
6126
5905
4027
-1097
-5241
-9061
-9544
-7507
-6419
-2642
-773
320
549
-1480
-2186
-3739
-3464
-3077
-1063
2476
2513
2247
-477
-3073
-4904
-6321
-4483
-1976
2860
6652
7459
7916
5118
1064
-2373
-5778
-5728
-4106
-2022
730
1952
2946
2395
1057
-360
-1680
-1159
-1316
649
2334
2178
3705
1818
955
-179
-2990
-2673
-3491
-2000
-796
-378
-46
-1757
-1917
-3918
-3152
-2128
-2057
-71
-759
684
897
3951
11028
16790
21081
16342
8802
188
-7992
-13438
-16473
-12440
-5406
2618
7030
8242
4592
-3817
-11134
-16148
-13386
-7048
-1431
3298
5630
5286
1133
-5745
-11292
-12374
-9091
-1708
6225
13182
14958
10367
4016
-2336
-4738
-5708
-5113
-1582
3099
8860
11926
12063
8977
4333
305
-2039
-1005
1029
4446
7325
8746
8655
5366
586
-5411
-8749
-8920
-7083
-2825
-270
1603
1854
-402
-2324
-5519
-8309
-9433
-8161
-3901
677
3592
3371
2011
-1029
-4729
-6559
-7479
-4895
-504
4404
9291
10623
9731
5298
-637
-4131
-6153
-5275
-3336
-1657
727
2162
2247
1651
589
380
664
531
1900
3217
4542
4698
3172
1578
-2438
-4390
-6375
-6691
-4130
-4042
-805
-74
615
1284
-2531
-3463
-6128
-6808
-5471
-4805
-2067
1244
9394
18060
21421
17962
8075
-863
-7040
-11792
-12802
-8780
738
8545
11441
10959
4206
-4602
-15105
-20601
-15252
-7245
352
4043
5102
5250
831
-5967
-10753
-11920
-8443
-1494
6354
13644
15223
10947
4267
-2086
-5553
-7869
-7744
-3993
2382
9393
13155
12473
8273
2285
-2838
-5587
-4919
-707
4373
9499
12735
12666
9869
3473
-3182
-8525
-10661
-8217
-3829
2037
5682
6629
5049
729
-4052
-8930
-10459
-9227
-5274
-106
2921
3848
980
-2553
-5720
-8076
-7641
-5456
-388
6087
10248
11125
7912
1769
-3850
-7709
-8907
-7584
-4970
-1925
765
2063
898
-1358
-3796
-4699
-2664
338
3740
6308
7220
6905
5500
3197
-8
-2849
-5096
-5407
-3527
-844
1517
1901
670
-1653
-3225
-3863
-4802
-5091
-4112
2101
12369
20943
21519
13123
1312
-9298
-15144
-18785
-15165
-5438
5638
14055
15105
12482
3191
-8367
-17561
-17316
-7396
1546
7316
7290
5645
1230
-7346
-14721
-17168
-12447
-3294
7600
16588
20023
15689
6309
-3058
-8124
-8787
-7275
-3242
1894
7053
9516
8231
3873
-1987
-6195
-7444
-4887
-590
4114
8220
10464
11208
8658
3583
-2305
-7788
-9759
-8643
-4698
273
3339
4538
3468
1206
-1721
-4350
-5809
-5286
-1931
1892
4559
4027
218
-4839
-8883
-9643
-8269
-4556
1064
7266
12762
14549
11659
5347
-1121
-5484
-6491
-4209
-1497
619
631
-1042
-2338
-4455
-5157
-4895
-3733
278
4146
7525
8400
6305
2665
-1398
-3456
-4791
-3363
-960
310
835
-1432
-3582
-5095
-6455
-8487
-6880
1083
12662
23393
23869
13321
-539
-9720
-15441
-17684
-15117
-7598
3924
11258
11945
6555
-1687
-12242
-19092
-14579
-2990
9261
12840
9315
4421
-1839
-10648
-19405
-21103
-15265
-3134
10079
18907
21409
15645
4519
-5369
-8304
-4067
2390
7905
12307
15159
14685
7506
-3763
-13776
-18065
-14458
-6961
2025
9329
12392
12262
8591
2413
-3808
-8958
-9932
-6197
-236
6332
9968
9300
4544
-1798
-7478
-10491
-9495
-6129
257
6498
9898
8378
2094
-5262
-12034
-13850
-11516
-6826
550
7410
12145
13629
10830
4825
-1965
-5961
-5856
-2124
3228
5948
6143
3611
-1318
-5859
-9980
-11282
-9461
-4334
2003
5238
6312
3652
763
-196
-272
1664
2536
1807
1006
1090
1852
172
-3060
-6678
-9724
-8461
-943
12193
20600
16079
3057
-7402
-9556
-11746
-14853
-12783
-3386
9044
11634
7928
1752
-7387
-16112
-19805
-10147
4496
12272
9379
3537
705
-4309
-11307
-16987
-13984
-3275
7813
15664
18175
14616
4683
-5852
-9416
-3630
5800
12470
14497
15128
15279
10944
2006
-7410
-12032
-10269
-4562
1313
6208
8094
5095
30
-4506
-5087
-3988
-3861
-2188
814
4630
4892
744
-4032
-7515
-8018
-7126
-5031
-2252
135
2255
3235
3344
776
-3971
-8194
-10071
-8019
-4584
-1365
2150
5785
9450
11134
9948
6299
1483
-2164
-3729
-1714
1224
3019
3120
348
-1905
-3984
-5128
-4769
-3651
-523
2116
3949
2648
449
-759
-2035
-487
-417
285
-128
-2303
-2382
-2039
5048
14375
21110
18752
5190
-7292
-14771
-14938
-14023
-11265
-3280
5107
10465
5634
-3171
-12113
-20737
-21883
-13863
1891
15348
16781
9671
276
-8131
-15564
-20417
-16478
-4312
9925
18610
18544
11841
706
-9394
-13459
-7186
5191
15045
19503
18216
15611
10608
2676
-4052
-6602
-2245
3946
7730
7892
4689
195
-4834
-7029
-5839
-2139
1343
1981
2378
2354
1385
-1005
-4245
-4877
-3227
-605
308
-935
-2863
-5771
-7107
-6807
-4775
-2949
-3188
-3639
-4119
-3473
-3611
-3741
-1778
1489
4738
5569
4874
3523
2962
2735
3060
4480
4034
2350
-490
-3318
-5026
-6451
-6570
-5367
-2334
1057
2968
3842
2438
1367
2573
4091
5600
4717
3161
1890
1780
5224
10323
16318
16233
7636
-2552
-10184
-12293
-13546
-13061
-9070
-2569
3725
1390
-3954
-10543
-15849
-17019
-13331
-2178
7894
11682
5089
-4511
-10188
-13745
-13558
-10456
-1228
9233
14969
13867
6238
-1994
-9830
-13367
-8660
2808
15449
21701
20905
15137
8086
1794
-2557
-1919
2857
8574
11535
10548
5992
-669
-6967
-9669
-7902
-4155
123
2717
3622
2887
-157
-2632
-3047
-1360
1299
3533
5295
4333
1369
-2218
-4155
-3762
-3014
-2993
-4077
-4601
-5561
-6642
-6928
-6935
-5144
-1774
1311
2719
1916
-933
-3422
-3434
-1724
1842
5925
7765
6837
2953
-1172
-3843
-4764
-2860
-1310
636
1545
-146
-2483
-5403
-6327
-4970
-2061
1642
2830
5524
10165
17774
23209
18830
7669
-3887
-7648
-6841
-4720
-2276
-483
1476
-1503
-7922
-14674
-20173
-21373
-17756
-7202
5493
12953
10494
1084
-8634
-13888
-13559
-8953
-846
7481
13296
13349
8082
799
-6576
-9346
-6471
1788
11953
16834
14928
7017
342
-1564
-787
1061
2199
4969
8571
9822
7413
2611
-885
-3339
-2686
2878
8165
9903
4984
-4647
-10087
-10279
-8260
-5988
-3187
1325
4434
4776
-674
-7082
-8691
-6830
-1084
5620
9710
7252
73
-6994
-10566
-7780
-4374
-2569
1154
4401
5756
4647
627
-4252
-6778
-5425
-1840
3173
6234
4755
1596
-1858
-3990
-4763
-5486
-5395
-5797
-3027
8
1087
2353
1822
1944
2818
7778
16184
21593
18630
6191
-3446
-3485
858
3388
1250
-698
-1111
-2012
-6233
-12323
-15788
-16334
-13897
-8277
-1591
891
-4086
-13508
-19224
-16238
-8016
106
6312
11192
13002
9098
2328
-2987
-4018
-1473
2957
8756
14298
15816
10716
2359
-3697
-3001
2846
8715
11702
11188
8634
3778
-2898
-7600
-7640
-3479
860
4862
7591
6265
1882
-6078
-11791
-10143
-4482
1991
5686
6155
3415
-1328
-5104
-8275
-6779
-2652
1023
4000
4741
3326
-1210
-5793
-9045
-8380
-3618
-518
1337
3168
3031
1449
-1151
-4256
-4169
-1504
1041
3812
4826
3969
726
-3321
-4973
-3639
715
3146
2323
-249
-3521
-4829
-5337
-5529
-2388
6357
17629
22267
15205
2941
-4705
-3428
1901
5057
7902
9967
8881
2242
-7575
-14274
-16730
-15586
-12548
-5857
2081
2359
-7403
-19959
-24604
-18236
-8092
-738
3809
8203
10466
7370
2007
-522
920
5231
9257
12774
15950
14519
7293
-1521
-4676
203
7324
10449
8415
4097
-10
-4091
-7111
-5577
19
4521
4527
1644
-271
-2605
-6269
-9589
-9193
-2319
4962
6572
2628
-2095
-4932
-6421
-5696
-3458
2378
8518
8966
4943
48
-2538
-4405
-5681
-5371
-2582
3171
6025
3726
-48
-3308
-5183
-5490
-4926
-2637
1183
3337
1526
-3047
-5822
-6720
-5968
-3498
-1524
547
1394
-38
-2030
-2933
-1008
3366
10527
18811
22311
16464
3796
-6379
-6789
1627
8995
10205
8787
4318
-2277
-8423
-12530
-11817
-8489
-5772
-3247
-562
-1159
-8439
-19771
-27214
-24776
-14695
-3355
3381
4348
1935
-2084
-4019
-2211
1817
5908
9386
13309
16833
18013
14626
8088
4661
6718
12235
16442
15484
11004
5068
151
-1506
58
3591
4923
2402
-1696
-5578
-8285
-10010
-11133
-10585
-7437
-3841
-2600
-4392
-7532
-8377
-5613
-1296
2172
4310
5032
3869
774
-2973
-4523
-2941
353
2203
1107
271
839
2140
3022
1496
342
694
1126
1219
846
581
-209
-2857
-6090
-8399
-7230
-5252
-5508
-6489
-7545
-7892
-7218
-4766
1427
12576
19572
14165
2275
-4550
-1669
6554
11053
11003
11206
11402
5504
-3367
-9278
-10034
-6980
-3285
281
2545
1061
-8673
-21162
-25804
-21763
-13793
-6681
-4062
-3210
-2955
-4884
-7016
-5238
357
7201
12761
16468
18210
18434
16174
11760
9824
12426
15967
16937
13758
7770
3460
2030
1703
1639
1718
488
-2088
-4017
-4735
-4024
-2651
-3799
-6841
-8281
-7907
-6287
-5034
-5986
-7670
-7222
-5062
-2391
457
1932
1931
422
-1827
-3415
-2901
149
2322
3482
4755
5144
6783
7425
5269
3428
2428
2440
3249
3143
2310
353
-3042
-7634
-11191
-10608
-9473
-8231
-7722
-9030
-8267
-5883
84
6930
6653
164
-6671
-4264
4591
10537
11249
7824
6873
5682
2471
1603
1967
2382
-387
-3236
-3411
-2851
-5670
-13930
-18740
-16501
-10369
-5625
-6533
-9894
-12297
-12401
-11118
-7439
-1633
3535
6280
5842
6067
7993
11490
14471
16310
19738
23026
23310
19067
12689
8385
7254
8550
9494
10100
9778
6123
984
-4216
-7404
-7946
-9029
-9576
-8261
-6045
-4626
-6197
-9192
-12078
-11814
-9543
-7489
-3607
-729
261
-1092
-3875
-4969
-3380
281
1318
1241
2829
4520
7853
9644
7611
5754
4975
5372
7282
7831
6528
3698
390
-2178
-4336
-4982
-6190
-8265
-10245
-11040
-8625
-4755
964
3440
-927
-7367
-10437
-6327
-523
979
-867
-1802
3056
5813
4463
2937
948
772
868
1888
3463
3805
-1544
-10742
-13584
-9964
-4174
-3778
-9427
-13862
-13567
-8464
-5724
-4840
-4906
-5224
-3395
61
5011
8597
10486
10152
10780
15366
19862
20576
15903
10830
9171
10784
13617
13918
13410
12065
9714
7506
4099
1627
-426
-3555
-5514
-5896
-4875
-5466
-7916
-10541
-13261
-11864
-11566
-12785
-11316
-9736
-6507
-4899
-5110
-6266
-5835
-2674
-2137
-51
3062
5601
8670
9093
6871
5903
8337
10253
11597
11541
9667
6938
3836
961
-2966
-2720
-2416
-4658
-6181
-8717
-7966
-6465
-3506
-1928
-5959
-8399
-10299
-6340
-462
206
-1660
-5556
-4332
-3399
-2235
477
883
2190
522
-124
-1409
-3228
-5763
-9559
-6196
-1670
1404
-593
-6498
-9864
-10072
-5936
-3447
-1991
-1283
-1685
-1434
-27
3541
5944
8191
8708
9433
13106
15913
15698
11875
9604
10351
12666
14313
13668
12223
9475
7782
4967
2648
3607
2499
512
-2411
-5519
-6641
-6752
-6099
-7460
-7217
-6570
-9092
-10370
-10647
-9262
-7359
-7163
-9309
-10056
-5517
-2792
-2423
-2420
-3166
-1069
3362
6056
7324
10051
11166
10074
8563
8101
8883
9058
8858
6207
5575
6250
3365
-628
-6411
-7816
-5490
-501
5544
2052
-5588
-13934
-15213
-7911
-3421
-3005
-8634
-10170
-6857
-4635
-2233
-4108
-5840
-7947
-6864
-2451
-305
163
-6804
-12541
-11267
-5933
-653
-1129
-4647
-8044
-6554
-2805
538
1432
-706
-1854
-1492
4490
10898
13657
13206
9389
8168
10205
13380
14497
13615
12840
12462
11759
10918
10450
9535
10032
8306
6242
6652
5154
2623
-2013
-6428
-7759
-5907
-3275
-5200
-7683
-11124
-13952
-12315
-9324
-5616
-4811
-6175
-10135
-12260
-8161
-4370
-1512
-1418
-4023
-4475
-288
4052
5798
6578
4952
4813
6362
8440
10443
10231
8840
5456
4045
5512
5385
3427
-1008
-2989
-624
4451
9468
6759
-421
-7635
-7878
-1552
2536
1533
-5339
-10338
-9850
-8444
-7051
-7223
-9423
-11642
-11450
-8401
-6334
-6336
-11191
-16075
-14110
-7151
-1382
-1682
-5109
-7329
-5522
-1765
744
1787
1546
982
1199
5285
10443
12367
10436
6199
5512
10012
15719
16659
13660
10184
8796
9888
10652
10409
11328
12317
9691
7428
6919
6956
6564
1518
-4698
-6782
-4007
-2305
-4721
-7226
-11144
-12553
-12940
-13523
-11033
-7643
-6815
-11467
-13840
-11952
-7678
-2399
-1541
-3259
-2582
977
3661
5492
6566
6339
7357
8200
8655
9745
10598
10068
7359
5691
6335
6596
6266
2033
-2250
-2251
1425
7825
6983
390
-6425
-7637
-2589
-346
-1380
-6580
-10168
-8748
-7329
-3793
-3140
-5945
-10539
-13164
-9676
-5844
-2756
-6598
-12742
-13759
-11162
-7283
-7355
-8959
-10270
-8739
-5378
-3051
-869
-592
-955
-1297
2775
9411
13882
15819
13273
11851
14202
17463
18469
16155
13138
11091
11700
12560
12471
13527
10736
5448
1980
1524
4822
6522
2437
-4561
-6871
-3032
-1048
-1400
-5016
-10573
-9995
-9677
-10773
-10849
-8454
-7846
-10792
-11339
-12615
-10839
-7126
-7517
-7937
-4651
-51
1630
1735
1222
1167
4809
10159
11835
11465
11694
8596
6181
7639
8735
8957
8965
6308
2635
1091
3517
5663
4954
668
-5638
-5551
-949
317
-3994
-8436
-10419
-8839
-7249
-6433
-6261
-6464
-8685
-11554
-12082
-10556
-7011
-8808
-10524
-9367
-7126
-3746
-4768
-8129
-9431
-7379
-4337
-2576
-1999
-1690
-722
71
3027
5550
8038
9990
9701
10852
14578
17553
17547
15145
12136
11514
13946
15389
15717
15446
11229
6656
3289
2676
6107
7991
4897
-2237
-6224
-5322
-3840
-794
-4211
-8447
-8450
-9809
-11675
-12921
-11635
-11919
-11184
-10871
-12588
-10395
-7637
-7673
-7119
-3447
25
2187
2720
964
1820
7361
11486
11405
10877
9493
7883
7766
7488
6556
6930
6826
4746
2951
2232
2811
5399
5320
971
-2984
-2526
632
1220
-1527
-5993
-7649
-6258
-6982
-6828
-6529
-6773
-8415
-10892
-11983
-12275
-9579
-11072
-12734
-11993
-10672
-8117
-8421
-9345
-9379
-6713
-3600
-2784
-2528
-2828
-1427
1608
6855
10515
11499
10990
8473
8784
12209
15686
16193
13446
9950
9409
12470
14629
14509
11772
8687
7222
7137
8943
10210
9553
6110
182
-3756
-3776
-1498
-765
-3621
-7298
-9671
-10399
-11820
-13407
-13682
-12651
-11253
-11819
-11877
-10116
-8817
-7960
-7570
-6390
-2874
714
1915
1311
3098
6254
7782
8194
6922
6854
8677
9540
8252
6402
6214
6192
6185
6461
6227
5921
6887
7424
3475
205
-740
739
3431
1497
-2965
-6824
-7246
-7112
-8579
-7788
-8115
-7875
-8902
-9430
-9416
-8933
-7847
-11561
-11608
-9395
-6223
-3703
-5726
-8225
-8926
-7175
-6126
-5794
-5221
-4381
-2250
316
4271
6462
7555
8037
8159
10815
14276
16077
15141
12518
11151
12476
14346
13754
12860
10642
6994
5916
4921
6057
7659
5511
719
-3774
-3234
-1815
-764
-653
-6679
-9018
-8329
-8001
-7997
-7711
-8737
-12790
-12523
-12144
-10869
-7707
-7285
-9389
-9165
-5441
-2426
-108
406
-844
-367
3851
6383
6974
8845
8696
7900
7452
7115
6607
8095
8931
6304
4854
5302
5463
5210
6974
5222
1162
1140
607
1926
3098
-434
-5859
-8568
-4814
-3701
-2735
-3723
-8644
-10344
-9207
-5845
-5914
-5494
-8642
-12514
-10017
-7151
-4114
-3840
-5795
-8178
-7852
-4700
-3138
-1919
-2199
-2327
-726
3443
6852
7297
7447
7216
7699
9757
11785
11345
9986
9182
8320
8713
9947
9408
8929
7059
4904
4906
5936
7734
6695
2483
-1728
-3039
-616
-120
281
-2608
-8657
-9956
-10675
-10017
-9339
-8957
-12128
-14698
-12298
-10762
-8594
-8084
-10070
-10925
-7680
-2928
2
1724
2216
1676
2932
6550
7215
8760
9776
7778
7595
9003
11115
10776
9413
5754
1984
3924
6620
6419
5215
5336
3615
1368
1548
-398
586
1743
-1674
-5145
-5066
-1391
-1633
-2881
-4711
-7495
-7190
-6192
-6052
-8481
-8145
-8863
-9771
-6492
-5201
-5039
-6586
-9373
-10658
-7612
-2745
-1427
-1720
-2084
-1595
410
3478
5574
6466
7522
7492
7595
8925
10594
10742
9972
8197
7120
8238
9941
9125
7424
7103
6583
7076
6299
3789
2361
1089
175
-215
722
-158
-2923
-4868
-8936
-8902
-7204
-7064
-9814
-12416
-12932
-14397
-11532
-10039
-11095
-10358
-9732
-9980
-7738
-3396
-1778
-1377
-901
185
2545
7126
9051
6939
6849
7775
9256
10925
11814
10136
8707
9441
8591
8114
8441
7917
6273
3121
3645
6034
4908
1032
-3529
-3299
610
1341
-2451
-7732
-7933
-5688
-4241
-3188
-5817
-7193
-8516
-8459
-7396
-5500
-3690
-6277
-7138
-7722
-6393
-4125
-4788
-5482
-5426
-3528
-2686
-2584
-1880
-1410
101
1395
2519
3283
4412
5451
5597
6130
7132
8160
8406
7848
8029
8762
9469
9739
9443
10120
8756
6097
4770
4239
5812
6300
3519
-890
-3369
-1928
-2388
-2794
-4070
-8112
-8798
-9157
-9450
-10394
-10053
-10642
-13628
-13088
-12609
-11420
-8535
-7307
-7747
-7715
-5752
-3727
-1780
642
2518
3691
5416
7339
8623
9271
9092
9240
9238
10541
11315
10769
9649
7978
6547
6604
7932
7591
5317
2673
3843
4215
2803
508
-1936
-1381
-956
-2268
-4597
-4738
-3432
-5212
-6937
-8712
-8468
-5469
-3850
-3919
-7901
-9970
-11051
-9195
-4709
-2535
-2176
-4880
-7350
-7556
-4254
-652
-455
-1535
-3270
-2865
-589
2448
3704
2421
1910
1897
4021
6973
9152
9406
8013
6215
6170
8422
10488
10273
8381
8242
8011
7210
6352
4521
3465
2720
2145
1178
917
352
-3305
-6589
-8186
-7075
-4823
-5340
-9318
-13718
-13929
-12421
-10963
-10116
-10769
-11289
-10581
-8914
-6791
-3785
-1876
-1527
-1278
670
4720
8333
10250
9467
7932
8434
10492
12342
13220
13014
11469
9608
8206
7422
7145
6813
5176
3350
2250
567
-822
181
1738
898
-1647
-3384
-3233
-3016
-4619
-6465
-7187
-4785
-3764
-5828
-7100
-8188
-7730
-6360
-3218
-2721
-4985
-7368
-8072
-5321
-4043
-3007
-3362
-5172
-5643
-5549
-3042
-784
-1896
-4931
-5883
-3596
-484
1313
1590
2720
3791
4432
4850
5863
6894
7025
7035
7614
9077
9475
9049
8404
8462
8302
6366
6201
6694
6185
4901
2829
906
-779
-515
-870
-2518
-3432
-5514
-6885
-7207
-7503
-8352
-9267
-9613
-11058
-10704
-9174
-8797
-8620
-7457
-5811
-4059
-1346
447
651
1134
2892
5036
7636
9579
9123
8700
9354
10467
11449
11783
11597
10100
8044
6265
4769
4604
4434
2493
1114
552
279
-1285
-3246
-2435
-2724
-4023
-5679
-6493
-5085
-4725
-5231
-6686
-6496
-4555
-4170
-3103
-4134
-4648
-3560
-1804
-467
-3102
-5098
-6637
-5561
-3216
-2405
-2872
-5337
-7058
-7174
-5686
-4230
-4406
-4948
-5497
-4608
-2428
166
1501
1671
1763
2952
5223
6393
7110
7315
7534
7350
7372
8000
8734
8666
7388
7251
7687
7275
5923
4136
3334
3125
3019
1749
-177
-761
-436
-1067
-2515
-5049
-7286
-6708
-5136
-5227
-6412
-7083
-7613
-7110
-5815
-4734
-4058
-3336
-2582
-1946
-324
1769
2999
3474
4400
5474
7062
8825
8891
8620
8784
8737
7748
6795
6419
5898
5530
3997
1601
901
1172
541
-2211
-4376
-5064
-4824
-4529
-5553
-4972
-3675
-4680
-7597
-8234
-4708
-896
-787
-3125
-5802
-4275
-1346
366
551
-1938
-3199
-2711
-995
-1110
-2546
-4317
-4792
-3604
-3179
-2554
-2514
-3512
-4570
-5149
-4016
-3066
-3360
-3790
-3439
-2001
-543
-47
127
483
1445
3108
3848
3869
4357
5376
5929
5587
5080
5191
5871
6626
6715
6479
5672
4621
4172
4273
4537
3922
2922
2607
2829
2754
2177
1179
173
165
118
-717
-1784
-2837
-3008
-2623
-2825
-3303
-3094
-2082
-1453
-1468
-1673
-1736
-1050
-364
-77
784
2012
2594
1988
1228
1517
2572
3538
3014
1794
1146
575
247
-126
-938
-1646
-2478
-3608
-3982
-3428
-3009
-3025
-3988
-4888
-4683
-3660
-2681
-1971
-809
-305
-952
-2391
-2162
-72
1617
1949
441
-265
499
1605
2499
1941
863
404
1908
3761
3225
626
-2471
-2926
-1225
-138
-1160
-4076
-6498
-7464
-7140
-6278
-6281
-6905
-7610
-7669
-6281
-4125
-2980
-2992
-2997
-2107
-125
1609
2433
3362
4175
4351
4894
5882
6963
7578
8192
9448
10046
10113
10109
9779
9915
10670
10959
10489
9948
8939
7487
6309
5185
4072
3277
2275
713
-842
-1711
-2522
-3765
-4619
-5325
-5914
-6241
-6282
-6230
-6549
-6912
-7292
-7462
-7408
-6972
-6003
-5449
-6203
-7428
-7564
-6610
-5067
-3859
-3378
-3253
-3283
-3442
-2934
-1350
-203
-302
-1183
-1492
-852
74
666
993
1458
1863
2729
3369
3509
3540
3640
4101
4789
5771
5717
5021
4797
4645
4675
4759
4518
3545
2058
1035
973
1209
999
269
-848
-1951
-2974
-3634
-3639
-3718
-4422
-6226
-8173
-8727
-8447
-8087
-8082
-8305
-8331
-7620
-5924
-4504
-3434
-2112
-935
116
1359
3204
5124
6119
6193
6557
8246
10035
10658
10160
9527
9691
10137
10172
9566
9138
9164
9132
9075
8272
6921
5605
4653
4620
4613
3758
2108
118
-1453
-2209
-2522
-2774
-3581
-5111
-6743
-8205
-8715
-8604
-8610
-8949
-10157
-11287
-11331
-10490
-9802
-10000
-10340
-10009
-9347
-8834
-8483
-7614
-5975
-5051
-5112
-4743
-3300
-1289
493
1538
2123
2835
3662
4539
5193
5712
6444
7264
8043
8087
7673
7719
7777
7629
7213
6750
6615
6495
5759
4664
4030
3086
2288
2295
2354
1700
-429
-2423
-2859
-2274
-1983
-3164
-5163
-6328
-6118
-5312
-4757
-5253
-6063
-6230
-5565
-4263
-3489
-3414
-3402
-2903
-2063
-904
534
1641
2141
2042
2421
3694
5141
5782
5305
4889
5055
5569
6045
6292
6202
5548
4680
4140
4229
4585
4438
3757
3078
2572
2564
2742
2341
1844
1740
1681
1269
533
-236
-898
-1763
-2843
-3494
-3764
-4396
-5752
-7290
-8024
-7860
-7525
-7763
-8820
-9416
-8808
-8020
-7544
-7427
-7209
-6363
-5570
-5528
-5625
-4953
-3788
-2737
-2041
-1253
-472
-70
574
1408
2446
3688
4675
5193
5165
5207
5863
6760
6933
6581
6229
5972
6020
5722
4989
4240
3602
3092
2553
2339
2789
2872
2142
1718
1519
1252
1134
1024
1015
929
361
-138
-74
374
1047
907
29
-469
-689
-479
57
262
-44
-611
-1045
-1443
-1813
-1805
-1578
-2088
-3278
-3876
-3678
-3024
-2606
-2748
-2922
-3079
-2821
-2213
-1675
-1142
-670
-246
-99
119
424
343
416
832
1410
1836
1959
1893
1783
2182
2582
2404
2148
2293
2567
2073
1392
1238
1182
981
159
-846
-1401
-1541
-1540
-2074
-2741
-3073
-3095
-3155
-3562
-3868
-3955
-3716
-3769
-4227
-4190
-3529
-2542
-2310
-2807
-3154
-2908
-1851
-611
227
220
-121
39
945
2235
2894
2658
1959
1983
2822
3724
4309
4032
3539
3271
3288
3449
3500
3839
4104
3994
3532
3151
3294
3383
3057
2492
2397
3101
3619
3018
1643
620
553
1195
1836
1901
1133
3
-612
-698
-421
11
-60
-941
-1956
-2363
-2271
-2360
-3009
-3618
-4122
-4649
-5158
-5828
-6214
-6283
-6250
-6368
-6548
-6382
-6197
-5900
-5242
-4176
-3125
-2669
-2428
-2161
-1564
-624
182
838
1437
2007
2337
2458
2850
3690
4551
5004
5222
5321
5474
5857
6030
5839
5509
5270
5174
4853
4352
3804
3272
2701
1808
889
394
391
196
-753
-1774
-2187
-2057
-2057
-2765
-3707
-4235
-4336
-4175
-4056
-4085
-4153
-4432
-4803
-4865
-4366
-3456
-2769
-2525
-2230
-1622
-934
-405
-97
297
970
1688
2289
2662
2894
3065
3017
2999
3373
3937
4275
4003
3408
3418
4086
4639
4527
3873
3484
3687
3910
3792
3420
3075
2862
2448
1777
1065
453
120
-142
-636
-1306
-2001
-2593
-3093
-3510
-3819
-4158
-4535
-4764
-4961
-5398
-5983
-6409
-6394
-5959
-5638
-5804
-6308
-6584
-6184
-5366
-4642
-4175
-3926
-3790
-3329
-2428
-1416
-572
-140
166
789
1732
2672
3154
3220
3366
3853
4630
5393
5690
5540
5332
5390
5901
6449
6573
6273
5810
5599
5603
5516
5330
5000
4446
3756
3170
2899
2563
1743
817
-23
-808
-1374
-1816
-2391
-3146
-3758
-4079
-4386
-4809
-5107
-5236
-5363
-5366
-5033
-4513
-4304
-4375
-4365
-4356
-4084
-3228
-2360
-1905
-1598
-1217
-785
-277
582
1596
2302
2904
3442
3701
3935
4473
5186
5591
5509
5196
4847
4591
4533
4404
3812
2924
2182
1807
1532
1014
351
-499
-1423
-2058
-2472
-2803
-3104
-3537
-4216
-4862
-5096
-5016
-4924
-4926
-4920
-4926
-4926
-4624
-3951
-3171
-2785
-2921
-3093
-2858
-1920
-685
-25
-104
-389
-317
80
611
1168
1423
1294
1132
1214
1476
1845
2196
2297
2129
1968
2092
2247
2333
2539
2812
3003
2887
2517
2043
1761
1963
2505
2967
2871
2193
1256
780
1096
1700
1954
1566
1014
726
778
849
499
-58
-401
-304
-26
218
248
-163
-842
-1397
-1355
-927
-499
-369
-690
-1081
-1248
-1047
-848
-851
-862
-800
-670
-573
-469
-488
-566
-600
-579
-419
-237
-60
-27
-117
-150
-131
-147
-297
-433
-415
-258
-117
-20
-47
-252
-561
-957
-1153
-976
-502
-152
-303
-797
-1329
-1656
-1624
-1173
-681
-596
-1104
-1929
-2323
-1965
-1262
-1013
-1478
-2095
-2347
-2136
-1673
-1311
-1108
-935
-804
-648
-356
142
706
1070
1357
1722
2209
2706
2977
3058
3097
3203
3220
3092
3002
2968
2900
2649
2298
1945
1636
1278
721
179
-51
73
73
-430
-1170
-1715
-1814
-1661
-1603
-1712
-1904
-2002
-2000
-1968
-1818
-1551
-1311
-1221
-1186
-970
-563
-119
195
486
947
1549
2105
2376
2472
2615
2870
3250
3597
3746
3692
3428
3070
2737
2439
2224
2003
1701
1366
967
537
76
-429
-889
-1168
-1287
-1471
-1895
-2547
-3091
-3329
-3337
-3267
-3467
-3885
-4281
-4421
-4105
-3639
-3340
-3339
-3524
-3515
-3153
-2510
-1819
-1343
-1157
-1129
-978
-505
156
649
797
751
800
1083
1426
1621
1642
1591
1503
1310
1099
1068
1270
1503
1436
1001
536
333
414
571
589
525
432
327
269
280
396
504
501
523
684
991
1276
1350
1307
1339
1522
1764
1911
1950
1977
2048
2150
2182
2072
1851
1577
1358
1280
1302
1247
902
318
-192
-398
-361
-387
-691
-1200
-1728
-2067
-2145
-2034
-1927
-2171
-2761
-3251
-3220
-2689
-2237
-2298
-2653
-2822
-2601
-2184
-1815
-1483
-1166
-984
-940
-878
-604
-140
277
591
874
1110
1192
1079
1052
1421
2069
2515
2388
1906
1689
1988
2468
2667
2499
2251
2106
2022
1922
1812
1739
1593
1291
880
460
103
-226
-546
-850
-1098
-1279
-1503
-1878
-2345
-2693
-2740
-2549
-2386
-2396
-2498
-2541
-2493
-2431
-2326
-2065
-1635
-1205
-974
-947
-939
-766
-396
71
481
739
850
922
1105
1391
1623
1696
1695
1754
1847
1846
1706
1562
1527
1527
1406
1163
953
918
969
913
761
659
656
626
522
475
575
706
664
451
281
281
351
297
80
-134
-233
-238
-287
-468
-705
-874
-977
-1119
-1300
-1405
-1385
-1397
-1574
-1832
-1976
-1969
-1956
-2012
-2071
-2027
-1934
-1953
-2045
-2019
-1793
-1489
-1267
-1111
-900
-600
-307
-52
284
780
1289
1595
1670
1740
2014
2463
2875
3074
3053
2936
2876
2958
3174
3388
3400
3159
2796
2514
2374
2267
2097
1874
1643
1358
903
267
-349
-707
-780
-814
-1058
-1495
-1926
-2184
-2332
-2524
-2774
-2934
-2852
-2594
-2366
-2345
-2530
-2746
-2803
-2596
-2218
-1839
-1584
-1454
-1310
-1095
-852
-682
-559
-351
-12
423
805
1020
1022
889
876
1103
1469
1627
1408
1073
965
1187
1391
1304
974
680
605
612
655
636
562
403
99
-121
-196
-107
-62
-215
-456
-655
-627
-532
-502
-633
-857
-932
-854
-617
-471
-486
-625
-761
-633
-366
-70
-2
-89
-113
4
315
458
423
256
223
566
1035
1370
1174
681
301
317
748
1122
1254
1001
581
234
39
130
290
387
258
-41
-260
-360
-293
-229
-247
-310
-368
-305
-202
-101
-50
-48
-27
45
217
398
492
440
327
318
433
613
693
642
544
474
507
545
531
443
334
345
451
561
511
263
-23
-205
-166
-35
10
-106
-359
-603
-797
-929
-1044
-1184
-1322
-1496
-1632
-1746
-1848
-1962
-2162
-2316
-2364
-2224
-2004
-1866
-1846
-1897
-1813
-1580
-1233
-936
-766
-614
-430
-136
169
427
589
697
885
1149
1465
1692
1790
1831
1875
2017
2229
2437
2533
2485
2383
2309
2307
2337
2301
2164
1977
1795
1661
1495
1237
912
603
407
271
102
-178
-528
-847
-1070
-1208
-1337
-1523
-1771
-1980
-2068
-2041
-2012
-2104
-2304
-2457
-2360
-2015
-1635
-1446
-1495
-1577
-1462
-1049
-456
62
369
468
500
631
960
1438
1873
2075
2048
1953
1972
2145
2331
2344
2124
1805
1548
1443
1468
1458
1211
672
51
-365
-427
-275
-279
-661
-1265
-1712
-1790
-1648
-1555
-1689
-1980
-2173
-2121
-1912
-1767
-1754
-1832
-1866
-1743
-1502
-1259
-1129
-1014
-858
-676
-490
-361
-272
-158
95
421
667
749
730
774
942
1238
1475
1529
1458
1412
1557
1800
2021
2045
1859
1692
1687
1865
1936
1820
1574
1303
1159
1079
1049
888
639
357
5
-232
-415
-487
-606
-823
-1015
-1289
-1439
-1565
-1626
-1604
-1613
-1523
-1581
-1663
-1739
-1741
-1494
-1244
-975
-965
-1089
-1096
-1000
-650
-371
-133
-41
-139
-192
-256
-40
318
659
790
533
287
170
366
727
954
1015
735
433
255
301
632
847
853
560
234
168
261
504
612
577
432
240
206
228
360
471
489
448
314
228
146
171
282
380
429
294
155
25
-8
13
-61
-109
-222
-306
-437
-589
-638
-707
-757
-922
-1036
-1008
-917
-804
-868
-960
-1002
-934
-785
-661
-462
-297
-187
-213
-283
-201
-12
249
390
471
569
623
642
558
589
803
1101
1334
1294
1136
963
923
1074
1293
1481
1419
1128
768
569
650
800
837
623
227
-155
-422
-483
-430
-426
-572
-884
-1195
-1366
-1395
-1313
-1284
-1334
-1387
-1401
-1308
-1217
-1136
-1049
-911
-672
-454
-276
-193
-133
-12
157
460
737
897
861
643
540
626
897
1117
1058
812
504
324
270
256
271
253
182
-5
-257
-471
-583
-570
-543
-518
-528
-585
-646
-744
-776
-717
-627
-527
-485
-409
-259
-155
-167
-294
-372
-213
106
362
406
232
11
-78
14
272
535
603
454
174
27
143
368
523
486
336
262
305
418
511
512
439
364
345
404
515
577
547
433
303
266
302
354
382
349
305
273
254
226
158
104
73
39
21
43
63
4
-159
-364
-476
-437
-303
-197
-213
-327
-489
-626
-651
-529
-313
-146
-126
-232
-355
-375
-244
-35
154
274
293
215
111
131
329
597
758
704
532
384
355
449
559
606
556
385
156
-12
-49
-11
-25
-132
-283
-424
-542
-646
-714
-719
-680
-689
-795
-952
-1070
-1104
-1078
-1049
-1026
-1017
-1055
-1139
-1205
-1174
-1021
-843
-779
-830
-902
-889
-748
-542
-355
-228
-158
-139
-130
-65
92
325
555
682
700
681
686
754
893
1075
1231
1278
1202
1091
1074
1206
1371
1419
1346
1265
1236
1220
1174
1120
1137
1176
1124
962
788
719
706
638
519
431
376
250
11
-225
-307
-246
-221
-350
-553
-678
-714
-727
-738
-713
-656
-663
-760
-856
-838
-713
-589
-547
-577
-590
-549
-461
-361
-265
-186
-126
-54
64
223
348
377
351
381
512
662
733
689
575
462
372
347
364
334
185
-59
-296
-445
-507
-570
-677
-815
-965
-1119
-1283
-1398
-1423
-1386
-1369
-1423
-1515
-1583
-1593
-1542
-1432
-1295
-1178
-1109
-1057
-966
-824
-647
-461
-288
-149
-51
37
188
412
652
825
893
936
1051
1267
1521
1686
1726
1724
1754
1863
2010
2134
2185
2136
2014
1891
1853
1894
1921
1814
1559
1291
1127
1049
954
752
465
174
-66
-248
-394
-514
-667
-900
-1162
-1370
-1446
-1416
-1379
-1389
-1452
-1525
-1549
-1513
-1428
-1306
-1166
-1018
-865
-742
-672
-640
-620
-542
-382
-180
-14
53
16
-91
-173
-162
-44
98
169
129
30
-29
-48
-52
-73
-85
-61
-28
-8
-38
-117
-212
-262
-217
-91
57
113
28
-135
-242
-193
-10
194
305
295
210
113
79
133
253
399
508
532
479
394
324
316
378
486
581
602
540
460
443
490
556
612
627
629
631
633
634
620
601
591
585
574
541
490
434
384
328
269
209
138
30
-111
-245
-347
-439
-571
-722
-846
-929
-1010
-1132
-1262
-1358
-1414
-1443
-1433
-1347
-1221
-1149
-1191
-1253
-1211
-1057
-875
-738
-599
-417
-264
-218
-259
-242
-89
124
283
362
426
483
496
466
476
601
762
843
837
802
782
751
698
713
836
998
1027
839
562
392
413
528
612
598
491
330
180
107
128
142
49
-107
-161
-52
86
104
-32
-215
-317
-294
-164
11
138
133
3
-147
-173
-29
171
274
225
99
4
-23
6
89
202
289
256
81
-120
-201
-124
16
136
171
83
-104
-321
-434
-341
-121
-6
-125
-376
-557
-574
-513
-496
-528
-534
-510
-563
-700
-843
-923
-894
-795
-674
-553
-495
-546
-667
-717
-584
-336
-155
-117
-114
-22
141
261
290
320
422
550
621
660
751
896
1010
979
817
708
788
976
1084
1032
878
669
421
208
266
737
1269
1171
229
-841
-1134
-560
113
164
-314
-667
-608
-482
-694
-1254
-1747
-1689
-983
-64
381
56
-645
-1055
-907
-559
-368
-175
357
1151
1654
1445
690
-16
-193
175
821
1402
1651
1516
1096
555
54
-308
-417
-245
75
307
231
-138
-589
-901
-1019
-1056
-1063
-951
-693
-403
-249
-275
-384
-496
-570
-565
-427
-145
187
450
587
563
398
186
70
133
303
468
576
614
531
270
-92
-363
-433
-384
-385
-423
-411
-344
-317
-432
-636
-792
-783
-612
-366
-133
2
62
141
261
370
375
329
377
618
981
1202
1110
748
410
363
572
789
803
673
576
551
480
247
-99
-352
-452
-441
-383
-339
-292
-356
-615
-1025
-1362
-1350
-1025
-576
-293
-274
-355
-397
-342
-321
-312
-212
84
498
726
702
464
257
243
362
576
708
765
694
500
333
227
268
308
259
134
-43
-135
-216
-301
-403
-470
-429
-372
-326
-380
-475
-533
-579
-580
-583
-544
-449
-349
-270
-273
-300
-317
-315
-265
-136
100
358
534
572
505
488
548
643
738
812
918
995
973
813
584
471
507
614
605
444
259
122
60
-52
-234
-420
-540
-516
-463
-467
-572
-758
-892
-980
-1008
-998
-969
-850
-693
-563
-563
-699
-865
-909
-716
-376
-38
125
91
-42
-147
-127
-28
108
249
387
521
602
613
564
509
461
462
515
609
731
801
812
741
635
564
509
475
470
504
573
603
533
395
236
143
131
164
230
283
280
177
-20
-199
-276
-229
-166
-201
-342
-506
-568
-541
-482
-458
-500
-540
-551
-528
-498
-511
-542
-543
-470
-346
-241
-202
-238
-302
-325
-269
-173
-65
32
92
112
92
66
54
77
123
145
145
119
84
51
1
-48
-96
-120
-110
-77
-36
-15
-16
-36
-74
-123
-128
-44
128
309
392
305
115
-16
-23
66
157
190
197
215
267
291
252
174
101
88
118
194
263
300
283
179
41
-54
-26
80
152
109
-38
-145
-132
-18
108
142
96
41
30
81
132
167
218
281
365
428
436
403
347
338
370
420
441
410
362
342
383
407
379
255
79
-29
-51
30
83
4
-226
-526
-708
-711
-572
-478
-552
-787
-1071
-1193
-1121
-935
-821
-881
-1031
-1148
-1124
-1023
-948
-951
-1005
-992
-913
-804
-727
-700
-649
-545
-429
-361
-320
-240
-74
152
308
335
262
203
287
505
751
903
899
777
658
621
700
841
939
947
860
776
774
805
802
708
566
493
524
598
617
553
485
469
452
369
233
149
236
425
542
454
203
-21
-98
-57
-26
-40
-44
5
33
-62
-276
-486
-540
-422
-275
-225
-254
-276
-259
-229
-260
-343
-418
-414
-316
-168
-18
56
16
-93
-175
-171
-109
-58
-45
-41
-7
60
53
-69
-241
-342
-285
-147
-51
-78
-194
-297
-343
-354
-363
-374
-347
-281
-224
-207
-253
-322
-349
-315
-228
-119
-30
33
57
42
23
30
81
160
229
247
208
162
131
134
146
147
136
79
9
-39
-44
3
43
48
7
-48
-71
-79
-83
-73
-28
41
99
96
33
-30
-41
16
103
170
207
218
202
188
179
179
190
221
263
305
332
320
275
207
166
177
228
293
330
317
250
159
90
67
93
140
170
158
97
7
-91
-142
-128
-81
-43
-73
-159
-241
-270
-232
-194
-195
-228
-248
-228
-205
-209
-236
-242
-189
-115
-74
-91
-140
-156
-134
-99
-76
-62
-40
6
46
63
40
-23
-69
-79
-48
7
47
59
33
-11
-61
-107
-140
-156
-143
-125
-118
-131
-173
-212
-232
-218
-178
-140
-125
-121
-109
-85
-44
-15
-19
-25
-21
-5
34
82
141
204
238
216
139
89
128
229
343
377
325
252
202
212
230
230
223
220
234
253
248
210
159
115
84
63
69
87
103
98
47
-34
-100
-123
-117
-90
-74
-76
-100
-137
-168
-204
-224
-224
-222
-202
-183
-167
-163
-174
-170
-163
-135
-108
-86
-64
-57
-35
-31
-34
-37
-24
24
58
85
65
13
-15
-7
49
90
98
79
62
77
105
141
146
131
118
104
119
116
110
120
116
120
77
19
-30
-63
-35
-9
10
-1
-51
-87
-115
-98
-74
-59
-59
-96
-114
-138
-138
-107
-71
-16
-9
-12
-38
-64
-32
-6
59
90
104
119
91
97
91
128
164
170
190
153
137
96
66
66
47
66
18
-30
-78
-120
-110
-129
-121
-155
-173
-180
-209
-214
-255
-247
-241
-225
-201
-205
-162
-141
-92
-83
-115
-127
-134
-50
15
60
33
-56
-81
-88
-12
49
78
83
53
63
32
10
-30
-58
-7
61
162
195
163
95
7
4
78
226
376
459
439
341
239
184
227
328
437
512
490
418
313
226
228
295
390
446
399
286
167
107
122
169
201
184
125
43
-25
-61
-84
-99
-125
-149
-165
-187
-221
-283
-347
-381
-374
-325
-284
-279
-327
-406
-478
-523
-520
-488
-432
-415
-456
-541
-661
-707
-674
-577
-449
-370
-353
-415
-511
-591
-583
-478
-323
-147
-35
-12
-74
-185
-262
-250
-130
47
208
282
233
94
-53
-131
-85
78
278
407
399
286
150
75
121
263
418
510
491
410
335
325
399
500
581
602
565
507
463
443
438
431
420
405
377
343
296
240
196
165
142
142
155
156
132
54
-44
-131
-167
-112
-18
73
88
-5
-151
-297
-359
-305
-161
-24
31
-25
-156
-276
-329
-275
-166
-58
-7
-45
-128
-219
-262
-258
-212
-162
-145
-157
-200
-240
-267
-274
-248
-218
-182
-151
-138
-142
-158
-163
-152
-129
-102
-72
-46
-36
-29
-27
-19
-5
7
31
68
106
119
105
69
37
34
60
103
140
145
112
68
34
36
65
102
140
136
103
58
15
1
9
41
80
97
91
53
-3
-55
-72
-64
-37
-4
15
23
17
7
-8
-26
-31
-25
-5
26
49
56
59
50
43
34
26
22
21
25
44
87
124
149
149
120
95
79
81
94
104
110
107
93
78
60
48
42
34
35
33
23
14
0
-4
-5
-12
-17
-45
-81
-118
-158
-169
-166
-165
-170
-202
-247
-277
-288
-271
-249
-248
-246
-263
-262
-228
-192
-144
-121
-121
-121
-123
-94
-42
20
89
120
133
130
129
164
208
264
307
307
290
254
222
228
254
306
335
304
241
145
73
56
70
125
163
146
94
3
-58
-70
-59
-15
-13
-29
-58
-114
-124
-129
-116
-104
-122
-140
-168
-173
-162
-158
-148
-154
-176
-187
-183
-149
-95
-70
-57
-72
-101
-106
-87
-29
45
97
131
131
118
112
104
128
147
149
160
146
131
123
95
85
52
17
-8
-49
-40
-40
-42
-35
-77
-86
-103
-107
-76
-83
-70
-51
-43
-9
-2
0
-1
-24
-3
37
86
149
162
154
129
83
83
90
118
165
175
175
132
73
41
1
-1
11
-4
0
-32
-68
-99
-142
-136
-134
-112
-87
-103
-95
-118
-131
-122
-123
-91
-77
-72
-53
-58
-56
-54
-68
-54
-33
-14
16
3
-16
-44
-65
-29
-2
39
52
20
14
-11
-3
31
36
71
72
66
75
60
88
96
91
110
108
119
130
120
112
88
58
60
62
68
67
34
20
3
4
27
21
23
2
-25
-32
-45
-44
-56
-65
-70
-73
-54
-47
-53
-68
-86
-86
-72
-47
-30
-26
-37
-50
-57
-52
-41
-27
-11
3
-2
-19
-47
-56
-44
-21
19
31
22
3
-22
-16
4
32
56
53
37
15
8
20
28
36
45
58
62
56
46
33
27
37
53
62
66
52
38
28
17
20
22
28
30
28
28
21
13
7
8
13
4
5
7
0
-6
-27
-32
-34
-30
-15
-17
-16
-36
-59
-66
-82
-62
-41
-32
-26
-59
-80
-88
-86
-50
-27
-17
-27
-52
-65
-62
-33
-7
1
-3
-13
-20
0
23
39
47
29
23
19
29
59
63
55
29
7
11
11
21
33
40
43
33
18
3
-12
2
27
44
53
27
0
-13
-11
20
52
76
71
39
9
-8
-6
18
40
52
49
33
16
10
10
18
34
41
43
37
21
7
-2
-9
-13
-15
-9
-6
-9
-13
-16
-13
-15
-20
-25
-30
-37
-38
-38
-39
-39
-50
-52
-45
-30
-7
4
4
-10
-28
-43
-45
-32
-15
-5
-4
-9
-18
-21
-19
-12
4
11
6
-9
-26
-30
-20
-9
-5
-4
-13
-21
-14
-7
-1
1
-4
-7
-15
-9
-5
-9
-9
-15
-8
-3
6
7
1
4
5
7
9
8
12
9
5
5
9
14
14
14
26
44
57
62
56
45
39
41
51
62
74
76
68
51
26
20
24
31
36
37
29
14
4
-4
-2
2
5
4
0
-3
-7
-9
-12
-20
-23
-27
-33
-38
-34
-31
-38
-31
-26
-25
-19
-21
-21
-17
-19
-13
-7
-2
8
7
4
2
-3
-1
3
7
18
24
28
24
6
-6
-11
-8
-5
-2
-4
-16
-30
-43
-48
-41
-37
-40
-44
-44
-48
-49
-52
-55
-52
-46
-36
-33
-31
-32
-37
-36
-33
-29
-31
-28
-20
-1
15
17
19
14
17
19
24
41
51
51
41
34
30
31
31
26
24
24
23
30
29
30
35
35
37
41
44
42
39
38
36
42
46
44
49
53
56
63
66
69
62
50
48
48
46
46
39
37
32
22
16
1
2
6
5
10
1
0
1
-5
-6
-8
-10
-9
-4
5
14
20
27
26
10
-4
-10
-22
-22
-21
-26
-39
-61
-90
-118
-125
-125
-114
-105
-109
-123
-140
-152
-147
-131
-120
-115
-113
-110
-100
-87
-69
-51
-26
-11
-7
-7
-14
-14
-13
-7
1
-4
-3
-1
-3
-4
-3
-3
-3
8
14
23
35
39
42
43
47
50
55
56
68
83
87
83
65
52
54
49
52
68
78
83
72
52
51
65
84
100
98
93
76
60
55
60
80
85
73
59
49
61
73
81
92
88
77
56
37
31
35
48
42
21
-8
-34
-38
-41
-40
-40
-53
-63
-75
-86
-88
-84
-78
-79
-84
-81
-77
-77
-80
-90
-93
-94
-103
-100
-97
-89
-83
-82
-74
-70
-53
-40
-37
-28
-19
3
4
-3
-12
-27
-19
-24
-24
-21
-21
-11
-13
-17
-4
10
20
19
18
27
33
38
37
36
36
37
38
33
35
40
47
41
34
28
35
39
30
36
28
33
34
21
25
22
35
38
32
46
29
30
18
7
22
12
19
9
3
5
-3
6
-1
4
5
-3
-1
-17
-11
-17
-24
-20
-20
-13
-13
-16
-19
-17
-17
-16
-14
-9
-7
-17
-18
-26
-24
-21
-22
-9
-12
-7
-13
-22
-22
-30
-23
-21
-7
4
3
10
2
4
-1
2
12
10
21
15
15
12
7
9
5
14
13
14
16
12
16
23
24
23
21
12
8
10
7
11
8
2
-3
-1
5
5
4
2
-1
-1
-4
0
8
6
1
-2
-2
-5
-5
-2
1
3
-3
-7
-8
-6
0
7
11
8
8
4
-4
-3
3
10
7
-3
-4
-9
-9
-11
-11
-8
-10
-5
-17
-14
-17
-25
-16
-14
-9
-19
-33
-45
-57
-52
-40
-28
-39
-55
-62
-60
-46
-44
-44
-52
-64
-60
-53
-29
-5
-5
-12
-29
-36
-20
6
38
57
64
68
69
76
95
117
129
138
145
148
150
142
136
144
164
179
189
183
156
131
112
116
126
131
132
109
80
52
31
25
28
30
17
-7
-43
-73
-92
-95
-86
-84
-93
-114
-144
-163
-186
-199
-188
-178
-162
-170
-197
-229
-256
-253
-232
-201
-172
-164
-183
-212
-232
-228
-204
-164
-122
-92
-77
-83
-88
-74
-36
20
72
112
127
134
133
140
156
174
206
227
239
244
232
222
216
219
241
250
244
220
187
177
172
177
187
168
132
93
64
74
95
108
93
35
-27
-76
-80
-50
-22
-20
-61
-123
-164
-172
-151
-117
-108
-116
-145
-158
-147
-143
-128
-105
-93
-83
-75
-63
-53
-52
-39
-24
-15
-3
10
8
-6
-21
-25
-27
-21
9
16
9
-2
-19
-24
-12
10
22
11
-7
-29
-48
-42
-13
4
-10
-24
-23
-20
0
35
44
11
-12
7
21
29
57
71
38
5
11
32
42
55
64
39
-1
-3
30
45
40
34
9
-23
-19
14
23
3
-12
-28
-46
-36
-4
0
-23
-36
-37
-42
-43
-21
-12
-23
-20
-14
-11
-12
-13
-6
-5
1
22
26
7
-3
1
14
23
36
51
45
28
21
21
21
23
37
39
39
43
42
