-61
-32
-9
-4
0
-14
-33
-42
-33
-18
14
44
53
35
1
-5
-2
2
7
7
10
4
-18
-49
-65
-57
-30
-6
4
18
26
31
32
36
51
58
80
99
117
119
99
86
86
98
86
75
81
107
133
123
102
82
92
93
76
60
28
8
-9
-20
-29
-52
-66
-76
-70
-76
-112
-157
-177
-156
-124
-95
-77
-48
-18
-19
-52
-87
-85
-70
-49
-27
-3
12
5
1
-5
-14
-28
-48
-48
-41
-35
-34
-30
-8
10
13
17
20
13
-2
-16
-13
-3
1
-6
-18
-15
-9
-13
-24
-28
-22
0
28
40
38
26
15
7
9
10
10
21
65
115
131
119
80
39
35
69
114
141
139
106
83
70
46
28
14
35
61
73
73
41
0
-45
-56
-25
3
15
4
-8
-12
-12
0
12
4
-23
-53
-61
-62
-66
-68
-72
-75
-90
-114
-140
-153
-149
-146
-120
-89
-76
-85
-119
-142
-150
-148
-124
-92
-52
-23
-23
-24
-27
-43
-48
-22
28
61
55
27
-7
-20
-10
18
70
107
121
123
115
98
74
53
44
49
62
86
93
78
65
65
83
120
160
176
164
125
76
46
33
34
46
56
57
47
46
64
87
108
117
87
36
24
52
92
102
66
18
-36
-68
-76
-75
-71
-60
-40
-26
-30
-60
-99
-127
-155
-193
-209
-178
-125
-77
-77
-102
-127
-142
-129
-109
-80
-60
-55
-89
-160
-215
-204
-121
-29
33
38
-6
-47
-69
-67
-58
-31
15
57
73
48
-6
-33
0
58
107
110
91
100
109
112
104
90
110
140
165
164
126
95
90
90
78
52
30
45
59
56
54
45
71
93
58
-9
-86
-120
-89
-16
65
106
88
42
-27
-100
-150
-164
-135
-78
-21
32
74
95
100
63
11
-2
29
91
117
97
62
26
1
-34
-44
-21
-8
-23
-41
-31
-21
-61
-172
-267
-244
-126
8
60
40
-3
-71
-117
-114
-60
-5
-32
-137
-222
-219
-165
-130
-185
-259
-283
-277
-243
-222
-212
-209
-232
-237
-172
-44
96
165
169
170
211
265
276
263
299
389
469
456
336
168
37
-38
-67
-57
-34
0
31
51
80
91
40
-78
-184
-194
-85
84
231
288
245
122
-46
-167
-186
-130
-32
69
155
211
194
94
-45
-140
-132
-35
134
330
454
440
282
118
81
185
302
318
263
203
162
111
32
-68
-138
-153
-139
-134
-198
-293
-333
-265
-128
-46
-73
-163
-215
-225
-217
-239
-283
-310
-355
-403
-462
-468
-413
-353
-304
-309
-299
-283
-232
-147
-78
-1
50
96
101
71
19
-20
15
65
110
139
203
300
344
303
202
134
126
153
170
163
151
114
90
88
87
86
67
79
130
187
212
182
139
105
84
81
75
76
84
96
89
91
117
142
155
132
117
127
142
142
113
78
37
5
-11
13
76
118
98
17
-64
-120
-157
-199
-225
-206
-157
-125
-161
-222
-276
-291
-264
-211
-130
-46
-10
-43
-101
-134
-115
-84
-93
-127
-165
-176
-152
-118
-79
-44
-11
24
56
38
-37
-153
-239
-257
-212
-103
-9
58
77
61
32
30
82
140
177
144
118
137
186
213
190
170
170
210
225
228
213
204
223
217
215
203
201
179
117
29
-59
-70
-43
12
8
-52
-115
-166
-141
-84
-15
15
26
21
-14
-59
-131
-160
-185
-187
-163
-81
58
139
161
97
53
64
127
191
145
55
-69
-112
-116
-108
-74
-34
68
104
88
-24
-123
-120
-67
55
87
53
-56
-176
-231
-267
-238
-208
-195
-218
-273
-278
-230
-121
-39
23
68
85
112
96
73
-4
-71
-94
-80
-12
21
59
65
82
92
77
84
80
120
141
142
106
45
23
20
66
90
107
106
76
48
-11
-47
-46
1
61
100
113
79
25
-32
-86
-131
-140
-99
-23
60
106
105
63
18
11
21
31
27
15
12
30
33
14
-15
-27
-26
-39
-51
-65
-54
-15
26
38
12
-31
-66
-80
-84
-102
-148
-171
-157
-131
-109
-92
-72
-51
-45
-55
-69
-52
1
45
46
15
-21
-47
-66
-78
-58
8
104
181
218
229
216
178
127
102
140
201
222
195
156
130
100
48
18
37
85
87
19
-44
-57
-52
-65
-60
-22
14
-10
-86
-145
-153
-131
-122
-102
-67
-70
-147
-260
-302
-254
-173
-110
-28
88
172
154
48
-54
-98
-103
-79
-5
88
142
126
81
74
92
104
99
113
148
172
176
154
123
45
-70
-176
-228
-209
-173
-116
-37
54
112
93
49
9
-25
-79
-135
-163
-194
-234
-284
-274
-197
-127
-113
-134
-116
-67
-19
9
29
66
99
130
163
192
184
133
68
45
96
185
271
322
347
348
321
265
200
148
93
8
-99
-183
-220
-215
-188
-168
-138
-128
-159
-213
-260
-254
-212
-152
-65
32
86
75
2
-59
-71
-54
-17
34
134
247
322
312
246
194
159
153
159
175
192
173
146
151
208
299
349
350
318
259
189
116
75
81
100
82
4
-100
-221
-361
-479
-572
-600
-569
-533
-476
-436
-446
-512
-656
-770
-781
-694
-525
-349
-229
-221
-350
-551
-732
-826
-761
-588
-366
-137
60
192
215
149
71
33
53
126
248
423
604
757
802
768
704
635
627
656
744
883
975
997
947
846
751
679
640
666
707
720
680
586
492
420
399
417
427
379
268
142
38
-36
-59
-35
-21
-98
-306
-570
-819
-993
-1084
-1077
-955
-787
-669
-630
-608
-548
-454
-373
-301
-198
-94
-37
-48
-59
-46
-72
-186
-391
-572
-671
-712
-722
-704
-607
-485
-428
-468
-538
-584
-656
-773
-907
-921
-800
-637
-500
-393
-260
-156
-115
-102
-34
109
215
254
289
417
621
784
874
935
995
1012
967
962
1110
1390
1645
1768
1733
1590
1388
1152
980
936
1015
1123
1122
1007
840
695
594
530
493
461
406
263
48
-184
-369
-480
-586
-701
-818
-942
-1050
-1148
-1193
-1180
-1097
-1007
-1008
-1090
-1227
-1348
-1433
-1452
-1381
-1260
-1118
-1033
-984
-926
-837
-713
-607
-487
-363
-258
-173
-113
-7
125
265
355
388
396
347
274
226
291
489
745
984
1119
1101
932
640
319
125
84
147
270
390
475
459
319
114
-92
-216
-261
-230
-108
65
226
273
215
82
-81
-239
-361
-351
-198
61
362
664
926
1043
1000
819
623
492
461
559
749
990
1178
1236
1153
950
673
365
74
-152
-298
-365
-370
-351
-382
-523
-828
-1289
-1773
-2142
-2235
-2022
-1582
-1094
-747
-676
-884
-1216
-1519
-1628
-1546
-1302
-947
-575
-248
-28
153
292
384
428
449
547
741
1013
1262
1439
1497
1374
1081
676
342
193
284
517
790
1104
1343
1433
1303
1028
709
355
40
-233
-338
-262
-142
-48
-20
15
-32
-154
-240
-219
-76
28
46
5
-66
-220
-516
-783
-915
-923
-909
-882
-753
-535
-322
-187
-66
79
184
138
28
-51
-80
-67
-91
-62
-32
-64
-177
-374
-429
-387
-244
-50
104
323
394
404
361
287
333
256
209
156
153
248
222
235
180
144
128
43
67
73
102
104
47
61
-17
-117
-264
-449
-518
-580
-546
-454
-332
-163
-83
-44
-73
-122
-195
-343
-465
-540
-505
-375
-187
42
265
496
665
826
927
993
1025
996
992
964
983
939
820
601
304
-7
-325
-528
-641
-657
-672
-662
-638
-563
-500
-529
-646
-856
-1010
-1090
-1000
-794
-514
-259
-75
3
0
2
1
81
172
382
664
1005
1297
1398
1362
1166
961
763
649
629
716
818
858
827
702
542
283
47
-154
-239
-223
-206
-197
-246
-316
-447
-651
-910
-1132
-1270
-1351
-1356
-1264
-1078
-876
-803
-836
-962
-992
-938
-860
-686
-570
-319
-226
-172
-192
-307
-336
-614
-695
-790
-545
-230
31
369
422
620
383
281
86
38
217
213
486
590
959
1097
1186
1151
1087
1097
929
1033
975
1290
1366
1428
1401
1122
1068
576
355
43
-8
153
170
428
471
577
444
124
-199
-465
-602
-625
-541
-373
-97
-50
-83
-393
-729
-1047
-1368
-1453
-1432
-1121
-773
-426
-217
-143
-234
-423
-646
-787
-787
-685
-420
-199
112
188
230
78
-58
-126
-186
-36
46
382
546
773
778
654
422
32
-190
-486
-473
-492
-269
-99
49
74
-112
-252
-544
-632
-809
-724
-618
-429
-225
-219
-133
-303
-332
-369
-235
42
287
662
944
1221
1228
1110
880
676
589
463
524
623
838
972
990
939
769
590
336
231
207
298
468
636
826
870
727
445
122
-108
-256
-288
-196
-22
195
233
247
12
-196
-491
-799
-885
-1044
-954
-940
-825
-710
-641
-812
-1025
-1303
-1524
-1455
-1497
-1114
-904
-598
-467
-478
-517
-685
-711
-861
-669
-637
-380
-240
-67
171
279
444
348
422
225
312
310
439
736
845
1188
1190
1238
1038
804
549
360
304
247
417
447
619
571
545
474
368
332
243
303
255
342
250
233
88
-58
-154
-355
-403
-614
-620
-735
-639
-559
-408
-201
-195
-54
-189
-86
-89
111
361
614
943
1050
1243
1135
1186
1092
1117
1139
1114
1153
1048
1027
814
678
349
115
-239
-566
-889
-1193
-1282
-1453
-1383
-1482
-1417
-1480
-1569
-1683
-1857
-1858
-1935
-1742
-1659
-1368
-1130
-914
-668
-616
-484
-497
-397
-301
-114
158
463
791
1012
1143
1138
1012
834
730
687
827
910
1044
1066
999
893
656
607
493
555
563
520
506
337
242
71
-53
-112
-116
-70
-37
27
109
240
361
346
287
167
-31
-176
-396
-471
-292
-203
-50
10
-144
-181
-500
-818
-796
-748
-642
-365
-295
-37
179
-230
-107
-278
-271
-7
-295
71
213
353
480
432
491
453
476
191
308
162
109
301
116
386
373
310
478
285
220
186
-116
-1
-119
-126
8
-210
-82
-322
-357
-445
-506
-299
-349
-235
-356
-372
-400
-474
-494
-448
-419
-421
-437
-517
-357
-409
-232
-124
-55
68
-163
-71
-91
-16
178
285
609
775
773
738
667
586
596
500
542
619
565
582
452
358
134
-69
-307
-424
-503
-663
-586
-635
-471
-416
-485
-487
-553
-566
-571
-582
-569
-326
-159
109
267
313
422
360
290
240
272
388
582
692
829
851
751
556
365
270
216
313
306
486
468
386
355
183
296
244
288
383
332
342
186
32
-55
-192
-347
-486
-646
-694
-649
-674
-574
-479
-457
-422
-716
-913
-1164
-1418
-1421
-1490
-1153
-922
-652
-534
-698
-732
-1082
-1146
-1144
-860
-391
-131
129
185
353
334
359
384
622
898
851
911
797
1232
1506
1684
1952
1792
1901
1337
863
732
699
1113
1111
1194
1153
822
411
-219
-379
-324
-237
-151
-280
-231
-338
-642
-891
-1109
-1017
-904
-931
-894
-892
-783
-786
-848
-799
-715
-447
-407
-245
-137
-100
31
-8
206
382
605
758
884
958
956
951
898
993
976
976
802
670
481
347
206
20
-4
-178
-198
-461
-646
-884
-1066
-1138
-1336
-1325
-1456
-1394
-1469
-1496
-1553
-1538
-1379
-1293
-1019
-1004
-784
-726
-615
-368
-204
226
476
771
971
1128
1208
1162
1119
1125
1199
1125
1019
952
982
988
943
848
848
830
745
667
706
805
889
901
651
590
356
181
133
57
244
285
277
213
189
109
28
-99
-253
-217
-361
-276
-209
-239
-125
-450
-725
-1074
-1505
-1521
-1617
-1336
-1135
-917
-746
-926
-690
-1012
-841
-868
-1143
-760
-932
-612
-277
-89
296
348
167
-35
-206
-331
-218
68
327
692
834
707
720
581
457
478
475
469
765
686
807
868
513
636
275
264
351
315
501
438
309
109
-44
-263
-204
-237
-213
-128
-302
-324
-444
-546
-588
-544
-455
-239
115
283
661
743
899
1035
1079
1347
1398
1609
1564
1577
1170
970
610
329
426
16
117
-425
-614
-917
-1203
-1148
-1270
-966
-1090
-963
-1313
-1605
-1792
-2069
-1858
-1767
-1444
-1168
-967
-723
-610
-640
-595
-497
-278
77
400
646
777
916
902
1015
906
738
631
308
481
415
378
616
502
749
913
975
1036
786
781
654
528
282
-139
-346
-569
-380
-357
-388
-324
-507
-346
-217
-156
-258
-189
20
173
301
10
-91
-354
-259
-9
-249
-336
-548
-532
-341
-202
-280
-277
-139
-38
516
534
423
451
268
459
413
116
125
103
-63
190
456
378
431
305
195
429
107
-13
262
52
216
441
322
294
-224
-654
-597
-547
-350
-109
48
-12
-33
-155
-338
-518
-800
-663
-283
-162
-133
-537
-818
-1057
-1149
-956
-755
-72
110
774
810
918
1003
790
1213
1085
1530
1163
1149
607
133
-15
-684
-370
-856
-687
-886
-1166
-1265
-1571
-1211
-1252
-846
-910
-948
-853
-1127
-995
-1101
-727
-353
58
600
548
680
628
930
1352
1715
2118
2127
2132
1848
1716
1446
1196
1163
1060
1207
1244
846
608
553
439
667
757
832
701
381
262
-6
-279
-523
-650
-732
-837
-1000
-1377
-1541
-1548
-1560
-1195
-1056
-1213
-1516
-1697
-1610
-1400
-1015
-900
-743
-794
-736
-944
-1239
-1204
-1063
-411
4
399
167
-209
-178
-337
201
587
450
654
494
110
-131
-317
-172
132
363
627
648
491
454
271
327
417
598
612
505
482
46
190
363
579
883
606
467
-95
-198
-196
-175
459
697
960
1037
814
280
-103
-355
71
914
1606
2222
2565
2592
2542
2580
2408
2871
2486
2368
1560
469
-208
-1515
-1493
-2337
-2376
-2817
-3336
-3241
-3832
-3472
-3800
-3397
-3424
-3570
-3359
-3474
-3007
-3141
-2954
-2963
-2566
-1770
-1153
18
634
1385
2073
2618
3456
4034
4551
4877
4925
4524
3949
3207
2544
1825
1235
906
534
518
118
18
-77
26
183
-123
-111
-712
-944
-1399
-1619
-1619
-1746
-1321
-1662
-1526
-1617
-1474
-954
-610
106
392
1113
1612
1814
1751
1081
561
-33
-270
-264
-509
-658
-1117
-1643
-1956
-1919
-1560
-1173
-513
-198
188
574
692
909
706
574
443
262
271
393
628
660
901
900
1053
1494
1594
1737
1567
1177
783
487
41
-500
-1005
-1586
-1896
-2240
-2598
-2695
-2993
-3206
-3157
-2913
-1756
-202
1175
2138
2541
2984
3358
3589
3232
2393
1804
1220
1049
336
-757
-1940
-3121
-3194
-3411
-3176
-3390
-3724
-3692
-3877
-3251
-3193
-2860
-2779
-2847
-2342
-2019
-1092
-430
219
1090
1990
3475
4796
5905
6596
7041
7616
7898
8069
7643
6894
5816
4578
3432
2130
1007
-56
-983
-1623
-1884
-1955
-1814
-1991
-2322
-2794
-3195
-3272
-3400
-3349
-3515
-3508
-3468
-3160
-2547
-1911
-1199
-805
-513
-150
755
1660
2236
2184
1712
1599
1426
1246
413
-733
-1717
-2460
-2659
-2769
-2730
-2922
-3285
-3536
-3423
-2619
-1624
-970
-660
-622
-136
383
900
1077
997
1381
1596
2433
2582
2836
2446
1981
1690
1242
1543
1017
1130
257
163
-192
-427
-672
-1725
-2131
-3177
-3111
-3291
-2089
-376
1797
3609
4469
5335
5929
6528
6146
5052
3556
2841
1992
1378
-767
-2792
-4495
-5136
-4680
-5122
-4955
-5648
-5336
-5415
-5265
-5083
-5448
-5417
-5909
-5258
-4312
-2707
-970
37
1362
2638
4946
7426
8860
9732
9269
9173
8570
7705
6757
5030
3511
1512
256
-623
-1111
-1520
-2180
-2857
-3426
-3381
-3141
-2889
-3132
-3030
-2683
-2085
-1534
-1189
-496
11
876
1449
2420
2845
3053
2852
1693
1379
443
949
752
-15
-471
-1473
-1126
-1645
-2181
-3142
-4179
-4802
-5363
-5315
-5431
-5126
-5039
-4658
-3577
-2032
442
2420
3683
4468
4942
5888
6307
5986
5203
3899
3311
2351
1918
1410
560
592
-466
-135
-431
-439
-585
-1933
-2600
-4029
-4492
-5068
-4219
-2720
-375
1894
2885
4328
4549
5189
4848
3151
2360
1230
978
122
-2672
-4442
-6198
-5849
-5053
-5139
-4971
-5720
-5312
-5169
-4815
-4971
-5359
-5435
-5545
-4298
-2838
-60
2389
4209
6333
7830
10423
12023
12517
12183
10270
9091
7340
5640
3709
1019
-707
-2373
-3232
-3599
-3860
-3679
-4033
-4523
-4574
-4311
-3831
-3678
-3805
-2698
-1027
998
2677
3565
4603
5372
5945
5872
5684
4521
4073
2315
14
-1262
-2990
-1629
-1992
-2415
-2962
-4176
-3362
-4050
-4232
-5246
-6437
-7049
-7479
-6830
-6361
-4967
-3887
-2283
-444
1469
4347
5792
6617
6081
5720
5920
5465
4579
2919
1747
949
749
793
1039
985
1046
615
468
-259
-1018
-1806
-3589
-3197
-1961
2287
5178
5948
6022
5239
5541
3848
1452
-1622
-3176
-4186
-4516
-6159
-8888
-10133
-10582
-8151
-7273
-6771
-6486
-6300
-5588
-5731
-5079
-4533
-3880
-3474
-1944
396
3247
6222
8208
10073
10884
12012
13203
12952
11645
8935
6913
5369
3370
2194
948
147
-1116
-2671
-3223
-3633
-3921
-4536
-5501
-5974
-5904
-4812
-3316
-1783
290
2230
4447
5162
5206
4627
4093
2847
1037
-67
-1346
-598
-1913
-2110
-2928
-3462
-1186
-924
468
-764
-1707
-1604
-2057
-1688
-2683
-3024
-3656
-3539
-2751
-1403
445
916
1182
1168
1332
2557
3005
3109
2401
1136
1651
1070
1386
446
-701
-1549
-3198
-2745
-4066
-2427
-2905
-2011
-1208
-1694
1230
-921
1613
2623
6210
10630
9869
10672
7451
6391
2826
-663
-3892
-5736
-5386
-5979
-5160
-8550
-9325
-9263
-7071
-4029
-5102
-4972
-6275
-6295
-5156
-4909
-3408
-2688
-1413
1369
4036
7035
9356
10312
10128
8864
7657
8231
7788
5951
3605
937
651
-220
-797
-1109
-2302
-2758
-3935
-4309
-3532
-3018
-2332
-2105
-1780
-211
1766
3602
4814
5467
6383
7154
6434
4837
1852
-675
-2757
-4817
-5281
-5367
-3585
-3335
-3971
-4518
-4668
-2294
-820
-45
-950
-1910
-1418
-212
917
409
-752
-2371
-2785
-2273
-1204
383
906
585
471
1002
2570
3955
3663
2661
960
380
425
796
654
113
21
-580
258
195
1067
1282
-219
-507
-1822
-1528
-306
2507
7507
9985
10710
9376
7702
5414
590
-4016
-8610
-9748
-9718
-8396
-7136
-9509
-10521
-11341
-7400
-3523
-3178
-3135
-5349
-4097
-2485
-443
1835
1744
2843
3994
6179
8063
8321
7850
5575
2963
1185
1663
3175
2617
435
-2203
-2440
-1317
-319
-61
-1408
-2605
-3434
-2810
-892
920
1997
2561
3118
4821
6508
7711
7743
6391
6119
5718
5912
4425
1235
-2112
-5442
-6629
-6853
-6015
-5188
-4712
-5440
-5944
-5224
-3399
-303
745
1146
598
946
2845
3442
3265
557
-2400
-4302
-4979
-4130
-3957
-3934
-4335
-4030
-2622
83
2310
3379
3241
2060
2062
2358
3533
2368
980
-922
-814
947
1284
2956
1118
707
-805
437
4994
9434
13575
11654
10069
5933
3237
76
-5093
-8178
-10995
-9580
-7273
-6447
-8531
-11239
-12547
-10785
-8145
-6837
-5453
-4881
-2994
-456
2447
5355
6942
7026
6321
5224
4661
4186
3448
1925
164
-70
1020
3260
3755
2776
983
-577
-1192
-1872
-1591
-1629
-1744
-1887
-1472
941
3696
5640
5856
5077
4777
4951
5285
4775
3940
3551
3411
4017
3920
2553
315
-3273
-6306
-7876
-8124
-7088
-6071
-5891
-5010
-3262
-887
2131
2768
2133
885
-768
-653
-1335
-1746
-2680
-4602
-5181
-5487
-3333
-1930
-1667
-2227
-3598
-2406
-1667
164
1226
1136
1803
2418
4952
7148
7755
6902
4770
2765
2049
2018
1272
-1089
-1761
1982
9743
15220
14826
11283
5108
1037
-4509
-8144
-9856
-10928
-8334
-7359
-4674
-6850
-9586
-10721
-11534
-9438
-11161
-9786
-7603
-4480
710
3818
8545
10628
10483
10055
7506
5685
2686
232
-371
-1282
-334
832
2774
3664
1791
-570
-2908
-4186
-5115
-5621
-4569
-2221
525
3257
5750
8042
8805
7804
6070
4263
3104
1947
955
1123
2390
3943
5066
4298
2229
-987
-4672
-7675
-10377
-11139
-10233
-7037
-3429
-153
3465
5932
7997
6993
4118
1328
-1509
-2836
-4297
-4851
-3992
-3553
-2471
-2151
-1273
-408
-1068
-1597
-2976
-3022
-2899
-2802
-2602
-1450
-113
933
2352
2005
3153
2558
2695
2456
1231
1191
-426
1206
4778
13042
18065
17108
12949
5365
2055
-4602
-8564
-10633
-11327
-6276
-4472
-761
-3491
-9382
-12219
-14577
-10518
-10624
-10502
-7331
-4415
3203
7721
12358
14757
11540
9016
4540
2509
436
-2754
-3437
-4485
-2820
-307
2185
4080
1350
-3348
-7423
-8816
-7464
-5936
-4113
-1393
1576
5320
8626
10945
11790
9386
7118
5029
4886
5593
5244
6689
7028
7242
5604
2362
-1120
-6310
-11337
-14521
-14340
-11260
-6557
-2886
714
2583
3805
5646
5864
5763
2474
-651
-1871
-2141
-1151
-2138
-3449
-5585
-7618
-7577
-6296
-4105
-3903
-4472
-4050
-1870
1718
3670
4665
4268
3117
1987
1295
1356
2033
2289
1426
1758
634
2176
6573
13438
19688
17491
11443
3640
-841
-6109
-11366
-14038
-13312
-6917
-3113
1441
-1106
-7636
-13490
-17688
-13421
-12618
-10746
-8791
-5819
1474
4957
10025
12441
11248
9453
5497
4938
4645
2788
2224
498
1464
3011
3857
5290
1938
-2638
-7553
-9481
-6403
-3376
-72
1979
3845
6371
7448
8080
7031
4056
1355
-104
2035
5556
7504
8436
8208
8012
6768
3026
-1768
-7410
-12457
-14942
-14503
-10275
-5417
-1530
544
901
2012
2499
3582
3111
987
-1078
-2644
-915
725
1495
-168
-3910
-6956
-9694
-8943
-6958
-5393
-4736
-6213
-4902
-2206
570
2701
1667
1793
1984
3061
5676
6660
7379
5790
2851
1760
4500
12148
19987
20203
13056
4452
-1469
-4474
-9322
-13292
-13219
-9375
-3252
701
-138
-7371
-15875
-19428
-15657
-9082
-5348
-2815
-344
4410
8556
10435
10912
8324
4534
196
-1183
102
632
552
147
987
2407
3149
3360
837
-3840
-8077
-9398
-6040
-895
4322
7698
9418
10277
9784
9427
8175
5753
1876
-1299
-541
2433
5120
6470
6937
7221
5793
1989
-2653
-7487
-10874
-12814
-12311
-8636
-3789
216
475
-1411
-3044
-2194
1027
3541
4351
3177
2654
2520
1329
-1056
-5238
-8432
-11478
-12977
-11083
-7311
-2378
-469
-926
-1327
-1005
-135
-488
-1713
-1541
122
2861
5626
6723
6851
4741
3290
5379
12841
21723
22938
14988
2617
-5372
-10135
-13714
-15883
-14865
-8402
-1592
3620
1194
-8069
-17181
-20678
-15691
-10350
-6082
-2438
1737
7517
9538
11011
11591
10599
8657
3546
2171
3033
3545
3783
1130
415
-14
-905
-1185
-4334
-6232
-7015
-6330
-2620
1242
6816
10312
11222
10871
8604
7285
5814
4956
3984
3051
4468
5902
6957
6595
5387
3957
466
-3524
-8040
-10603
-10447
-9118
-7099
-5488
-2348
-626
-1637
-4508
-6703
-4507
-138
5462
8245
7845
6323
3257
-518
-6760
-12149
-14994
-15342
-13219
-9652
-4861
155
2974
2169
-1117
-5734
-6974
-7297
-4591
-664
2780
7163
7817
9395
7798
7322
10675
16297
21874
18382
11359
3111
-2837
-7706
-12501
-10964
-6385
-72
3392
1889
-4229
-16068
-23770
-22773
-14820
-6890
-4521
-1412
2857
7397
8940
5281
2253
19
1148
3978
6151
9396
10828
11756
10290
6612
3632
477
-2776
-7282
-11244
-10609
-6492
-1077
3065
4249
4462
3163
1952
467
-1019
-311
2126
6684
10497
13002
13100
11334
8646
5239
2303
-1296
-3946
-6779
-8119
-7208
-4650
-1929
-1224
-1400
-3973
-6694
-9394
-9112
-4916
850
7407
9745
9376
6468
2880
-1473
-9280
-15377
-18629
-16864
-10565
-4581
977
3663
3706
2784
-504
-2799
-4671
-5115
-3443
-1285
2562
4199
4418
3669
3198
7488
16708
25324
25129
14308
1969
-4691
-7127
-8484
-9868
-6966
-2521
2429
4594
-1255
-11717
-23140
-23429
-14460
-6222
-1900
-3088
-249
4044
5351
2625
-5198
-8029
-5940
-361
5542
7065
8919
10455
11516
10468
4955
444
-2232
-2396
-1090
-989
524
2349
4780
6430
4138
635
-2402
-3186
-2370
-2412
-893
2635
8074
12767
12680
9885
6723
5632
4653
1776
-1315
-3592
-3397
-1708
560
1252
150
-1078
-3355
-6158
-9254
-9700
-6126
289
7227
9787
7538
2491
-876
-3322
-7966
-13363
-17701
-17420
-12603
-5982
-986
32
-1812
-3650
-5435
-6247
-5636
-3438
1034
4614
7958
8652
6838
4835
2781
5540
12382
19143
20039
12716
3996
-3072
-7367
-8841
-6844
-2274
447
2430
1759
-4265
-16184
-26149
-23836
-12377
-282
4749
3989
3472
5411
8794
7409
280
-6769
-7950
-2350
4196
8111
9394
9865
9427
7017
2452
-2861
-6973
-8593
-6561
-3162
-729
657
3178
7031
8196
4845
-920
-5579
-6045
-3526
-292
2802
5631
8693
10106
9214
8228
5876
2668
-579
-3223
-3456
-3060
311
4221
5632
4154
-1069
-6282
-10135
-9659
-5437
-264
5097
8745
10989
9346
5323
484
-4313
-6442
-8561
-9450
-9472
-7976
-4663
-3940
-5032
-7908
-10599
-10995
-10259
-7203
-3759
712
5089
6597
5513
2254
1884
6069
15176
22861
22268
13939
3628
-2459
-5030
-4835
-2995
-593
389
616
-650
-7087
-18738
-28977
-28623
-18565
-6821
-304
114
-1007
-211
3427
6101
5065
2008
1642
5953
10618
12719
12008
11465
11308
9811
6555
1863
-2255
-3618
-1982
-315
-1706
-5377
-7031
-5370
-2801
-2158
-3534
-4265
-1832
2865
6494
7302
6392
6873
7620
7360
5884
3308
1784
378
640
1161
1051
950
427
1021
-236
-3772
-9359
-12585
-9646
-2074
6895
11533
11284
6568
387
-4028
-6924
-7089
-4829
-1534
1587
1981
1621
993
-1777
-5557
-11170
-13874
-13473
-10187
-4303
338
5002
5116
2104
-2415
-3691
3045
12179
19306
17419
10217
2397
-3689
-5124
-3000
3957
8883
9143
5000
-3587
-14081
-25540
-28454
-21572
-9986
-765
-949
-6157
-12055
-12428
-8938
-7325
-6782
-4864
1481
9317
15205
17342
16775
15410
14317
12980
9904
6944
5200
7496
11442
12412
8966
2246
-2059
-4522
-6524
-9213
-11829
-11309
-7524
-1660
2184
2923
1869
1358
1240
929
378
-514
66
2934
7868
10834
10403
7331
3539
57
-3806
-7405
-11176
-11175
-5842
2365
8927
9496
5833
-743
-6433
-8452
-7899
-5013
-1518
2548
5322
5067
2465
-1755
-5185
-6573
-7143
-8601
-9940
-8353
-3696
407
1362
-429
-2764
-1735
4871
14305
20844
19087
11056
733
-7000
-9060
-5789
1953
9288
13681
11241
943
-14778
-28360
-30487
-20772
-6303
2008
437
-7118
-13372
-13637
-10802
-8976
-9135
-7659
-2223
4856
9818
10230
8102
6844
8887
11606
11875
9462
8338
11614
16167
17888
13649
7074
2369
1023
1913
1393
-663
-2944
-3668
-2150
-892
-1046
-3020
-5464
-5927
-5106
-4085
-4598
-4867
-2348
2220
6534
7713
6830
5662
5214
4132
394
-4035
-5441
-1162
5882
10447
9131
2099
-6224
-11297
-10921
-7237
-3508
-866
955
1797
860
-1800
-4662
-6284
-6211
-5220
-4761
-4554
-4485
-3501
-2310
-1688
-1810
-2208
338
5409
10431
11210
8149
4293
1698
1426
2433
4596
6539
8550
8333
2741
-8170
-19814
-23929
-17647
-4703
5054
4040
-5744
-16365
-20544
-18303
-13089
-8230
-5291
-2756
974
5649
8327
7189
4584
3801
5722
8225
9186
9803
11572
14053
14796
12161
8027
4671
3383
4068
4780
4422
3318
2695
4028
5941
6497
4352
-13
-2953
-3201
-2029
-1509
-2424
-3211
-3377
-2765
-2442
-3907
-6700
-8577
-7656
-4863
-1814
152
1656
3809
6216
6837
3427
-1813
-5086
-4513
-879
3071
5335
4675
1398
-2518
-5338
-6067
-4921
-3222
-1470
36
471
-909
-3570
-5363
-5147
-4238
-3774
-2540
661
4785
6313
3814
-567
-3730
-3640
-765
3243
6411
7269
5686
3014
-232
-3772
-6705
-6994
-3523
342
640
-3819
-9544
-12322
-10888
-6743
-2957
-1443
-2517
-3907
-3839
-2758
-2651
-3386
-1742
3194
8508
9702
6292
1461
-1021
301
3892
6857
6644
4022
1580
2120
4502
5946
5226
3629
3634
4709
6217
6410
5390
4215
3872
5328
6931
7812
7073
5866
5255
4780
3185
-3
-3350
-6319
-8182
-8694
-6853
-3122
763
2981
1438
-3466
-9010
-11742
-10667
-6462
-1067
3519
4800
2049
-1737
-4452
-4887
-4629
-4792
-4321
-3125
-902
611
875
957
315
-585
-1546
-1262
133
570
512
568
1939
3821
4796
4414
2686
1681
2582
4652
5044
1863
-3143
-5591
-3329
1081
3056
668
-3668
-7525
-9328
-9384
-8844
-8723
-9034
-7746
-4665
-1888
-2160
-5020
-7354
-7082
-4131
-888
1190
1695
1325
1418
2133
3300
3703
2782
1640
1815
3233
4839
5952
6734
8086
9437
10539
10245
8080
5652
4330
5537
7967
9695
9658
8467
8196
8909
9379
7875
4616
1267
-995
-1735
-2010
-2123
-1958
-1854
-1676
-2097
-3357
-5797
-9048
-10453
-9102
-5851
-3646
-3984
-5399
-6765
-6964
-7093
-7491
-7775
-7263
-5239
-3274
-2124
-1912
-1330
47
1063
872
10
137
1402
3243
4474
5743
7036
7950
7911
5547
1738
-2703
-4001
-762
4245
6709
3349
-2435
-7268
-8707
-7407
-5751
-5271
-7454
-10119
-10883
-8306
-4312
-1953
-2319
-4835
-7033
-7642
-6175
-3575
-590
2478
4802
5454
4018
2210
1717
3261
5283
6252
6168
5801
6449
7564
8753
8815
7179
4926
3641
5144
7973
10496
11522
11052
9782
7232
4408
2005
968
1338
2070
3051
3989
4695
4240
1757
-2469
-7195
-10492
-10937
-8599
-4997
-2251
-1769
-3353
-5985
-8139
-8829
-8103
-6713
-5727
-5498
-5593
-5334
-4393
-2095
980
2737
1449
-2062
-4219
-3474
-1042
1212
2872
3870
4089
3710
2970
1729
-1125
-3300
-2396
1888
6648
7433
5092
1625
-859
-1873
-2733
-3561
-4701
-5703
-5701
-4485
-3681
-4259
-6277
-8414
-9155
-8820
-6922
-4541
-2525
-1395
-1055
-379
395
1158
1832
3008
4485
5739
6509
7135
7976
8279
8269
8137
8016
7317
5967
5050
5286
6308
6846
6523
5303
3854
2547
2165
3137
4393
4947
4121
3104
2496
2095
1477
348
-770
-1810
-1956
-1471
-829
-999
-2766
-4946
-7046
-7892
-7832
-7759
-7765
-7712
-6756
-5797
-5398
-6026
-5952
-4402
-2114
19
63
-703
-2170
-2668
-1943
-729
779
1512
2649
3508
4663
4469
2406
-1100
-4437
-3649
223
5129
6594
3964
259
-2699
-3287
-2521
-1303
-692
-1134
-1837
-1190
200
320
-1582
-4994
-6773
-6441
-4795
-2656
-1415
-739
-944
-1549
-1695
-1577
-1555
-1349
-352
1653
3556
3861
3220
2829
3731
5379
6457
6413
5631
5302
6082
8081
9658
9515
7463
5118
4329
4566
4741
3992
2966
2271
2099
2353
2502
1914
429
-942
-1486
-1314
-966
-601
-338
-603
-1795
-3398
-4944
-5926
-6172
-5586
-4584
-4292
-4835
-6181
-7169
-8223
-8543
-7784
-6091
-3404
-1898
-1215
-2154
-3431
-3700
-3029
-1588
-190
1386
2558
3355
2872
2562
2036
1244
1624
2320
4091
4454
2737
302
-2180
-2635
-1026
1055
1731
-1
-2852
-3852
-2863
-1239
-608
-1905
-2984
-2933
-1627
27
197
-588
-1686
-2310
-2209
-2502
-3210
-3798
-3085
-284
3329
5689
6068
5313
5058
5831
6136
5644
4562
4233
6009
8776
11206
11448
9273
6539
4722
4591
5378
5439
4367
2661
1232
1104
1737
1801
468
-2396
-5182
-6419
-6189
-4966
-3918
-3200
-2826
-2877
-3458
-4813
-6155
-7356
-7572
-6812
-5557
-4422
-4413
-5429
-6230
-6150
-5649
-4801
-4988
-5114
-5006
-4447
-2594
-1161
-158
313
1020
2345
3798
4140
3709
2633
1387
2570
5124
8310
9054
6067
2660
213
-225
310
351
-135
-1144
-2678
-3533
-3524
-3577
-3646
-4593
-5337
-5296
-4769
-3004
-1165
337
1168
1227
1210
1018
553
60
-53
416
1636
2492
2689
2556
2735
4021
5250
5873
5784
5649
6528
7940
9119
9342
8431
7465
7298
8073
8973
8482
6518
4286
2977
2580
2245
1195
-357
-2259
-4314
-5814
-6629
-6633
-6752
-7205
-8130
-9546
-10803
-11545
-10551
-8484
-6484
-5296
-5421
-5872
-6216
-6253
-5404
-4237
-3066
-2038
-1700
-1060
-143
700
1090
439
-634
-1286
-1222
-224
1572
3029
4116
3940
3258
2652
1877
2464
3713
5641
6408
4764
2653
1351
1637
2187
1849
663
-370
-1425
-2224
-2429
-2953
-3249
-4388
-5509
-5731
-5627
-4626
-3637
-2405
-1136
-227
427
596
521
303
809
2297
4699
6955
7833
7485
6530
5918
5396
4944
4796
5147
6110
6788
7300
7588
7253
6416
5293
4396
3820
3176
2544
2719
3131
3091
1999
-28
-1524
-2539
-3377
-4621
-6233
-7424
-7854
-7767
-8142
-9247
-10911
-12004
-11851
-10728
-9444
-8555
-8162
-7957
-7465
-7026
-5812
-4365
-2843
-1196
-112
1193
2269
2941
3330
3228
2997
3005
2892
3093
3966
5197
6628
6653
5172
3237
1465
791
1198
2227
3727
4271
3393
2091
689
106
-158
-343
-245
-285
-435
-537
-235
-104
-339
-1580
-3051
-3950
-4488
-3871
-2811
-1393
-319
-302
-892
-1614
-1842
-1278
379
2426
4569
5962
6569
7171
7293
7172
6376
5376
5012
5186
6015
6900
7545
7408
6278
4600
2969
1790
703
-397
-1539
-1878
-1404
-700
-285
-949
-1926
-3287
-4785
-5929
-6616
-6489
-6177
-5847
-5879
-6361
-7691
-9379
-10073
-9831
-8799
-8566
-8954
-8801
-7832
-5757
-4047
-3346
-3509
-3565
-2503
-322
1986
3492
4516
5009
5262
4923
4279
4374
5187
6238
6775
6586
6118
5525
4657
3549
2171
1424
1670
2823
3743
2797
865
-1190
-2114
-2063
-1999
-1639
-1296
-931
-637
-320
-357
-1082
-2505
-3714
-3436
-2448
-1089
14
898
1860
1845
1142
-23
-1011
-874
473
2801
4810
5491
5144
4902
5168
5453
5179
4345
3979
4236
5122
6297
6969
7037
6019
4283
2520
952
-55
-688
-1135
-1303
-1226
-1099
-1264
-2391
-4336
-6190
-7390
-7554
-7131
-6533
-5757
-5257
-5409
-6134
-7109
-7791
-8037
-8077
-7644
-6906
-6298
-6018
-6110
-6120
-5698
-4965
-3985
-3004
-2408
-1925
-1140
170
1999
3768
4941
5289
4617
4027
4555
6087
8019
9169
9495
9204
7882
5861
3927
2614
2475
3048
3623
3782
2261
-51
-1779
-2325
-1870
-1923
-2457
-2976
-3203
-3244
-2848
-2371
-2305
-2929
-4222
-4314
-3399
-1681
124
1193
2114
2320
2372
2374
2128
1764
1458
1948
3364
5058
6020
6076
5544
5115
4928
4507
3939
3462
3680
4805
5973
6566
5980
4310
2677
1511
1025
565
-277
-845
-1073
-1275
-1898
-2976
-4163
-5539
-7323
-8873
-9448
-8978
-8153
-7887
-8088
-8476
-8764
-8867
-8672
-7870
-6778
-5729
-5243
-5187
-5060
-4603
-3644
-2797
-2315
-2223
-1987
-1145
-3
1229
1946
2396
2575
2967
4410
6404
8285
8479
7510
6798
7073
8146
8748
8878
8437
7906
6975
5762
4255
2357
1348
1051
1625
1481
-240
-2398
-4293
-4875
-4534
-3688
-2979
-3000
-3940
-4811
-4659
-4010
-3049
-2750
-2414
-1559
-681
606
1444
1736
1439
655
431
1025
1916
2526
2654
2479
2713
3141
3615
4022
3703
3165
2535
2253
2709
3267
3922
4261
4121
3719
3005
2223
1442
628
-115
-778
-1658
-2542
-3281
-3773
-3867
-4138
-4513
-5198
-6283
-7241
-7732
-7401
-6736
-6296
-6371
-6727
-7185
-7477
-7033
-5899
-4299
-3173
-2863
-2955
-2984
-2487
-1524
-306
570
829
612
621
1434
2477
3641
4377
4692
4847
4884
5873
7116
7859
7361
6203
5902
6451
7473
7996
8216
7598
6283
4429
2601
1641
794
941
1504
2193
2037
252
-1794
-3333
-3560
-3065
-2225
-1751
-1762
-2365
-3210
-3480
-3790
-3878
-4324
-4713
-4515
-3972
-2975
-2206
-1913
-2192
-2606
-2723
-2200
-1491
-1171
-1169
-1435
-1179
-534
292
1156
1711
2051
2104
2265
2766
3404
3732
3661
3540
3539
3562
3230
2673
2112
1627
1197
724
219
-442
-1105
-1640
-1870
-2011
-2492
-3182
-3988
-4606
-4900
-4859
-4292
-3586
-3397
-3922
-4912
-5428
-4942
-3945
-3019
-2787
-2954
-2833
-2197
-1090
8
700
1096
1570
2156
3024
3478
3463
3455
3471
4219
4865
5311
5604
5784
6615
7375
7624
6855
5672
5093
5652
6600
7066
6719
5342
4340
3483
3069
2266
516
-385
-366
596
718
-909
-3061
-4860
-5771
-5817
-5522
-5596
-6401
-8259
-9501
-9516
-9009
-8435
-8671
-8855
-8760
-8601
-7849
-6783
-5763
-5000
-4584
-3810
-2597
-1546
-494
602
1825
3007
3649
4069
4429
4609
4809
5152
5874
6913
7801
8334
8472
8097
7408
6494
5373
4347
3363
2678
2348
2019
1579
645
-609
-1579
-1884
-1596
-1521
-2067
-2944
-3518
-3635
-3364
-3012
-3006
-3424
-4276
-4582
-4100
-3233
-2536
-2318
-1960
-1575
-1093
-625
78
983
1646
2161
2330
2533
2764
3090
3687
4161
4096
3577
2732
2441
2957
3785
4724
4666
4391
4090
4062
3998
3320
2682
2237
2388
2227
1997
1124
287
-485
-1557
-2264
-3740
-4632
-5049
-4804
-4334
-5130
-6572
-8240
-9385
-9840
-9581
-8908
-8102
-8235
-9140
-9501
-9007
-7522
-6390
-5971
-5539
-4871
-3294
-1042
918
2006
1808
1422
2025
3348
4668
5223
5152
5418
6305
7475
8454
8436
7900
7404
7372
8154
8895
9131
8570
7480
6700
6382
6128
5688
4849
3910
3243
2604
2057
1269
293
-385
-752
-876
-994
-1184
-1440
-1878
-2642
-3252
-3370
-3353
-3455
-4003
-4544
-4601
-4284
-3564
-2856
-2520
-2710
-3390
-4034
-4114
-3540
-2546
-1669
-1372
-1426
-1525
-1385
-1013
-645
-379
-403
-740
-1145
-1186
-806
-290
170
425
594
703
719
1032
1470
1597
1204
453
134
525
1152
1489
1318
571
-160
-555
-555
-432
-1074
-1846
-2036
-1517
-976
-1668
-3331
-5031
-6074
-6104
-5302
-4308
-3486
-3436
-3935
-4186
-4275
-3875
-3327
-2829
-2029
-1198
-103
1335
2494
3252
3478
3378
3825
4624
5566
6497
6974
7487
8121
8625
9173
9315
9074
8722
8178
8118
8416
8631
8649
8121
7384
6544
5392
4139
2974
2054
1442
737
-161
-1069
-1961
-2654
-3290
-4042
-4823
-5570
-6197
-6669
-7109
-7578
-8004
-8420
-8754
-9103
-9608
-10007
-9984
-9303
-8210
-7387
-7204
-7430
-7494
-6998
-6020
-5022
-4284
-3701
-2947
-1544
185
1466
1836
1406
1251
1964
3341
4716
5346
5349
5274
5420
5604
5446
4837
4349
4377
4660
4872
4437
3750
3385
3287
3310
2579
1420
647
671
1230
1462
1062
361
-22
-210
-218
-989
-2400
-3604
-3980
-2747
-1508
-1078
-1866
-3320
-4241
-4284
-3252
-1943
-1101
-1272
-1447
-1073
38
1420
2205
2923
3227
3717
4515
5394
6294
6529
6444
6228
6237
6434
6598
6443
5828
5102
4482
4309
3997
3256
2219
1200
768
521
138
-640
-1774
-2814
-3741
-4494
-5267
-6101
-6888
-7533
-7900
-8252
-8584
-8981
-9139
-8874
-8402
-7914
-7859
-8056
-8282
-8016
-7092
-5765
-4386
-3513
-2916
-2643
-2395
-1966
-1168
376
2112
3558
4261
4456
4607
4957
5495
5900
6035
5737
5395
5342
5626
5867
5524
4625
3563
2751
2355
2317
2485
2725
2708
2429
1830
1041
372
-39
30
187
177
21
24
338
597
514
107
70
561
1436
2148
2191
1988
1793
2091
2627
2913
2890
2688
2797
3107
3209
2687
1857
1313
1368
1708
1433
380
-1122
-2302
-2745
-2755
-2811
-3354
-4265
-5124
-5576
-5691
-5701
-5765
-5833
-5784
-5720
-5594
-5329
-4976
-4705
-4720
-4831
-4693
-4187
-3499
-2884
-2405
-2044
-1764
-1584
-1333
-946
-494
4
496
1107
1668
2145
2584
3100
3732
4133
4163
3842
3578
3615
3963
4426
4666
4579
4077
3466
3038
2993
3220
3268
2896
2019
948
29
-424
-408
-343
-598
-1285
-1948
-2237
-2213
-2148
-2225
-2262
-2092
-1708
-1264
-907
-655
-446
-196
139
512
906
1372
1879
2344
2601
2708
2843
3139
3531
3801
3823
3598
3341
3182
3272
3492
3518
3207
2504
1828
1491
1419
1413
1107
520
-75
-561
-841
-1127
-1670
-2348
-3009
-3348
-3298
-3262
-3582
-4412
-5564
-6531
-6983
-6938
-6541
-6176
-5986
-5909
-6033
-6255
-6511
-6578
-6108
-5174
-4108
-3282
-2957
-2919
-2782
-2407
-1765
-1166
-849
-644
-422
63
824
1545
2162
2619
2991
3566
4231
4790
5104
5098
5217
5671
6239
6701
6766
6555
6323
6006
5598
5117
4633
4350
4186
3973
3640
3111
2603
2349
2340
2461
2387
1993
1520
1121
894
763
587
433
234
-31
-317
-661
-972
-1245
-1462
-1590
-1770
-2035
-2283
-2346
-2155
-1974
-2134
-2613
-3159
-3468
-3430
-3233
-2944
-2621
-2349
-2106
-1943
-1815
-1735
-1778
-1841
-1877
-1865
-1771
-1638
-1444
-1114
-789
-672
-903
-1500
-2130
-2461
-2291
-1686
-1109
-931
-1215
-1729
-2074
-2120
-1960
-1686
-1437
-1268
-1163
-1160
-1154
-1044
-881
-674
-506
-372
-209
-70
84
281
601
1118
1743
2276
2602
2686
2721
3002
3560
4270
4702
4701
4467
4309
4516
4828
4963
4711
4149
3624
3236
2912
2469
1894
1410
1278
1380
1383
996
155
-683
-1197
-1296
-1173
-1331
-1848
-2474
-2870
-2746
-2343
-2090
-2209
-2736
-3222
-3300
-2944
-2350
-1980
-1886
-1886
-1741
-1356
-959
-642
-413
-82
392
861
1146
1112
1041
1109
1462
1910
2066
1975
1730
1697
1951
2152
2047
1441
619
-6
-264
-282
-397
-785
-1364
-1795
-2000
-2099
-2333
-2823
-3281
-3533
-3443
-3165
-3040
-3118
-3305
-3325
-3066
-2739
-2558
-2527
-2469
-2167
-1631
-1108
-735
-576
-477
-242
92
461
687
792
1044
1581
2340
3012
3305
3237
3033
2911
3027
3296
3559
3705
3707
3725
3810
3904
3848
3541
3094
2689
2512
2560
2668
2643
2382
1961
1552
1258
1052
894
723
572
365
10
-533
-1221
-1768
-2026
-2006
-1956
-2106
-2489
-2945
-3279
-3429
-3466
-3619
-3868
-4094
-4101
-3855
-3612
-3482
-3500
-3413
-3048
-2491
-1970
-1771
-1827
-1879
-1569
-857
11
698
971
980
904
1025
1372
1818
2170
2214
2018
1721
1597
1739
2063
2299
2205
1812
1284
950
862
968
1062
966
703
345
134
96
210
306
253
53
-262
-492
-585
-497
-369
-328
-352
-381
-254
15
391
644
636
443
260
335
613
1012
1409
1700
1783
1619
1443
1470
1754
1997
1987
1755
1407
1084
800
642
614
585
399
36
-372
-717
-994
-1279
-1563
-1859
-2201
-2563
-2841
-2889
-2704
-2447
-2271
-2259
-2372
-2518
-2571
-2475
-2394
-2463
-2685
-2777
-2525
-1990
-1390
-942
-620
-485
-471
-464
-339
-47
248
564
910
1300
1581
1684
1829
2136
2580
2840
2859
2706
2491
2297
2113
2046
1980
1822
1509
1177
1012
954
948
847
617
222
-310
-794
-1018
-884
-579
-291
-139
-84
-80
-175
-348
-513
-530
-369
-104
174
393
530
585
620
685
745
752
703
628
517
320
94
-21
44
159
157
0
-260
-519
-745
-879
-931
-957
-1015
-1100
-1163
-1212
-1226
-1184
-1076
-998
-1053
-1183
-1259
-1201
-1072
-900
-728
-584
-521
-591
-690
-756
-660
-403
-25
408
706
832
778
690
643
621
611
578
604
726
955
1231
1437
1507
1434
1287
1140
1004
858
677
530
515
618
755
728
487
114
-248
-440
-500
-483
-510
-605
-677
-707
-678
-729
-872
-1023
-1076
-964
-809
-653
-550
-464
-334
-212
-109
-129
-259
-395
-461
-358
-222
-137
-129
-172
-149
-151
-178
-242
-315
-324
-302
-198
-59
78
226
386
591
737
775
742
726
791
890
970
972
919
906
973
1048
985
725
350
36
-93
-49
88
177
137
-37
-311
-580
-820
-972
-981
-887
-725
-642
-734
-961
-1160
-1122
-860
-572
-460
-541
-643
-633
-515
-351
-166
44
281
505
624
535
258
67
251
819
1416
1648
1442
1086
919
1064
1359
1499
1329
989
768
819
1049
1205
1115
789
389
106
31
78
55
-115
-370
-570
-665
-682
-690
-743
-838
-969
-1132
-1270
-1304
-1179
-988
-909
-1074
-1464
-1881
-2143
-2125
-1895
-1630
-1460
-1411
-1313
-1035
-629
-304
-242
-379
-492
-386
-53
404
842
1154
1354
1456
1516
1550
1545
1500
1412
1311
1214
1090
895
602
267
5
-108
-79
16
103
128
85
-35
-262
-541
-806
-925
-826
-574
-271
-64
-3
-84
-232
-326
-318
-199
-54
59
130
199
341
560
852
1138
1320
1383
1396
1536
1865
2298
2622
2663
2460
2151
1896
1742
1652
1586
1483
1329
1101
841
601
375
121
-270
-800
-1396
-1905
-2243
-2441
-2593
-2805
-3055
-3308
-3529
-3751
-3986
-4160
-4157
-3865
-3396
-2985
-2822
-2914
-3049
-3011
-2690
-2142
-1508
-899
-382
2
259
441
621
913
1365
1915
2423
2797
3061
3255
3362
3338
3195
3064
3085
3286
3543
3625
3402
2920
2365
1940
1703
1575
1408
1115
745
420
216
112
-21
-308
-749
-1223
-1533
-1594
-1489
-1374
-1357
-1417
-1495
-1548
-1564
-1535
-1447
-1311
-1169
-1058
-959
-834
-667
-483
-299
-127
-3
66
135
276
497
738
931
1061
1145
1189
1188
1162
1150
1131
1077
986
917
902
821
601
301
91
35
25
-43
-182
-367
-642
-1002
-1315
-1407
-1320
-1246
-1300
-1434
-1535
-1642
-1824
-2026
-2117
-2075
-2014
-1959
-1853
-1701
-1628
-1706
-1756
-1573
-1178
-819
-643
-533
-382
-195
-60
107
391
730
1019
1237
1515
1790
1918
1878
1861
2035
2255
2345
2266
2196
2205
2223
2185
2068
1961
1787
1547
1273
986
722
470
359
395
465
344
-36
-506
-886
-1054
-1120
-1148
-1198
-1237
-1220
-1195
-1170
-1265
-1402
-1507
-1446
-1175
-849
-530
-371
-272
-155
101
481
825
1087
1203
1347
1498
1664
1755
1792
1866
1944
2073
2063
1954
1674
1347
1039
791
676
502
310
-57
-431
-815
-1121
-1315
-1524
-1625
-1824
-1961
-2141
-2278
-2399
-2619
-2828
-3102
-3184
-3178
-3024
-2875
-2814
-2777
-2756
-2563
-2348
-2097
-1955
-1861
-1725
-1502
-1102
-621
-91
362
781
1165
1525
1784
1899
1954
2037
2263
2548
2852
3060
3125
3019
2855
2767
2730
2656
2439
2227
2093
2065
1974
1751
1457
1146
910
727
677
671
626
416
68
-244
-469
-588
-708
-757
-723
-624
-571
-654
-771
-891
-936
-966
-951
-854
-711
-551
-441
-349
-319
-364
-458
-522
-481
-357
-207
-114
-91
-140
-220
-280
-297
-304
-371
-479
-593
-657
-659
-574
-418
-271
-213
-273
-363
-422
-441
-460
-502
-549
-590
-618
-601
-509
-374
-306
-386
-577
-759
-806
-746
-658
-563
-455
-328
-239
-181
-117
-29
51
43
30
102
286
497
590
577
538
570
682
821
904
855
694
520
483
615
821
954
934
816
703
626
604
641
715
800
811
754
673
605
602
669
795
879
841
689
526
433
387
350
311
309
315
286
219
92
-103
-352
-580
-682
-632
-530
-476
-490
-573
-715
-913
-1090
-1154
-1105
-1011
-927
-889
-914
-986
-1079
-1111
-1042
-931
-828
-793
-783
-769
-783
-806
-811
-747
-643
-538
-438
-357
-285
-235
-189
-131
-55
23
92
168
227
237
164
33
-74
-84
34
199
331
381
354
295
236
227
263
326
386
426
466
530
655
832
1018
1136
1143
1104
1114
1228
1396
1529
1597
1606
1588
1548
1499
1451
1428
1415
1400
1391
1370
1319
1176
935
661
440
328
288
229
84
-157
-433
-678
-878
-1068
-1288
-1534
-1765
-1915
-1999
-2072
-2175
-2302
-2401
-2440
-2412
-2328
-2224
-2119
-2027
-1949
-1854
-1750
-1650
-1572
-1485
-1334
-1125
-889
-700
-546
-369
-125
172
437
612
659
645
679
822
1041
1245
1403
1513
1618
1699
1689
1591
1443
1336
1299
1313
1340
1308
1186
970
732
549
451
459
507
587
664
704
669
529
347
210
194
300
449
528
499
403
305
265
258
237
134
-36
-193
-291
-306
-286
-215
-94
46
137
93
-75
-299
-441
-452
-348
-212
-143
-172
-281
-402
-511
-616
-737
-845
-901
-893
-850
-833
-858
-920
-968
-999
-1020
-1036
-1027
-953
-835
-691
-574
-551
-618
-745
-852
-869
-795
-644
-466
-313
-225
-188
-159
-105
8
166
340
484
578
652
744
896
1080
1253
1373
1414
1386
1320
1267
1263
1311
1369
1396
1342
1202
1015
796
601
464
397
389
409
411
351
223
49
-125
-269
-362
-405
-401
-365
-324
-319
-377
-481
-611
-730
-818
-870
-877
-843
-773
-676
-567
-456
-375
-325
-309
-317
-328
-313
-247
-135
-11
111
194
209
174
113
81
107
166
241
281
258
193
95
0
-73
-101
-82
-37
14
41
30
-38
-145
-277
-406
-484
-483
-390
-243
-127
-107
-200
-367
-532
-634
-648
-597
-531
-488
-462
-437
-389
-298
-191
-99
-27
42
128
247
382
492
555
562
551
585
673
797
910
968
961
891
789
692
632
641
706
810
892
910
834
672
507
396
365
384
390
328
201
57
-71
-146
-166
-142
-96
-57
-63
-140
-277
-436
-564
-608
-558
-467
-390
-391
-484
-619
-719
-702
-560
-337
-120
-37
-140
-401
-717
-946
-1002
-898
-732
-622
-656
-790
-941
-1000
-937
-802
-659
-578
-534
-505
-466
-417
-385
-388
-431
-488
-538
-524
-426
-267
-73
118
309
496
668
822
948
1031
1052
1037
1035
1064
1100
1109
1063
971
884
848
897
1022
1173
1278
1290
1221
1130
1050
1008
991
961
866
696
496
320
234
236
302
384
414
361
206
14
-149
-248
-298
-330
-401
-553
-763
-989
-1148
-1172
-1060
-874
-721
-697
-837
-1072
-1313
-1468
-1487
-1407
-1294
-1209
-1189
-1215
-1225
-1180
-1066
-909
-760
-668
-640
-626
-570
-421
-199
1
111
118
78
90
206
410
618
727
719
654
633
724
890
1031
1051
932
768
681
738
893
1030
1056
957
771
592
489
452
443
424
356
263
181
127
114
86
26
-63
-170
-246
-285
-269
-228
-218
-279
-391
-514
-594
-591
-504
-353
-208
-93
-45
-77
-154
-209
-169
-9
252
513
674
683
553
383
268
282
416
602
754
803
733
563
361
177
15
-102
-185
-241
-262
-272
-275
-284
-341
-466
-647
-848
-1026
-1133
-1151
-1074
-972
-886
-833
-826
-808
-753
-673
-575
-520
-501
-502
-507
-456
-347
-199
-44
82
127
114
72
29
58
136
280
445
578
668
656
600
546
536
613
745
884
990
1024
981
883
738
593
469
375
333
297
264
241
196
143
73
11
-32
-61
-57
-26
18
75
133
166
157
100
21
-59
-127
-135
-107
-73
-33
-31
-45
-54
-61
-29
20
66
116
147
189
256
325
388
420
403
336
240
138
48
-21
-82
-162
-287
-424
-550
-642
-686
-732
-810
-944
-1114
-1282
-1402
-1449
-1423
-1358
-1297
-1267
-1283
-1323
-1340
-1311
-1227
-1118
-1006
-875
-736
-590
-450
-302
-107
102
316
494
629
734
823
927
1060
1241
1444
1641
1787
1847
1845
1824
1837
1866
1869
1811
1704
1591
1493
1420
1336
1207
1020
773
526
337
220
139
21
-161
-401
-645
-839
-949
-967
-942
-923
-953
-1029
-1113
-1157
-1145
-1093
-983
-818
-625
-433
-260
-127
-44
-9
-2
27
110
240
375
475
525
563
625
714
833
919
929
839
662
443
212
11
-156
-293
-382
-443
-508
-593
-697
-803
-907
-1026
-1181
-1346
-1504
-1646
-1761
-1820
-1805
-1702
-1521
-1282
-1023
-836
-772
-835
-930
-924
-782
-546
-296
-97
21
93
197
372
609
852
1050
1187
1274
1337
1368
1372
1383
1435
1533
1661
1777
1845
1851
1771
1614
1422
1248
1144
1119
1143
1167
1104
907
607
266
-18
-209
-345
-463
-580
-691
-764
-771
-738
-703
-722
-831
-1014
-1222
-1373
-1414
-1337
-1184
-1012
-863
-758
-677
-572
-402
-160
109
298
361
304
217
193
271
447
643
814
910
910
838
719
596
498
433
410
399
344
226
54
-141
-332
-508
-652
-728
-721
-678
-659
-695
-771
-825
-822
-763
-693
-655
-653
-670
-662
-601
-495
-378
-304
-288
-290
-252
-168
-49
67
137
168
158
133
133
173
258
345
420
488
545
612
674
712
706
672
645
661
740
839
904
859
695
473
284
229
296
411
469
371
124
-172
-392
-470
-411
-290
-204
-214
-337
-494
-600
-592
-474
-324
-205
-157
-181
-233
-258
-246
-195
-136
-96
-60
-25
5
21
13
-18
-54
-58
-21
40
84
70
-6
-104
-178
-198
-156
-104
-85
-118
-176
-214
-208
-178
-151
-155
-193
-241
-246
-163
-24
100
136
75
-26
-70
8
191
395
519
521
428
315
257
283
373
465
513
504
458
404
360
346
355
372
377
364
325
271
225
176
127
73
19
-28
-63
-96
-141
-207
-283
-350
-372
-348
-322
-309
-340
-418
-493
-547
-556
-512
-457
-406
-377
-364
-355
-367
-375
-369
-334
-256
-152
-48
37
82
71
27
-15
-23
3
57
110
153
172
165
134
82
40
28
57
108
170
221
227
175
74
-42
-128
-154
-110
-28
37
65
68
60
65
84
85
56
8
-32
-19
51
144
229
266
232
138
29
-30
-6
78
187
247
236
181
101
38
17
30
54
66
57
47
41
53
68
62
38
-9
-73
-119
-130
-125
-107
-86
-70
-43
-17
13
36
40
15
-24
-68
-93
-88
-64
-29
7
26
20
8
0
4
28
61
80
71
36
-16
-60
-72
-65
-57
-59
-90
-132
-176
-200
-181
-131
-69
-24
-15
-39
-78
-104
-116
-122
-115
-111
-96
-75
-52
-36
-31
-27
-25
-7
22
47
70
81
82
82
79
81
82
73
60
29
2
-4
20
55
81
88
70
42
9
2
29
71
111
125
115
78
35
15
5
3
3
-7
-10
-17
-13
7
23
38
44
50
45
23
11
-9
-10
-5
3
23
16
9
-15
-33
-32
-27
4
19
26
33
36
56
67
72
52
6
-24
-49
-31
-1
18
41
18
-6
-51
-78
-49
-26
11
-4
-24
-45
-92
-88
-114
-107
-104
-137
-145
-190
-161
-136
-105
-68
-100
-105
-168
-208
-218
-238
-184
-142
-73
-47
-55
-49
-73
-26
17
96
181
215
242
224
231
258
317
376
398
413
385
377
356
335
354
352
365
340
284
231
167
129
81
29
-55
-160
-249
-314
-331
-344
-360
-390
-453
-520
-579
-616
-625
-617
-615
-591
-566
-539
-483
-445
-379
-298
-206
-101
-4
121
222
314
374
436
535
612
700
767
842
915
913
871
803
727
659
605
560
541
507
428
319
159
-29
-229
-377
-454
-481
-478
-467
-454
-472
-539
-630
-687
-706
-704
-686
-649
-564
-461
-333
-178
-37
47
24
-64
-142
-156
-77
71
259
425
506
478
374
299
275
269
264
253
233
194
143
125
160
187
144
49
-40
-101
-132
-114
-44
47
87
32
-64
-153
-209
-257
-287
-259
-201
-137
-88
-52
-22
-45
-148
-285
-384
-373
-264
-146
-65
-21
-23
-69
-143
-178
-114
-14
11
-20
-17
45
132
180
208
258
291
273
238
241
264
238
174
174
265
373
404
343
244
116
-26
-115
-76
56
151
128
33
-76
-183
-278
-323
-286
-204
-152
-162
-180
-208
-258
-327
-379
-345
-243
-122
-37
25
48
40
19
14
82
151
219
267
320
357
335
289
207
157
106
92
139
209
286
257
204
160
136
96
10
-27
-33
-1
-23
-68
-72
-51
-26
-72
-82
-78
-70
-110
-204
-232
-217
-168
-193
-242
-273
-312
-334
-391
-358
-257
-134
-53
-41
-12
-42
-98
-180
-217
-171
-141
-104
-79
-37
-23
-58
-71
-68
-15
29
83
144
163
158
106
78
59
28
-6
-13
21
54
99
157
224
265
241
192
136
106
72
19
-6
5
70
128
159
157
156
175
169
152
145
180
212
204
161
107
76
40
-1
-36
-38
-3
35
75
95
105
104
76
40
7
-16
-42
-73
-112
-131
-130
-136
-129
-99
-43
6
10
3
3
9
3
-32
-69
-87
-76
-73
-108
-166
-225
-241
-258
-291
-323
-324
-246
-159
-103
-103
-117
-115
-144
-171
-196
-185
-154
-125
-59
-5
38
33
40
72
66
51
24
51
88
96
86
71
111
137
130
88
54
56
59
100
133
153
155
128
128
108
78
40
35
93
162
219
226
211
170
99
42
36
110
179
201
178
164
191
200
161
74
18
24
56
86
87
90
72
36
5
-28
-34
-52
-85
-98
-86
-70
-65
-65
-62
-51
-65
-93
-94
-93
-94
-113
-135
-110
-69
-70
-103
-136
-162
-189
-220
-227
-198
-173
-164
-165
-163
-172
-237
-313
-345
-326
-270
-208
-145
-77
-38
-52
-83
-103
-98
-70
-43
9
70
109
132
132
129
128
116
119
139
192
259
307
334
328
296
248
205
162
127
117
127
170
229
267
273
238
164
78
-5
-57
-55
-4
63
105
102
67
1
-63
-97
-90
-49
-19
-12
-23
-38
-44
-47
-55
-66
-73
-92
-100
-84
-52
-17
-6
-30
-65
-99
-134
-147
-134
-97
-72
-104
-158
-199
-217
-209
-183
-118
-30
15
-13
-73
-133
-202
-270
-278
-211
-120
-66
-75
-104
-122
-133
-137
-122
-85
-61
-71
-105
-140
-137
-125
-106
-45
50
168
259
301
310
292
253
198
173
204
259
313
356
390
422
448
471
495
502
460
364
254
184
192
253
329
389
390
337
225
101
27
-3
-8
-17
-16
1
-8
-69
-156
-212
-247
-307
-350
-311
-183
-93
-127
-239
-351
-444
-531
-563
-492
-336
-221
-192
-201
-214
-216
-259
-301
-280
-209
-137
-123
-123
-114
-115
-132
-150
-111
-28
54
88
86
88
75
53
29
25
50
55
31
-7
-18
-6
3
50
122
200
257
239
222
198
162
137
105
118
122
104
61
-2
-9
-15
1
36
49
73
58
51
53
34
21
-21
-30
-3
44
117
156
198
212
183
138
69
61
63
63
67
45
57
36
-20
-90
-163
-182
-179
-140
-79
-18
38
47
33
18
23
44
57
53
30
19
8
-9
-24
-32
-32
-34
-46
-62
-70
-65
-52
-46
-55
-57
-81
-117
-130
-128
-91
-51
-31
-14
-9
-11
-17
-11
6
15
5
-9
-14
-18
-12
-23
-48
-64
-76
-71
-61
-42
-17
3
18
18
11
3
-2
-14
-34
-49
-55
-34
-3
34
49
32
0
-32
-45
-34
-10
7
20
26
23
25
24
34
47
59
72
84
105
129
134
111
76
41
23
13
5
10
20
23
32
52
77
93
89
60
28
11
6
19
47
70
72
55
27
-9
-39
-50
-37
-10
20
41
37
21
-4
-50
-98
-136
-163
-173
-172
-155
-124
-90
-67
-62
-77
-100
-128
-136
-118
-78
-16
48
110
140
138
110
67
40
38
54
80
85
85
87
74
81
99
105
104
72
21
-47
-117
-169
-187
-167
-137
-107
-95
-90
-82
-75
-63
-51
-48
-60
-75
-77
-87
-102
-107
-106
-76
-20
36
96
137
154
142
110
92
103
146
171
163
113
40
-31
-70
-38
45
167
261
305
300
264
240
211
193
144
79
14
-49
-70
-74
-53
-45
-70
-121
-183
-198
-177
-124
-84
-86
-140
-243
-363
-462
-487
-453
-365
-267
-190
-123
-89
-47
-7
48
91
106
106
86
83
85
99
117
121
125
116
134
194
282
369
424
457
453
414
350
274
208
152
120
83
33
-28
-97
-159
-210
-213
-177
-138
-122
-136
-155
-193
-252
-299
-308
-279
-260
-270
-279
-271
-256
-239
-219
-184
-134
-114
-126
-150
-164
-145
-104
-40
41
112
131
114
103
132
200
267
344
422
458
419
303
184
104
83
119
201
327
449
514
461
339
193
78
17
-20
8
52
70
10
-95
-163
-195
-181
-169
-134
-92
-88
-123
-193
-239
-273
-303
-341
-365
-355
-351
-330
-282
-207
-109
-33
-4
-42
-126
-240
-360
-430
-419
-341
-232
-131
-59
-28
-27
-22
11
89
205
355
488
560
562
501
410
297
199
135
127
189
256
306
324
316
296
245
180
94
22
-12
-20
-1
28
83
138
160
123
12
-103
-171
-153
-89
-21
12
-3
-32
-98
-162
-217
-226
-178
-132
-131
-213
-319
-408
-436
-416
-372
-301
-237
-183
-178
-202
-222
-200
-117
-29
26
17
-26
-73
-112
-133
-131
-81
15
116
198
235
243
253
239
199
142
101
100
147
210
247
265
252
232
191
143
118
132
196
259
268
203
107
30
-12
-15
7
74
181
282
310
249
145
51
6
-14
-24
-10
48
136
199
199
132
13
-136
-318
-506
-604
-581
-442
-256
-111
-42
-49
-118
-234
-355
-438
-408
-293
-152
-53
-39
-81
-144
-205
-255
-269
-223
-116
24
129
176
177
154
123
78
33
15
23
66
109
127
132
116
101
83
72
60
42
28
-8
-46
-88
-88
-39
21
78
107
122
125
119
111
96
92
84
80
77
63
59
60
80
107
119
127
124
117
84
43
-5
-41
-39
-40
-33
-31
-27
-7
13
41
56
84
103
98
68
7
-45
-96
-119
-119
-99
-58
-25
5
3
-16
-41
-75
-92
-100
-100
-89
-84
-79
-84
-92
-88
-91
-82
-73
-74
-64
-45
-14
13
29
24
8
-25
-68
-92
-106
-104
-78
-42
-10
18
33
30
21
6
-10
-29
-40
-49
-57
-43
-32
-19
-17
-25
-18
-3
25
56
82
104
99
76
48
20
-1
-5
7
33
77
123
158
180
188
174
149
123
111
115
127
138
142
128
109
83
56
44
53
81
105
122
124
99
70
37
-4
-22
-15
-10
-13
-33
-77
-120
-151
-156
-142
-120
-104
-109
-138
-175
-192
-191
-163
-138
-133
-159
-224
-300
-357
-386
-365
-303
-232
-171
-125
-103
-94
-82
-68
-55
-66
-84
-95
-86
-48
12
72
102
82
37
-5
-14
37
129
219
280
284
239
189
153
146
156
176
191
219
263
310
338
320
284
246
213
202
201
195
172
142
129
128
140
149
135
101
55
17
17
43
68
63
6
-74
-162
-207
-208
-182
-150
-141
-129
-103
-52
-4
11
-59
-198
-345
-426
-413
-321
-198
-124
-104
-127
-149
-140
-122
-120
-143
-188
-217
-206
-157
-100
-68
-85
-139
-198
-219
-173
-75
52
162
213
185
90
-28
-137
-198
-183
-107
13
132
224
275
278
242
193
137
72
15
-14
-4
45
133
234
318
341
297
205
94
9
-12
39
127
214
262
237
159
53
-40
-58
-2
80
160
206
215
202
163
91
-1
-92
-153
-159
-117
-52
23
90
115
77
-19
-160
-297
-372
-367
-278
-140
-19
43
43
-3
-56
-89
-101
-96
-87
-72
-61
-63
-82
-97
-95
-89
-63
-23
11
45
98
176
252
286
272
212
142
63
-29
-106
-143
-117
-46
4
-8
-81
-175
-240
-263
-246
-205
-152
-100
-74
-96
-146
-176
-155
-94
-62
-70
-117
-164
-163
-131
-70
-13
16
28
27
22
27
72
153
234
273
242
178
143
166
230
286
301
294
287
274
234
162
93
63
82
123
162
194
225
239
210
149
67
0
-19
-10
0
17
39
56
59
23
-51
-148
-212
-238
-248
-243
-247
-243
-234
-233
-238
-267
-286
-297
-300
-281
-250
-191
-115
-37
9
1
-32
-54
-54
-44
-33
-17
21
73
114
126
97
49
10
-22
-48
-57
-32
42
139
201
202
144
70
21
-5
-17
-31
-23
10
55
78
65
22
-31
-61
-66
-33
24
87
127
132
123
89
45
6
-11
-6
-9
-13
-9
-17
-31
-59
-85
-107
-106
-77
-32
16
47
72
81
84
77
82
90
81
66
38
26
20
10
7
0
5
28
44
42
13
-26
-47
-49
-34
1
64
117
114
52
-26
-74
-71
-44
-16
18
38
50
33
-7
-34
-48
-47
-47
-51
-36
-14
-4
-2
-20
-46
-50
-74
-89
-96
-80
-46
-30
-26
-42
-34
1
28
34
8
-41
-96
-122
-108
-54
17
42
20
-28
-50
-40
-21
0
10
4
-24
-44
-43
0
43
79
98
94
80
36
11
4
33
75
106
118
97
86
67
50
45
50
67
63
57
42
39
28
13
10
2
5
-14
-26
-30
-38
-32
-35
-29
-32
-27
-18
-23
-23
-45
-40
-45
-43
-21
-26
-20
-34
-32
-28
-23
-5
-7
8
2
1
-5
-22
-23
-47
-50
-49
-27
15
36
61
54
43
27
-3
-20
-48
-41
-29
3
44
70
84
44
-8
-80
-118
-98
-71
-33
-31
-27
-18
-6
-8
-43
-60
-60
-35
-10
-7
-12
-14
-18
-36
-24
17
62
94
98
107
113
135
150
136
95
36
7
14
46
75
99
118
133
144
129
86
9
-87
-134
-112
-70
-47
-64
-77
-75
-71
-106
-170
