-14
-15
-18
-16
-7
-8
-1
-2
-3
3
5
12
12
20
24
18
15
9
7
4
8
8
6
12
8
7
8
5
8
15
25
28
30
31
27
27
28
27
21
12
14
15
10
9
2
-2
2
-3
2
7
5
3
-6
-6
0
-6
-9
-9
-12
-13
-8
-7
-10
-11
-11
-9
-9
-11
-11
-8
-9
-10
-14
-17
-14
-18
-26
-31
-31
-28
-27
-31
-29
-32
-35
-29
-31
-27
-23
-17
-7
-9
-2
0
-2
-1
1
3
-2
0
5
7
7
5
4
3
8
6
1
3
7
12
16
16
14
17
20
26
29
30
33
34
38
37
39
40
41
44
38
33
36
34
28
24
19
21
19
12
8
-1
-4
-6
-8
-9
-11
-15
-20
-22
-23
-23
-13
-15
-18
-20
-23
-17
-17
-14
-15
-18
-14
-7
-5
-3
-7
-10
-13
-17
-15
-17
-17
-19
-21
-22
-24
-25
-27
-24
-26
-29
-26
-25
-23
-19
-18
-20
-21
-21
-24
-15
-14
-13
-7
-10
-5
-1
1
6
5
8
6
12
22
21
23
19
15
22
23
24
28
32
36
38
38
40
44
49
54
54
50
47
46
45
43
39
38
27
15
5
-3
-7
-17
-21
-23
-23
-25
-29
-36
-38
-31
-28
-21
-18
-16
-11
-15
-15
-14
-15
-10
-13
-14
-15
-13
-4
-2
3
2
-1
-3
-3
-1
-5
-5
-7
-14
-13
-10
-7
-3
2
-1
-2
-5
-16
-13
-15
-17
-14
-15
-15
-26
-21
-17
-9
-4
-5
5
1
3
5
2
7
4
1
0
4
6
0
1
1
2
9
4
10
9
9
22
19
26
30
29
39
35
37
36
37
32
20
21
21
23
23
16
14
7
4
-1
-10
-13
-16
-7
-9
-3
-2
-9
-8
-8
-2
-4
-5
-2
-5
-6
-8
-2
-5
-9
-10
-20
-20
-24
-23
-25
-24
-26
-38
-42
-45
-44
-37
-37
-39
-42
-43
-37
-32
-31
-26
-20
-14
-10
-10
-2
7
12
15
17
19
24
28
26
23
25
28
30
27
22
16
16
15
13
13
17
17
21
20
15
12
11
13
19
24
29
27
25
26
26
32
32
40
43
42
40
34
32
28
25
19
9
-3
-14
-24
-31
-32
-36
-39
-46
-51
-48
-48
-44
-42
-40
-37
-36
-32
-31
-20
-11
-5
-5
-2
4
3
11
14
14
19
10
9
11
7
6
-3
-7
-14
-22
-28
-27
-26
-24
-22
-27
-30
-32
-30
-27
-26
-20
-19
-15
-19
-16
-9
-12
-4
6
12
15
23
34
41
47
45
35
38
43
45
47
45
49
49
50
42
32
27
27
29
24
23
23
22
24
18
16
21
21
16
19
12
12
14
12
12
7
11
9
1
5
13
16
11
-3
-2
-4
-1
3
-11
-3
0
-4
-10
-27
-17
-20
-30
-39
-56
-46
-59
-77
-76
-85
-66
-75
-86
-81
-93
-78
-98
-105
-87
-88
-67
-80
-75
-50
-45
-27
-45
-28
-2
7
27
17
33
47
46
46
28
43
48
33
36
27
30
26
9
2
3
17
11
0
-1
-1
10
12
14
22
36
59
65
74
88
110
133
121
140
149
159
169
140
158
148
143
131
85
107
84
66
50
9
30
4
-13
-29
-40
-22
-59
-74
-83
-70
-59
-84
-88
-82
-64
-62
-77
-71
-55
-53
-59
-75
-73
-58
-72
-77
-88
-90
-83
-81
-76
-88
-84
-83
-73
-62
-79
-76
-73
-54
-69
-88
-67
-61
-38
-62
-69
-48
-37
-23
-75
-52
-11
-21
-31
-52
-7
2
-12
-16
-15
23
3
-15
8
58
60
38
51
72
90
71
62
93
132
113
89
114
138
135
95
90
113
127
116
81
98
127
99
64
70
90
97
56
32
49
60
41
-16
13
31
5
-15
-32
4
-12
-12
-36
-39
-1
-22
-21
-15
0
-7
-7
3
-18
-20
-10
-9
-44
-48
-50
-59
-40
-77
-98
-85
-75
-93
-134
-118
-100
-120
-138
-152
-148
-93
-128
-147
-114
-118
-81
-119
-98
-69
-67
-44
-88
-48
-49
-20
4
-36
19
8
31
61
24
59
54
73
84
48
83
87
96
98
75
82
92
124
100
82
138
119
128
133
98
160
127
94
113
86
132
89
70
95
47
70
38
47
70
35
33
-5
8
-9
-23
-14
-59
-46
-68
-91
-55
-76
-72
-65
-85
-60
-66
-88
-53
-56
-58
-32
-83
-58
-46
-78
-53
-76
-65
-67
-84
-77
-90
-72
-87
-69
-77
-87
-22
-59
-26
-28
-60
18
-4
23
19
41
78
33
79
37
71
101
65
77
53
96
71
58
54
32
46
15
-17
-9
17
-15
-13
-31
-19
0
-25
-11
-52
9
5
-14
45
13
55
49
43
66
39
77
48
63
71
20
53
18
-7
-5
-22
-25
-15
-32
-52
-38
-55
-52
-51
-56
-53
-48
-29
-64
-20
-7
-35
3
-11
8
-12
20
20
-24
69
-34
-13
52
-60
9
-55
-18
-37
-65
18
-77
19
1
-37
-10
8
-18
-26
27
-33
15
-16
12
-9
-32
32
-62
22
-17
-12
9
-19
58
-62
48
27
-44
75
4
30
40
31
43
45
51
57
48
53
97
-16
57
79
-22
79
11
-21
58
0
-53
-13
-23
-31
-40
-36
-4
-80
37
-34
-102
67
-40
-55
70
0
-28
89
-4
32
31
70
73
-13
202
-47
105
122
-40
175
-57
180
-64
37
185
-272
258
-164
-76
122
-288
79
-191
-123
-114
-167
-177
-185
-165
-202
-98
-297
-66
-195
-101
-132
-185
135
-161
24
2
72
189
-56
226
10
286
203
-166
385
104
116
62
70
122
79
95
-139
90
6
76
-243
93
13
-129
213
-331
191
-58
65
-8
-140
346
-195
193
-47
-151
281
-166
-41
15
-61
164
-122
39
-42
-64
115
-183
14
80
46
109
135
-54
196
-7
128
50
-26
490
-185
418
-10
5
423
-298
164
29
122
151
-49
6
-97
-86
-161
-232
-35
-131
74
-251
-104
-121
-482
53
-447
-134
10
-131
-8
-56
-288
-116
-106
-304
153
-220
199
152
-81
94
-323
39
-24
-124
67
21
248
-99
22
-295
-349
198
-416
17
6
143
-49
-178
186
-617
309
34
-215
563
114
395
18
249
159
-77
493
182
192
423
443
21
214
197
22
167
290
76
-41
409
-89
-74
105
-144
131
24
-48
-90
-48
54
22
-143
142
208
-65
151
-200
74
148
-51
335
48
266
280
-177
125
-83
153
177
193
307
-15
244
-86
-249
-138
-162
-198
16
-82
-408
-252
-369
-708
-602
-477
-714
-449
-437
-643
-463
-687
-911
-677
-367
-409
-574
-304
-165
-426
-310
-480
-67
82
-208
75
452
409
-149
-2
110
510
430
509
484
485
719
273
366
372
415
793
408
867
590
518
244
80
646
270
861
137
559
442
342
94
-204
517
316
349
542
392
-1
-32
169
-71
321
550
-230
330
155
-105
-150
-265
-387
-165
-132
71
118
-548
-601
-834
-726
-288
-464
-501
-438
-520
-683
-679
-784
-924
-604
-784
-331
-337
-650
-565
-828
-668
-768
-403
-201
-592
-129
-332
-371
-296
-295
-413
-209
222
-16
193
149
177
151
143
461
585
554
949
745
629
972
735
915
1036
1077
1279
1159
1168
1020
888
852
617
744
792
597
468
193
-10
-53
-279
-419
-482
-716
-684
-797
-1050
-1039
-1172
-1160
-944
-844
-852
-1022
-687
-479
-374
36
13
340
531
520
704
774
808
977
1145
1170
1232
1003
743
600
658
649
303
341
370
82
59
-103
-867
-876
-657
-1129
-897
-1066
-1059
-1405
-1692
-960
-1754
-1629
-1722
-1208
-1141
-953
-402
-1145
-252
-413
-354
-171
-220
398
116
776
1143
591
870
1024
814
541
1511
842
731
1694
996
868
1262
683
441
775
580
591
452
560
384
-84
325
77
-451
330
129
-243
-157
7
-411
-257
-348
-531
-124
-140
-374
-537
-399
-423
-430
-649
-236
-237
-399
-609
-425
-471
-180
-490
-431
56
-234
116
-297
-59
349
575
750
881
1085
1172
1038
863
907
912
763
972
464
440
116
-530
-481
-1137
-685
-1189
-1100
-1228
-1731
-1355
-2171
-2062
-2499
-2472
-2162
-2573
-1845
-1895
-1682
-1343
-1225
-466
103
681
1209
1620
1992
2439
2389
3061
3007
2841
3072
2489
3001
2394
2270
2180
1634
2003
1228
1522
1161
568
523
-292
41
-395
-534
-680
-1291
-1139
-1712
-1796
-1829
-1911
-1793
-2020
-1659
-1453
-1304
-1175
-1259
-924
-937
-582
-127
-255
478
512
171
584
596
462
468
859
478
833
1012
510
463
251
206
-330
-68
-30
-253
-52
-342
-887
-1165
-689
-1123
-1115
-674
-1079
-645
-529
-806
-916
-683
-806
-840
-505
-523
-250
-435
-252
-156
-160
467
70
519
833
810
1123
596
948
431
527
505
99
791
197
905
984
1192
2159
1571
2482
2215
2331
2501
1522
2147
959
992
684
-354
273
-941
-597
-1082
-1296
-848
-1694
-1005
-1838
-1904
-2140
-2983
-2835
-3409
-3346
-3679
-3522
-3258
-3040
-2368
-1761
-989
-164
1032
1546
2681
3166
3482
4087
3869
4385
3861
3823
3664
2969
3074
2315
2202
2063
1560
1451
1268
755
654
153
-585
-688
-1726
-1852
-2598
-3147
-3053
-4115
-3526
-4269
-4026
-3336
-3599
-2297
-2657
-1736
-1413
-1297
-205
-668
192
257
221
907
877
1576
1723
1977
2520
2413
2665
2572
2084
2004
1557
1284
973
449
329
-396
-727
-1102
-1520
-1288
-1228
-621
-336
-30
265
62
61
-76
-279
-394
-284
-482
-239
-397
-451
-275
-781
-298
-712
-411
-29
-338
418
-259
152
-86
-445
71
-546
96
-18
476
1310
1727
2693
2759
3254
3457
3221
3095
2303
1783
1066
197
-319
-1261
-1852
-2412
-3067
-3189
-3384
-3281
-3167
-3200
-3065
-3051
-3219
-3516
-3929
-4227
-4271
-4334
-3897
-3577
-2820
-1727
-881
757
2098
3697
5167
6232
7474
8061
8542
8561
8087
7490
6772
5833
4950
3991
3013
2228
1152
535
-307
-893
-1237
-2129
-2496
-3324
-3827
-4420
-5283
-5498
-6427
-6332
-6554
-6455
-5568
-5347
-3858
-3463
-2244
-1091
-578
1027
928
1928
2239
2309
3100
2532
3120
2829
2810
3212
2781
3260
2989
2763
2632
1947
1647
965
135
-584
-1509
-2046
-2581
-2987
-2975
-3035
-2640
-2428
-1943
-1329
-946
-343
-423
-42
69
81
215
-244
5
-231
-226
-187
-545
38
-20
269
540
233
798
493
607
727
303
1320
1559
2518
3340
3013
4000
3548
3849
3720
2214
2339
617
274
-587
-2414
-2254
-4248
-4109
-4621
-5368
-4369
-5694
-4947
-5398
-5490
-4522
-5304
-4366
-4571
-4244
-3231
-2891
-1433
-445
686
2304
3747
5561
7287
8140
9249
9811
10115
10574
9713
9310
8131
6689
5756
3969
3146
1745
398
-524
-1890
-2222
-3103
-3897
-4692
-5715
-6082
-6576
-6676
-6933
-6905
-6720
-6411
-5599
-4739
-3317
-2296
-1094
-109
713
1739
1956
2276
1969
1761
1645
1286
1506
1348
1567
1821
2028
2667
2991
3206
3017
2287
1590
767
-246
-912
-1876
-2532
-2855
-3310
-2844
-2515
-1834
-908
-673
236
525
667
1002
157
65
-647
-1279
-1298
-2210
-1741
-1979
-1914
-1328
-1562
-484
-634
-550
-362
-495
539
764
1814
3290
4685
6104
6387
6714
7022
6761
5677
3895
2254
1031
-209
-1839
-2923
-3992
-4682
-5168
-5831
-5194
-5349
-5495
-5875
-6779
-6366
-7290
-7549
-7667
-7813
-6303
-5605
-3477
-1106
1042
3970
5819
8363
10487
11540
12464
12184
11832
11082
9422
8090
6473
4890
3452
1750
996
593
-97
-713
-1697
-2011
-2120
-3047
-3771
-4833
-5281
-5495
-6271
-5877
-5580
-4517
-3514
-3030
-1208
-326
979
1302
1107
1790
1057
990
-311
-1295
-1696
-2830
-2651
-2992
-2107
-1037
-494
741
1162
2153
2442
2049
1908
1248
963
397
-221
-170
-158
15
484
1053
2115
2619
2442
2339
1914
1363
380
-1369
-2232
-3366
-4110
-4589
-5176
-4669
-4613
-4270
-3538
-3047
-2000
-1649
-1215
-34
922
3574
5492
7428
8184
7560
7992
7108
6038
3644
637
-258
-1962
-2542
-3125
-3764
-2893
-3839
-3006
-2159
-1660
-1659
-3878
-4682
-5640
-6788
-7840
-8874
-7902
-6663
-4991
-2500
594
4000
6408
8303
10070
11507
11515
10422
8564
6640
4723
2357
853
-396
-982
-1547
-1814
-1010
86
1013
967
465
207
-99
-879
-2241
-3259
-3710
-3706
-3451
-2479
-467
1364
2592
3005
3808
4373
4274
2865
1139
-485
-2307
-3811
-5275
-5570
-5766
-5541
-4696
-3217
-913
481
1730
2108
2334
2324
1842
1694
824
475
-336
-49
436
717
1383
866
1346
1257
1135
1125
-234
-604
-1685
-1746
-2389
-2678
-2531
-3027
-2318
-3311
-2062
-1657
-1603
-1272
-2175
-229
1573
4785
7916
9584
10553
8896
8470
6028
3248
-1648
-7125
-9080
-11571
-10856
-11380
-10327
-8022
-7205
-3537
-1711
1299
1679
-400
-637
-2873
-2780
-4818
-5836
-4466
-3570
393
3140
7673
11243
12710
13996
13195
13268
11161
8142
4840
1144
-492
-2251
-2369
-2056
-1849
-1040
-1147
-424
-193
-469
-1609
-3232
-4310
-4857
-4712
-4495
-3283
-1917
-20
1968
4009
6114
6542
5562
3391
1442
86
-1679
-3137
-4606
-4637
-4094
-2830
-1155
188
1266
831
709
316
478
226
-690
-1027
-1061
185
1686
3278
4471
4692
4359
3108
1673
-489
-3251
-5899
-8356
-9030
-8779
-7314
-5358
-3524
-1149
340
1703
1749
1087
536
-1105
-1736
-2851
-3100
-1540
359
6034
11544
15878
17403
15092
13644
9794
3971
-4411
-12756
-16954
-19559
-18947
-17317
-13346
-8055
-4837
58
3395
6572
6447
2054
-762
-4649
-6447
-8720
-9724
-6897
-3590
2144
7217
13037
17248
17687
16467
12930
10024
5575
624
-2919
-5126
-4218
-2532
995
5138
8050
9395
8228
6950
4943
1444
-2754
-6877
-8874
-9021
-8582
-6460
-3336
-25
2489
3319
4295
4489
2702
-918
-5216
-7768
-9204
-9793
-9344
-7488
-3888
-1407
733
2113
2748
2748
286
-2037
-3324
-3058
-1619
-122
2139
4789
7670
9825
10819
10471
8117
4818
448
-3470
-6447
-9304
-10023
-10100
-8312
-5518
-3154
150
1849
3682
4256
3961
3398
1170
-564
-2514
-2713
-781
2959
10085
13919
16152
13910
10216
8068
338
-6317
-15303
-18993
-18512
-17345
-12221
-8604
-3342
-1142
897
3591
4376
3583
-2075
-6085
-8109
-8865
-7201
-6609
-2631
1908
6283
11564
13683
15053
11847
6481
1870
-2181
-3702
-5159
-4751
-2243
1597
6612
10921
14247
15053
12214
7814
2985
317
-2880
-5895
-7080
-7727
-4751
-3523
-1765
257
-327
-190
-2872
-3040
-1624
-1977
-1308
-3364
-1464
199
1944
3331
1141
2063
-1911
-3573
-5432
-7580
-6853
-9399
-8792
-6790
-2190
2916
5713
7288
7202
6429
4741
2977
603
-1393
-3611
-5234
-5407
-4091
-1003
409
2194
2353
2372
3825
2868
3255
677
-1375
-2628
-2384
461
216
3801
9073
18120
23276
19755
14871
7917
2612
-7090
-18878
-23408
-23867
-20402
-16027
-9750
-653
4186
5139
3107
3585
3109
-1038
-6500
-10645
-9392
-8940
-7091
-3977
599
6397
7960
8268
7542
5302
1645
-4006
-7267
-7894
-6493
-2949
1319
6886
11177
13618
14451
13738
10947
5760
1270
-1500
-2883
-3398
-2508
908
4384
6022
5391
4473
3808
460
-4924
-9138
-9478
-7569
-6335
-5298
-2001
2236
4771
3915
2393
2924
2563
-627
-4468
-6158
-4891
-3221
-3945
-3378
-1683
1553
3725
4102
5332
4315
3152
370
-2169
-2242
-4101
-5004
-7819
-8809
-6119
-5781
-1873
-1421
710
2341
74
3016
1187
3271
1478
-2074
1062
264
9754
17456
23678
25969
15001
11602
4376
-608
-9895
-23733
-23943
-24034
-15710
-9798
-5141
2494
-1194
-1578
-2741
-2561
-368
-8882
-11564
-11292
-7259
35
839
6420
9556
11686
12208
9183
7999
3205
-2193
-7130
-8412
-4393
-450
3190
5608
7616
9717
10111
9405
6413
2439
-1715
-3246
-1655
350
3399
4831
5934
5013
1641
-754
-3384
-5835
-8732
-9902
-5714
444
5354
6790
5505
5774
3458
468
-3540
-5900
-5243
-6648
-5038
-3389
409
2716
303
-571
-938
575
1011
-12
945
1413
1663
1488
1247
1507
-194
-3670
-7341
-8093
-7386
-5279
-4114
-2120
851
3005
4596
2705
1294
-1957
-3246
-871
6612
17717
21852
18039
10456
5387
2322
-6135
-17596
-24674
-23333
-16293
-9902
-3016
1676
3350
-407
-2752
-1143
422
-520
-7310
-7929
-4853
956
5653
6081
8249
7703
7164
6869
4514
1782
-3300
-7991
-8299
-5337
-19
4039
6059
5960
6000
6775
8298
7774
3368
-483
-2134
156
4118
7682
9473
10561
8914
6279
2884
-1863
-6401
-13514
-16635
-13770
-7492
492
2452
3689
3976
3392
1563
-3798
-4805
-6323
-4269
-3459
-1499
3420
3999
3570
-455
-1523
447
1086
2815
4362
5330
5938
3999
1123
-1322
-5967
-10986
-15031
-17687
-14733
-13210
-8530
-1885
2377
7935
6210
5146
2374
93
2713
6338
19950
28442
30881
24079
11314
7621
-4874
-15101
-26209
-30768
-19976
-15646
-6170
-1777
-964
-387
-8862
-9653
-9414
-7795
-7065
-9852
-4555
184
5896
8544
8294
10649
9154
9493
8021
5608
4992
2066
1354
1085
1288
3045
2444
983
-603
-1151
1673
4580
5279
5119
5631
6353
7102
5049
4524
6764
7058
8956
6411
4359
1580
-5979
-10187
-14494
-12806
-10036
-10749
-7490
-6571
-1835
-873
-2700
-1358
-3018
1107
18
2083
3043
649
1870
-3136
-866
-14
358
5753
7187
12256
12563
8065
5079
-1468
-6132
-11809
-16523
-17724
-16778
-13939
-10421
-4349
-1065
1985
1065
-843
-701
-1609
3214
10302
22209
29840
26097
16589
5830
1573
-5971
-15502
-22177
-20370
-8621
-1789
2702
1829
-2487
-8911
-14893
-14489
-9714
-3928
-3679
1026
5060
9509
11325
3648
476
-3152
-3692
960
2093
6428
9690
9039
9592
6241
4119
1462
-4271
-8724
-10247
-6264
46
6045
7867
9227
9249
8123
7548
4785
3919
5706
7046
8828
9693
7518
6076
-272
-7104
-10447
-12520
-9028
-7044
-6291
-3556
-3601
-3247
-4762
-5127
-3337
-2828
-1697
-2184
1229
2138
2192
1186
-1577
804
2106
6048
9732
10558
9951
5502
687
-3748
-8575
-13943
-17259
-18727
-18585
-14711
-11647
-5283
-1689
-1354
2041
3814
11907
21445
28585
30683
21202
8593
605
-3583
-8326
-14014
-17395
-11428
-2265
1501
1729
-3862
-12744
-22544
-28009
-24495
-12698
-3443
1214
6701
8167
12695
10438
2762
-1106
-4882
-788
4780
8519
13940
15474
13789
9717
2917
136
-1486
-4388
-4969
-3507
2313
9060
9789
7114
3189
-495
-1803
-2845
-1335
6025
13269
15081
13852
8667
5374
1633
-6263
-9583
-9942
-4446
1728
3281
3877
-432
-4847
-11842
-15874
-15007
-11353
-4894
-3021
2308
4783
6531
5324
-2754
-4242
-2224
4347
12108
15288
16090
14251
9767
3065
-3832
-11470
-16874
-19434
-20512
-15753
-11046
-7306
-6179
-10175
-7314
-872
12016
27038
29596
25396
12840
5878
2559
-5936
-14250
-24710
-17419
-6399
1981
7083
-4510
-11317
-24447
-30351
-23306
-19216
-7215
-6380
-1765
5685
8302
13713
5312
213
-1587
2723
14864
20845
24317
21073
15770
9821
3833
1067
-2139
-5007
-6764
-3896
2281
8191
7910
1573
-5643
-10470
-8758
-5027
-778
6446
14247
17415
17480
12886
7987
3778
-2665
-5238
-4933
1882
9001
9476
6087
-2447
-8808
-14242
-17317
-15702
-13147
-6259
-3040
108
-131
-3375
-3990
-9618
-8411
-1769
8283
21920
26268
24761
19056
10376
4344
-3940
-11335
-14754
-16225
-11743
-9892
-10551
-11174
-15310
-14876
-12885
-3818
10207
21543
24299
14856
8530
3262
-282
-4652
-12864
-10113
-1225
4821
6922
-535
-7984
-16406
-22407
-22240
-19645
-10748
-10323
-7917
-6032
-7594
-4417
-8154
-6815
-3270
1997
12741
18747
23753
22075
17067
13174
8175
7654
7142
6951
7866
8620
9711
8889
5902
-286
-6696
-11470
-13586
-9784
-4264
3937
11294
13103
11575
4363
-1581
-3984
-4245
-894
718
4946
10286
10862
8893
-294
-7929
-12656
-13857
-9997
-5400
2267
3644
1695
-3970
-10322
-10793
-11884
-9064
-4862
3051
14577
20167
21699
14486
6138
2208
-1667
-198
449
-86
977
-2848
-5510
-9116
-14068
-16284
-17340
-9144
4586
16644
19622
11446
2175
-3659
-7541
-9747
-10485
-5202
3022
7402
8359
2940
-4422
-16051
-23468
-23486
-18114
-8395
-4984
-594
-1085
-5840
-12175
-20917
-19142
-12317
-1949
8337
13516
20146
21510
18699
12909
5388
4489
7276
12656
18656
21659
22251
18134
9972
1122
-6879
-11838
-13797
-10046
-2234
5786
9869
7484
3860
-470
-3699
-4581
-3566
2420
7476
9260
8241
3440
-1153
-8289
-13493
-15114
-12365
-6243
-1765
2604
3324
1273
-4063
-9486
-10488
-7584
-1029
4375
9278
13343
13629
11607
5409
-980
-4493
-5184
-1383
2704
5739
5480
1235
-4101
-10317
-14349
-14323
-10173
-326
11055
18458
18091
9408
-1310
-8606
-11742
-9930
-5137
2052
9075
12288
10494
2042
-9210
-22427
-27147
-23878
-14281
-1944
1733
3329
-2619
-11038
-19820
-28699
-26497
-18664
-4221
8671
14431
18283
16737
13751
8159
1800
2268
8988
18899
27131
30048
27277
20651
10437
901
-6003
-10303
-10598
-9043
-3844
2119
3872
584
-6241
-11010
-10459
-5875
1013
9201
15106
17782
15246
8184
1038
-5180
-7408
-7828
-7156
-4058
-1316
-620
-3841
-10055
-14415
-14437
-10796
-4620
1899
6956
9910
10273
7784
4633
634
-2362
-2229
800
6488
10784
10329
5348
-2663
-8117
-10560
-10906
-8948
-3505
7720
18028
19508
9520
-4554
-13468
-13704
-9625
-4015
1068
5139
7365
5568
751
-7387
-17409
-22500
-20382
-10918
812
5237
4134
-4454
-13671
-19937
-22785
-18268
-11044
-142
9190
12180
9539
3171
-1718
-3382
-2825
1004
9571
20061
28346
29393
23407
14645
6439
2104
1558
2980
5589
7789
8801
7996
3048
-5261
-13694
-19319
-18110
-10930
-2160
5266
7696
7296
5494
1719
-2715
-6417
-5731
-519
5106
7170
4562
396
-3748
-7487
-11133
-12433
-8227
-516
7078
9887
8143
4384
265
-2661
-4105
-4120
-1079
3214
7308
10000
8559
4547
-2473
-9304
-11720
-8872
-2734
4113
9338
12939
12015
3613
-8253
-17776
-17745
-8756
2332
9676
11227
9497
6709
1983
-4435
-12382
-15057
-11898
-5109
2245
3444
270
-8143
-17750
-24827
-26328
-21414
-12273
-1126
6549
8944
4481
-2341
-5950
-4346
1846
8178
14619
20280
24905
25554
20686
12871
5329
3344
4383
8508
11417
11301
9061
3288
-1535
-7267
-11480
-12974
-11446
-5814
-297
4189
4882
2039
-2125
-6375
-8197
-8132
-5452
-1605
2432
4759
3376
-672
-5943
-9025
-9019
-6972
-3647
1478
6367
9797
10107
7332
4729
2466
1114
-212
-4
2360
5167
7262
5922
2131
-3845
-8957
-10696
-8648
-3229
2171
6707
8078
7142
3698
-2207
-8838
-13536
-12956
-7708
-41
5415
6173
3370
-930
-4683
-6506
-6699
-4586
-1082
2254
5789
6937
4972
251
-7164
-12446
-14184
-11241
-4422
458
2508
-192
-5557
-9112
-10063
-7475
-4247
-1675
1835
6112
10266
11674
9495
5655
3379
4461
7327
10403
11392
10846
9181
7211
5566
2860
-821
-4307
-4475
-1465
3484
7308
7398
5472
2555
1088
678
713
1424
1853
2272
1738
5
-3907
-8410
-11545
-13080
-12476
-10146
-6946
-4297
-3806
-4523
-4490
-3663
-1933
-903
-109
1514
3691
6453
8383
8138
5513
1208
-2372
-2331
-337
2269
3951
3382
2947
2430
2546
2216
-977
-4486
-6726
-5939
-1135
3805
6758
6918
4947
4188
4199
2993
-142
-4745
-6907
-3861
1554
4562
2364
-2754
-7213
-9165
-8204
-6692
-5466
-5201
-5028
-3997
-3689
-3255
-3774
-4683
-5331
-6044
-4737
-3213
-1167
889
1231
1553
1099
575
1014
1494
2097
2288
2512
4308
6914
7957
7644
6627
5983
6862
7816
8796
8741
8092
8129
8298
8697
8098
6256
3505
931
-545
-1777
-2408
-2851
-2799
-2843
-4509
-6156
-8580
-10543
-10612
-9635
-6789
-4589
-3511
-3600
-4764
-4851
-4635
-3836
-3119
-2523
-1090
721
2348
3360
3513
3486
3698
2806
1382
229
355
1486
2773
3012
2262
1547
1361
1814
1908
1888
1894
2831
3528
4134
3584
1362
-349
-1737
-1975
-2764
-4662
-6350
-6722
-5405
-4116
-4792
-7642
-10324
-11278
-8742
-4049
31
2077
1557
1061
1385
2346
2923
2501
2294
3499
5835
7688
8127
5823
3122
1563
1735
3110
2898
2488
3205
5229
7379
7580
5835
3505
1892
1780
2482
3744
4485
3848
3435
2200
284
-2550
-5815
-6189
-4400
-2288
-924
-1586
-3308
-5301
-8208
-10519
-11208
-9729
-6411
-3858
-3094
-3818
-4857
-4243
-3248
-3311
-4710
-5850
-3596
1157
6798
9097
6930
2577
-783
-437
2123
4879
5411
5222
5144
5779
6169
4615
2158
-381
-814
853
2672
2552
296
-2080
-3304
-3608
-3746
-4593
-5424
-5465
-4906
-3298
-2800
-4517
-7465
-9806
-8649
-5407
-1671
1654
3720
4724
4087
3235
3197
4178
5209
6124
7014
7784
8478
8352
8225
6809
4365
2026
1083
2694
5005
6764
7042
6165
4919
3617
2556
1450
374
-114
189
1723
3144
2967
1402
-1842
-4750
-6863
-8236
-8029
-7174
-5480
-4372
-4531
-5702
-7384
-9120
-10352
-10191
-8634
-5856
-4221
-3837
-4816
-5819
-5689
-5328
-4295
-3483
-1448
1556
4686
6977
6199
4001
1136
-267
1469
3674
5858
5897
3902
2259
1318
1989
2604
2262
1654
2402
4079
4635
3206
779
-713
-1335
-1552
-2052
-1816
-1618
-1895
-2120
-3521
-4935
-6821
-8231
-7632
-5830
-2662
232
1541
1134
-33
-713
-530
25
1017
3397
6522
9612
11309
11531
10878
9736
8506
7197
6337
6135
6901
7882
8259
7474
5908
4178
2391
1099
4
-463
-529
-482
250
748
532
-1101
-3760
-5819
-6900
-6924
-6819
-6730
-6580
-6578
-7061
-8559
-10353
-11443
-11254
-10107
-8456
-7005
-6114
-6185
-6975
-7314
-6824
-6000
-5173
-3892
-1821
1175
3322
3796
2646
768
272
1797
4426
6230
6971
6827
6562
6157
5350
4805
4388
3911
4281
5661
6744
6585
4538
2405
861
-129
-783
-1485
-1817
-2336
-2050
-1739
-2298
-3862
-5654
-5824
-4750
-3338
-2579
-1823
-1011
-193
576
480
230
-339
-438
396
1714
3397
4559
5231
5706
6216
6383
5823
4801
4319
5077
6400
7824
8567
8744
8043
6312
4440
2054
150
-896
-1011
114
863
890
305
-1050
-2613
-4197
-4977
-4687
-4298
-4031
-4467
-5437
-7030
-9368
-10990
-11773
-11412
-10142
-8829
-7832
-7988
-8667
-8930
-8764
-8316
-8046
-7211
-4745
-1213
2711
6019
7529
7391
6003
3880
2983
3339
4313
5966
6670
7081
6999
6298
5687
4657
4003
3304
3401
4082
4804
5537
4771
3138
835
-1164
-1659
-1134
-416
-208
-693
-1869
-3755
-6129
-7498
-7417
-6374
-5155
-4092
-2433
-748
420
877
458
-99
-528
-218
1470
3487
5486
6944
7265
7183
6435
5751
5982
6306
7002
7875
8459
8654
7533
5329
2618
275
-1181
-2097
-2256
-1945
-1230
-191
-222
-1760
-3928
-6076
-6651
-5481
-3559
-1730
-1329
-2448
-4374
-6184
-7794
-8957
-9484
-9241
-8139
-7246
-7071
-7709
-8560
-9120
-9210
-9213
-8651
-7108
-5270
-2563
-343
1776
4214
5217
5844
5761
5460
6599
8191
9297
9403
8185
6849
6496
6260
6029
5502
4584
3994
3954
4679
4565
3346
1341
-785
-1097
-872
-401
258
-295
-1129
-2197
-3350
-3851
-4160
-4036
-3711
-3768
-4039
-4031
-3350
-2576
-2309
-2561
-2554
-1645
-216
1282
2216
2482
2642
3205
4386
6038
7547
8302
8679
9009
9542
9833
8943
7108
5305
4193
3289
2163
367
-1723
-3178
-3880
-3682
-3381
-3762
-4422
-4342
-3487
-2497
-2172
-3424
-5399
-7074
-7393
-5923
-4352
-3877
-4593
-5795
-6815
-7883
-8579
-8781
-8531
-8001
-8021
-7651
-6865
-6070
-5077
-4890
-4541
-3304
-1085
1850
4222
6070
7078
7295
6599
5292
4980
5733
7125
8916
10079
9989
8572
6237
4520
3672
2965
2288
2144
2503
2919
3268
2938
2182
501
-1777
-2991
-2891
-1523
-251
56
-872
-2840
-4669
-5687
-5166
-3812
-2458
-1450
-875
-456
-186
-292
-691
-937
-1160
-671
597
2870
5464
6848
6937
6070
5831
5843
5771
5617
5236
5418
5380
4967
3999
2270
-2
-1949
-2945
-3181
-2676
-2010
-1172
-679
-1126
-2278
-3645
-4986
-6222
-6434
-5330
-3618
-2394
-2802
-4335
-5929
-7512
-8437
-8812
-8716
-8023
-7272
-6377
-5847
-5771
-6127
-6449
-6089
-5151
-3471
-1604
16
1380
1921
1784
1769
2230
4111
6663
8518
9216
8414
7356
6876
7146
7458
7420
6805
6013
5593
5228
5125
4359
3186
2083
1569
1651
1331
833
552
705
771
144
-1171
-2186
-2973
-3036
-2336
-2160
-2332
-3631
-4711
-4697
-4456
-3827
-3704
-3535
-2766
-1687
-237
870
1190
1063
945
1410
2552
3752
4676
5091
5172
5308
5079
4380
3497
2908
3128
3269
2940
2282
1492
973
358
-287
-760
-1048
-1124
-1082
-1278
-1714
-2406
-3118
-3808
-4686
-5232
-5341
-5018
-5005
-5575
-6419
-7075
-7465
-7827
-7876
-7917
-7389
-6547
-5447
-4021
-3098
-2558
-2666
-2872
-2423
-1351
40
1252
1997
2391
2794
3332
4553
5956
7027
7718
8000
8336
8223
7765
7171
6853
6606
6271
6112
5600
4898
3530
2491
2051
1717
1406
774
471
122
-85
-150
-103
-423
-1380
-2331
-3037
-3168
-3537
-3971
-4546
-5188
-5416
-5427
-4827
-4332
-4054
-3948
-3673
-2655
-1416
-421
-337
-714
-816
-381
281
842
1516
2346
3266
3622
3475
2997
2628
2862
3364
3907
4070
4003
4102
4175
3906
3230
2159
1212
671
501
576
221
-641
-1964
-3544
-5016
-5851
-5753
-5218
-5023
-5411
-5678
-5572
-5318
-5290
-5591
-5584
-5183
-4458
-3455
-2748
-1963
-1169
-648
-426
-771
-796
-152
839
1879
2727
3203
3437
3482
4039
5234
6100
6499
6134
6056
6267
6188
5748
4825
4205
4004
4271
4247
3920
3205
2578
2511
2272
1799
644
-386
-773
-388
-48
-493
-1516
-2949
-3828
-4422
-4524
-4339
-4290
-4581
-5203
-5596
-5803
-5692
-5654
-5464
-5205
-5025
-4763
-4260
-3476
-2643
-1816
-1483
-1468
-1797
-1717
-746
538
1629
2224
2848
3514
4231
4621
4728
4724
4680
5047
5559
5816
5396
4525
3458
2557
1824
1313
1091
817
615
307
9
-528
-1068
-1423
-1895
-2376
-3086
-3540
-3534
-3409
-3282
-3267
-3442
-3429
-3080
-2805
-2655
-2619
-2266
-1368
-418
200
689
1326
2024
2729
3143
3234
3109
2831
2729
2931
3240
3375
3275
3193
3178
3331
3423
3297
3427
3633
3697
3054
1817
685
346
853
1498
2133
1896
956
-122
-755
-786
-975
-1797
-2897
-3329
-3272
-2713
-2616
-3452
-4832
-6391
-7249
-7554
-7529
-7425
-7040
-6704
-6718
-6866
-6940
-6372
-5509
-4510
-3523
-2683
-1921
-1242
-577
-58
353
744
1405
2320
3322
4139
4415
4281
4093
4355
4853
5072
5056
5241
6008
6886
7332
7131
6448
5587
4702
4255
4159
4146
3781
2935
2095
1389
902
266
-595
-1433
-1844
-1547
-1054
-768
-1073
-1702
-2141
-2258
-1916
-1424
-1096
-1009
-1080
-1067
-911
-869
-1067
-1367
-1534
-1421
-1004
-466
-77
161
54
-188
-514
-1006
-1190
-1298
-1140
-814
-391
423
983
1343
1220
1034
1311
1536
1588
937
336
252
548
815
382
-375
-1461
-2274
-2565
-2504
-2480
-3033
-3713
-3856
-3387
-2949
-2959
-3458
-3831
-3949
-3920
-4006
-4421
-4753
-4902
-4473
-3998
-3692
-3697
-4102
-4188
-4009
-3054
-1773
-765
-167
-50
368
1229
2588
3896
4679
5124
5661
6636
7567
7992
7859
7580
7317
7201
7362
7903
8485
8459
7848
6832
6048
5442
5019
4833
4614
4523
4235
3809
2940
1625
331
-628
-905
-1046
-1221
-1458
-1861
-2361
-3169
-4186
-5269
-6284
-6879
-6923
-6497
-6033
-5925
-6064
-6363
-6405
-6238
-6054
-5629
-5004
-3880
-2734
-1919
-1468
-1525
-1771
-2224
-2249
-1685
-896
-101
292
502
404
-24
-321
-430
-344
-137
101
741
1564
2289
2567
2176
1725
1434
1755
2132
2463
2928
3306
3816
3874
3719
3227
2393
1446
598
159
-253
-622
-1268
-2352
-3821
-5245
-5911
-5653
-5001
-4486
-4084
-3877
-3634
-3410
-3070
-2534
-1882
-974
116
1373
2318
2937
3183
3186
3244
3333
3845
4593
5651
6837
7761
8199
7881
7420
7195
7443
8080
8654
8993
8809
8307
7841
7414
6741
5472
3804
2225
1111
485
-46
-894
-2250
-3919
-5467
-6735
-7702
-8438
-9045
-9562
-10060
-10419
-10682
-10948
-11264
-11462
-11303
-10913
-10384
-9859
-9291
-8679
-8065
-7440
-6884
-6295
-5457
-4128
-2533
-1050
-18
661
1301
2096
3226
4497
5637
6388
6875
7375
8015
8543
8754
8580
8196
7961
7843
7815
7394
6685
5873
5200
4808
4284
3740
2904
2102
1423
932
548
-128
-862
-1721
-2317
-2648
-2600
-2326
-2235
-2338
-2601
-2746
-2994
-3291
-3635
-3860
-3922
-3820
-3411
-2950
-2602
-2643
-2721
-2635
-2215
-1394
-400
704
1530
2316
3073
3816
4411
4748
5139
5510
6025
6377
6454
6076
5298
4610
4101
3863
3512
3186
2931
2683
2342
1715
997
116
-729
-1508
-2221
-2913
-3711
-4467
-5239
-6063
-6934
-7703
-8242
-8575
-8756
-8825
-8876
-9023
-9141
-9118
-8820
-8356
-7813
-7128
-6352
-5386
-4339
-3260
-2290
-1435
-488
565
1723
2726
3624
4475
5221
5888
6404
6904
7284
7453
7406
7185
7055
7146
7440
7551
7163
6403
5641
5170
4883
4599
4216
3792
3349
2821
2098
1105
99
-636
-915
-939
-925
-1015
-1270
-1530
-1718
-1661
-1599
-1674
-1740
-1583
-1055
-480
12
272
193
-155
-499
-455
-146
135
234
277
283
79
-336
-914
-1539
-2114
-2421
-2363
-2118
-2053
-2383
-2852
-3222
-3365
-3478
-3726
-3928
-3876
-3475
-3016
-2736
-2614
-2465
-2271
-2146
-2076
-1953
-1569
-1030
-475
-69
70
52
29
211
520
761
847
916
1178
1608
2057
2291
2206
1952
1860
2074
2291
2157
1695
1256
1054
1006
955
884
781
559
276
39
-58
-76
-183
-367
-433
-211
301
890
1265
1352
1165
799
412
86
-10
176
573
1104
1546
1765
1757
1612
1564
1732
2083
2476
2678
2603
2428
2321
2324
2286
2131
2014
1970
1960
1841
1622
1384
993
424
-268
-796
-1029
-1177
-1404
-1754
-2016
-2169
-2391
-2701
-2984
-2983
-2781
-2691
-2893
-3347
-3753
-3929
-3811
-3485
-3108
-2757
-2531
-2367
-2257
-2179
-2114
-2178
-2309
-2448
-2373
-1983
-1503
-1248
-1526
-2106
-2610
-2818
-2690
-2448
-2072
-1659
-1301
-991
-711
-337
3
248
453
812
1443
2134
2775
3217
3519
3651
3555
3414
3318
3526
3913
4388
4878
5254
5591
5682
5626
5399
5024
4617
4143
3846
3646
3542
3361
2866
2180
1341
724
350
117
26
-34
-18
-315
-1045
-1973
-2669
-2748
-2556
-2390
-2526
-2903
-3270
-3595
-3686
-3655
-3593
-3603
-3663
-3467
-3014
-2399
-1934
-1730
-1613
-1469
-1137
-743
-337
31
287
510
572
556
527
574
816
1046
1110
896
556
339
228
111
-169
-566
-927
-1143
-1179
-1135
-1139
-1362
-1816
-2378
-2808
-2911
-2760
-2483
-2279
-2189
-2093
-1906
-1523
-1079
-666
-316
1
406
866
1303
1629
1856
2053
2299
2586
2859
3090
3204
3246
3291
3389
3554
3623
3476
3106
2619
2196
1855
1500
1032
444
-112
-546
-859
-1100
-1307
-1415
-1397
-1312
-1285
-1376
-1500
-1561
-1508
-1383
-1222
-1046
-882
-771
-746
-728
-663
-505
-273
-2
340
690
1037
1338
1564
1731
1798
1841
1958
2174
2393
2439
2281
2043
1848
1719
1523
1203
839
529
327
113
-145
-445
-714
-957
-1260
-1578
-1869
-1998
-2029
-2024
-2002
-1983
-1891
-1896
-2048
-2372
-2711
-2811
-2661
-2324
-2067
-2009
-2106
-2214
-2190
-2023
-1734
-1416
-1119
-915
-829
-816
-793
-676
-504
-361
-271
-160
54
371
695
966
1214
1469
1748
1936
1978
1889
1781
1783
1869
1963
1924
1779
1594
1486
1486
1493
1480
1401
1420
1585
1880
2170
2251
2134
1840
1615
1552
1686
1865
1838
1567
1056
527
94
-197
-437
-765
-1190
-1652
-1983
-2135
-2131
-2150
-2319
-2621
-2947
-3157
-3247
-3272
-3311
-3302
-3171
-2889
-2550
-2339
-2341
-2499
-2578
-2378
-1849
-1139
-443
140
630
1145
1695
2246
2733
3150
3531
3871
4132
4254
4295
4322
4404
4498
4518
4401
4144
3875
3626
3433
3214
2891
2407
1754
1068
438
-51
-483
-993
-1668
-2450
-3147
-3602
-3772
-3812
-3868
-4007
-4159
-4237
-4247
-4256
-4377
-4579
-4756
-4746
-4479
-4087
-3746
-3567
-3487
-3330
-2926
-2286
-1540
-849
-261
325
966
1643
2229
2608
2789
2857
2942
3062
3154
3147
3028
2880
2788
2725
2602
2321
1921
1587
1478
1622
1850
1925
1761
1436
1103
861
666
481
328
290
450
664
713
439
-80
-507
-613
-386
-58
74
-60
-347
-574
-646
-621
-570
-518
-416
-216
-22
65
-10
-202
-295
-207
59
320
367
190
-103
-286
-264
-143
-113
-255
-482
-597
-512
-359
-312
-511
-844
-1125
-1225
-1157
-1102
-1118
-1193
-1212
-1132
-1037
-993
-1056
-1126
-1108
-968
-778
-652
-635
-655
-617
-497
-326
-215
-186
-203
-204
-101
82
320
566
742
855
880
851
824
804
833
895
967
1010
987
890
741
592
487
470
527
630
718
741
692
557
394
281
285
408
573
644
531
274
-48
-284
-392
-401
-357
-354
-408
-510
-605
-628
-524
-303
-51
152
232
258
345
551
858
1131
1295
1350
1374
1460
1608
1696
1633
1438
1232
1163
1223
1307
1254
994
640
332
139
29
-130
-395
-735
-1093
-1401
-1647
-1879
-2136
-2418
-2721
-2997
-3218
-3355
-3358
-3268
-3147
-3087
-3150
-3291
-3394
-3325
-3034
-2626
-2296
-2144
-2118
-2061
-1790
-1282
-661
-95
291
577
890
1319
1861
2366
2718
2889
2983
3135
3373
3596
3694
3631
3474
3358
3345
3405
3409
3249
2947
2578
2260
2027
1838
1653
1398
1058
642
169
-265
-587
-757
-828
-933
-1157
-1481
-1779
-1931
-1902
-1785
-1716
-1742
-1790
-1723
-1474
-1111
-778
-577
-488
-405
-233
44
372
682
925
1089
1153
1141
1110
1088
1101
1133
1153
1159
1134
1073
971
805
605
377
157
-22
-156
-259
-397
-648
-1039
-1469
-1818
-2028
-2154
-2309
-2530
-2762
-2917
-2937
-2866
-2772
-2700
-2662
-2627
-2560
-2444
-2262
-2020
-1739
-1429
-1117
-832
-610
-443
-266
6
367
749
1078
1304
1469
1647
1851
2032
2139
2171
2207
2291
2407
2490
2456
2319
2170
2106
2151
2208
2173
1995
1730
1501
1381
1353
1322
1187
935
635
376
210
123
61
-21
-112
-194
-249
-266
-256
-220
-156
-94
-45
3
60
175
336
485
560
530
432
347
332
359
377
335
232
108
-11
-139
-303
-497
-690
-844
-971
-1088
-1203
-1324
-1432
-1561
-1746
-1970
-2167
-2228
-2145
-2023
-2006
-2161
-2390
-2527
-2473
-2286
-2103
-2031
-2052
-2057
-1978
-1803
-1584
-1384
-1192
-999
-788
-557
-320
-63
215
514
810
1074
1304
1517
1728
1943
2148
2327
2472
2580
2657
2703
2722
2716
2693
2664
2617
2557
2476
2369
2242
2082
1886
1671
1461
1293
1149
993
802
551
265
-12
-242
-410
-543
-668
-812
-974
-1128
-1254
-1333
-1359
-1348
-1314
-1274
-1241
-1194
-1121
-1003
-865
-746
-662
-623
-592
-522
-401
-252
-141
-106
-131
-168
-176
-138
-93
-75
-99
-149
-185
-204
-205
-226
-256
-293
-316
-307
-300
-320
-394
-486
-545
-531
-448
-373
-382
-504
-697
-872
-977
-981
-933
-909
-961
-1070
-1173
-1213
-1176
-1119
-1089
-1103
-1102
-1019
-845
-609
-388
-240
-143
-49
114
350
615
864
1060
1234
1420
1646
1870
2055
2155
2184
2205
2258
2391
2540
2642
2652
2535
2370
2203
2075
2000
1939
1866
1742
1577
1373
1151
919
663
415
171
-38
-197
-326
-461
-661
-914
-1209
-1465
-1633
-1707
-1697
-1697
-1731
-1809
-1896
-1942
-1946
-1915
-1884
-1860
-1824
-1754
-1636
-1493
-1359
-1270
-1228
-1197
-1127
-983
-774
-559
-393
-297
-251
-205
-112
29
178
282
333
354
370
395
422
422
382
319
252
207
183
161
126
54
-33
-120
-180
-197
-185
-133
-87
-54
-47
-74
-96
-92
-58
-3
57
116
178
247
333
411
463
489
498
517
580
686
806
894
923
903
870
872
906
950
976
976
980
1023
1109
1207
1263
1235
1153
1063
1005
1000
1009
993
924
793
638
484
347
214
70
-75
-215
-323
-404
-487
-594
-737
-890
-1026
-1139
-1255
-1387
-1527
-1640
-1701
-1723
-1742
-1789
-1855
-1893
-1862
-1768
-1650
-1549
-1471
-1370
-1211
-990
-750
-556
-421
-295
-130
94
337
546
699
814
924
1051
1166
1225
1230
1203
1187
1196
1191
1141
1040
915
804
734
686
641
579
500
429
374
329
288
225
160
115
91
71
18
-70
-171
-261
-326
-372
-436
-517
-586
-619
-600
-566
-560
-598
-645
-648
-588
-468
-343
-253
-187
-131
-65
10
69
105
124
158
212
295
386
459
502
507
491
459
445
462
508
573
611
612
563
479
383
277
178
72
-29
-121
-208
-287
-380
-494
-630
-774
-907
-988
-999
-952
-862
-769
-718
-718
-750
-773
-751
-683
-555
-399
-238
-89
14
76
98
93
96
140
228
339
467
571
629
652
655
659
685
731
803
891
986
1085
1169
1217
1244
1237
1215
1200
1177
1142
1080
1010
924
817
688
524
337
141
-41
-191
-323
-449
-573
-686
-795
-898
-992
-1076
-1140
-1191
-1211
-1222
-1230
-1232
-1236
-1235
-1233
-1226
-1204
-1158
-1091
-1008
-925
-850
-781
-710
-628
-536
-432
-325
-233
-156
-89
-32
18
63
94
123
153
170
179
184
186
192
197
204
223
253
296
347
400
450
485
514
538
564
598
630
662
686
692
690
669
641
603
559
523
488
472
470
468
466
455
431
404
382
369
377
396
424
449
468
482
476
461
439
413
398
385
380
372
355
331
294
246
184
112
47
-4
-46
-86
-145
-231
-339
-455
-551
-619
-664
-699
-755
-828
-913
-998
-1060
-1092
-1095
-1094
-1094
-1091
-1085
-1061
-1036
-1017
-999
-984
-961
-923
-876
-813
-759
-720
-695
-692
-676
-633
-564
-464
-360
-267
-198
-141
-83
-7
103
229
368
509
638
751
844
926
999
1074
1150
1240
1334
1414
1478
1509
1517
1499
1463
1415
1368
1331
1281
1223
1142
1039
930
797
660
519
391
276
178
91
11
-65
-146
-230
-309
-372
-413
-429
-434
-433
-435
-442
-447
-446
-432
-419
-413
-409
-407
-402
-388
-369
-361
-371
-404
-445
-466
-479
-492
-509
-543
-590
-641
-690
-732
-782
-826
-866
-898
-924
-962
-1000
-1026
-1031
-1015
-995
-987
-985
-974
-928
-859
-772
-691
-638
-584
-511
-395
-253
-114
-8
67
148
263
411
571
722
847
948
1044
1155
1281
1399
1500
1575
1631
1675
1708
1744
1772
1781
1772
1740
1688
1614
1537
1464
1387
1291
1177
1049
906
764
626
493
348
193
35
-116
-249
-361
-452
-546
-650
-763
-864
-934
-985
-1011
-1030
-1065
-1102
-1128
-1128
-1098
-1050
-1005
-978
-954
-919
-865
-793
-735
-705
-693
-682
-664
-649
-649
-665
-699
-745
-783
-817
-851
-890
-944
-984
-1012
-1014
-1004
-998
-972
-927
-849
-760
-666
-549
-438
-299
-157
-12
151
298
460
606
743
873
989
1118
1219
1317
1386
1440
1479
1492
1506
1482
1473
1435
1382
1338
1259
1196
1111
1041
965
874
799
694
622
533
457
391
305
246
175
122
55
-1
-50
-108
-130
-170
-182
-199
-206
-187
-192
-161
-158
-133
-100
-88
-40
-28
18
39
61
86
70
91
58
49
24
-29
-60
-142
-196
-287
-372
-467
-586
-676
-814
-906
-1033
-1150
-1252
-1374
-1435
-1530
-1578
-1624
-1656
-1648
-1666
-1615
-1592
-1520
-1437
-1350
-1210
-1115
-959
-829
-674
-501
-354
-163
-20
165
313
466
620
735
885
978
1104
1193
1289
1391
1459
1550
1584
1638
1649
1661
1673
1648
1645
1585
1546
1474
1391
1311
1188
1095
944
821
683
537
422
247
129
-28
-143
-238
-359
-409
-514
-552
-607
-644
-633
-670
-625
-628
-577
-525
-505
-419
-398
-316
-260
-204
-121
-88
-4
26
72
103
110
146
132
155
136
120
90
24
-16
-97
-151
-233
-315
-388
-482
-539
-621
-682
-740
-794
-817
-856
-864
-867
-866
-849
-836
-805
-776
-742
-708
-678
-643
-614
-575
-538
-492
-441
-392
-331
-274
-207
-131
-59
21
96
177
266
355
450
540
625
700
763
820
873
920
957
983
998
1003
999
992
972
949
920
890
857
826
793
755
717
669
631
587
542
499
452
418
368
325
285
230
186
135
89
38
-13
-47
-84
-111
-132
-160
-192
-221
-242
-265
-295
-318
-347
-384
-423
-471
-522
-576
-638
-695
-746
-801
-849
-895
-942
-990
-1034
-1070
-1094
-1110
-1115
-1104
-1091
-1067
-1033
-990
-931
-863
-788
-703
-609
-515
-415
-318
-228
-137
-53
29
113
189
262
335
400
453
509
564
614
670
724
786
845
905
964
1019
1068
1113
1161
1199
1234
1261
1277
1284
1276
1253
1221
1177
1125
1060
986
907
815
713
607
491
376
259
141
29
-91
-204
-315
-428
-534
-641
-734
-819
-899
-970
-1031
-1068
-1093
-1113
-1119
-1115
-1090
-1057
-1014
-965
-896
-823
-753
-677
-611
-542
-479
-405
-326
-258
-179
-116
-63
-10
43
96
134
175
213
247
274
298
322
330
332
330
320
310
295
281
266
247
220
184
152
116
90
61
24
-2
-35
-65
-83
-104
-121
-136
-148
-151
-146
-132
-108
-85
-62
-25
10
53
92
136
182
215
252
281
308
331
342
350
351
348
337
318
294
269
241
207
175
144
103
68
34
4
-16
-35
-48
-62
-76
-81
-75
-64
-55
-40
-29
-19
-2
9
27
46
53
59
59
52
39
17
-5
-31
-64
-103
-144
-187
-232
-272
-311
-350
-392
-434
-463
-490
-503
-509
-506
-489
-470
-436
-399
-358
-304
-241
-174
-114
-44
33
106
176
239
300
362
421
485
531
565
598
620
641
640
623
610
594
562
520
467
406
360
304
246
193
127
75
25
-26
-66
-112
-139
-166
-194
-212
-231
-241
-252
-263
-269
-281
-279
-286
-298
-300
-314
-297
-290
-286
-267
-266
-234
-222
-206
-182
-178
-132
-112
-81
-54
-43
-8
-13
13
10
4
21
-6
19
8
4
5
-28
-16
-54
-58
-70
-98
-91
-128
-132
-152
-163
-148
-162
-142
-147
-134
-129
-138
-100
-93
-62
-40
-19
19
27
66
84
110
145
149
181
179
203
233
235
277
280
310
341
356
388
394
431
454
486
505
507
536
535
566
556
545
554
517
537
499
471
450
396
390
330
301
254
208
186
122
96
21
-31
-87
-165
-210
-294
-341
-406
-483
-543
-620
-672
-727
-773
-837
-868
-890
-910
-906
-942
-927
-914
-897
-855
-853
-809
-772
-730
-678
-655
-617
-590
-542
-510
-479
-433
-411
-368
-349
-319
-287
-269
-228
-207
-158
-120
-78
-18
24
93
142
203
259
312
383
429
492
538
589
632
669
710
724
760
775
794
809
802
806
797
803
794
781
767
741
726
687
662
624
587
555
497
462
411
371
326
269
226
162
124
75
25
-13
-60
-90
-131
-156
-189
-214
-229
-256
-271
-302
-315
-321
-333
-343
-359
-371
-379
-384
-388
-394
-409
-421
-422
-428
-429
-435
-435
-422
-422
-415
-409
-399
-384
-370
-348
-333
-312
-296
-276
-263
-251
-229
-216
-196
-177
-162
-143
-130
-119
-101
-87
-73
-57
-33
-11
14
40
62
92
117
147
171
191
218
236
252
271
289
304
309
314
317
314
311
302
298
300
296
289
283
277
271
266
261
266
272
269
263
262
261
257
256
256
256
248
239
228
205
184
158
132
102
70
32
-6
-38
-78
-109
-139
-174
-204
-235
-263
-286
-307
-322
-338
-359
-383
-408
-428
-442
-450
-461
-470
-471
-480
-484
-485
-487
-486
-478
-462
-441
-426
-406
-374
-346
-307
-270
-226
-175
-129
-72
-18
35
97
148
199
250
300
345
387
431
468
507
540
568
596
617
642
667
678
685
690
685
686
676
654
634
608
585
559
519
476
426
372
327
281
232
185
139
96
56
18
-16
-48
-73
-96
-122
-141
-156
-175
-186
-201
-212
-224
-243
-255
-274
-298
-323
-347
-371
-404
-437
-475
-513
-555
-596
-629
-668
-701
-730
-757
-776
-786
-789
-793
-787
-773
-753
-733
-710
-679
-653
-622
-591
-559
-525
-493
-455
-415
-371
-322
-270
-210
-146
-69
11
99
192
282
379
475
568
659
738
810
874
925
971
1004
1018
1026
1021
1015
1010
1000
984
961
935
907
880
849
816
784
741
700
660
615
568
514
459
400
346
294
235
174
117
65
12
-38
-92
-149
-202
-248
-287
-325
-353
-381
-400
-408
-421
-423
-423
-432
-429
-431
-437
-446
-458
-469
-490
-522
-564
-608
-648
-694
-740
-787
-825
-860
-892
-915
-940
-953
-951
-941
-913
-876
-829
-779
-719
-648
-574
-494
-416
-337
-254
-179
-104
-29
35
103
168
235
307
363
423
477
519
569
602
638
672
690
713
724
741
755
748
753
753
755
768
766
770
770
758
754
749
749
749
740
729
722
706
691
665
637
605
557
520
460
403
349
274
219
144
77
11
-79
-153
-236
-314
-386
-463
-520
-581
-637
-682
-733
-772
-801
-833
-847
-861
-868
-864
-875
-872
-867
-855
-837
-828
-804
-780
-755
-726
-695
-663
-625
-576
-523
-461
-399
-334
-275
-226
-172
-121
-64
-4
48
107
166
217
282
338
393
444
483
531
569
606
646
669
689
708
714
726
736
732
726
710
688
669
638
610
583
538
507
457
401
362
308
268
215
155
116
56
12
-36
-86
-112
-148
-174
-196
-227
-244
-267
-288
-298
-313
-311
-311
-310
-293
-289
-269
-246
-233
-209
-190
-170
-139
-119
-97
-80
-72
-58
-54
-42
-33
-32
-35
-43
-42
-49
-56
-55
-67
-78
-84
-94
-102
-115
-126
-141
-166
-179
-196
-208
-212
-223
-224
-221
-210
-192
-180
-161
-140
-117
-87
-63
-38
-14
2
26
46
69
94
102
117
128
133
151
159
161
172
178
188
195
195
194
193
194
192
183
178
176
165
161
156
147
149
144
140
130
116
105
88
73
61
43
28
15
-9
-24
-36
-54
-66
-76
-84
-84
-92
-95
-95
-100
-96
-94
-89
-86
-80
-67
-53
-39
-31
-23
-11
1
8
22
29
31
41
49
58
65
70
77
81
83
84
80
77
75
66
54
39
29
11
-9
-25
-47
-71
-92
-112
-128
-142
-164
-184
-198
-212
-216
-220
-227
-221
-209
-199
-187
-179
-158
-139
-120
-91
-63
-37
-6
19
42
73
90
104
125
137
157
159
161
165
158
157
149
144
142
136
131
124
114
108
106
96
89
90
82
81
75
64
60
51
45
38
26
28
28
27
26
18
22
28
23
25
26
26
28
18
13
10
2
-10
-33
-54
-65
-79
-94
-109
-127
-143
-159
-170
-177
-185
-190
-197
-192
-188
-176
-158
-149
-125
-104
-81
-56
-34
-12
12
31
40
55
71
81
89
94
102
106
103
99
96
91
80
70
65
52
49
40
32
26
17
21
24
34
44
43
33
31
33
36
37
36
36
34
34
33
26
25
20
10
9
5
3
3
2
3
6
9
6
1
-1
-3
-9
-15
-10
-1
0
-2
-2
-1
0
-5
-2
-1
1
-1
-3
-5
-12
-11
-21
-25
-33
-36
-37
-47
-48
-55
-59
-57
-54
-53
-54
-51
-50
-48
-43
-46
-38
-40
-35
-32
-34
-24
-23
-18
-15
-11
-7
0
6
16
24
24
30
32
35
36
33
35
35
32
35
36
33
32
31
27
23
21
22
24
18
16
14
7
13
10
12
17
11
9
9
9
5
-1
-5
-3
-1
-5
-7
-7
-9
-13
-14
-15
-14
-8
-2
1
6
12
7
7
10
8
6
7
13
15
13
12
8
10
7
1
5
0
-1
3
6
3
0
-3
-8
-10
-12
-14
-10
-13
-17
-18
-17
-10
-4
0
-1
0
4
12
5
-3
-5
-6
-5
-6
-11
-14
-14
-10
-4
-10
-8
-2
-2
5
6
11
10
10
11
6
5
6
4
2
2
0
-7
-8
-10
-6
-9
-8
-4
-6
-6
-7
-3
-1
-4
-1
-5
-1
1
1
2
-10
-10
-11
-13
-8
-3
0
-5
-7
-11
-8
-9
-4
-2
-6
-2
-6
-5
-4
-6
0
3
12
13
15
17
18
24
14
12
16
15
14
8
10
4
2
-2
-13
-15
-13
-8
-4
-2
5
4
3
5
11
23
24
22
20
15
24
22
22
21
19
17
11
13
14
9
8
6
12
14
12
11
3
-3
-8
-12
-10
-12
-16
-17
-14
-7
-7
-7
-8
-13
-15
-16
-20
-20
-16
-15
-11
-12
-8
-5
-7
-3
-6
-3
-2
-6
-14
-11
-11
-16
-13
-16
-23
-27
-31
-31
-31
-37
-38
-45
-47
-39
-32
-25
-22
-18
-18
-14
-13
-10
-13
-13
-4
1
10
8
5
6
3
0
1
5
7
8
6
3
1
0
7
17
27
42
48
52
57
65
71
76
85
87
90
92
87
81
77
77
65
58
46
28
13
-7
-23
-35
-34
-26
-21
-15
-18
-13
-12
-10
4
14
23
24
17
11
4
3
5
4
-1
-4
-9
-13
-19
-23
-25
-30
-29
-29
-21
-20
-22
-15
-19
-12
-9
-16
-12
-24
-37
-47
-70
-73
-82
-94
-90
-106
-106
-101
-111
-107
-110
-104
-84
-75
-57
-40
-29
-7
3
19
33
43
60
60
61
68
59
54
42
20
20
7
-6
-9
-27
-21
-27
-37
-21
-28
-10
9
11
40
39
51
69
63
81
82
80
94
83
86
88
77
88
78
75
86
74
75
67
64
75
67
70
68
57
64
50
46
44
25
25
9
0
-2
-20
-17
-28
-40
-35
-48
-47
-47
-63
-58
-60
-62
-52
-62
-62
-60
-72
-65
-79
-81
-78
-90
-82
-88
-90
-86
-88
-83
-82
-80
-86
-81
-77
-84
-71
-77
-68
-67
-73
-64
-73
-51
-47
-45
-27
-30
-15
-16
-7
3
0
27
23
30
40
34
54
53
61
71
65
86
80
81
98
91
110
113
121
130
121
144
141
147
151
140
155
145
145
131
116
118
97
97
79
70
72
49
55
46
48
54
43
60
45
39
37
17
18
-6
-14
-23
-52
-63
-100
-121
-140
-172
-186
-215
-228
-239
-259
-263
-284
-288
-283
-282
-273
-272
-266
-253
-243
-229
-213
-205
-188
-170
-154
-137
-129
-117
-101
-89
-68
-55
-38
-20
2
25
45
74
111
148
180
212
247
281
308
327
343
345
343
342
329
320
304
280
259
241
227
212
189
168
149
131
119
110
98
93
89
84
78
67
55
38
29
22
3
-18
-38
-54
-74
-95
-111
-125
-136
-144
-146
-139
-137
-138
-138
-134
-115
-101
-89
-72
-57
-43
-23
-18
-13
-14
-25
-22
-27
-35
-38
-54
-64
-78
-87
-93
-104
-100
-95
-95
-93
-91
-84
-75
-69
-64
-59
-50
-38
-25
-21
-17
-11
-5
2
6
8
14
23
24
34
39
40
42
43
51
55
61
58
54
56
54
53
48
40
37
30
28
28
28
29
31
36
33
29
27
29
28
27
27
25
29
30
32
35
34
37
34
36
32
29
30
20
25
19
14
14
3
9
4
2
-6
-16
-17
-28
-32
-32
-31
-28
-27
-22
-22
-15
-20
-23
-15
-16
-10
-12
-18
-19
-23
-17
-26
-20
-21
-27
-19
-24
-12
-13
-14
-8
-20
-9
-7
0
-1
-7
-1
-13
-3
-6
-4
5
0
6
2
