90
104
156
167
173
159
106
119
122
107
103
67
54
37
3
-2
-9
-16
-17
-58
-81
-92
-116
-106
-113
-105
-67
-48
-23
-18
-22
-23
-58
-75
-75
-74
-43
-21
-1
19
2
-26
-62
-87
-65
-47
-24
2
-14
-36
-54
-73
-60
-37
-25
-10
-14
-3
11
2
21
35
30
23
6
-1
16
34
50
50
35
25
6
-14
-15
2
29
41
39
42
29
15
7
-1
8
12
27
41
42
53
45
35
26
20
36
50
66
73
61
54
23
-12
-21
-13
9
23
19
8
-4
-18
-41
-62
-64
-51
-28
-22
-31
-26
-15
-15
-31
-38
-42
-39
-22
-14
-2
7
12
19
8
0
6
5
-3
-9
-6
1
1
-4
-10
-14
-11
-17
-32
-33
-34
-34
-31
-32
-22
-16
-16
-22
-34
-30
-8
-7
-2
0
9
34
20
-1
-13
-19
-5
1
18
47
65
70
41
23
26
27
41
40
49
55
56
70
63
60
54
29
11
3
-4
5
11
3
-10
-29
-35
-34
-33
-22
-36
-57
-63
-68
-71
-71
-30
13
17
18
1
-16
-12
-22
-13
11
20
43
39
18
18
-3
-12
-10
-25
-9
10
0
8
-5
-10
3
-9
11
18
13
26
4
-13
-16
-32
-25
-21
-31
-22
-39
-58
-57
-64
-57
-59
-67
-46
-24
2
32
33
41
46
29
29
35
51
68
71
75
80
74
69
64
44
40
41
40
23
11
16
4
-3
-17
-26
-10
-12
-17
-15
-17
-6
-10
-18
8
27
36
42
20
1
-18
-51
-61
-59
-45
2
23
23
21
-17
-56
-89
-117
-105
-78
-43
1
15
24
10
-24
-31
-44
-46
-23
-13
-6
-2
-18
-22
-23
-32
-27
-28
-24
-17
-25
-27
-6
18
28
24
8
-5
-9
-13
-17
7
25
31
38
35
33
40
43
51
61
76
87
69
71
95
108
125
117
98
81
56
42
32
30
52
58
34
15
-4
-12
-16
-38
-37
-21
-50
-61
-59
-50
-19
-21
-18
-33
-83
-91
-109
-117
-67
-52
-27
0
-38
-35
-36
-60
-48
-43
-21
-13
-22
-2
-20
-34
-11
-5
10
51
52
30
22
-17
-42
-44
-56
-38
-2
28
23
3
0
-46
-70
-60
-81
-46
-11
-8
3
-15
-2
1
-16
-1
-33
-22
10
-13
35
65
63
84
57
67
74
67
110
108
107
114
84
63
39
31
53
59
60
76
67
44
37
3
-19
-14
-30
-12
5
-1
20
22
28
16
-24
-49
-94
-121
-132
-148
-139
-120
-99
-86
-76
-67
-71
-58
-55
-44
-26
-5
29
34
50
58
40
56
45
38
50
37
43
46
43
39
24
21
10
-4
-4
5
10
4
-4
-20
-34
-36
-27
-7
13
28
35
32
19
6
-7
-27
-28
-26
-22
5
4
5
15
5
1
-10
-11
-5
-8
14
32
34
35
5
-15
-18
-25
0
18
13
15
-18
-49
-56
-69
-57
-52
-53
-24
-11
-5
6
-6
-19
-32
-34
-9
7
28
48
27
18
25
18
28
25
25
36
5
7
26
32
61
60
48
30
-10
-9
1
8
31
32
27
10
-11
-4
-16
-24
-6
-4
-3
-5
-14
-21
-37
-43
-17
-4
0
15
7
8
-1
-7
12
1
3
17
12
27
30
28
26
8
10
5
-15
-26
-45
-43
-27
-17
1
-3
-30
-48
-60
-54
-33
-17
-2
5
-5
-25
-42
-39
-22
-9
0
-5
1
6
0
9
7
18
42
35
49
47
27
27
17
39
55
55
63
40
31
25
6
0
-6
-14
-12
-12
-1
15
16
5
-20
-50
-62
-62
-63
-58
-47
-37
-18
-13
1
25
12
15
1
-15
0
-4
9
15
-5
1
-2
-9
1
-7
-5
-10
-34
-29
-36
-40
-27
-32
-15
6
13
29
37
36
37
13
-3
-7
-12
11
36
62
85
85
83
68
40
19
-2
-21
-25
-15
3
11
17
17
4
-11
-16
-12
1
21
33
29
25
6
-16
-10
2
12
34
37
18
0
-19
-38
-51
-38
-6
13
25
18
-7
-16
-22
-25
-26
-44
-56
-72
-85
-88
-95
-93
-98
-107
-93
-74
-64
-47
-49
-55
-42
-51
-42
-27
-18
13
25
40
68
78
93
93
62
48
42
55
80
88
104
110
98
80
51
37
27
21
27
19
10
-10
-33
-37
-41
-10
16
20
37
20
-5
-12
-34
-12
13
39
94
96
99
106
75
66
37
15
26
2
9
28
8
11
-2
-14
-13
-47
-64
-81
-100
-85
-73
-49
-35
-62
-63
-64
-60
-31
-45
-63
-84
-123
-112
-104
-95
-68
-74
-65
-59
-69
-47
-62
-81
-77
-89
-57
-17
11
55
62
72
77
65
72
53
36
48
47
69
98
114
128
116
89
76
60
66
72
57
55
40
20
18
4
8
27
18
31
22
-10
-1
-9
2
33
46
77
81
75
70
43
28
5
3
11
2
8
-9
-26
-35
-54
-63
-74
-80
-79
-84
-83
-88
-103
-115
-109
-101
-100
-90
-91
-102
-107
-118
-102
-70
-60
-30
-25
-18
0
-21
2
8
13
63
58
90
103
62
92
65
70
131
125
165
149
105
118
75
66
82
89
130
102
82
78
32
2
-52
-72
-61
-96
-75
-43
-37
-26
-80
-101
-119
-180
-151
-117
-95
-78
-106
-72
-36
-37
1
0
-22
-46
-63
-1
47
76
151
182
185
177
159
187
149
78
104
136
162
180
156
170
139
48
30
-21
-58
-52
-113
-135
-207
-316
-308
-338
-344
-297
-327
-294
-334
-407
-292
-238
-223
-245
-336
-264
-261
-245
-13
143
297
357
265
308
229
123
205
178
263
374
366
512
462
363
392
199
133
120
105
354
427
447
511
343
268
152
-21
34
5
-38
-11
-151
-184
-123
-129
-31
-59
-168
-175
-319
-425
-473
-534
-428
-360
-274
-103
-67
-64
-133
-280
-318
-271
-195
-34
43
-65
-106
-110
-83
10
80
349
509
258
-3
-163
-286
-261
-61
321
678
546
170
-153
-439
-83
1064
2187
2161
1037
-360
-2026
-3039
-2590
-934
957
1531
1390
1192
174
-1400
-2991
-3834
-3387
-1870
464
2603
2959
1160
-1422
-3370
-3941
-2082
1580
4210
5511
5593
3148
244
-1704
-2864
-2039
-162
1786
3417
3507
1757
-460
-1325
-2182
-2783
-1509
-605
-94
772
1186
1365
879
-343
-1584
-1587
-684
150
1346
1718
1291
988
355
42
61
39
-352
-1004
-652
-30
186
376
116
-140
-423
-931
-1069
-823
-280
-197
-415
-177
-201
-235
-206
-518
-462
-469
-843
-755
-235
157
111
-336
-850
-1032
-917
-683
-411
-475
-644
-725
-859
-470
185
633
912
673
238
-45
-196
-97
162
499
556
479
650
548
493
682
275
-176
-380
-683
-372
171
466
857
866
461
117
87
303
631
1059
1063
922
853
524
707
973
925
1202
1180
994
1128
1090
985
1021
845
671
787
608
504
690
475
304
89
-375
-570
-854
-1259
-1304
-1250
-1350
-1324
-1322
-1353
-1152
-1241
-1437
-1231
-996
-885
-833
-905
-1168
-1039
-813
-640
967
2388
2618
2277
730
-79
-349
-1007
-1014
-537
952
2083
2568
2640
1339
-132
-2915
-5464
-5570
-4902
-3468
-2974
-3164
-3083
-4145
-4949
-5681
-5855
-5030
-4755
-3858
-2623
-1184
493
1472
2347
2436
2509
2955
3173
4265
5263
6096
6830
7085
7594
7755
7926
7680
6956
6287
5660
6147
5892
5443
5283
3591
2593
1220
-706
-1402
-2061
-2605
-3180
-2744
-2610
-3428
-3627
-5443
-6997
-7419
-8272
-7802
-6820
-5743
-4986
-4878
-4356
-4477
-3783
-2524
-2096
-881
-85
730
2010
2914
4204
4623
4887
4939
4143
3937
3825
4033
4056
3724
3362
2448
1833
1084
137
-255
-930
-1801
-2408
-3143
-3760
-3809
-3959
-4159
-4070
-4242
-4101
-3559
-2952
-1952
-970
210
1542
2370
2362
1730
1703
1770
1937
2191
2495
3788
4075
4097
3867
2353
1576
-99
-1984
-2664
-3157
-3497
-4155
-4166
-4339
-4450
-4237
-5187
-5162
-4794
-4967
-4460
-4053
-3099
-1690
-442
1030
2053
2867
3478
3682
3981
4486
5112
5468
6108
6697
6865
7430
7525
7089
6617
5880
5136
4204
4173
3920
3644
3734
2126
874
-13
-1473
-2610
-3574
-3940
-4511
-4482
-4465
-5263
-5008
-5882
-6929
-7087
-7415
-7157
-6792
-6196
-5257
-4501
-3368
-2596
-1737
-429
852
2155
3324
4660
5225
5444
5782
5238
4986
5370
5177
5392
5277
4589
3751
2776
1857
726
-280
-953
-1934
-2516
-3166
-3839
-4091
-4894
-5284
-5487
-5573
-5336
-4903
-4719
-3405
-1327
-227
786
1188
803
887
550
388
533
1616
2442
2475
3244
2498
2102
890
-1082
-2057
-3357
-4020
-4729
-5619
-5433
-5167
-4306
-3831
-2805
-2162
-2278
-1619
-2095
-1393
-114
413
1555
2620
3802
5389
6370
7429
7793
7811
7581
7330
7087
7129
7223
6797
6433
6484
6197
5711
6279
5437
4275
3361
1153
-329
-1155
-2270
-2871
-3600
-3752
-4362
-4357
-4116
-4504
-4862
-6097
-7321
-8531
-9042
-8938
-8861
-7968
-6830
-6006
-4803
-4081
-3052
-2188
-1452
-549
237
1426
2759
3534
4755
5630
6144
6805
6363
6039
5814
5535
5102
4555
3812
2751
2127
1487
725
571
204
-521
-1847
-2985
-4397
-5119
-5209
-5706
-3789
-2842
-1997
-1143
-1796
-706
-677
-1039
-1246
-1436
-153
-112
1204
1371
1131
1297
-1597
-2578
-3769
-4209
-3976
-5431
-5544
-6065
-6010
-5379
-5236
-3849
-3033
-1828
-1437
-1129
304
970
2120
3232
3646
4872
6097
7084
8398
9081
10008
10180
9769
9310
8643
8293
7617
7181
6443
6022
6519
5341
4725
3752
2183
1186
-532
-1833
-3491
-4204
-4855
-5733
-5220
-5407
-5338
-5829
-6847
-7461
-8444
-8761
-9385
-10051
-9988
-9693
-8973
-8034
-6812
-5510
-4026
-2213
-732
768
2456
3555
4037
4343
4757
5443
6288
7171
7322
7688
8260
8230
7977
7239
6339
5446
4455
3259
2269
2149
1871
1344
276
-929
-334
-86
-639
-911
-2011
-2576
-2751
-3827
-4414
-3957
-3059
-2908
-2350
-2211
-2528
-2556
-4500
-6029
-7138
-8136
-8730
-10167
-10653
-10118
-9274
-8130
-7204
-5986
-4984
-3838
-3550
-2880
-871
777
1988
2856
3253
4163
5729
6957
8355
9938
10911
11338
11080
10814
11259
11399
10957
10495
9355
8980
9509
8200
7763
7116
5669
4909
3305
1406
-72
-1115
-2601
-3769
-4072
-4704
-4827
-5891
-7068
-7780
-8487
-8932
-9983
-11041
-11306
-11177
-11044
-10123
-9206
-7893
-6058
-4759
-2970
-731
1291
2537
3254
3232
3445
4074
3985
4358
4114
4403
5185
5125
5561
5735
5904
5690
5258
4554
3773
4014
3150
2144
2218
2221
2072
2085
1184
518
931
417
-48
-517
-827
-702
-940
-897
-1282
-1497
-2541
-4450
-6391
-8034
-8561
-9828
-10715
-10996
-11290
-10725
-10218
-9345
-8126
-6642
-5295
-4289
-3140
-1909
-609
197
1136
2312
3395
4437
5435
6209
6629
7622
8136
8186
8579
8570
8634
8627
8811
9259
8824
8626
8232
6791
6357
5910
4667
3780
2756
1896
1304
1401
1240
554
299
-697
-1944
-2886
-3801
-4862
-6033
-6825
-7732
-8307
-7974
-7858
-7719
-6816
-5880
-4309
-2675
-1320
-219
82
644
390
375
997
919
1151
794
504
778
1179
1919
1979
1971
1837
1413
999
752
785
695
970
1119
624
705
577
546
701
287
350
424
719
1116
1228
1551
1203
872
-182
-1661
-2566
-4149
-5719
-7296
-8768
-9437
-9603
-9312
-8808
-8026
-6911
-5625
-4422
-2994
-1439
-75
982
1789
2480
3124
3929
4278
4932
5743
6351
7328
7844
8560
8847
9058
9035
8534
8826
7833
7087
5997
4273
3354
1964
1116
25
-708
-949
-1391
-1010
-1241
-1206
-1391
-2025
-2749
-3616
-4021
-4742
-5314
-5818
-6180
-5988
-5534
-4994
-4413
-3296
-2058
-727
577
2019
2899
3548
4360
4408
4971
5190
4893
4256
3329
2559
1449
862
342
29
-349
-741
-1152
-1721
-1500
-2027
-2002
-2072
-2815
-2930
-3659
-3838
-3658
-3721
-3814
-3742
-3159
-2525
-1053
38
458
857
410
-512
-1280
-1916
-2983
-4106
-5426
-6674
-7416
-7908
-7793
-7405
-6444
-4799
-3158
-1644
103
1450
2299
3354
3687
4270
5101
5278
5512
5508
5896
6538
7510
8403
8893
9695
9915
10561
10729
10397
10293
8874
7529
6064
4396
3012
1848
528
-1053
-1632
-2375
-2845
-2960
-3486
-3865
-4225
-4732
-5742
-6642
-7846
-8925
-10022
-10702
-10316
-10010
-8733
-7584
-6350
-4464
-2585
-549
997
2781
4044
5201
6124
6611
7162
7244
7312
6633
6325
5948
5574
5192
4033
3479
2404
1908
1111
351
45
-1835
-2896
-4462
-6025
-6450
-7519
-8790
-9300
-8891
-8491
-6769
-5136
-4031
-2883
-2786
-2500
-2621
-2616
-2902
-4090
-5223
-6102
-6331
-6332
-5724
-5142
-4123
-2530
-846
1194
2930
5031
6204
6819
7692
8134
8874
8980
8640
8424
8136
7906
7716
7702
7834
8044
8502
8817
8957
9368
8755
7866
6926
5196
3636
1908
42
-1843
-3104
-3799
-4330
-4381
-4283
-4252
-4288
-4172
-4643
-5082
-5384
-6257
-7318
-8219
-8736
-9268
-9097
-8759
-8306
-7110
-5669
-4036
-2418
-476
872
1990
3248
4052
4879
5456
5748
5296
4821
4503
4073
3888
3669
3478
3339
3695
4045
4588
4674
3981
3146
1545
-185
-2006
-4036
-6174
-7593
-8648
-9062
-8090
-7278
-6387
-5932
-5508
-5180
-5057
-4887
-5561
-6453
-7633
-8427
-9139
-9269
-8900
-8600
-7626
-6250
-4069
-1683
1559
4395
6440
8735
10131
11662
12805
13165
12912
12333
11809
11157
10542
9896
9648
9402
9627
10057
10569
11102
11179
10761
9500
8219
6386
4141
1740
-836
-3276
-5403
-6880
-8109
-8661
-8910
-8770
-8465
-8050
-7586
-7768
-7976
-8555
-9020
-9306
-9476
-9471
-9406
-8804
-7930
-6429
-4691
-2751
-684
1185
2989
4623
6003
7050
7919
8016
7928
7566
6864
6360
5227
4450
3942
3405
3753
3936
3692
3790
3585
2761
2113
893
-1126
-2761
-4510
-6092
-7087
-7996
-8514
-9201
-9589
-9547
-9624
-9076
-8623
-8693
-8897
-9093
-9448
-9732
-9712
-9886
-9493
-8882
-7755
-6109
-4426
-1775
488
2815
5504
7973
10361
11979
12960
13180
13525
13574
13444
13024
12180
12028
11092
10691
10817
10679
10972
10726
9983
8898
8057
6900
5333
3623
1834
225
-1474
-2733
-4256
-5458
-6203
-6992
-7527
-8004
-7802
-7807
-7729
-7412
-7423
-7022
-6422
-5848
-5501
-4850
-4125
-3600
-2792
-2062
-1336
-283
928
1998
3109
4094
4923
5420
5598
5576
5533
5633
5490
5585
5184
4789
4675
3875
2994
1730
186
-1653
-3148
-4247
-5121
-5289
-5785
-6521
-7522
-8170
-8563
-9119
-9377
-10060
-11042
-12106
-12722
-13484
-13848
-13577
-13935
-13549
-12774
-11370
-9301
-7120
-4352
-1881
855
3837
6484
8617
10497
11659
12160
12932
13090
13531
13756
13841
14490
14661
15488
16079
16046
16035
15728
15085
14134
12834
10692
8539
6078
3529
1247
-1113
-2981
-4930
-6592
-7784
-8540
-8937
-9071
-9102
-9484
-9433
-9605
-9730
-9319
-8875
-8251
-7748
-7087
-6310
-5096
-3708
-2287
-706
816
2734
4240
5831
7165
7833
8215
8033
8211
8306
8761
8723
8071
7893
7301
6971
6116
4667
3061
1225
-479
-2163
-3510
-5094
-6630
-8590
-10699
-12173
-13436
-14256
-15082
-15783
-16247
-16192
-15929
-15690
-15342
-15144
-14358
-13949
-13224
-11825
-10694
-8693
-6799
-4920
-2160
927
4019
6862
9190
11289
13512
14938
16461
17422
17583
18265
17983
17648
17530
17067
16403
15392
14471
13452
12815
12065
11001
9410
7605
5897
3627
1687
-360
-2445
-4514
-6601
-8526
-10521
-11710
-12903
-13843
-14234
-14094
-13262
-12399
-11032
-9793
-8377
-6665
-5239
-3860
-2546
-1192
-40
1170
2233
3589
4796
5732
7010
8128
9782
11159
12342
13105
13336
13645
13007
12011
10458
8750
6845
4955
3509
1285
-570
-2668
-5098
-6890
-8837
-10359
-11770
-13355
-14616
-15838
-17076
-17776
-18543
-19537
-19636
-19669
-19295
-18166
-17119
-15630
-13996
-12070
-9877
-7563
-4866
-2375
48
2403
4676
6856
8637
10405
11793
13003
14701
15866
16874
18069
18630
19292
19832
19618
19131
18398
17195
15932
14483
12701
11116
9034
6727
4478
2122
419
-1341
-3229
-4772
-6479
-7843
-8864
-10235
-11208
-11931
-12552
-12635
-12614
-11999
-11197
-10441
-9326
-8376
-7127
-5489
-4072
-2691
-1161
185
1846
3701
5242
6930
8289
9410
10539
11104
11454
11364
10837
10420
9606
8975
8242
7034
5871
4034
2222
422
-1475
-3323
-5597
-7727
-9967
-11883
-13676
-15407
-16740
-17875
-18419
-18685
-18250
-17489
-16322
-15093
-14119
-12528
-10969
-8929
-7086
-5509
-3639
-1797
295
2290
4301
5858
7661
9220
10482
12242
13512
14738
15632
16262
16648
17066
17157
16500
15759
14202
12896
11468
9783
8389
6541
4809
2976
1205
-584
-2008
-3380
-4797
-5749
-7051
-7780
-8471
-9122
-9253
-9467
-9283
-8861
-8143
-7374
-6438
-5543
-4782
-3789
-2973
-1949
-637
715
2218
3592
4730
6120
7328
8358
9117
9184
9174
8769
8298
7847
7192
6503
5393
4020
2503
1109
-324
-1678
-3158
-4817
-6157
-7552
-8562
-9445
-10417
-11276
-12247
-12820
-13263
-13441
-13161
-12922
-12440
-11738
-10813
-9561
-8176
-6800
-5607
-4372
-2925
-1415
-31
1411
2857
4038
5570
7072
8171
9498
10547
11316
12118
12937
13442
13527
13561
13155
12712
12224
11302
10086
8665
7240
5695
4282
2768
1204
-479
-2259
-3765
-5343
-6412
-7305
-8314
-8838
-9201
-9396
-8934
-8309
-7932
-7146
-6380
-5476
-4205
-3247
-2122
-733
579
1934
3107
4038
5284
6526
7390
8010
8252
8380
8328
7997
7659
7030
6064
5031
3406
1586
320
-1035
-2543
-4004
-5482
-6720
-7457
-8104
-9232
-10072
-10556
-10812
-10634
-10566
-10160
-9702
-9328
-8669
-8157
-7175
-5782
-4684
-3758
-2815
-1908
-782
640
1769
2942
4265
5039
6018
7056
7614
8642
9309
9648
10163
10561
11010
11097
10981
10308
9757
9223
8529
7904
6484
5336
3992
2541
1205
-329
-1604
-3111
-4346
-5652
-6646
-7393
-8017
-8201
-8676
-8504
-8006
-7583
-7194
-6792
-6249
-5734
-4854
-4187
-3459
-2650
-1470
-310
393
1875
3341
4734
5995
6688
7114
7383
7632
7607
7431
6977
6495
5466
3970
2730
1317
-96
-1493
-2861
-4252
-5297
-5945
-6766
-7541
-8236
-8935
-9338
-9608
-9916
-9643
-9184
-8573
-7729
-7141
-6247
-5157
-4310
-3311
-2168
-1075
416
1652
2587
3748
4720
5515
6309
7322
7916
8642
9460
10016
10905
11423
11793
11760
11511
11291
10928
10430
9641
8891
7434
6080
4738
3110
1740
-16
-1524
-3155
-4631
-5534
-6452
-7257
-7862
-8312
-8743
-8691
-8650
-8349
-7837
-7566
-6897
-6521
-5933
-4984
-4330
-3695
-2730
-1506
-569
672
1821
2771
3679
4023
4259
4199
4198
4221
3867
3267
2482
1818
781
-155
-806
-1674
-2400
-3140
-3934
-4734
-5322
-5887
-6571
-7213
-7845
-8037
-8214
-8260
-7796
-7202
-6374
-5337
-4288
-3196
-1811
-565
430
1288
1867
2667
3372
3925
4557
4984
5557
6228
6860
7597
8433
9317
9999
10524
10902
11063
11059
10663
9958
9201
8399
7535
6611
5450
4144
3126
1979
793
-188
-1243
-2050
-2727
-3356
-3902
-4419
-4853
-5246
-5737
-6127
-6078
-6000
-5630
-5116
-4556
-3781
-3095
-2173
-1504
-723
235
1025
1863
2274
2777
3147
3400
3629
3385
3048
2379
1721
998
205
-590
-1638
-2720
-4274
-5491
-6671
-7859
-8627
-9859
-10615
-11274
-11826
-11819
-11959
-11871
-11518
-11065
-10555
-9624
-8632
-7460
-5921
-4751
-3185
-1442
157
1966
3371
4480
5711
6866
7864
8856
9602
10110
10739
11223
11607
12194
12375
12470
12697
12578
12591
12529
12099
11280
10232
9035
7892
6979
5635
4316
2808
1253
19
-1391
-2662
-4049
-5170
-6232
-7083
-7609
-8117
-8160
-8309
-8031
-7647
-6912
-5788
-4902
-3684
-2920
-1803
-665
155
1273
2050
3234
4519
5546
6519
7155
7662
8145
8194
7874
7360
6523
5680
4492
3113
1682
33
-1720
-3698
-5623
-7423
-8911
-10365
-11824
-13135
-14303
-14999
-15605
-16047
-16238
-16166
-15751
-15202
-14461
-13606
-12462
-11254
-9973
-8453
-6819
-4817
-2959
-1158
697
2483
4432
6095
7496
8634
9679
10610
11517
12452
13097
13939
14475
14854
15252
15275
15311
15080
14479
13530
12673
11669
10560
9418
7619
6038
4335
2486
845
-896
-2399
-3712
-4872
-6004
-6739
-7260
-7679
-7744
-7851
-7599
-6974
-6264
-5425
-4568
-3649
-2602
-1547
-604
174
1094
2183
3206
4438
5301
5970
6713
6982
7356
7475
7191
6676
5740
4707
3591
2686
1470
10
-1529
-3305
-4677
-6015
-7267
-8530
-9867
-11181
-12493
-13338
-14132
-14590
-14944
-15429
-15376
-15126
-14434
-13430
-12462
-11327
-10098
-8645
-7025
-5259
-3544
-1952
-432
916
2274
3553
4747
5887
6828
7807
8845
9826
10882
11625
12162
12628
12865
13191
13238
13057
12546
11780
11078
10117
9261
8144
6879
5647
4272
3065
1837
786
-367
-1456
-2462
-3394
-3985
-4585
-4961
-5285
-5278
-4976
-4458
-3799
-3220
-2322
-1509
-386
645
1495
2408
3061
4004
4690
5390
5943
6253
6553
6574
6694
6356
6002
5315
4363
3585
2483
1565
185
-1283
-2775
-4438
-5777
-7264
-8548
-9982
-11282
-12374
-13485
-14111
-14759
-15242
-15451
-15429
-15004
-14290
-13390
-12289
-11067
-9917
-8553
-7253
-5933
-4416
-3046
-1664
-296
1124
2487
3803
5084
6159
7199
8143
9085
9927
10566
11151
11589
11870
12038
12097
11812
11426
10955
10101
9328
8388
7429
6573
5361
4355
3226
2046
1068
-79
-1258
-2413
-3258
-4054
-4633
-5106
-5490
-5478
-5399
-4816
-4234
-3531
-2631
-1768
-776
157
1433
2309
3175
3838
4217
5114
5795
6681
7073
7174
7485
7552
7692
7377
6907
6100
5229
4278
2979
2018
663
-755
-2335
-4126
-5463
-6776
-8029
-9341
-10659
-11830
-12519
-13088
-13702
-14012
-14393
-14266
-13977
-13618
-12851
-12054
-10924
-9777
-8603
-7239
-5685
-4167
-2833
-1562
-412
978
2277
3410
4335
5088
5897
6493
7108
7517
7774
8213
8494
8701
8971
8983
9134
9136
8679
8275
7413
6744
6107
5124
4327
3264
2432
1593
711
-164
-1043
-1615
-2317
-2701
-3096
-3210
-2990
-2940
-2684
-2610
-2200
-1614
-922
-81
666
1708
2497
3380
4032
4406
4848
5005
5458
5892
6295
6681
6913
7053
7088
7035
6472
5850
4962
3897
3053
2091
1235
70
-1377
-2808
-4352
-5814
-7146
-8453
-9706
-10617
-11302
-11924
-12344
-12630
-12968
-13274
-13343
-13139
-12607
-11785
-10861
-9897
-8950
-7710
-6243
-5011
-3610
-2221
-1069
271
1518
2463
3370
4158
4880
5491
5821
6392
6781
6914
7308
7544
7736
8068
8326
8218
7966
7667
7335
6868
6115
5632
4755
3874
3367
2397
1594
790
-74
-858
-1617
-2117
-2535
-2869
-3211
-3213
-3274
-3251
-2734
-2510
-2008
-1348
-855
-160
542
1341
2142
2974
3685
4299
4779
5035
5429
5615
5711
5906
5892
5774
5767
5662
5299
4834
4110
3267
2454
1656
938
154
-978
-2128
-3307
-4761
-5798
-6893
-8069
-8930
-9724
-10229
-10678
-10979
-11292
-11656
-11963
-11994
-11694
-11420
-10726
-10028
-9335
-8324
-7176
-5902
-4660
-3351
-2167
-947
362
1649
2868
3785
4680
5363
5946
6670
7217
7680
8081
8448
8726
9145
9594
9764
9928
9879
9722
9332
8766
8217
7254
6304
5389
4432
3439
2452
1530
308
-752
-1662
-2527
-3271
-3908
-4318
-4920
-5276
-5280
-5401
-5382
-5252
-4992
-4673
-4180
-3309
-2391
-1549
-562
552
1364
2168
3048
3480
3863
4165
4480
4802
4768
5055
5151
4900
4870
4547
3894
3170
2631
1989
1385
931
142
-690
-1858
-2930
-3805
-5139
-6181
-7113
-8231
-8953
-9458
-9856
-10048
-10402
-10732
-10831
-10850
-10645
-10224
-9819
-9343
-8557
-7754
-6698
-5378
-4214
-2923
-1736
-477
971
2276
3584
4766
5806
6640
7488
8296
8839
9472
9872
10224
10760
11183
11536
11759
11917
11838
11573
11170
10633
9894
8906
8085
7110
5948
4791
3564
2199
671
-648
-1972
-3297
-4352
-5285
-6243
-7072
-7538
-7903
-8322
-8573
-8477
-8405
-8153
-7273
-6375
-5517
-4488
-3368
-2367
-1467
-325
557
1152
1632
2157
2767
3168
3893
4323
4255
4395
4520
4543
4336
4193
3837
3233
2859
2348
1904
1045
90
-730
-2056
-2877
-3707
-4747
-5724
-6975
-7856
-8934
-9834
-10402
-11324
-11936
-12431
-12577
-12302
-11946
-11185
-10400
-9541
-8311
-6861
-5276
-3629
-2030
-608
887
2461
4009
5536
6785
7882
8898
9789
10789
11675
12248
12813
13271
13627
14136
14598
14852
14828
14621
14239
13667
12988
11992
10778
9350
7838
6488
4973
3276
1538
-291
-2140
-3732
-5162
-6546
-7827
-9043
-9879
-10627
-11141
-11203
-11517
-11616
-11329
-10911
-10052
-9164
-8117
-6930
-6025
-4776
-3339
-2279
-1105
126
873
1551
2279
2734
3243
3644
4028
4467
4468
4622
4835
4651
4486
4296
3823
2942
2189
1532
538
-294
-1267
-2417
-3629
-4912
-5725
-6772
-7850
-8452
-9387
-10251
-10845
-11277
-11582
-11937
-11828
-11582
-11205
-10286
-9138
-7925
-6550
-4781
-3048
-1288
771
2672
4485
6202
7932
9522
10776
12192
13386
14109
14844
15417
15546
15560
15511
15352
15047
14657
14462
13915
13144
12508
11576
10439
9257
8091
6592
4871
3326
1564
-143
-1848
-3532
-5126
-6995
-8423
-9600
-10797
-11640
-12337
-12955
-13472
-13538
-13352
-13030
-12564
-12018
-11141
-10235
-8908
-7328
-5959
-4585
-3273
-1792
-419
935
2354
3294
4031
4658
5157
5472
5441
5332
5094
4584
4213
3909
3253
2632
2099
1482
877
156
-494
-1308
-2215
-2767
-3335
-3919
-4462
-5023
-5642
-6229
-6536
-6886
-7232
-7542
-7785
-7839
-7883
-7526
-7070
-6671
-5920
-5140
-4129
-2847
-1433
135
1589
3155
4799
6407
8074
9633
10981
11954
12801
13549
13940
14290
14365
14042
13592
12993
12485
11766
10816
9938
8757
7595
6685
5770
4777
3656
2609
1549
401
-584
-1638
-3013
-4329
-5408
-6478
-7421
-8282
-9187
-10041
-10799
-11196
-11352
-11532
-11528
-11353
-11125
-10622
-9824
-9011
-8214
-7405
-6422
-5292
-4208
-2987
-1853
-889
139
1209
2350
3228
3903
4520
4731
4810
4952
4846
4517
4001
3328
2661
1809
1154
671
-136
-702
-1154
-1544
-1647
-1617
-1344
-1366
-1455
-1349
-1295
-1045
-686
-297
-251
-322
-181
-126
26
191
290
151
-43
75
196
378
633
784
790
902
1314
1749
2189
2652
3168
3696
4230
4993
5653
6035
6437
6679
6688
6690
6532
6138
5457
4595
3767
2769
1796
949
27
-781
-1402
-1746
-1966
-2147
-2023
-1969
-2071
-2067
-2120
-2187
-2318
-2520
-2741
-3127
-3462
-3670
-4013
-4423
-4772
-5056
-5261
-5416
-5370
-5288
-5336
-5238
-5073
-4970
-4757
-4496
-4280
-4122
-3911
-3295
-2565
-1976
-1254
-686
-224
462
1186
1817
2306
2753
3131
3194
3177
3217
3079
2864
2715
2549
2291
2089
2023
1879
1731
1891
2120
2193
2461
2735
2985
3452
3724
3891
3847
3669
4018
4218
4372
4832
4670
4343
4048
3385
2887
2403
1764
1010
-122
-1163
-1946
-2816
-3547
-4157
-4855
-5313
-5436
-5403
-5198
-4750
-4070
-3547
-3150
-2627
-2236
-1788
-1336
-1050
-835
-896
-799
-720
-971
-920
-905
-985
-864
-816
-584
-298
-25
504
839
1193
1881
2332
2609
2897
2910
2766
2610
2349
2019
1631
1096
513
-126
-832
-1331
-1787
-2321
-2710
-3040
-3365
-3555
-3627
-3700
-3709
-3721
-3802
-3673
-3472
-3114
-2498
-2020
-1435
-736
-61
765
1522
2329
3169
3767
4380
4942
5270
5600
5916
5955
5859
5779
5620
5342
4945
4631
4219
3647
3328
2963
2501
2208
1983
1761
1325
1027
962
608
348
291
-35
-380
-514
-666
-960
-1307
-1559
-1964
-2677
-3214
-3716
-4463
-5103
-5715
-6446
-7220
-7823
-8159
-8663
-9013
-8855
-8745
-8483
-7880
-7230
-6439
-5554
-4516
-3462
-2630
-1645
-649
74
905
1761
2370
2924
3379
3724
4056
4323
4753
5077
5209
5581
5860
6130
6592
6895
7110
7219
7252
7291
7141
6870
6567
6015
5317
4671
3870
3015
2214
1412
715
25
-500
-898
-1404
-1825
-2165
-2481
-2753
-2942
-3071
-3349
-3619
-3728
-3843
-3956
-3924
-3803
-3719
-3511
-3067
-2530
-2000
-1378
-641
-45
523
1246
1857
2300
2708
3022
3124
3106
3063
2836
2403
1860
1273
577
-202
-853
-1494
-2190
-2747
-3147
-3481
-3681
-3678
-3622
-3541
-3355
-3099
-2853
-2716
-2603
-2517
-2549
-2543
-2530
-2634
-2783
-2957
-3109
-3211
-3344
-3410
-3491
-3670
-3635
-3541
-3466
-3189
-2972
-2683
-2209
-1672
-880
-92
660
1560
2362
3175
4133
4983
5712
6358
6859
7327
7719
8069
8361
8437
8449
8437
8353
8226
8040
7746
7307
6809
6326
5818
5228
4653
4009
3271
2671
2072
1519
1032
474
11
-495
-1002
-1404
-1941
-2541
-3149
-3823
-4510
-5170
-5806
-6449
-7127
-7751
-8231
-8683
-9016
-9175
-9304
-9288
-9128
-8772
-8195
-7591
-6781
-5842
-4993
-3997
-2943
-1982
-1029
-120
757
1477
2116
2710
3077
3293
3404
3483
3421
3284
3311
3096
2782
2607
2239
1900
1538
1190
957
550
384
300
18
-73
-168
-214
-182
-36
330
538
798
1168
1360
1538
1710
1919
2083
2172
2423
2519
2404
2296
2052
1695
1287
936
637
261
16
-115
-253
-332
-287
-108
77
445
993
1526
2130
2704
3262
3721
4014
4344
4423
4344
4229
3912
3611
3178
2720
2313
1734
1251
772
230
-224
-670
-1047
-1387
-1687
-1949
-2249
-2584
-2931
-3281
-3680
-4052
-4389
-4751
-5126
-5505
-5862
-6275
-6628
-6870
-7152
-7307
-7360
-7363
-7230
-7021
-6690
-6304
-5894
-5368
-4796
-4214
-3590
-2908
-2252
-1601
-833
-72
697
1561
2421
3272
4125
5007
5858
6642
7413
8080
8626
9003
9209
9267
9065
8731
8268
7618
6943
6212
5429
4612
3795
3015
2235
1563
931
394
-50
-516
-895
-1314
-1710
-2002
-2297
-2515
-2707
-2813
-2866
-2885
-2771
-2620
-2328
-1923
-1520
-1073
-630
-154
298
668
962
1200
1400
1374
1232
1036
728
437
10
-466
-837
-1167
-1446
-1748
-1976
-2142
-2265
-2366
-2522
-2546
-2537
-2534
-2556
-2704
-2765
-2804
-2883
-2979
-3111
-3131
-3161
-3227
-3282
-3311
-3187
-3083
-3004
-2898
-2774
-2501
-2229
-1943
-1547
-1108
-642
-264
111
559
1038
1513
1888
2236
2559
2814
3022
3130
3239
3354
3366
3320
3274
3219
3184
3127
2981
2903
2840
2770
2793
2764
2849
2961
2957
3024
2996
3054
3155
3129
3223
3219
3187
3172
2992
2875
2763
2622
2494
2260
2046
1860
1576
1274
984
659
368
41
-312
-582
-946
-1288
-1671
-2211
-2622
-3086
-3552
-3888
-4324
-4648
-4986
-5429
-5723
-6059
-6293
-6375
-6532
-6567
-6565
-6574
-6435
-6285
-5998
-5519
-5014
-4376
-3688
-3002
-2225
-1496
-754
24
735
1479
2136
2667
3151
3467
3698
3861
3918
3962
3941
3835
3676
3427
3104
2777
2422
2031
1679
1276
890
554
178
-92
-347
-561
-650
-754
-761
-725
-693
-568
-462
-326
-136
42
263
466
648
892
1146
1382
1653
1921
2188
2487
2771
3072
3393
3713
4029
4322
4569
4784
4975
5094
5156
5179
5120
4984
4794
4506
4160
3743
3239
2717
2102
1423
731
-36
-815
-1588
-2370
-3090
-3803
-4442
-5000
-5542
-5959
-6320
-6621
-6803
-6945
-6991
-6967
-6922
-6775
-6601
-6406
-6127
-5847
-5546
-5199
-4866
-4519
-4184
-3866
-3544
-3264
-2979
-2700
-2435
-2153
-1875
-1590
-1289
-987
-652
-284
84
520
982
1419
1902
2353
2767
3212
3571
3898
4215
4428
4671
4888
5023
5211
5333
5412
5553
5602
5642
5695
5631
5587
5488
5281
5103
4805
4438
4090
3631
3165
2698
2147
1637
1115
558
74
-437
-921
-1319
-1752
-2128
-2451
-2803
-3090
-3346
-3590
-3757
-3898
-4003
-4036
-4043
-4024
-3942
-3832
-3684
-3479
-3258
-3003
-2691
-2372
-2023
-1658
-1299
-906
-508
-126
277
659
1018
1387
1689
1945
2191
2339
2472
2582
2599
2648
2628
2552
2507
2363
2211
2054
1798
1590
1322
992
699
305
-88
-486
-955
-1367
-1804
-2218
-2566
-2916
-3197
-3476
-3728
-3942
-4162
-4328
-4494
-4604
-4661
-4693
-4619
-4509
-4309
-4017
-3688
-3236
-2734
-2148
-1468
-774
-22
721
1454
2165
2809
3420
3950
4419
4819
5123
5382
5562
5676
5762
5764
5744
5697
5604
5491
5315
5104
4825
4474
4067
3567
3043
2458
1826
1205
536
-85
-672
-1262
-1747
-2179
-2550
-2810
-3043
-3176
-3216
-3256
-3226
-3182
-3146
-3065
-3028
-2978
-2904
-2876
-2791
-2715
-2642
-2529
-2427
-2270
-2115
-1952
-1740
-1560
-1345
-1138
-959
-759
-613
-470
-347
-262
-158
-78
4
114
208
314
430
530
648
742
813
895
948
995
1047
1072
1097
1120
1117
1125
1137
1134
1159
1159
1172
1208
1205
1219
1227
1215
1221
1215
1201
1199
1180
1170
1150
1110
1079
1032
964
891
793
684
568
428
283
130
-25
-172
-328
-482
-622
-758
-881
-1003
-1120
-1214
-1294
-1376
-1444
-1511
-1579
-1643
-1712
-1783
-1854
-1927
-1992
-2049
-2084
-2083
-2053
-1974
-1865
-1730
-1563
-1377
-1166
-943
-720
-464
-193
89
386
675
979
1276
1563
1854
2110
2364
2592
2778
2931
3017
3064
3039
2959
2837
2653
2457
2226
1965
1700
1415
1139
865
589
341
93
-128
-314
-496
-639
-790
-932
-1058
-1212
-1342
-1467
-1592
-1677
-1756
-1816
-1846
-1881
-1884
-1875
-1871
-1831
-1781
-1730
-1648
-1569
-1487
-1389
-1301
-1209
-1096
-982
-847
-667
-477
-258
0
252
533
821
1096
1381
1641
1861
2050
2179
2245
2258
2206
2107
1964
1773
1558
1328
1067
795
532
270
38
-177
-380
-539
-694
-841
-969
-1093
-1186
-1267
-1338
-1401
-1438
-1438
-1432
-1398
-1365
-1306
-1205
-1118
-976
-808
-638
-414
-213
-22
202
395
588
776
929
1093
1245
1371
1495
1599
1681
1742
1778
1785
1784
1771
1736
1702
1636
1550
1468
1340
1219
1099
965
843
701
552
419
270
112
-61
-251
-437
-623
-806
-978
-1146
-1308
-1462
-1611
-1751
-1888
-2019
-2144
-2264
-2372
-2468
-2523
-2557
-2565
-2533
-2494
-2415
-2320
-2214
-2056
-1885
-1685
-1432
-1194
-935
-647
-389
-101
177
423
689
918
1113
1318
1489
1655
1845
1999
2154
2300
2389
2446
2461
2422
2382
2327
2262
2222
2143
2018
1864
1626
1343
1046
722
437
176
-58
-248
-428
-595
-744
-878
-985
-1044
-1072
-1064
-1019
-958
-882
-805
-746
-691
-638
-607
-560
-497
-419
-308
-196
-92
23
118
209
299
375
481
579
656
724
764
784
763
712
670
619
597
573
533
507
442
385
336
262
244
199
107
39
-84
-182
-261
-423
-512
-621
-790
-888
-1076
-1231
-1303
-1470
-1548
-1614
-1749
-1739
-1788
-1837
-1719
-1692
-1582
-1439
-1447
-1314
-1250
-1246
-1084
-1023
-871
-664
-626
-486
-393
-379
-242
-235
-158
41
118
295
436
519
723
820
905
1060
1124
1241
1343
1378
1494
1566
1601
1657
1644
1639
1647
1611
1624
1668
1706
1761
1784
1774
1784
1782
1771
1783
1789
1778
1750
1703
1641
1610
1563
1473
1398
1259
1113
994
819
706
599
429
315
107
-131
-334
-653
-925
-1192
-1522
-1765
-2065
-2390
-2674
-3033
-3351
-3629
-3917
-4114
-4281
-4413
-4477
-4511
-4475
-4362
-4196
-3991
-3735
-3461
-3172
-2832
-2494
-2106
-1672
-1259
-810
-398
-3
423
801
1201
1595
1939
2284
2577
2842
3099
3303
3483
3620
3701
3755
3781
3771
3720
3650
3537
3394
3262
3095
2924
2742
2494
2250
1984
1708
1476
1202
937
671
346
71
-232
-522
-747
-998
-1178
-1349
-1537
-1659
-1829
-1955
-2013
-2075
-2019
-1929
-1825
-1643
-1506
-1358
-1166
-1005
-772
-483
-227
81
356
553
777
885
962
1082
1084
1143
1165
1046
991
801
559
396
118
-68
-217
-454
-577
-762
-980
-1085
-1291
-1423
-1466
-1597
-1578
-1599
-1698
-1668
-1786
-1850
-1838
-1953
-1890
-1865
-1879
-1724
-1764
-1722
-1647
-1735
-1587
-1522
-1425
-1119
-998
-721
-464
-367
-48
109
345
740
943
1338
1646
1827
2134
2211
2342
2520
2542
2725
2816
2860
2979
2895
2849
2779
2595
2523
2389
2260
2207
2032
1877
1699
1417
1206
965
714
558
358
185
33
-190
-369
-560
-770
-886
-1006
-1082
-1080
-1101
-1070
-1021
-993
-909
-828
-712
-559
-412
-234
-75
90
227
336
447
508
568
602
586
578
494
382
263
69
-109
-326
-589
-824
-1113
-1397
-1659
-1945
-2176
-2412
-2634
-2791
-2950
-3050
-3093
-3127
-3101
-3054
-3000
-2907
-2804
-2675
-2483
-2287
-2061
-1803
-1594
-1352
-1140
-961
-701
-481
-196
151
428
763
1025
1209
1456
1626
1860
2163
2375
2647
2830
2901
3017
3005
3026
3095
3053
3087
3041
2906
2839
2647
2521
2445
2283
2229
2078
1886
1774
1546
1412
1296
1092
981
760
526
370
126
16
-85
-231
-254
-401
-517
-556
-676
-621
-576
-572
-464
-527
-557
-579
-716
-701
-750
-809
-783
-904
-967
-1071
-1259
-1310
-1428
-1462
-1403
-1455
-1408
-1443
-1543
-1535
-1644
-1657
-1609
-1652
-1581
-1609
-1665
-1620
-1692
-1647
-1588
-1602
-1465
-1437
-1360
-1183
-1122
-917
-785
-722
-527
-488
-343
-170
-115
108
207
296
480
478
595
685
697
874
920
1006
1141
1131
1225
1263
1261
1372
1374
1429
1510
1503
1598
1639
1645
1718
1717
1771
1834
1818
1855
1830
1782
1778
1717
1683
1652
1543
1440
1287
1116
1018
904
809
725
585
455
314
167
73
-29
-118
-224
-390
-549
-727
-888
-1036
-1208
-1358
-1517
-1676
-1822
-1978
-2114
-2215
-2309
-2379
-2416
-2463
-2477
-2475
-2495
-2467
-2443
-2416
-2324
-2256
-2180
-2068
-1992
-1870
-1711
-1565
-1340
-1107
-880
-592
-362
-116
165
382
648
888
1096
1343
1537
1720
1907
2044
2175
2314
2420
2524
2618
2656
2706
2732
2685
2687
2632
2551
2516
2379
2260
2119
1892
1725
1518
1275
1085
824
557
339
54
-172
-351
-583
-704
-841
-1024
-1082
-1224
-1327
-1341
-1465
-1467
-1481
-1542
-1471
-1499
-1489
-1406
-1423
-1313
-1203
-1116
-887
-769
-639
-474
-438
-305
-202
-180
-65
-81
-114
-100
-205
-205
-222
-319
-309
-378
-431
-402
-454
-442
-437
-523
-541
-602
-680
-682
-759
-818
-829
-904
-891
-827
-794
-675
-599
-550
-408
-321
-178
9
91
219
300
332
459
525
607
704
698
761
834
914
1097
1245
1405
1554
1618
1711
1766
1809
1885
1868
1846
1817
1746
1726
1657
1570
1488
1297
1128
967
817
788
734
696
662
509
374
182
-36
-172
-356
-486
-579
-713
-757
-829
-910
-943
-1091
-1197
-1264
-1370
-1355
-1352
-1351
-1244
-1253
-1257
-1243
-1325
-1305
-1352
-1481
-1485
-1539
-1546
-1514
-1594
-1547
-1511
-1559
-1514
-1547
-1503
-1355
-1324
-1190
-1029
-877
-627
-523
-396
-190
-73
94
202
304
521
648
756
887
971
1113
1222
1263
1392
1531
1653
1766
1801
1888
1971
1941
1877
1783
1705
1635
1519
1380
1295
1247
1148
1061
949
831
789
648
530
496
419
417
379
274
277
215
102
67
-22
-43
-3
-77
-70
-70
-152
-151
-263
-364
-368
-494
-540
-584
-681
-628
-668
-737
-746
-867
-903
-947
-1040
-1008
-1021
-1015
-987
-1065
-1091
-1141
-1239
-1286
-1392
-1450
-1450
-1502
-1494
-1489
-1493
-1429
-1445
-1446
-1382
-1353
-1232
-1124
-1020
-802
-631
-415
-180
-17
224
408
563
782
938
1170
1404
1560
1773
1901
2011
2131
2140
2183
2191
2154
2163
2102
2043
1978
1832
1701
1528
1341
1192
1009
847
668
471
315
149
17
-121
-292
-421
-571
-688
-744
-828
-858
-907
-985
-1001
-1027
-985
-898
-854
-766
-714
-660
-556
-479
-361
-249
-183
-104
-53
11
120
190
248
292
274
272
254
215
233
211
174
138
40
-23
-92
-174
-206
-291
-372
-448
-579
-644
-714
-796
-823
-921
-1018
-1096
-1215
-1243
-1267
-1301
-1288
-1346
-1374
-1352
-1335
-1224
-1118
-1028
-915
-851
-726
-571
-399
-187
-18
156
310
462
652
825
1022
1173
1302
1437
1529
1680
1801
1903
2017
2032
2089
2114
2116
2188
2158
2162
2141
2054
2046
1941
1882
1806
1629
1533
1328
1165
1031
790
650
409
177
15
-268
-417
-607
-826
-924
-1136
-1259
-1360
-1535
-1574
-1688
-1774
-1786
-1886
-1880
-1917
-1990
-1980
-2058
-2059
-2053
-2100
-2049
-2077
-2071
-2014
-2027
-1899
-1830
-1772
-1615
-1598
-1450
-1312
-1239
-983
-875
-674
-422
-347
-74
62
169
421
469
668
843
894
1132
1190
1284
1465
1440
1583
1649
1632
1798
1776
1852
1986
1926
2048
2035
1958
2024
1879
1866
1857
1725
1770
1671
1572
1528
1343
1264
1160
1018
959
839
747
690
608
545
485
372
255
140
-25
-121
-206
-279
-269
-383
-480
-601
-845
-985
-1189
-1324
-1347
-1439
-1393
-1411
-1468
-1471
-1628
-1702
-1774
-1852
-1768
-1754
-1666
-1564
-1555
-1473
-1467
-1446
-1396
-1392
-1321
-1289
-1246
-1179
-1152
-1093
-1059
-1008
-962
-946
-900
-887
-832
-762
-708
-596
-521
-422
-295
-180
5
177
378
583
748
927
1060
1207
1365
1495
1646
1760
1847
1912
1934
1953
1970
1947
1936
1903
1827
1789
1700
1612
1556
1451
1421
1357
1283
1257
1123
1065
955
804
782
652
623
616
494
520
426
338
376
256
271
269
118
114
-27
-180
-167
-309
-338
-322
-511
-545
-679
-922
-934
-1111
-1189
-1113
-1267
-1212
-1241
-1443
-1413
-1600
-1700
-1631
-1742
-1626
-1567
-1628
-1513
-1562
-1567
-1430
-1418
-1276
-1130
-1128
-1026
-1036
-1096
-1003
-1021
-980
-862
-910
-827
-755
-764
-577
-484
-368
-125
-54
141
345
422
672
815
916
1147
1211
1341
1503
1512
1649
1694
1669
1771
1723
1748
1807
1731
1779
1721
1644
1655
1528
1494
1416
1281
1265
1115
1048
970
777
744
580
452
416
214
179
83
-75
-59
-204
-251
-214
-346
-304
-338
-435
-346
-436
-443
-388
-517
-479
-525
-625
-560
-648
-657
-633
-734
-702
-736
-789
-752
-809
-803
-774
-801
-757
-753
-747
-707
-709
-664
-619
-579
-519
-497
-450
-409
-383
-315
-297
-273
-243
-262
-237
-244
-271
-253
-289
-306
-305
-351
-353
-362
-380
-370
-370
-360
-326
-304
-271
-224
-191
-139
-79
-30
36
93
150
220
276
346
412
447
506
529
562
629
635
717
768
791
900
895
964
1049
1033
1164
1185
1214
1343
1303
1383
1422
1353
1431
1345
1282
1277
1103
1051
935
740
665
459
294
184
-63
-188
-347
-571
-650
-842
-980
-1038
-1219
-1261
-1336
-1457
-1435
-1535
-1567
-1557
-1645
-1594
-1611
-1623
-1537
-1555
-1479
-1404
-1378
-1236
-1161
-1051
-885
-794
-645
-520
-424
-271
-173
-78
48
130
232
329
384
468
531
567
618
633
658
691
695
721
741
760
791
792
794
800
800
804
802
810
827
843
857
869
891
901
882
863
833
802
785
721
683
653
584
554
482
413
395
309
260
233
166
170
131
96
128
104
121
139
111
140
125
88
69
-15
-74
-145
-272
-359
-471
-591
-690
-834
-945
-1062
-1211
-1324
-1456
-1571
-1650
-1749
-1795
-1817
-1842
-1811
-1801
-1770
-1702
-1654
-1555
-1452
-1346
-1200
-1078
-918
-755
-609
-426
-261
-105
67
215
367
524
644
779
905
999
1115
1195
1267
1360
1395
1452
1495
1493
1527
1515
1501
1511
1468
1448
1417
1357
1331
1288
1225
1199
1139
1086
1062
986
944
901
820
783
702
625
565
457
374
267
149
53
-70
-180
-291
-408
-510
-611
-708
-790
-859
-933
-985
-1028
-1067
-1076
-1073
-1064
-1036
-998
-958
-900
-856
-801
-740
-695
-625
-571
-526
-470
-441
-411
-382
-377
-348
-345
-359
-340
-358
-361
-350
-374
-351
-357
-378
-353
-377
-360
-340
-361
-320
-314
-311
-264
-273
-250
-219
-223
-168
-142
-106
-35
-16
45
103
133
213
266
327
420
467
543
616
646
709
734
740
777
771
784
811
793
807
803
769
781
754
745
765
730
735
728
692
703
671
644
647
590
565
526
442
411
334
242
183
68
-15
-91
-218
-290
-379
-475
-521
-618
-679
-711
-784
-803
-826
-846
-820
-826
-817
-784
-766
-712
-667
-618
-547
-488
-417
-368
-316
-266
-228
-167
-135
-88
-45
-46
-26
-54
-72
-49
-78
-64
-71
-122
-107
-151
-178
-149
-197
-185
-183
-226
-167
-163
-157
-67
-72
-19
61
61
181
241
269
394
397
464
555
539
627
638
629
700
644
655
683
617
649
588
508
527
436
423
421
309
325
263
172
192
90
64
54
-69
-57
-108
-176
-149
-250
-286
-289
-376
-361
-392
-444
-401
-463
-488
-452
-498
-469
-462
-504
-471
-490
-494
-449
-466
-444
-412
-436
-409
-384
-384
-344
-342
-350
-309
-305
-273
-217
-206
-166
-128
-116
-58
-14
15
81
116
162
213
232
268
274
275
286
274
281
269
259
252
239
254
247
253
271
292
346
389
442
504
572
646
717
780
832
881
904
937
962
957
977
943
916
898
824
788
702
604
544
425
338
237
88
-13
-141
-266
-343
-462
-570
-671
-803
-887
-957
-1048
-1095
-1149
-1213
-1237
-1295
-1324
-1311
-1340
-1314
-1291
-1295
-1245
-1234
-1204
-1119
-1075
-970
-870
-799
-660
-562
-471
-339
-253
-117
27
113
235
313
375
452
469
520
572
590
608
578
545
527
501
503
500
504
516
494
482
468
470
516
553
598
644
650
653
642
626
649
674
703
714
696
678
636
605
577
549
556
531
500
463
405
392
361
341
357
330
329
315
261
261
228
188
177
98
48
-9
-107
-148
-226
-302
-342
-443
-493
-535
-612
-609
-657
-701
-669
-697
-655
-621
-661
-620
-639
-630
-554
-567
-531
-540
-609
-587
-610
-605
-567
-609
-609
-636
-685
-677
-706
-707
-693
-714
-700
-703
-701
-664
-644
-597
-550
-530
-463
-393
-312
-197
-142
-63
12
71
190
273
366
454
481
553
611
683
781
815
877
909
932
1014
1037
1091
1132
1124
1175
1176
1200
1255
1229
1244
1223
1176
1194
1137
1102
1084
983
948
881
767
726
606
514
458
300
218
101
-75
-151
-296
-419
-486
-649
-736
-813
-940
-956
-1030
-1103
-1092
-1174
-1191
-1165
-1205
-1147
-1141
-1157
-1072
-1071
-1001
-901
-891
-783
-731
-689
-549
-502
-402
-301
-292
-197
-151
-111
-2
7
44
81
49
92
92
71
97
38
1
-19
-86
-84
-111
-152
-152
-203
-212
-201
-202
-149
-123
-99
-49
-26
45
128
198
290
347
406
482
537
615
671
712
759
770
802
837
845
876
862
834
841
809
819
815
755
739
673
612
590
507
475
417
310
278
191
141
119
20
-9
-70
-126
-127
-196
-211
-245
-312
-314
-383
-404
-416
-486
-484
-544
-577
-560
-617
-591
-608
-642
-593
-637
-609
-562
-581
-483
-483
-468
-364
-385
-296
-238
-263
-145
-135
-104
-18
-65
-10
10
-42
3
-44
-60
-37
-113
-105
-137
-199
-208
-302
-326
-336
-395
-382
-426
-427
-397
-431
-380
-357
-311
-201
-168
-46
56
97
228
265
376
552
600
760
838
858
982
926
959
1034
981
1071
1022
951
972
823
768
721
630
653
566
497
465
340
276
178
108
98
28
-1
-78
-161
-210
-329
-354
-374
-421
-397
-475
-516
-526
-606
-592
-598
-593
-527
-532
-510
-489
-509
-491
-479
-468
-426
-399
-386
-362
-354
-362
-361
-373
-377
-355
-364
-343
-318
-333
-314
-335
-337
-298
-307
-270
-258
-242
-183
-186
-147
-114
-100
-52
-50
-10
43
75
121
150
196
249
288
331
379
439
498
551
607
673
740
804
859
904
949
969
991
1005
995
1006
978
939
897
803
734
638
533
453
321
216
89
-50
-148
-283
-372
-458
-551
-594
-678
-723
-755
-804
-796
-798
-793
-741
-717
-684
-639
-629
-579
-544
-527
-455
-428
-389
-329
-330
-287
-258
-256
-196
-182
-150
-82
-93
-42
-10
-20
53
47
54
105
63
94
86
41
78
24
5
6
-59
-42
-70
-103
-90
-133
-114
-103
-121
-83
-96
-85
-50
-53
-5
21
41
103
106
147
191
198
254
269
293
346
348
392
428
435
477
499
520
568
575
570
581
555
561
562
506
499
446
395
400
312
290
262
162
169
80
16
30
-83
-94
-133
-225
-189
-270
-309
-291
-386
-357
-376
-444
-395
-450
-452
-408
-476
-431
-419
-443
-363
-383
-370
-319
-350
-284
-262
-264
-180
-187
-146
-85
-102
-42
-26
-19
37
32
64
83
77
109
108
117
122
115
113
102
100
90
89
86
58
51
42
25
25
-2
-10
-8
-32
-25
-33
-39
-14
-31
-17
-8
-25
8
-13
-19
0
-35
-3
-10
-29
13
-26
-10
11
-17
50
28
33
78
43
108
122
135
204
174
209
217
205
267
255
299
319
293
328
276
261
265
223
264
238
214
216
133
127
79
24
43
-14
-5
-32
-109
-121
-198
-218
-224
-261
-249
-298
-344
-383
-452
-456
-452
-440
-414
-408
-399
-409
-417
-424
-406
-350
-287
-198
-132
-92
-50
-55
-32
0
32
122
169
225
273
261
281
257
247
273
239
264
273
252
270
207
155
130
52
50
47
22
62
38
20
40
-8
-4
5
-19
16
19
3
21
-20
-48
-48
-95
-71
-58
-85
-43
-69
-87
-59
-102
-70
-48
-57
6
0
7
31
-8
10
5
-8
27
13
20
35
18
34
24
22
34
26
40
36
37
41
17
12
-2
-20
-24
-53
-59
-60
-75
-67
-75
-71
-67
-77
-75
-81
-81
-73
-71
-66
-58
-49
-37
-28
-24
-6
10
28
61
72
92
112
117
137
139
135
146
134
139
145
131
138
132
131
134
118
115
102
82
78
60
55
45
21
17
2
-11
-15
-43
-64
-71
-89
-82
-71
-74
-60
-76
-74
-51
-73
-58
-65
-93
-66
-90
-72
-29
-56
-22
-34
-67
-35
-77
-73
-60
-97
-66
-80
-83
-47
-67
-53
-68
-95
-82
-92
-79
-76
-87
-76
-94
-82
-75
-72
-56
-73
-64
-57
-37
-6
-5
10
6
15
31
30
49
49
55
69
77
103
99
112
98
86
123
112
157
167
144
197
179
222
266
239
301
273
255
291
236
271
272
239
281
234
239
236
187
198
139
119
102
79
114
93
119
96
58
69
-13
-14
-25
-54
3
-45
-63
-88
-188
-237
-336
-409
-422
-453
-495
-537
-617
-676
-676
-731
-708
-649
-644
-526
-528
-499
-379
-397
-274
-198
-169
-27
-34
3
47
5
63
59
73
133
119
135
124
97
95
79
67
61
74
69
95
126
120
150
116
125
173
167
233
246
281
340
311
329
326
313
312
259
243
243
237
212
173
134
81
43
-13
-29
-12
-49
-62
-95
-109
-82
-124
-132
-113
-92
-50
-46
-39
-2
20
26
41
73
117
150
151
155
177
184
191
179
165
173
148
116
95
59
49
12
-53
-52
-85
-111
-128
-198
-189
-198
-242
-231
-267
-255
-239
-290
-281
-286
-285
-261
-305
-306
-284
-302
-281
-274
-267
-225
-232
-239
-205
-176
-125
-88
-83
-34
8
27
57
79
122
165
183
204
231
263
264
262
278
290
331
329
318
351
326
323
318
266
294
257
193
194
125
111
114
39
66
53
3
41
-8
-13
21
-34
7
22
-8
56
33
37
83
29
61
55
17
65
19
15
40
-16
7
-24
-86
-72
-144
-172
-180
-254
-229
-255
-285
-239
-278
-272
-257
-290
-253
-261
-260
-217
-227
-209
-203
-228
-221
-228
-217
-202
-210
-205
-212
-215
-227
-242
-244
-257
-248
-241
-242
-220
-225
-194
-156
-142
-59
4
84
200
254
355
448
483
588
637
715
850
873
926
938
891
920
864
820
818
733
724
677
567
515
399
304
255
167
139
117
45
15
-59
-148
-191
-265
-300
-309
-351
-365
-406
-457
-491
-547
-574
-604
-623
-610
-620
-610
-619
-628
-610
-629
-607
-595
-602
-543
-535
-496
-439
-455
-407
-395
-383
-310
-306
-226
-156
-140
-53
-55
-20
54
57
156
210
239
334
317
337
379
348
414
414
391
450
401
384
373
279
281
247
192
209
141
120
116
35
44
13
-18
41
29
71
116
92
141
139
134
185
171
205
242
229
285
270
242
264
219
221
239
211
240
228
190
206
141
93
77
-6
-22
-58
-117
-92
-144
-176
-170
-232
-210
-211
-250
-210
-245
-248
-221
-286
-272
-281
-322
-288
-339
-352
-319
-379
-370
-398
-435
-381
-427
-438
-414
-445
-388
-405
-432
-372
-376
-342
-313
-324
-240
-184
-166
-111
-102
-40
55
74
148
189
222
311
311
379
454
471
544
517
545
620
620
676
613
586
628
574
594
533
489
522
426
403
375
326
348
233
162
162
104
110
35
-47
-12
-84
-129
-146
-239
-200
-255
-363
-330
-407
-388
-374
-503
-418
-439
-460
-361
-460
-355
-271
-310
-154
-176
-98
51
-10
122
161
161
300
241
292
364
298
360
314
268
310
202
167
131
30
42
-22
-83
-84
-175
-193
-201
-254
-229
-264
-295
-263
-288
-253
-221
-250
-220
-245
-259
-211
-229
-198
-186
-234
-220
-251
-266
-232
-270
-277
-287
-322
-278
-256
-236
-173
-162
-115
-43
14
123
202
254
311
344
406
471
497
524
530
519
531
531
512
501
447
396
384
355
363
342
289
264
211
201
201
166
161
116
75
71
44
49
18
-52
-86
-131
-134
-121
-138
-154
-193
-228
-238
-239
-230
-224
-246
-269
-284
-294
-279
-272
-286
-299
-328
-333
-322
-304
-275
-276
-275
-262
-240
-186
-149
-103
-61
-50
5
43
88
164
178
224
254
246
304
302
300
331
267
264
243
173
198
143
104
114
32
37
32
-12
32
-8
-29
-18
-74
-51
-57
-94
-92
-146
-169
-176
-206
-207
-226
-254
-277
-285
-290
-287
-266
-278
-247
-219
-212
-138
-127
-92
-22
-27
58
98
114
215
218
280
356
346
439
450
448
530
494
527
554
487
526
475
421
434
333
306
256
138
128
32
-41
-59
-172
-204
-256
-327
-310
-371
-396
-398
-456
-424
-434
-447
-409
-441
-411
-382
-383
-307
-300
-286
-241
-257
-199
-166
-152
-80
-75
-30
18
21
91
125
150
210
208
247
281
271
307
294
294
328
309
325
318
270
271
223
180
167
123
131
117
71
52
1
-53
-76
-116
-136
-141
-182
-208
-248
-311
-329
-350
-355
-324
-318
-292
-281
-296
-286
-278
-249
-182
-120
-54
12
49
75
93
100
127
166
204
258
280
276
258
213
180
162
164
176
173
159
131
98
66
39
31
32
36
23
2
-20
-42
-43
-44
-40
-28
-31
-25
-32
-35
-26
-22
-4
13
30
52
55
51
51
52
64
93
102
102
95
53
27
-6
-30
-21
-28
-30
-41
-79
-105
-137
-160
-149
-133
-116
-107
-118
-121
-129
-128
-93
-72
-41
-7
7
30
32
32
50
62
83
91
79
69
53
28
6
-10
-19
-17
-33
-58
-64
-77
-84
-84
-85
-63
-44
-33
-16
-11
0
27
33
42
65
63
65
65
48
61
69
53
60
44
44
59
31
36
35
20
33
-4
-6
9
-12
18
10
9
48
18
22
26
7
51
41
30
55
29
50
48
16
44
28
15
11
-37
-33
-32
-62
-55
-78
-78
-60
-90
-89
-87
-81
-51
-58
-60
-41
-36
-27
-35
-42
-24
-17
-18
-31
-29
-11
-10
-10
-13
3
17
11
13
11
25
44
32
38
54
54
68
54
53
62
54
56
39
37
40
33
29
16
23
21
-1
-8
-22
-20
-16
-36
-34
-36
-30
-20
-26
-15
-20
-26
-19
-33
-32
-32
-46
-46
-58
-56
-42
-45
-39
-36
-38
-26
-17
-3
19
33
51
59
63
70
68
76
79
80
87
83
91
84
75
81
62
62
58
34
45
34
26
30
10
17
14
-3
0
-13
-19
-18
-33
-39
-39
-50
-54
-65
-84
-77
-84
-88
-83
-94
-80
-89
-92
-79
-87
-65
-64
-63
-39
-48
-28
-23
-37
-12
-34
-27
-16
-37
-3
-12
-7
17
-2
23
27
17
39
20
24
39
26
49
55
53
74
67
71
79
63
66
56
45
53
39
34
31
19
22
7
-12
-22
-39
-38
-43
-52
-34
-31
-25
-19
-24
-8
2
6
23
17
30
39
30
45
30
38
48
30
41
25
18
25
12
19
2
-5
-8
-20
-11
-24
-22
-21
-21
-14
-20
-10
-14
-11
-3
-8
5
-4
6
14
1
16
10
8
16
5
12
3
-13
-8
-21
-19
-17
-34
-32
-42
-43
-35
-40
-37
-30
-28
-26
-23
-26
-24
-28
-30
-30
-30
-24
-16
-10
-2
2
-5
-1
12
18
18
13
7
11
10
11
14
8
12
8
5
5
-6
-3
3
9
21
29
35
40
38
44
51
46
49
48
42
45
36
33
35
26
24
17
8
12
11
8
7
-4
-11
-11
-20
-15
-12
-20
-15
-18
-19
-6
-10
-3
5
0
10
13
11
26
22
17
25
8
17
20
6
17
2
-1
-15
-38
-38
-52
-61
-61
-73
-76
-77
-88
-84
-88
-88
-78
-83
-69
-66
-65
-60
-72
-63
-62
-61
-51
-61
-40
-28
-26
3
3
17
41
34
61
72
73
107
103
105
113
96
109
111
95
109
92
81
95
67
64
62
24
28
14
-5
15
2
7
21
5
21
17
8
24
20
32
39
34
36
31
27
22
15
11
-7
-8
-16
-31
-27
-49
-48
-48
-67
-59
-63
-73
-60
-62
-52
-42
-44
-27
-26
-22
-12
-15
-7
-2
0
13
14
11
17
13
19
19
14
18
17
17
14
6
6
-3
-10
-12
-12
-9
-14
-24
-23
-22
-23
-11
-8
0
6
-2
0
-5
-5
-2
-5
2
5
4
13
18
23
25
25
28
26
25
23
18
24
20
9
6
-3
-7
-12
-24
-27
-25
-29
-24
-28
-39
-29
-35
-32
-20
-25
-13
-7
-8
5
3
13
22
18
29
31
32
35
28
31
28
20
22
13
8
10
8
16
17
17
19
19
23
19
8
9
3
1
4
0
4
6
6
6
-4
-10
-12
-18
-18
-18
-18
-12
-14
-11
-5
-10
-5
-9
-13
-8
-10
-5
-4
-1
9
3
1
4
-4
-1
-10
-14
-2
-8
-6
-9
-19
-17
-22
-28
-31
-37
-27
-22
-26
-21
-20
-22
-16
-15
-11
-13
-10
-1
1
-5
-3
3
13
18
15
24
20
12
6
-5
0
-6
-10
-9
-5
5
11
16
26
46
59
62
69
80
92
93
81
87
97
94
83
62
59
63
48
26
12
12
5
-22
-40
-47
-43
-52
-80
-76
-69
-69
-78
-106
-94
-86
-86
-79
-84
-62
-54
-64
-57
-48
-24
-10
-14
-5
5
13
26
18
25
40
39
50
