-8
-15
-20
-11
-8
-12
-28
-41
-39
-54
-50
-45
-41
-26
-27
-15
-11
-8
4
-7
4
6
2
11
1
2
-3
-7
-4
2
16
21
36
48
59
61
55
59
64
68
69
67
62
51
37
24
22
13
10
7
-9
-6
-13
-20
-12
-8
1
-4
-6
-2
-13
-14
-26
-24
-16
-23
-27
-45
-45
-48
-45
-29
-21
-5
-7
-5
-6
-18
-20
-25
-31
-31
-37
-38
-42
-52
-55
-54
-46
-38
-22
-11
-4
10
20
30
30
31
32
29
29
33
42
46
47
41
28
14
7
19
25
27
31
27
24
10
2
5
0
5
-4
-7
-4
-16
-19
-24
-19
-12
-3
6
2
-3
-6
-7
3
8
12
17
4
-9
-18
-13
4
20
33
45
41
31
23
21
29
36
45
45
40
33
17
1
-6
0
13
11
12
9
0
5
3
11
18
11
2
-21
-36
-49
-62
-63
-68
-73
-88
-106
-117
-112
-98
-75
-51
-42
-48
-54
-61
-54
-38
-31
-29
-39
-49
-51
-53
-42
-26
-9
4
4
6
16
33
49
68
86
93
92
84
79
89
101
119
132
130
119
99
89
88
104
119
125
119
97
75
50
36
36
42
43
36
18
-3
-26
-51
-61
-68
-67
-65
-66
-68
-69
-71
-81
-94
-107
-111
-108
-93
-72
-57
-53
-56
-67
-72
-67
-50
-27
-15
4
11
8
3
-14
-23
-31
-35
-26
-11
-1
-2
-9
-19
-32
-39
-43
-48
-48
-42
-41
-32
-25
-23
-25
-31
-29
-20
-5
12
29
39
36
27
18
15
27
49
70
92
98
98
93
84
81
86
99
98
93
90
88
93
107
117
124
123
102
68
38
31
46
67
77
75
54
17
-20
-43
-44
-25
-1
11
1
-26
-59
-79
-75
-59
-37
-23
-24
-49
-88
-121
-135
-130
-117
-109
-115
-127
-132
-129
-121
-117
-112
-115
-120
-117
-109
-88
-54
-30
-26
-39
-59
-75
-69
-38
3
38
51
48
30
6
3
19
49
82
98
96
82
78
78
94
106
104
98
77
71
86
96
113
125
120
106
79
59
61
75
92
113
114
95
65
13
-17
-34
-39
-10
10
31
37
8
-12
-50
-76
-84
-98
-89
-82
-70
-53
-54
-55
-72
-97
-112
-116
-102
-83
-71
-59
-53
-50
-50
-64
-69
-69
-66
-55
-38
-13
-2
-5
-13
-14
-13
-10
1
8
9
13
15
29
32
28
33
27
21
10
12
28
39
57
56
46
31
18
19
25
40
57
63
50
31
20
20
24
32
38
31
19
3
-5
-4
16
42
58
68
57
27
-1
-20
-17
13
41
57
55
32
0
-26
-35
-19
11
30
35
20
-14
-42
-50
-41
-24
-14
-3
-8
-16
-21
-28
-30
-38
-40
-49
-60
-57
-55
-42
-33
-25
-26
-50
-71
-87
-85
-67
-48
-23
-14
-23
-37
-58
-55
-37
-20
-3
-10
-14
-22
-30
-19
-16
-6
4
-6
-15
-29
-33
-18
-4
25
38
32
34
20
22
25
29
49
57
93
116
126
134
108
105
91
92
117
118
158
165
162
171
140
132
104
81
96
79
95
93
69
63
13
-9
-26
-32
-5
-8
12
6
-29
-48
-86
-95
-96
-94
-77
-83
-86
-102
-133
-151
-169
-161
-152
-143
-119
-118
-118
-124
-141
-138
-132
-117
-100
-89
-79
-74
-78
-79
-74
-60
-47
-40
-35
-34
-20
4
29
37
35
27
32
42
30
25
11
-6
-9
-10
7
36
56
55
47
34
21
27
48
83
110
108
88
58
42
52
72
99
113
111
100
86
83
96
131
161
178
181
169
138
104
86
86
102
117
127
119
89
59
34
11
12
23
35
40
27
1
-33
-61
-86
-103
-115
-125
-133
-144
-156
-177
-190
-196
-198
-188
-182
-172
-157
-153
-150
-149
-149
-140
-132
-130
-138
-153
-163
-164
-153
-124
-92
-68
-66
-79
-88
-87
-50
-10
30
68
79
71
43
26
23
34
71
107
137
144
122
94
64
64
108
168
218
243
233
188
138
111
111
143
183
215
216
185
147
116
101
105
123
140
141
120
99
82
66
57
47
39
27
13
-3
-18
-25
-29
-39
-55
-84
-113
-134
-145
-143
-141
-143
-148
-160
-174
-187
-196
-184
-164
-145
-126
-116
-114
-119
-120
-98
-60
-16
20
26
3
-37
-70
-78
-67
-51
-40
-34
-55
-81
-90
-73
-27
21
57
75
64
38
25
26
32
43
46
40
29
13
10
16
28
38
46
41
35
39
57
90
109
119
112
83
54
42
51
66
88
101
95
81
75
77
86
119
152
166
164
138
106
70
38
21
0
-14
-35
-70
-91
-100
-86
-66
-54
-46
-45
-56
-53
-33
-11
10
3
-26
-74
-127
-158
-162
-158
-147
-144
-154
-162
-171
-166
-141
-108
-75
-50
-44
-46
-50
-60
-59
-49
-46
-44
-46
-53
-58
-57
-36
-10
12
25
38
42
40
49
65
87
100
97
78
61
52
56
80
102
117
124
123
115
119
145
178
210
212
191
151
107
87
86
97
106
88
53
8
-34
-45
-26
6
35
37
15
-16
-33
-37
-27
-15
-15
-33
-73
-106
-136
-157
-159
-160
-146
-135
-133
-121
-117
-95
-60
-35
-15
-9
-10
-28
-48
-58
-65
-57
-57
-53
-52
-55
-54
-60
-53
-42
-26
-6
2
18
29
39
49
42
42
33
18
17
15
22
26
29
33
30
33
38
47
54
61
70
74
87
96
106
110
99
89
54
27
20
19
35
44
54
55
41
32
22
18
24
25
19
5
-16
-40
-53
-65
-67
-62
-70
-69
-70
-70
-59
-54
-41
-25
-15
-3
2
8
7
7
13
9
4
-4
-9
-22
-23
-18
-18
-11
-16
-18
-12
-11
-20
-19
-15
-18
-19
-31
-43
-61
-71
-73
-69
-58
-50
-39
-33
-25
-11
0
20
37
55
69
67
62
54
57
63
61
60
47
33
12
-4
-4
-3
15
37
44
36
22
13
14
22
36
48
51
33
7
-12
-22
-12
-3
-1
-8
-25
-43
-56
-60
-46
-22
-7
0
-9
-23
-22
1
45
105
142
136
90
26
-18
-17
9
42
48
9
-54
-120
-160
-166
-147
-114
-89
-78
-87
-110
-132
-141
-127
-99
-55
-12
21
37
31
18
17
39
86
159
237
279
278
242
203
208
250
322
357
324
253
169
118
88
69
23
-56
-158
-260
-355
-434
-510
-605
-722
-851
-925
-944
-922
-891
-877
-869
-867
-850
-779
-643
-453
-252
-111
-29
46
189
423
690
913
1025
1029
975
951
1020
1145
1301
1410
1434
1399
1293
1164
1034
917
857
845
859
855
746
530
237
-43
-257
-378
-412
-438
-481
-542
-631
-754
-948
-1204
-1460
-1638
-1580
-1319
-963
-691
-636
-805
-1112
-1372
-1416
-1234
-873
-443
-152
-34
-33
-38
28
148
276
358
395
466
632
894
1168
1375
1449
1383
1227
1030
828
656
543
504
529
573
590
517
313
-3
-367
-695
-941
-1109
-1185
-1099
-781
-273
223
422
162
-449
-1065
-1322
-1105
-581
-15
429
758
1028
1197
1081
533
-362
-1216
-1540
-1113
-123
882
1330
970
-6
-1097
-1823
-1989
-1744
-1390
-1156
-1061
-960
-742
-418
-161
-138
-395
-798
-1083
-1023
-538
252
1106
1770
2100
2091
1842
1495
1198
1077
1178
1500
1955
2397
2700
2772
2604
2260
1836
1415
1062
818
717
750
835
884
801
528
85
-458
-982
-1361
-1539
-1565
-1533
-1548
-1631
-1717
-1800
-1905
-2080
-2305
-2477
-2472
-2240
-1874
-1557
-1428
-1493
-1627
-1665
-1543
-1302
-1023
-753
-529
-348
-197
-62
123
319
466
532
550
651
897
1249
1556
1683
1595
1361
1132
1020
1095
1319
1551
1635
1516
1291
1104
1008
920
736
450
213
145
238
375
414
331
167
-45
-259
-436
-536
-612
-812
-1165
-1443
-1242
-373
810
1518
1215
80
-1077
-1486
-1066
-283
348
745
1189
1818
2315
2172
1144
-431
-1826
-2407
-1965
-789
527
1278
1020
-199
-1818
-3027
-3409
-3100
-2611
-2367
-2346
-2226
-1752
-1014
-397
-291
-793
-1601
-2185
-2093
-1173
231
1567
2397
2641
2585
2463
2338
2137
1858
1713
1892
2388
2964
3340
3418
3279
3040
2717
2256
1646
973
444
223
316
537
626
431
31
-425
-855
-1311
-1870
-2419
-2739
-2629
-2116
-1460
-982
-851
-1008
-1307
-1621
-1898
-2102
-2146
-1968
-1604
-1146
-781
-635
-727
-1027
-1347
-1536
-1504
-1210
-731
-148
408
813
1051
1143
1122
1010
859
732
713
848
1110
1429
1706
1815
1693
1395
1045
771
614
551
556
652
831
960
879
538
66
-295
-426
-414
-416
-530
-675
-703
-664
-734
-1046
-1413
-1354
-614
521
1267
994
-113
-1207
-1509
-984
-226
207
360
664
1352
2103
2254
1487
80
-1278
-1948
-1695
-673
624
1558
1617
668
-869
-2283
-3025
-3016
-2637
-2311
-2199
-2121
-1772
-1088
-312
121
-72
-777
-1551
-1848
-1343
-125
1360
2582
3229
3338
3139
2847
2556
2303
2163
2247
2566
2984
3305
3436
3397
3228
2928
2415
1688
868
164
-209
-180
121
399
356
-135
-909
-1632
-2084
-2333
-2597
-2978
-3263
-3156
-2630
-2021
-1788
-2108
-2757
-3268
-3306
-2875
-2279
-1895
-1828
-1901
-1793
-1361
-823
-522
-589
-852
-1023
-930
-558
38
725
1298
1546
1417
1095
895
1041
1468
1935
2196
2201
2067
1944
1896
1886
1868
1781
1586
1280
969
842
932
1112
1143
915
555
254
88
-65
-323
-658
-961
-1177
-1331
-1309
-814
239
1383
1736
833
-818
-2140
-2409
-1771
-854
-102
567
1375
2218
2524
1753
11
-1890
-2988
-2848
-1704
-161
1169
1768
1360
121
-1336
-2367
-2770
-2788
-2793
-2908
-2970
-2709
-1933
-826
126
412
-102
-1028
-1770
-1832
-1059
253
1620
2607
3158
3494
3729
3719
3244
2502
1957
1907
2248
2615
2880
3079
3238
3264
3013
2474
1706
871
194
-202
-324
-326
-332
-399
-579
-891
-1299
-1726
-2221
-2818
-3379
-3631
-3375
-2810
-2258
-1940
-1883
-1950
-2045
-1981
-1715
-1432
-1438
-1868
-2372
-2486
-1978
-1097
-292
146
142
-91
-326
-363
-187
88
536
1195
2092
2911
3248
2994
2375
1798
1520
1678
2140
2652
2890
2815
2560
2143
1482
546
-295
-683
-604
-395
-354
-517
-846
-1281
-1858
-2578
-3299
-3655
-3005
-1079
1481
3295
3319
1779
-197
-1552
-2094
-2035
-1475
-283
1614
3659
4831
4070
1214
-2483
-5053
-5289
-3605
-1412
101
605
207
-833
-2224
-3624
-4651
-5047
-4600
-3388
-1880
-644
90
557
1035
1336
1231
746
342
748
2116
4237
6290
7461
7557
6699
5476
4159
2965
2165
1941
2403
3183
3805
3768
2956
1615
177
-986
-1881
-2542
-3064
-3178
-2731
-1944
-1283
-1489
-2562
-4110
-5373
-5808
-5575
-4874
-4066
-3151
-2020
-930
-126
54
-391
-974
-1458
-1506
-1069
-296
833
1752
2306
2256
1494
593
-278
-493
-137
329
911
1186
1525
1715
1510
1112
243
-399
-685
-262
854
1671
1977
1219
197
-490
-861
-581
-549
-390
-338
-385
25
-74
10
-393
-995
-1185
-1842
-1729
-2001
-2107
-1484
-304
3557
7535
10265
9254
4241
-82
-3099
-2638
-1465
-886
875
2256
5343
6045
3110
-2705
-10316
-12988
-11518
-5925
-225
2148
3095
1075
-1197
-4574
-8118
-9095
-7755
-2727
2576
6155
6940
4882
2595
545
-329
-555
-515
763
3213
6701
9330
9294
6762
2623
-868
-2730
-2854
-1561
-29
1967
3716
4830
4222
1387
-1723
-4038
-4033
-2918
-1465
266
1356
2458
2202
1099
-901
-3400
-4688
-5061
-3636
-2048
-474
756
777
458
-1058
-2017
-2584
-2874
-2313
-2004
-786
229
672
643
-498
-1398
-2183
-2633
-2367
-1650
-39
1789
2895
2972
1955
654
-22
91
951
1762
1965
1855
1724
2053
2407
2446
1943
1131
587
163
256
92
52
71
-194
-222
-1339
-2196
-3190
-3780
-3496
-3931
-3474
-3829
-2820
-56
4004
9489
10765
8974
2963
-2577
-4009
-3860
-496
495
2163
4326
4836
5192
112
-5719
-10950
-12968
-9147
-4560
807
3368
2966
1448
-2206
-5204
-7305
-7462
-4355
-366
4192
6621
5946
3859
151
-1779
-2370
-1797
237
1594
4077
6169
7340
7237
4361
1213
-1641
-2854
-1753
-195
2048
3632
4482
5267
4283
2508
-201
-2520
-2604
-1888
171
2004
3193
3741
2254
285
-2248
-4135
-4877
-4961
-3519
-1698
504
1813
1400
-161
-2672
-4014
-4083
-2994
-1235
-27
1287
1820
1431
125
-2214
-3830
-4373
-3534
-1748
-198
1022
1540
1520
1053
82
-1165
-2187
-2291
-1323
743
2781
4204
4474
3359
2096
557
-112
-387
-303
661
1293
2776
2852
2413
723
-2088
-3308
-5270
-4432
-4196
-3395
-1792
-2414
419
2483
7284
10890
9319
6858
492
-2258
-3977
-4700
-2839
-2156
1643
3828
5106
3226
-3461
-9775
-15038
-13360
-7757
-1468
3794
4717
4592
2067
-1958
-5396
-7950
-6414
-1753
3504
7842
8138
5678
2169
-1390
-2654
-3106
-2180
-362
1898
5158
7441
8390
6610
2869
-991
-3434
-3247
-1401
1233
3650
5510
6277
5534
3023
-169
-2620
-3352
-1958
46
2113
3191
3156
2452
594
-1526
-3563
-4806
-4364
-2822
-629
1303
1795
1037
-730
-2507
-3064
-2670
-1360
12
546
419
-673
-1851
-2563
-2962
-2947
-2869
-2372
-1405
-130
688
781
202
-1050
-1758
-1975
-1404
-204
721
1699
2391
2170
1338
179
-802
-440
-184
-8
310
181
1071
1309
1152
212
-1552
-2700
-3390
-2471
-1987
-1595
-2196
-2279
1025
5529
11409
13108
10544
6372
764
-2624
-5909
-7218
-5301
-1486
3368
6360
6606
2586
-4116
-11550
-14738
-12243
-7101
-586
3089
5469
5226
1735
-2038
-5828
-6304
-4285
-592
4261
7490
7999
5379
1260
-2120
-4280
-4921
-3551
-379
3764
6567
7371
6561
4691
2386
-291
-2304
-2423
-490
2159
4509
4891
4020
2295
-274
-1836
-3262
-3088
-2077
-717
1511
2315
2043
-536
-3108
-4148
-4069
-2710
-2373
-1245
-67
743
1223
194
-209
-354
-63
746
1169
1442
1222
558
175
-147
-757
-1570
-2455
-2506
-1869
-829
186
884
1054
593
-236
-1256
-1840
-2282
-1789
-818
158
839
437
522
286
51
-683
-1829
-1466
-1062
75
240
-81
73
-754
-430
-1135
-1611
-2079
-3370
-1056
2600
8561
13233
12939
10758
4819
-375
-5157
-9256
-9147
-7549
-1954
3492
7278
8650
3961
-2707
-10895
-14883
-12911
-7963
-648
4199
7068
6880
3131
-1256
-5451
-6909
-5291
-1882
2973
6941
8632
7903
4539
618
-3445
-6445
-7008
-4993
-412
4070
7303
8273
7486
5120
1327
-2279
-4954
-4727
-2570
899
4110
5464
5011
2553
-371
-3759
-5986
-6859
-5281
-1602
1390
4021
4097
3500
2071
-625
-2479
-4532
-4337
-3029
-931
1551
2700
3422
2625
1545
37
-1198
-1231
-689
524
1078
1362
1697
1899
1563
517
-733
-1288
-1092
-673
246
1150
1678
1412
389
-377
-530
-1046
-1459
-1862
-1765
-1146
-1016
-404
-82
106
-898
-1988
-2819
-3149
-2547
-2860
-1675
-1719
-1604
-1994
-2866
-78
3727
10304
13441
12101
7085
-23
-4509
-9511
-10957
-11101
-6991
-573
3843
8287
6754
3338
-3732
-10665
-11397
-9229
-2634
2644
5605
7176
4391
415
-3812
-6656
-5828
-3888
-139
4289
7073
8376
6569
3814
1077
-1440
-2669
-2987
-1254
1425
4223
6210
6729
6460
4452
1603
-1517
-3588
-3157
-1154
1840
3992
4430
3556
1874
127
-1820
-4072
-5818
-5597
-3209
375
3078
3644
2586
638
-1273
-2968
-4316
-4900
-4076
-2074
313
2174
2388
1715
467
-772
-1301
-1881
-1962
-1618
-755
1022
2661
3456
3020
1737
394
-436
-1159
-1677
-1320
-699
205
119
-808
-1244
-1359
-995
-924
-724
-628
37
306
303
1136
201
-169
-1981
-3633
-3344
-3951
-2486
-1676
-602
308
719
3838
8535
13685
13787
9070
1870
-4683
-8088
-10839
-10484
-7693
-3203
1467
3472
3950
1639
-3303
-8491
-10142
-6547
-243
4446
6017
6332
4715
1950
-2460
-6235
-6365
-4546
-185
3953
6936
7987
5859
3416
1238
136
-833
-1984
-1544
799
4442
7359
7578
5574
2100
-1267
-2641
-3488
-3228
-2803
-1727
1106
2523
2715
92
-3171
-5172
-6308
-4478
-2758
217
2025
2369
3454
1894
1007
-2002
-4398
-3790
-3070
256
1680
2604
3169
1776
1341
85
-774
-1169
-2001
-1675
-957
-188
536
825
1156
1596
1880
2060
2740
3034
3096
2078
228
-748
-1776
-1537
-1837
-2296
-1783
-1891
-971
-914
-1199
-987
-1635
-1353
-1226
-1326
-1968
-3155
-3111
-2849
-2470
-3478
-2583
2998
10549
17429
16544
10130
2253
-5988
-10359
-13301
-12363
-6992
-1308
4803
8155
7111
2019
-7684
-15658
-16177
-10649
-839
6495
10193
11706
8091
2459
-4814
-10053
-10074
-7305
-1301
5227
9720
10883
7766
3232
7
-1877
-2208
-1589
201
3773
6609
8272
7833
5752
3879
924
-1699
-3765
-4081
-1508
1215
3109
2635
550
-2076
-5059
-7040
-7722
-6211
-4026
-1597
822
2703
4639
4646
3625
1615
-1162
-2945
-3745
-2337
191
1697
2026
1418
1088
1325
519
-736
-1989
-2597
-2195
-2358
-2384
-2198
-1737
-641
351
955
1110
849
467
1396
2522
3127
3705
2121
1075
-65
-2130
-2045
-3204
-2652
-1191
-904
479
-391
-889
-1528
-2285
-2417
-2674
-1737
-633
3404
8643
14002
15628
9855
1937
-5908
-10212
-11170
-11489
-8513
-2724
2586
6972
6470
1246
-6201
-15845
-18432
-13487
-3757
6577
9615
9590
6303
999
-3575
-8388
-8707
-5285
-112
6427
10445
11072
7464
982
-3052
-3609
-908
2471
4841
7290
8488
8636
6429
2737
-880
-3444
-2699
-564
2816
4996
5674
5928
4086
1741
-1958
-4853
-6412
-6836
-5525
-4266
-2004
-1646
-2065
-2831
-3615
-2059
-1656
-932
-983
-1133
605
1505
2274
1535
-196
-1008
-862
782
2555
3109
2529
1508
1160
984
99
-1422
-3304
-3917
-3880
-3009
-1399
15
1745
1801
1559
781
-490
-748
-1772
-926
142
1007
2336
920
314
-1550
-3140
-3311
-5046
-4251
-5007
-3807
572
6757
15730
17989
15046
6750
-1517
-5808
-9560
-9276
-8081
-2734
3315
7119
9046
4826
-2311
-13161
-20153
-18110
-9323
2665
8873
10005
7143
890
-5555
-11805
-13630
-9786
-3040
5538
11998
14300
11610
4129
-2756
-6065
-5163
-1586
2481
6997
10953
12379
10332
5533
-468
-5420
-8630
-8575
-5200
-254
4599
6623
6612
4380
1057
-2146
-4832
-4513
-2263
1604
4905
5939
4886
1371
-2422
-5809
-7026
-6176
-4058
-944
1442
3260
2512
-429
-3958
-6473
-5526
-2655
1080
4359
5791
5840
4410
1955
91
-1084
-1194
-95
906
1929
2269
1244
-481
-2622
-4746
-5201
-5014
-3369
-745
1003
3219
2883
2462
1035
-1095
-1396
-2865
-1601
-2112
-2404
-172
3657
12167
14990
11887
3030
-6949
-11218
-13821
-12319
-8812
-2865
3521
6659
7129
3474
-3536
-13313
-19069
-15842
-4513
7922
13248
11917
5934
-1291
-7782
-12479
-12429
-7834
-1104
6329
11371
12330
8229
-609
-7637
-9429
-5080
2585
8917
13927
16577
16868
14142
8297
1580
-4176
-6701
-5754
-1731
3221
6525
6823
3281
-1984
-7173
-10510
-11042
-9380
-5626
-693
3839
6749
6558
3658
-131
-3744
-4832
-4234
-1855
1458
3480
4714
2757
-432
-3982
-6902
-6801
-5669
-2630
572
2996
4701
3625
1528
-693
-2034
-1401
-1299
-753
247
852
2508
1921
1073
-466
-3350
-4249
-5478
-3585
-1096
281
1160
-927
-702
-360
1281
2126
1244
4560
9399
17101
19066
13597
4930
-5645
-10567
-13357
-11965
-7041
-2676
1602
1815
79
-3885
-10897
-17139
-18265
-10729
2214
12151
13949
8531
-152
-7340
-11259
-10826
-6060
214
5856
9208
9772
7280
1048
-6678
-11016
-8793
-916
7793
12822
13782
11744
8760
5813
3181
1554
838
1557
3260
5379
6334
4941
1328
-3397
-6656
-7799
-6988
-5596
-4361
-2564
-533
1306
1347
-398
-2659
-4088
-3204
-826
2174
4100
4130
2971
1158
-676
-2474
-4057
-4508
-3512
-1981
-203
625
856
144
-1937
-3260
-3899
-1923
896
3387
5626
5508
4743
1979
-880
-3078
-5226
-5663
-5384
-3123
-642
347
250
-1277
-2204
-2773
-3382
-2428
675
7311
15184
18258
15407
7057
-1044
-5587
-8365
-6945
-3733
2036
6714
6255
3944
-2412
-9656
-17735
-22265
-16087
-3707
10007
15324
11482
3340
-6274
-11900
-13057
-8216
198
7548
11784
11076
6820
-803
-9248
-13910
-12354
-4112
5746
12926
15785
13621
9115
3314
-931
-1727
-146
3351
6145
8001
8119
5615
995
-4628
-8412
-9067
-6261
-2360
763
1854
469
-1599
-4493
-6251
-6711
-5567
-2450
257
2894
3694
3010
1426
-949
-2083
-2095
-492
1794
3906
4623
2938
-654
-4636
-7143
-7353
-5610
-3316
-821
612
1257
1073
233
-1028
-2068
-1877
-624
2285
4225
5203
4179
1489
-1273
-3533
-3251
-2267
-1301
-1598
-666
4884
12935
18302
15026
6154
-2427
-5724
-4427
-3186
-516
796
1701
420
-2644
-4630
-8728
-12939
-16679
-13553
-3370
7000
12122
8310
171
-8068
-12990
-12417
-6541
2463
10104
13487
11996
6657
-669
-7726
-11023
-7960
578
9605
14476
13463
8351
2549
-1915
-4049
-3128
605
5237
9563
10897
8626
3987
-2198
-7392
-9899
-8789
-4304
1282
4458
3049
-643
-4911
-7318
-7694
-7542
-4512
185
5447
8405
6948
3273
-1117
-3831
-4611
-3827
-1024
2344
4721
5056
3104
-540
-3990
-6718
-7943
-5897
-3111
748
2969
1877
-814
-5140
-6992
-6528
-3217
527
3102
4257
2342
527
-2290
-2895
-1939
-2221
-161
2254
10431
19471
20335
13487
-270
-8037
-8487
-5376
-602
3136
7780
7847
3155
-3476
-10005
-14138
-19208
-18797
-9835
3912
13870
10048
-726
-12039
-16769
-13836
-7552
2548
11045
14942
12645
5864
-714
-6097
-8480
-7641
-1897
7812
14567
15232
8982
1028
-3176
-3793
-381
4382
9834
13596
12644
8913
2818
-1946
-4558
-5556
-3328
-373
2113
1561
-2229
-6525
-9580
-10115
-9117
-6536
-2585
1107
3419
2304
-658
-3651
-5292
-3775
-487
3787
6701
7146
6098
4248
2716
1379
402
-31
491
852
1044
26
-2154
-4637
-7540
-8424
-8665
-6811
-5220
-3531
-1631
-902
-262
-1378
-2811
-3042
-2447
127
837
805
2078
6657
16208
20612
17300
5590
-5001
-8348
-5709
71
4558
8165
8223
3547
-2557
-9329
-13954
-17755
-18944
-12580
-2076
7974
8466
721
-8951
-15590
-14641
-8773
1056
11116
16307
15603
9062
1806
-4163
-7303
-6820
-2820
5599
12841
14936
10345
2025
-2937
-3597
212
4792
8046
10230
9012
7115
3913
1412
941
-922
-1598
-2677
-2267
-1223
-2559
-4923
-7737
-7504
-5760
-3793
-2421
-2914
-2226
-2689
-2765
-2059
-1044
1873
3071
3659
2369
257
-217
148
3148
6223
7535
6704
3555
504
-2230
-3314
-3171
-2356
-960
-1560
-3299
-5849
-8300
-9225
-9347
-7374
-5948
-4233
-4067
-4107
-2540
-1619
666
4738
11786
17020
15489
8239
733
-323
1277
2726
3304
3598
4636
918
-3960
-8633
-10905
-11342
-13608
-11140
-4952
1875
2543
-5139
-13278
-17294
-13290
-6065
1937
9080
11689
10317
4893
337
-25
2889
8093
12350
15271
15334
11083
4817
-1011
-2019
1387
5704
8380
7744
5437
2533
89
-914
1347
6169
9311
8770
3778
-1761
-5325
-7306
-8552
-8620
-5905
-3335
-2125
-4173
-8662
-10160
-10057
-7230
-3116
354
3345
2693
139
-3636
-5567
-3886
-417
4206
7841
9414
8302
5077
1538
-1865
-1842
-537
836
2275
47
-3008
-7175
-9867
-9288
-6419
-3099
-3152
-4727
-7263
-9279
-7716
-3934
4872
13432
15629
11571
3531
1000
2465
4857
6091
5898
7063
7600
5765
2060
-2766
-7727
-12074
-11918
-7001
62
2402
-3821
-12489
-18382
-16834
-10524
-3850
883
2068
397
-2957
-4977
-3050
1310
6575
10068
11853
12869
12165
9670
6706
6388
9216
13161
14398
11831
6478
338
-4418
-5351
-1860
4868
8838
6916
774
-6279
-8672
-8024
-5858
-3612
-1475
832
1255
-256
-3885
-7050
-7342
-5912
-1890
1788
3824
2921
-1322
-5143
-7134
-4810
-138
4078
6624
6228
3811
593
-1965
-2796
-754
3087
6434
6749
3999
-1130
-5514
-7149
-7054
-4898
-3962
-3726
-4193
-5311
-6613
-7392
-4837
201
4870
4458
-753
-4279
-3903
1254
5836
7404
6946
4298
1347
-1123
-1673
-928
-204
-983
-1043
-141
42
-2513
-8782
-14311
-15531
-11930
-4819
1512
4025
1556
-4486
-9928
-10781
-6800
-249
5767
9364
11020
10119
8154
5913
5293
8420
13490
17539
17911
13776
8361
3827
2015
3134
6393
10844
11252
6897
-764
-7053
-9000
-7130
-5377
-5278
-4886
-5629
-5933
-6411
-8401
-8380
-7496
-5114
-1941
-356
538
-544
-1452
-1201
-431
1944
4212
5167
5688
4889
3595
3106
2943
2832
2407
1381
184
-1344
-2042
-2721
-3150
-2920
-2780
-2625
-3282
-5556
-8726
-10210
-9320
-5344
727
6424
8583
4102
-3869
-8259
-6252
317
4985
5128
3641
1945
1310
659
-499
-1863
-3625
-4517
-3186
-51
2479
390
-5887
-11475
-12962
-9766
-4954
-2280
-2109
-3426
-5069
-4970
-3074
-729
732
1209
2316
4031
5743
7112
7560
8952
11631
13760
14376
12258
8825
6940
7246
9758
13512
14822
11855
5903
-805
-4716
-3782
-336
2133
1286
-2865
-7933
-10694
-10793
-9803
-8796
-7970
-6574
-5092
-4223
-4587
-5951
-6440
-5518
-3577
-493
2337
4347
5892
6120
5696
6038
7236
8184
8432
7212
5061
4212
3168
1440
-73
-979
-798
-996
-2687
-5887
-9482
-11286
-10589
-7240
-3720
-494
342
-2898
-7261
-9788
-6773
-1396
1370
1122
-541
-957
-422
-688
-1044
-716
-214
-508
-908
-1580
-1330
-1380
-3508
-5303
-5713
-3702
-991
-872
-2866
-5258
-6256
-4975
-2880
20
2116
2685
2357
1394
1436
3824
7008
9852
12415
13373
13412
11588
8761
6637
6481
7719
10177
13428
13831
10475
4745
-1232
-4000
-2627
-398
789
108
-1891
-4825
-5475
-5252
-4812
-4361
-5531
-6847
-8367
-7973
-7711
-8920
-8968
-9429
-8242
-4609
-2284
-240
723
2
-235
2128
5875
9431
11554
10828
8639
7389
6611
5420
5370
5430
4115
2290
-21
-3082
-5443
-7263
-8058
-7359
-4298
-728
-1529
-6066
-10586
-10642
-5997
-2806
-3084
-4581
-4910
-3207
-2341
-2166
-2678
-3529
-4358
-4405
-3222
-1166
148
-1964
-5042
-6116
-4013
354
2758
2342
703
-1092
-1599
-1292
422
2414
2799
2360
2007
2785
5346
7512
7432
6926
6955
7965
9029
9260
8870
9048
9397
10804
13584
13385
9609
3975
-531
-111
3760
5555
3151
-1083
-4601
-6854
-6067
-6131
-6751
-6861
-6407
-4874
-4709
-4210
-6466
-10033
-10574
-10574
-7701
-3187
-1330
-1044
-1653
-2883
-3404
-2107
-273
1656
4269
6035
5879
6482
6358
4552
3880
4037
4647
5383
4730
2269
919
1594
1118
-617
-608
675
567
-1938
-5147
-5364
-2336
-1748
-5564
-9336
-9971
-7229
-4858
-4734
-6185
-7376
-8254
-7988
-6474
-4323
-1972
-2791
-5438
-7316
-6175
-1628
1761
2341
860
-837
-1376
-273
2746
5635
6917
5473
2951
2158
4430
7860
9612
10050
9837
9577
9183
8122
7121
7404
8134
10028
11384
9500
6848
3610
1670
2829
3772
2578
-974
-3852
-4797
-3078
-87
-817
-4176
-7929
-8463
-6734
-4313
-3030
-6162
-7818
-8063
-7954
-5921
-5099
-4957
-4058
-3218
-3002
-2213
-563
575
1457
2523
2168
2462
4621
4890
4718
5018
5284
5663
5232
3660
1358
1629
2441
1792
2141
3565
3304
-827
-4194
-4686
-2320
578
-1827
-5346
-7039
-7085
-5340
-3944
-4500
-6714
-9642
-11171
-9783
-7553
-4926
-5563
-8605
-10230
-10316
-6507
-2110
-672
-949
-1368
-1501
-1131
684
3383
6596
7806
6769
5641
6564
10076
12231
12626
12300
11487
11154
10163
9182
9130
9143
9831
9498
7176
4917
2761
1725
2262
2898
2108
-743
-3424
-5330
-4824
-3177
-3162
-4536
-6818
-6835
-5654
-3709
-3851
-7926
-10451
-11241
-9466
-5763
-3444
-2874
-2711
-2455
-2632
-2203
-1108
765
3222
5804
6464
5515
4994
4235
3670
3619
3934
4488
4244
3227
2032
1873
2849
1662
1322
3249
3939
2453
-581
-438
2164
3812
1953
-2950
-5236
-5667
-5163
-4189
-5049
-6883
-10293
-12090
-11513
-10277
-8043
-9220
-12097
-13770
-13192
-9011
-4742
-2857
-3676
-4248
-3345
-1852
162
1879
3918
5488
6057
5754
6230
8949
11251
11822
11709
11513
11705
11861
10908
10240
11456
12974
12113
9907
8016
6855
6723
5837
3391
70
-1887
-3082
-4174
-3703
-4623
-6174
-8067
-9944
-9837
-8675
-5982
-6045
-7512
-7976
-8981
-7474
-4976
-3788
-3415
-2715
-1687
-350
1393
1584
966
1466
2687
4261
6668
7425
6083
4536
3359
3742
4574
4430
2448
880
1799
3092
3322
3385
2911
384
-1663
-1506
1533
4968
4199
-497
-4888
-4964
-2825
-1210
-1396
-3622
-6589
-8477
-7528
-7192
-7011
-7402
-10524
-12054
-12285
-10611
-7040
-5570
-7018
-9319
-9739
-7735
-4293
-1995
-1255
-921
215
2273
4118
7002
9636
10736
11185
11243
11885
12890
13145
13141
13080
13701
14474
12362
9673
7502
5805
6080
6122
4505
1364
-507
-1600
-2226
-1936
-3666
-5619
-7234
-7223
-6866
-7226
-6952
-9719
-11518
-10986
-10382
-8264
-6812
-6583
-6241
-4663
-3027
-1909
-574
-4
679
2727
4156
4587
6014
6567
6257
6173
6150
6801
6847
5827
3906
3362
4961
5319
4681
5196
4364
1654
-800
-1627
826
3092
1836
-2327
-5355
-4945
-3798
-2417
-2366
-4361
-6927
-8541
-7758
-7055
-6367
-7075
-9014
-9145
-9532
-8681
-6553
-5691
-6419
-8052
-8287
-6980
-4622
-2535
-1874
-1434
-242
1426
3316
6408
9106
10196
10207
9682
10258
12003
12419
11900
11352
11436
12184
11212
10193
8767
7366
7222
6514
5406
2615
-247
-1630
-2106
-916
-1429
-2875
-5480
-7784
-8652
-9549
-8617
-10589
-12066
-11227
-10677
-8392
-7438
-8465
-8869
-7323
-4732
-2510
-978
-55
573
1702
2153
2260
4002
5502
6808
7327
7240
7089
5920
4350
2276
3231
5877
7502
7417
6297
6152
4371
2028
361
1679
4663
4474
949
-3058
-4121
-3589
-3582
-3749
-5083
-6491
-7071
-6982
-6574
-7125
-8008
-9762
-9547
-7607
-5433
-3435
-3487
-4970
-7052
-7564
-6556
-5087
-3469
-2489
-1719
-571
360
1188
2573
4497
6144
6988
7797
8941
10434
11001
10376
10339
11466
13350
13293
10835
8177
6648
7074
7375
6744
4715
1920
872
-161
-983
-1715
-3405
-5285
-7016
-6910
-6714
-6732
-8563
-12396
-13547
-12087
-8802
-6275
-6319
-7685
-7999
-6141
-4166
-3104
-3157
-2793
-654
2150
3721
4656
5343
5172
4876
4474
4691
5948
6851
6181
4677
4353
5658
6302
5648
5097
5604
5197
2994
1312
1289
3362
3062
-177
-3219
-4268
-2816
-2682
-3512
-5351
-6987
-7232
-7288
-7205
-7981
-8728
-9879
-10115
-8900
-7160
-4630
-3588
-4835
-6474
-6936
-5765
-3011
-1080
-470
152
780
2104
3197
4651
6787
8023
8314
8207
8987
10420
10889
9836
8645
9594
11936
12199
10351
8699
7944
8184
7590
5430
2799
1625
1839
1043
470
-720
-2528
-4744
-6578
-6500
-7125
-7927
-10680
-13680
-13195
-11221
-8469
-7334
-9095
-10892
-10859
-8906
-6117
-4822
-3764
-1400
-108
-462
495
3673
4921
3988
4476
6470
7765
7222
6436
5882
4850
4071
4507
5923
7025
7360
7813
7388
4814
2068
2094
5184
5994
2797
-961
-2273
-1237
-1176
-1716
-4069
-6860
-8175
-8721
-7424
-7207
-8461
-10591
-11710
-10563
-9115
-6859
-5202
-5137
-6573
-7746
-6736
-4351
-1956
-1027
-774
-325
685
2566
4941
6915
7448
7118
6937
7814
9684
11106
10952
9753
9174
10253
11360
10466
8884
7837
7899
7856
6329
4324
2351
2177
2642
1682
-221
-3036
-5765
-7092
-6052
-5017
-6224
-9432
-13071
-14349
-12611
-9592
-8023
-8077
-9356
-10617
-9746
-7613
-5249
-3880
-3730
-2765
-779
919
1928
2786
3727
4247
4542
5188
6637
7726
7530
6388
5378
6260
7911
8693
7794
6373
6859
8065
7014
4105
2937
4501
4959
2513
-558
-1672
-485
-226
-1406
-3835
-5665
-6031
-6669
-6664
-7561
-8783
-9670
-9790
-8759
-7788
-6645
-6409
-7204
-8444
-8589
-6833
-4251
-2495
-2179
-2442
-2097
-206
2102
3945
4736
5022
5461
6173
7374
8158
8525
8250
7694
7903
9340
11000
10254
8056
6868
7277
7501
5419
3644
2598
2543
3661
2946
562
-2629
-3873
-4495
-4126
-2856
-4757
-7845
-11114
-11667
-10054
-8240
-7192
-8829
-10761
-10609
-8718
-7417
-5971
-5168
-5086
-5076
-4137
-1667
421
2720
3547
3301
3277
3949
5637
7007
7469
6484
5647
6115
7441
8519
8902
7886
5744
5447
6815
7614
6344
4589
4555
3976
2040
331
-406
-73
-260
-1002
-2373
-3823
-4889
-5943
-5541
-5211
-6353
-8329
-8754
-7785
-6850
-5734
-5708
-5812
-5853
-5789
-5841
-5381
-3936
-3004
-2125
-1621
-1081
-394
815
2026
2550
3653
4267
3880
3392
4600
6703
7301
6775
5991
6318
7633
7608
5492
4167
5036
5574
5482
4980
2780
947
751
1217
1264
1136
-30
-2611
-3496
-3456
-3970
-5552
-6650
-6554
-6419
-5879
-5862
-6884
-7660
-6670
-6332
-6562
-6284
-5714
-3933
-2526
-1921
-2494
-2558
-796
1032
2076
2237
2125
2538
3585
4316
4670
4927
5230
5554
5887
6576
6574
6151
6136
6542
6949
5428
3445
2835
3581
4150
2964
1155
-454
-1133
-1152
-582
-518
-1754
-3143
-3662
-3622
-4079
-4562
-4931
-4036
-2739
-2623
-3250
-4057
-4308
-3719
-2551
-2162
-2532
-3691
-4489
-3999
-3276
-2285
-1465
-1294
-1732
-2147
-2004
-1432
-961
-578
22
449
568
921
1757
2646
3313
3488
3087
3198
4345
5003
4463
3964
4100
4356
4854
4395
3035
2999
4183
4723
3481
1580
-85
-843
-365
298
-166
-1514
-2536
-3237
-3586
-3438
-3131
-3447
-4333
-5160
-5287
-4615
-3242
-2256
-2537
-2816
-2720
-2117
-998
168
735
733
817
1266
2073
2879
3654
4500
5074
5386
5193
4153
3555
4092
4952
4521
3455
2499
1529
1076
893
947
517
-506
-2132
-3470
-3791
-3952
-4440
-4485
-4035
-4111
-4101
-3933
-3640
-3810
-4183
-4337
-4487
-4407
-4425
-3758
-2843
-2392
-2637
-2874
-2373
-1900
-1593
-1362
-928
-237
349
637
577
429
991
2334
3554
3823
3538
3569
4127
5032
5307
4524
3855
4379
5326
5966
5921
4684
3270
3304
4339
4535
3722
2450
1344
1054
1349
808
-777
-1781
-2037
-2141
-2402
-2745
-3656
-4530
-4446
-4304
-3855
-3309
-3100
-3089
-2927
-2555
-2368
-1456
-266
494
728
519
598
1097
1564
2047
2475
2326
1962
1585
1800
2483
2877
2391
1441
1358
1686
1369
456
-13
53
-139
-860
-2228
-3281
-2945
-2173
-2090
-2723
-3567
-4413
-4631
-4045
-3406
-3021
-3287
-3433
-3475
-3437
-2764
-2197
-1832
-2108
-2316
-1764
-1106
-317
105
139
187
235
338
543
1204
1910
1858
1317
749
817
1433
2191
2754
2278
1549
1578
2141
3127
4594
5426
4837
4099
3896
3942
4421
4541
3494
2466
2247
2225
1905
1423
791
174
-110
-211
-323
-688
-873
-835
-1071
-1136
-955
-857
-609
-411
-767
-1178
-1137
-907
-617
-559
-867
-845
-231
525
911
351
-448
-686
-647
-216
-88
-757
-1286
-1294
-939
-664
-1226
-2374
-2855
-2234
-1355
-1040
-1572
-2637
-3510
-3356
-2315
-1561
-1140
-894
-984
-738
-406
-362
-207
-717
-1408
-1322
-1059
-588
-82
287
515
554
221
-224
19
133
-451
-1545
-1843
-1064
-371
297
316
-277
-789
-1067
-1182
-925
-147
288
327
597
824
1081
1545
1980
2122
1611
1371
1657
2412
3064
2936
2524
1756
1582
2034
2405
2688
2507
2058
1820
2109
2635
2602
2405
2424
2287
2221
1950
1531
1194
1429
2384
2562
1870
1320
1219
1548
1811
1410
524
5
66
65
-361
-992
-1745
-2294
-2334
-2368
-2987
-3759
-3755
-3630
-3876
-4284
-4719
-4957
-4984
-4991
-5228
-5195
-4783
-4327
-3984
-3346
-2605
-1959
-1681
-2064
-1757
-796
-174
-229
-222
388
1253
1671
1679
2074
2359
2404
2593
2996
3132
2885
2205
1554
1589
1904
2471
2970
2961
1865
436
-274
-333
-334
-908
-1463
-1874
-1934
-1687
-1712
-2003
-2363
-2625
-2601
-2309
-1946
-1607
-1632
-1868
-1843
-1379
-870
-449
-155
-205
175
873
1300
1637
1954
2615
3672
4843
5755
6015
6076
6353
6771
7462
8306
8598
8072
7459
7044
6656
6472
6026
5033
3949
3106
2444
1966
1601
618
-850
-2176
-3246
-4104
-4900
-5687
-6703
-7729
-8548
-9148
-9671
-10156
-10418
-10657
-10454
-10050
-9878
-9458
-8892
-8335
-7612
-6592
-5679
-4983
-4208
-3632
-2968
-2107
-922
574
1497
2060
2519
3533
5165
6040
6268
6379
6534
6744
7187
7780
7852
7548
7178
7101
7516
7574
6969
5791
4390
3575
3277
3154
2588
1287
-40
-751
-1226
-2066
-3183
-4457
-5462
-6308
-7135
-7431
-7408
-7519
-7752
-7797
-7422
-6639
-5738
-4979
-4374
-4010
-3517
-2435
-1113
364
1723
2511
3154
4096
5379
6702
7849
8638
9088
9526
10415
11365
11568
11423
11060
10139
9147
8699
7945
6914
6257
5328
3957
2599
1274
-231
-1546
-2729
-3897
-5064
-6080
-7206
-8740
-9754
-10188
-10877
-11673
-11881
-12174
-12820
-13228
-13340
-12687
-11450
-10519
-10007
-9208
-7834
-6137
-4698
-3868
-3240
-2301
-884
578
1863
2898
3656
4173
4641
5333
6048
6646
7042
7322
7662
7849
7918
8128
8426
8521
8408
8459
8205
7301
6625
6437
5881
4715
3759
3359
3324
3063
2086
851
-197
-934
-1576
-2381
-3417
-4601
-5295
-5347
-5458
-5968
-6497
-6687
-6786
-6702
-6233
-5801
-5643
-5778
-5611
-4393
-2594
-1192
-585
-300
286
1209
2086
2647
3143
3756
4440
4973
5090
5199
5425
5418
5293
5199
5295
5456
5262
4799
4188
3640
3618
3605
3089
2422
1558
632
32
-680
-1591
-2284
-2878
-3564
-4081
-4310
-4666
-5303
-6078
-6840
-7022
-6477
-5882
-5828
-6438
-7032
-6862
-6005
-5124
-5037
-5522
-5738
-5490
-4840
-3914
-2986
-2275
-1626
-906
-166
662
1353
1935
2635
3364
4115
4718
5143
5628
6062
6306
6339
6116
5765
5768
6157
6206
5770
5125
4506
4264
4095
3698
3320
3113
2987
2593
1967
1364
887
659
492
201
-320
-651
-310
192
358
-114
-752
-715
-404
-262
-544
-1339
-1959
-2126
-2084
-2049
-2240
-2691
-3014
-2902
-2922
-3216
-3482
-3882
-4021
-3742
-3347
-3129
-3375
-3564
-3362
-2877
-2476
-2531
-2643
-2385
-1839
-1389
-1107
-760
-220
372
696
867
1159
1503
2116
2924
3170
2850
2532
2566
2755
3119
3294
2633
2118
2082
1605
956
818
500
293
686
775
188
-390
-586
-719
-721
-873
-1313
-2010
-1934
-1532
-1956
-2212
-2386
-2412
-2140
-1678
-1673
-1822
-1577
-1520
-1379
-1290
-630
27
282
470
410
599
1022
1509
1650
1846
2145
2478
2906
3132
3434
3748
4004
4198
4333
4377
4280
3934
3428
3126
3049
3159
2917
2195
1478
817
413
345
205
-331
-825
-1257
-1691
-1706
-1728
-1726
-1781
-2240
-2801
-2942
-2560
-2244
-2276
-2679
-2974
-3036
-2932
-2720
-2915
-3317
-3634
-3822
-3650
-3352
-3489
-3698
-3688
-3694
-3674
-3535
-3517
-3488
-3212
-3038
-2686
-2170
-1572
-890
-445
-200
-97
226
947
1691
1991
1985
2217
2765
3316
3612
3676
3813
3971
4098
4318
4460
4686
4811
4776
4861
5007
5010
4612
4184
3776
3329
3010
2626
2215
1730
1251
639
-75
-638
-1190
-1489
-1719
-1931
-2057
-2249
-2278
-2327
-2291
-2175
-2116
-2083
-2249
-2260
-2030
-1691
-1488
-1680
-2010
-2174
-1777
-1226
-974
-979
-1250
-1280
-926
-459
-195
-10
329
472
490
426
400
611
910
1032
897
953
1161
1358
1491
1426
1252
910
732
774
864
968
675
73
-486
-563
-392
-681
-1253
-1793
-1987
-1972
-2014
-2115
-2245
-2003
-1578
-1320
-1233
-1293
-1335
-1419
-1250
-755
-325
-139
-385
-792
-999
-753
-197
-20
-203
-429
-458
-178
210
408
118
-308
-549
-536
-272
-35
71
-124
-404
-446
-193
357
686
572
356
556
1257
1932
2185
2080
2131
2447
2743
2785
2580
2540
2744
2956
2981
2862
2809
2767
2647
2497
2371
2353
2397
2332
2056
1635
1231
814
397
49
-244
-549
-912
-1203
-1409
-1524
-1560
-1645
-1803
-1880
-1738
-1538
-1435
-1467
-1633
-1854
-2012
-2009
-1894
-1721
-1622
-1751
-1956
-1985
-1777
-1507
-1343
-1366
-1515
-1557
-1486
-1505
-1674
-1875
-1967
-1870
-1598
-1387
-1404
-1532
-1579
-1470
-1258
-995
-774
-570
-268
-30
-91
-375
-529
-314
122
504
578
406
365
556
791
933
1076
1324
1499
1518
1474
1548
1893
2276
2365
2079
1818
1963
2381
2877
3221
3304
3189
2932
2717
2599
2596
2643
2471
2159
1824
1525
1246
834
312
-354
-903
-1288
-1683
-2025
-2344
-2513
-2736
-3136
-3562
-3902
-3916
-3846
-3925
-3969
-3762
-3288
-2933
-2718
-2332
-1717
-975
-520
-315
69
820
1728
2304
2668
3031
3381
3694
3838
4013
4327
4688
4851
4610
4274
3982
3699
3335
2878
2554
2263
1881
1252
468
-82
-391
-643
-1159
-1942
-2706
-3308
-3585
-3657
-3709
-3962
-4573
-5317
-5854
-5804
-5275
-4839
-4801
-5105
-5293
-5060
-4461
-3773
-3329
-3012
-2669
-2222
-1621
-1075
-677
-440
-193
250
869
1621
2213
2532
2747
3082
3665
4248
4665
4822
4819
4911
5024
5072
4931
4669
4443
4270
4162
3937
3536
3071
2678
2438
2243
1937
1385
651
50
-182
-78
-20
-396
-1208
-2087
-2610
-2704
-2546
-2462
-2633
-2957
-3228
-3238
-3092
-2961
-2863
-2688
-2281
-1760
-1378
-1294
-1393
-1343
-1019
-525
-155
-82
-161
-147
77
333
453
423
357
353
404
467
468
440
401
385
388
337
205
28
-31
51
157
145
-12
-146
-127
9
56
-75
-213
-198
-56
13
-83
-197
-129
103
258
179
-3
-104
-91
-44
-1
74
207
318
323
279
293
393
501
557
595
651
734
856
978
1085
1154
1176
1209
1287
1392
1419
1312
1154
1080
1171
1300
1242
929
539
306
246
157
-148
-624
-1077
-1350
-1483
-1608
-1861
-2200
-2459
-2532
-2463
-2450
-2568
-2693
-2596
-2210
-1723
-1388
-1288
-1280
-1188
-893
-428
88
524
739
747
700
770
1034
1365
1635
1752
1724
1673
1681
1757
1827
1795
1638
1454
1386
1459
1503
1295
838
371
178
263
304
49
-438
-873
-1076
-1154
-1272
-1475
-1682
-1814
-1874
-1912
-1936
-1944
-1936
-1888
-1793
-1611
-1372
-1163
-1019
-913
-757
-503
-219
7
166
320
519
732
933
1095
1205
1289
1404
1615
1890
2092
2079
1929
1894
2101
2371
2397
2132
1859
1850
2038
2093
1831
1403
1085
998
1060
1058
838
384
-196
-696
-953
-961
-886
-989
-1362
-1850
-2164
-2134
-1847
-1517
-1353
-1371
-1454
-1452
-1254
-963
-736
-681
-765
-814
-756
-656
-603
-641
-686
-646
-514
-339
-221
-164
-132
-78
32
120
185
182
82
-6
-94
-175
-296
-529
-739
-828
-731
-539
-478
-572
-684
-634
-348
-34
115
18
-211
-318
-232
1
152
57
-171
-337
-242
55
362
557
633
698
791
876
982
1148
1343
1437
1289
961
656
547
616
689
670
572
505
514
562
624
704
838
996
1085
1039
871
673
534
476
426
322
185
76
40
15
-60
-158
-186
-86
57
116
52
-62
-99
-73
-97
-203
-333
-349
-230
-96
-92
-247
-417
-423
-231
17
122
24
-168
-313
-349
-361
-439
-592
-774
-931
-1081
-1240
-1398
-1512
-1564
-1606
-1696
-1817
-1885
-1827
-1659
-1505
-1448
-1469
-1462
-1336
-1099
-833
-608
-455
-327
-187
-15
193
410
626
813
974
1115
1277
1492
1729
1951
2082
2103
2067
2055
2119
2216
2257
2169
1953
1707
1524
1398
1279
1113
905
701
496
264
12
-197
-307
-357
-423
-560
-695
-734
-657
-542
-528
-621
-714
-699
-545
-381
-346
-481
-694
-813
-753
-553
-369
-328
-460
-669
-790
-746
-564
-375
-277
-303
-417
-539
-598
-569
-465
-323
-203
-162
-199
-270
-299
-220
-62
83
162
173
166
189
243
281
269
217
203
257
316
340
280
183
135
165
248
272
182
18
-113
-167
-178
-238
-407
-625
-792
-851
-842
-869
-983
-1131
-1220
-1166
-1013
-863
-784
-778
-743
-597
-359
-126
0
66
182
416
744
1012
1145
1169
1191
1344
1597
1877
2033
2025
1945
1886
1931
2020
2092
2097
1999
1905
1802
1655
1466
1221
1045
948
880
749
447
64
-304
-541
-620
-678
-799
-1056
-1364
-1600
-1732
-1742
-1741
-1748
-1751
-1762
-1718
-1678
-1650
-1609
-1547
-1395
-1191
-996
-868
-814
-779
-727
-633
-532
-452
-415
-428
-433
-404
-354
-317
-357
-441
-510
-500
-403
-297
-222
-205
-186
-138
-70
-6
26
74
180
341
505
586
561
466
385
382
460
563
628
633
583
523
477
443
432
427
460
538
645
759
802
795
765
740
745
758
780
796
819
826
798
714
561
397
260
212
245
283
263
172
62
-36
-92
-118
-157
-207
-236
-213
-162
-159
-210
-260
-219
-75
87
185
176
123
126
188
262
285
219
111
21
-50
-133
-259
-394
-484
-510
-507
-551
-688
-885
-1030
-1033
-930
-832
-851
-995
-1165
-1264
-1252
-1158
-1051
-945
-865
-785
-683
-572
-420
-233
-4
244
466
635
715
736
731
736
795
877
919
889
785
677
635
673
762
826
824
777
712
664
616
541
433
330
248
153
28
-150
-346
-473
-486
-415
-354
-376
-444
-514
-524
-446
-353
-303
-347
-433
-491
-503
-481
-500
-547
-587
-597
-521
-411
-303
-197
-78
102
323
526
667
732
802
922
1072
1185
1180
1065
904
793
768
762
697
538
331
166
75
39
-10
-135
-287
-426
-513
-550
-623
-742
-887
-985
-1006
-993
-999
-1069
-1154
-1191
-1132
-993
-862
-798
-793
-799
-767
-681
-554
-408
-253
-112
-8
41
55
94
209
414
673
894
995
983
914
895
993
1190
1411
1550
1540
1399
1236
1149
1186
1312
1421
1426
1304
1108
922
788
708
652
600
518
396
231
29
-142
-247
-291
-317
-393
-546
-739
-905
-990
-1025
-1068
-1167
-1323
-1477
-1577
-1588
-1534
-1460
-1412
-1395
-1375
-1348
-1274
-1156
-1017
-871
-759
-666
-598
-537
-469
-391
-273
-139
-16
63
73
57
51
114
249
391
487
495
459
414
417
480
548
619
633
604
527
427
380
349
364
395
394
376
318
274
266
293
344
367
387
385
379
396
403
412
405
394
390
379
370
349
346
356
377
412
426
445
475
535
632
713
757
757
729
696
649
601
536
447
345
233
105
-38
-175
-293
-372
-419
-464
-524
-621
-737
-832
-896
-919
-929
-946
-971
-1010
-1044
-1068
-1076
-1049
-983
-867
-742
-660
-624
-614
-577
-481
-332
-172
-66
-48
-94
-144
-143
-86
1
78
120
123
102
83
71
99
165
248
316
322
254
148
69
56
89
110
92
26
-54
-96
-103
-63
2
61
135
205
249
271
286
344
440
535
573
535
481
437
431
442
443
442
425
385
314
238
201
217
258
286
234
141
53
6
37
63
60
26
-33
-64
-71
-48
-26
-25
-26
-45
-72
-110
-138
-124
-98
-76
-108
-188
-249
-260
-220
-182
-186
-217
-240
-254
-263
-286
-315
-284
-198
-134
-128
-189
-245
-226
-148
-47
14
42
47
34
20
-3
17
84
162
216
166
56
-44
-82
-30
28
54
30
-26
-87
-147
-181
-186
-156
-106
-77
-88
-140
-191
-210
-188
-134
-83
-42
-20
-20
-36
-69
-65
-12
76
166
209
198
157
147
196
294
393
451
473
466
471
493
548
644
728
789
784
712
652
646
710
781
780
687
531
378
281
240
213
153
48
-121
-310
-469
-588
-651
-704
-774
-885
-1027
-1158
-1255
-1289
-1290
-1273
-1258
-1267
-1271
-1252
-1191
-1083
-951
-813
-680
-552
-415
-262
-80
114
303
462
596
719
834
953
1063
1153
1222
1268
1283
1265
1225
1159
1085
1005
911
804
662
491
312
144
-15
-155
-289
-427
-568
-715
-844
-939
-995
-1036
-1068
-1095
-1125
-1128
-1103
-1044
-962
-868
-773
-689
-606
-522
-402
-238
-45
156
321
449
562
671
808
970
1139
1289
1381
1433
1451
1469
1495
1516
1523
1483
1416
1313
1195
1076
933
785
619
443
255
42
-170
-386
-595
-787
-975
-1141
-1306
-1467
-1607
-1731
-1810
-1849
-1850
-1827
-1781
-1718
-1637
-1533
-1413
-1251
-1050
-814
-553
-314
-103
82
242
426
634
855
1066
1227
1327
1364
1363
1366
1392
1431
1444
1405
1296
1129
959
809
703
616
502
343
127
-94
-281
-419
-503
-565
-642
-752
-910
-1067
-1183
-1234
-1206
-1142
-1107
-1120
-1177
-1255
-1282
-1236
-1119
-961
-810
-685
-589
-493
-382
-239
-61
150
398
650
890
1089
1242
1371
1496
1636
1778
1882
1915
1884
1832
1785
1736
1660
1528
1360
1186
1031
891
753
595
416
231
59
-94
-236
-391
-547
-657
-718
-755
-822
-957
-1143
-1292
-1331
-1261
-1160
-1131
-1193
-1286
-1327
-1286
-1190
-1088
-1008
-934
-860
-774
-692
-633
-586
-534
-465
-364
-258
-198
-207
-218
-137
78
325
395
229
-21
-102
102
422
619
614
507
456
470
431
292
174
283
630
960
984
647
192
-78
-56
148
369
511
579
560
402
105
-227
-379
-249
104
444
578
492
292
128
11
-47
6
214
565
855
882
612
219
-33
-19
195
412
527
524
432
265
-14
-301
-479
-433
-198
5
35
-186
-503
-736
-823
-766
-704
-602
-484
-396
-378
-535
-717
-808
-690
-412
-234
-190
-279
-314
-249
-221
-213
-272
-223
-64
64
138
56
-6
-4
32
120
121
143
167
232
364
431
458
364
256
233
303
484
593
648
627
545
465
308
218
220
321
458
439
296
55
-143
-248
-315
-301
-282
-226
-235
-393
-586
-774
-789
-705
-616
-562
-612
-630
-676
-704
-694
-669
-515
-356
-207
-142
-188
-192
-180
-38
184
416
642
728
762
742
714
756
810
915
1008
1091
1146
1110
1012
857
718
629
581
555
523
524
520
472
346
153
-10
-111
-172
-187
-173
-135
-146
-252
-408
-574
-642
-651
-648
-639
-679
-729
-821
-911
-928
-899
-831
-835
-921
-993
-1035
-989
-907
-827
-722
-645
-614
-672
-751
-740
-624
-393
-188
-66
-12
-23
-8
26
104
251
401
541
612
643
698
748
806
845
896
985
1057
1103
1061
954
841
739
697
678
676
674
602
480
303
133
57
43
77
108
100
78
-2
-107
-218
-312
-313
-290
-242
-189
-183
-180
-229
-270
-282
-277
-195
-97
40
155
193
175
102
68
72
130
213
243
242
169
94
84
104
192
267
295
274
190
124
84
99
149
140
70
-83
-265
-387
-424
-372
-304
-288
-344
-478
-614
-709
-714
-640
-578
-543
-594
-686
-766
-838
-840
-795
-709
-579
-477
-409
-379
-355
-310
-261
-187
-101
-11
73
122
137
124
110
128
161
199
227
242
259
272
308
357
393
409
387
343
305
295
318
346
360
338
286
232
191
187
211
259
311
317
294
245
213
223
245
288
318
293
243
178
135
131
146
178
199
203
197
177
159
147
137
128
134
141
149
137
108
69
24
-6
-27
-24
-25
-24
-23
-38
-47
-65
-87
-112
-129
-125
-109
-89
-71
-78
-129
-202
-289
-365
-394
-389
-375
-377
-424
-511
-596
-651
-678
-671
-647
-613
-609
-647
-688
-726
-710
-644
-561
-486
-457
-456
-467
-476
-451
-390
-311
-223
-151
-110
-86
-62
-31
7
52
95
139
192
254
340
426
480
499
483
465
489
568
680
787
846
822
729
622
557
569
655
755
805
771
670
543
461
454
512
609
665
647
557
423
320
265
268
302
320
301
213
102
4
-45
-34
-19
-26
-69
-149
-232
-309
-357
-364
-359
-363
-404
-478
-549
-597
-604
-590
-578
-564
-563
-571
-572
-577
-571
-547
-504
-439
-385
-356
-342
-326
-309
-292
-258
-239
-215
-175
-135
-75
-41
-15
13
11
34
58
82
126
158
208
249
263
273
265
276
310
352
403
430
444
427
391
376
380
403
415
395
340
267
203
152
129
126
114
76
-9
-130
-249
-329
-340
-302
-252
-224
-262
-349
-455
-520
-496
-409
-300
-214
-194
-238
-301
-339
-311
-204
-67
45
101
102
96
134
220
347
451
500
499
456
447
490
566
640
661
624
519
414
367
377
432
466
433
329
200
94
54
73
97
88
10
-121
-260
-369
-425
-425
-425
-471
-563
-699
-821
-878
-895
-855
-791
-750
-731
-771
-822
-837
-806
-690
-551
-428
-332
-281
-254
-208
-113
20
189
359
484
554
569
569
589
631
702
771
790
756
652
540
468
440
444
439
416
352
279
196
115
99
89
103
103
39
-35
-145
-227
-269
-271
-208
-164
-125
-113
-127
-90
-36
61
176
241
274
240
178
126
71
55
29
-7
-34
-90
-124
-162
-194
-181
-176
-131
-85
-60
-35
-60
-70
-87
-109
-108
-141
-167
-207
-252
-274
-309
-315
-318
-300
-258
-225
-176
-139
-112
-88
-103
-118
-140
-174
-185
-204
-220
-222
-236
-226
-188
-117
-16
90
184
238
252
246
247
281
328
364
386
354
301
254
225
254
293
335
360
333
298
252
234
242
260
296
286
242
170
86
36
-5
-15
-21
-50
-90
-147
-175
-186
-173
-139
-121
-109
-131
-164
-174
-167
-132
-98
-77
-87
-123
-137
-129
-82
-17
54
99
111
108
94
109
134
166
189
165
118
68
28
26
50
85
105
105
86
51
38
49
72
100
104
71
2
-85
-157
-193
-197
-197
-213
-263
-342
-412
-441
-427
-398
-365
-359
-379
-417
-439
-415
-376
-331
-315
-328
-356
-380
-361
-306
-228
-161
-132
-124
-122
-107
-53
46
158
250
305
307
270
225
204
238
300
359
391
372
315
265
268
336
450
570
648
653
613
552
511
529
565
600
599
543
457
357
289
264
257
251
228
172
89
4
-65
-106
-122
-121
-123
-129
-158
-193
-236
-284
-308
-296
-250
-200
-159
-134
-135
-156
-171
-190
-206
-219
-227
-221
-227
-244
-282
-344
-401
-448
-485
-504
-505
-481
-435
-378
-326
-284
-255
-250
-244
-259
-269
-266
-256
-220
-180
-142
-126
-151
-212
-296
-364
-365
-295
-165
-25
77
100
49
-31
-83
-62
42
203
351
441
439
370
307
291
355
467
591
679
692
646
562
489
477
503
546
589
572
508
429
344
305
295
293
311
300
252
203
140
103
95
82
81
45
-32
-95
-144
-186
-187
-195
-215
-229
-280
-326
-347
-375
-374
-358
-353
-333
-337
-359
-357
-357
-339
-289
-263
-247
-223
-208
-174
-135
-108
-68
-34
-24
-12
-2
10
55
93
110
129
111
79
68
49
61
93
96
84
39
-30
-66
-80
-75
-38
-33
-68
-107
-160
-193
-180
-146
-95
-45
-33
-39
-60
-83
-60
-20
26
92
123
127
126
101
100
138
166
218
244
229
231
208
186
211
220
235
242
190
164
150
137
173
189
174
162
115
79
72
65
95
130
132
133
102
58
37
13
4
12
5
-1
-12
-39
-65
-99
-136
-166
-198
-220
-231
-223
-212
-214
-235
-276
-324
-355
-358
-333
-275
-226
-212
-230
-285
-336
-346
-333
-280
-200
-140
-107
-112
-137
-157
-160
-126
-52
21
75
114
114
105
86
75
105
143
201
247
254
244
221
207
219
250
292
327
337
302
231
169
156
179
208
227
216
179
112
34
-11
-20
2
18
5
-3
-6
-28
-55
-83
-84
-64
-60
-75
-87
-84
-85
-111
-147
-162
-167
-169
-162
-138
-98
-95
-139
-209
-239
-195
-138
-108
-84
-65
-74
-116
-144
-108
-29
43
65
51
48
62
63
62
94
150
195
182
137
116
123
141
141
128
130
134
106
61
43
59
78
70
43
22
17
13
-6
-20
-7
16
21
-3
-25
-16
0
14
23
33
39
25
-7
-34
-31
-6
18
33
42
47
37
8
-22
-33
-31
-9
11
23
21
4
-7
-23
-54
-88
-118
-127
-134
-128
-118
-121
-124
-156
-197
-223
-229
-212
-187
-155
-125
-101
-102
-120
-135
-140
-124
-102
-65
-24
3
20
21
4
-7
-2
10
27
52
85
117
136
143
155
161
154
152
157
172
196
215
226
225
227
236
221
199
190
194
200
186
177
181
176
162
135
94
63
52
42
30
23
16
-7
-58
-119
-167
-203
-201
-177
-174
-185
-203
-237
-285
-331
-335
-302
-275
-263
-262
-249
-226
-220
-215
-190
-149
-113
-92
-67
-24
20
51
72
80
86
99
117
140
175
217
246
243
218
185
168
168
174
194
212
216
196
143
77
36
34
47
60
63
59
39
-13
-59
-89
-86
-44
-11
13
9
-17
-43
-72
-79
-70
-43
-9
-13
-32
-54
-72
-66
-64
-55
-45
-40
-31
-42
-40
-20
-9
-13
-40
-52
-44
-29
6
43
64
54
18
-19
-30
-10
31
74
100
90
50
6
-33
-45
-29
5
42
38
-8
-68
-112
-123
-115
-85
-53
-47
-74
-132
-179
-202
-189
-150
-115
-93
-116
-167
-198
-200
-160
-117
-71
-25
-31
-64
-98
-91
-36
22
82
121
120
97
66
76
113
160
214
241
251
236
206
187
190
213
237
255
259
233
200
169
160
162
164
166
157
136
107
80
63
48
33
15
-6
-32
-63
-88
-101
-98
-102
-108
-114
-127
-135
-148
-148
-122
-98
-81
-75
-79
-87
-96
-98
-82
-56
-35
-29
-39
-50
-51
-51
-44
-37
-28
-27
-43
-48
-38
-28
-13
-11
-27
-48
-69
-66
-52
-37
-19
-24
-47
-72
-84
-76
-53
-13
6
-10
-38
-73
-86
-82
-62
-21
-2
13
13
-9
-17
-24
-18
2
25
49
59
57
47
44
50
67
95
112
111
102
95
91
89
98
112
129
140
139
140
131
129
139
150
159
149
140
127
119
133
130
120
97
64
50
28
31
30
22
6
-34
-58
-91
-95
-91
-93
-89
-124
-141
-168
-185
-172
-186
-160
-165
-171
-159
-188
-160
-145
-119
-86
-83
-63
-87
-78
-64
-45
8
10
32
17
0
13
10
61
79
97
97
60
46
14
22
47
78
111
94
61
3
-30
-31
-25
14
33
34
15
-28
-51
-74
-72
-46
-21
-7
-21
-35
-53
-59
-46
-34
-12
0
0
-1
-3
6
1
-6
-3
-4
1
11
21
34
31
19
3
-8
-1
7
31
46
53
59
48
35
26
30
37
46
52
56
49
21
-3
-20
-17
-2
7
12
-1
-13
-22
-30
-26
-20
-19
-19
-33
-55
-64
-58
-50
-38
-33
-26
-20
-22
-19
-19
-3
12
34
50
50
45
34
35
48
71
89
96
85
60
42
34
36
43
48
47
37
15
1
-3
-10
-6
-6
-13
-26
-34
-36
-33
-25
-27
-32
-41
-59
-66
-63
-60
-57
-56
-69
-77
-93
-102
-92
-86
-67
-53
-51
-51
-54
-42
-33
-31
-20
-1
14
17
18
21
19
28
31
41
56
52
54
53
49
43
42
54
57
54
42
36
35
38
46
57
55
46
33
13
5
5
0
-1
0
0
1
-7
-15
-21
-19
-17
-16
-14
-21
-24
-25
-19
0
5
4
-6
-22
-32
-32
-23
-13
-2
7
9
-12
-36
-29
-18
7
27
21
18
-1
-7
-7
-13
-8
-16
-27
-29
-22
-4
13
17
14
9
11
24
42
61
76
74
58
35
4
-2
-2
-8
-10
-22
-22
-21
-18
-16
-16
-11
-6
10
17
20
11
-4
-17
-25
-20
-19
-16
-18
-26
-25
-25
-12
2
4
20
19
11
14
9
14
6
-6
-22
-50
-63
-66
-58
-54
-48
-33
-22
-13
-12
-8
-2
-1
7
12
13
15
13
12
16
20
32
41
43
41
38
38
43
56
63
63
56
44
33
14
4
-4
0
1
-13
-23
-42
-51
-54
-54
-39
-26
-15
-3
-2
-4
1
2
6
7
11
11
3
-2
-14
-21
-21
-14
-1
-10
-14
-20
-28
-20
-18
-16
-17
-11
-3
6
8
-2
-1
2
10
16
19
26
30
39
38
32
29
26
27
23
20
28
33
36
17
2
2
-1
3
4
3
1
-5
-7
-10
-11
-5
0
2
-12
-19
-18
-23
-20
-24
-28
-23
-22
-9
-15
-16
-6
-6
-4
-6
0
2
1
1
-10
-22
-25
-31
-36
-37
-32
-30
-29
-27
-37
-47
-41
-13
12
24
35
37
27
11
4
6
14
14
13
15
12
13
12
15
25
19
38
57
52
52
40
42
48
47
40
25
18
-2
-18
-17
-23
-15
-9
-8
1
0
9
31
41
46
43
28
10
-2
-1
14
26
37
28
7
-5
-23
-9
6
28
56
44
40
19
-19
-28
-38
-28
-16
-26
-35
-67
-86
-93
-103
-88
-88
-81
-72
-85
-79
-76
-73
-52
-57
-56
-60
-66
-57
-52
-32
-6
2
7
6
6
7
6
27
46
64
67
48
35
17
17
35
59
77
78
67
41
28
28
40
65
83
87
70
51
37
31
32
43
52
58
55
35
14
-1
2
8
8
14
8
0
-6
-8
0
5
4
-8
-23
-38
-54
-64
-58
-51
-50
-57
-66
-75
-75
-63
-61
-62
-64
-70
-60
-44
-24
1
14
16
9
-6
-16
-5
19
44
67
63
43
29
9
15
25
42
64
58
57
46
23
12
-17
-29
-32
-31
-4
-3
-3
-17
-41
-54
-70
-60
-54
-46
-27
-32
-26
-30
-48
-49
-58
-54
-43
-36
0
25
35
47
44
49
52
56
80
86
95
93
76
76
62
64
65
52
45
14
4
11
30
71
87
98
86
52
32
5
11
28
42
48
21
-10
-47
-83
-93
-95
-65
-29
-18
-24
-52
-63
-76
-93
-88
-94
-84
-79
-89
-81
-86
-82
-73
-74
-67
-72
-64
-50
-33
-3
-1
3
8
3
18
32
51
65
54
42
29
19
26
38
60
80
86
68
31
7
6
12
33
52
63
57
37
26
21
30
36
33
35
23
14
11
10
16
7
-5
-11
-31
-43
-46
-46
-40
-33
-20
-23
-23
-24
-30
-28
-28
-16
0
9
7
2
-1
-11
-11
-2
16
28
28
23
10
-1
-12
-15
-19
-17
-9
-11
-6
-17
-30
-36
-50
-51
-49
-41
-23
-16
-4
2
-1
-3
-15
-17
-5
4
24
44
52
47
43
34
27
29
28
36
41
33
32
19
13
16
17
25
17
6
1
-7
-2
-5
0
6
2
1
-13
-20
-31
-27
-11
-19
-12
-23
-22
-14
-15
4
5
11
11
9
18
19
31
28
34
32
19
30
25
25
22
12
16
1
-5
-9
-15
-16
-23
-24
-36
-47
-56
-58
-50
-47
-37
-36
-34
-24
-25
-21
-16
-15
-15
-21
-19
-15
-9
-6
-12
-8
-9
-7
-3
-10
-8
-11
2
9
16
39
44
48
31
19
15
4
11
14
24
29
20
13
-2
-5
0
15
34
36
43
33
16
23
19
17
16
5
9
8
16
20
12
9
-1
-3
-8
-12
-1
-6
-4
-2
-11
-11
-16
-19
-12
-7
-4
-5
-11
-11
-14
-24
-20
-15
-16
-10
-9
-10
-20
-27
-19
-10
-6
-6
-5
-12
-13
-2
6
14
14
15
18
12
2
-5
-1
0
7
10
4
-6
-16
-7
-7
-5
-1
3
10
-6
-16
-16
-17
-7
-8
-6
-8
-8
-1
-3
1
7
12
19
23
24
19
18
22
25
29
24
17
11
8
7
-2
-4
-1
0
1
-11
-16
-13
-13
-11
-16
-17
-15
-14
-18
-18
-17
-11
6
6
-2
-5
-5
-7
-11
-4
-1
6
7
5
12
6
2
9
13
15
16
12
10
8
8
7
7
7
6
4
6
5
0
-8
-13
-14
-15
-13
-7
-3
3
-1
-9
-14
-21
-18
-14
-11
2
7
8
16
16
14
12
18
23
23
27
23
19
9
3
0
-1
6
5
7
5
1
-4
-8
1
3
5
5
3
1
-7
-11
-16
-15
-7
-7
-6
-12
-19
-15
-20
-28
-26
-28
-24
-25
-34
-38
-38
-30
-24
-19
-13
-11
-11
-15
-17
-15
-7
-4
-3
3
7
14
13
15
22
28
35
34
31
23
11
5
0
3
8
16
23
16
12
17
25
35
44
54
53
52
34
25
23
12
15
8
-2
-3
-20
-32
-34
-29
-17
3
17
25
28
16
11
12
20
33
35
32
21
12
5
-3
-5
-2
-7
-12
-24
-31
-27
-27
-19
-21
-27
-39
-46
-44
-44
-30
-22
-24
-35
-51
-56
-57
-64
-65
-61
-61
-65
-78
-73
-67
-71
-60
-58
-51
-47
-56
-46
-42
-32
-19
-17
-2
-8
-1
16
20
35
34
37
48
47
62
62
76
86
78
92
81
82
102
107
134
142
152
152
123
118
105
111
120
102
105
82
66
65
47
62
58
53
45
8
-3
-24
-24
-4
-2
7
-10
-32
-47
-64
-58
-46
-41
-38
-52
-67
-80
-91
-84
-74
-63
-56
-55
-55
-64
-69
-82
-93
-97
-96
-94
-101
-104
-99
-94
-84
-69
-59
-48
-45
-51
-51
-49
-45
-38
-30
-26
-33
-28
-14
-8
8
14
18
29
28
31
38
37
43
41
41
37
27
22
11
2
-3
0
14
13
13
22
23
39
63
78
98
99
88
79
69
75
86
91
89
74
60
48
39
47
68
85
99
96
82
60
41
34
28
24
16
-7
-35
-61
-70
-58
-41
-27
-18
-8
-10
-7
8
15
18
3
-26
-62
-101
-124
-131
-130
-122
-129
-136
-144
-151
-135
-116
-87
-58
-54
-69
-90
-112
-118
-104
-90
-74
-71
-86
-98
-97
-70
-29
20
59
90
102
100
102
105
116
131
151
154
141
108
78
55
40
45
65
85
102
106
96
87
87
102
132
156
155
132
90
42
0
-18
-9
10
29
26
6
-15
-30
-28
-13
6
34
45
31
6
-31
-54
-71
-75
-77
-84
-98
-115
-140
-160
-164
-158
-138
-115
-94
-79
-63
-53
-44
-38
-40
-43
-49
-46
-41
-34
-40
-50
-45
-38
-20
2
18
38
53
62
71
72
71
70
65
63
62
52
42
29
10
-4
-13
