54
49
46
48
44
44
38
39
29
26
26
15
15
7
-4
-11
-21
-30
-41
-44
-57
-62
-63
-73
-69
-68
-71
-72
-75
-75
-82
-79
-77
-68
-64
-67
-57
-57
-44
-41
-38
-27
-29
-18
-20
-9
3
8
29
27
34
34
26
30
29
39
38
42
44
39
42
37
42
47
48
58
50
51
44
36
39
31
39
40
44
45
47
57
51
53
48
54
59
49
48
36
39
25
6
8
-3
-7
-22
-42
-54
-68
-72
-82
-85
-83
-85
-84
-87
-81
-73
-60
-43
-36
-26
-26
-21
-20
-23
-17
-21
-17
-13
-8
-4
-7
3
1
0
3
6
4
2
8
6
7
1
-4
3
2
12
10
11
12
6
13
10
13
10
6
12
8
20
21
29
36
38
46
42
52
49
47
50
42
45
41
33
26
21
22
17
13
7
-4
-8
-19
-26
-28
-28
-25
-31
-36
-36
-33
-30
-25
-18
-17
-12
-6
-6
-2
-3
-4
-1
-2
-3
0
-1
1
6
7
9
13
12
7
5
-4
-15
-19
-16
-6
-4
-8
-11
-18
-21
-24
-19
-15
-17
-14
-16
-19
-12
-7
-2
5
4
3
3
-1
3
10
16
27
27
27
29
28
25
17
11
10
6
2
-1
1
-4
-10
-13
-21
-17
-19
-22
-15
-19
-16
-13
-7
-2
2
9
5
6
10
20
25
21
24
14
13
11
0
6
3
5
8
5
6
6
9
12
11
12
8
1
0
0
-2
2
3
6
6
6
15
15
16
7
1
3
-1
-2
-8
-10
-9
-8
-5
-4
-3
-8
-16
-17
-17
-16
-18
-17
-17
-15
-12
-12
-13
-15
-16
-18
-23
-27
-29
-32
-34
-42
-43
-42
-42
-41
-36
-28
-21
-11
-7
-2
9
18
24
26
29
34
39
43
45
43
38
36
40
39
38
28
25
32
33
34
31
28
28
27
25
19
22
22
20
21
22
23
31
39
44
46
48
51
52
48
39
28
14
-2
-18
-38
-54
-66
-73
-77
-82
-76
-68
-60
-55
-45
-42
-37
-17
-15
-15
-11
-16
-15
-18
-28
-34
-39
-40
-43
-43
-36
-35
-34
-30
-31
-31
-32
-36
-38
-40
-37
-33
-27
-16
-9
-4
5
12
15
23
24
25
33
37
34
29
29
28
26
21
19
23
27
27
28
32
39
46
49
49
49
49
50
50
43
53
57
53
52
40
45
52
51
51
42
28
12
5
7
6
6
3
5
7
8
10
12
12
4
-3
-12
-18
-16
-11
-10
-11
-14
-25
-37
-44
-47
-46
-51
-57
-59
-65
-69
-74
-77
-74
-76
-73
-76
-80
-79
-76
-63
-53
-49
-44
-35
-25
-18
-3
11
25
31
32
30
28
29
32
35
29
22
17
16
19
19
22
24
25
19
13
21
25
24
23
24
28
24
24
22
15
15
17
17
16
26
31
29
31
29
27
25
30
28
27
23
22
25
23
26
22
14
2
-6
-7
-12
-12
-13
-15
-16
-22
-24
-33
-41
-40
-38
-29
-26
-26
-23
-25
-21
-17
-12
-2
-2
8
9
7
9
6
9
8
3
3
-3
-3
-2
-5
-1
1
3
5
6
3
0
0
-4
-4
-10
-18
-30
-42
-38
-43
-39
-39
-37
-25
-23
-9
-5
0
8
6
14
15
23
28
23
16
8
4
5
6
2
8
11
4
7
9
16
16
5
2
-7
-5
-7
-2
4
3
5
2
13
17
25
30
31
43
42
48
45
45
46
35
40
33
25
13
0
-2
-18
-21
-33
-41
-36
-31
-19
-21
-15
-13
-14
-17
-25
-18
-12
-4
-2
-2
-3
-16
-16
-21
-19
-15
-20
-13
-18
-12
-6
-9
-1
-5
-5
-11
-14
-12
-25
-21
-26
-30
-32
-33
-30
-37
-37
-38
-34
-26
-24
-14
-11
-5
-2
-4
-5
-8
0
2
0
0
3
14
25
31
37
49
65
72
75
79
79
76
69
65
57
53
41
33
29
14
12
8
5
11
9
15
19
16
13
9
-1
-10
-7
-5
0
3
2
2
-2
-6
-11
-7
-10
-18
-13
-13
-19
-24
-29
-33
-40
-48
-55
-56
-61
-63
-59
-58
-48
-47
-45
-48
-45
-37
-34
-22
-16
-11
-14
-15
-11
-12
-10
-15
-14
-18
-16
-14
-19
-19
-27
-25
-22
-18
-7
-8
-1
1
0
4
8
19
31
38
47
49
47
56
60
65
77
88
98
100
97
91
85
86
83
80
80
77
75
63
55
51
43
42
35
20
3
-9
-15
-18
-18
-18
-18
-30
-44
-54
-63
-70
-68
-71
-77
-86
-110
-120
-126
-125
-114
-107
-90
-84
-86
-82
-83
-77
-66
-53
-40
-23
-9
-10
-8
-9
-7
1
16
31
36
38
35
30
25
25
31
41
48
51
51
44
35
29
31
40
40
44
51
51
44
38
41
43
46
49
51
48
48
48
48
51
51
45
44
49
47
50
49
50
57
63
66
67
67
69
75
72
71
66
55
50
37
26
16
-3
-14
-26
-41
-56
-71
-80
-93
-109
-129
-141
-147
-158
-165
-172
-179
-179
-180
-179
-183
-193
-199
-199
-196
-194
-194
-189
-187
-176
-168
-163
-148
-129
-115
-94
-77
-64
-44
-30
-5
17
39
63
87
110
124
139
160
181
197
210
220
227
236
245
250
252
248
250
255
247
241
229
222
220
206
197
180
159
149
129
111
89
66
45
22
10
-2
-12
-28
-40
-54
-71
-68
-71
-72
-73
-80
-78
-79
-69
-74
-80
-84
-95
-97
-109
-112
-109
-120
-122
-127
-130
-134
-140
-136
-142
-142
-149
-153
-148
-150
-140
-144
-138
-120
-117
-100
-91
-79
-58
-51
-43
-35
-18
-5
8
20
25
38
42
36
33
34
40
38
35
30
30
39
35
40
44
49
55
53
63
72
78
87
87
90
94
96
102
99
100
109
106
104
106
98
96
91
86
86
81
83
81
75
70
51
37
21
4
-5
-18
-24
-35
-49
-56
-69
-72
-70
-77
-75
-77
-83
-81
-80
-68
-67
-70
-66
-63
-52
-41
-34
-26
-15
-3
3
7
11
21
26
33
43
41
39
32
31
20
6
7
5
4
-2
-12
-21
-25
-29
-55
-71
-80
-84
-73
-77
-81
-76
-74
-84
-98
-103
-105
-93
-102
-118
-109
-76
-42
-29
-22
-13
26
55
28
32
94
110
62
41
95
177
217
233
243
221
167
118
125
146
136
115
143
221
199
119
115
120
48
7
59
112
139
201
230
162
106
100
178
251
169
99
157
171
-12
27
507
538
-197
-730
-288
320
26
-558
-566
-50
224
-53
-4
430
32
-1256
-1518
-203
572
-21
-801
-638
311
603
-306
-1168
-828
-281
-350
-324
-30
312
252
-185
-440
-208
66
-258
-362
39
457
453
-33
160
668
328
-575
-1063
-451
354
425
-65
-337
261
425
-131
-388
-487
-525
-452
66
434
494
483
8
66
294
117
103
351
693
704
547
416
494
568
758
785
194
-216
-7
706
763
255
-429
-701
450
1039
340
-930
-1297
-494
110
580
110
-244
-295
-627
-510
-302
-57
-344
-388
204
652
571
-97
-284
26
146
45
92
374
534
401
97
-204
-180
-45
-288
-336
-433
-429
-22
-19
-207
-763
-986
-603
-413
-287
-625
-606
-388
-545
-515
-545
-269
-80
-225
-87
128
258
197
154
439
641
758
612
657
1508
1311
-525
-1710
-650
910
799
-11
-102
458
726
150
-460
-513
-732
-946
-39
868
645
-145
-509
-469
-614
-387
-58
462
627
389
1090
1513
949
101
8
438
714
1578
1136
-833
-1604
-812
-291
-1245
-1540
-495
506
582
-370
-570
-216
-459
-483
276
670
-381
-1327
-494
579
508
-46
-544
-144
1208
1510
242
-1175
-633
1531
2633
1933
567
377
144
-757
-1452
-906
725
553
-34
383
824
216
-1676
-2494
-1955
-1010
-582
-521
-535
-460
-854
-1843
-1261
-113
-73
-344
-417
-63
591
134
-530
9
1519
1766
1621
2244
2205
376
-1459
-832
43
1064
1165
963
1202
553
-848
-790
-443
-1954
-2181
-453
1001
614
163
182
217
-545
-1972
-1704
605
2370
1220
512
1191
1299
1040
-159
-603
-101
516
213
354
1443
443
-1081
-1472
-1542
-1222
-110
111
-687
33
1072
-322
-1060
-290
-687
-1169
-340
895
977
933
722
-277
-371
-572
-1112
-726
273
1135
1445
1897
1277
245
84
-487
-1031
-1366
-884
458
1182
767
-199
-801
-912
-916
-1046
-1710
-1539
-814
-36
1146
943
94
-488
-939
-1050
-374
1101
1950
1438
732
805
988
145
14
511
121
497
821
632
-60
-673
-242
-120
-41
-151
203
369
-552
-1230
-1398
-749
-236
-92
149
240
179
211
93
-749
-1284
-160
715
460
314
534
615
297
169
26
-444
-974
-111
830
754
326
-153
514
526
-92
-177
-568
-287
174
362
298
-34
430
417
325
-217
-1427
-1411
-1141
-117
1100
1048
374
-217
-323
-829
-1348
-695
186
578
703
396
190
473
-207
-1480
-1437
-828
-112
489
756
948
240
-379
-164
-295
-422
92
663
1020
1041
819
790
204
-1126
-1601
-873
361
1228
1133
981
1061
630
-1
-681
-1149
-601
337
656
706
1070
837
-87
-844
-1196
-958
-852
-439
517
785
644
126
33
177
-1121
-2112
-1486
-513
378
664
325
398
72
-754
-942
-730
-354
87
842
1487
1326
818
177
47
103
-256
-177
256
1086
1483
742
89
-738
-1397
-1342
-992
-124
509
663
398
-106
-427
-1185
-1818
-1524
-443
643
859
490
-181
-923
-1228
-948
-302
127
27
296
929
1101
749
-219
-621
-308
-220
81
343
512
550
531
491
18
-98
-13
-78
-22
524
1182
655
149
449
479
22
-393
-333
-83
282
511
602
876
650
-73
-166
184
98
7
262
268
228
509
608
540
254
-218
-833
-749
201
631
518
-136
-185
-494
-584
22
-988
-373
-245
-1213
-504
-359
374
-209
-732
-620
-1310
-736
-1270
-478
-241
-596
-302
-1620
-281
-543
-852
-65
-1162
-24
-128
-756
-406
-506
158
16
-150
169
914
1440
806
695
553
361
1096
1266
1110
962
846
1668
2066
1877
958
185
245
-180
123
216
456
822
286
291
-306
-728
-1006
-1668
-1843
-1591
-206
815
985
292
-1200
-1699
-1805
-1663
-1243
-1262
-804
-121
1090
2388
1440
-896
-2307
-2178
-942
1594
2862
1920
1185
568
715
1400
2112
1760
96
41
882
1199
1340
1176
-50
-632
313
-249
-405
281
-134
-424
-810
-677
-148
66
-216
-1159
-1942
-1894
-1209
-817
46
49
-639
-1361
-1589
-747
-1006
-695
-391
-460
-90
-118
-530
-659
-307
-533
-551
-102
447
284
247
457
401
105
-566
-120
50
184
767
983
912
376
115
-138
-38
325
131
-71
307
492
265
409
752
963
834
609
243
185
642
799
879
917
953
805
476
247
14
-115
-152
-76
-28
202
404
236
-260
-407
-252
-566
-642
-756
-430
326
272
-87
-543
-477
-554
-743
-132
-168
-331
-318
-376
-165
50
348
-174
-628
-319
32
471
558
177
-468
-550
-43
304
413
331
158
-369
-791
-409
45
-7
-447
-833
-780
-624
-50
138
-538
-949
-1065
-761
-231
145
142
-111
-331
-420
-287
83
814
840
305
132
300
490
691
942
549
480
549
556
1043
912
469
94
518
917
696
920
554
127
281
261
114
324
735
527
-81
3
319
1
-142
-202
-281
-312
-167
214
108
-78
-572
-859
-629
-438
-11
-327
-887
-1102
-882
-373
-722
-758
-1022
-1266
-824
-899
-496
-665
-960
-844
-1088
-682
-481
-160
6
-227
123
219
196
304
211
119
50
243
677
753
487
328
309
198
202
269
283
484
686
849
685
428
562
457
418
632
811
1140
1073
1032
975
931
1369
1513
1627
1281
943
908
789
1436
1831
1454
79
-1439
-1866
-1715
-1223
-1025
-922
-1251
-1717
-1500
-1734
-2212
-2850
-3085
-2467
-1569
-233
177
-489
-1385
-1972
-2072
-1643
-356
649
1391
1617
1267
1041
602
408
53
269
1261
1735
2313
1978
1173
472
-565
-494
-238
132
129
160
1001
688
531
-306
-1293
-1081
-446
846
283
254
398
-448
-192
-318
249
142
-134
-276
-313
797
958
1006
106
-85
-134
-75
1371
498
148
519
313
476
246
353
-34
-312
23
-310
27
732
382
-53
-662
-958
-915
-345
-40
-594
284
273
-829
-932
-793
-704
-1276
-878
-107
173
1174
319
-1235
-1276
-1518
-1930
-1879
-637
754
1750
2300
1176
440
285
-695
-1335
-1104
-165
1029
2061
2639
2132
946
-502
-1548
-1244
-457
-175
-154
284
850
520
-564
-2015
-3580
-4354
-3703
-2002
-495
95
51
-336
-807
-1372
-1951
-1928
-1221
-243
1403
3376
4348
4431
3368
1600
662
1051
2469
3289
4128
5027
4769
4294
2947
1552
661
-231
-265
187
1587
2395
1597
215
-1932
-3246
-3534
-3385
-2883
-2346
-1615
-1095
-1097
-2578
-3746
-3322
-3545
-3544
-2486
-1156
-145
-43
344
-40
-947
-420
-53
628
1165
966
1079
2165
3029
1651
1287
616
-44
701
847
1961
1072
299
582
209
831
-593
-2129
-2843
-1848
-26
-1016
-1201
-1042
-1033
-1565
-1944
-1287
-2207
-1567
-408
-200
307
150
-352
98
1584
1137
403
1372
2239
3145
3639
2388
781
474
966
1941
2534
1996
713
-90
89
4
-689
-2130
-3444
-3154
-2246
-1941
-2197
-3421
-5121
-5519
-5031
-4232
-2678
-1629
-1563
-1551
-1356
-869
-302
215
1092
2203
3302
4403
5324
5780
5486
4853
4660
4880
5448
6049
6105
5782
5048
3830
2983
2473
1852
1447
918
79
-851
-1571
-2016
-2610
-2855
-3063
-3958
-4347
-4422
-4498
-3797
-3833
-4855
-4807
-3604
-2627
-2338
-2609
-2677
-2442
-2279
-1263
-5
835
1039
787
1673
2289
1365
376
1135
2959
3070
2625
2255
1608
1130
382
176
-382
-332
168
61
449
-236
-1043
-2151
-2453
-1796
-1762
-506
-746
-1065
-542
-644
-735
-1500
-1327
-1297
-255
1449
1750
1938
1227
1136
1543
2363
3099
2093
1574
1222
1750
2910
2679
2201
1323
364
-453
-662
-361
-1012
-2033
-3053
-3324
-2907
-3382
-4330
-5221
-6152
-6177
-5397
-4064
-2482
-2216
-2573
-2862
-2910
-2162
-918
773
2257
3338
3886
4460
5140
5187
5178
5362
6302
7008
7204
7956
8023
7215
6306
5615
5332
4746
3216
1518
558
6
-415
-498
-902
-2398
-4273
-5406
-5419
-5059
-4980
-5115
-5236
-4933
-4679
-5055
-6011
-6877
-6746
-5579
-3379
-1222
-178
470
-90
-892
251
1118
1945
3435
4016
4307
4242
4166
3463
2442
2113
1289
1083
1406
1820
1941
1165
53
-1719
-1629
-851
-1052
-115
-542
-1835
-2785
-3598
-2300
-809
-237
-585
-1591
-1449
-262
1906
3130
1599
-211
-382
1077
3187
3770
2876
1809
482
-479
-610
-142
-180
-1308
-2406
-2812
-2627
-3507
-5271
-6357
-7087
-7251
-6776
-5330
-3826
-3803
-4578
-5293
-4865
-3567
-1821
453
2193
3170
3459
4310
5722
6344
6869
7373
8170
9026
9502
10036
9724
8889
8219
8607
9911
9406
6532
2934
897
780
1336
1467
314
-1670
-4468
-6328
-6837
-7531
-8008
-8348
-7624
-6208
-6078
-7056
-8493
-9894
-10459
-8986
-5764
-2483
-484
-455
-993
-1050
-707
920
3355
5130
6111
6537
6579
6335
5476
4386
3858
3845
4034
4087
3462
1732
-339
-1118
-1062
-1226
-1531
-2042
-1951
-1596
-2162
-3016
-3785
-3759
-2096
824
3187
2229
-1598
-4537
-3488
392
3788
4895
4156
2593
814
-289
-517
-682
-1333
-1979
-1128
-17
-1080
-3822
-6327
-7898
-8600
-8404
-7140
-4844
-3824
-5417
-7321
-8014
-7409
-5324
-2323
518
1930
1838
1709
2957
4742
5985
7341
9230
11180
12238
12211
11760
10631
10016
11655
14381
15039
11809
6614
3429
3073
3684
4256
3657
1292
-1906
-4744
-6034
-6798
-8584
-10239
-10345
-9365
-8670
-9318
-11133
-13224
-14902
-14126
-10291
-6156
-3627
-3424
-4292
-4225
-3273
-588
3087
5346
6008
5635
5505
6473
7595
7972
7858
7172
5848
5149
5512
5708
4774
2974
1735
1415
1574
1508
155
-1797
-2876
-1870
634
1138
-1537
-4539
-4710
-2581
-1017
-277
378
304
-1213
-2639
-2275
-942
-885
-2310
-2999
-2341
-2655
-4300
-5160
-5337
-6004
-6370
-5739
-3944
-3156
-5038
-7049
-7142
-5859
-3704
-972
1031
837
-879
-1331
566
3207
5156
6485
7733
8113
7446
7413
8627
9777
10665
12531
13749
12575
8970
5468
5381
6501
6674
6227
5164
3292
114
-2249
-3524
-4506
-5377
-6038
-5559
-5917
-8005
-10429
-11435
-11189
-11501
-10279
-8036
-6574
-5711
-6079
-5943
-4550
-2704
-196
2777
4256
3150
2400
3394
4883
6217
6699
6153
4729
3261
2626
3195
4055
3648
3377
3593
2044
-748
-1680
1312
4039
2754
-1532
-4966
-3235
-214
632
716
-182
-1196
-2601
-3311
-2374
-1256
-1790
-3290
-2867
-1913
-2740
-6105
-8405
-7468
-6680
-5731
-5841
-6084
-4951
-5680
-6344
-5518
-4420
-3259
-1370
473
1071
1596
2199
3320
4727
5434
6538
7998
9388
9360
8836
9562
9663
11117
14098
14165
11418
6868
4086
5970
8350
8188
5970
3103
-327
-2914
-2685
-1960
-2588
-5047
-7176
-6997
-6632
-8172
-11099
-11761
-11369
-11642
-9818
-8334
-7937
-7199
-6572
-4831
-2439
-554
1276
3702
5008
4135
4216
5588
6065
6208
6789
6964
5926
4902
3697
3664
5238
4452
3270
1703
-935
656
3814
3356
-3483
-9861
-7378
-1439
970
-3254
-5941
-3957
-4981
-7854
-8016
-2390
-1025
-6385
-7783
-5032
-1508
-5444
-10387
-7504
-4700
-5181
-7249
-4975
-2002
-3764
-4975
-3281
727
1251
675
2830
4167
4820
4879
7612
9728
7938
7800
9293
11022
10596
10038
11673
11564
11642
12307
12788
11342
6373
5334
8283
8932
6445
3835
3413
1192
-1784
-2792
-3063
-3815
-7270
-8483
-6874
-7623
-10761
-13238
-11992
-12759
-14941
-13583
-11613
-9477
-9081
-9374
-7875
-5791
-4001
-1803
2022
2822
1639
3405
6611
8499
8458
8524
7218
6238
6578
6734
9466
10111
7110
3888
3942
6963
6225
2436
-4431
-6650
343
4041
398
-6048
-7260
-5797
-7068
-7459
-6105
-3009
-6340
-13463
-12339
-5581
-3689
-10336
-12865
-10461
-10002
-9263
-8083
-3770
-1987
-6184
-8171
-3927
1760
1779
1834
3553
3756
6219
9634
12480
12369
10028
9550
11423
14544
15139
14676
14762
14329
13093
12333
12044
8152
7324
9249
7508
6109
4532
3387
1123
-1826
-3263
-3680
-2543
-5844
-7842
-5890
-6952
-10925
-14272
-12153
-11843
-12835
-12065
-13140
-10828
-9492
-10291
-8621
-6205
-4808
-3333
1015
1518
-749
1036
3704
6435
8181
8132
6501
5270
6187
6623
9711
11478
8085
8154
10027
7903
1477
-2559
1422
5983
6027
-257
-5156
-3375
-4761
-8042
-7871
-3037
-3664
-11925
-13661
-11347
-7663
-9890
-16470
-14445
-12110
-14117
-17267
-14109
-7494
-7292
-8928
-9833
-7241
-3931
-1447
2436
4754
6683
6887
9032
13417
14548
15760
16949
17620
18108
18531
19848
20400
19788
17448
15360
13663
13529
14332
11469
7822
4551
3391
3170
1278
-262
-3226
-6728
-10403
-11374
-9075
-8862
-11870
-15319
-15359
-15574
-16616
-15189
-14028
-12539
-10963
-10707
-9598
-7837
-6250
-4923
-1460
2138
2834
4529
5549
5278
7007
9044
9681
9626
10484
10808
9348
7995
9754
12977
11918
5176
-2414
-906
6993
7455
1933
-1791
-2639
-4207
-7681
-7648
-3761
-2551
-9669
-16395
-13514
-8164
-9676
-15980
-15733
-12750
-14828
-17073
-15854
-10637
-8669
-12632
-14169
-9432
-4734
-5064
-4608
-1658
470
1900
4628
8734
11806
13236
12868
12167
15070
17936
20016
23345
21462
17863
16793
16612
18396
19240
17673
14081
11306
10819
8660
7844
6834
3267
-59
-2675
-3318
-4386
-5530
-10589
-14645
-12677
-13192
-13530
-14072
-16754
-18189
-17800
-15012
-12504
-10003
-9818
-11352
-9393
-6921
-5013
-1732
1563
2104
1303
2810
6073
9464
10832
9191
10992
13942
13209
9039
6231
11777
15289
10672
4574
3016
7947
7787
1346
-2443
-579
530
-6643
-9177
-5450
-4092
-11186
-20163
-17182
-12609
-14028
-19040
-20861
-15716
-14974
-18415
-18558
-14608
-12594
-13550
-10525
-6381
-4020
-4113
-3495
35
4094
7603
9930
11893
13256
12391
14856
21276
23287
22341
20668
19001
20355
22319
21171
18681
16901
15984
13728
12626
11329
7595
5166
2796
1048
-138
-522
-5072
-9956
-9549
-10227
-10875
-11897
-16094
-17965
-15987
-14110
-15163
-15460
-14635
-14293
-11415
-8780
-7580
-7022
-6347
-4571
-1785
2687
3930
4176
7548
7330
5841
5845
10993
15495
12919
9074
6375
9277
11600
9685
8757
7863
5885
-355
-1962
3081
3579
-1822
-9896
-11921
-9126
-9271
-11951
-14225
-13273
-14584
-19117
-18927
-15208
-12887
-15072
-16178
-13528
-10385
-7655
-7541
-6092
-2988
-1685
-247
3384
7449
8641
8378
9050
12133
16453
17747
17570
16341
16341
18364
18445
18702
18234
16789
15468
14135
13472
11027
9038
6574
4801
4474
2926
-129
-5291
-6643
-6717
-8231
-7895
-10254
-12418
-12511
-13247
-13083
-12250
-10113
-10231
-11656
-10526
-9519
-7002
-3563
-3060
-4113
-2889
860
1458
2072
2004
2702
7302
8163
6012
4591
5623
7169
4545
4254
6342
6088
3517
-407
-1289
648
998
-3541
-5605
-3960
-5516
-9037
-10886
-9225
-6817
-8560
-11370
-12107
-11126
-9832
-9782
-8435
-6422
-6792
-7567
-5347
-2111
-668
-243
526
2206
4948
6496
7333
7448
8827
11873
12542
12554
11411
10996
13704
15271
13895
12257
12254
12034
10158
10513
10446
8797
6354
4031
3858
4043
3681
-633
-4008
-3887
-5383
-6538
-5773
-6588
-9173
-10214
-10578
-10752
-8903
-7899
-8663
-8628
-7921
-6909
-4595
-3225
-3901
-2518
202
1976
-271
-1755
3576
7140
6679
3373
2038
5770
7038
4541
2821
4960
5614
1223
-1429
-665
1319
-2256
-6662
-5917
-5935
-7044
-10040
-10497
-8059
-9041
-12992
-14239
-11032
-9397
-10475
-10458
-8953
-7495
-8050
-7319
-3819
-724
34
-1323
232
4304
6531
7251
7596
9065
11972
12633
11295
12291
14331
15495
15742
14045
13018
13749
14199
12740
11319
11273
9027
7312
6794
6350
4553
2593
352
-2530
-1511
-1343
-4176
-5659
-6527
-7788
-8281
-7709
-8470
-8864
-7543
-8692
-9718
-8364
-6703
-4966
-5137
-4156
-2947
-2844
-1761
-2342
-958
3380
5709
2865
1004
2861
4079
4697
4886
3040
3390
2044
925
1194
566
4
-5443
-6622
-3481
-4444
-7242
-8782
-9190
-9794
-10543
-10981
-10267
-8411
-10091
-11926
-10675
-7491
-6247
-7951
-6604
-4034
-2505
-1237
-831
-203
2108
3374
4341
6795
9409
10086
8715
8317
10587
13520
14521
13778
12112
11790
12716
13663
13726
12621
10353
8708
8446
8769
8652
6509
4386
2591
808
495
1024
2
-2315
-3810
-4925
-5150
-4963
-5255
-4980
-4741
-5521
-7564
-7963
-6541
-3167
-1820
-2309
-1945
-4404
-5400
-3367
-677
3870
3720
-384
-3591
-1825
3711
3106
1679
-1358
-2304
-2936
-2612
188
-1289
-1858
-7073
-10850
-7231
-5936
-6742
-8263
-9352
-9934
-11581
-11351
-9639
-7770
-8335
-9302
-9692
-8115
-4886
-5065
-4408
-1627
-580
-295
332
1739
4453
6569
7258
6033
6814
9293
11879
12239
10395
10108
9710
11339
13286
12812
11626
10322
9955
9442
9718
9995
7112
5580
5401
5517
4787
3519
1766
-1767
-1733
-648
-1437
-1801
-2675
-4036
-4975
-3998
-2914
-2814
-1506
-2178
-3837
-3375
254
1326
716
2969
727
-1347
-322
1752
4943
4533
2308
-1124
-924
2295
544
21
-361
-796
-5154
-7182
-4397
-4893
-4789
-8998
-12438
-11413
-11354
-12053
-12768
-11420
-11075
-14607
-16674
-14172
-9881
-9494
-10091
-10345
-9545
-6193
-4958
-3804
-1119
977
1585
2041
4636
7263
8418
8785
8855
10290
12135
14871
13863
10765
11244
12182
13418
13540
12177
9931
8947
9570
8184
7365
7466
4108
1474
1700
2404
873
-87
-1065
-4233
-4557
-3727
-4336
-4070
-3588
-4930
-5337
-3463
-2423
-2821
-1721
-769
-1342
16
3345
3686
5284
5427
2308
2913
5938
9652
9920
7313
4810
3433
5993
6425
5101
4134
2092
538
-3810
-3238
-3055
-4028
-6015
-10664
-11182
-11863
-12972
-14861
-15510
-13794
-14433
-17059
-18542
-16507
-13701
-14011
-14297
-14002
-11995
-9659
-8680
-6870
-4439
-2910
-2198
-171
3326
5748
6996
7330
7868
10186
12436
15682
15553
12697
11796
12201
14652
16309
15141
12469
10557
10220
9601
9471
9252
6312
3333
2079
2098
865
-269
-2346
-5826
-6360
-6104
-6672
-6813
-7022
-7825
-8450
-7031
-5463
-5259
-3298
-2660
-3294
-2927
638
3950
6480
7712
3156
2815
6365
11135
13708
11086
8932
7516
9450
11680
10003
8777
6377
4725
1252
1359
2706
204
-2596
-8219
-9382
-8399
-9824
-12086
-14018
-13678
-14262
-17412
-18637
-16387
-13718
-14695
-16543
-16798
-14645
-11609
-10962
-9273
-7040
-6061
-5602
-4601
-858
2675
3517
3227
3294
6185
8794
11220
11893
9949
9832
10057
11953
13971
14224
12359
9887
9830
9862
9791
9794
7353
4342
2779
3269
2769
1515
203
-2953
-4857
-4556
-5305
-5848
-5388
-6126
-7413
-6904
-5157
-6064
-5447
-3867
-3500
-3305
-2202
657
3640
6354
3682
-233
2557
8995
12943
11162
7887
7152
8427
11837
11336
11095
10357
7336
4112
3174
7476
6889
2754
-3284
-6029
-4469
-4989
-6824
-8917
-10009
-11382
-14985
-17159
-14581
-11274
-12567
-15957
-17231
-15551
-12061
-11009
-10530
-9079
-7859
-7544
-6927
-3320
609
1482
391
868
3916
7034
8678
8410
7693
8886
9433
10135
11160
11947
12005
9775
8871
8189
8482
8637
7096
5259
3396
2592
1177
37
-954
-2435
-4275
-5435
-5504
-6313
-6769
-7010
-8108
-8057
-6799
-5729
-5669
-5682
-5727
-5206
-4017
-1300
1719
4058
3971
-253
-1155
3776
10788
12903
8961
5501
5052
8939
12085
11469
11164
8276
5688
3404
5762
9264
8032
3522
-2846
-3149
-1888
-1951
-3184
-4435
-5126
-7767
-12007
-12580
-8538
-6758
-9384
-12501
-12737
-10438
-9446
-9349
-7642
-5915
-5810
-6935
-5858
-1608
1267
86
-1291
-112
3219
5769
6387
6813
6134
5383
5254
6205
8452
10591
9011
5113
4037
6090
7083
5871
4298
2066
1123
1441
1375
-407
-1122
-2477
-5593
-4969
-3312
-4291
-5750
-6869
-7265
-6428
-4359
-3319
-5065
-5460
-5019
-4845
-3942
-972
1183
2401
3082
-1200
-3034
1303
7906
10416
6771
2246
1326
5250
9964
9670
7509
5400
3043
1658
2912
7469
7665
3888
-2357
-4980
-1713
690
126
-2739
-4609
-5275
-6926
-8038
-5760
-2658
-3344
-6867
-8846
-7704
-4302
-2372
-2390
-2664
-3087
-3024
-2044
254
2518
2461
1163
725
2571
4317
5026
5771
4180
2805
3277
4527
5676
5795
4844
2771
2162
2738
2479
1759
1448
916
-1024
-1392
-1472
-2644
-2850
-3045
-4460
-5336
-4653
-5053
-6132
-6249
-4700
-3821
-3904
-3785
-4807
-3978
-1872
-1117
-804
-714
860
1979
3735
4007
1017
579
3883
7964
7317
3813
1861
2736
6170
6482
4346
3896
2276
878
-268
2283
5195
2595
-2198
-6121
-3820
-343
-639
-3160
-4870
-4127
-4323
-5921
-5485
-2598
-743
-2867
-5881
-5294
-1449
1178
276
-617
168
1594
1906
1853
3902
5677
4793
2923
2646
4998
7364
7029
4634
4151
4152
3174
3667
3493
3288
3293
1484
-943
-1895
-131
170
-1606
-3149
-5221
-5756
-5043
-3755
-4913
-5427
-5594
-7890
-7806
-6385
-5474
-5385
-5059
-5010
-5305
-4126
-2194
-2039
-2371
-1278
-575
162
587
1256
2274
5018
6196
2822
964
2932
6276
7665
6143
3885
2946
5152
6515
4274
3286
1842
2327
1408
1991
2483
45
-1238
-4012
-3341
-1730
-1523
-3738
-5581
-4397
-3133
-3328
-4735
-4247
-2800
-2137
-2084
-2359
-1481
22
919
1560
2710
3517
3300
3353
4219
6035
6390
6309
5916
5204
5620
6224
6739
6094
6134
4430
1953
1815
2078
2409
1671
222
-2137
-3109
-2479
-3038
-4391
-5101
-5747
-7221
-6863
-5179
-5982
-7253
-7844
-8759
-8089
-5896
-5999
-6883
-5872
-4767
-4165
-4974
-3823
-1868
-1145
-356
-1194
-582
920
2646
2953
3307
6244
4334
1884
1463
4469
8116
7170
5132
2665
2947
4706
4123
4663
3807
3005
1110
-112
2673
2850
2392
-1068
-3031
-2035
-738
42
-1353
-2098
-2642
-2931
-3771
-2953
-752
-442
-1837
-2585
-1795
459
1567
860
923
1605
2153
2373
3209
4759
4534
3019
2276
3122
4210
4989
5105
2586
1439
798
281
1304
1852
1515
-906
-2554
-3208
-3474
-1415
-916
-3189
-6066
-6324
-4951
-3805
-2289
-3622
-5797
-6807
-5810
-4662
-3076
-1893
-3558
-5101
-4765
-2734
-1685
-1018
-507
-946
-845
-875
-518
1129
2744
2422
918
956
2572
5754
4222
1224
1063
2969
5319
5171
3693
2387
3685
4465
3198
3200
3296
3571
2475
2315
4199
3332
2305
78
-540
1117
1627
320
-1456
-1050
-684
-740
-2279
-2730
-1513
-1228
-1493
-2297
-2347
-1396
-1081
-1469
-681
-159
-828
-1600
-1791
-271
1121
329
-1094
-1801
-1147
-644
-48
-31
-384
-218
-1563
-2578
-2110
-399
449
46
-1074
-2700
-2162
-640
289
-125
-648
-1322
-2364
-1827
-5
789
778
-244
-2764
-3794
-1846
408
1146
279
-1695
-3355
-3169
-611
816
1097
597
-1468
-2773
-1491
1076
2442
1583
729
167
948
2935
2757
2091
2953
4430
4363
3707
3434
4755
6506
7047
4992
3656
3929
5648
6251
5316
5643
3557
2211
1045
1424
2848
2686
410
-2522
-2815
-1381
-372
-2161
-3784
-4119
-4592
-4931
-4802
-4548
-3947
-4277
-6058
-6565
-5386
-4343
-4544
-5407
-5234
-4754
-4873
-4701
-4596
-3929
-3262
-2815
-3089
-3157
-2093
-1619
-956
77
340
-230
-101
1174
2120
3118
3254
1829
1746
3776
4677
3851
3188
2519
2448
3369
4248
3372
2324
1448
-116
197
1939
2324
489
-1099
-1331
-688
-133
23
-634
-1391
-1615
-1944
-1281
558
1326
50
-880
-1013
1651
3949
2983
1595
1346
2825
4474
4894
4905
5256
6107
5193
4164
5271
6737
7494
5391
4858
4498
4244
4379
2728
1788
820
-40
-1232
-1499
-1978
-3276
-5218
-7300
-6870
-5877
-6162
-7765
-9913
-10481
-9220
-8684
-9217
-8953
-9052
-9419
-9352
-8976
-7169
-6156
-6825
-7141
-6045
-4117
-2667
-2352
-2098
-1146
-121
1518
2509
3219
4254
4389
4570
5711
7112
7462
7298
6846
6937
8263
8044
7290
6592
5866
6157
5462
4964
3976
3061
2593
1876
1402
873
99
-904
-627
-703
-1023
-1151
-1993
-2663
-1886
-795
-655
-878
-1460
-1686
-1133
-1035
204
868
1573
3133
1920
112
347
2801
5649
6857
5165
2762
3017
4974
6060
6301
5286
4589
2546
2067
3761
3620
2859
-427
-2951
-3497
-2302
-2645
-4718
-6732
-8608
-8605
-9824
-10279
-9915
-10505
-11223
-12266
-12535
-11504
-9853
-9661
-9953
-9277
-9044
-8039
-6945
-5202
-3377
-3582
-3488
-2777
-944
1210
2696
2845
2820
4090
4913
6413
7401
8686
9319
8319
8870
9604
10358
10924
10574
9274
9213
10150
9363
8367
7766
6752
5876
5222
5397
4497
2941
2011
69
-775
-91
-134
-1606
-2552
-3278
-4317
-4337
-3817
-3510
-4039
-4529
-4844
-4784
-3191
-1866
-2281
-3259
-2805
-1793
-413
1142
448
829
2246
1721
1431
1903
3236
4191
3787
2488
1911
3263
2840
1774
1005
768
626
-1285
-1509
-2441
-3291
-4026
-5935
-6804
-7373
-7105
-8173
-9511
-10561
-10356
-9413
-10207
-10116
-10230
-9883
-9024
-8842
-7731
-6112
-5383
-6125
-5346
-2921
-631
408
79
1001
1871
2930
5082
6742
8009
8379
8070
7934
9378
11474
12350
12370
11467
11444
11742
11958
12542
11817
11257
10687
9254
8410
8439
8240
7130
5594
3641
2341
1720
1165
645
-689
-2325
-3625
-4469
-4449
-4210
-5272
-6324
-6821
-6910
-6217
-5970
-5981
-5770
-5838
-6350
-6080
-4484
-3254
-3223
-3943
-4053
-3271
-2743
-1875
-1532
-1415
-1292
-2154
-2403
-64
1421
-255
-2122
-2681
-1311
446
700
-938
-2401
-2537
-2263
-1906
-1849
-2132
-3003
-4218
-4123
-3899
-3229
-2801
-4229
-5213
-5607
-4841
-3706
-3474
-3421
-2901
-3470
-4822
-4084
-1808
395
781
-597
-1096
171
2043
3596
4525
4833
4872
4768
5493
7482
8763
9266
9179
8303
8200
9273
10519
10803
9970
9350
9160
8781
8487
8400
8318
8091
7260
5657
4706
4652
4378
3945
2984
1767
884
-19
-723
-1693
-2289
-2538
-3145
-4397
-5806
-6320
-6441
-6143
-6548
-7797
-8736
-8890
-8441
-8067
-7889
-8317
-9021
-9311
-8674
-7278
-6598
-6794
-7312
-7555
-6580
-5064
-4258
-4121
-4135
-4006
-3585
-2738
-1604
-1141
-1159
-154
890
67
-648
66
1579
3211
3227
2107
1435
2256
3177
3282
3657
3708
3359
2408
2852
3548
3581
3753
2487
1707
1548
2517
3033
2062
1419
1534
2074
1365
1383
1957
2531
2788
1745
1711
2505
3334
3189
2587
3020
3589
3576
3167
3520
3707
3855
4130
3622
3679
4015
4023
3751
3706
4141
4248
3630
2874
2929
3092
3091
2519
1150
630
805
371
-618
-1710
-2478
-2672
-3225
-4275
-5103
-5735
-5982
-6489
-7510
-7841
-7994
-8609
-8601
-8422
-8758
-9161
-9295
-9146
-8688
-7996
-7691
-7407
-7134
-6718
-5908
-5055
-4177
-3802
-3319
-2393
-1335
-453
165
930
1447
1949
2856
3858
4157
4237
4874
5511
5895
5766
6388
7517
7076
5877
5597
6912
7972
7530
6324
5540
6243
6473
6372
6072
5260
4783
3898
4292
4593
4557
4244
2830
1698
743
1720
2112
1379
359
-663
-684
-1641
-1562
-1154
-1409
-2312
-3805
-3950
-3136
-2361
-3387
-4277
-4083
-4199
-3948
-3944
-3666
-3577
-3844
-4037
-4127
-3312
-2493
-2210
-2760
-2814
-2177
-1939
-1558
-1285
-818
-482
-431
-641
-788
19
527
389
-13
-62
218
242
465
265
-156
-641
-610
-472
-787
-619
-1051
-1801
-2024
-1693
-1757
-2186
-2234
-2419
-2376
-2282
-2104
-1958
-1985
-1960
-1959
-1438
-311
655
439
-290
-42
852
2170
3426
3564
3147
3125
3610
4403
5461
6342
6466
5654
5105
5918
6965
7432
7546
7394
6825
5803
5346
6228
7323
7130
5359
3494
3102
3892
3802
3090
2065
-53
-1520
-1792
-1287
-1361
-2385
-4699
-7226
-7857
-6869
-5572
-6819
-9381
-10816
-10561
-9890
-9649
-9423
-9799
-10113
-10908
-10629
-8579
-7209
-7220
-7787
-7025
-5613
-4388
-3398
-2382
-1130
-576
283
921
1813
3716
4811
5281
5239
5545
6649
7178
7460
7871
8104
7723
7392
7344
7246
7492
7112
6093
5307
5043
4896
4272
3717
3109
1691
1056
731
205
55
-347
-1167
-2428
-2649
-2420
-2423
-2750
-2874
-2669
-3057
-2896
-2618
-2426
-1533
-926
-1058
-1377
-751
200
712
1287
1324
1278
1390
1861
2064
2231
2602
2440
1929
1690
1898
1614
1058
992
1262
1131
490
-648
-1105
-909
-465
-882
-1076
-1161
-2445
-3571
-3416
-1966
-1612
-2438
-3902
-4543
-4147
-3580
-3121
-3116
-3827
-4566
-5093
-4522
-3567
-3050
-3186
-4500
-4962
-4840
-3201
-2301
-2736
-3337
-3531
-2644
-2612
-1859
-885
-371
-363
-1112
-511
755
2066
2492
2346
2937
3353
4124
4636
5433
6309
6582
6810
6746
7236
8039
8635
8668
8329
8442
8603
8294
7756
7670
7804
7428
6597
5463
4746
4681
4365
3155
2077
1416
449
-667
-1658
-2443
-3205
-3594
-4512
-5850
-6631
-7280
-7900
-8285
-8289
-8623
-9403
-9982
-10040
-9503
-8939
-8501
-8449
-8423
-7690
-6915
-6074
-4976
-4022
-3569
-3214
-2484
-1505
-108
1067
1586
1456
1366
2082
3254
4132
4237
3825
3405
3702
4232
4495
4402
4034
3582
3116
2988
3149
2894
2512
1859
1129
590
553
1346
900
-238
-1388
-1414
-530
-123
-262
-1031
-1288
-1090
-767
419
743
725
439
332
1400
1862
3111
2866
2275
2082
2853
4160
3813
3782
3497
4060
3879
2838
3233
3835
4452
3421
2146
2302
2310
2453
1704
1391
986
351
-369
-1241
-1159
-1368
-1502
-2591
-3924
-4148
-3937
-4141
-4741
-5432
-5461
-5351
-5884
-6019
-5701
-5093
-4972
-5676
-5902
-4952
-3864
-3752
-3875
-3847
-3572
-2532
-2361
-1707
-1201
-1016
-1004
-1449
-769
190
1088
842
591
486
698
1601
1706
1837
2082
2004
1859
1640
1950
2487
2622
2243
1997
2142
2290
2449
2244
2189
2510
2460
2204
2258
2523
2878
3035
2953
2889
2873
2993
3455
3670
3662
3632
3481
3400
3449
3456
3501
3620
3316
2741
2262
2124
2285
2219
1943
1432
439
17
399
998
628
-597
-1630
-1798
-1213
-847
-1298
-2511
-3400
-3676
-3571
-3496
-3929
-4648
-5355
-5660
-5914
-6097
-5991
-6343
-6875
-7212
-6609
-6292
-6450
-6372
-6255
-5548
-5205
-4659
-4072
-3745
-3077
-2631
-1892
-1204
-622
-168
35
829
1388
1901
2331
2504
2801
3050
3585
3880
4055
4332
4454
4435
4364
4731
5010
4915
4924
4747
4525
4613
4552
4116
3876
3931
3778
3189
2672
2442
2272
2129
1945
1548
1210
955
509
307
661
825
351
-39
-189
-10
314
458
341
-18
-160
16
295
599
511
-20
-289
-85
178
170
-30
-324
-549
-567
-628
-899
-1097
-1155
-1305
-1822
-2232
-2338
-2493
-2718
-3160
-3583
-3847
-4034
-4329
-4607
-4626
-4659
-4879
-5100
-5030
-4834
-4749
-4570
-4413
-4142
-3656
-3312
-3105
-2808
-2234
-1571
-936
-567
-343
-8
596
1379
1869
2163
2396
2711
3089
3603
3972
4090
4146
4057
4342
4818
4901
4347
3634
3564
4031
4290
3780
2712
1908
1871
2082
1932
1333
771
336
57
-144
-237
-55
-121
-411
-780
-773
-349
-168
-163
-200
-16
256
297
300
409
896
1215
1158
967
921
1383
1672
1690
1505
1418
1490
1470
1447
1336
1361
1140
747
351
116
138
-56
-475
-1030
-1393
-1699
-1963
-2239
-2506
-2626
-2912
-3268
-3660
-3769
-3654
-3703
-3943
-4145
-4041
-3869
-3854
-4044
-4106
-3730
-3259
-3103
-3210
-3180
-2841
-2425
-2093
-1799
-1525
-1298
-1109
-819
-294
328
695
729
825
1283
1953
2424
2487
2484
2706
3049
3317
3392
3452
3542
3635
3583
3347
3275
3429
3627
3551
3205
2877
2755
2969
3121
2988
2763
2494
2170
1890
2035
2327
2160
1510
788
584
813
964
534
-193
-574
-725
-930
-1272
-1448
-1556
-1854
-2381
-2818
-2738
-2480
-2543
-3154
-3558
-3331
-2962
-2869
-3092
-3109
-3007
-2870
-2751
-2581
-2202
-2006
-1978
-2018
-1788
-1312
-990
-803
-713
-467
-201
100
460
710
986
1103
1262
1473
1769
2135
2215
2248
2149
2185
2308
2406
2508
2271
2138
1980
1858
1762
1556
1426
1142
993
758
395
163
-64
-205
-524
-808
-998
-1165
-1186
-1409
-1674
-1823
-1816
-1790
-1866
-1799
-1736
-1634
-1494
-1335
-1120
-923
-677
-518
-263
122
414
542
644
874
1063
1220
1228
1279
1494
1652
1566
1216
1085
1137
1221
1235
1052
859
627
433
227
186
358
253
-46
-322
-331
-282
-422
-527
-593
-425
-336
-583
-879
-904
-565
-437
-573
-766
-920
-886
-840
-749
-744
-805
-878
-1035
-967
-781
-674
-715
-723
-445
-202
-102
-160
-169
142
545
888
870
743
745
797
957
1070
1221
1126
822
541
387
516
579
514
208
-56
-63
-96
-46
-104
-107
-219
-335
-189
-173
-111
-292
-395
-277
-106
12
-346
-497
-411
-226
-182
-436
-525
-560
-410
-369
-391
-246
-238
-311
-458
-270
116
353
386
190
180
351
590
795
957
1097
982
742
680
882
1172
1190
871
485
318
421
546
549
369
-28
-406
-552
-311
81
158
-174
-720
-935
-678
-219
93
3
-263
-516
-552
-329
38
320
272
16
-196
-82
237
423
383
215
156
146
142
182
243
263
26
-309
-468
-330
-138
-305
-675
-1012
-1076
-1030
-1104
-1170
-1259
-1300
-1502
-1739
-1752
-1604
-1407
-1514
-1712
-1791
-1699
-1493
-1392
-1217
-1051
-924
-861
-782
-432
-12
325
418
452
719
1117
1518
1656
1738
1886
2102
2364
2431
2507
2575
2705
2794
2694
2569
2408
2417
2468
2433
2263
1902
1628
1455
1421
1368
1118
777
417
253
200
95
-153
-488
-663
-708
-716
-877
-1095
-1206
-1243
-1251
-1348
-1379
-1359
-1352
-1403
-1494
-1400
-1241
-1123
-1190
-1315
-1280
-1171
-1037
-1034
-1062
-1066
-1105
-1164
-1240
-1190
-1105
-1106
-1214
-1339
-1337
-1279
-1201
-1105
-982
-891
-897
-884
-716
-387
-108
-33
-57
30
275
539
704
780
799
791
803
860
1004
1122
1105
944
766
758
890
1032
1051
904
718
655
788
971
1010
883
722
690
772
862
900
903
876
781
672
670
789
898
873
725
608
595
637
680
691
661
559
409
362
431
486
414
224
68
-5
-7
13
-40
-199
-443
-613
-618
-561
-599
-773
-986
-1157
-1224
-1190
-1135
-1168
-1311
-1501
-1638
-1656
-1560
-1419
-1385
-1517
-1718
-1800
-1637
-1327
-1087
-1120
-1352
-1449
-1215
-779
-502
-507
-609
-599
-387
-75
204
334
299
269
365
617
905
1062
1015
831
818
1087
1399
1436
1208
1094
1206
1301
1244
1247
1412
1433
1145
884
997
1291
1359
1188
1024
942
872
872
1024
1161
1051
756
556
597
779
907
845
600
360
301
391
448
370
250
136
-32
-198
-240
-164
-146
-297
-514
-678
-782
-826
-778
-723
-853
-1192
-1486
-1498
-1317
-1260
-1443
-1745
-1978
-2061
-2026
-1931
-1887
-1964
-2123
-2251
-2232
-2050
-1806
-1627
-1565
-1537
-1439
-1262
-1015
-686
-340
-120
-100
-106
120
593
1021
1141
1061
1072
1274
1545
1759
1907
1968
1911
1806
1858
2137
2370
2286
1993
1823
1892
1968
1853
1660
1538
1411
1134
809
703
789
734
359
-78
-230
-151
-135
-302
-477
-548
-620
-754
-809
-671
-518
-567
-759
-808
-637
-473
-465
-507
-431
-307
-288
-331
-270
-87
48
24
-36
18
153
210
146
125
216
271
144
-85
-211
-183
-170
-315
-542
-724
-865
-1033
-1181
-1225
-1252
-1402
-1649
-1810
-1769
-1660
-1652
-1757
-1799
-1692
-1530
-1415
-1346
-1216
-995
-762
-596
-458
-237
70
373
607
837
1101
1338
1510
1681
1957
2261
2430
2429
2402
2474
2597
2675
2677
2626
2511
2307
2118
2048
2019
1873
1578
1273
1066
883
664
461
325
166
-122
-475
-691
-684
-625
-735
-1014
-1278
-1390
-1358
-1301
-1314
-1416
-1595
-1763
-1799
-1665
-1516
-1569
-1820
-1995
-1891
-1618
-1464
-1567
-1759
-1795
-1586
-1268
-1079
-1113
-1216
-1163
-896
-590
-437
-438
-432
-341
-189
-15
160
286
287
203
186
324
532
636
573
447
388
458
606
740
800
776
716
708
833
1056
1226
1218
1115
1111
1277
1470
1490
1350
1246
1292
1395
1395
1264
1105
1018
1012
1013
971
871
752
677
635
620
600
562
523
490
472
440
405
398
415
441
420
345
270
263
327
358
296
167
66
23
-26
-104
-227
-398
-610
-830
-1020
-1183
-1351
-1580
-1873
-2156
-2366
-2483
-2563
-2680
-2831
-2964
-3038
-3036
-2946
-2784
-2638
-2579
-2551
-2409
-2106
-1758
-1489
-1336
-1236
-1077
-819
-505
-226
-40
69
172
326
572
889
1164
1300
1350
1467
1725
2036
2283
2422
2478
2525
2638
2803
2948
3018
3000
2890
2724
2595
2574
2588
2472
2154
1779
1548
1460
1342
1124
903
694
413
129
45
148
139
-121
-406
-481
-402
-343
-363
-449
-597
-764
-807
-724
-671
-719
-818
-965
-1134
-1117
-865
-708
-906
-1213
-1258
-1094
-1002
-1032
-1058
-1142
-1352
-1484
-1350
-1127
-1139
-1385
-1585
-1569
-1424
-1277
-1162
-1127
-1194
-1260
-1148
-840
-555
-471
-528
-570
-498
-299
-41
116
65
-99
-147
-4
186
282
270
205
122
110
270
494
595
605
647
661
669
907
1293
1317
985
996
1370
1307
827
877
1470
1493
810
568
1083
1383
1017
772
1086
1275
870
514
924
1571
1532
1005
852
1202
1429
1304
1178
1159
1007
684
489
619
805
614
92
-299
-315
-253
-447
-787
-1072
-1344
-1650
-1806
-1716
-1701
-2014
-2417
-2506
-2324
-2241
-2325
-2362
-2324
-2372
-2415
-2180
-1750
-1508
-1590
-1683
-1482
-1095
-802
-683
-597
-441
-260
-99
91
370
644
706
601
623
879
1113
1092
968
1004
1152
1175
1076
1007
987
932
860
860
880
839
781
797
885
949
967
955
938
953
1009
1075
1106
1101
1108
1133
1140
1114
1064
1009
939
846
787
786
787
715
575
471
463
502
471
348
218
131
52
-51
-146
-201
-296
-503
-754
-915
-959
-1023
-1177
-1356
-1464
-1496
-1548
-1627
-1668
-1638
-1605
-1656
-1730
-1701
-1584
-1542
-1602
-1603
-1487
-1415
-1466
-1455
-1259
-1072
-1078
-1117
-947
-645
-461
-397
-269
-42
136
257
438
685
855
898
927
1044
1247
1407
1432
1345
1269
1307
1355
1303
1172
1063
974
847
727
665
634
567
477
425
442
504
551
590
638
719
821
905
953
964
1001
1062
1097
1033
906
819
756
718
647
527
396
265
182
130
127
115
29
-74
-151
-143
-142
-205
-310
-462
-609
-740
-803
-874
-1055
-1303
-1491
-1517
-1521
-1598
-1717
-1762
-1725
-1706
-1665
-1578
-1463
-1435
-1461
-1363
-1144
-946
-914
-935
-830
-609
-424
-338
-262
-158
-55
26
144
318
427
429
409
493
645
745
782
805
837
828
835
911
985
968
851
775
786
794
741
665
620
575
497
432
428
455
429
367
369
439
498
497
508
590
678
719
722
755
800
825
844
854
853
806
742
714
709
684
607
515
447
382
278
148
49
-36
-142
-292
-446
-569
-677
-792
-941
-1098
-1217
-1280
-1329
-1428
-1542
-1606
-1610
-1612
-1652
-1663
-1615
-1570
-1596
-1623
-1534
-1371
-1274
-1271
-1249
-1136
-985
-842
-696
-542
-413
-315
-191
25
292
505
617
670
748
904
1129
1325
1391
1334
1263
1270
1365
1476
1538
1502
1356
1204
1164
1251
1320
1249
1092
954
895
895
913
885
759
559
409
402
472
483
374
177
-26
-154
-170
-105
-66
-165
-383
-571
-600
-512
-479
-559
-682
-762
-773
-727
-634
-570
-609
-765
-873
-768
-524
-338
-345
-456
-539
-545
-454
-294
-125
-81
-201
-320
-296
-153
-47
-44
-95
-146
-166
-150
-108
-100
-166
-278
-346
-316
-247
-204
-232
-292
-353
-388
-352
-275
-192
-152
-151
-147
-144
-147
-129
-61
18
47
23
9
36
73
105
131
158
172
180
222
287
330
342
343
370
414
463
522
582
623
644
677
727
766
783
798
823
847
858
856
847
836
806
776
770
755
714
659
596
531
460
383
305
228
141
49
-58
-167
-259
-349
-440
-532
-625
-722
-812
-890
-947
-982
-1029
-1084
-1133
-1171
-1183
-1176
-1168
-1150
-1124
-1102
-1070
-1015
-933
-855
-798
-741
-670
-587
-506
-408
-305
-221
-151
-92
-20
54
119
177
213
261
303
322
335
337
339
337
324
309
281
255
234
222
223
228
231
222
226
254
312
389
448
496
532
590
681
783
879
935
953
967
993
1042
1095
1122
1106
1058
1013
993
994
978
925
828
697
593
521
456
379
261
107
-38
-157
-238
-310
-401
-518
-640
-737
-805
-846
-875
-923
-980
-1040
-1080
-1092
-1092
-1087
-1085
-1086
-1090
-1089
-1082
-1065
-1036
-1006
-980
-965
-942
-906
-863
-809
-754
-694
-635
-572
-489
-390
-283
-179
-84
1
96
198
303
406
482
541
579
616
652
684
703
685
641
586
543
504
452
379
293
215
151
107
78
44
16
-7
-13
10
58
120
170
232
306
392
502
609
710
790
854
912
972
1036
1091
1117
1116
1098
1078
1044
1001
963
910
852
775
693
631
568
495
413
312
212
134
67
6
-74
-181
-289
-388
-465
-525
-594
-694
-819
-928
-1009
-1061
-1119
-1204
-1308
-1408
-1477
-1501
-1499
-1501
-1520
-1563
-1590
-1577
-1511
-1413
-1330
-1287
-1258
-1214
-1130
-1005
-853
-717
-623
-547
-463
-332
-157
16
150
244
335
446
593
744
857
915
928
928
956
1025
1091
1098
1032
934
869
864
896
929
920
860
784
734
743
799
848
854
819
768
735
729
747
752
721
657
587
539
514
488
423
331
238
166
116
76
19
-73
-175
-255
-296
-302
-300
-310
-346
-379
-380
-349
-308
-276
-265
-267
-269
-251
-212
-179
-170
-186
-213
-228
-242
-247
-261
-297
-354
-413
-454
-483
-486
-484
-510
-558
-611
-639
-626
-595
-571
-568
-596
-633
-642
-625
-586
-552
-547
-572
-606
-612
-572
-504
-438
-397
-376
-351
-309
-218
-101
13
100
156
215
294
400
510
602
669
701
735
776
825
870
885
869
834
797
771
759
752
725
684
641
600
564
534
511
487
457
412
361
318
286
263
238
197
142
81
20
-33
-78
-118
-154
-202
-258
-312
-351
-371
-396
-416
-436
-462
-490
-512
-514
-517
-521
-534
-544
-554
-552
-535
-512
-483
-458
-440
-419
-376
-326
-277
-227
-187
-147
-101
-51
-4
32
51
63
77
99
121
131
124
108
93
88
96
113
129
140
137
137
151
173
215
252
285
303
312
343
376
413
435
443
445
445
441
446
452
431
401
360
317
290
264
240
199
140
77
28
-1
-30
-46
-74
-127
-174
-218
-236
-238
-242
-253
-278
-303
-317
-319
-306
-291
-288
-293
-299
-295
-275
-258
-253
-263
-265
-257
-255
-253
-254
-260
-270
-282
-291
-290
-287
-286
-286
-286
-276
-270
-259
-243
-229
-205
-185
-164
-144
-128
-100
-71
-43
-19
5
38
66
90
120
148
179
213
238
263
287
305
325
345
359
379
403
417
430
441
458
477
487
498
509
525
545
560
565
574
576
571
567
552
529
505
475
448
411
360
311
252
198
141
88
41
-12
-55
-98
-138
-182
-222
-251
-275
-287
-298
-314
-326
-338
-348
-349
-347
-353
-365
-386
-412
-445
-476
-505
-538
-560
-583
-617
-657
-709
-750
-779
-791
-797
-804
-803
-816
-826
-819
-801
-761
-714
-671
-625
-582
-537
-477
-410
-322
-225
-134
-50
21
86
155
227
301
389
463
524
573
600
622
653
692
732
765
781
777
761
747
745
755
765
771
763
739
705
671
646
632
617
588
560
511
452
398
346
311
294
278
245
194
138
87
53
25
6
-3
-20
-55
-94
-139
-180
-203
-214
-222
-239
-271
-313
-359
-402
-425
-434
-427
-414
-418
-432
-462
-494
-500
-497
-482
-465
-451
-444
-450
-462
-465
-449
-413
-366
-334
-308
-293
-282
-248
-205
-149
-97
-45
5
43
74
86
103
122
152
185
204
215
211
193
177
162
161
155
141
126
97
75
52
29
26
31
45
58
58
54
47
38
39
52
67
81
91
99
102
101
97
104
109
113
115
111
112
113
111
109
108
105
108
107
103
96
86
70
59
47
40
37
33
33
25
18
10
5
-5
-7
-4
-3
-5
-13
-21
-37
-51
-62
-76
-80
-83
-94
-109
-125
-132
-132
-133
-134
-134
-129
-131
-133
-133
-142
-128
-117
-110
-91
-81
-74
-71
-65
-55
-49
-49
-52
-49
-43
-43
-45
-49
-46
-39
-34
-24
-11
-3
-3
6
13
27
44
59
82
96
113
132
148
168
191
221
246
266
282
296
315
334
347
359
368
377
381
380
369
349
322
298
266
222
179
129
77
17
-50
-115
-184
-243
-298
-348
-398
-444
-481
-509
-531
-552
-563
-572
-574
-566
-554
-534
-508
-479
-453
-414
-376
-337
-294
-254
-210
-164
-123
-90
-55
-14
22
59
100
142
182
213
243
268
292
320
341
366
383
403
407
404
412
410
407
398
377
356
328
293
259
231
200
170
142
120
100
86
72
53
52
50
47
44
46
49
52
62
71
78
80
79
74
70
69
58
51
45
34
22
3
-16
-35
-57
-88
-120
-154
-177
-203
-227
-245
-263
-272
-282
-295
-301
-304
-305
-310
-307
-305
-295
-292
-294
-287
-285
-286
-283
-279
-279
-280
-277
-277
-276
-272
-263
-249
-228
-203
-170
-134
-96
-54
-15
32
88
136
186
227
272
315
344
369
384
403
421
424
432
421
401
380
351
330
307
281
256
226
207
193
169
160
151
142
140
136
144
149
155
162
163
157
153
147
141
135
126
122
115
105
90
79
74
60
46
32
13
-2
-29
-44
-65
-94
-113
-146
-164
-185
-210
-236
-268
-287
-309
-321
-331
-347
-351
-367
-357
-350
-337
-316
-307
-272
-252
-232
-215
-201
-164
-144
-110
-87
-69
-41
-33
2
15
24
39
38
56
59
64
59
55
64
52
61
62
69
76
70
76
73
81
80
72
80
72
82
78
74
79
74
88
79
85
86
86
94
71
74
72
66
69
53
64
56
48
45
27
34
22
29
40
40
62
69
94
103
113
133
145
171
186
198
199
193
191
177
172
165
153
146
126
98
68
42
24
6
-17
-43
-74
-112
-145
-176
-203
-219
-234
-246
-269
-293
-318
-341
-354
-364
-354
-345
-338
-336
-348
-357
-359
-350
-319
-279
-235
-196
-171
-150
-133
-105
-60
-9
46
79
97
99
97
102
115
141
168
181
175
158
132
113
108
123
148
166
173
164
152
141
143
154
168
185
195
185
162
143
129
122
124
120
119
113
105
99
86
86
93
104
120
131
145
144
146
149
138
141
133
126
119
103
94
76
71
54
31
22
0
-8
-13
-24
-38
-60
-81
-104
-118
-137
-159
-178
-202
-221
-246
-260
-279
-292
-295
-300
-288
-286
-285
-279
-274
-255
-239
-220
-205
-187
-165
-146
-120
-102
-76
-53
-31
-5
17
49
58
83
107
122
153
154
169
173
171
182
171
179
171
168
163
150
151
136
135
122
116
109
89
88
77
82
73
67
75
72
84
75
76
81
79
89
84
91
92
91
88
78
84
80
72
63
57
49
42
37
28
24
12
-2
-13
-32
-44
-63
-83
-97
-116
-128
-149
-157
-159
-171
-164
-169
-165
-159
-167
-158
-164
-161
-158
-164
-154
-155
-148
-148
-143
-141
-141
-129
-123
-110
-106
-90
-73
-64
-43
-36
-14
-6
5
28
32
53
55
64
79
79
97
104
113
115
119
125
121
126
122
125
128
124
128
123
132
133
134
146
141
147
143
143
143
131
127
110
103
94
86
83
75
77
64
59
48
35
34
16
18
8
-4
-11
-27
-26
-45
-41
-42
-55
-47
-70
-65
-72
-72
-62
-78
-62
-75
-59
-51
-58
-41
-59
-46
-55
-58
-55
-79
-70
-92
-92
-94
-111
-105
-119
-117
-126
-136
-136
-143
-142
-142
-133
-127
-114
-100
-92
-79
-76
-65
-47
-36
-14
-8
2
9
20
38
45
62
65
72
83
85
90
86
89
97
103
109
103
96
83
80
74
65
70
69
70
74
75
75
73
76
73
67
69
64
74
78
73
78
73
83
78
70
64
50
41
30
29
18
9
1
-14
-18
-33
-38
-42
-53
-48
-57
-59
-57
-63
-53
-49
-39
-39
-47
-48
-53
-51
-49
-42
-34
-33
-32
-32
-34
-32
-28
-29
-33
-31
-25
-20
-13
-5
-1
-6
-8
-13
-16
-10
-12
-8
-8
-11
-3
-8
-9
-13
-16
-9
-13
-11
-8
-8
-6
-10
-6
-8
-18
-18
-21
-19
-20
-26
-30
-36
-35
-33
-25
-20
-16
-10
-5
1
8
15
21
27
39
55
63
69
76
78
78
77
77
79
76
73
65
62
59
52
50
43
34
24
16
4
-4
-11
-21
-26
-29
-28
-29
-34
-45
-48
-47
-42
-38
-34
-27
-25
-25
-25
-16
-11
-4
2
4
8
5
5
9
5
7
4
-7
-6
-8
-8
-6
-13
-16
-18
-16
-12
-10
-9
-7
-5
-4
-5
2
-1
0
4
0
6
5
10
11
9
13
3
-5
0
-5
3
5
2
13
16
21
20
13
19
11
11
13
6
6
4
1
-5
-1
5
4
7
5
10
8
4
4
-2
0
-2
-3
1
-4
-9
-15
-20
-17
-19
-17
-21
-27
-30
-35
-35
-36
-30
-27
-22
-19
-26
-23
-22
-19
-19
-17
-3
4
9
15
11
11
13
10
13
15
13
8
8
2
-6
-10
-13
-8
-15
-21
-26
-35
-35
-37
-32
-27
-22
-3
2
13
27
38
54
63
78
89
94
101
100
109
109
107
119
124
136
142
141
151
146
139
139
125
118
107
94
90
73
56
37
17
2
-17
-39
-60
-85
-105
-126
-140
-149
-160
-163
-168
-168
-171
-178
-169
-163
-153
-142
-134
-126
-122
-117
-111
-106
-102
-97
-93
-93
-90
-83
-76
-69
-63
-47
-42
-35
-21
-12
3
10
21
31
35
49
55
69
79
81
90
88
92
96
93
101
98
100
95
90
91
83
80
80
73
75
76
73
76
70
63
67
61
58
54
43
33
24
24
18
11
11
8
0
-7
-8
-10
-8
-15
-15
-17
-21
-20
-27
-28
-27
-22
-14
-12
-9
-12
-10
-9
-10
-2
-5
-4
0
4
11
14
17
21
15
9
6
2
0
0
-4
-8
-13
-18
-27
-41
-52
-65
-76
-81
-88
-95
-105
-108
-108
-114
-116
-115
-111
-111
-107
-100
-100
-97
-89
-86
-89
-86
-82
-74
-73
-70
-65
-60
-54
-49
-36
-25
-8
9
24
42
56
76
91
102
112
120
133
140
148
152
159
157
157
157
154
155
147
140
130
123
119
111
111
112
108
105
101
100
102
97
94
95
92
89
73
54
39
25
9
-7
-22
-29
-36
-45
-56
-66
-73
-85
-93
-96
-102
-104
-105
-108
-112
-118
-123
-129
-137
-141
-145
-149
-152
-150
-153
-158
-155
-150
-147
-144
-137
-125
-115
-105
-88
-72
-57
-39
-25
-7
6
22
40
53
67
72
78
90
93
92
87
80
75
70
61
55
49
42
42
43
41
46
44
44
50
52
57
64
68
71
73
73
80
85
89
97
96
100
109
115
119
117
112
107
108
109
103
99
86
77
72
68
60
42
32
22
9
-8
-17
-28
-43
-58
-79
-94
-107
-124
-138
-151
-160
-171
-181
-186
-192
-193
-194
-194
-189
-194
-193
-192
-185
-172
-166
-155
-140
-121
-100
-84
-68
-48
-26
-13
3
21
38
61
80
90
97
98
106
108
103
102
94
88
87
80
74
69
65
61
67
75
76
84
89
93
100
105
106
108
108
107
100
96
94
93
91
87
81
78
73
70
62
48
38
30
19
10
6
0
-6
-19
-35
-45
-52
-60
-71
-72
-75
-85
-86
-95
-101
-102
-106
-102
-102
-97
-98
-100
-103
-97
-93
-93
-83
-81
-73
-60
-53
-44
-49
-50
-47
-38
-18
-8
3
12
13
12
17
25
29
31
32
35
39
47
54
55
48
43
44
43
40
39
41
39
38
31
27
32
32
34
34
36
35
27
25
24
27
28
26
31
30
27
25
20
21
21
19
19
17
14
15
16
