-7
0
4
-1
0
5
11
12
13
8
5
10
14
11
6
9
10
7
4
0
3
11
11
9
5
4
1
4
6
0
-4
-8
-10
-10
-8
-9
-7
-7
-12
-12
-11
-18
-16
-18
-15
-7
-8
-2
2
-5
-3
-2
2
3
-4
-8
-7
-5
-3
1
4
6
11
12
8
13
10
9
6
4
7
6
6
7
13
12
11
12
9
11
14
14
11
13
16
20
16
13
14
13
6
-2
-2
-6
-5
-2
-4
-2
-3
-4
-10
-9
-7
-9
-8
-13
-11
-9
-10
-11
-15
-15
-15
-13
-11
-11
-13
-12
-12
-13
-12
-15
-17
-24
-25
-22
-24
-21
-24
-25
-19
-21
-15
-13
-17
-11
-10
-9
-4
-6
-4
-1
-1
3
3
3
2
4
9
15
19
20
23
26
32
32
34
40
43
49
54
59
56
54
52
44
36
32
33
33
33
31
27
19
7
6
3
1
2
2
2
-4
-9
-13
-17
-18
-23
-22
-19
-19
-16
-22
-28
-29
-26
-26
-26
-27
-35
-35
-40
-40
-36
-31
-30
-40
-43
-41
-37
-37
-33
-35
-36
-35
-43
-43
-43
-45
-39
-43
-44
-40
-40
-38
-34
-30
-27
-25
-19
-8
1
8
20
32
42
53
61
67
68
68
77
78
81
81
79
78
77
82
79
79
73
66
62
59
61
56
45
38
30
22
14
2
-4
-15
-24
-32
-42
-46
-53
-55
-58
-55
-54
-57
-58
-54
-53
-52
-46
-51
-42
-30
-24
-15
-15
-8
0
6
14
17
20
19
14
16
11
5
5
0
-3
-6
-6
0
4
7
11
18
18
19
21
21
25
25
16
11
9
0
-5
-12
-25
-21
-22
-23
-22
-30
-26
-31
-36
-29
-18
-13
-14
-11
-7
1
6
13
22
21
22
24
22
30
33
34
35
30
22
20
14
8
3
-4
-4
-9
-11
-12
-15
-19
-28
-26
-18
-14
-8
-8
-7
-4
-11
-7
-2
1
5
2
-1
1
-1
1
3
7
16
14
18
15
10
14
12
11
12
12
9
8
4
-4
-4
-5
-3
-2
-5
-4
-5
-4
1
7
5
-1
-4
-7
-6
-7
-13
-15
-18
-16
-15
-15
-10
-12
-16
-17
-18
-19
-18
-19
-14
-12
-7
-2
-1
0
-1
5
8
16
18
18
26
26
32
37
33
31
26
25
24
17
19
18
18
12
7
4
-3
-4
-14
-14
-18
-23
-18
-24
-24
-24
-29
-29
-35
-34
-32
-27
-21
-15
-6
-1
0
6
2
7
10
9
22
20
24
28
22
24
19
20
20
10
7
2
2
-6
-15
-11
-15
-12
-17
-20
-18
-27
-25
-23
-20
-17
-21
-17
-19
-12
-4
2
7
7
20
21
14
17
16
22
25
34
36
30
27
25
23
18
13
15
18
20
22
19
15
6
5
-3
-8
-3
-5
-11
-19
-22
-29
-33
-31
-36
-28
-26
-26
-22
-24
-19
-19
-19
-16
-14
-13
-11
-12
-13
-7
-5
-3
-2
3
6
7
13
13
17
20
21
28
22
21
17
7
8
4
0
0
-6
-8
-5
-3
1
2
5
0
0
1
1
6
11
12
9
14
14
13
9
-1
-2
-4
-3
0
2
2
-1
-4
-15
-21
-17
-10
-8
-8
-7
-1
-3
-4
1
5
8
1
-5
-1
0
2
2
-4
-4
-12
-15
-19
-23
-19
-22
-24
-22
-12
-9
-12
-10
-4
2
12
26
28
29
33
28
34
39
38
34
26
22
16
8
6
0
0
-3
-7
-8
-14
-12
-19
-20
-13
-17
-12
-12
-13
-7
-12
-16
-15
-14
-13
-12
-7
-7
-4
-4
1
3
5
8
4
7
8
8
5
9
11
6
8
7
15
19
13
9
2
-4
-5
-3
-7
-6
-11
-15
-11
-21
-17
-14
-18
-17
-19
-13
-12
-8
-8
-11
-10
-9
-4
-3
1
-1
6
12
15
26
25
23
15
15
15
13
15
12
13
9
6
10
8
6
4
1
2
1
0
2
1
1
-6
-8
-7
-9
-2
-2
-7
-5
-9
-6
-2
-2
-2
-5
-7
-3
-4
-7
-10
-9
-6
-2
2
3
4
7
7
4
4
3
5
7
10
9
9
10
7
5
2
-2
2
2
4
4
0
-1
-3
-8
-12
-15
-13
-10
-6
-9
-13
-13
-12
-10
-12
-12
-17
-20
-18
-17
-11
-13
-13
-11
-10
-6
0
3
4
6
8
13
14
12
12
6
5
6
3
4
5
1
0
6
12
11
11
16
19
23
24
19
20
20
21
22
25
32
30
29
33
28
20
15
14
15
10
8
6
3
5
8
8
9
11
7
5
0
-3
-3
-13
-20
-25
-34
-39
-45
-52
-60
-64
-70
-73
-74
-81
-83
-81
-79
-73
-78
-83
-81
-78
-68
-67
-64
-62
-57
-49
-33
-19
-13
-5
5
17
27
37
52
61
74
85
91
102
107
110
110
112
117
123
124
125
124
122
117
103
94
87
81
69
50
38
26
13
1
-10
-16
-17
-28
-34
-31
-27
-26
-32
-31
-31
-26
-22
-24
-16
-17
-16
-15
-18
-20
-23
-33
-43
-50
-54
-50
-52
-56
-61
-63
-67
-70
-72
-77
-83
-86
-89
-92
-93
-95
-101
-113
-115
-119
-121
-117
-118
-112
-105
-101
-93
-91
-86
-83
-71
-53
-44
-31
-15
5
20
37
50
65
86
105
125
143
159
178
194
205
217
228
234
234
233
226
233
232
232
232
222
220
209
201
187
167
161
140
127
111
93
75
53
42
18
4
-5
-26
-25
-39
-48
-45
-61
-65
-80
-100
-118
-136
-155
-171
-189
-208
-217
-241
-253
-265
-282
-289
-310
-321
-326
-330
-330
-335
-342
-344
-339
-334
-322
-307
-297
-281
-267
-254
-233
-205
-183
-151
-122
-99
-71
-50
-15
24
51
88
119
144
182
209
236
263
283
306
322
335
342
345
352
358
366
375
378
377
374
356
345
336
327
324
313
302
287
264
249
228
207
195
168
153
130
98
77
46
31
19
-2
-15
-42
-68
-94
-117
-123
-137
-142
-155
-170
-170
-178
-178
-182
-188
-183
-191
-191
-188
-195
-190
-191
-187
-179
-181
-174
-185
-189
-180
-188
-184
-188
-194
-176
-176
-169
-162
-165
-152
-151
-143
-129
-136
-118
-102
-102
-78
-74
-56
-36
-32
-3
7
24
46
45
68
80
86
104
104
127
140
147
173
170
189
199
202
219
212
222
229
220
225
214
200
193
174
165
153
135
123
97
94
85
65
59
39
36
27
13
8
-11
-21
-30
-43
-47
-58
-63
-66
-70
-71
-81
-84
-84
-83
-76
-76
-72
-70
-68
-57
-50
-50
-47
-49
-52
-53
-57
-63
-71
-80
-91
-86
-92
-105
-117
-128
-123
-122
-130
-129
-129
-128
-125
-122
-107
-96
-86
-71
-61
-45
-31
-11
11
33
56
70
87
101
116
138
150
160
170
176
176
175
166
154
152
145
137
127
113
108
105
91
83
73
66
68
64
56
54
50
50
49
44
45
44
44
43
39
36
28
24
16
3
-4
-17
-23
-30
-46
-57
-73
-85
-97
-107
-111
-122
-128
-135
-143
-145
-150
-154
-163
-165
-167
-172
-174
-183
-188
-190
-198
-199
-196
-195
-189
-185
-182
-175
-163
-155
-142
-126
-107
-81
-61
-34
-2
28
60
89
117
146
169
192
216
231
246
255
265
276
283
287
284
283
286
285
278
265
261
249
235
224
204
189
168
153
135
112
93
72
50
26
1
-24
-49
-65
-77
-87
-100
-117
-126
-132
-135
-138
-140
-133
-132
-124
-117
-112
-98
-96
-97
-84
-76
-71
-68
-77
-87
-97
-110
-124
-131
-147
-165
-182
-204
-213
-229
-230
-228
-232
-222
-219
-208
-194
-186
-172
-162
-147
-129
-112
-84
-68
-46
-18
-4
30
47
74
100
117
150
168
190
203
210
219
226
239
243
250
250
245
246
238
236
227
218
214
203
192
179
163
151
139
128
117
100
84
63
46
40
23
15
3
-13
-22
-36
-43
-61
-71
-75
-90
-98
-111
-116
-126
-134
-131
-140
-141
-149
-150
-141
-140
-136
-135
-135
-133
-129
-129
-132
-131
-130
-121
-119
-107
-94
-84
-68
-60
-46
-41
-31
-12
-9
-3
-1
9
7
10
20
17
30
25
26
33
36
49
44
44
43
43
49
47
54
59
65
69
69
74
80
93
95
94
99
104
112
105
102
104
98
96
93
89
86
77
71
63
57
54
40
30
26
17
9
0
-15
-27
-35
-44
-53
-58
-61
-69
-72
-81
-87
-85
-93
-98
-98
-99
-99
-95
-96
-91
-84
-81
-88
-86
-78
-74
-66
-68
-80
-71
-53
-28
-3
2
5
-5
-12
-8
-11
23
21
15
10
-31
-28
-24
-37
-61
-63
-53
-19
14
24
60
34
50
77
85
148
181
231
247
266
277
263
297
276
264
287
275
298
317
294
320
300
274
265
237
166
135
171
58
608
946
323
-259
-745
-497
189
799
377
-356
-689
-1350
-729
-531
-650
-805
-1494
-1399
-1420
-696
-1059
-1750
-2219
-2375
-728
-338
-88
-460
-1086
-865
-464
789
1195
1489
1193
699
1110
1641
2364
2245
1701
1294
1326
1823
1913
1383
854
546
358
378
281
188
-250
-597
-841
-992
-682
-770
-938
-1233
-900
-232
-219
-390
-1003
-957
-333
458
976
623
262
26
391
662
712
814
574
298
100
486
530
-274
-1231
-1505
-1021
-830
-867
-1221
-1978
-2813
-2862
-2127
-1691
-1605
-1595
-1538
-1898
-1969
-1026
-40
231
96
474
1035
1324
1609
2046
2431
2263
2417
3039
3055
2831
2783
2832
2513
2155
2253
2368
1795
840
541
98
664
1169
103
-908
-2525
-2756
-1555
-806
-995
-1714
-2485
-3609
-2692
-2118
-1651
-1264
-2350
-2021
-1808
-707
-204
-612
-1149
-1383
303
844
1523
1282
570
469
718
1931
2031
2354
1562
968
1372
1596
2339
1766
1033
418
369
813
841
634
-257
-753
-1040
-882
-492
-965
-890
-437
-1052
-1792
-2276
-2185
-1497
-754
467
845
309
-813
-1463
-1227
-454
1277
1729
1875
1044
321
827
165
40
-347
260
664
345
475
-613
-1584
-3108
-3004
-2122
-1630
-1106
-2074
-2716
-3556
-3184
-2179
-1574
-800
-799
-315
-382
-100
708
1547
2621
2650
3130
3476
3671
3899
3686
3946
3792
3980
4323
4100
3734
3040
2369
1534
1204
1166
958
823
-142
-1115
-1750
-2193
-2030
-2134
-2363
-2697
-3115
-3075
-2905
-2436
-2443
-2272
-1464
-1558
-1327
-1396
-1374
-438
-11
355
317
440
298
805
1245
500
487
-153
269
674
571
862
-169
-1224
-2287
-2075
-1700
-1431
-1282
-1992
-2252
-2604
-2003
-1448
-1037
-754
-587
37
279
949
1132
1444
1996
2307
2636
2562
2493
2112
2534
3140
3098
2998
2113
1543
1432
829
1242
2899
3863
3051
318
-2138
-2386
-916
921
1763
841
-1310
-2510
-2961
-2665
-2039
-2171
-1985
-2621
-2611
-1812
-2035
-3153
-5059
-4825
-3216
-1671
-1225
-2103
-2901
-3988
-3615
-2145
-222
1070
1063
703
142
980
2459
4031
4698
4228
4216
4428
4993
5125
5072
4905
4349
3881
3383
3425
3227
2511
1439
7
-695
-915
-831
-797
-1654
-2745
-3536
-3896
-3844
-3621
-3294
-3520
-3827
-3999
-3258
-1391
-1193
-1708
-2463
-2964
-1384
526
2123
2475
1691
476
210
1265
2120
3353
2729
1455
776
625
1491
992
164
-910
-1048
-668
-1085
-1262
-1838
-2116
-2094
-1748
-1561
-1077
-846
-1336
-1171
-916
105
981
801
320
329
1161
2089
2564
2368
2239
1902
1946
2158
2271
2443
1637
1966
3367
4056
3499
1160
-1048
-1430
-57
1649
2406
1129
-1386
-2463
-2633
-1987
-1584
-2358
-3007
-4110
-3935
-2842
-3063
-4613
-6565
-6577
-5169
-3740
-3170
-3515
-4370
-4979
-4107
-2455
-668
205
666
1195
1292
2078
3486
4825
5441
5488
5820
6476
6720
6441
6105
5723
5535
5508
5418
4710
3671
2662
1691
989
217
11
-109
-928
-1930
-2875
-3428
-3567
-3657
-3696
-3629
-3920
-3502
-3088
-3388
-3185
-3300
-2553
-1463
-1074
-465
14
462
772
1287
1114
1242
1611
1569
2305
2328
2279
1606
342
-399
-424
461
568
-54
-1305
-2315
-2429
-2013
-1593
-1464
-1820
-2627
-2574
-2248
-1200
-648
-986
-1162
-1533
-575
455
1283
1444
980
863
831
1590
1480
2859
5011
5600
5067
1599
-258
-21
1745
4176
3965
2857
163
-873
-567
-337
59
-1305
-1901
-2877
-2297
-1257
-2387
-4546
-7792
-7708
-5837
-3910
-3079
-4614
-5924
-7128
-6128
-3783
-1525
-296
-662
-685
-618
1389
3577
4794
5469
4954
5922
7175
8050
8219
7436
7015
6942
7531
7478
7108
5991
4459
3481
2029
1474
837
0
-695
-1969
-2725
-3615
-4238
-4925
-5270
-4725
-4857
-5103
-5992
-6432
-5653
-4832
-3993
-3906
-3860
-3698
-2602
-943
-184
295
-276
-469
200
1433
2976
3128
2491
1399
1190
1628
1910
2384
2284
1865
1038
421
495
849
710
-43
-672
-766
-64
-213
-980
-1604
-2148
-1027
144
367
97
-995
-1232
-1114
-419
2119
5202
6482
3645
-570
-2048
427
4324
6154
5373
2200
-138
-520
323
1510
419
-1263
-2837
-3355
-1678
-465
-1399
-5604
-9576
-9366
-6015
-3004
-3257
-5640
-8143
-8770
-7094
-3960
-994
-549
-1471
-1949
-648
2511
5324
6325
5413
4638
5956
8743
10196
9209
7496
6469
6887
7656
7916
7366
5404
3069
1302
919
1216
1041
-142
-2568
-4406
-5345
-5129
-4542
-5135
-5928
-6792
-7404
-7493
-6788
-5520
-4545
-4265
-4801
-4484
-3460
-2034
-263
953
1666
1551
1380
1849
3039
4343
4924
4541
3672
3423
3785
4494
4494
3934
3726
3237
2726
2126
1324
1003
449
-404
-625
-934
-1518
-2163
-2609
-2926
-2492
-1854
-2101
-2265
-3477
-3325
167
3731
5706
3011
-1770
-3810
-1787
3259
6317
6240
2784
-798
-2002
-1078
1181
963
-486
-2612
-3974
-2569
-2126
-3131
-6809
-10208
-9641
-7114
-4858
-5557
-7484
-9512
-10122
-8182
-4901
-1658
-1143
-1847
-2005
-557
2695
5662
7895
8237
8102
8886
10224
11441
11764
11955
11673
11090
10419
9990
9653
8501
7027
5386
3678
2246
1159
-142
-941
-2561
-4328
-4733
-7019
-8513
-8932
-9598
-8784
-8889
-9508
-9564
-9312
-9415
-8604
-7207
-6979
-5133
-3661
-2136
-601
-371
345
1017
2824
4343
5732
6182
5045
5085
5568
6143
6413
6635
6137
5828
4859
3366
3483
2651
2637
1058
329
15
-634
406
-2020
-2710
-3446
-3550
-1925
-3172
-2099
-845
2551
3473
281
-1969
-4022
176
2388
4869
5108
2430
1688
-1632
-778
-606
-498
442
-1554
-1721
-3277
-4029
-5676
-8867
-9449
-8865
-5901
-6897
-8621
-10321
-11022
-9254
-8700
-6096
-4971
-4398
-3600
-2769
-210
1543
4111
5768
7156
8720
10308
12351
12167
12239
12380
13643
14459
13945
13365
11602
10167
8746
7765
6891
5129
3682
2227
873
-362
-2670
-4722
-6640
-8159
-8057
-7949
-8448
-9813
-10955
-11576
-11378
-10291
-10165
-9093
-8647
-7913
-6186
-4898
-3555
-3707
-2898
-1505
504
2617
3186
3763
4236
4611
5442
5741
5929
6690
6958
6727
5097
3709
3593
3900
4042
2858
2350
1397
551
226
-770
-255
-1342
-1399
690
3216
4649
1196
-3013
-5286
-2349
2939
5670
5108
414
-2323
-2247
-347
2028
969
-340
-2702
-3722
-2248
-1559
-2274
-6690
-9796
-10096
-7778
-5807
-6761
-8259
-10512
-10890
-9869
-7499
-5366
-4658
-4028
-4271
-2869
-548
2221
4637
4908
5510
7223
10009
11796
11875
11337
11010
11920
13106
14027
13569
11856
10045
8247
7282
7054
6490
6266
4154
-34
-2245
-3726
-3848
-3305
-5147
-6998
-8601
-9631
-9499
-8942
-9130
-9984
-9810
-9546
-8251
-6709
-5167
-4808
-5732
-5530
-4785
-2073
490
1044
1379
910
698
2155
3439
4219
4306
3912
4227
3559
3233
2784
2021
2381
1914
2143
1727
906
2
-1043
-508
-621
1428
4472
6104
5445
688
-2578
-2218
2636
6581
7051
5084
633
-235
-37
1744
2750
506
-605
-2148
-1948
-1254
-2176
-4362
-8486
-10157
-8893
-6022
-5529
-7401
-9114
-10882
-10879
-10140
-7719
-5110
-3918
-3345
-3202
-2367
-913
1829
4436
6381
7666
8760
10143
9799
9418
9865
11249
12835
13241
12456
10221
8252
6940
7117
7777
6936
6465
3743
-175
-2372
-3792
-3005
-2139
-3357
-5417
-7427
-9309
-10149
-8596
-7706
-7505
-7603
-8822
-8921
-8187
-6360
-5081
-4187
-3479
-3547
-2590
-1968
-983
1222
2924
3087
2443
2090
2448
3703
4356
4659
4843
4243
2546
1366
1075
1220
2239
1363
-14
-126
-677
-930
-1660
-918
3118
6632
5481
-874
-5559
-3724
2928
8292
8436
4577
-291
-1475
162
3243
5386
3289
913
-2251
-2959
-604
3
-1731
-7059
-10219
-8692
-5509
-4512
-6456
-8803
-11210
-11546
-10018
-6946
-4032
-4295
-5396
-6137
-4509
-585
3012
5400
5332
4797
6187
8865
10674
11494
11915
11423
10859
10421
11107
12457
11986
10217
7247
6767
7316
5196
4045
722
-2387
-2099
-2937
-3889
-4875
-6708
-8877
-9291
-10069
-10840
-8503
-8193
-8402
-8698
-8274
-7100
-6736
-4831
-4019
-2488
-1910
-2573
-1070
830
2566
3063
2331
1699
2304
4057
5696
5514
3986
2714
1709
1368
1657
2629
2587
1161
-824
-2348
-1159
673
1963
3111
4418
3572
-758
-4446
-3970
964
5617
6805
4261
300
-1859
-1485
1144
2614
1311
422
-100
-1037
-2396
-3092
-4080
-6671
-7961
-6742
-4085
-4802
-7653
-8775
-8587
-7123
-5745
-4080
-3700
-4692
-4463
-2068
1412
3039
4343
4864
4726
6012
9246
12672
12449
10251
9206
10598
12282
12368
11737
9752
7662
5830
5493
6843
5009
2297
-474
-4006
-4281
-3646
-4088
-5790
-8854
-10671
-9682
-8071
-9464
-10722
-10518
-9996
-8580
-6775
-5472
-5982
-5598
-4840
-2912
294
1049
1692
2695
2526
2958
4008
4822
5500
5241
5244
4307
2617
2435
2445
2272
532
-1333
-2459
-2491
-1244
-1236
-1174
-2150
-1402
2157
4640
2941
-2804
-4622
-1610
3893
7666
7354
4783
1155
631
2380
4786
5605
2823
1172
625
848
1464
-306
-4863
-10249
-10048
-6093
-3230
-4712
-8817
-10698
-11587
-10625
-8401
-5605
-4186
-5336
-5750
-5129
-3083
-473
2649
4572
4845
5899
7777
10200
10208
10606
12546
13751
14050
13289
12911
12568
11522
10430
11021
8697
5347
3506
12
-663
-858
-2561
-4160
-6707
-9865
-11286
-9775
-11229
-12066
-11940
-13166
-12269
-11434
-9613
-9463
-9256
-8605
-6804
-1934
36
685
1316
2061
3802
5605
7452
8325
8517
7911
7060
6253
5841
7169
6964
3521
-183
-2501
-1076
492
-189
-1316
-2583
-1042
887
397
-3990
-8293
-7123
-2900
1838
1933
73
-2003
-4448
-3185
-340
3380
3252
1217
246
32
1396
1651
112
-3956
-6407
-4779
-2234
-1076
-3246
-5118
-5307
-6049
-5953
-4509
-1632
-1016
-2102
-2202
-2146
-859
994
3327
4490
3890
4127
5416
7559
8557
9075
9061
8674
9335
11126
12733
11894
11516
8405
5443
5201
3979
6472
7104
2450
-2561
-5588
-5660
-4222
-2008
-5293
-10087
-12411
-13132
-10092
-7551
-6819
-10457
-13144
-13055
-10590
-3977
-1141
-1630
-3513
-4778
-2338
1892
6098
7304
5991
4417
4702
6392
8051
8211
5501
3319
2059
1914
2447
761
-1020
-1752
-1092
1694
3953
1971
-4477
-9046
-7530
-1181
3708
2278
-2256
-5853
-6367
-3909
-262
1212
-1117
-3858
-3131
-517
891
1063
-1662
-6366
-8432
-5294
-597
-326
-3819
-6651
-5967
-4282
-3045
-1246
20
-232
-1359
347
3070
4198
5046
5026
4916
5097
7335
10151
9950
8095
7369
8746
10180
10642
10651
9603
8653
8119
5769
5093
4236
2087
1935
910
-1275
-2293
-2188
-3489
-5083
-5589
-8350
-9809
-9918
-9250
-7042
-6081
-7762
-12875
-14070
-11425
-6157
-15
554
-2058
-4764
-4732
-753
4703
8234
7787
5288
3302
3469
5535
7605
7840
5909
3956
3080
2278
745
-1148
-590
598
2824
5123
1300
-6297
-10821
-8579
-874
4022
2222
-2961
-7276
-8365
-5593
-851
166
-2247
-5535
-6244
-4260
-2059
-101
-1201
-6184
-9912
-7277
-1142
938
-905
-3980
-6358
-5996
-2971
1334
3986
3296
825
927
2824
4254
6850
9050
8652
7150
6575
7481
7931
7858
8856
9275
8387
7325
7720
7890
8586
8895
4007
824
-835
-475
4215
4749
264
-4329
-6439
-7013
-4188
-986
-3579
-6116
-9276
-10526
-7561
-3536
-2401
-7043
-9977
-11218
-7415
-489
1973
902
-1216
-2280
-878
3454
6467
7073
6058
4074
2955
3854
6213
6770
4329
915
-1262
-1155
269
834
175
-184
1682
1995
-2881
-8449
-9537
-4610
781
566
-2786
-6262
-7012
-6347
-4479
-3063
-4017
-4787
-4865
-3977
-3173
-1938
-2257
-6124
-9560
-8226
-2253
1417
-665
-3738
-4604
-3402
-1869
569
3049
4099
4156
4374
5583
6403
7472
9433
10796
10833
10109
10660
10307
8125
7917
9118
9788
8361
6867
5886
5838
6448
3155
-9
-2687
-4148
-1156
460
-2242
-6425
-7813
-7949
-6963
-4541
-5911
-7842
-9404
-10046
-8326
-4834
-3401
-6858
-8387
-9023
-6303
327
3655
2956
563
-392
2093
6622
10090
9878
7704
6835
6901
7511
8492
7512
4784
3861
2838
1679
447
-477
-60
610
2870
2852
-2725
-9515
-12783
-8923
-2483
630
-1992
-7469
-11310
-12739
-8235
-4160
-2893
-4790
-7281
-7832
-7193
-4450
-3755
-5101
-8403
-9749
-5956
-3069
-2950
-3945
-4959
-4662
-2621
1322
4047
4316
2230
2437
6572
10223
11873
11336
10950
11493
12575
14647
14561
12618
11261
11234
12020
12209
11993
11014
10639
6914
1873
-22
-1785
-1060
428
-1480
-5678
-9116
-10793
-11193
-8407
-8397
-11005
-11626
-12718
-12254
-10076
-7152
-8663
-10868
-10496
-9898
-5144
-816
787
1295
1443
1460
3538
8321
11225
11684
10710
9055
8779
10440
11316
9966
7124
4842
4284
3703
2746
2677
2757
3974
5549
1713
-5874
-9975
-8921
-3562
-56
-2103
-6506
-10554
-11673
-10250
-7254
-6703
-8602
-9648
-9092
-8027
-7082
-6289
-8651
-12091
-12098
-8211
-3786
-4249
-7065
-7931
-7094
-4715
-1156
2112
2765
2397
2786
4780
8149
10678
12111
12203
11433
11786
14512
16269
15033
13160
11926
11926
12624
14112
14055
14485
12788
7089
3541
159
-317
2435
2735
-999
-5889
-8818
-11397
-9921
-8315
-9948
-11319
-13333
-13911
-12899
-9325
-9443
-12607
-13782
-13758
-9363
-4272
-1734
-1812
-2034
-1031
1027
5048
9076
10966
10450
10286
10049
10859
12155
11576
10610
8861
8234
7013
4986
3615
4536
8609
9820
4631
-4425
-9620
-7198
-1499
2092
-490
-6146
-11353
-13280
-10707
-7967
-6974
-9427
-11325
-11674
-10326
-7783
-8162
-11760
-16168
-15439
-10031
-5011
-5214
-8895
-10727
-10765
-7994
-2551
2509
3974
1584
390
2911
7792
11738
13498
13034
11528
12086
15034
17187
16574
15081
14381
13866
13244
13376
15013
17365
14129
7929
4475
2180
3032
4872
3111
-1536
-5783
-8107
-8972
-7258
-8115
-10532
-11717
-13310
-13125
-10732
-8018
-11420
-15192
-15030
-12539
-7348
-4737
-5174
-6227
-5951
-3624
1082
5508
7563
6719
5106
6358
8356
11821
13742
10620
6684
5623
7765
9291
8529
6615
5522
7320
9205
6013
-85
-3383
-3341
-399
2071
613
-2305
-5859
-9520
-10504
-9154
-7712
-7901
-9363
-10306
-10282
-9597
-10009
-13663
-16438
-14611
-9781
-6781
-8628
-11500
-12204
-10550
-7824
-4006
-714
466
417
312
2942
7401
11366
13670
13118
11866
12406
15079
17363
16967
15672
14885
14365
14392
13986
15799
15351
10360
7166
3997
3322
5254
4537
1023
-2291
-4863
-7921
-7357
-7116
-9384
-10318
-12146
-13095
-12321
-8844
-9311
-13864
-15382
-14423
-10312
-5194
-3519
-6097
-6646
-5792
-3143
1990
6199
8030
5718
5193
5600
7976
12419
12819
10032
6423
6006
6229
6820
8357
7832
8291
9006
6874
1582
-1953
-1419
861
3501
2741
-34
-2699
-5398
-7699
-8322
-6437
-5789
-7112
-8389
-9958
-10247
-10511
-11443
-13566
-15251
-13468
-10101
-9497
-11938
-13002
-12359
-10437
-7295
-4306
-2468
-2266
-2207
88
4947
8449
8909
9356
10881
12571
14538
16144
15580
14212
13810
14527
15387
15975
17638
16938
11531
7043
5447
7475
10778
9088
3099
-2157
-4314
-4849
-3494
-2925
-6583
-10239
-12672
-13548
-11990
-8124
-7269
-12195
-16110
-17173
-13299
-7167
-4409
-5636
-7510
-7673
-6894
-2964
2102
5359
5710
4400
3745
4585
7968
10465
10059
7566
6142
6948
7064
7186
7370
6793
8659
9774
5927
1213
-1481
-189
3023
5072
3853
605
-1319
-3735
-5469
-5587
-4011
-3820
-4680
-4379
-6504
-8394
-9963
-11980
-12576
-10820
-8049
-7975
-10377
-13314
-12778
-10541
-8614
-6432
-5338
-4637
-5178
-4189
-380
4403
6782
5867
5588
6275
9170
12559
14195
12940
10215
10367
11313
13138
15550
15479
11902
7606
5340
5542
8518
8821
6136
2600
-983
-2543
-3043
-2251
-3319
-5676
-7549
-9472
-9616
-8331
-7548
-9721
-12086
-12659
-10869
-7075
-5172
-5416
-6277
-6117
-5392
-3155
726
3470
4834
4247
2816
2727
5291
8497
9312
7558
4422
3378
4107
5113
6435
6638
6567
6695
4902
1321
-1090
-748
1493
3129
2456
572
-429
-1317
-3375
-5138
-5057
-3889
-3317
-2865
-2732
-4516
-7309
-9706
-10832
-9700
-6458
-4035
-5862
-9642
-11137
-9437
-6776
-5044
-3945
-2918
-2370
-3300
-2501
1412
5477
7668
7455
6812
6330
7564
10541
12487
12301
10258
8947
8583
9665
11610
11216
8397
4467
2568
3868
5677
4771
1987
-309
-2636
-3823
-3738
-4029
-5344
-6955
-8373
-8924
-7392
-6413
-7753
-9991
-11694
-10878
-7234
-3806
-3644
-5123
-5932
-5784
-3608
-188
2368
3911
4231
2875
2535
4309
6312
8062
8308
6451
4612
4059
3844
4500
5866
6133
5875
5862
5579
3186
-928
-3000
-1152
2499
4099
2390
-581
-2665
-4298
-5036
-3737
-2242
-2156
-3133
-4265
-5770
-6593
-6119
-6548
-8265
-8956
-7069
-5632
-6042
-6838
-7245
-6333
-6146
-6165
-3642
-447
412
309
1368
2962
5081
6971
8170
8570
8272
9235
11078
10997
9215
8697
9484
10264
10808
9709
7108
4833
2897
2736
4024
3724
1585
-763
-2232
-4220
-4914
-4398
-5795
-7997
-9368
-9100
-8112
-6978
-8496
-11324
-12078
-11190
-7801
-4838
-3814
-5040
-6621
-5436
-2961
-227
2871
4555
3251
3102
4151
5312
7508
8376
7815
6448
5850
5369
5376
5845
5294
5437
5100
5307
6614
5914
1910
-2910
-3211
762
4220
4018
832
-2650
-5270
-5531
-3676
-1567
-1272
-3859
-5920
-7218
-7088
-4857
-4661
-7686
-11198
-10707
-7409
-4967
-5392
-6663
-6804
-7474
-6708
-4234
-434
1553
1035
1117
1910
4222
6803
9026
9438
8653
8902
10345
11204
9960
9269
9131
10243
10919
9732
8478
6058
4349
3872
3992
3835
2458
605
-1848
-3735
-4551
-4638
-5519
-6874
-8154
-9486
-8810
-8272
-9197
-10420
-11228
-10801
-9593
-8194
-6835
-6251
-6376
-5202
-3510
-1438
578
1643
2747
3665
4497
4757
5537
6600
7072
7172
6828
6134
5346
5392
4375
3529
4357
5462
5483
4537
4531
2758
-190
-1876
-734
2906
4272
2027
-2658
-4254
-2558
-293
831
-1168
-3690
-6483
-5432
-2577
-1085
-1607
-6060
-10050
-11368
-7421
-2999
-2063
-4701
-8729
-9541
-8355
-4382
-866
1475
1123
-1659
-1994
5
4595
7431
7854
7078
6021
6124
6975
8351
8561
9136
8911
8465
8153
7246
7666
7489
6716
5499
4068
2965
1794
360
-896
-1320
-2153
-3373
-5529
-7487
-7679
-7190
-7097
-8148
-9909
-10794
-9849
-9139
-9302
-9460
-9295
-8566
-7250
-5170
-3467
-2350
-1735
-1055
122
1824
3901
5098
5457
5289
5587
6207
6559
6848
6427
5696
5169
5138
6012
6839
6060
3939
2095
3066
6066
6770
3286
-2268
-3862
-162
4416
5341
2092
-2077
-5185
-5069
-2280
1564
2294
-1128
-5232
-7561
-4803
-1428
-892
-4073
-8336
-8969
-7015
-4010
-2858
-3110
-4965
-6340
-5832
-3629
203
919
82
-966
-400
1923
3477
3836
3021
3259
4002
5493
6166
6023
5551
5239
6582
7425
8366
7966
5472
2789
1944
3035
4446
4887
2740
-567
-3241
-3421
-2271
-1400
-1936
-4271
-6856
-8301
-7895
-7384
-7049
-8080
-9521
-10045
-8958
-7180
-6642
-5747
-5264
-4842
-4056
-2549
-1212
-208
1380
2347
2991
3219
3811
4681
5369
5263
5273
6518
7108
6321
4834
4160
5037
6999
7909
6542
3074
598
2653
6146
6596
3097
-736
-1756
-384
2179
3871
3239
603
-2508
-4099
-2598
542
1227
-601
-3903
-6053
-4946
-3360
-2737
-3783
-4731
-5511
-5882
-5266
-4120
-2871
-3479
-4065
-4327
-3060
-1868
-2001
-1746
-2098
-1166
117
1154
1252
966
1495
2366
4517
5937
6128
4640
3229
3338
4348
6261
6526
5093
3007
1603
1467
2312
3113
2910
1878
-284
-2066
-2905
-2676
-2500
-3671
-5456
-6657
-6613
-6434
-6509
-6841
-7226
-7431
-6796
-5705
-4732
-3235
-2295
-2469
-2654
-1960
-302
1896
2945
2872
3028
3836
5115
5589
5528
5538
6178
7184
7275
6214
4730
4172
4439
4863
4712
3556
2180
896
175
510
1353
2054
1971
626
-1892
-3742
-3080
-462
1917
1449
-1561
-4165
-4039
-1769
296
1257
368
-1777
-2944
-2434
-319
1548
1210
-1083
-3170
-3732
-3129
-1939
-1725
-1975
-2917
-4368
-4710
-4152
-3209
-2770
-2571
-2467
-1881
-1280
-1523
-1881
-1706
-126
1445
2190
1876
671
153
744
2625
5143
6234
4599
1883
581
1612
3678
4463
3259
1060
-1076
-1654
-752
-250
-585
-1801
-3365
-4644
-4915
-4028
-2645
-1717
-2146
-3443
-4398
-3732
-1876
79
1123
829
215
220
927
2312
4322
5800
5891
4675
3643
4071
5781
7028
6406
4715
3158
3107
3900
4153
3100
1661
1004
609
545
-98
-1157
-1963
-2396
-2864
-3713
-3992
-4010
-4165
-4878
-5514
-4833
-3270
-2289
-2931
-3643
-2856
-1133
162
218
-449
-526
440
1487
1823
1719
1850
2272
2251
1505
1137
1648
2433
2594
1566
80
-980
-1089
-585
-460
-1536
-3023
-3569
-3384
-2915
-2704
-2801
-3132
-3645
-3795
-3151
-2093
-1724
-2344
-3120
-3024
-2061
-695
-128
-1016
-1974
-1858
-1043
-143
630
978
1378
1623
1208
1063
1671
2528
3225
3644
3717
3707
3729
3762
3779
4044
4856
5650
5721
4980
4430
4735
5525
5810
5197
4328
3526
3216
3181
2909
2449
1851
1138
332
-383
-1093
-1756
-2114
-2305
-2701
-3708
-5202
-6292
-6393
-5676
-5176
-5761
-6932
-7749
-7221
-5538
-3669
-2853
-3500
-4172
-4054
-2813
-1013
230
193
-678
-848
-115
1413
2929
3372
2565
1253
1008
2366
4401
5051
3993
2622
1596
1421
1823
2285
2385
1562
123
-882
-780
-130
255
-302
-1698
-2701
-2778
-2356
-2099
-2086
-2110
-2384
-3110
-3847
-3816
-3111
-2560
-2544
-2236
-1541
-1278
-1727
-2161
-1474
63
1486
1701
1120
805
1339
2812
4090
4771
4767
4561
4283
4268
5307
6723
7459
6824
5532
4485
4347
4934
5333
5272
4570
3358
1977
949
574
905
1278
615
-1144
-3100
-4352
-4682
-4073
-3251
-3408
-5004
-7182
-8229
-7238
-5111
-3704
-4101
-5753
-6930
-6636
-5107
-3259
-2046
-1860
-2643
-3541
-3323
-1635
575
1829
1458
502
345
1283
2744
3767
3782
3250
2866
2733
3017
3537
3897
3887
3280
2277
1543
1511
1717
1642
997
188
-236
-653
-1385
-2266
-2745
-2570
-2045
-2109
-3058
-4176
-4838
-4528
-3447
-2326
-1969
-2541
-3580
-4002
-2934
-986
695
1205
622
-125
93
1352
3061
4530
4954
4498
3782
3787
5046
6922
7949
7307
5687
4481
4719
5819
6634
6509
5377
3760
2457
1945
2201
2638
2287
922
-864
-2026
-2236
-2090
-2339
-3248
-4362
-5265
-5759
-6003
-5884
-5501
-5357
-5657
-6173
-6287
-5941
-5486
-5251
-4871
-4129
-3579
-3512
-3846
-3726
-2729
-1429
-676
-816
-1102
-903
-23
1050
1774
2079
1984
1783
1727
2167
2919
3533
3787
3569
3100
2549
2291
2471
2836
2868
2257
1333
496
250
531
768
375
-664
-1625
-2089
-1898
-1338
-932
-1047
-1668
-2239
-2362
-1920
-1146
-394
-29
-108
-106
276
926
1536
2141
2935
3514
3582
3365
3470
4197
5152
5773
5545
4705
4005
3982
4430
4598
4302
3539
2520
1507
814
763
743
237
-887
-2159
-2964
-3211
-3125
-3417
-4090
-4692
-4869
-4803
-5083
-5413
-5363
-4961
-4554
-4297
-4011
-3836
-3945
-4081
-3717
-2801
-1834
-1376
-1758
-2461
-2436
-1365
-57
341
-170
-719
-765
-293
441
1110
1308
1029
763
872
1119
1357
1671
1826
1740
1583
1659
1927
1925
1563
1239
1204
1363
1622
1569
997
385
275
662
758
262
-258
-341
-38
170
38
-363
-693
-510
114
570
416
81
128
549
1168
1776
2202
2179
1797
1718
2299
3261
3943
4022
3600
3037
2913
3362
3895
3956
3481
2753
2097
1724
1641
1636
1256
416
-464
-1028
-1281
-1508
-1888
-2425
-2986
-3335
-3457
-3578
-3830
-4038
-4036
-3992
-4116
-4285
-4138
-3677
-3342
-3405
-3688
-3698
-3136
-2389
-2091
-2356
-2679
-2469
-1807
-1232
-983
-973
-978
-951
-869
-584
-179
185
400
448
395
316
390
695
1127
1533
1727
1637
1359
1262
1583
2129
2553
2607
2366
2074
1924
2029
2275
2410
2292
2021
1742
1440
1178
1083
1126
1136
904
530
301
316
428
391
230
210
475
799
837
647
560
757
1109
1367
1471
1464
1416
1398
1414
1457
1507
1519
1426
1189
908
734
643
470
166
-178
-454
-669
-888
-1119
-1347
-1543
-1685
-1843
-2045
-2233
-2299
-2212
-2104
-2051
-2063
-2143
-2250
-2277
-2138
-1922
-1734
-1613
-1618
-1802
-2031
-1990
-1573
-1110
-1041
-1387
-1761
-1759
-1320
-801
-632
-898
-1173
-1085
-724
-408
-299
-327
-400
-396
-211
84
322
454
511
472
371
438
833
1377
1710
1675
1409
1156
1184
1609
2209
2527
2321
1809
1401
1402
1827
2304
2375
1993
1542
1379
1504
1702
1837
1854
1734
1562
1457
1458
1496
1491
1434
1322
1210
1143
1036
781
460
297
307
219
-117
-527
-793
-913
-1011
-1187
-1419
-1589
-1606
-1582
-1716
-1910
-1887
-1629
-1421
-1441
-1506
-1379
-1125
-943
-892
-857
-700
-461
-336
-451
-625
-561
-321
-265
-513
-792
-832
-744
-802
-999
-1120
-1067
-988
-1096
-1387
-1595
-1414
-960
-746
-1025
-1465
-1495
-1046
-585
-481
-685
-881
-869
-663
-396
-168
-32
-54
-164
-185
81
562
885
870
741
876
1317
1706
1815
1774
1854
2102
2350
2467
2469
2477
2486
2425
2330
2321
2433
2483
2277
1886
1567
1501
1592
1606
1413
1057
707
470
359
305
173
-97
-461
-761
-890
-910
-988
-1277
-1713
-2054
-2083
-1794
-1534
-1636
-2080
-2464
-2341
-1756
-1150
-942
-1123
-1327
-1267
-914
-425
41
326
314
64
-153
-37
399
827
896
545
71
-183
-101
135
269
183
-145
-603
-938
-977
-798
-639
-675
-950
-1369
-1684
-1616
-1174
-750
-732
-1090
-1423
-1380
-949
-432
-201
-298
-429
-388
-223
-16
284
621
749
624
563
800
1177
1437
1518
1535
1590
1723
1889
1968
1943
1930
1965
1941
1841
1767
1745
1654
1468
1328
1269
1193
1072
955
845
678
503
422
393
301
68
-257
-517
-579
-496
-555
-976
-1537
-1794
-1667
-1464
-1473
-1712
-2023
-2268
-2309
-2062
-1674
-1423
-1423
-1571
-1623
-1376
-910
-475
-264
-202
-100
50
209
439
773
1068
1148
1059
1000
1080
1250
1373
1307
1067
858
837
924
887
609
206
-102
-185
-118
-83
-247
-579
-896
-1050
-1018
-901
-808
-835
-1011
-1176
-1177
-1004
-776
-677
-744
-817
-693
-350
-17
47
-157
-312
-129
329
738
835
689
572
615
768
921
1030
1103
1109
1046
969
975
1055
1029
837
675
760
1008
1047
710
259
84
293
587
608
303
-62
-260
-270
-203
-177
-229
-346
-538
-734
-797
-722
-643
-710
-900
-1057
-1030
-819
-603
-556
-721
-898
-871
-638
-315
-69
-29
-154
-201
-70
132
300
343
320
387
561
692
699
628
518
473
569
755
920
942
713
333
82
138
401
565
395
-56
-494
-639
-498
-323
-372
-705
-1080
-1240
-1112
-852
-769
-980
-1297
-1413
-1178
-724
-395
-420
-711
-971
-906
-444
191
621
570
153
-209
-129
429
1051
1307
1129
792
581
597
800
1089
1313
1309
1015
629
470
652
985
1078
785
375
173
233
387
445
357
212
42
-170
-388
-492
-373
-136
-66
-325
-770
-1081
-1030
-709
-435
-409
-609
-841
-887
-716
-480
-328
-282
-273
-196
-53
33
63
136
296
471
501
356
238
333
631
911
917
636
270
93
228
569
849
813
439
-56
-366
-298
52
368
334
-120
-743
-1097
-946
-485
-147
-257
-754
-1260
-1456
-1266
-831
-436
-350
-622
-1035
-1223
-957
-383
81
136
-132
-393
-376
-81
285
563
627
457
199
69
267
700
1001
880
440
108
216
665
1017
978
633
302
232
402
635
769
732
553
344
216
194
210
193
148
120
70
-77
-309
-502
-508
-349
-237
-337
-576
-725
-641
-423
-299
-340
-440
-443
-325
-166
-42
31
113
190
212
204
248
410
625
761
744
626
537
587
747
905
941
815
604
443
429
534
660
673
496
177
-141
-279
-188
-36
-45
-318
-741
-1062
-1161
-1116
-1067
-1143
-1337
-1573
-1766
-1833
-1773
-1668
-1618
-1648
-1713
-1704
-1566
-1356
-1145
-968
-825
-695
-556
-357
-39
346
651
801
826
902
1151
1484
1756
1858
1827
1814
1858
1925
1948
1908
1855
1796
1719
1598
1424
1231
1051
903
760
597
408
204
4
-195
-384
-537
-662
-757
-849
-954
-1059
-1136
-1159
-1135
-1093
-1064
-1051
-1003
-893
-725
-554
-445
-390
-349
-256
-61
164
321
354
275
227
307
500
693
736
613
409
276
320
505
702
725
520
192
-35
10
248
459
432
152
-180
-373
-351
-208
-133
-243
-528
-808
-916
-854
-796
-917
-1184
-1408
-1404
-1230
-1088
-1095
-1227
-1329
-1286
-1079
-751
-447
-308
-344
-418
-294
76
488
680
582
431
498
793
1092
1174
1044
852
755
829
994
1134
1152
1001
747
535
516
678
843
825
608
359
243
256
281
259
223
222
242
211
116
42
51
104
141
168
208
237
199
93
16
44
153
242
232
120
-22
-130
-153
-86
17
80
4
-213
-442
-524
-411
-201
-82
-148
-361
-577
-608
-438
-187
-33
-82
-262
-420
-423
-279
-123
-77
-179
-356
-485
-505
-452
-412
-468
-606
-748
-830
-831
-802
-794
-835
-913
-961
-943
-862
-749
-658
-612
-600
-564
-455
-273
-87
52
98
91
131
259
466
645
704
660
601
634
775
953
1051
994
828
692
734
932
1121
1113
870
591
485
613
836
941
841
607
395
321
427
609
704
634
444
304
323
447
537
491
363
258
268
345
380
306
127
-26
-87
-41
29
-5
-188
-448
-624
-632
-522
-445
-532
-737
-946
-1014
-923
-790
-751
-893
-1111
-1231
-1152
-918
-739
-768
-985
-1171
-1121
-860
-555
-434
-522
-690
-786
-683
-432
-162
-28
-98
-265
-349
-218
60
290
331
217
124
165
319
509
645
682
626
529
486
569
742
870
850
684
513
454
512
614
653
595
443
262
159
177
277
328
229
22
-144
-157
-56
27
-6
-127
-237
-262
-189
-69
23
26
-10
-18
49
205
356
432
436
441
535
687
794
795
727
680
722
831
903
845
663
450
325
333
407
397
205
-116
-412
-546
-503
-405
-430
-633
-952
-1209
-1283
-1169
-1003
-966
-1107
-1346
-1494
-1438
-1220
-996
-914
-968
-1062
-1091
-987
-774
-550
-413
-403
-464
-464
-326
-112
74
135
94
56
85
198
333
429
453
403
330
327
428
557
615
540
422
381
451
565
616
567
463
395
407
499
621
675
589
407
274
313
507
684
697
543
347
272
358
533
679
712
624
502
446
494
611
699
711
674
627
586
537
469
417
410
428
409
281
68
-113
-171
-117
-64
-123
-334
-607
-788
-807
-705
-633
-727
-963
-1215
-1331
-1268
-1132
-1068
-1164
-1346
-1475
-1452
-1305
-1156
-1091
-1128
-1194
-1182
-1063
-881
-711
-619
-600
-591
-529
-394
-238
-121
-60
-19
48
158
271
358
412
459
529
602
654
681
701
750
832
893
901
860
820
841
917
999
1016
949
856
822
887
989
1039
986
861
774
776
848
906
877
772
648
564
532
520
495
427
332
245
168
91
16
-51
-98
-124
-143
-179
-249
-327
-381
-395
-386
-387
-413
-471
-550
-620
-662
-683
-704
-744
-802
-866
-937
-1009
-1058
-1087
-1090
-1090
-1124
-1184
-1235
-1237
-1181
-1104
-1042
-1005
-970
-921
-840
-735
-616
-501
-384
-260
-127
6
115
204
286
404
570
720
825
849
824
834
904
1022
1122
1138
1065
957
883
884
934
973
935
808
651
538
502
512
496
437
338
243
190
152
124
109
110
111
90
51
3
-13
16
84
148
148
92
15
7
96
232
316
298
220
168
200
285
367
389
347
280
222
195
188
159
91
1
-94
-185
-276
-386
-506
-615
-701
-779
-868
-979
-1108
-1217
-1278
-1281
-1256
-1254
-1290
-1352
-1385
-1346
-1249
-1140
-1048
-980
-921
-850
-759
-640
-502
-358
-219
-102
5
93
178
265
359
483
604
706
765
785
796
828
903
994
1066
1083
1047
997
974
1002
1066
1109
1097
1035
948
897
903
928
941
890
784
681
607
586
573
522
421
300
197
140
133
121
77
-15
-128
-213
-245
-235
-220
-236
-306
-410
-500
-551
-548
-529
-534
-578
-673
-750
-787
-766
-707
-686
-711
-777
-823
-790
-694
-593
-550
-581
-629
-619
-522
-382
-283
-271
-329
-383
-357
-256
-125
-53
-87
-167
-226
-213
-129
-47
-6
-24
-66
-77
-54
-5
45
75
100
136
179
203
192
168
161
197
271
336
347
308
261
247
300
387
470
522
523
515
533
601
702
791
837
833
805
793
820
866
904
889
817
722
642
610
595
548
459
328
191
92
33
-18
-107
-236
-380
-508
-590
-632
-670
-730
-829
-939
-1013
-1020
-984
-949
-958
-1010
-1057
-1052
-975
-852
-760
-721
-726
-729
-666
-538
-392
-286
-248
-258
-249
-173
-45
82
156
161
142
150
203
290
367
398
389
365
357
373
407
420
416
397
367
345
321
307
302
303
298
279
256
223
213
228
259
304
320
319
315
314
331
367
409
439
450
430
395
369
361
373
384
371
324
257
199
163
156
167
148
84
10
-56
-85
-90
-90
-111
-178
-255
-307
-340
-342
-342
-367
-420
-503
-564
-584
-575
-568
-600
-670
-731
-735
-686
-627
-592
-611
-656
-665
-618
-519
-408
-329
-303
-315
-304
-238
-108
32
109
110
77
92
179
311
411
405
331
282
310
427
539
546
463
351
300
345
414
465
450
367
272
222
240
277
303
283
233
202
191
207
226
218
185
146
112
87
80
70
76
97
59
18
23
21
-27
-84
-21
82
131
164
158
152
174
304
386
319
292
114
-28
7
51
344
890
1127
486
-516
-876
-660
127
725
383
-86
-416
59
1085
557
-1525
-2934
-2382
-621
1272
1633
-579
-2556
-2891
-2653
-1795
-1103
-1303
-1175
430
1437
293
-1219
-2593
-2780
-787
1431
2466
2406
1933
932
-214
-622
-889
-449
1102
2684
3196
2146
336
-1574
-2385
-1663
-555
643
1485
1434
474
-838
-1863
-2391
-1836
-566
637
1559
1933
1630
424
-1171
-1815
-650
1623
3161
3067
1989
1133
655
92
-170
177
985
1862
2176
1625
476
-757
-1781
-1930
-1005
28
723
759
-310
-1836
-2679
-2456
-1685
-935
-453
-33
224
-373
-1423
-1754
-1122
-143
690
1387
1817
1468
291
-711
-489
711
1709
2017
1930
1535
763
-205
-926
-1028
-319
710
1065
583
-324
-1293
-1946
-2091
-1770
-1095
-220
222
-216
-954
-1530
-1968
-1929
-1090
112
898
900
277
-310
-410
-305
-115
533
1528
2090
1818
1030
289
108
477
858
934
909
907
734
294
-320
-804
-841
-448
-27
27
-174
-540
-1095
-1413
-1140
-565
-88
175
62
-332
-550
-564
-444
2
595
902
803
478
124
-23
119
282
440
716
941
871
444
-144
-543
-456
47
515
627
388
-37
-489
-784
-757
-444
-70
165
242
202
16
-276
-506
-483
-156
344
765
878
668
240
-170
-215
144
557
741
650
389
158
22
-160
-420
-552
-415
-58
230
96
-407
-897
-1115
-1008
-678
-338
-113
-18
-121
-421
-680
-648
-322
37
276
471
619
611
380
79
-11
210
529
695
751
756
592
219
-186
-357
-182
140
275
106
-189
-391
-469
-532
-610
-628
-613
-562
-430
-315
-274
-350
-542
-613
-377
-18
171
154
41
77
401
691
683
542
500
601
799
935
866
788
822
782
631
483
347
201
90
-2
-87
-125
-174
-285
-434
-621
-841
-1029
-1042
-870
-668
-558
-585
-747
-937
-1013
-951
-754
-422
-137
-127
-308
-392
-276
-47
110
73
-20
72
362
621
687
526
291
253
480
756
851
742
578
545
653
699
575
440
474
655
755
581
273
125
221
361
288
57
-42
152
421
350
-146
-664
-710
-264
231
347
43
-363
-559
-473
-273
-191
-270
-342
-209
76
215
23
-330
-473
-283
-12
92
54
87
242
277
-20
-458
-582
-213
298
464
136
-368
-589
-449
-228
-193
-371
-569
-618
-483
-324
-375
-706
-1074
-1082
-637
-148
-112
-531
-971
-1037
-707
-273
-23
-35
-185
-287
-222
-16
167
227
220
301
511
730
802
662
450
366
503
789
1010
1006
809
598
521
587
667
667
616
608
683
748
707
582
504
522
564
517
386
343
483
695
723
450
56
-180
-102
134
215
52
-172
-270
-267
-321
-537
-796
-867
-709
-482
-375
-486
-739
-925
-905
-786
-756
-815
-788
-544
-224
-151
-411
-732
-774
-512
-220
-123
-168
-126
36
135
42
-158
-240
-108
128
267
249
185
142
67
-44
-102
-54
41
76
-3
-133
-182
-138
-105
-170
-300
-401
-397
-244
-51
-18
-175
-336
-322
-133
83
144
59
108
412
699
722
527
333
404
746
979
885
687
639
711
802
751
439
200
270
474
604
573
411
255
259
275
99
-23
78
367
621
585
273
-80
-138
-45
-24
-84
-75
89
219
135
-295
-783
-944
-687
-344
-197
-293
-551
-736
-846
-858
-889
-791
-565
-431
-345
-514
-696
-748
-659
-408
-319
-251
-227
-175
-96
-283
-279
-252
-138
253
269
181
-95
-46
127
-88
213
52
178
436
306
231
-405
-117
-225
-52
415
-58
90
-226
-25
-121
-332
-13
-381
128
299
340
402
67
217
120
444
720
691
932
845
826
825
735
859
762
868
945
838
971
769
669
441
262
359
213
382
232
33
-91
-317
-287
-492
-460
-500
-598
-518
-675
-733
-847
-831
-699
-685
-616
-701
-737
-691
-652
-523
-499
-454
-368
-338
-288
-320
-342
-322
-286
-175
-140
-51
17
-66
-144
-306
-359
-253
-67
82
12
-80
-170
-207
-176
-190
-220
-131
47
208
272
169
54
-41
52
218
313
489
572
660
628
477
355
270
451
649
800
854
764
697
547
413
281
304
510
677
722
528
268
57
-1
35
56
119
145
170
92
-52
-232
-368
-299
-208
-75
-60
-160
-241
-350
-368
-429
-488
-458
-389
-253
-237
-373
-546
-653
-559
-366
-233
-253
-396
-480
-444
-349
-274
-288
-343
-325
-236
-140
-123
-201
-285
-295
-168
-5
116
130
58
24
3
56
125
197
316
381
415
315
163
82
75
209
289
310
266
146
122
35
-5
-9
-17
103
134
179
140
20
-18
-77
27
127
213
281
193
152
99
137
233
276
330
291
276
273
256
258
209
192
184
164
162
143
135
110
55
-23
-104
-113
-70
-17
-14
-74
-135
-157
-140
-128
-147
-190
-197
-151
-97
-85
-164
-252
-285
-237
-149
-110
-137
-215
-260
-265
-251
-235
-251
-247
-230
-217
-235
-289
-336
-314
-227
-138
-108
-148
-184
-167
-93
-38
-33
-54
-62
-24
17
15
-32
-86
-89
-28
53
115
111
63
20
-2
48
123
202
283
318
355
338
299
287
272
367
454
510
545
461
440
370
332
371
359
447
454
441
412
294
240
148
127
161
201
260
199
97
-39
-111
-72
-19
43
13
-45
-85
-128
-115
-146
-171
-163
-182
-128
-135
-195
-246
-352
-341
-339
-355
-329
-419
-425
-456
-520
-512
-609
-586
-566
-556
-507
-586
-589
-622
-589
-508
-484
-390
-390
-335
-306
-308
-229
-218
-102
-29
38
133
116
166
146
180
265
319
432
428
447
429
394
412
387
434
449
493
551
533
494
400
367
381
423
476
466
426
370
336
310
277
240
213
220
213
166
68
-22
-74
-85
-78
-120
-167
-204
-227
-253
-314
-342
-344
-303
-244
-251
-268
-313
-313
-270
-250
-206
-177
-127
-99
-110
-124
-160
-136
-81
-19
46
47
38
5
-41
-73
-91
-45
18
66
68
20
-41
-89
-96
-93
-78
-49
2
36
19
-37
-101
-103
-45
27
75
65
49
43
47
44
10
0
15
46
76
65
28
0
-7
-4
-9
-12
-11
0
22
29
27
29
34
41
45
48
61
74
81
76
63
69
81
85
75
63
71
89
104
99
68
39
25
31
45
41
28
22
26
18
-24
-63
-78
-64
-33
-30
-58
-92
-110
-99
-81
-83
-93
-93
-66
-20
12
1
-31
-35
9
61
79
62
33
37
69
90
85
57
37
32
38
28
1
-26
-44
-33
-28
-39
-72
-112
-127
-129
-110
-95
-91
-82
-75
-70
-73
-73
-68
-53
-26
-1
20
29
26
19
5
0
12
28
54
73
73
62
29
5
0
10
33
52
58
50
30
11
0
-4
12
39
66
83
74
56
43
37
42
58
73
85
84
65
37
5
-11
-9
-1
0
-3
-21
-43
-51
-50
-44
-39
-37
-36
-23
-27
-34
-39
-46
-29
-17
-9
-16
-33
-26
-5
16
20
18
18
15
24
30
27
17
17
28
28
23
6
-7
-18
-28
-32
-43
-49
-55
-54
-58
-65
-64
-58
-45
-31
-22
-19
-20
-15
-14
-8
-6
1
18
29
30
14
2
1
11
26
18
10
1
3
12
3
-3
-14
-11
5
18
14
2
4
5
20
32
29
27
27
41
51
49
42
31
42
52
61
57
45
45
40
42
28
14
13
5
8
-2
-19
-23
-32
-34
-29
-34
-42
-58
-72
-76
-75
-71
-62
-56
-56
-51
-53
-48
-39
-34
-18
-12
0
23
31
33
35
39
56
71
77
73
59
48
49
49
51
47
28
22
24
17
4
-11
-27
-18
-9
-7
-14
-35
-36
-29
-22
-26
-42
-45
-33
-28
-26
-31
-44
-50
-47
-37
-29
-23
-24
-13
-3
-6
-6
-7
-8
4
12
19
21
11
10
13
11
15
13
12
16
15
17
11
0
-6
-9
-8
-2
10
14
17
14
6
5
-3
-2
12
25
36
33
29
29
29
30
28
27
29
32
34
26
12
7
2
6
9
6
8
-3
-14
-22
-27
-11
-7
1
-6
-17
-24
-37
-25
-21
-4
0
-10
-11
-29
-35
-44
-35
-26
-23
-17
-28
-28
-38
-30
-19
-12
12
15
23
18
5
9
10
17
23
35
43
37
36
21
15
13
18
25
21
24
16
6
-4
-11
-7
4
8
14
12
0
-9
-19
-20
-17
-15
-8
-9
-15
-24
-30
-29
-26
-17
-9
-9
-11
-14
-14
-14
-22
-23
-19
-15
-9
-7
-9
-10
-4
6
12
17
19
14
12
9
7
7
9
20
28
26
27
22
8
8
13
19
24
28
30
25
21
16
5
0
1
17
24
16
5
-9
-15
-9
-1
3
3
-1
-2
-8
-18
-29
-31
-26
-16
-5
-6
-6
-9
-6
6
8
14
15
15
20
20
18
15
19
26
34
31
20
13
1
-7
-11
-20
-20
-24
-31
-44
-62
-77
-87
-84
-82
-84
-97
-109
-107
-100
-92
-90
-98
-92
-70
-45
-23
-17
-19
-8
16
45
62
64
63
65
78
92
96
100
104
112
121
120
107
93
87
90
93
87
75
65
61
64
52
33
22
13
14
19
13
8
0
-8
-10
-10
-12
-17
-20
-22
-20
-22
-30
-36
-48
-55
-55
-57
-58
-55
-52
-53
-51
-58
-65
-62
-57
-48
-44
-43
-39
-39
-27
-12
-5
-1
3
16
26
33
41
42
47
48
52
54
49
47
38
28
16
1
-8
-12
-13
-16
-27
-35
-34
-30
-22
-25
-22
-20
-25
-16
-10
-2
6
4
-2
-3
1
4
5
5
7
4
5
5
10
11
5
-2
-15
-22
-21
-20
-24
-33
-38
-41
-39
-28
-25
-20
-25
-21
-11
0
17
27
32
36
49
59
65
74
77
85
82
77
81
76
81
85
83
79
66
60
