-4
6
13
14
10
-3
-25
-35
-35
-33
-20
-7
6
28
49
66
69
60
51
35
29
27
30
33
25
17
7
-9
-22
-32
-36
-34
-28
-32
-39
-45
-37
-32
-21
0
13
17
14
6
-12
-27
-31
-27
-23
-14
-6
1
6
-6
-1
4
12
29
34
29
17
22
35
49
63
79
88
95
94
79
67
41
16
-5
-29
-39
-37
-28
-20
-29
-41
-48
-45
-28
-22
-23
-22
-34
-47
-55
-56
-47
-38
-35
-33
-27
-16
10
23
12
-2
-18
-23
-16
-17
-13
-2
-1
-5
-19
-32
-28
-14
9
36
59
70
77
81
84
78
52
34
25
19
21
16
12
2
-12
-32
-45
-41
-28
-13
-6
-4
-3
-7
-11
-17
-29
-41
-48
-49
-42
-31
-15
-4
5
12
20
24
27
16
-2
-23
-35
-29
-8
27
49
40
16
-10
-25
-8
8
18
7
-23
-52
-74
-57
-10
49
90
104
81
31
-23
-52
-41
-10
39
78
80
60
14
-32
-45
-32
9
49
74
75
46
15
-6
-16
-20
-22
-24
-18
-21
-37
-56
-70
-58
-35
4
44
60
44
-3
-44
-59
-37
6
39
53
31
-9
-37
-33
-2
32
58
53
11
-42
-75
-77
-54
-13
21
42
27
-16
-43
-42
-19
4
17
19
12
-3
-26
-37
-41
-33
-9
11
28
43
43
21
-5
-8
17
45
75
87
64
1
-81
-141
-128
-42
50
114
113
49
-36
-105
-124
-72
17
91
119
83
28
-44
-112
-140
-118
-49
22
66
80
62
34
9
-6
12
51
86
90
57
4
-40
-70
-60
-22
19
44
17
-31
-85
-92
-51
13
77
89
83
28
-37
-69
-65
-17
16
41
29
-7
-49
-88
-87
-64
2
55
88
86
34
-8
-54
-54
-24
24
65
42
-14
-93
-132
-106
-34
62
123
156
127
57
-5
-59
-52
-23
28
58
54
30
-28
-54
-72
-52
-19
1
20
-3
-24
-48
-41
-8
14
37
17
-11
-48
-69
-40
2
60
82
64
9
-66
-106
-116
-54
21
82
104
57
-9
-88
-120
-103
-39
66
132
146
97
15
-63
-111
-112
-84
-24
27
57
56
32
9
-9
-3
33
85
142
184
204
203
174
124
85
60
59
72
76
81
63
33
-9
-64
-101
-134
-146
-154
-158
-159
-170
-175
-179
-170
-159
-144
-128
-114
-91
-74
-58
-47
-33
-26
-26
-31
-43
-44
-36
-11
16
37
37
19
-15
-45
-47
-40
-5
30
48
49
31
7
-16
-9
26
78
130
152
129
66
8
-22
-9
53
129
193
208
176
137
96
83
101
119
128
109
69
26
-4
-14
-14
-4
-3
-11
-23
-37
-51
-73
-95
-112
-119
-126
-125
-101
-76
-51
-38
-40
-51
-57
-48
-25
18
35
32
17
-20
-54
-81
-81
-62
-30
5
27
34
24
-4
-54
-108
-147
-154
-129
-92
-52
-39
-50
-71
-82
-62
-7
55
91
100
84
59
40
34
37
45
54
54
54
60
76
82
72
61
62
79
99
106
94
68
34
6
1
21
39
55
54
35
18
-1
-13
-2
15
26
32
32
32
31
26
29
27
24
7
-15
-26
-31
-18
-16
-16
-15
-22
-28
-59
-84
-94
-89
-82
-80
-53
-37
-25
-38
-54
-61
-83
-75
-79
-60
-29
-18
-6
-41
-53
-63
-62
-46
-42
-3
11
9
-8
-21
-15
-17
15
42
66
77
47
39
16
6
9
8
37
38
46
56
67
78
62
62
65
67
57
38
33
31
26
17
19
33
38
25
5
-13
-24
-28
-16
10
33
36
30
26
20
4
-12
-14
2
8
6
12
24
28
2
-18
-22
-19
-19
-22
-18
-11
-9
-20
-32
-55
-74
-82
-86
-87
-83
-69
-53
-49
-72
-80
-58
-46
-62
-83
-70
-39
-25
-38
-27
4
28
50
62
83
86
71
57
46
44
36
33
63
92
83
43
23
26
16
9
4
38
69
79
88
87
85
54
17
1
9
32
38
20
26
46
66
49
21
30
17
-26
-100
-111
-60
-18
11
12
41
19
-53
-108
-115
-59
-33
-15
6
12
12
-24
-40
-64
-81
-96
-133
-141
-155
-128
-110
-105
-96
-106
-84
-80
-67
-42
-9
10
-15
-33
-48
-26
-3
-4
27
51
76
93
95
132
149
150
146
142
141
121
104
96
100
99
76
49
32
18
15
22
18
25
43
54
51
10
5
-4
-22
-17
-21
13
49
55
71
86
81
71
33
-15
-19
-26
-43
-38
-67
-34
-1
-29
-9
12
71
91
39
37
62
67
2
-57
-56
-44
-66
-129
-147
-137
-190
-258
-245
-150
-55
-35
-75
-72
-116
-235
-252
-198
-80
-16
-71
-34
-7
-118
-202
-188
-90
44
44
37
129
118
30
-27
-16
100
165
108
96
104
29
-48
-81
-46
51
67
62
136
143
90
72
55
67
64
17
91
196
166
172
204
189
164
61
21
82
61
78
194
271
298
240
133
102
0
-81
3
79
115
91
72
133
67
-51
-56
-36
-18
-44
-10
69
-1
-126
-182
-147
-121
-182
-118
-51
-166
-267
-343
-346
-312
-416
-333
-140
-95
-57
-133
-212
-216
-364
-405
-281
-251
-161
-143
-164
-29
-39
-31
25
-30
47
115
76
150
181
141
151
87
68
91
82
200
243
133
152
257
282
230
170
201
285
263
170
124
166
132
3
-78
25
262
204
91
177
231
247
51
-95
50
122
15
-63
0
157
199
-61
-164
-84
-145
-72
-150
-166
93
104
109
13
-43
96
-75
-356
-458
-431
-398
-368
-350
-139
3
-88
-132
-315
-211
-51
-191
-105
36
159
40
-233
-89
-19
-236
-256
-173
-91
-31
-115
41
236
370
571
360
381
450
19
-26
9
21
190
96
196
163
-216
-151
-149
-250
128
250
225
365
239
132
-31
-230
-72
-86
-61
189
83
34
31
-129
-47
-90
-179
58
218
260
161
59
201
63
-234
-10
62
-74
86
76
161
137
-67
112
34
-67
122
-53
16
-8
-309
14
38
-199
-118
-38
111
-197
-645
-301
-164
-507
-431
-298
-15
-72
-477
-148
-109
-411
-543
-595
-173
-297
-487
-136
56
167
-282
-247
276
-28
-184
-27
528
810
156
499
930
519
270
155
844
975
419
765
1144
846
268
98
295
407
-91
38
461
295
218
-175
-128
-156
-425
-524
-439
-259
-279
-188
-252
-245
-285
-180
-449
-811
-551
-306
-47
-253
-224
108
-29
-135
-486
-593
-80
-21
-106
-33
10
326
16
-276
115
8
117
61
-277
254
82
-274
-90
-94
354
222
-296
141
218
-178
-24
-466
-175
365
-162
77
-109
-127
101
-267
-51
150
-149
124
340
-49
5
-347
124
277
-348
158
150
317
100
-28
472
6
-49
97
81
187
-82
131
363
-29
185
242
243
383
16
232
457
272
35
207
488
486
546
443
555
408
172
-70
-270
349
292
-267
26
544
474
-256
-301
133
-157
-568
-688
-248
37
-208
-415
-184
46
-523
-1065
-1110
-849
-1060
-838
-534
-562
-338
-760
-780
-869
-1018
-721
-338
-392
-425
62
-201
-146
-43
-208
177
-90
196
505
-285
468
679
478
712
460
871
527
237
556
940
1177
1091
663
813
1006
786
478
262
1018
815
756
596
189
708
202
223
126
12
604
-348
-546
84
21
-313
-939
-595
171
-303
-540
-639
-644
-232
-503
-898
-883
-478
-345
-247
-265
-273
-411
-542
-399
-616
-436
-295
-378
40
148
354
-149
-628
-331
-403
163
-250
-332
730
601
246
23
-346
-336
-482
-273
401
118
138
881
594
289
-532
-583
443
10
36
275
944
1234
344
-129
471
819
-120
-220
334
825
356
-109
234
-105
96
-103
-698
-317
-166
-186
-712
-576
290
-430
-614
73
-130
170
61
94
196
-10
32
97
160
-203
398
450
577
84
-52
844
-311
-800
-211
178
226
-502
-79
715
152
-890
-801
-264
17
-417
-364
980
485
-49
-222
-633
-105
67
-148
174
569
790
391
-256
-322
-336
-469
45
278
-116
478
264
-292
-71
-208
-248
-690
-83
634
87
-137
-70
458
-112
-304
-171
-345
562
2
-443
55
348
398
-521
-141
463
250
421
-431
85
297
114
104
-471
441
-84
-611
-92
-81
301
-255
-486
141
430
54
-913
-89
434
130
-213
121
544
204
213
-417
-79
539
-128
-81
218
815
486
-615
12
244
74
-83
-306
422
572
-158
-37
-30
-763
-547
-266
-317
133
-174
-26
-152
-171
-79
-698
-309
-6
-182
-459
500
302
-572
-442
51
798
-581
-640
213
644
602
-464
71
338
294
232
289
297
226
-186
147
640
169
158
-624
348
481
-149
112
-69
399
175
-35
-92
-212
8
263
-53
-84
716
-389
-595
-320
-226
573
-382
-3
622
-53
-96
-222
-526
89
-160
-296
359
256
152
-539
1
733
-818
-699
-50
534
117
-714
541
284
-345
-270
-18
7
-417
-447
6
613
-153
159
-103
-298
-327
-245
223
-359
-315
219
911
219
-86
-555
551
266
-187
321
69
587
-433
-419
340
336
-366
-99
495
753
53
-789
-86
-12
160
-211
512
461
548
-319
-634
594
-561
112
-116
129
135
329
371
-218
-272
-619
536
126
-248
-464
1
650
-407
-349
123
-73
-207
-561
-345
138
-171
228
-361
45
420
-458
-28
85
172
-420
-25
92
275
269
-130
190
-251
452
-90
-259
234
267
520
-290
265
505
-576
223
-206
-49
692
-439
278
45
-126
-194
-162
-520
-87
480
-111
609
-683
-93
302
-720
-336
-216
91
211
-47
81
601
-316
-351
-100
14
58
-327
132
663
568
-497
-143
76
-256
-225
76
509
153
106
83
127
48
-209
-521
327
621
135
36
-184
160
-149
-484
168
-24
-86
681
-221
224
-76
-934
363
-101
104
220
-477
413
164
-589
-451
-97
180
171
105
107
-180
46
-113
-49
194
-276
468
157
-146
-131
-475
282
-8
-776
156
644
-506
-220
-288
-13
510
-743
-454
-170
-110
347
-1040
-102
703
-233
-139
-526
483
-345
-436
291
-244
355
-31
-30
878
98
130
348
175
626
-326
98
738
891
498
328
703
197
116
65
771
601
258
585
515
741
-359
-233
366
223
658
-447
239
672
-360
-467
-558
637
-284
-701
-74
-222
-335
-977
119
-100
-702
-304
252
-600
-611
-425
-1097
-395
-640
464
-668
189
358
-257
499
-1064
-1052
-1229
361
440
-187
119
922
201
-433
-448
-556
-169
-454
467
338
748
15
-54
-423
-232
358
-778
-237
-171
1031
104
-720
403
33
-160
-343
-229
75
-77
573
588
296
720
12
-207
88
513
448
10
714
1053
734
212
-194
77
197
467
1151
135
545
-71
-299
609
-493
970
254
-155
533
-73
-506
-264
-517
-319
500
99
614
-717
-355
-678
-1423
482
-307
-460
101
190
482
-825
-868
-307
-58
-510
-717
571
302
49
-1058
-106
494
-649
373
116
524
201
-151
429
-324
81
-80
272
-303
-171
94
-238
-676
-442
897
491
-303
-46
249
471
-163
-16
-642
-326
823
-469
-500
-501
342
-239
-699
190
716
-131
-139
380
498
402
-113
-46
367
33
-548
-612
-346
919
-45
-359
1167
211
-509
-505
167
722
-74
357
1285
995
-1125
-683
-534
-321
-332
-457
1133
663
149
-711
555
270
-472
192
758
1071
-100
-128
491
-485
-1405
-842
14
654
211
597
-134
27
-238
-360
25
489
-537
-527
1453
974
6
-2027
64
-487
-521
-680
-428
641
114
229
-295
541
-198
-810
-79
1039
312
-199
-750
-407
-447
-576
-371
-68
578
902
-78
264
389
-154
199
-567
-93
217
139
-385
679
278
-131
-257
-807
-94
-165
-33
577
905
401
780
-302
152
-890
-1098
383
34
727
-214
1069
-108
-574
-138
-542
593
-220
1065
584
-537
-94
-320
178
-257
-311
269
655
-47
2
33
253
-394
-781
501
237
238
-575
-15
110
-15
-404
-195
83
-741
-577
162
1177
-338
-743
-456
1075
322
-945
315
-120
375
-504
135
817
268
-298
276
1137
-104
-458
-568
329
512
-356
-178
483
407
-66
-637
-691
-333
-205
62
-225
59
472
-562
-314
-257
-388
-59
-452
-1008
415
1317
-511
-917
-370
563
315
-595
200
1087
269
-106
-69
702
754
-998
-368
1051
1287
61
-627
-23
864
665
-349
450
659
694
-998
-812
1310
115
-715
-1045
623
1326
-464
-1038
-544
1294
17
-1324
653
913
-212
-882
-134
764
-659
-1065
-934
738
549
-840
-286
290
725
-983
-422
1083
276
-1920
-168
932
-770
-606
192
292
861
-429
-1250
401
-493
-205
-456
397
1319
-837
-459
539
-285
-121
-104
-1584
721
1074
-178
-310
-828
887
732
-438
-844
757
215
437
-271
19
1383
-1019
0
396
581
453
-272
457
942
275
-533
114
1109
692
-348
75
902
112
-181
-377
707
1353
-572
-628
359
1187
-534
-1063
-52
946
80
-549
259
-94
114
-746
16
454
-424
-1213
-46
271
-628
30
-772
-616
-833
13
480
-1345
21
-30
-271
-1341
-1386
13
-17
323
-1533
1035
472
-1231
-168
-308
640
-1109
-395
1566
1145
-11
-725
763
847
-379
-650
866
1868
129
-620
1310
991
-371
-256
-727
1788
-64
-275
1047
-42
44
-1032
404
404
81
-571
-251
172
87
385
-1242
-166
-482
-354
1655
-24
-450
-724
-509
331
547
-904
14
1565
6
-912
-1094
1155
251
-1777
-722
2518
567
-1059
208
-170
1895
-1353
-1474
759
1625
62
-2447
1069
1570
-119
-1753
42
582
39
-929
-754
1417
-41
-568
-148
-196
-550
811
-1396
-704
817
-175
453
157
852
564
-1020
-920
390
272
1105
-229
-91
1294
231
-393
-926
506
743
-456
52
700
190
-967
189
-266
116
-339
-304
2035
-665
-2278
-28
732
-80
-310
-1534
914
776
-402
667
-75
-414
-1107
-94
971
452
-648
19
537
170
326
-250
-398
173
33
934
436
-1072
498
505
176
-382
-731
707
825
-500
-360
547
-322
-906
-867
1057
1143
-1593
-1229
904
1011
219
14
-360
-788
-301
509
-232
51
120
395
926
-116
795
-478
-1928
-235
987
402
-30
312
404
-19
-888
-456
-553
-344
69
150
50
638
808
-689
-1547
-327
633
-339
684
516
202
684
-706
-501
94
-664
-23
743
738
869
-69
322
488
-1773
-1351
639
299
734
940
739
-63
-988
-539
-430
-720
-331
1155
648
909
1115
-123
-1566
-1744
197
601
745
543
445
-185
103
-152
-1159
-158
97
-79
-100
1238
539
-1075
-1055
-460
737
484
-579
-222
646
154
-583
-271
168
-405
-775
-64
600
578
-569
-517
633
-400
-803
-181
310
-254
-386
1062
995
-594
-759
102
-144
457
411
70
279
427
-119
-118
127
-566
133
311
1092
383
-161
586
-1063
-174
630
79
30
-66
-42
-171
302
-221
410
1208
52
-839
-184
-433
-307
-192
-54
1201
939
520
-675
-1189
-1307
-1619
36
1621
997
-123
-241
510
-656
-1704
-692
21
774
762
259
-76
-236
-856
-514
645
542
-180
-104
-197
416
196
-933
-462
15
698
-320
-348
1068
463
-315
-92
-152
-47
-45
-102
1107
1251
284
188
-82
-972
-1271
-507
839
924
369
844
420
-532
-952
-1313
-1105
-437
948
1648
1057
30
-514
-1048
-942
-835
27
1536
1358
1070
266
-531
-1070
-1144
-1149
279
1519
896
877
-107
-553
-1085
-1096
-816
-652
683
1083
876
28
307
290
-701
-434
-51
303
783
455
563
698
354
138
19
514
-46
-254
139
145
-329
-917
-472
-308
-515
-670
-656
-159
-462
-1184
-883
-874
-1328
-996
-412
-119
-404
-550
-361
-548
-598
-549
-243
294
394
309
1162
979
274
255
348
383
586
870
1076
1198
883
809
361
1203
1442
837
422
85
847
1149
300
-121
397
410
463
799
795
437
-10
-417
137
480
32
-204
-450
-334
-206
-594
-127
538
301
-346
-426
-476
-1497
-1903
-2083
-1238
242
1724
3425
2525
142
-2193
-3404
-2138
-467
647
2384
3991
3725
902
-2909
-4748
-5261
-3892
-908
1879
2922
339
-3548
-5931
-6627
-6982
-6073
-3595
-666
477
-239
-1261
-2839
-4482
-5453
-3421
658
3876
5299
5868
5061
2207
749
1512
3645
6477
8525
9809
8979
6477
4017
3133
2196
1271
2305
4652
5848
4566
2040
-1690
-4728
-6061
-4213
-1429
-111
-531
-2014
-2801
-4349
-6156
-6908
-5883
-3210
-839
1404
2618
1238
-1638
-3682
-3291
-855
1821
4076
5189
4031
1732
-154
-571
-550
-477
9
1058
1625
866
-1143
-3574
-5073
-5189
-3792
-1855
-464
-292
-1442
-3466
-4021
-2990
-1234
445
869
2138
3981
5092
4992
2259
-354
-63
3150
5732
5338
4681
4423
2817
-210
-2306
-2476
-3181
-3914
-2445
-19
-131
-5393
-10119
-9953
-9028
-8794
-7471
-4100
-1126
-2767
-5282
-4868
-3573
-2824
-2116
644
4895
7238
7191
6840
6313
5162
4718
6519
9711
11833
11944
10561
8219
5773
4540
4455
5001
5135
5188
5489
4415
1902
-2290
-6037
-7294
-6501
-4382
-2491
-1813
-2709
-5365
-8439
-10310
-10299
-8168
-5199
-1412
1566
1633
-633
-3752
-5013
-4914
-3122
776
4579
6378
4896
2506
1
-2305
-2723
-1003
2070
4047
3547
2276
670
-2573
-5103
-5478
-3905
-1708
-735
-598
-1317
-2713
-4042
-4011
-2429
-418
1182
2657
4443
4792
3584
3407
5548
8212
7535
4881
4578
6784
7643
4907
2945
3865
3725
151
-2935
-2936
-3664
-6348
-6592
-3459
-2687
-8251
-14525
-14036
-10982
-10170
-10075
-8024
-5098
-6220
-8469
-7399
-4543
-2686
-1910
942
5862
8704
8977
8596
7913
7955
8801
11049
14041
15051
14126
12044
9521
7524
6292
6206
6249
5464
4284
3838
2920
-57
-3645
-6911
-8413
-7622
-5529
-4281
-4752
-6605
-9114
-10411
-10618
-9626
-7320
-4538
-1475
572
432
-1185
-3412
-3774
-2269
401
4182
5995
5541
3570
1110
-391
-769
69
1455
2824
3097
1670
-489
-1955
-3598
-4994
-4421
-2805
-811
-758
-2465
-3852
-3981
-3197
-2404
-946
1528
4415
5199
5617
6927
8127
7538
3775
2427
6832
11386
10471
7523
6230
5460
1407
-4349
-5335
-3988
-3933
-3718
-2057
-1850
-8029
-17575
-19951
-15397
-11185
-9299
-8086
-6065
-7034
-10702
-11973
-8820
-4522
-1178
2467
7017
10158
8754
6045
4808
6078
9748
14106
17594
18554
16437
12184
8391
6267
6830
8855
9733
8794
6560
4269
1585
-2062
-5462
-7187
-7397
-5932
-3906
-3996
-6418
-9644
-11850
-11677
-9963
-8634
-7141
-5294
-3269
-796
135
-528
-2028
-2573
-691
1646
4248
5950
5209
3129
1143
297
502
1139
1696
1709
1076
-297
-2458
-3408
-3622
-4010
-3676
-3123
-1977
-1990
-3515
-4743
-5454
-4089
-1392
985
3764
5595
7250
8746
7872
5580
3208
4697
9370
12219
12976
12167
10308
6885
553
-4495
-4807
-2960
-366
1945
1145
-4978
-14724
-21429
-19540
-13707
-10214
-9032
-9192
-10082
-12804
-15409
-14452
-10857
-6323
-890
3972
7132
6864
3517
1773
2904
7951
14628
19300
20141
16556
12275
9330
7942
8988
12099
14127
13243
9381
5380
2654
151
-1076
-1493
-898
-1106
-3630
-6549
-8748
-11493
-13085
-11118
-7872
-4932
-5408
-8943
-11375
-11210
-6330
927
4771
4383
468
-3244
-2980
-937
2333
4865
5354
5287
3764
1613
87
-803
-1189
-1123
518
2727
2365
-757
-5227
-8119
-7337
-3999
-980
-224
-1600
-4123
-5495
-4477
-1825
1213
5644
10817
12332
8216
1600
-660
3661
9428
12843
14649
15415
12550
4791
-4157
-7934
-5998
-1449
4891
8289
3407
-9316
-22029
-24646
-17629
-9584
-5250
-5367
-8690
-13721
-17976
-18006
-14442
-9325
-3631
2433
6664
6403
2277
-1672
-1384
3690
12621
21018
23763
19394
11816
6821
6384
9546
14304
17693
16921
12458
6171
1535
-265
-401
516
1310
1389
-113
-3429
-8096
-12022
-14033
-11646
-6533
-3422
-3413
-8703
-14279
-15171
-11140
-2174
5551
6906
2323
-4829
-7015
-3265
1347
5120
6482
6772
5954
2808
-866
-2512
-1638
-204
1320
2884
3398
425
-5404
-10680
-10555
-5481
-574
588
-2205
-5076
-7430
-7600
-4370
1676
8310
11713
9735
3669
-1441
-2042
4195
11995
16098
16400
14174
10568
3666
-4076
-6943
-3173
3857
10357
10455
2197
-11874
-24820
-25442
-14733
-3379
592
-2852
-10301
-17816
-22139
-19883
-12145
-4436
1204
3191
3556
1854
-2087
-3567
-354
7359
15997
21536
21178
15037
7699
4634
7530
13545
18867
20039
16124
8987
2355
-59
1218
4979
7250
4941
-67
-5668
-8484
-8907
-9690
-9662
-6594
-4423
-4772
-7470
-12903
-16220
-15563
-8443
2919
8441
4873
-4362
-12253
-11464
-5252
2928
9034
8206
3768
-1549
-3677
-3494
-1758
1864
4360
5145
3098
-399
-4206
-7337
-8640
-5619
216
3372
2087
-3410
-7995
-9132
-6953
-502
8020
14443
14344
5837
-5077
-7434
-329
10265
17128
17118
15969
12464
4927
-2617
-7425
-5879
1488
9900
15416
9915
-8039
-24492
-28841
-19116
-4898
2819
2317
-6026
-17560
-24579
-22490
-13888
-4660
813
2907
2233
-789
-3488
-4891
-3020
3292
12460
19499
20544
15345
7692
3264
4379
11222
19189
22883
19470
10896
3290
74
1203
6779
11406
9352
2872
-4960
-8419
-7507
-6565
-5832
-4387
-3888
-4755
-7244
-11983
-15153
-16289
-11147
-555
5976
5349
-2634
-12422
-14150
-8536
863
8641
8720
4653
-1347
-5026
-4612
-1727
3339
6025
4436
1992
-92
-2553
-4768
-6823
-5117
-238
2388
822
-3788
-6810
-6772
-5052
-713
5805
11859
12814
5631
-5023
-7920
-178
9855
15473
14993
13598
10445
3561
-3134
-5987
-2515
2961
7984
11873
8559
-5264
-21140
-26383
-17711
-4742
2327
1214
-6238
-16158
-23310
-22363
-13606
-3619
1207
1452
-322
-3067
-4558
-4180
-1085
4288
10607
15873
16693
12947
7439
4303
6104
12104
18254
21189
18376
10539
4080
1536
4408
10043
12091
8727
1510
-4549
-6252
-5410
-4377
-2227
-1579
-2843
-5645
-10223
-12244
-13193
-12416
-6769
46
3853
1437
-6566
-11410
-10692
-5546
1938
5984
6794
3149
-2086
-4982
-5362
-1531
3158
5228
4268
1372
-2177
-4385
-6248
-6966
-4178
-728
924
-1805
-6312
-9033
-7565
-1647
5380
10076
8974
3107
-5073
-7329
-1109
7989
14116
14003
12401
8657
2853
-3059
-4857
845
8280
12660
11845
4708
-7284
-17384
-18997
-10811
-1365
2893
808
-6888
-14927
-20523
-19536
-11870
-2766
2156
1812
-2316
-7412
-8787
-6386
-203
6376
11358
13325
10576
6622
3467
4210
7844
12480
15959
16833
14042
8248
4676
5144
10431
13364
11443
6347
1002
-301
322
37
-866
-938
-2054
-3115
-6245
-9435
-10669
-10683
-6807
-2841
-801
-1422
-6134
-9984
-9370
-5832
-631
1734
828
-1541
-4271
-4358
-3808
-1398
1141
1126
-15
-1872
-3327
-3649
-2887
-2667
-1871
-1481
-1514
-3187
-6245
-7188
-6024
-1734
4027
8763
9747
5412
-3484
-8704
-3663
7416
15885
15708
11607
6473
1277
-3144
-5434
-911
6595
11362
11795
6383
-3642
-13802
-16966
-9796
274
4982
2854
-4645
-12715
-17321
-16393
-9249
-1548
995
-506
-3472
-6419
-7135
-5221
-589
4010
6507
7469
6494
5282
4213
4404
6571
9642
11417
11538
9692
6546
4817
5836
10171
12516
11169
6583
907
-1354
376
2784
4424
4165
535
-2893
-6681
-8663
-8306
-6504
-1626
919
-752
-4517
-9026
-9426
-6109
-2772
748
1569
92
-3167
-6495
-5750
-3468
-233
1982
1526
23
-2147
-4698
-5740
-4465
-1987
-150
-862
-2240
-4412
-6153
-6408
-5668
-2186
2090
4123
4511
3104
298
-3045
-4080
1214
8532
12295
10875
6857
2809
-217
-3174
-3135
2654
7448
8508
5766
341
-6175
-11633
-10838
-3602
2944
3596
-1043
-7417
-10809
-11616
-8788
-2362
1997
1688
-1913
-4733
-4684
-2341
729
3551
5073
5012
4135
2552
2463
3894
5722
7650
8120
8018
7750
6791
5141
4302
6411
8383
7980
6029
4034
2951
2518
1511
1037
2158
2209
940
-2279
-5267
-6349
-5966
-2457
782
536
-2429
-6984
-8980
-6243
-2866
-614
-658
-1449
-2090
-3877
-4233
-4150
-3257
-1939
-2022
-2018
-795
-772
-3035
-4790
-4564
-2070
-918
-1040
-2329
-4660
-5535
-5919
-4233
-346
2903
2451
1312
1238
899
-217
-2360
-576
4798
9570
9691
6601
4429
2016
-2040
-3448
1099
5292
6310
4206
961
-2191
-6544
-8334
-4888
855
2028
-1486
-4900
-6593
-7487
-6725
-3139
50
1331
396
-1306
-2125
-1541
-38
1897
4135
5216
5720
5039
4010
3160
3609
5127
4730
4403
5396
6668
6836
5957
4533
3175
2517
2966
4582
5327
4144
1628
-58
-203
8
7
-208
-1305
-2664
-2973
-2504
-1788
-2277
-3211
-3560
-2906
-1545
-1321
-2108
-3475
-4294
-4015
-3296
-2257
-1748
-2289
-3704
-5021
-4214
-1749
-757
-2193
-4364
-4874
-3677
-2474
-1855
-1624
-1873
-3380
-4953
-4988
-2322
701
1290
-124
-1130
650
2383
1726
-720
-665
2719
5585
5525
4152
4216
3453
1314
-26
2604
5920
4950
1903
853
1930
849
-2191
-2937
-282
969
-1100
-2890
-2129
-1459
-3602
-5400
-3848
-5
1717
617
-577
-584
-256
-623
103
2366
4442
4443
2888
1605
1984
2788
2480
2525
3279
4816
5243
4024
2603
1713
2360
3046
3622
4214
4137
2648
317
-882
-785
341
1070
922
215
-763
-1685
-2389
-2678
-2379
-1634
-957
-361
-1112
-2637
-4073
-5118
-4626
-3222
-1917
-1714
-2915
-4601
-5715
-5535
-3922
-2376
-1950
-2573
-3601
-4256
-4644
-4208
-3266
-2016
-1622
-2278
-2518
-2316
-1936
-2027
-1686
-736
421
1124
1220
1468
1877
2521
3218
3677
3761
3911
4172
4677
4806
5695
7043
6839
5429
3759
3809
4376
3705
2877
3016
2990
1339
-771
-956
21
-940
-2792
-2880
-1292
-767
-2547
-3990
-3358
-2967
-3805
-3811
-1832
271
-525
-2674
-3567
-3017
-2212
-1741
-480
1368
1906
503
-862
-645
937
2338
2823
3442
4208
3989
2262
483
723
2320
3412
3590
3447
3203
2431
1090
229
631
1608
2474
2649
2460
1673
40
-1661
-2774
-2190
-852
-331
-1363
-3014
-4069
-4818
-5352
-5105
-3747
-2642
-2968
-4628
-5968
-6303
-5983
-5013
-3923
-2866
-2668
-3583
-4575
-4485
-3302
-1761
-482
376
992
1118
931
798
1338
2761
4067
4717
4954
4455
4044
4100
4379
4891
5078
5499
5694
5347
4420
3203
2791
2890
2915
3047
3383
2721
925
-974
-1411
-358
303
79
-558
-973
-1734
-3038
-3387
-2339
-1327
-1391
-2592
-4036
-4540
-4330
-3653
-2731
-1920
-1600
-2328
-3451
-3565
-2326
-777
-114
-213
-17
344
226
38
417
1216
1746
1967
2480
3359
3611
3119
2457
2010
2556
3659
4581
4557
3341
2085
1294
1058
1353
1763
1790
997
-529
-1470
-1484
-1773
-2361
-2547
-1855
-1349
-2151
-3544
-4434
-4544
-4491
-4379
-3951
-3558
-4084
-5069
-5123
-3972
-2473
-1559
-1506
-2011
-2216
-1813
-764
377
962
1276
1393
1656
2341
3478
4686
4931
4398
4382
4810
4802
4290
3925
4219
4038
2782
1609
1321
1643
1487
852
631
328
-554
-1316
-1402
-1064
-1343
-2226
-2513
-2090
-1713
-2046
-2780
-3070
-3014
-2801
-2182
-1462
-1064
-1092
-1450
-1816
-1932
-1284
160
1408
1564
840
358
559
933
1179
1580
2013
1895
1539
1623
2024
2133
1659
1261
1736
2659
3294
3462
3133
2423
1539
1166
1709
2359
2297
1253
-231
-1111
-1236
-1089
-934
-874
-1040
-1631
-2670
-3642
-4109
-4144
-4041
-4081
-4061
-3987
-4250
-4926
-5583
-5588
-4728
-3433
-2530
-2497
-3012
-3159
-2334
-841
506
1057
975
898
1383
2354
3250
3831
4323
4972
5414
5232
4750
4492
4346
4067
4042
4667
5214
4533
2975
1773
1406
1406
1236
910
402
-429
-1225
-1556
-1639
-1857
-2135
-2228
-2470
-3258
-3981
-3914
-3414
-3319
-3570
-3325
-2364
-1510
-1479
-2021
-2483
-2408
-1733
-669
434
1136
1271
929
383
140
670
1941
3270
3777
3175
1999
1120
1242
2347
3699
4493
4263
3132
1805
1070
1256
2045
2831
3096
2502
1274
106
-554
-755
-810
-841
-747
-797
-1444
-2501
-3408
-3932
-4207
-4164
-3626
-3038
-3217
-4356
-5594
-5877
-5076
-3940
-3080
-2698
-2840
-3218
-3315
-2718
-1551
-363
444
810
1010
1141
1153
1343
2002
2980
3789
4239
4406
4258
3742
3039
2884
3625
4535
4613
3851
3030
2373
1920
1716
1727
1735
1493
999
204
-586
-1259
-1706
-1691
-1523
-1585
-1826
-1959
-2409
-3301
-4032
-4058
-3152
-1865
-1078
-1345
-2124
-2791
-3048
-2408
-1130
28
602
602
44
-482
11
1447
2970
3766
3600
2877
2338
2326
2848
4020
5136
5047
3746
2485
2132
2439
2773
2688
2437
2244
1788
909
110
-172
-345
-698
-1039
-1216
-1427
-2042
-2931
-3603
-3725
-3587
-3573
-3677
-4013
-4566
-5055
-5018
-4509
-3962
-3595
-3561
-3717
-3861
-3662
-3093
-2543
-2196
-1891
-1148
-266
9
-289
-312
442
1295
1824
2203
2570
2696
2389
2196
2644
3597
4184
4057
3777
3547
3210
2841
2915
3402
3768
3624
2881
2063
1560
1215
853
593
501
240
-242
-872
-1668
-2456
-3099
-3316
-2907
-2205
-1993
-2547
-3160
-3295
-2951
-2402
-1866
-1232
-573
-287
-610
-987
-656
324
1497
2365
2716
2622
2196
1845
2005
2815
3706
4012
3834
3502
3231
3044
2972
2949
2753
2432
2065
1739
1415
1072
652
19
-656
-1138
-1281
-1356
-1788
-2553
-3319
-3921
-4369
-4405
-4068
-3931
-4315
-4862
-5022
-4733
-4347
-4120
-3998
-3790
-3433
-2857
-2173
-1862
-1982
-1897
-1272
-494
-13
191
369
566
707
893
1350
1960
2292
2337
2429
2633
2873
3268
3764
4015
3827
3335
2847
2638
2776
3095
3405
3422
2789
1731
980
741
609
318
-38
-298
-447
-725
-1295
-1876
-2093
-2066
-2164
-2419
-2543
-2380
-2197
-2352
-2684
-2562
-1819
-1020
-618
-521
-487
-433
-261
187
965
1822
2266
2126
1908
2091
2543
2918
3125
3305
3440
3318
2905
2504
2410
2498
2441
2255
2086
1806
1252
519
-101
-380
-352
-318
-613
-1271
-2067
-2739
-3107
-3190
-3173
-3262
-3518
-3915
-4317
-4468
-4370
-4173
-3885
-3519
-3208
-3019
-2878
-2763
-2637
-2345
-1832
-1281
-920
-798
-713
-408
36
360
570
861
1217
1480
1658
1872
2192
2600
2906
3031
3128
3242
3192
2931
2745
2934
3450
3733
3290
2421
1838
1759
1803
1606
1168
699
332
-43
-507
-911
-1131
-1296
-1561
-1872
-2084
-2088
-2022
-2081
-2192
-2008
-1383
-711
-498
-860
-1313
-1203
-465
390
945
1217
1321
1222
977
914
1287
1846
2169
2222
2258
2328
2243
2054
2015
2118
2127
1910
1591
1260
875
441
41
-205
-323
-472
-855
-1524
-2201
-2595
-2717
-2813
-3006
-3143
-3213
-3336
-3517
-3561
-3384
-3168
-3027
-2884
-2678
-2516
-2436
-2297
-2007
-1669
-1457
-1338
-1183
-967
-702
-337
104
469
625
586
525
631
976
1408
1746
1923
1982
2047
2224
2513
2805
2942
2855
2670
2648
2846
3035
3010
2823
2652
2570
2438
2092
1594
1171
930
720
355
-111
-435
-477
-471
-721
-1115
-1377
-1512
-1716
-1893
-1709
-1185
-828
-1019
-1411
-1349
-769
-192
7
-55
-98
-33
177
560
1021
1269
1091
757
773
1246
1747
1850
1564
1185
911
743
642
634
667
596
399
202
3
-385
-1063
-1876
-2470
-2587
-2359
-2178
-2295
-2707
-3246
-3640
-3653
-3320
-2893
-2627
-2611
-2665
-2540
-2257
-1993
-1793
-1532
-1131
-699
-426
-384
-420
-339
-121
187
589
962
1088
940
835
1140
1800
2367
2540
2482
2422
2365
2312
2447
2767
2952
2809
2589
2670
2902
2824
2412
2112
2164
2351
2364
2159
1805
1285
683
219
-5
-130
-393
-803
-1193
-1424
-1480
-1525
-1670
-1780
-1638
-1283
-1028
-1091
-1329
-1476
-1394
-1103
-723
-487
-615
-955
-1018
-529
183
551
403
46
-115
103
603
1011
946
401
-157
-278
2
328
396
111
-393
-769
-718
-383
-259
-611
-1172
-1499
-1476
-1262
-1077
-1115
-1431
-1814
-1900
-1595
-1212
-1033
-1010
-1003
-1001
-949
-694
-330
-270
-645
-955
-753
-302
-153
-308
-358
-219
-136
-104
120
497
707
733
936
1417
1850
2015
2046
2121
2221
2362
2641
2999
3182
3101
2952
2865
2754
2520
2261
2112
2023
1900
1694
1357
847
194
-416
-804
-971
-1069
-1297
-1710
-2182
-2597
-2935
-3161
-3178
-2993
-2815
-2783
-2750
-2520
-2192
-1996
-1811
-1323
-588
-53
66
44
243
654
1057
1409
1751
1986
1882
1507
1254
1341
1637
1814
1661
1258
829
515
325
201
85
-37
-127
-176
-331
-673
-1090
-1379
-1412
-1256
-1085
-1065
-1279
-1691
-2083
-2138
-1784
-1288
-979
-1021
-1282
-1414
-1214
-862
-631
-503
-289
-10
76
-140
-366
-273
109
508
791
917
790
471
276
456
935
1480
1944
2210
2137
1788
1552
1772
2318
2719
2771
2644
2529
2372
2102
1836
1636
1411
1082
785
646
497
30
-685
-1214
-1368
-1420
-1671
-1978
-2110
-2163
-2342
-2602
-2678
-2500
-2262
-2097
-2002
-1951
-1915
-1836
-1615
-1229
-780
-388
-182
-155
-101
158
595
968
1174
1367
1607
1811
1861
1772
1714
1740
1790
1789
1658
1429
1186
931
673
478
395
283
-87
-606
-937
-978
-930
-989
-1063
-1061
-1158
-1428
-1663
-1678
-1566
-1502
-1430
-1243
-1056
-1037
-1171
-1273
-1223
-1057
-795
-504
-258
-117
-76
-3
143
326
444
503
622
853
1111
1301
1450
1566
1625
1603
1596
1687
1796
1833
1852
1957
2129
2236
2171
1942
1597
1213
953
926
1050
1064
797
323
-202
-651
-981
-1247
-1545
-1977
-2456
-2790
-2938
-3004
-3024
-2913
-2682
-2567
-2697
-2850
-2739
-2370
-1950
-1487
-865
-212
166
211
190
319
557
791
1076
1476
1864
2069
2069
1977
1909
1906
1990
2086
2087
1966
1801
1699
1687
1730
1737
1571
1151
604
155
-88
-170
-167
-121
-178
-460
-832
-1105
-1260
-1445
-1643
-1583
-1266
-989
-1002
-1197
-1324
-1339
-1233
-1013
-729
-582
-720
-980
-1118
-996
-763
-566
-434
-362
-322
-347
-365
-286
-106
97
265
472
707
853
812
727
844
1140
1411
1526
1518
1456
1329
1191
1139
1192
1210
1056
791
502
241
56
-16
-23
-157
-487
-859
-1087
-1180
-1272
-1331
-1303
-1280
-1407
-1638
-1723
-1585
-1372
-1222
-1058
-803
-570
-417
-274
-69
139
280
449
725
1013
1168
1192
1227
1337
1459
1510
1464
1392
1367
1365
1287
1116
1049
1090
997
710
587
848
1022
668
54
-280
-496
-949
-1312
-957
-77
440
340
-88
-688
-1617
-2421
-2220
-1033
120
499
400
231
-179
-985
-1708
-1762
-1214
-601
-156
141
192
-150
-740
-1204
-1385
-1351
-1110
-643
-156
30
-157
-418
-500
-423
-256
-7
313
649
948
1190
1315
1243
1030
833
724
667
622
607
671
834
1003
963
556
-34
-471
-634
-677
-678
-525
-282
-255
-554
-854
-838
-630
-557
-671
-767
-702
-479
-144
233
485
432
126
-124
-23
396
809
972
955
959
1005
1014
1037
1195
1410
1432
1232
1061
1087
1167
1073
855
683
598
524
417
324
227
76
-95
-163
-140
-170
-340
-589
-742
-750
-682
-617
-596
-659
-852
-1074
-1162
-1084
-1007
-1108
-1349
-1548
-1546
-1378
-1205
-1154
-1218
-1331
-1472
-1604
-1638
-1480
-1137
-745
-418
-184
-38
-18
-129
-245
-181
166
696
1155
1347
1308
1188
1071
954
881
943
1108
1235
1256
1253
1269
1184
901
527
241
65
-54
-81
49
259
353
275
120
-53
-253
-433
-454
-280
-41
78
50
-41
-169
-310
-397
-373
-233
-33
191
382
433
323
171
140
298
568
788
840
728
594
612
824
1074
1151
983
675
421
340
408
501
493
367
184
16
-127
-297
-476
-587
-589
-519
-495
-588
-763
-919
-969
-922
-870
-930
-1156
-1452
-1629
-1550
-1318
-1157
-1178
-1309
-1373
-1325
-1250
-1219
-1221
-1201
-1120
-958
-697
-403
-224
-215
-245
-135
126
380
507
561
664
878
1144
1372
1519
1531
1363
1107
933
966
1158
1338
1446
1518
1532
1376
965
439
35
-74
124
471
756
800
559
152
-190
-333
-314
-268
-284
-312
-323
-328
-364
-410
-365
-184
33
97
-31
-228
-318
-224
24
328
539
515
256
3
-8
245
572
789
839
707
404
15
-271
-318
-155
68
218
235
70
-245
-586
-779
-763
-598
-391
-266
-313
-550
-874
-1101
-1145
-1083
-1005
-945
-857
-748
-678
-676
-733
-868
-1149
-1500
-1740
-1639
-1177
-534
21
241
125
-224
-557
-701
-592
-228
282
859
1331
1570
1522
1279
1054
971
1074
1262
1463
1605
1607
1496
1348
1294
1317
1274
1124
872
573
235
-29
-48
159
376
342
98
-192
-428
-572
-613
-457
-208
-76
-214
-586
-946
-1158
-1124
-864
-463
-99
-5
-156
-393
-546
-587
-571
-458
-300
-190
-154
-145
-49
117
286
445
504
421
142
-196
-388
-408
-160
250
694
979
980
835
552
262
33
-50
12
-14
-72
-79
44
166
127
58
-49
-163
-308
-453
-509
-608
-663
-666
-748
-1049
-1498
-1533
-1106
-638
-459
-477
-352
-351
-626
-986
-1050
-731
-396
-49
209
356
341
337
690
1091
1346
1376
1427
1561
1470
1324
1208
1255
1310
1197
1053
740
410
176
220
512
700
837
909
850
442
-288
-895
-1263
-1459
-1589
-1534
-1158
-786
-716
-894
-1004
-874
-773
-927
-1059
-876
-608
-739
-1077
-996
-400
169
213
130
210
92
-264
-383
87
669
888
1034
1425
1688
1307
593
329
723
1236
1283
1146
1302
1335
991
573
535
789
706
426
313
411
396
224
150
-106
-611
-1310
-1669
-1564
-1519
-1304
-940
-633
-630
-910
-1294
-1821
-2249
-2345
-1867
-1235
-932
-965
-1091
-569
241
366
5
-196
-120
163
606
847
897
1037
1422
1996
1817
838
-42
-15
933
1507
1229
1049
1484
1527
1198
767
-95
-547
-284
431
675
103
-237
29
72
-488
-749
-643
-324
-327
-739
-841
-1203
-1574
-1365
-815
-560
-646
-452
-135
61
-172
-472
-576
-549
59
320
250
591
1270
1679
988
433
467
633
550
554
971
924
1002
1109
1147
808
3
-191
77
251
-149
-604
-162
656
629
-87
-904
-517
-247
-1053
-1325
-1101
-230
-240
-539
-191
-222
-985
-1731
-1544
-1285
-1230
-1284
-836
261
567
-568
-1123
-1254
-693
-382
-1250
-643
61
894
967
119
330
963
774
-206
327
1454
1648
637
744
1906
1293
830
1206
1463
1152
448
-45
573
1281
763
-162
-450
538
135
-1051
-571
-471
-1036
-773
-254
-473
-981
-884
-311
-38
-271
-566
-915
-619
31
73
45
196
120
434
1138
102
-799
111
1519
1294
-305
-437
483
439
-322
-22
679
970
76
-30
821
464
-546
-823
518
1188
-5
-849
150
968
504
-1068
-1286
-169
-146
-290
-386
-335
60
70
-747
-925
-957
-1328
-1562
-1563
-137
378
-916
-1188
-881
-446
-329
-1012
-1433
-829
848
964
11
-453
360
561
-1118
-302
1665
1154
-303
-414
455
1573
770
-662
12
1355
2189
1095
213
1202
1082
-98
993
1723
1230
963
174
994
810
-258
-645
-727
99
213
-224
-905
-510
-228
-190
-116
-1321
-1064
-647
-157
-99
-1094
375
736
-82
-308
58
360
-1170
-737
933
1236
45
139
1436
579
-801
-562
745
753
-208
48
1550
867
-416
-1282
-1522
553
29
-887
556
1614
1168
-650
-1642
-925
177
131
-191
-751
-528
603
-790
-1713
-960
-1145
-1288
-839
68
39
-1053
-1904
-904
273
-386
-1512
-1818
907
1472
-707
-473
-222
1257
1113
-639
404
837
905
253
-59
1509
1764
741
1015
2366
1383
480
312
-184
667
737
754
664
464
982
989
-51
-831
-307
-247
-367
-945
-1094
-175
-200
-649
-961
-571
-255
-1240
-908
189
-402
-999
-871
-145
-234
-770
-171
576
1177
127
-817
-564
815
1025
-825
9
1317
2189
1520
-187
16
496
222
-486
28
1120
1262
470
305
444
-316
-937
209
1014
505
536
-544
-60
376
-696
-672
-389
980
1326
-148
-1016
-1459
-1898
-1695
-395
529
542
-49
-1558
-1233
-711
-881
-2151
-2353
331
1509
784
-410
-318
-223
-627
-534
-276
30
-230
403
735
751
288
-1572
-496
806
693
807
403
126
563
-13
335
339
-25
1710
679
241
144
235
391
306
127
-87
928
-12
-15
779
373
-806
-1293
-322
561
56
-609
-787
373
1156
-1281
-2271
-315
716
-865
-1217
855
916
87
-1014
373
1426
-665
-48
378
1178
1337
-500
520
1885
1215
716
610
627
950
844
-506
686
1585
952
865
-734
393
-23
-312
-45
-1183
345
305
-432
-917
-494
-425
-1333
-1557
-536
-81
-1119
-1005
-1346
-655
-750
-1694
-1225
-202
568
-369
-1525
-759
-87
-566
-843
-904
57
500
-77
-609
311
475
-417
-777
-181
1120
561
-491
-391
1241
1368
-343
-212
463
758
346
-461
570
904
432
590
453
559
338
-590
-640
661
393
126
448
370
265
-32
97
-983
-324
617
-147
-231
329
1646
921
-760
-925
203
209
-242
226
778
1886
613
-311
103
1047
685
-835
542
1636
987
247
997
750
-25
-207
4
291
233
650
219
349
-239
-1150
-1002
228
764
-754
-1170
2
66
-1476
-1891
-936
7
234
-540
-1226
-710
-1139
-1392
-1515
-644
312
-1163
-1200
-346
119
-1201
-2156
-793
70
-677
-998
279
-90
-131
-124
-909
240
-588
510
1571
561
226
-270
1114
811
195
405
1632
1564
370
6
537
1662
523
423
967
1165
1249
-657
-151
1233
318
-102
-216
660
704
-174
-1007
-68
657
312
444
-342
-439
-66
-66
-623
-813
251
1394
-295
-423
628
199
-527
-715
88
370
1411
317
-361
528
132
-124
-264
638
643
-687
153
798
-18
132
69
442
647
142
-127
-716
419
296
-633
-513
-189
357
-1114
-930
-322
-1103
-882
-911
-981
-643
-1156
-1266
-783
-762
-818
-1666
-1444
-436
-601
-1239
-398
167
-685
-290
-994
-834
344
-505
309
1060
370
58
-39
932
590
-293
881
2024
945
318
1152
1072
1501
638
535
1184
1117
1145
232
379
534
476
201
574
1148
614
209
326
437
327
400
-189
201
508
649
415
-562
395
34
-298
-292
-476
-526
-391
-592
-809
800
72
-581
-976
-175
120
-384
-90
-664
477
691
230
-863
-410
533
331
-386
-1279
-88
205
-221
-622
-766
-25
-646
-1037
-768
-1360
-855
-396
-761
-431
107
-282
-517
-1529
-276
692
-1218
-1314
-603
68
-145
-642
-924
170
77
-632
-987
-705
111
97
88
745
1969
297
-12
899
866
1030
288
883
1947
1675
788
532
1739
1328
717
809
1454
1665
937
1158
464
1135
1154
733
763
1176
1119
-424
-388
-545
-1101
-737
-166
-226
-173
-671
-1234
-1169
-1153
-1632
-989
-39
420
12
-1150
-774
-878
-402
-358
-1147
-925
358
286
-519
-767
-1146
342
328
-490
-488
174
342
-577
-519
-359
-675
-1241
-715
440
475
-952
-1103
263
873
48
-1014
206
1622
902
-47
-5
714
1248
-32
-1278
264
485
-804
-461
-249
587
523
-146
227
-182
390
444
-591
177
577
424
-309
-1097
-26
150
-258
225
927
794
400
796
528
525
655
1135
1045
-371
655
1392
540
101
-37
316
879
672
353
1120
189
22
177
-189
465
-129
-207
286
-190
-376
-317
-1264
-698
-597
-1080
-57
-593
-510
-325
-493
-1038
-1808
-864
-210
-365
-1548
-1256
244
77
-1171
-1023
-235
-665
-659
-240
-407
-730
92
298
132
297
360
78
118
846
908
374
132
1439
519
742
1452
642
1214
240
284
892
828
411
484
238
301
439
-342
136
209
-426
-961
-518
-49
-326
-1056
-213
945
-242
-1522
-838
169
-173
-573
-758
265
519
-101
292
-214
-412
-250
379
305
5
-19
-36
1505
546
-269
-183
66
509
33
677
-109
-361
378
73
59
-1127
-519
827
-208
-321
-572
-653
-453
-158
-408
-394
252
-147
445
145
-394
-257
-515
32
-167
43
526
-83
27
217
383
229
162
-344
422
1133
37
-8
234
1423
944
-707
-224
795
485
-9
-82
397
795
-69
-513
-418
313
230
-574
-727
246
812
-44
-470
-276
505
160
-666
-410
-349
261
26
-1020
-418
356
-38
-447
-632
-344
-123
-784
-159
-148
249
-86
-440
464
129
-422
-1315
-400
51
-134
-944
-899
-67
-566
-289
-189
76
179
-96
-239
365
855
509
435
1001
1190
1031
566
-93
471
826
1167
457
-18
709
553
101
-615
57
473
321
-293
-331
595
426
93
-272
39
-180
-145
-804
-981
453
2
-665
17
540
-119
-1105
-930
184
174
-85
-403
-280
656
361
-467
-199
-109
-464
-755
-215
328
-810
133
653
237
479
-427
-786
-564
22
612
385
79
1082
1245
162
-338
-593
10
265
-14
467
90
-304
-308
-493
-132
-292
-647
110
648
477
178
-667
-696
-338
-156
-19
107
-15
-187
377
232
-437
-971
-364
915
1055
975
593
208
77
-287
-57
-340
-755
-278
512
1134
517
-375
150
124
-799
-550
-352
-232
-336
-469
355
595
-384
-1112
324
654
-375
-253
-197
675
109
-987
-122
-8
443
93
-280
1239
602
-19
-290
136
291
391
1015
265
718
95
507
-38
-646
239
-497
-343
215
126
-3
-175
-598
-61
-248
-168
343
-522
-502
57
-254
6
-148
-820
40
547
869
335
-647
285
701
477
43
-53
-65
-54
-109
-333
176
-173
-583
-710
-26
436
-514
-955
-943
-23
452
-1061
-1249
-474
19
-56
-898
-211
175
-480
404
673
143
192
206
-290
-365
806
283
-817
-257
1464
1110
95
633
1033
157
-326
161
126
1089
598
634
1360
1044
-49
-824
-337
-369
-26
543
1582
684
-479
-167
134
205
-548
-448
-16
122
252
108
-400
-1120
-658
219
190
-686
-968
-176
-411
-6
-213
-739
474
102
-544
-324
-198
573
-366
-753
182
280
173
-188
68
-128
400
491
253
487
143
145
-27
-209
84
-369
-475
106
-76
95
-714
-775
138
108
-368
-338
384
62
-1162
-1095
-483
-834
-800
-25
285
-203
-154
50
198
9
15
518
556
572
549
-69
593
1087
-280
206
1356
1330
302
296
1583
933
-989
-604
786
684
509
423
269
166
345
-421
-913
-666
-73
-68
-507
226
347
-681
-1541
-828
115
23
-801
-412
222
272
-106
-923
-651
24
376
-192
20
517
-166
-85
658
291
17
-134
-11
759
466
432
289
-302
285
707
247
2
-105
487
512
1
173
-39
-38
-181
234
184
-376
-119
-716
-520
-526
-1086
-165
879
-54
-1599
-1200
-469
-391
-972
-508
415
114
-387
-787
-391
-66
-296
-59
603
480
6
106
-209
-452
789
1118
266
75
255
431
450
46
-22
706
1074
654
25
530
240
-61
263
448
324
103
811
632
-90
-604
-219
230
177
-205
-306
218
84
-755
-432
197
-435
-98
-332
-340
-83
-441
-811
-809
232
275
-382
-533
281
-255
-887
-142
64
326
400
327
339
232
30
-211
-99
-41
865
630
-24
864
384
907
-169
-1135
373
865
622
-334
-100
401
666
181
-123
201
46
-649
-422
147
-300
-231
-336
418
-165
-1025
-517
-269
-328
-1175
-329
397
20
-534
-746
-881
-716
-120
-556
-204
229
2
-659
-226
235
-564
-871
-73
766
393
71
-309
-102
521
1108
-243
-533
1223
865
350
-442
-247
634
959
375
155
751
785
43
-502
421
831
499
-228
60
407
318
-290
-353
517
769
-116
-540
412
311
208
-594
-419
551
836
237
-838
-336
530
643
-538
-707
174
284
-237
110
380
189
-168
-596
444
610
-395
-1174
122
1301
88
-716
-819
-71
446
-421
-690
-97
722
-338
-1572
-122
849
-203
-1823
-770
631
211
-774
-906
-87
-314
-60
-35
-250
-224
-620
-833
-172
385
-291
-362
-42
588
313
-709
361
540
-649
-562
161
411
363
434
267
468
481
190
487
253
-190
-242
200
811
503
257
643
582
-210
-405
308
603
-226
43
751
1227
510
-1557
-404
1007
494
-512
53
1301
551
-908
-544
1030
-65
-940
-567
864
1942
121
-1366
-206
1076
-319
-1256
-396
862
450
-656
-28
398
-154
-741
-512
-44
383
-337
-929
-238
-78
131
-410
-374
65
170
79
-638
-489
-572
-721
-47
534
35
-363
-305
404
254
-611
-573
-192
211
-153
16
186
-21
-350
-129
204
143
-167
-529
-109
-13
205
503
262
100
217
453
39
-375
334
114
-317
346
558
538
426
20
159
83
-399
-692
-326
616
279
-310
571
1293
-176
-1055
75
249
-308
-479
621
1247
67
-369
137
949
430
-173
19
743
1014
-232
-234
467
367
-6
-53
-160
-137
-312
-526
-767
-627
279
303
-588
-776
-347
-744
-1025
-763
-449
64
313
21
-122
-207
-242
-313
-456
-33
383
500
783
487
-32
88
112
-4
-180
148
250
232
167
-65
-59
-104
48
-195
-46
213
-138
-541
-71
357
-90
-281
-259
511
284
-482
-468
-274
264
287
138
-105
495
206
-424
-19
410
201
-937
-237
1280
993
-443
-470
129
315
-239
-941
-157
551
529
87
378
572
-135
-765
-406
418
226
15
-250
311
707
319
338
-138
-284
45
322
-175
-312
299
608
43
-227
499
-592
-1040
-197
-166
4
-149
-193
589
-193
-919
-221
-523
-297
-294
-243
124
-187
-45
249
71
380
738
-346
-527
437
303
-156
28
-12
-138
-330
200
534
206
-107
-607
-197
62
-35
-79
147
557
251
-529
-160
49
-237
-33
-256
619
1099
297
-336
182
910
191
-262
137
562
305
-96
-446
-289
-80
-243
-209
-518
-56
328
96
-176
-624
-610
49
68
-597
-47
416
180
-232
-510
-386
170
782
484
497
799
1107
329
-482
163
682
423
-172
102
291
413
-250
-1066
-225
465
-7
-357
54
217
28
-807
-1180
-846
-695
-800
-1052
-561
-10
13
-358
-488
-435
62
725
-70
-571
234
762
144
-718
-547
747
1071
-119
339
1451
944
-66
-330
215
884
696
-39
-7
307
486
65
-894
-317
836
705
662
91
-74
859
41
-1071
-751
32
295
-27
-239
-221
-672
-719
-241
-457
-179
196
587
412
-549
-546
-543
-540
-143
-8
-42
122
-87
-513
-305
-16
386
162
3
763
707
563
114
-298
579
653
89
-100
31
435
125
-435
-38
491
659
266
-161
152
31
-230
-803
-647
360
488
-64
-1149
-917
-418
-863
-444
-20
153
506
282
17
-359
-476
-310
-529
-229
19
-140
-168
-209
-58
124
-275
-124
100
251
511
-148
153
589
412
228
28
-125
-32
583
104
-38
129
268
799
633
1157
1199
615
243
-295
-234
-382
-453
97
590
507
119
145
51
-411
-828
-373
488
618
281
-421
-196
-15
-831
-1246
-966
-230
-479
-913
-684
-80
364
-26
-294
194
624
307
-23
-320
-68
122
4
5
-314
-85
-62
-97
-179
-16
487
264
471
450
111
186
333
465
326
-256
-623
-357
-291
-402
-425
80
786
184
-707
-45
486
-57
-371
-202
353
479
-117
-776
-570
162
-66
-124
-153
-132
347
118
320
149
-194
252
172
-40
88
177
62
-19
173
764
673
-271
78
1168
771
-227
-699
-167
528
279
228
128
15
296
-139
-437
243
245
4
-135
-504
-198
-273
-505
-202
-75
122
18
-455
-413
-226
-263
137
161
-339
127
367
36
-239
-556
-228
-138
-497
-336
161
450
312
-36
-14
-149
-617
-613
-308
-257
-177
89
291
157
-292
-36
-538
-1058
-161
98
437
741
611
655
236
-207
-411
-642
36
855
597
404
454
229
-219
-127
363
798
747
358
96
79
233
-297
-18
385
111
12
-18
13
-475
-268
409
413
-25
51
159
188
490
60
-162
-383
-157
-351
-623
246
290
-124
-410
-196
-277
-93
301
-185
-444
1
395
212
-60
-744
-815
-585
-235
-25
-546
-469
-205
226
380
128
-254
-246
344
509
243
-593
-1031
-225
312
-205
-379
-65
-44
-304
-165
332
411
436
178
351
739
398
-230
-613
104
583
-57
-450
41
534
500
-163
-247
742
979
324
-362
134
836
293
-299
-189
251
196
-249
20
671
479
-159
-619
-57
600
-401
-609
312
740
358
-888
-860
-377
-567
-201
425
700
608
320
-410
-676
-526
-484
-457
-295
640
887
96
-521
-750
-500
-292
-497
-285
539
678
145
11
69
-193
-657
-669
67
487
190
-23
53
262
80
-441
-269
227
-13
-454
-320
139
648
712
199
-274
20
466
-29
-405
-221
278
255
-393
-80
570
417
-141
-247
-27
256
64
-389
103
781
601
57
-41
-97
-173
-407
-521
159
635
591
-87
-572
-140
24
-79
-114
55
412
90
-149
18
-45
150
-159
-310
243
28
-338
-319
-165
135
-4
-465
-53
428
-205
-566
-48
626
526
-101
111
271
-389
-901
-645
328
534
64
371
588
87
-457
-661
-544
3
99
-201
257
703
678
-76
-693
-370
-337
-237
130
474
575
248
75
-255
-202
55
-161
-182
30
441
395
-177
-538
-269
341
409
494
504
-86
-713
-772
-249
230
388
438
613
433
-307
-1046
-737
220
331
57
210
826
444
-689
-675
-156
240
-187
-580
270
732
255
-231
-92
22
-270
-717
-696
27
250
406
542
673
580
-784
-1288
-592
-367
-333
91
767
948
501
-339
-643
-438
-432
-129
137
575
701
14
30
64
-324
-275
-49
156
103
-198
-404
-109
345
454
336
410
643
163
-612
-873
-350
418
400
339
639
711
221
-612
-665
-231
-130
103
417
535
433
107
-107
-28
276
84
-372
-401
-397
-325
-148
87
367
559
595
182
-413
-504
-465
-737
-492
49
337
641
498
166
137
-286
-847
-807
-516
15
211
92
625
811
366
-237
-566
-283
-297
-504
-220
492
718
329
75
-137
-274
-359
-168
160
265
349
52
-296
-168
-25
45
-83
-173
382
493
-162
-531
-600
-159
381
293
222
422
294
-381
-790
-469
78
309
228
416
404
-110
-279
-222
-294
-322
-118
348
432
-13
-277
23
485
219
-285
-136
-41
-225
-312
-192
210
565
734
558
237
109
-309
-716
-448
-65
160
492
735
689
314
-225
-568
-588
-444
-297
91
748
871
224
-275
-312
-344
-333
-109
80
94
68
-56
-263
-291
-265
-36
357
118
-338
-356
-342
-399
-372
-22
501
629
404
74
-194
-457
-796
-717
-182
261
529
516
268
229
29
-518
-778
-592
-177
64
3
66
252
275
69
-268
-386
-362
-545
-520
-5
390
511
468
253
58
-370
-802
-766
-411
175
478
463
627
535
175
9
-39
30
365
724
737
698
848
708
184
-205
-228
-154
-176
-89
64
473
1023
663
-43
74
338
28
-324
-139
278
484
516
326
30
-50
-250
-799
-980
-538
-231
-248
-142
126
218
-46
-281
-283
-219
-150
-265
-391
-202
84
86
-240
-491
-320
-240
-470
-404
-151
43
196
22
-295
-469
-541
-423
-231
33
300
305
222
24
-381
-694
-812
-650
-178
152
171
227
314
233
-51
-298
-248
-133
-58
122
345
423
417
496
497
260
-52
-144
12
223
389
422
435
534
424
106
52
278
399
411
532
681
579
275
177
233
68
-200
-257
-85
-12
-138
-236
-237
-136
-182
-565
-809
-591
-361
-343
-187
73
96
-62
-144
-249
-408
-426
-329
-287
-383
-451
-303
-10
145
122
120
157
153
115
122
199
220
132
57
106
217
284
369
478
394
115
-93
-165
-110
19
85
135
143
33
-134
-249
-168
19
174
311
311
150
42
-23
-118
-156
-121
-21
141
273
284
204
136
89
-34
-228
-463
-635
-512
-215
-28
28
87
240
348
178
-169
-319
-160
-4
-76
-113
92
273
168
-145
-348
-315
-297
-384
-366
-166
20
34
-5
47
126
100
11
-43
-73
-59
23
127
236
283
240
128
-43
-167
-207
-148
-69
-47
-28
43
104
95
33
-34
-74
-95
-113
-108
0
194
347
359
296
218
121
65
91
157
171
147
154
152
94
9
-26
31
78
52
10
50
142
171
159
158
130
102
110
76
-32
-92
-47
-12
-59
-121
-159
-193
-216
-250
-286
-261
-189
-179
-215
-224
-283
-375
-364
-306
-247
-120
8
8
-65
-95
-99
-111
-71
-3
76
194
221
108
27
34
11
16
121
165
124
141
178
159
152
166
145
182
269
250
186
212
214
113
27
-8
-26
-27
-18
-20
-2
21
-32
-100
-100
-78
-65
-73
-106
-136
-96
-50
-69
-88
-57
-23
-30
-59
-71
-52
-19
-7
-25
-42
-39
-46
-39
7
84
149
144
106
56
-7
-57
-41
34
96
123
98
49
21
-10
-58
-70
-25
5
11
17
20
10
-17
-43
-63
-53
-57
-96
-107
-84
-87
-127
-140
-122
-97
-85
-95
-100
-68
-31
-48
-61
-57
-53
-65
-74
-46
-10
70
134
150
156
161
154
131
142
138
113
111
117
96
75
99
120
124
117
82
43
41
20
-40
-31
29
34
-16
-45
-31
-5
-15
-61
-48
47
89
16
-36
-4
2
-38
-70
-83
-88
-90
-102
-130
-126
-93
-73
-30
22
51
61
60
51
25
-8
-43
-61
-70
-69
-61
-41
-12
13
21
0
-20
-25
-18
0
4
4
20
30
17
-34
-80
-91
-106
-128
-114
-66
-33
-14
11
31
46
42
2
-17
-3
5
-9
-2
53
82
74
54
19
-3
-1
-2
16
76
125
142
136
108
49
-12
-17
14
62
109
137
175
189
170
151
153
135
83
59
38
-6
-56
-86
-71
-26
0
-16
-15
9
-24
-104
-155
-182
-205
-213
-208
-186
-146
-86
-49
-42
-38
-60
-86
-80
-44
-4
47
104
127
120
105
56
-18
-53
-55
-75
-56
28
72
38
-16
-77
-130
-145
-139
-121
-57
13
10
-20
-19
-11
-40
-67
-62
-67
-71
-71
-61
-15
52
81
65
56
39
28
32
32
44
102
177
186
143
108
102
96
59
15
15
68
89
55
48
84
96
59
26
30
49
56
68
105
137
128
79
38
16
-4
-15
-14
11
29
35
1
-56
-101
-134
-125
-121
-112
-102
-117
-131
-150
-159
-173
-176
-154
-124
-103
-83
-63
-39
5
29
24
11
6
9
4
11
13
16
37
29
-2
-17
9
31
23
13
-7
-4
19
22
-9
-19
0
7
18
16
14
29
30
12
-8
22
59
51
33
28
38
43
43
42
62
88
81
35
4
-2
-9
-17
-24
-21
-2
20
7
-14
-5
13
16
-6
-24
-23
3
31
30
27
33
26
-2
-17
-16
-14
-2
0
-8
3
27
37
24
16
14
-2
-15
-26
-32
-24
-12
-14
-27
-25
-31
-46
-51
-62
-76
-79
-71
-63
-41
-14
-10
-21
-42
-54
-62
-58
-39
-20
4
27
16
-2
-6
5
18
25
46
87
129
137
102
54
37
49
51
41
37
53
46
10
-15
-18
15
34
17
-8
-10
-8
-29
-29
5
49
52
7
-52
-89
-102
-124
-119
-72
-40
-62
-92
-84
-62
-32
15
64
99
120
90
36
19
20
26
40
58
65
46
19
2
-2
10
33
52
67
78
70
60
47
21
7
-1
-24
-57
-78
-90
-104
-107
-98
-77
-46
-25
-31
-28
-4
4
-2
-7
-8
-9
-19
-35
-47
-38
-26
-36
-47
-34
-20
-14
-7
8
27
41
54
68
92
111
98
79
67
56
42
39
39
33
32
24
10
-1
3
3
-1
15
26
16
-3
-19
-35
-44
-48
-54
-52
-39
-28
-36
-38
-34
-33
-26
-17
-11
-6
-6
-12
-8
5
6
-4
-16
-17
-11
1
22
34
36
32
23
4
-13
-33
-40
-33
-39
-58
-70
-60
-44
-24
-2
20
46
60
54
40
25
7
-8
-20
-21
-8
10
27
25
28
44
55
72
79
82
74
65
48
29
18
2
-20
-43
-47
-43
-30
-10
8
24
26
23
9
-9
-24
-32
-38
-37
-32
-38
-36
-42
-50
-50
-44
-24
-7
5
13
16
23
37
38
37
36
28
11
-7
-11
-7
0
6
7
0
-9
-18
-27
-39
-53
-55
-56
-51
-37
-23
-10
-7
-11
-16
-20
-33
-45
-39
-16
3
15
21
21
18
18
25
32
45
70
98
110
87
54
20
-12
-17
-4
31
58
54
38
32
43
49
52
59
70
59
31
0
-33
-46
-41
-33
-24
-23
-23
-23
-26
-25
-19
-17
-27
-46
-57
-59
-59
-57
-50
-48
-39
-16
6
27
41
53
57
52
44
34
32
11
-22
-50
-74
-70
-47
-37
-33
-30
-29
-28
-30
-31
-22
-15
-22
-46
-76
-90
-79
-55
-23
11
33
41
39
37
34
30
27
26
21
15
-3
-30
-50
-63
-71
-70
-53
-11
32
70
102
109
106
89
57
41
37
40
34
18
20
30
43
66
88
110
120
108
96
90
82
72
65
47
31
12
-23
-53
-74
-81
