69
70
65
63
57
55
53
48
48
41
42
43
39
39
32
30
35
24
26
27
29
36
29
31
29
32
35
32
39
39
45
50
47
54
55
46
47
46
47
41
26
20
18
16
11
9
13
9
4
-5
-7
-9
-10
-3
-8
-11
-15
-22
-19
-17
-21
-12
-17
-17
-15
-24
-20
-25
-29
-26
-27
-25
-23
-19
-22
-20
-23
-21
-16
-17
-15
-24
-32
-32
-36
-34
-36
-39
-44
-54
-60
-64
-57
-43
-29
-20
-15
-9
-3
6
22
37
46
46
39
36
41
50
55
55
49
41
35
33
33
35
41
37
27
12
0
-1
3
2
-10
-19
-31
-35
-35
-33
-20
-16
-21
-36
-44
-42
-29
-15
-6
-4
-12
-16
-10
1
16
22
23
22
13
8
13
18
22
27
23
19
12
9
12
11
16
12
7
4
-1
-3
-7
-7
-8
-7
-6
-5
-3
-2
5
12
21
29
32
33
30
36
41
38
35
28
25
17
4
-5
-8
-11
-12
-10
-14
-16
-24
-27
-28
-26
-18
-27
-17
-12
-17
-11
-20
-16
-18
-18
-9
-17
-8
-15
-17
-13
-26
-17
-20
-14
-9
-18
-11
-14
-12
-9
-3
5
3
8
4
0
4
5
8
5
9
8
3
1
-2
2
-1
-6
1
-10
-15
-5
-8
-6
3
7
12
15
17
24
18
14
14
15
22
23
25
26
28
33
33
34
33
31
33
28
26
21
19
27
21
23
23
17
23
16
14
7
0
2
-9
-10
-11
-18
-21
-31
-28
-30
-38
-33
-40
-36
-34
-41
-32
-33
-26
-24
-26
-15
-15
-10
-7
-8
-2
-9
-7
-3
-7
-5
-9
-4
-2
-7
-8
-13
-14
-19
-19
-17
-24
-20
-24
-29
-23
-24
-17
-17
-14
-4
-4
1
2
3
12
14
17
20
15
18
19
19
23
28
34
38
44
51
47
52
59
60
61
55
53
47
35
27
15
8
3
-5
-9
-18
-27
-31
-33
-26
-24
-20
-16
-17
-15
-13
-7
-7
-7
0
-2
-2
-1
-2
2
4
8
7
5
1
-4
-6
-6
0
-3
-9
-12
-21
-27
-29
-33
-34
-31
-31
-29
-28
-30
-27
-29
-30
-26
-26
-16
-11
-10
-7
-11
-16
-17
-23
-29
-31
-39
-38
-33
-23
-15
-11
-3
2
10
15
17
19
23
26
30
38
38
40
42
46
59
61
68
81
89
106
113
123
124
114
122
117
111
103
85
80
67
59
48
26
18
5
-7
-16
-32
-42
-55
-62
-71
-80
-85
-94
-97
-107
-123
-124
-124
-119
-110
-111
-102
-97
-96
-82
-86
-79
-69
-61
-50
-45
-42
-42
-43
-40
-39
-32
-24
-15
-1
7
21
26
29
36
41
52
64
77
80
69
66
62
53
48
42
36
40
44
40
34
28
27
23
33
37
40
44
29
17
0
-6
0
2
14
14
8
5
-1
-4
-9
-5
7
8
11
2
-8
-7
-14
-14
-8
-2
1
-4
-9
-17
-13
-10
-10
3
11
12
10
4
-1
-5
-11
-8
1
0
-7
-4
-3
-4
-11
-25
-24
-23
-22
-26
-30
-34
-39
-36
-36
-39
-37
-34
-34
-44
-50
-48
-48
-51
-47
-41
-39
-37
-37
-33
-30
-29
-31
-22
-6
2
9
20
32
35
32
41
53
55
58
60
65
82
86
78
77
76
72
72
76
80
87
87
82
78
65
56
50
42
51
57
58
55
45
36
22
18
16
16
19
12
-1
-18
-31
-41
-44
-48
-54
-60
-73
-85
-103
-117
-114
-107
-94
-86
-83
-87
-92
-91
-85
-68
-47
-36
-20
-5
-1
-6
-11
-6
3
9
13
19
26
13
2
-13
-28
-31
-42
-31
-36
-46
-47
-64
-51
-38
-40
-37
-31
-19
-24
-15
18
29
31
26
39
40
26
37
48
69
55
47
59
49
52
45
59
85
83
96
96
105
112
102
119
122
128
124
113
113
88
70
42
27
11
-19
-6
-7
-25
-39
-61
-52
-69
-80
-53
-37
-19
-34
-25
-14
-57
-74
-61
-43
-47
-37
-20
-50
-60
-85
-93
-67
-88
-84
-48
-23
-68
-108
-57
-66
-107
-99
-37
3
-56
-73
-45
-15
-37
-80
-19
47
29
-28
-7
39
3
-25
-7
47
68
42
36
45
65
36
24
64
67
74
79
86
70
59
71
57
61
61
63
86
77
50
42
70
61
24
45
64
50
41
42
33
19
10
-6
-5
4
-19
-19
-7
-36
-69
-54
-41
-77
-80
-54
-54
-52
-64
-81
-59
-39
-63
-72
-26
-29
-57
-38
-11
-19
-33
-22
-20
-11
5
-18
-30
7
4
-20
-20
-15
-7
-2
-13
-27
6
36
-4
-23
21
44
0
-11
28
38
16
9
36
29
18
26
19
42
38
18
32
44
44
18
27
59
43
18
25
42
29
2
8
38
29
1
19
18
18
19
-6
5
8
-5
-29
-29
-10
-27
-13
-17
-33
-28
-17
-25
-93
-43
-9
-41
-21
-23
-11
-26
-16
-39
-73
-3
-7
-12
-5
8
34
-30
-61
-45
11
18
-17
21
14
-10
-32
-51
-45
-36
8
-14
-21
8
-16
-35
-68
-58
-16
1
-5
-4
46
14
-37
-10
11
17
22
60
55
13
30
32
12
27
71
70
20
46
102
64
8
41
102
78
31
72
111
98
49
19
64
97
71
34
37
68
42
22
20
25
46
-3
-54
-24
11
-32
-87
-62
-90
-99
-56
-130
-183
-90
-62
-177
-192
-73
-73
-161
-173
-163
-66
11
-151
-168
40
36
-175
-163
51
13
-93
-50
-16
14
20
-108
-142
68
74
-150
-87
136
87
-85
-18
142
120
21
45
162
244
142
29
232
362
142
13
249
404
112
20
270
323
104
-42
118
180
20
-127
-74
103
-32
-216
-163
-42
-83
-312
-276
-72
-124
-255
-271
-112
-80
-246
-215
-105
-48
-42
-102
-51
51
105
-4
-68
153
130
2
88
102
137
123
84
102
101
144
59
79
132
92
127
17
124
112
-66
124
118
60
8
35
199
7
-76
-11
165
94
-267
-42
164
-9
-284
-223
253
-65
-446
-47
113
-155
-333
-36
26
-157
-70
-134
-9
-16
-42
-23
-150
202
35
-198
50
164
36
-236
149
121
-131
-35
-52
211
-115
-219
85
99
-67
-365
172
221
-277
-231
146
266
-445
-120
367
-128
-151
31
122
-39
74
101
-82
224
168
38
-36
140
372
67
5
242
304
69
135
157
79
278
121
57
15
127
155
-78
-7
-34
162
-66
-161
-16
-152
106
-183
-257
20
36
-214
-288
89
-300
-207
66
-230
-193
-83
120
-293
-439
90
75
-265
-251
195
3
-271
6
-105
-12
142
-71
86
160
-5
14
87
164
60
106
203
88
102
52
-17
148
333
59
-318
220
311
-289
-357
110
412
-83
-387
9
159
-146
-491
-254
238
286
-217
-334
182
53
-404
-313
13
239
109
-148
53
138
16
-168
-85
158
117
173
254
109
109
244
256
26
-54
313
441
114
-23
440
549
66
-343
184
440
-144
-210
196
475
-41
-289
-178
-188
-91
-402
-577
287
-48
-376
-371
-243
-388
-351
-176
-461
-168
270
-184
-585
-24
401
-430
-378
271
195
147
-205
124
273
245
-75
-137
470
419
-47
-33
304
534
-3
-257
292
400
6
-171
-69
373
119
-490
-80
162
55
-583
-381
161
-260
-545
-316
-19
-365
-392
-114
-211
-182
-386
-33
84
-275
26
274
317
-96
233
466
168
291
327
468
759
439
326
567
809
113
97
751
372
-5
308
498
53
-110
219
-149
-24
-127
-479
9
185
-360
-550
215
131
-726
-508
-81
-38
-306
-478
-82
197
-191
-699
-253
89
-285
-574
-63
225
-76
-339
-220
111
-109
-445
-135
59
99
-384
-56
17
-255
-53
-330
39
-28
-298
-73
-210
95
-449
-21
331
-254
75
-116
313
-183
3
155
-87
717
-93
109
424
238
123
-204
738
328
239
372
369
420
-277
132
152
579
96
79
714
162
-393
-59
386
-106
-46
522
355
117
-125
157
101
-92
-85
220
751
-75
296
282
229
-337
-342
421
-260
42
491
-64
1
-212
-445
-644
-619
-210
-620
-53
-163
-196
-508
-790
-330
-1055
-717
-53
-253
313
-424
-250
17
-452
-639
-367
293
189
69
-105
84
287
-621
-484
134
-273
466
-240
-95
443
-162
-503
-318
-6
92
-32
136
57
399
-15
-404
361
77
254
404
364
510
377
656
154
127
909
646
229
571
1078
677
-26
630
904
235
209
491
714
-65
94
237
297
131
-335
34
170
-293
-779
78
85
-437
-431
249
-149
-613
-320
-99
-430
-433
90
-36
-617
215
-224
-679
-350
-519
-50
-470
-420
-85
-162
-715
-351
-375
-481
-228
-306
-501
13
75
20
-727
-48
420
-327
-550
712
721
-193
-122
-3
640
67
-338
65
1228
308
-750
41
1106
-198
-680
287
655
275
-353
132
292
12
-523
86
87
425
-290
-4
572
-72
-526
288
81
31
295
126
217
152
474
-331
256
217
540
14
53
4
620
353
-118
112
431
141
-143
-54
436
328
-393
149
112
221
-73
-71
-345
239
-78
-448
-285
345
47
-792
-704
382
-196
-962
-575
41
17
-903
-254
223
-322
-1087
-332
51
-536
-364
142
0
-37
-225
-128
-298
-110
-511
436
765
2
-90
170
435
-642
192
479
233
216
411
380
329
275
18
-287
209
617
280
361
804
-142
74
148
290
51
-78
461
-355
580
240
839
-176
-507
484
-395
16
4
174
786
-225
345
-433
570
-201
-1563
-58
705
37
-425
740
529
-1117
-896
-301
-667
377
-397
-102
477
-73
-600
-875
191
-624
-1215
802
-43
237
-144
-547
-122
-294
-89
-680
154
598
-594
-25
-109
154
-223
-364
-23
-515
316
488
-460
30
-286
585
271
-382
347
59
395
-30
-52
745
228
159
338
313
414
-71
66
-106
729
766
261
130
377
824
-235
-573
458
279
372
358
436
375
338
-243
-1224
349
472
-487
-61
548
963
-612
-453
-907
-344
546
-1136
26
760
426
-675
-366
558
-1426
-1200
340
341
-55
-7
473
-90
-628
-786
-770
332
-85
-150
470
961
-373
-1084
317
-99
-972
-198
426
869
423
-300
-37
130
-1132
-389
-38
324
576
-137
249
-39
300
-602
-1029
593
264
-267
46
766
755
-607
878
-526
-1135
550
265
558
-107
381
633
703
265
-814
70
356
-432
-60
933
870
532
-1
-311
-277
-177
-652
-142
283
767
-262
529
-409
-407
-654
-1113
-485
231
1224
-512
-243
792
-776
-916
-680
101
528
-538
429
302
831
-459
-1340
-210
-32
14
-70
359
478
-461
109
-652
-380
-135
-27
431
-593
391
870
-539
-439
185
455
111
31
503
603
1124
-33
-666
761
494
125
201
277
1238
687
-190
-434
624
1356
-1040
-823
864
1215
-48
-616
503
127
208
-790
-432
326
-457
-133
-344
44
107
-433
423
-1180
-1449
-1202
-14
160
-981
372
-134
-505
-1129
-947
-502
-964
-1353
-8
1003
1376
-269
-528
-844
-603
-878
-1047
1165
1519
1617
350
-367
93
-518
-633
616
-288
607
2214
1563
-275
51
50
-690
-601
418
2037
811
51
239
367
262
-1129
-1334
1095
1105
-267
110
455
37
-1117
-1184
396
1077
-687
-281
557
407
-900
-1073
625
422
-473
-152
123
733
152
-1050
-298
144
125
546
1064
-50
-574
-276
-68
-43
264
382
843
282
-627
-204
927
519
-3
-1250
-323
953
657
40
-246
109
-477
-1158
-35
1287
-724
-1208
307
-298
-591
680
-1140
-767
-293
-541
196
62
-235
-845
-364
704
-1017
-1052
434
1139
-155
-883
773
-1057
267
314
-1092
949
-115
558
-151
-208
-331
-232
1005
-908
-759
559
1037
-219
-560
1827
-637
-1800
757
801
267
-204
-8
791
1960
723
-1106
-106
538
-730
110
1806
1475
426
946
-270
-1154
648
500
-734
890
1166
591
1009
422
-1058
-2288
265
1519
-4
-65
1244
455
-1026
-1270
-726
1003
-779
-1510
871
826
-206
-1052
-746
123
-534
-895
-1096
-335
477
-149
-583
-275
-146
-307
-820
-1571
-271
730
-1290
-198
989
470
-1024
-1962
1215
8
-1731
49
940
1093
-67
-592
-330
219
-276
-216
894
-38
1216
384
-1158
930
887
492
-978
528
928
422
1360
601
460
-546
-416
320
568
904
1393
1143
-503
-314
578
-683
-429
475
1760
1222
-829
-328
625
-454
-1429
259
1100
-386
-121
359
111
-646
-1591
186
626
-960
-776
752
455
-1227
-1262
28
697
-492
-1298
-135
-82
-505
-61
-687
-109
475
-743
-1406
96
461
-991
-453
38
-590
94
-366
-52
117
-804
-235
-522
-934
-44
1584
435
-449
-54
294
202
-484
36
1243
916
-538
618
2210
-371
-1119
1540
1736
-388
-448
1765
1418
38
50
1035
670
122
386
499
529
-11
306
585
-408
-123
1075
10
-1369
37
598
-278
-659
343
595
-767
-777
-457
-587
260
-137
-401
11
-462
-780
-401
86
-566
-1023
-380
-19
-353
-61
292
-525
-1371
-1294
-104
566
-114
-638
-43
-147
-1060
-975
-348
98
-280
-335
-209
678
433
-710
-1350
-730
1497
178
-515
1418
1164
-902
-1050
175
-187
1535
850
-884
1698
1880
-125
-576
287
482
-117
806
1656
1422
-386
-661
782
1006
-226
-442
1131
832
84
682
799
-322
-1424
-873
615
950
991
556
-486
-391
-1038
-1067
537
932
-201
-317
326
-18
229
-672
-1468
-529
-678
491
1162
1366
-444
-2515
-1329
-444
595
-382
-300
542
-141
-523
-884
-317
-510
-373
256
-342
511
-119
-410
-249
-235
235
-188
522
65
-802
302
876
-506
242
1261
-484
-920
262
-633
-576
1451
871
137
-229
-932
-683
-804
-1029
123
1117
1002
119
-54
-613
-2079
-1480
503
790
1140
1821
688
-623
-652
-573
-1035
682
2373
1788
1155
791
285
-295
-909
-219
1330
1793
1152
1207
648
-689
-1562
-507
175
161
985
357
150
-639
-1379
-878
-1027
-554
-285
510
660
-705
-751
-853
-1045
-943
-593
469
698
576
-231
-575
-750
-791
3
-20
202
1004
258
160
234
-575
-748
-549
523
571
263
582
518
159
-805
-901
39
248
267
123
530
518
266
-285
-656
-415
-478
36
726
931
363
80
39
-399
-555
-837
-152
770
1072
1023
567
349
-497
-1006
-221
519
307
663
1559
1030
-13
-593
-659
-62
-33
-117
409
1040
525
-777
-1171
-1421
-1666
-1245
-811
-445
-73
-792
-1681
-2186
-2195
-2150
-1608
-621
-472
-244
-67
-473
-791
-934
-261
483
646
1883
3014
2296
1184
826
1316
1661
1900
2163
2480
3174
2435
1760
1613
809
441
567
1212
1389
1251
1053
-89
-751
-1732
-1503
-722
-727
-244
-563
-1185
-946
-1417
-2346
-2492
-1604
-965
-834
245
97
-937
-1893
-2005
-711
-15
915
2449
2456
2190
2710
3172
2103
-45
-435
487
1432
1981
2280
3085
1344
-1916
-2811
-2370
-2330
-3379
-3016
-1787
-1924
-3673
-5262
-5981
-8893
-10298
-7747
-4776
-2399
-2344
-3466
-3953
-5424
-5620
-2898
828
2951
3742
5240
6383
5920
5347
5235
6208
8370
10193
12092
13408
12163
7947
4571
4163
4929
5773
6017
4860
2804
74
-2407
-3907
-4922
-5852
-6084
-5272
-4400
-4296
-5809
-8665
-11074
-11199
-8983
-5082
-2039
-1436
-2175
-2963
-2782
-1689
147
3009
5719
6936
7524
7461
6200
4831
3599
3694
5632
6818
6443
4916
2150
-846
-3096
-3810
-2715
-1399
-1202
-2558
-5324
-6940
-7095
-6979
-5745
-3911
-2596
-2216
-2753
-1429
632
61
-1772
-1960
1334
5295
5800
4413
3366
2303
579
820
3462
4328
1872
-2462
-4178
-2815
-2032
-3409
-5706
-7794
-10532
-11487
-8534
-5605
-5455
-7607
-8606
-6991
-4994
-2606
-62
1078
1304
2863
6590
9426
10378
10621
9996
10434
12959
15357
16571
15750
13352
12296
12110
10794
9087
6205
3624
1587
-468
-659
-1914
-4539
-7166
-8857
-10088
-11291
-11849
-12120
-10856
-9505
-9144
-8711
-9712
-10928
-10617
-7408
-2780
98
2217
2028
1603
2709
3975
6226
7655
7971
8214
8223
8506
7223
5370
2980
649
833
1234
927
-978
-3948
-6393
-8337
-8116
-7061
-5984
-4435
-4669
-5342
-6581
-5674
-1814
565
692
-1294
-1056
2860
4687
4443
4905
6477
6118
4250
5060
6500
5932
979
-1763
295
1285
-73
-3303
-5208
-7906
-12061
-11877
-8670
-5858
-6578
-10011
-10831
-10106
-8038
-5582
-3013
-486
920
2509
4987
7925
9139
8777
9779
12858
16178
18365
18655
17346
16317
15401
13829
12301
10548
9028
6039
2453
653
-827
-2681
-5672
-7848
-9139
-11723
-13901
-14712
-13164
-11723
-12262
-12842
-13455
-14029
-13994
-10884
-6379
-3216
-830
-587
562
2977
4689
7028
8574
9477
9237
9851
11017
10204
9038
5832
3256
3367
3227
2459
249
-2631
-5333
-6982
-6825
-5302
-3232
-3980
-7325
-10098
-7510
-1427
600
-2064
-6754
-5330
289
1996
3411
4917
5320
3150
707
3783
7924
6566
73
-2389
1214
3310
1489
-2267
-4874
-8863
-11663
-8731
-4114
-1885
-6028
-11868
-12715
-10057
-5754
-2749
-1065
-552
-558
1257
4016
7018
8294
8337
9625
12432
15701
17177
16167
14025
13567
15123
15122
13126
10289
8117
5139
1598
811
570
-1029
-4059
-6728
-8854
-11306
-13521
-14635
-12922
-10645
-9816
-10864
-13443
-14800
-14657
-11131
-5592
-1199
1326
61
-715
1334
4529
7872
9465
10067
10277
9933
9419
8296
7197
5665
3288
2276
1999
1408
-1122
-5487
-7497
-7355
-6263
-4126
-3982
-5647
-5832
-5076
-5694
-7982
-9413
-4944
702
820
-35
389
2646
2718
407
3138
6983
4673
767
2018
6727
7477
1539
-3864
-5584
-6521
-5515
-1956
1069
-792
-7220
-11469
-10617
-6885
-3117
-960
-924
-939
18
1460
2970
3738
5040
6794
9134
12146
13504
12576
9770
8916
12864
15747
15478
12486
7027
4198
2925
2867
4123
2619
-437
-4042
-6243
-7955
-9810
-11198
-12363
-10144
-8252
-8054
-9745
-13596
-15718
-15281
-9695
-3299
-257
-85
-3297
-3626
-584
4238
8617
9134
9113
9179
9654
9315
8207
7394
5529
4358
3859
3937
2306
-1987
-5402
-7168
-5114
-2179
-1682
-1142
-1551
-3699
-9136
-14119
-10802
-2640
1287
-1129
-3679
-2159
-1864
-4513
-4266
-128
2412
122
-761
4381
7499
1913
-5625
-7754
-5510
-2228
544
2966
2702
-2637
-8631
-9553
-5094
240
2595
2582
1715
1322
2198
2946
3509
5496
7670
9334
10691
11092
10060
7424
5716
7414
12649
16028
13186
7027
1207
-347
1506
3312
4536
3260
-779
-4770
-5744
-5761
-6693
-8249
-9302
-6355
-3948
-5517
-9311
-12555
-12235
-10611
-6743
-2561
-1511
-2098
-4225
-3446
1149
4815
5064
4064
4291
5162
6747
6641
6359
5399
2714
1360
983
2618
1324
-2257
-3463
-2506
880
1669
2576
2744
-549
-6259
-11863
-7167
846
3482
-21
-4063
-2296
-3580
-6175
-6000
-2063
179
-4513
-4525
-32
2220
-3760
-12433
-13103
-10372
-5227
-1018
756
-834
-7177
-10553
-8600
-1774
3906
5735
5674
3688
4724
6608
8418
10282
10832
12587
12933
13408
13834
12069
9731
7926
11570
15266
13597
8637
1253
-1508
-1324
-1006
1033
992
-1749
-7378
-10551
-9901
-8473
-7450
-9119
-8039
-6057
-5500
-6630
-9595
-9662
-9028
-5028
16
2133
2258
-1643
-2457
1315
6560
10028
8519
5803
3707
4849
6254
6249
5950
3091
1140
-809
-1042
-544
-3240
-3142
-2556
-753
3564
3729
-750
-8967
-13137
-7647
1593
5064
1411
-1938
-4119
-5630
-6137
-3368
-406
-3674
-6261
-4274
398
782
-7709
-14908
-16432
-12660
-5397
-329
-776
-7414
-14178
-14958
-8757
328
6089
5782
1206
-1317
1204
8015
13766
14671
14957
15131
15357
16391
16019
15106
13780
13743
16968
18612
16100
8961
53
-2638
-717
2019
3913
985
-4607
-10134
-12696
-11838
-10338
-9555
-9649
-9164
-8700
-8540
-10268
-11652
-10709
-8517
-3211
470
954
488
-1303
-36
5222
10067
11010
8377
5109
4667
6342
7962
8923
7357
4597
720
-1574
-1768
-2653
-1417
-209
1571
3460
964
-4797
-11685
-12562
-6459
698
2497
-851
-2806
-5093
-6115
-5275
-3201
-2126
-5501
-6055
-2054
3114
1892
-8255
-15824
-17338
-12060
-2905
2311
476
-8222
-16303
-17161
-9383
815
5512
3868
-1196
-3151
203
5902
10423
12596
14131
13565
13372
14507
15389
16124
15094
16264
18503
18261
14521
7460
3414
1944
2160
4386
4826
2109
-4165
-9429
-11513
-10052
-7957
-8126
-7489
-8085
-9170
-11982
-14576
-13426
-11084
-6583
-3698
-2485
-2255
-4508
-4229
951
9316
12892
10199
6369
3717
5245
8496
10750
11244
9148
3827
-575
-800
-505
1392
3590
4859
5289
330
-6414
-11506
-10737
-3853
-30
-31
-2534
-5202
-6126
-7339
-7805
-5652
-3792
-5950
-5689
-1633
767
-1511
-9812
-14188
-12679
-8936
-2539
1434
716
-6415
-14533
-14724
-6933
2959
7468
4755
-1678
-5057
-3242
2629
9534
12634
13364
10807
7899
8554
10720
13424
14567
16492
17641
15459
11042
5537
4012
4147
4175
4964
5092
2986
-2506
-6239
-7951
-7554
-6389
-6588
-4959
-4338
-5639
-8899
-10994
-10391
-9422
-5970
-3296
-2475
-3081
-5017
-5044
-1576
4110
7008
6786
4323
2068
2965
5488
7890
8583
7354
3112
-739
-1452
526
4518
6887
7264
3265
-4315
-9513
-8874
-1843
3421
1739
-3423
-6001
-5608
-5039
-3330
-2389
-3172
-6836
-9368
-4041
2860
3127
-5204
-13861
-14255
-9532
-2936
2176
2296
-3180
-11554
-15474
-9576
950
6369
4785
-908
-4709
-3452
432
6045
10173
10630
8497
6835
8671
11329
11118
10599
11732
12568
12656
9834
6938
5945
3654
2540
3308
4852
3807
-285
-4166
-6678
-5752
-4977
-4756
-4054
-4009
-5547
-9174
-10794
-10127
-6142
-2080
-1853
-2868
-4878
-5216
-3397
627
4820
5986
4628
1769
1472
3517
6725
7923
6469
5286
2631
822
466
2985
6617
7888
7458
1936
-4612
-9031
-8184
-976
3409
1435
-3875
-5900
-6375
-6902
-4995
-4058
-4893
-8618
-9310
-4280
352
-1282
-10479
-16219
-15966
-10778
-1776
3316
1405
-6649
-12899
-11885
-3829
5294
8206
5727
346
-1971
1076
6882
11255
11746
10589
8420
8466
11485
13947
13737
12307
11662
11758
11527
8300
5664
4690
2820
1795
1948
2627
859
-2392
-5232
-7143
-7236
-7181
-6202
-4847
-5008
-8030
-11249
-12225
-11471
-7190
-2864
-1845
-3784
-6574
-6493
-2624
4401
8823
7238
2175
-1493
741
6612
10858
10230
6939
2570
-1355
-551
4173
8955
10027
8579
4712
-1645
-5574
-5916
-1006
3803
2076
-2349
-5364
-6402
-7079
-5388
-3295
-4690
-9436
-12473
-8227
-2761
-2099
-8822
-16134
-17831
-16799
-10065
-2214
253
-4614
-13218
-15613
-9036
2106
8723
7912
2637
-1656
140
6320
13221
16265
14950
11353
9001
11878
16717
18563
16684
12855
11223
12611
13501
13321
10057
4459
585
192
2904
3561
1530
-2465
-7370
-9577
-8770
-6263
-4636
-5260
-8792
-11979
-13271
-12857
-8846
-5186
-4428
-6170
-7738
-7227
-5504
-1440
2518
3989
3175
706
-470
2032
5232
6690
7228
5251
2605
854
1578
5396
7783
8853
6421
761
-3021
-4477
-1722
3389
4425
144
-4036
-5725
-5724
-4025
-2291
-1201
-4855
-10173
-10323
-6214
-675
-3566
-11848
-15343
-15978
-12606
-6436
-2437
-4100
-10704
-15388
-12316
-3973
2672
4501
1387
-1680
-2394
1704
9740
13074
12732
10963
9548
11612
15296
18776
19619
16554
12719
11781
13723
16400
16133
12856
8383
4306
3976
5225
5580
3995
377
-3187
-5199
-5724
-5372
-4905
-6792
-9544
-12160
-13045
-11425
-9783
-7498
-7260
-9423
-10900
-10583
-6909
-2273
74
-14
-2229
-4137
-2923
466
3404
3888
2174
747
496
381
1796
4125
5325
6153
4431
980
-1967
-2898
155
3690
4254
1229
-1093
-2063
-3639
-2963
-501
804
-2595
-6811
-6826
-3420
-1342
-5571
-9857
-11523
-12489
-11163
-6760
-2101
-3738
-10548
-15165
-12120
-4106
1316
1488
-955
-3298
-4440
-1197
5626
11121
11640
7928
5390
8295
14766
17881
17061
14389
11751
11771
12967
15811
18007
15777
9969
5027
5822
8532
9558
8440
4949
1240
-1844
-2661
-1250
-237
-2560
-6605
-8624
-9333
-9281
-8269
-7393
-7995
-9323
-10442
-9959
-7454
-5263
-4542
-4945
-5238
-5415
-4367
-2519
-1766
-1553
-1545
-1139
-901
-709
-925
-1266
-278
5
103
1041
723
-1101
-3242
-3327
-492
1561
366
-1806
-1842
-289
-124
-594
528
728
-1490
-2762
-1014
2368
2161
-2673
-6058
-6264
-5278
-3867
-1517
-677
-4159
-8807
-9410
-4959
-817
-847
-3287
-4582
-4407
-3238
325
4002
4759
3066
2298
4805
8559
10361
10007
9068
8835
10171
12682
15218
15505
12983
10055
8780
9644
11933
13197
11514
8044
4752
3277
3401
3971
3414
1018
-2068
-4924
-5569
-4603
-4374
-5249
-6996
-8607
-9347
-8794
-7157
-5668
-5598
-6836
-8009
-8223
-7069
-5614
-4528
-3511
-3525
-4077
-4625
-4950
-3865
-2500
-2169
-2610
-2914
-3048
-3693
-3907
-2787
-800
-113
-1837
-4068
-4410
-2808
-1074
162
672
447
-489
-1238
-332
1870
3343
2015
-30
-31
1495
2825
2271
889
41
-1127
-1937
-1098
391
249
-2283
-4437
-4130
-2403
-1689
-1994
-1538
-1216
-1076
-377
1378
3358
3120
2085
2871
5688
8385
8918
8542
8279
8325
9096
10386
12130
12830
11249
9272
8565
8896
9292
8598
7368
5765
3395
1684
1031
1078
581
-1180
-2925
-4566
-5743
-5914
-5395
-5641
-7400
-8882
-8999
-7931
-7426
-7837
-7427
-6695
-6354
-6324
-6097
-5408
-5178
-4897
-4168
-3055
-2043
-2625
-3676
-4045
-3740
-2336
-898
-698
-1311
-2099
-2584
-2051
-1222
-524
-84
-231
-549
-635
146
646
148
-663
-1046
-67
959
1083
1010
986
642
73
-43
346
447
-458
-826
-112
91
-818
-2038
-1857
-504
389
546
585
552
116
206
2253
4990
5816
4574
3200
3828
5788
7172
8429
9614
9540
8347
7372
7915
9216
9253
8451
7733
6691
4838
2820
2174
2140
1433
182
-1089
-1827
-2694
-3779
-4464
-5045
-5647
-5856
-5589
-5594
-6325
-6819
-6553
-5872
-4809
-4006
-3618
-3867
-4792
-4711
-3207
-1369
-367
-511
-1465
-2605
-2706
-1624
-289
255
-202
-1288
-2026
-2087
-2155
-1702
-1135
-917
-731
-1056
-1600
-1824
-1808
-1766
-1688
-1559
-1429
-1339
-1498
-1699
-1984
-2268
-1992
-1378
-1006
-1589
-2395
-2599
-2862
-2709
-2087
-1231
-413
-686
-1271
-1225
-753
163
1605
3305
4552
4641
3910
3579
4697
7083
9044
9777
9818
9639
9344
8923
9039
9893
10560
10186
9158
8089
6745
5019
3514
3091
3014
2232
742
-1154
-2816
-4156
-5004
-5043
-4544
-4317
-5193
-6974
-8627
-8858
-7517
-5334
-3666
-3896
-5434
-7165
-7222
-4738
-1811
-235
-815
-2560
-3565
-3372
-1979
-324
336
-45
-1219
-2029
-1733
-1342
-1190
-1284
-1409
-1094
-765
-589
-750
-1207
-1510
-1615
-1238
-657
-160
412
426
-394
-1457
-1813
-1042
209
842
501
-321
-1505
-2222
-1941
-930
269
257
-519
-1429
-2007
-1373
-606
95
750
1039
1523
1875
2097
2396
2695
3470
4740
6126
7046
6700
5749
5557
6238
7428
8113
7828
7241
6335
5410
4838
4693
4832
4402
3440
2453
1441
289
-884
-1429
-1233
-1006
-1517
-2713
-3917
-4898
-5051
-4029
-2755
-2446
-3898
-5811
-6188
-4694
-2327
-1175
-2075
-4173
-5773
-5163
-2938
-877
-594
-2184
-4157
-5078
-4194
-2523
-1482
-1744
-2817
-3480
-3545
-3076
-2255
-1618
-1647
-2265
-2564
-2016
-1161
-790
-771
-712
-606
-549
-298
244
385
234
253
793
1596
1538
922
400
470
1227
1798
2045
1767
1293
1284
1392
1712
2192
2655
3117
3254
3178
3138
3252
3593
3952
4174
4298
4350
4421
4515
4355
4003
3653
3268
3098
3299
3631
3669
3068
2157
1466
1133
1046
1131
1470
1535
725
-565
-1545
-1664
-1053
-203
255
-386
-1911
-3418
-3748
-2666
-1377
-780
-1357
-2958
-4628
-5384
-4731
-3458
-2664
-2917
-4165
-5556
-6284
-6079
-5202
-4407
-4237
-4344
-4443
-4493
-4225
-3723
-3016
-2295
-1824
-1452
-1266
-1001
-593
-304
182
716
1090
1206
663
66
202
817
1396
1485
1176
890
546
314
520
1146
1803
1715
1309
1416
1703
1883
1954
2241
3006
3507
3526
3715
4016
3971
3760
3913
4459
4738
4625
4670
4790
4505
3655
3006
3161
3233
3022
3072
2991
2413
1189
112
207
760
1050
1005
580
-140
-1142
-1728
-1214
-99
620
215
-1045
-2159
-2553
-2091
-1078
-533
-1017
-2194
-3591
-4386
-4491
-4254
-3562
-3463
-4463
-5783
-6747
-6607
-6127
-5988
-5692
-5324
-5012
-5136
-5299
-4600
-3508
-2610
-2049
-1584
-916
-436
-229
391
1364
1978
2126
2002
1955
1967
1887
2083
2361
2267
1751
1188
902
685
505
494
466
280
250
499
712
612
299
460
1189
2095
3014
3529
3455
3049
3044
3835
4829
5448
5597
5535
5231
4840
4789
4989
5149
4787
4139
3724
3448
3212
2702
2041
1410
893
645
401
143
-306
-1011
-1667
-1916
-1636
-1400
-1553
-2161
-2924
-3355
-3289
-2673
-2278
-2677
-3506
-4188
-4426
-4567
-4494
-4102
-4054
-4776
-5849
-6224
-5827
-5504
-5523
-5509
-5180
-4917
-4841
-4597
-3942
-3028
-2315
-1738
-1154
-613
-67
527
1396
2294
2711
2573
2226
2299
2756
3197
3399
3242
2657
1659
945
1095
1770
1972
1096
-140
-787
-599
8
478
534
98
-462
-457
442
1741
2524
2465
2135
2334
3235
4439
5347
5553
5173
4777
5006
5788
6389
6303
5694
5059
4544
4186
4106
4109
3689
2621
1574
1220
1288
1031
191
-746
-1418
-1812
-1932
-1815
-1776
-2309
-3300
-4103
-4279
-4027
-3831
-3908
-4357
-5065
-5734
-5997
-5768
-5516
-5581
-5920
-6306
-6553
-6589
-6266
-5671
-5165
-4992
-4961
-4683
-4081
-3305
-2536
-1825
-1221
-711
-166
455
1124
1721
2207
2612
2840
2941
3030
3154
3193
3049
2869
2695
2351
1735
1188
1098
1224
947
121
-650
-851
-580
-249
-105
-134
-268
-330
-81
565
1406
2117
2558
2816
3163
3812
4661
5369
5692
5819
6106
6566
6896
6916
6747
6527
6283
6071
5901
5630
5038
4147
3266
2637
2262
1952
1461
602
-529
-1481
-1910
-1996
-2250
-2887
-3660
-4282
-4686
-4898
-4970
-5140
-5694
-6498
-6997
-6875
-6516
-6532
-7053
-7633
-7898
-7842
-7606
-7335
-7053
-6846
-6692
-6376
-5813
-5051
-4318
-3727
-3136
-2350
-1281
-211
602
1142
1639
2274
2938
3558
4048
4339
4366
4246
4262
4328
4189
3734
3232
2976
2791
2485
1980
1379
817
427
386
463
341
-31
-301
-137
257
604
808
1002
1323
1788
2442
3132
3695
4030
4177
4372
4767
5382
5926
6090
5866
5483
5265
5194
5116
4911
4553
4130
3645
3154
2644
2110
1561
977
448
45
-204
-501
-1076
-1862
-2633
-3135
-3386
-3518
-3697
-4138
-4863
-5677
-6175
-6222
-6116
-6198
-6587
-7094
-7496
-7621
-7411
-7082
-6885
-6879
-6830
-6550
-6137
-5697
-5196
-4575
-3877
-3139
-2327
-1557
-1034
-682
-69
1002
2131
2805
3001
3097
3300
3619
4077
4571
4750
4385
3777
3432
3425
3349
2963
2455
2080
1827
1546
1224
920
614
319
249
560
1018
1184
932
623
686
1175
1872
2548
3007
3114
2949
2836
3074
3657
4297
4668
4644
4345
3997
3783
3758
3870
3981
3867
3418
2742
2098
1657
1418
1313
1211
890
228
-602
-1279
-1652
-1823
-1939
-2100
-2445
-3034
-3737
-4336
-4650
-4663
-4537
-4501
-4731
-5200
-5689
-6013
-6075
-5819
-5335
-4932
-4902
-5171
-5413
-5360
-4900
-4047
-3025
-2319
-2260
-2537
-2514
-1874
-778
383
1195
1345
947
658
1079
2035
2818
3005
2749
2381
2094
2023
2185
2295
2041
1568
1316
1381
1387
1071
632
418
464
629
868
1092
1114
910
775
1008
1501
1929
2205
2434
2631
2718
2770
2987
3368
3736
3968
4065
4026
3831
3618
3585
3744
3876
3793
3473
2974
2415
1979
1817
1805
1647
1223
673
106
-509
-1048
-1318
-1369
-1494
-1883
-2430
-3048
-3726
-4246
-4263
-3882
-3746
-4265
-5127
-5736
-5877
-5676
-5230
-4748
-4595
-4917
-5292
-5210
-4705
-4092
-3467
-2759
-2131
-1873
-1897
-1760
-1172
-277
598
1237
1524
1455
1279
1385
1920
2554
2813
2610
2279
2116
2098
2046
1885
1649
1379
1152
1066
1048
880
473
78
-18
146
325
364
286
184
180
386
764
1113
1307
1423
1579
1804
2108
2480
2817
2967
2966
3013
3182
3344
3381
3344
3282
3144
2945
2797
2710
2510
2120
1705
1441
1271
1018
668
289
-100
-528
-942
-1201
-1351
-1578
-1976
-2441
-2811
-3070
-3226
-3254
-3240
-3428
-3914
-4427
-4593
-4351
-4020
-3883
-3953
-4151
-4403
-4530
-4248
-3580
-2956
-2661
-2581
-2391
-2022
-1609
-1112
-467
199
677
999
1367
1783
2084
2230
2404
2697
2970
3082
3008
2791
2497
2209
2035
1955
1806
1469
1018
612
329
172
44
-142
-382
-577
-607
-509
-407
-339
-254
-110
90
389
764
1086
1285
1467
1771
2117
2331
2438
2601
2830
2972
2964
2904
2830
2686
2506
2413
2378
2193
1758
1279
1007
926
800
446
-65
-541
-851
-1012
-1141
-1345
-1690
-2158
-2574
-2754
-2698
-2624
-2795
-3152
-3453
-3574
-3571
-3550
-3495
-3391
-3333
-3331
-3324
-3257
-3105
-2898
-2641
-2337
-2036
-1711
-1352
-1032
-769
-510
-195
143
450
810
1295
1750
1942
1890
1843
1973
2219
2386
2389
2281
2127
1976
1856
1748
1577
1276
927
707
650
666
581
326
-30
-317
-413
-348
-281
-227
-1
481
840
595
-31
-334
7
610
1182
1781
2388
2612
2334
1967
1750
1477
1084
1082
1905
3132
3829
3466
2231
765
-311
-553
86
1154
1920
1865
988
-307
-1503
-2195
-2258
-1832
-1229
-803
-839
-1437
-2403
-3365
-3918
-3885
-3407
-2838
-2512
-2560
-2927
-3426
-3831
-3907
-3560
-2948
-2397
-2119
-2068
-2088
-2095
-2028
-1737
-1174
-536
-93
100
192
318
491
725
1065
1506
1917
2128
2135
2041
1914
1806
1813
2042
2346
2415
2152
1789
1532
1289
1018
914
1066
1265
1253
1101
1059
1053
824
452
277
441
780
1127
1461
1657
1495
975
458
344
655
1154
1625
1871
1745
1268
691
332
306
505
712
817
814
700
466
129
-187
-360
-407
-439
-516
-594
-680
-832
-1046
-1244
-1394
-1580
-1819
-1969
-1919
-1796
-1855
-2166
-2560
-2824
-2883
-2774
-2578
-2445
-2500
-2710
-2857
-2784
-2578
-2393
-2290
-2152
-1856
-1452
-1033
-681
-466
-424
-425
-217
279
879
1320
1600
1813
1904
1791
1602
1578
1757
1999
2202
2343
2343
2088
1681
1406
1385
1415
1303
1119
991
958
1001
1136
1288
1237
949
641
553
660
845
1140
1524
1825
1862
1687
1435
1135
871
797
1023
1440
1784
1879
1618
1085
441
-70
-244
-75
309
573
521
135
-394
-917
-1337
-1467
-1308
-1052
-1001
-1159
-1402
-1749
-2137
-2309
-2069
-1796
-1954
-2350
-2573
-2625
-2854
-3110
-3009
-2648
-2474
-2590
-2543
-2382
-2445
-2749
-2783
-2268
-1664
-1204
-816
-344
-95
-251
-404
-207
363
940
1487
2014
2307
2210
1848
1683
1763
1889
1894
1908
2047
2112
1973
1622
1258
941
647
477
519
735
828
655
374
247
319
375
361
424
669
947
1071
1094
1140
1216
1269
1374
1636
1912
1968
1760
1573
1667
1938
2111
1954
1600
1276
1095
989
885
831
748
584
290
-26
-335
-710
-1060
-1282
-1283
-1295
-1487
-1786
-1987
-1966
-1927
-2014
-2318
-2739
-3064
-3004
-2475
-1910
-1759
-2096
-2562
-2970
-3244
-3210
-2794
-2261
-2009
-1899
-1772
-1805
-2143
-2444
-2224
-1715
-1284
-800
10
759
855
477
200
222
413
905
1810
2686
2897
2387
1673
1263
1296
1582
1869
2122
2338
2226
1676
999
677
720
886
1262
1775
2062
1614
660
153
403
997
1390
1674
1913
1719
1294
1001
947
885
952
1555
2066
1989
1492
1114
934
637
761
1220
1630
1524
814
308
-151
-407
-397
-93
279
-104
-642
-1290
-1742
-1984
-2266
-1996
-1795
-1569
-1657
-1972
-2255
-3001
-3247
-3096
-2389
-1593
-1515
-1682
-2142
-2287
-2538
-2562
-1921
-1555
-1448
-1658
-1421
-1396
-1820
-1843
-1609
-1061
-957
-516
-91
-279
-653
-919
-44
584
956
1152
1100
1046
545
972
1382
1659
1776
1561
1807
1670
1713
1601
1568
1666
1180
1240
1606
1956
1883
1542
1571
1157
729
1027
1518
1597
1112
943
1806
1934
780
650
1212
806
152
1104
2246
1515
417
493
764
-67
-699
221
1572
1749
-79
-742
550
133
-1150
-787
179
241
69
-151
-352
-968
-995
-499
-1260
-1701
-1481
-1211
-1073
-2043
-1633
-726
-1648
-3211
-2243
-1721
-3387
-2324
-1204
-1741
-1943
-1848
-1440
-2482
-1793
-1257
-2830
-1975
-565
-525
-904
-73
-7
-317
-540
-679
-972
-469
418
762
1399
2081
1488
262
8
-52
-94
559
1003
1671
2711
2037
938
-919
96
1116
148
1190
3033
2006
187
1081
1975
1082
213
853
2595
2225
1051
2995
2860
1029
437
786
1930
2217
2121
2321
2011
1385
121
-477
676
2391
498
-757
991
670
-915
-1467
-495
-71
-593
-1524
-1395
-361
-151
-2368
-2578
-274
-424
-1930
-1907
-106
-960
-2131
-1230
-1171
-1983
-1679
-435
-1191
-2021
-909
-1742
-1754
-915
-1451
-2406
-2201
-729
-1729
-1811
-1484
-1201
-937
-2240
-1204
-1065
-1519
-947
-1397
-464
76
-279
-415
-90
268
525
357
-553
1151
2120
511
1289
2326
1825
791
661
2185
2249
1859
2085
2184
2178
1520
1353
1710
2597
972
1191
3201
1890
-95
1478
2490
1102
-222
1144
2195
713
897
1017
654
100
1072
276
409
1462
379
-49
-29
819
541
-1098
613
359
-1205
-412
-193
-77
-925
-1378
-1087
-534
-1604
-2359
-948
-997
-1700
-2048
-1859
-1334
-1714
-2265
-1990
-1972
-1800
-2306
-1683
-924
-1361
-1381
-2221
-2332
-1311
-1009
-1017
-1012
-169
-199
-1499
-1261
-592
-345
-906
-364
791
493
170
-32
-267
-641
-610
1139
1047
478
1258
1073
1122
498
241
1016
1517
1317
1776
2211
1648
1927
1752
1584
1541
1710
1534
1261
2042
2574
1854
1415
1468
1215
1124
605
469
846
632
794
1093
731
727
-487
-664
-72
-306
-294
522
198
60
798
-463
-909
-728
-239
-606
-841
427
329
-714
-474
-1232
-1577
-922
-996
-793
-601
-711
-1585
-1536
-1460
-1358
-914
-1434
-1333
-1367
-1089
-1091
-1843
-1201
-1482
-1535
-271
-564
-1033
-1150
-1613
-831
-396
-1139
-228
-124
169
-490
-913
79
-421
-967
-193
196
414
824
422
612
420
-256
-177
791
1284
1415
1370
1795
2047
1082
196
791
1338
1977
1549
1514
2711
1144
431
1138
1723
1445
752
798
1240
1355
731
491
590
846
428
268
460
-140
-622
177
-276
-836
468
200
-767
-154
-49
-409
-954
-862
-409
-423
-405
149
158
-184
-612
-1442
-980
-748
-445
143
212
-1204
-1086
230
-1096
-1211
-713
-699
-1426
-1742
-168
-433
-1173
-557
-1141
-956
-1087
-972
-1130
-943
259
-19
-262
-374
91
-313
-743
-20
-61
20
136
-88
319
450
-150
-368
-275
-29
-614
-277
1050
507
-272
88
559
251
-218
-32
781
1161
1445
1173
1189
1055
853
228
1158
2214
2315
1805
1185
1736
1353
639
391
1370
1641
1216
1301
999
846
-14
-609
-439
-542
209
553
440
27
-1114
-929
-595
-1134
-1137
-298
205
-391
-420
-16
-696
-1282
-963
-204
59
-56
-906
-1070
-121
-289
-714
-1142
-976
-571
-1093
-1349
-708
-798
-1240
-1166
-1176
-1335
-1031
-1020
-1223
-1334
-985
-608
-816
-878
-819
-895
-1068
-388
-30
-474
-452
-58
143
138
-44
179
492
272
87
923
1682
1128
858
1176
1291
1052
1524
1888
1834
1761
1650
1878
1682
1815
2201
1340
1429
1235
1137
1725
1355
945
1225
1342
132
-191
577
553
438
-151
-283
388
-117
-945
-1028
-296
-624
-1054
-604
-1045
-961
-689
-1397
-1256
-974
-1003
-1304
-1130
-349
-501
-880
-902
-325
-299
-599
-45
-583
-872
-65
-108
-569
-311
-780
-589
-260
-699
-966
-1355
-1138
-1143
-1067
-1067
-681
-898
-1232
-581
-1127
-958
-864
-887
-505
-25
237
-365
110
724
76
-649
196
641
-359
79
1830
1371
224
227
764
739
-62
302
1300
1480
2077
1769
1071
1358
1274
1076
1119
1930
2398
2299
1996
2507
2195
1260
1123
986
1560
1539
1303
1718
2050
629
-479
38
-232
-300
-152
157
405
-465
-1147
-1542
-1884
-1406
-1562
-1755
-1277
-728
-1522
-1965
-1342
-1705
-2151
-2030
-1178
-927
-766
-1241
-1285
-613
-920
-1400
-1274
-615
-417
-1029
-939
-531
-541
-274
-380
-374
-1037
-892
-725
-933
-775
53
478
-658
-974
-287
-279
-961
-793
-291
129
-177
307
332
-62
720
610
-550
-313
1236
1305
511
964
1531
1243
885
572
1272
1419
1082
1076
1846
2290
1119
1324
1871
1601
1638
1752
1572
1505
2104
2078
1363
931
1529
1790
959
1231
1283
644
374
326
479
263
-232
-121
87
-457
-630
-496
-893
-964
-930
-1346
-1444
-1117
-1121
-871
-1119
-1260
-1335
-1971
-2118
-1394
-1191
-1847
-1511
-957
-1031
-1570
-1773
-1703
-1458
-1804
-1943
-1192
-619
-1270
-1756
-809
-575
-1322
-1480
-1244
-868
-485
-438
-307
-402
81
60
-448
130
166
-313
158
612
718
755
1034
1032
652
493
784
1438
849
810
1453
1589
1808
1364
1335
1078
897
1751
1414
1678
1892
1684
1505
1184
1552
1474
1013
1326
1761
1090
940
1393
1357
936
862
898
887
616
435
591
244
144
235
280
106
-451
-332
-375
-969
-995
-789
-992
-1471
-1296
-647
-1293
-1887
-1557
-1446
-1979
-1990
-1616
-1227
-1301
-1671
-1227
-1440
-1967
-1677
-1153
-1519
-1405
-866
-253
-804
-1462
-979
-548
-550
-1069
-789
315
387
-650
-332
67
276
-114
-815
-125
812
126
-246
486
774
168
-657
39
419
432
219
235
930
733
444
695
606
847
810
794
1405
1420
1713
1459
1315
1487
1858
1536
944
2113
2228
1321
1213
1651
1864
1030
997
1335
1268
1153
212
488
742
314
185
153
520
409
-224
-736
-451
-386
-1080
-689
-574
-177
-650
-1558
-1012
-1087
-1170
-1692
-1504
-907
-879
-1363
-1413
-1120
-1450
-1640
-1443
-1518
-1107
-821
-1290
-1385
-1322
-515
-1087
-1531
-1169
-696
-142
-1237
-1314
97
-33
-881
-893
-413
132
-291
-283
110
239
173
173
113
52
459
460
210
319
1240
1175
-64
320
1197
545
421
756
1022
1363
1270
682
637
1519
1235
627
928
1651
1723
1178
1108
1735
1624
901
1045
1086
1222
1404
1086
1072
1177
1085
419
31
462
609
306
-162
628
131
-467
-7
-492
-618
-860
-515
-511
-897
-892
-744
-1033
-1137
-959
-1467
-1194
-1016
-1456
-1292
-1343
-1112
-1177
-1165
-994
-1357
-1371
-1534
-1127
-907
-766
-628
-383
-545
-1089
-1072
-855
-404
-186
-312
-244
375
140
-794
-967
-439
-7
-225
139
447
470
173
-515
-352
84
422
-161
299
1251
889
636
415
650
617
735
445
464
963
1331
1176
270
1238
998
818
1070
575
1145
1462
1201
1193
1399
1502
1529
1436
1232
1272
957
1086
921
613
1489
926
413
384
86
-122
-384
-404
-786
-642
-36
-386
-670
-986
-1188
-1519
-1711
-1230
-1216
-393
-737
-1587
-772
-818
-1550
-1987
-1376
-598
-805
-1061
-558
-194
-1268
-1675
-880
-629
-386
-931
-625
17
-308
-614
-461
33
-73
-9
-101
325
208
92
47
-194
844
328
-218
497
479
-151
-393
471
391
-43
40
301
563
21
67
190
489
455
-82
757
978
384
120
392
808
500
374
782
1162
910
266
341
1233
1166
351
567
1374
1089
604
685
568
1047
893
244
351
965
837
-161
13
720
198
-550
-164
169
-127
-472
-473
-261
-350
-1012
-1181
-510
-234
-1035
-1348
-452
-529
-770
-1210
-1238
-500
-438
-1117
-959
-314
-101
-814
-920
-239
-539
-759
-804
-552
30
-96
-791
-402
-244
-840
-839
-161
-441
-285
28
-120
-50
-201
-89
-238
2
8
-155
627
611
505
161
364
597
-198
411
630
578
746
553
546
890
437
12
375
515
340
631
1301
1337
720
31
364
792
431
779
920
1131
1334
1086
958
359
298
-213
148
669
800
1039
146
-389
-48
-145
-723
-803
-649
213
33
-907
20
-100
-695
-1157
-1403
-595
65
-171
-984
-718
139
-636
-1277
-781
-393
-802
-1051
-506
-143
-47
-952
-1127
-582
-593
-427
-530
-530
-354
-513
-231
-432
-751
-5
88
-977
-438
317
27
-618
-461
482
120
-712
-506
699
357
-684
127
720
1166
21
-348
601
746
708
-67
1088
1265
1088
777
310
1304
1041
608
-57
673
2366
979
241
1243
2002
765
-471
1024
1309
1108
344
410
1758
1438
291
-332
168
776
-376
-722
117
502
330
-1002
-1139
-755
-356
-1236
-1985
-719
-209
-629
-1757
-1999
-598
-927
-1932
-1785
-707
-362
-1154
-1268
-1342
-695
-671
-1288
-1100
10
149
-748
-893
20
240
-604
-809
325
392
1
70
366
927
-16
-121
184
628
369
187
799
1032
1014
492
232
1095
270
-402
783
1038
779
358
963
640
322
196
-60
437
55
141
380
521
748
-170
181
358
67
-29
-207
224
-199
319
762
693
491
108
-214
85
588
-63
140
989
1028
659
-145
19
560
-160
-234
635
601
43
-77
-30
181
-175
-674
-835
-243
-26
-659
-753
-815
-449
-516
-814
-1300
-1284
-696
-1010
-1225
-870
-549
-795
-818
-878
-1119
-1233
-721
-379
-500
-675
-493
137
5
-499
-354
-113
-375
-238
295
867
886
405
30
522
359
18
320
858
1438
467
603
851
338
409
39
-47
372
822
624
482
256
196
192
-368
39
241
-171
465
645
600
624
261
279
52
130
116
559
1249
1086
601
738
1049
309
-273
8
446
784
1037
950
740
148
-187
-809
-921
139
561
-255
-831
590
944
-1039
-2243
-1246
-211
-906
-1067
-127
322
-271
-1656
-1650
-1045
-837
-1225
-1540
-325
192
-337
-621
-699
-521
-782
-1372
-491
627
172
120
481
288
262
-172
-805
-147
342
1
265
781
937
-129
-464
44
-265
-253
-228
-46
570
887
404
-126
20
48
-179
-764
-163
1012
758
288
261
481
392
-443
-529
155
312
542
711
890
539
323
476
157
41
364
677
1133
1220
807
1036
1017
194
-45
377
758
672
554
1174
853
250
-111
-276
45
-120
-580
-179
637
230
-629
-458
-101
-992
-1521
-929
-360
-626
-644
-20
-393
-1185
-1349
-1365
-942
-827
-1618
-581
468
-357
-695
-977
-1167
-1027
-1021
-680
139
672
572
-91
-651
231
-58
-711
-135
268
972
1103
831
247
160
-42
-933
-29
895
809
719
641
258
-46
227
-221
-336
187
516
379
652
1153
-11
-570
-205
-319
-39
547
486
376
600
41
-156
127
298
-217
-444
906
936
685
808
180
451
513
91
132
529
714
453
643
705
759
537
-252
-684
-129
547
-415
-514
906
690
-668
-843
-184
-418
-1040
-1124
-581
308
100
-894
-1422
-471
-144
-1666
-1583
-737
-164
-172
-1081
-775
-225
-515
-1017
-873
-252
-386
-307
245
130
-98
-233
-73
-86
-158
204
147
257
422
314
66
203
646
100
-169
240
444
515
274
395
577
606
-15
-271
767
725
-261
3
730
442
454
389
250
291
-123
214
723
725
498
388
719
583
355
416
502
296
280
1025
771
427
549
269
189
177
188
93
316
417
-457
-264
377
-166
-498
-705
-572
-288
-552
-905
-708
-406
-963
-1012
-581
-874
-1224
-1204
-1075
-930
-649
-632
-757
-444
-329
-784
-1116
-711
-194
-550
-384
320
-17
114
282
-219
-233
-151
-51
-1
297
582
853
594
-144
277
247
36
173
119
579
629
685
555
405
629
214
-201
-204
471
802
104
316
1012
626
-153
-203
208
161
-209
-240
545
1087
411
67
356
218
-152
-401
9
748
818
497
357
688
581
-359
-322
428
611
640
593
498
384
309
69
-465
-214
505
319
-275
58
551
-28
-835
-985
-531
-338
-821
-713
-26
-201
-722
-846
-975
-1262
-1359
-1003
-927
-689
-67
-364
-877
-895
-1008
-959
-680
-597
-565
-35
334
-63
-244
-186
-99
-118
-288
69
246
324
589
312
263
569
451
105
118
426
341
277
618
841
982
732
254
278
360
138
23
314
771
946
849
472
44
202
43
-597
-146
738
642
245
466
412
-246
-423
-338
-166
58
58
322
614
453
-157
-365
107
-258
-572
291
688
630
469
62
34
134
-127
-482
-1
723
302
-339
-19
373
-214
-1005
-931
-270
98
-334
-694
-208
-84
-911
-1268
-684
-335
-650
-700
-263
-94
-162
-298
-420
-253
-177
-516
-471
262
425
36
239
641
430
-163
-362
56
239
-181
-4
899
948
79
-232
-26
-312
-552
-332
11
363
384
180
-98
-323
-450
-699
-608
-226
2
159
240
184
33
-69
-289
-315
72
221
389
702
669
582
617
537
313
220
401
579
636
749
910
737
453
410
112
-95
189
288
148
302
649
390
-200
-246
-261
-480
-405
-43
149
122
239
68
-407
-672
-671
-431
-406
-340
126
268
-198
-658
-752
-896
-869
-584
-458
-243
-39
-58
-411
-741
-653
-625
-615
-421
-24
296
264
153
-32
-12
-54
-286
-99
122
353
593
550
438
144
119
99
-361
-237
206
419
509
297
202
191
-101
-526
-468
26
173
224
271
434
508
-127
-359
-101
46
134
7
477
931
599
369
330
159
-189
-139
135
260
608
676
582
543
254
-162
-453
-278
-101
98
438
445
306
-53
-396
-498
-562
-518
-267
214
315
0
-286
-467
-494
-749
-815
-320
16
-73
-178
-99
-447
-889
-679
-484
-463
-155
64
-183
-241
13
-236
-466
-120
24
37
219
255
352
472
262
75
361
530
252
187
304
324
407
448
311
330
393
-91
-318
104
163
-95
-51
234
197
-99
-279
-405
-202
-114
-304
-53
340
210
-262
-193
64
-78
-61
15
104
263
139
-23
102
288
162
162
437
426
332
216
28
87
186
125
87
305
457
160
-94
-167
-263
-403
-446
-161
19
3
-144
-324
-286
-443
-672
-586
-231
-51
-247
-191
-47
-170
-294
-300
-117
-10
-22
-12
-47
-9
6
80
198
94
127
221
79
-60
9
234
227
144
182
161
94
-72
-97
39
133
188
87
-14
-104
-192
-280
-338
-114
78
32
-89
-180
-252
-403
-462
-334
-57
167
187
201
101
-38
-69
-165
-97
208
420
422
524
666
418
132
108
167
245
309
470
756
842
522
191
194
85
-192
-71
355
557
535
480
301
12
-258
-529
-585
-282
-83
-74
33
89
-164
-564
-780
-846
-825
-723
-565
-265
-75
-203
-400
-525
-715
-875
-764
-554
-294
47
162
54
-47
-145
-439
-626
-370
-20
254
460
586
539
217
-133
-326
-268
-49
179
488
709
708
380
-47
-160
-216
-243
-30
390
749
700
409
138
46
-63
-326
-189
238
538
637
464
264
182
19
-386
-473
47
374
380
445
491
398
159
-156
-347
-108
244
287
373
651
716
419
112
-16
-88
-114
-62
141
365
385
315
178
-104
-453
-637
-572
-479
-340
-135
-46
-151
-398
-675
-935
-956
-775
-653
-416
-131
-171
-408
-521
-608
-782
-681
-323
-89
99
250
222
79
-89
-221
-194
34
227
353
522
525
333
97
-110
-139
-31
43
184
416
426
206
63
-37
-163
-125
28
157
319
420
373
285
186
66
45
121
177
314
504
535
428
307
205
86
17
71
168
303
362
248
139
111
15
-162
-126
91
172
150
167
210
163
17
-91
-68
17
0
-12
62
37
-124
-233
-249
-329
-457
-446
-310
-248
-355
-459
-415
-398
-522
-627
-542
-331
-250
-355
-385
-230
-159
-307
-394
-228
-19
-13
-111
-35
148
100
-106
-84
77
79
13
64
158
159
120
98
83
90
129
152
143
144
183
214
209
190
180
233
264
178
93
131
197
144
80
117
160
132
73
49
64
79
70
57
77
127
165
143
103
127
181
178
137
141
192
184
119
94
144
169
115
84
104
103
41
-17
-15
0
-34
-89
-97
-61
-99
-184
-187
-168
-217
-275
-255
-213
-237
-290
-293
-257
-265
-314
-317
-242
-177
-204
-221
-150
-115
-161
-187
-140
-82
-75
-82
-44
10
21
-25
-33
28
58
40
50
115
153
134
120
134
145
128
106
116
157
166
146
152
160
127
97
91
95
108
98
77
103
113
46
-3
30
43
-15
-28
19
19
12
25
30
41
51
40
18
50
87
81
98
123
141
133
96
84
81
68
46
37
56
50
36
8
-36
-61
-80
-100
-119
-98
-78
-112
-122
-126
-160
-195
-186
-159
-162
-125
-79
-85
-99
-101
-120
-132
-109
-93
-75
-40
-18
-31
-51
-60
-71
-82
-68
-38
-18
-8
8
13
8
7
1
14
39
67
96
99
111
122
97
62
62
76
60
58
68
61
43
15
-15
-30
-36
-37
-32
-10
12
20
19
13
20
38
57
72
103
146
168
178
173
169
161
134
122
142
160
171
176
167
140
93
33
-11
-23
-17
-13
-13
-10
-32
-78
-118
-138
-142
-125
-93
-66
-55
-72
-107
-127
-147
-183
-189
-167
-159
-166
-176
-185
-194
-210
-229
-210
-157
-123
-105
-78
-54
-43
-31
-22
-4
33
68
82
96
126
120
97
93
93
85
79
83
80
75
74
67
61
58
47
40
37
35
27
31
47
29
17
25
25
17
31
49
58
61
44
43
50
39
28
37
59
63
54
53
43
33
32
19
27
51
45
32
33
32
20
0
-20
-16
-9
-12
-14
-8
4
-17
-43
-47
-51
-44
-38
-29
-14
-11
-29
-61
-78
-90
-114
-116
-88
-75
-103
-123
-122
-142
-178
-181
-166
-150
-133
-124
-117
-108
-107
-119
-112
-90
-67
-40
-5
26
31
37
61
68
64
82
116
137
139
135
128
142
143
106
100
145
162
131
127
148
142
122
92
68
99
128
103
96
139
132
77
52
49
39
41
46
35
47
57
11
-26
-13
-16
-36
-19
5
5
0
-3
-26
-44
-45
-63
-83
-74
-72
-85
-92
-104
-122
-118
-106
-115
-121
-103
-82
-87
-95
-88
-62
-43
-56
-55
-33
-27
-57
-84
-60
-24
-22
-34
-22
8
3
-22
-23
2
27
24
12
25
49
45
36
54
80
82
69
74
79
78
66
58
71
90
86
78
78
68
47
14
2
4
-13
-25
-21
-18
-27
-50
-64
-69
-70
-63
-63
-45
-31
-38
-48
-41
-38
-41
-42
-32
-11
3
9
17
34
37
23
24
51
53
49
57
53
53
36
20
18
24
20
1
2
8
9
1
-5
-12
-25
-32
-42
-43
-32
-28
-29
-30
-35
-45
-51
-38
-28
-20
-5
-1
-3
-12
-11
-2
14
31
36
44
47
33
19
24
38
49
60
56
43
27
6
-3
16
39
37
34
27
9
-5
-18
-12
2
10
0
-17
-15
-23
-40
-37
-27
-20
-21
-23
-27
-31
-41
-58
-67
-66
-58
-54
-48
-38
-35
-36
-45
-47
-35
-27
-22
-8
4
12
9
1
1
-2
6
21
28
34
27
23
23
17
27
37
44
54
56
55
45
42
44
49
54
44
39
38
27
17
1
-10
-5
-8
-16
-18
-24
-37
-37
-30
-26
-19
-14
-12
-14
-19
-20
-21
-15
1
2
4
7
0
-3
-5
0
5
10
12
5
8
3
1
-1
-1
4
-7
-1
2
-1
0
-6
-10
-17
-19
-19
-14
-12
-13
-10
-13
-22
-22
-26
-20
-8
-6
-1
-3
-4
-5
-11
-2
6
0
2
3
9
15
14
19
18
20
20
18
26
24
20
20
19
14
9
-1
2
10
9
20
21
16
15
15
10
2
-2
1
10
13
6
7
6
0
-6
-10
-10
-7
-3
-3
-5
-7
-14
-30
-38
-39
-37
-33
-31
-35
-36
-35
-38
-41
-41
-40
-36
-23
-9
2
13
8
4
-3
-7
-8
3
22
29
33
24
17
15
3
-1
2
2
9
16
20
20
15
8
2
3
5
9
21
27
30
30
26
27
19
9
8
15
30
40
43
36
26
21
21
29
35
39
46
49
41
26
15
9
-1
-11
-13
-15
-16
-12
-11
-6
-14
-34
-52
-60
-58
-53
-36
-33
-44
-53
-61
-58
-52
-44
-47
-42
-29
-29
-24
-18
-23
-20
-22
-25
-24
-20
-13
-18
-18
-19
-17
-24
-28
-14
-8
2
11
14
17
20
24
33
35
40
38
38
44
38
31
33
35
31
27
22
20
22
14
8
6
9
12
6
6
4
9
13
10
13
7
5
6
4
6
4
1
-1
1
-5
-8
-11
-11
-9
-11
-8
-5
-7
-7
-2
-4
-10
-5
-1
-4
-2
-5
-5
1
1
0
-1
-5
-6
-8
-4
5
0
-1
0
-4
0
-5
-4
-6
-10
-11
-15
-16
-18
-18
-22
-17
-15
-13
-10
-11
-9
-6
-11
-12
-11
-11
-9
-5
-2
1
2
1
6
16
18
10
11
14
12
15
18
26
24
21
25
21
17
15
14
10
7
6
6
7
6
3
7
4
2
10
8
10
9
-2
-5
-7
-13
-15
-19
-20
-20
-25
-18
-19
-23
-16
-14
-10
-9
-8
-6
-8
-13
-11
-7
-5
-4
-2
3
7
7
12
14
11
14
16
18
16
13
18
19
20
13
9
12
13
13
11
12
12
8
-2
-4
-7
-8
-4
-4
6
-3
-9
-7
-8
-7
-9
-6
-1
-3
-8
-15
-20
-21
-25
-24
-18
-18
-12
-9
-13
-15
-15
-16
-16
-15
-14
-17
-17
-9
-9
-5
-3
-4
-6
-10
-7
-4
4
7
8
14
15
15
16
17
19
18
19
24
20
22
24
25
31
34
33
34
36
37
34
27
20
15
12
6
2
4
-3
0
0
-8
-7
-13
-14
-18
-31
-28
-29
-35
-34
-40
-35
-31
-37
-39
-41
-30
-20
-12
-5
-2
8
15
15
17
20
21
14
12
17
10
0
-2
1
-1
-3
-5
-7
-8
-6
