41
35
38
31
19
13
-3
-9
-16
-20
-20
-25
-35
-47
-58
-62
-62
-59
-47
-46
-46
-44
-45
-44
-41
-34
-26
-13
-4
1
2
1
5
10
16
24
29
34
37
31
26
20
13
12
8
12
13
7
4
-1
-9
-8
-6
-6
0
-3
-2
2
2
6
8
13
19
17
20
22
18
17
18
18
22
23
19
16
10
3
1
-7
-10
-10
-13
-12
-18
-21
-24
-22
-19
-22
-22
-22
-22
-19
-11
-8
-8
-7
-7
-7
-6
-12
-14
-14
-17
-17
-21
-16
-12
-10
-17
-23
-20
-14
-10
-13
-10
-6
-6
-2
-2
-1
-1
-2
-2
3
6
12
15
21
26
25
30
32
37
41
39
48
50
52
57
56
59
54
48
38
25
17
14
6
-1
-2
-5
-3
-8
-12
-9
-15
-8
-7
-1
8
8
14
9
11
15
15
15
10
11
3
-5
-12
-21
-27
-35
-41
-44
-50
-52
-59
-63
-63
-66
-69
-70
-70
-66
-66
-68
-68
-74
-70
-69
-67
-60
-57
-48
-43
-37
-35
-31
-22
-17
-7
-4
7
18
29
41
47
59
70
79
88
95
96
100
101
106
112
113
114
108
103
97
94
91
92
93
94
93
85
88
84
76
72
60
54
41
26
11
-6
-14
-32
-48
-69
-84
-94
-109
-110
-126
-130
-136
-143
-141
-145
-129
-123
-111
-114
-111
-99
-100
-81
-86
-76
-67
-63
-48
-54
-37
-40
-32
-20
-18
3
-6
4
3
-5
4
-3
9
9
19
29
32
41
43
57
59
70
75
75
87
93
102
99
106
104
101
106
99
105
102
98
92
82
78
65
67
61
48
48
40
40
29
18
11
1
-3
-15
-23
-41
-51
-58
-66
-72
-87
-89
-96
-108
-108
-111
-115
-122
-123
-123
-122
-112
-108
-104
-99
-92
-79
-72
-60
-51
-44
-30
-19
-6
9
12
10
17
19
26
34
42
53
61
68
73
81
88
90
94
98
93
90
90
87
83
82
78
79
71
60
54
45
42
35
30
26
19
9
1
-6
-12
-17
-23
-33
-38
-42
-43
-46
-49
-47
-46
-40
-40
-42
-41
-42
-40
-40
-42
-41
-39
-36
-33
-24
-14
-9
-8
-5
-7
-9
-9
-16
-14
-13
-13
-11
-8
-13
-23
-33
-41
-42
-45
-48
-52
-56
-56
-51
-45
-41
-33
-28
-20
-2
11
22
36
50
61
76
88
98
109
111
119
117
113
118
112
108
99
89
80
68
54
47
40
31
25
16
12
6
3
-1
-4
-3
-8
-10
-15
-22
-28
-40
-46
-56
-68
-80
-95
-104
-111
-124
-132
-139
-143
-141
-145
-145
-140
-138
-132
-130
-127
-114
-97
-81
-62
-43
-25
-7
11
28
48
64
75
90
100
110
122
126
133
142
143
150
154
149
150
145
134
130
123
113
106
99
91
81
70
58
48
41
37
34
24
13
4
-9
-13
-20
-28
-35
-44
-52
-56
-59
-68
-75
-80
-88
-88
-90
-94
-96
-104
-107
-108
-107
-108
-111
-111
-111
-108
-100
-90
-82
-73
-61
-54
-44
-32
-32
-18
-5
12
21
24
32
34
46
53
59
70
74
77
73
74
76
82
84
84
84
79
78
71
62
61
49
42
35
24
18
14
6
1
-3
-4
-4
-4
-6
-7
-7
-5
-3
-3
1
3
5
5
3
0
-4
-5
-1
-1
2
4
5
7
6
8
8
7
7
9
10
10
8
9
11
1
-6
-14
-24
-28
-35
-44
-51
-61
-68
-74
-77
-80
-88
-98
-103
-109
-116
-114
-118
-118
-112
-109
-104
-99
-89
-78
-71
-58
-42
-31
-19
-2
15
28
44
56
68
84
96
109
122
132
142
143
147
156
159
166
168
164
161
156
147
145
136
120
105
90
76
66
53
42
28
15
4
-7
-18
-31
-42
-52
-61
-69
-73
-82
-86
-90
-96
-96
-100
-102
-102
-102
-103
-100
-96
-96
-89
-83
-79
-70
-64
-55
-47
-38
-36
-34
-29
-30
-28
-32
-31
-25
-23
-14
-3
6
15
29
34
45
56
63
77
83
88
90
93
94
94
91
87
81
69
63
52
41
34
23
17
4
-7
-13
-24
-34
-41
-46
-48
-49
-51
-51
-48
-42
-39
-34
-25
-14
-7
-4
3
12
16
21
21
18
17
13
12
7
1
-4
-8
-16
-27
-33
-41
-42
-43
-47
-45
-47
-53
-55
-51
-44
-38
-33
-25
-17
-4
5
10
17
28
40
46
51
49
48
50
47
50
51
48
51
47
40
37
25
19
13
5
4
0
1
4
5
4
-1
3
8
9
8
5
2
4
10
15
24
27
24
22
20
15
8
2
-1
-3
-5
-9
-20
-23
-26
-30
-33
-38
-35
-42
-47
-47
-51
-50
-55
-61
-65
-66
-64
-65
-62
-59
-63
-55
-53
-54
-53
-47
-38
-27
-20
-15
-8
-2
6
19
28
36
41
45
53
55
63
70
77
86
87
87
86
81
82
81
75
69
60
56
51
45
33
27
23
19
21
15
18
17
16
14
11
12
7
8
2
-7
-12
-19
-17
-20
-26
-26
-33
-33
-38
-42
-41
-44
-40
-39
-39
-44
-47
-43
-42
-40
-40
-45
-51
-56
-60
-57
-49
-46
-40
-38
-32
-26
-24
-14
-11
2
8
15
25
25
29
29
19
17
17
15
19
21
24
21
17
21
21
23
22
22
23
16
13
9
8
13
4
2
-4
-14
-15
-20
-19
-12
-16
-12
-10
-6
0
3
16
23
26
25
20
18
11
8
4
-3
-2
-4
-6
-3
-5
-1
8
9
18
24
21
17
8
4
-3
-11
-15
-18
-18
-29
-33
-32
-31
-20
-11
0
10
11
20
24
23
24
22
24
26
24
21
16
12
14
14
11
10
6
3
5
5
3
-1
-5
-5
-4
-7
-7
-10
-15
-18
-25
-27
-27
-32
-35
-45
-45
-42
-42
-39
-43
-47
-54
-60
-66
-68
-63
-60
-55
-53
-51
-48
-48
-44
-42
-39
-32
-25
-15
-5
9
20
31
43
55
66
73
79
88
94
98
100
98
100
97
94
89
83
84
74
65
61
54
47
48
47
48
49
48
49
43
45
41
36
36
36
40
38
32
25
11
3
-7
-13
-19
-39
-46
-58
-70
-73
-94
-101
-108
-116
-112
-122
-121
-124
-131
-126
-130
-122
-118
-115
-101
-97
-89
-85
-82
-70
-64
-58
-52
-47
-40
-36
-29
-18
-14
-3
10
15
28
35
42
48
51
61
68
77
88
93
104
103
107
118
118
125
122
122
122
117
120
114
116
112
107
103
94
89
83
78
71
62
48
32
18
10
1
-14
-23
-40
-53
-63
-83
-83
-89
-102
-102
-115
-114
-113
-121
-110
-118
-109
-96
-103
-92
-102
-96
-78
-84
-67
-70
-66
-48
-59
-41
-41
-43
-28
-37
-18
-15
-18
-1
-9
11
18
22
45
35
50
48
47
59
46
62
59
64
77
67
91
91
91
90
72
82
78
79
79
88
115
132
137
148
154
143
129
113
118
122
119
118
110
96
67
40
18
-10
-42
-87
-112
-117
-128
-123
-124
-145
-163
-207
-251
-275
-281
-272
-280
-286
-288
-276
-262
-265
-242
-203
-164
-129
-115
-98
-86
-95
-76
-67
-58
-53
-57
-8
45
70
28
-26
-18
10
44
44
25
-3
-22
37
255
565
760
857
896
830
470
-224
-855
-1061
-568
421
1433
1786
988
-609
-2179
-2733
-2095
-753
495
995
745
-36
-849
-1395
-1510
-1328
-889
64
1357
2433
2469
1502
24
-1161
-1298
-300
1570
3090
3472
2519
917
-345
-1009
-684
203
1141
1480
1061
382
-356
-661
-662
-424
-174
-281
-538
-807
-683
-398
-289
-322
-610
-895
-1103
-1030
-638
-381
-301
-361
-293
-33
24
-67
-298
-483
-528
-478
-4
493
698
558
192
-37
-393
-580
-519
-333
-17
17
86
56
-214
-623
-1115
-1086
-758
-277
225
391
252
-327
-855
-909
-570
11
404
517
324
-210
-597
-624
-304
72
140
121
-70
-216
-161
70
455
499
483
364
379
661
782
1082
1110
1079
1130
1120
1423
1461
1469
1333
1044
1007
909
1129
1218
1212
1096
677
564
295
322
341
210
317
-11
-109
-252
-310
-258
-425
-354
-563
-464
-591
-910
-948
-1265
-1206
-1192
-1011
-855
-953
-804
-847
-897
-528
360
1117
1518
800
-36
123
-92
-329
-839
-579
313
486
492
-30
-329
-1196
-2715
-3981
-4417
-3692
-3462
-3133
-3547
-4516
-4685
-5307
-5141
-4785
-4461
-3463
-2943
-1997
-959
24
1259
1951
2669
3660
4717
5541
6291
6872
7073
7439
7532
7711
8023
7825
7456
6627
5890
5419
4846
4885
4611
3791
2805
1055
-515
-1791
-2826
-3433
-3938
-4134
-4617
-4942
-5201
-5655
-5891
-6321
-6650
-7020
-6810
-6264
-5641
-4512
-4026
-3397
-2574
-1825
-806
-163
562
1185
1968
3019
3451
3869
4298
4375
4479
4337
3923
3674
3328
2694
2065
1483
986
294
-442
-840
-1319
-1522
-1839
-2432
-2587
-2778
-2837
-3214
-3246
-2780
-2510
-1520
-1289
-224
1392
1845
2456
1424
1446
1792
1408
1951
1379
2345
2827
2541
2395
1515
1765
566
-575
-1954
-2895
-2628
-3610
-3899
-4958
-5510
-5565
-6027
-5533
-5530
-5002
-4794
-4554
-3657
-2749
-1320
-296
848
1918
3147
4532
5378
6284
6726
7146
7527
7719
8139
8376
8373
8004
7558
7014
6623
5970
4994
4008
2673
2129
971
-209
-865
-2513
-3244
-4410
-5812
-6565
-7334
-7211
-7453
-7058
-6477
-6543
-6171
-6429
-6717
-6481
-5764
-5198
-4463
-3053
-2283
-1169
92
954
2066
3032
3521
3533
3906
4406
4603
4876
5169
4980
4838
4734
3771
3102
2475
1465
485
-467
-1005
-1336
-1145
-1028
-1274
-1253
-1093
-1213
-1470
-1450
-972
85
659
737
357
257
565
233
317
582
1397
1994
2028
1860
1260
1112
7
-1399
-2936
-3967
-4352
-5323
-5634
-6383
-6671
-6435
-6640
-6386
-6133
-5660
-5393
-5213
-4574
-3780
-2573
-998
690
2454
4275
5720
6475
7263
7818
8250
8887
9246
9673
9733
9494
9102
8457
8128
7767
7011
6256
5181
4133
3111
1522
139
-1687
-2980
-3986
-5348
-5947
-6689
-6752
-7008
-7318
-7445
-7933
-7558
-7699
-7551
-6998
-6349
-5530
-5184
-4371
-3689
-2475
-1026
-187
829
1965
2961
3668
4363
4717
4797
4862
4705
4565
4629
4546
4063
3047
2194
1576
691
292
-543
-1282
-1558
-1940
-1791
-1584
-871
-430
329
938
811
939
201
432
263
-128
67
-447
558
1384
2316
3015
2747
2451
1199
-22
-1779
-2913
-4197
-5906
-6864
-8165
-7964
-7619
-7217
-6518
-6635
-6203
-6045
-5605
-4964
-4712
-4023
-3117
-1868
-343
1655
3706
5635
7374
8412
9429
10048
10485
10735
10457
10428
10067
9841
9871
9683
9582
9120
8514
7828
6481
4803
2806
410
-1427
-3451
-5266
-6239
-7040
-7272
-7758
-7912
-8145
-8516
-8635
-9526
-9937
-10205
-10224
-10266
-10021
-8988
-7986
-5880
-4029
-2545
-719
825
2249
3195
3972
4345
4446
4919
5108
5086
5630
5992
5812
5520
5068
4625
4368
3867
2747
1731
1238
1189
1122
1313
2133
2642
2990
2721
1823
1418
941
104
-1095
-1869
-1566
-1061
-285
291
752
1150
944
-103
-1885
-2910
-4368
-6241
-7976
-9727
-10224
-10289
-9700
-8888
-7882
-6301
-5297
-4660
-4073
-3524
-3214
-2652
-2102
-1422
51
1583
3218
4937
6807
8697
9994
10980
11587
11730
11716
11147
10033
9121
8440
7922
7953
7739
7446
7125
5852
4680
3207
1463
-225
-2393
-4199
-5809
-6849
-7533
-8271
-8414
-8428
-8538
-8274
-7871
-8042
-8164
-8403
-8979
-8742
-7804
-6657
-5530
-4138
-2609
-1110
781
2348
3223
3994
4625
4669
4745
4747
4186
3709
3050
2413
1934
1705
1988
1780
1722
2180
2443
3190
4164
4455
4180
3663
2974
2285
1367
426
-260
-918
-502
64
686
2004
2331
2703
2823
2093
1175
-319
-2158
-4620
-7044
-8941
-10204
-10949
-10939
-10341
-9704
-8226
-6771
-5498
-4278
-3776
-3467
-3248
-3113
-2727
-2249
-1429
-193
999
2944
5251
7088
8978
10473
11272
11992
12273
12054
11445
10367
9789
8521
7429
7017
5731
5400
4816
3724
2925
1817
856
-911
-2164
-3422
-5166
-5954
-7014
-8074
-8789
-8853
-9228
-9679
-9053
-9178
-8725
-7602
-6729
-5430
-4019
-2489
-1504
-256
1140
1735
2506
3365
3760
4079
4561
4388
3918
3788
3263
2593
1870
1229
666
-9
102
218
838
2203
2636
2856
2665
2188
1609
515
-529
-1762
-2454
-2488
-2324
-1794
-836
135
900
1580
1606
1633
1270
-149
-1991
-4413
-6420
-7929
-9335
-10001
-10204
-9544
-8061
-6510
-4607
-2635
-876
789
1844
2430
2938
2970
2674
2322
2322
3032
3982
5195
6364
7793
9483
11104
12363
13182
14048
13283
12305
10843
8358
6920
4553
2211
-132
-1861
-2409
-3530
-3277
-3463
-3948
-3636
-4192
-5084
-6108
-6934
-8705
-10645
-11876
-13278
-13759
-13135
-12216
-10897
-8345
-5557
-3134
-395
2341
4261
5693
7050
7036
6713
6487
5484
4607
3873
3449
2838
2202
2248
1959
2125
2878
3013
3381
3600
3295
2817
2005
1491
430
-1225
-2675
-4301
-5226
-5215
-4745
-4078
-3314
-2244
-1279
-337
468
1166
1329
432
-889
-3020
-4970
-6381
-8054
-9195
-9753
-9463
-8361
-6715
-4475
-2351
-273
1936
3426
4393
5323
5434
4982
4331
3382
2918
2779
2932
3496
4403
6081
7575
9401
11117
11806
12713
12562
11867
10882
9201
7331
4717
2731
684
-934
-1480
-2560
-3171
-3290
-3396
-3559
-3557
-3707
-4969
-5997
-6994
-8855
-10115
-10983
-12199
-12808
-12468
-11317
-9641
-7040
-3984
-1688
1155
4143
5932
7520
8309
7907
7180
6002
4834
3395
2179
1472
438
261
674
1492
2695
3614
4281
4300
4293
3731
2260
246
-2084
-4070
-6031
-7455
-8194
-8561
-8289
-7571
-6630
-5613
-4257
-2799
-1948
-1498
-1357
-1677
-2090
-2919
-4195
-5312
-6162
-6366
-6216
-5558
-4077
-2541
-257
2455
4901
7254
8994
10313
10752
10663
10397
9384
8146
6725
5362
4157
3533
3904
4064
4774
6105
6789
7844
8598
8487
7769
6562
5356
3190
1359
-206
-2539
-4068
-4977
-5774
-6243
-5781
-5366
-5573
-4935
-4440
-4747
-4770
-5030
-6023
-6753
-6907
-6865
-6790
-5978
-4839
-4167
-2330
-147
1339
3137
4547
5310
5495
5629
5377
3962
2894
1843
559
-325
-248
324
226
803
913
852
1445
1253
603
-862
-1875
-2888
-4261
-4601
-5402
-6300
-6641
-6742
-6875
-6722
-5869
-5596
-5744
-5696
-5387
-5089
-4860
-4500
-4683
-4697
-4056
-3482
-2795
-1722
-737
307
1807
3595
5449
7156
8878
10326
11157
12095
12906
12657
12405
11873
10817
10196
9192
8445
7602
6575
6237
5523
5092
4691
3795
3142
2244
1397
368
-1102
-2464
-3945
-5303
-6470
-7214
-8068
-8928
-9269
-9866
-9804
-9333
-8793
-8078
-7670
-6667
-5708
-4589
-2989
-1881
-658
710
1994
3057
3996
5005
5443
5595
5753
5589
5128
4940
4507
3709
3816
3825
3612
3553
3092
2791
2192
1510
608
-891
-2118
-3330
-4672
-5747
-6680
-7792
-8615
-9333
-9931
-9911
-9969
-9744
-9637
-9795
-9106
-8560
-8104
-7436
-7480
-7276
-7005
-6616
-5532
-4619
-3081
-1257
531
3006
5568
8008
10354
12199
13501
14637
15231
15543
15679
15148
14659
14073
13097
12462
11821
10999
10359
9465
8510
7431
6035
4741
3036
1090
-436
-2365
-4186
-5517
-7114
-8308
-9165
-9836
-10414
-10926
-11166
-11553
-11710
-11420
-10985
-10514
-9604
-8466
-7316
-5546
-3587
-1662
329
2271
4037
5424
6892
7908
8146
8363
8148
7514
7251
6924
6391
6065
5577
5330
4992
4492
4298
3441
2710
1957
713
-430
-1911
-3601
-5530
-7444
-9403
-11112
-12459
-13594
-13978
-14305
-14093
-13305
-12548
-11389
-10307
-9362
-8370
-7615
-6892
-6243
-5840
-5039
-4134
-3240
-1791
-240
1636
3885
6121
8447
10725
12807
14815
16166
17051
18103
17990
17669
17270
15723
14627
13318
11773
10417
8876
7983
6892
5863
5466
4510
3404
2763
1350
-464
-1786
-3763
-5983
-8025
-10093
-11903
-13576
-14539
-15302
-15943
-15430
-14382
-13251
-11437
-9345
-7639
-5529
-3425
-1890
-525
498
1338
1819
2420
3205
3814
4661
5566
6600
7630
8871
9877
10212
10346
10021
9539
8745
7690
6316
4604
2846
973
-603
-2515
-4038
-5312
-7018
-8103
-9273
-10434
-11240
-12104
-12884
-13557
-14096
-14119
-13860
-13667
-12549
-11505
-10279
-8098
-6533
-4677
-2778
-1252
588
1972
3462
5069
6129
7479
8850
9596
10971
12285
13113
14282
14910
15566
15954
15849
15786
14844
13768
12659
10772
8806
6917
4806
3049
1603
294
-659
-1641
-2357
-3090
-4020
-4545
-5254
-6268
-7123
-8167
-9291
-10040
-10717
-11200
-11166
-10711
-9775
-8564
-7254
-5644
-4225
-2888
-1272
-349
571
1636
1842
2421
2935
3181
3896
4005
4263
4419
4312
4832
4839
4791
4848
4467
3898
3414
2473
1069
141
-1474
-2704
-3784
-5429
-6012
-7230
-8061
-8375
-9268
-9140
-9139
-9121
-8685
-8352
-7588
-6668
-5770
-4953
-4005
-3045
-1912
-574
406
1748
3074
3969
5252
5979
6783
8121
8458
9182
9831
9912
10527
10546
10432
10115
9742
9798
9235
8693
8378
7446
6398
5602
4106
2427
1100
-522
-2295
-3815
-4732
-5802
-6633
-6800
-7213
-7314
-6821
-6352
-6170
-5661
-4912
-4503
-3976
-3346
-2931
-2762
-2336
-1737
-1664
-949
198
751
1758
2784
3479
4073
4374
4489
3974
3473
2942
2057
1113
327
-361
-1554
-2073
-2689
-3704
-3979
-4627
-5161
-5592
-6222
-6514
-7160
-7701
-7870
-8457
-8656
-8310
-8170
-7488
-6514
-5467
-4068
-2686
-1060
478
1779
3272
4578
5452
6520
7294
7697
8218
8341
8548
8575
8607
8857
8835
8988
9170
9176
8958
8811
8387
7683
7078
6104
5037
3875
2691
1650
441
-679
-1721
-2983
-3980
-4750
-5565
-6250
-6830
-7217
-7603
-7623
-7304
-7092
-6638
-5985
-5398
-4631
-3678
-2828
-1985
-1490
-638
101
621
1804
2189
2703
3345
3650
4181
4413
4616
4474
4289
3991
3705
3226
2479
1780
474
-476
-1574
-2785
-3764
-5115
-6294
-7389
-8320
-9121
-9708
-10354
-10710
-10821
-10776
-10051
-9594
-8706
-7718
-6807
-5321
-4047
-2552
-1145
152
1643
3080
4576
6099
7473
8694
9953
11007
12097
12935
13466
13888
13817
13797
13650
13131
12569
11693
10728
9791
8694
7686
6433
4959
3670
2227
730
-482
-1965
-3574
-4924
-6497
-7695
-8805
-9910
-10613
-11386
-11585
-11431
-11042
-10331
-9521
-8633
-7609
-6369
-5248
-4095
-3000
-2023
-1106
57
1056
1968
3028
3648
4401
4977
5410
5744
5744
5643
5285
4902
4293
3793
2884
1891
1159
-252
-1117
-2093
-3503
-4443
-5670
-6886
-7800
-8790
-9657
-10295
-10949
-11117
-11162
-11046
-10262
-9737
-8727
-7349
-6164
-4511
-2846
-1276
414
2086
3662
5200
6540
7864
8935
9736
10808
11336
11718
12405
12560
12633
12969
12947
12853
12771
12505
12172
11433
10836
10048
8702
7613
6359
4640
3203
1768
8
-1393
-2866
-4089
-5256
-6467
-7010
-7862
-8407
-8573
-8766
-8861
-8737
-8225
-8181
-7588
-6998
-6750
-5862
-5575
-4701
-3875
-3597
-2281
-1853
-1345
-252
-40
481
828
955
1086
1029
1115
881
707
272
3
-397
-1154
-1280
-2149
-2901
-3269
-4178
-4743
-5235
-5914
-6376
-6789
-7133
-7012
-7190
-6866
-6219
-5960
-4918
-3934
-2992
-1759
-616
585
1820
2898
4050
5092
5659
6580
7199
7451
8006
8225
8327
8646
8767
8941
9122
8979
9234
9173
8980
9152
8718
8310
7882
7201
6533
5662
4785
3757
2632
1650
741
-193
-1171
-1828
-2486
-3074
-3042
-3216
-3235
-3057
-3045
-2603
-2575
-2395
-2176
-2542
-2350
-2269
-2150
-1957
-1988
-1824
-2003
-1853
-1818
-2020
-2153
-2697
-2908
-3326
-3571
-3715
-4321
-4778
-5428
-5856
-6250
-6555
-6875
-7457
-7764
-8109
-8232
-8274
-8461
-8600
-8704
-8582
-8097
-7525
-6881
-6021
-5196
-4003
-2621
-1184
349
1642
3014
4437
5708
6960
8057
8723
9288
9673
10026
10357
10211
10190
9840
9215
8998
8540
8011
7497
6892
6424
5945
5595
5392
4887
4257
3888
3178
2482
2061
1215
414
-388
-1179
-1668
-2304
-2672
-2776
-3139
-2988
-2454
-2229
-1557
-877
-318
424
928
1677
2136
2422
2918
3142
3156
3192
3274
2887
2582
2298
1698
1131
466
-177
-1069
-1888
-2555
-3474
-4462
-5402
-6270
-7277
-8000
-8651
-9613
-10333
-10912
-11518
-11925
-12253
-12592
-12847
-13006
-12685
-12291
-11756
-10579
-9538
-8271
-6504
-4734
-2798
-893
957
2708
4180
5778
7263
8257
9096
9829
10223
10499
10844
10868
10736
10578
10379
10208
9775
9508
9222
8483
7937
7364
6436
5672
4879
3930
2962
1985
1276
364
-541
-1048
-1788
-2458
-2770
-3067
-3259
-3110
-2741
-2344
-1803
-1131
-269
553
1293
2343
2861
3427
4282
4542
5224
5408
5460
5679
5190
5096
4530
3819
3079
2017
1179
-22
-843
-1849
-2940
-3910
-5168
-5910
-7013
-7921
-8555
-9648
-10308
-10878
-11440
-11871
-12308
-12643
-12922
-13042
-12840
-12459
-12056
-11136
-10027
-8772
-7149
-5446
-3581
-1786
55
1789
3387
4865
6126
7232
7913
8555
9044
9375
9439
9273
9248
8855
8585
8354
7790
7182
6660
6223
5486
4821
4257
3481
2718
2172
1511
682
226
-292
-1056
-1669
-2044
-2505
-2978
-3118
-3369
-3483
-3130
-2552
-1974
-1215
-77
1095
2374
3691
4927
5917
6900
8073
8453
8692
9078
8870
8754
8263
7421
6692
5626
4740
3674
2208
1098
38
-1310
-2544
-3767
-5199
-6243
-7353
-8669
-9766
-11015
-11824
-12488
-13462
-14048
-14496
-14763
-14572
-14384
-14009
-13154
-12079
-10746
-9237
-7746
-5948
-3923
-2119
-290
1468
3133
4921
6332
7557
8535
9187
9950
10306
10192
10029
9804
9374
8835
8270
7447
6682
6122
5465
4663
3827
3127
2339
1490
739
-173
-1138
-1901
-2684
-3595
-4276
-4750
-5270
-5707
-5887
-5889
-5576
-4894
-4180
-3401
-2409
-969
568
2021
3487
4572
5752
6924
8043
8923
9255
9663
9743
9718
9670
9396
9105
8372
7556
6650
5682
4795
3679
2375
758
-670
-1986
-3344
-4526
-5902
-7228
-8527
-9653
-10513
-11485
-12336
-13093
-13758
-14150
-14151
-13979
-13670
-12974
-12138
-10939
-9436
-7779
-5928
-4197
-2310
-443
1269
3077
4605
5773
6726
7509
8084
8611
8812
8592
8468
8122
7815
7545
6912
6417
5848
5293
4816
4149
3554
2887
2126
1356
519
-372
-1219
-2056
-3103
-4012
-4680
-5425
-5956
-6291
-6607
-6521
-6157
-5590
-4841
-4045
-2790
-1493
-255
1296
2597
3854
5150
6380
7364
8041
8869
9255
9507
9619
9429
9264
8656
8230
7543
6531
5809
4889
3881
2723
1657
459
-678
-1661
-2945
-4074
-5411
-6474
-7349
-8559
-9354
-10142
-10852
-11160
-11373
-11471
-11320
-10895
-10212
-9316
-8401
-7180
-5858
-4658
-3213
-1821
-558
844
2140
3213
4122
4834
5575
6008
6150
6409
6309
6134
6023
5634
5150
4583
4164
3798
3280
2835
2375
1752
1214
811
112
-621
-1206
-2021
-2780
-3506
-4279
-4886
-5506
-5861
-5886
-5807
-5299
-4514
-3869
-3024
-1803
-596
735
2087
3053
4090
4993
5798
6617
6883
7302
7622
7603
7813
7707
7447
7112
6588
6041
5390
4830
4169
3341
2370
1342
401
-501
-1317
-2244
-3219
-4135
-4885
-5540
-6199
-6805
-7528
-8024
-8284
-8519
-8526
-8483
-8340
-7853
-7231
-6400
-5261
-4221
-3024
-1714
-591
754
1973
2973
3923
4425
4804
5193
5209
5164
4942
4380
4043
3683
3223
2878
2300
1813
1504
1086
779
423
-107
-453
-863
-1444
-1875
-2515
-3152
-3617
-4248
-4678
-5040
-5360
-5352
-5307
-5067
-4518
-3840
-2957
-1934
-889
221
1421
2611
3677
4570
5401
6136
6816
7400
7684
7903
7979
7913
7826
7413
6875
6261
5460
4687
3845
2906
2033
1128
147
-697
-1530
-2286
-2898
-3660
-4395
-5031
-5640
-6062
-6485
-7018
-7428
-7690
-7806
-7682
-7504
-7216
-6625
-5839
-4797
-3568
-2329
-966
408
1728
2987
4035
4947
5653
6067
6223
6136
5917
5571
5097
4480
3774
3117
2480
1855
1175
462
-122
-663
-1177
-1717
-2352
-2916
-3402
-3851
-4266
-4706
-5067
-5325
-5544
-5706
-5834
-5896
-5810
-5582
-5233
-4707
-4008
-3138
-2105
-996
215
1548
2900
4249
5468
6461
7405
8196
8825
9284
9368
9308
9161
8815
8339
7649
6812
5994
5182
4334
3488
2640
1794
1068
310
-472
-1148
-1946
-2693
-3454
-4405
-5236
-6085
-6877
-7506
-8173
-8634
-8842
-8851
-8605
-8184
-7580
-6736
-5642
-4425
-3126
-1796
-534
780
2033
3123
4088
4821
5422
5851
6038
6063
5899
5629
5248
4766
4246
3638
3091
2517
1847
1199
438
-249
-880
-1615
-2268
-2977
-3597
-4055
-4574
-4970
-5339
-5691
-5930
-6168
-6321
-6405
-6390
-6258
-6003
-5580
-5012
-4182
-3190
-2083
-834
384
1691
3031
4180
5317
6219
6910
7583
7951
8307
8494
8408
8334
8058
7750
7340
6829
6300
5679
5086
4364
3744
3092
2353
1720
866
132
-615
-1470
-2119
-2951
-3759
-4522
-5278
-5788
-6271
-6687
-7035
-7203
-7157
-6904
-6381
-5877
-5157
-4301
-3357
-2110
-1028
70
1128
1956
2858
3539
4061
4433
4488
4388
4194
3912
3528
3077
2455
1799
1228
632
152
-400
-1039
-1562
-2064
-2427
-2698
-3045
-3378
-3655
-3910
-4073
-4234
-4495
-4739
-5057
-5287
-5334
-5408
-5310
-5166
-4866
-4255
-3529
-2483
-1396
-305
893
2007
3257
4322
5182
5891
6242
6650
6843
6962
7090
6780
6578
6296
6074
6008
5616
5373
5007
4619
4377
3992
3768
3251
2632
2070
1383
897
105
-644
-1343
-2278
-2918
-3666
-4218
-4640
-5253
-5556
-5784
-5781
-5598
-5360
-4878
-4360
-3674
-2889
-1984
-1016
-201
642
1399
2043
2565
2866
3065
3132
2926
2610
2243
1753
1311
759
281
-75
-560
-850
-1131
-1328
-1475
-1749
-1815
-2013
-2191
-2394
-2714
-2825
-3166
-3463
-3760
-4122
-4255
-4562
-4729
-4806
-4875
-4704
-4472
-4039
-3497
-2887
-2117
-1223
-297
603
1517
2383
3216
3907
4439
4874
5209
5413
5507
5524
5456
5527
5461
5356
5381
5334
5447
5420
5388
5421
5354
5296
5057
4860
4458
3958
3368
2553
1898
857
-148
-1027
-2015
-2779
-3715
-4320
-4706
-5093
-5331
-5517
-5329
-5166
-4877
-4533
-4183
-3592
-3207
-2675
-2222
-1901
-1528
-1314
-931
-728
-647
-501
-399
-206
-255
-259
-184
-204
-152
-208
-107
14
108
250
271
383
363
393
375
173
20
-311
-450
-680
-1086
-1401
-1853
-2065
-2383
-2650
-2734
-2964
-2906
-2889
-2707
-2421
-2265
-1836
-1501
-1062
-588
-157
437
887
1334
1679
2076
2473
2741
3084
3225
3524
3860
4212
4764
5074
5512
5959
6391
6831
7037
7224
7187
7145
6905
6503
6117
5365
4668
3744
2782
1915
786
-118
-1174
-2117
-2953
-3808
-4350
-5062
-5612
-6168
-6586
-6803
-7165
-7280
-7500
-7493
-7441
-7359
-7011
-6854
-6450
-6155
-5705
-5110
-4665
-3958
-3443
-2733
-2061
-1421
-616
-50
686
1223
1826
2463
2920
3511
3824
4204
4443
4552
4708
4589
4540
4278
4017
3776
3360
3026
2453
1903
1328
687
147
-558
-1196
-1856
-2446
-2876
-3312
-3582
-3826
-3925
-3830
-3615
-3195
-2742
-2205
-1592
-909
-110
697
1479
2169
2811
3465
4123
4811
5481
6081
6673
7242
7783
8247
8494
8570
8407
8105
7727
7221
6657
5922
5106
4196
3211
2182
995
-230
-1522
-2768
-3923
-5031
-6031
-7053
-8016
-8961
-9865
-10621
-11332
-11847
-12213
-12396
-12311
-12101
-11664
-11141
-10517
-9715
-8828
-7708
-6499
-5174
-3759
-2398
-973
301
1533
2644
3591
4533
5300
6112
6796
7402
7976
8339
8726
8892
9003
8995
8790
8584
8138
7724
7116
6385
5587
4537
3550
2352
1196
20
-1208
-2258
-3354
-4172
-4923
-5496
-5855
-6103
-6017
-5853
-5399
-4828
-4119
-3242
-2381
-1335
-385
614
1547
2381
3207
3858
4532
5068
5607
6082
6521
7012
7341
7725
7974
8136
8205
8058
7869
7446
6874
6121
5174
4134
2876
1545
70
-1459
-2981
-4575
-6033
-7500
-8881
-10154
-11393
-12405
-13360
-14146
-14765
-15206
-15378
-15454
-15223
-14815
-14192
-13294
-12284
-10966
-9554
-7966
-6238
-4472
-2597
-842
943
2597
4172
5648
6896
8130
9146
10105
10920
11571
12165
12548
12897
13031
13038
12906
12545
12130
11451
10674
9717
8596
7449
6103
4777
3338
1894
513
-917
-2171
-3436
-4506
-5409
-6205
-6700
-7126
-7242
-7193
-6984
-6501
-6002
-5230
-4409
-3502
-2464
-1534
-493
424
1310
2164
2832
3525
4048
4519
4916
5159
5415
5569
5703
5788
5765
5689
5502
5224
4792
4190
3431
2507
1473
302
-977
-2294
-3645
-4999
-6309
-7541
-8643
-9593
-10447
-11137
-11703
-12144
-12377
-12567
-12622
-12556
-12420
-12070
-11615
-11023
-10273
-9408
-8339
-7124
-5771
-4276
-2724
-1080
578
2250
3927
5469
6962
8247
9386
10427
11185
11841
12197
12369
12476
12341
12220
11901
11494
11103
10570
10110
9500
8840
8154
7333
6546
5599
4643
3638
2540
1490
339
-738
-1782
-2779
-3646
-4483
-5160
-5709
-6111
-6338
-6451
-6390
-6182
-5824
-5311
-4665
-3919
-3104
-2237
-1377
-525
266
973
1579
2025
2345
2516
2555
2475
2251
1936
1527
1063
601
119
-337
-743
-1133
-1510
-1892
-2255
-2631
-3039
-3480
-3987
-4497
-5005
-5496
-5972
-6451
-6859
-7163
-7351
-7438
-7452
-7340
-7116
-6785
-6412
-6044
-5621
-5155
-4648
-4145
-3657
-3110
-2485
-1763
-987
-160
745
1735
2822
3877
4892
5863
6773
7634
8358
8947
9414
9789
10070
10238
10302
10266
10190
10053
9855
9593
9258
8920
8551
8126
7637
7084
6499
5880
5215
4464
3650
2797
1931
1051
122
-838
-1804
-2727
-3597
-4443
-5222
-5915
-6487
-6921
-7241
-7423
-7489
-7416
-7222
-6936
-6548
-6113
-5620
-5134
-4663
-4225
-3856
-3508
-3259
-3062
-2950
-2901
-2849
-2871
-2872
-2920
-2950
-2925
-2876
-2741
-2610
-2410
-2186
-1910
-1590
-1315
-1032
-845
-675
-562
-520
-487
-531
-567
-628
-625
-557
-435
-216
-22
262
548
867
1226
1473
1705
1789
1822
1812
1707
1585
1337
1122
907
766
750
780
957
1191
1592
2121
2739
3453
4133
4862
5543
6201
6796
7246
7618
7805
7899
7887
7777
7608
7306
6974
6581
6202
5821
5401
5001
4516
4032
3523
2952
2351
1633
844
-46
-1002
-2043
-3151
-4305
-5523
-6713
-7890
-8963
-9916
-10732
-11355
-11792
-12005
-12012
-11789
-11421
-10882
-10214
-9491
-8621
-7758
-6865
-5976
-5153
-4321
-3540
-2786
-2087
-1417
-820
-253
340
859
1406
1908
2339
2791
3190
3560
3922
4190
4388
4551
4634
4690
4725
4674
4582
4455
4295
4155
4012
3842
3678
3536
3391
3310
3266
3192
3185
3129
3056
3036
2932
2833
2672
2433
2153
1819
1484
1088
693
228
-214
-562
-897
-1092
-1247
-1339
-1309
-1198
-961
-639
-274
69
412
743
1037
1318
1477
1530
1494
1358
1202
1010
763
488
202
-75
-284
-436
-589
-712
-863
-1000
-1111
-1243
-1403
-1646
-1964
-2340
-2735
-3166
-3629
-4110
-4635
-5099
-5514
-5838
-6066
-6225
-6282
-6259
-6083
-5786
-5374
-4888
-4372
-3791
-3190
-2528
-1873
-1244
-655
-141
362
816
1272
1664
2018
2373
2686
3058
3418
3777
4125
4424
4708
4936
5141
5255
5300
5260
5122
4977
4773
4563
4355
4132
3960
3838
3795
3810
3864
3934
4031
4158
4251
4329
4323
4232
4076
3820
3493
3068
2560
1948
1267
538
-253
-1061
-1937
-2843
-3770
-4704
-5596
-6456
-7260
-8016
-8654
-9156
-9499
-9634
-9619
-9403
-9023
-8479
-7759
-6928
-6001
-5060
-4086
-3140
-2232
-1366
-609
90
678
1195
1642
2036
2429
2773
3139
3494
3869
4258
4608
4974
5259
5502
5676
5725
5699
5524
5241
4829
4297
3691
2966
2218
1411
596
-185
-960
-1636
-2276
-2804
-3230
-3597
-3776
-3928
-3946
-3848
-3717
-3429
-3175
-2802
-2401
-1980
-1439
-969
-364
189
776
1427
1998
2699
3272
3907
4516
5024
5585
5929
6286
6439
6461
6406
6084
5753
5178
4553
3836
2996
2215
1299
499
-323
-1073
-1694
-2323
-2759
-3183
-3498
-3754
-4006
-4170
-4395
-4553
-4749
-4915
-5058
-5231
-5331
-5477
-5554
-5651
-5718
-5726
-5734
-5640
-5558
-5383
-5216
-5019
-4788
-4583
-4275
-4017
-3650
-3244
-2791
-2222
-1671
-1000
-355
350
1090
1811
2590
3275
3992
4620
5183
5699
6081
6450
6680
6890
7013
7063
7111
7060
7054
6969
6905
6847
6745
6692
6553
6425
6199
5916
5583
5100
4589
3936
3217
2411
1516
616
-359
-1300
-2225
-3093
-3873
-4585
-5146
-5633
-5987
-6224
-6400
-6469
-6509
-6497
-6461
-6411
-6342
-6274
-6149
-6005
-5795
-5514
-5160
-4687
-4131
-3479
-2745
-1948
-1109
-264
569
1347
2073
2696
3198
3575
3810
3910
3874
3721
3450
3094
2676
2199
1705
1209
717
262
-163
-551
-881
-1186
-1451
-1667
-1846
-2013
-2147
-2232
-2300
-2323
-2334
-2297
-2194
-2065
-1878
-1636
-1314
-950
-538
-64
433
958
1464
1976
2486
2936
3341
3688
3995
4219
4354
4429
4456
4454
4378
4284
4191
4062
3916
3749
3608
3459
3292
3147
3009
2870
2693
2494
2269
1991
1647
1229
762
244
-334
-972
-1632
-2295
-2980
-3653
-4264
-4783
-5207
-5539
-5752
-5831
-5802
-5705
-5521
-5265
-4959
-4647
-4348
-4021
-3703
-3433
-3207
-2991
-2783
-2596
-2412
-2197
-1923
-1618
-1280
-891
-456
2
452
904
1363
1788
2139
2415
2622
2738
2737
2631
2466
2247
1985
1702
1436
1203
994
830
727
689
702
771
889
1036
1184
1324
1441
1526
1574
1586
1571
1535
1488
1440
1393
1378
1400
1455
1559
1718
1931
2167
2413
2678
2923
3134
3312
3446
3530
3560
3523
3418
3257
3031
2750
2425
2058
1638
1181
686
160
-395
-972
-1555
-2135
-2716
-3306
-3886
-4454
-5011
-5546
-6059
-6519
-6921
-7270
-7545
-7758
-7882
-7899
-7827
-7650
-7375
-7006
-6521
-5954
-5314
-4611
-3856
-3046
-2201
-1339
-459
426
1291
2131
2935
3693
4396
5019
5559
6004
6344
6585
6722
6754
6691
6545
6312
6014
5662
5258
4813
4336
3858
3375
2876
2392
1911
1439
983
533
104
-324
-722
-1086
-1436
-1739
-1989
-2192
-2330
-2391
-2391
-2331
-2200
-1998
-1739
-1427
-1060
-648
-199
285
775
1252
1723
2158
2561
2914
3188
3397
3520
3564
3526
3388
3159
2847
2462
2012
1508
957
384
-213
-817
-1422
-2025
-2617
-3201
-3758
-4271
-4766
-5229
-5644
-6013
-6298
-6519
-6688
-6768
-6768
-6652
-6424
-6130
-5727
-5239
-4659
-3982
-3267
-2498
-1688
-862
-31
766
1526
2236
2874
3426
3884
4253
4524
4705
4804
4820
4769
4667
4515
4334
4108
3865
3609
3323
3019
2677
2303
1910
1472
990
473
-79
-638
-1195
-1727
-2208
-2638
-2986
-3215
-3331
-3319
-3174
-2903
-2502
-1995
-1396
-727
-19
717
1439
2124
2750
3299
3762
4126
4400
4580
4672
4682
4627
4513
4361
4178
3957
3723
3471
3198
2914
2604
2264
1884
1452
966
435
-145
-776
-1446
-2141
-2842
-3516
-4140
-4702
-5179
-5567
-5839
-6002
-6062
-6023
-5917
-5749
-5538
-5305
-5055
-4816
-4588
-4370
-4169
-3954
-3722
-3473
-3181
-2848
-2449
-1993
-1478
-905
-306
316
940
1543
2114
2620
3056
3406
3677
3877
3982
4010
3967
3859
3710
3521
3317
3100
2868
2654
2454
2276
2113
1953
1815
1688
1571
1464
1364
1257
1138
1018
889
755
637
530
443
377
326
300
293
312
338
357
375
375
361
327
257
143
-5
-184
-380
-569
-769
-964
-1128
-1283
-1407
-1505
-1595
-1655
-1701
-1726
-1732
-1734
-1705
-1673
-1631
-1575
-1515
-1423
-1322
-1205
-1060
-902
-713
-511
-296
-60
159
401
639
859
1071
1235
1392
1510
1595
1644
1621
1590
1515
1407
1283
1116
945
738
527
299
55
-172
-417
-631
-845
-1055
-1240
-1443
-1624
-1811
-1992
-2138
-2274
-2359
-2421
-2448
-2431
-2381
-2274
-2131
-1930
-1674
-1388
-1045
-681
-299
82
437
790
1104
1389
1646
1862
2048
2176
2262
2316
2334
2342
2331
2306
2287
2255
2231
2204
2168
2128
2069
2006
1920
1814
1685
1520
1336
1113
869
609
325
45
-245
-517
-772
-1012
-1215
-1412
-1570
-1706
-1821
-1899
-1963
-1990
-1994
-1972
-1921
-1851
-1758
-1642
-1497
-1339
-1165
-988
-817
-645
-475
-315
-164
-20
120
262
409
558
713
853
989
1116
1213
1291
1331
1323
1274
1172
1023
837
624
384
129
-135
-396
-641
-862
-1050
-1215
-1351
-1448
-1518
-1563
-1586
-1587
-1586
-1578
-1563
-1547
-1516
-1479
-1420
-1334
-1227
-1082
-903
-692
-452
-191
98
398
704
1014
1308
1578
1819
2029
2198
2332
2428
2485
2515
2516
2493
2455
2397
2329
2248
2151
2040
1909
1753
1579
1380
1152
911
644
358
61
-247
-549
-849
-1127
-1369
-1577
-1740
-1858
-1930
-1947
-1906
-1824
-1692
-1527
-1335
-1120
-897
-665
-440
-227
-37
132
279
394
475
513
524
516
478
426
361
285
205
116
19
-81
-195
-324
-469
-639
-834
-1051
-1276
-1512
-1759
-2000
-2226
-2433
-2610
-2750
-2848
-2894
-2879
-2805
-2663
-2459
-2194
-1883
-1532
-1147
-742
-317
97
504
902
1277
1639
1970
2275
2553
2791
3003
3180
3332
3460
3557
3635
3683
3713
3723
3706
3655
3566
3440
3267
3044
2776
2459
2107
1716
1298
867
422
-18
-440
-843
-1213
-1548
-1842
-2088
-2283
-2424
-2519
-2572
-2584
-2561
-2507
-2423
-2322
-2207
-2084
-1962
-1833
-1699
-1564
-1435
-1300
-1160
-1014
-862
-705
-540
-375
-213
-56
100
243
368
477
564
631
675
689
682
649
595
520
423
320
207
86
-31
-138
-233
-315
-387
-444
-489
-527
-550
-566
-573
-579
-580
-574
-569
-556
-536
-513
-475
-428
-366
-301
-225
-133
-19
110
246
392
546
705
859
1015
1158
1286
1394
1473
1530
1569
1580
1574
1548
1501
1441
1369
1287
1205
1114
1015
909
794
670
536
399
256
109
-46
-199
-349
-485
-609
-720
-814
-888
-933
-959
-952
-917
-862
-794
-713
-620
-537
-462
-399
-354
-320
-300
-309
-329
-357
-393
-432
-480
-517
-556
-586
-597
-611
-617
-621
-630
-641
-662
-681
-703
-723
-741
-764
-777
-785
-786
-774
-748
-707
-656
-590
-502
-402
-292
-163
-34
102
242
381
523
660
793
919
1041
1164
1280
1383
1467
1542
1591
1625
1640
1634
1611
1556
1482
1383
1275
1159
1019
880
741
599
462
334
210
92
-8
-103
-181
-241
-286
-312
-334
-346
-349
-352
-346
-333
-328
-322
-313
-315
-316
-338
-367
-400
-448
-497
-569
-632
-698
-763
-822
-887
-941
-990
-1020
-1045
-1061
-1058
-1056
-1040
-1025
-1004
-976
-959
-941
-923
-898
-866
-832
-792
-744
-676
-599
-509
-392
-254
-98
76
259
460
652
845
1035
1197
1339
1446
1529
1581
1588
1568
1516
1442
1341
1229
1116
997
888
779
669
576
480
392
298
207
129
34
-67
-170
-273
-393
-532
-653
-777
-884
-958
-1011
-1009
-970
-880
-761
-618
-423
-231
-13
213
409
605
759
893
995
1054
1101
1105
1090
1041
978
910
818
741
644
543
448
333
220
92
-39
-180
-354
-528
-718
-920
-1128
-1345
-1549
-1750
-1927
-2077
-2206
-2289
-2341
-2348
-2304
-2217
-2067
-1883
-1652
-1385
-1099
-784
-468
-138
179
489
789
1060
1310
1526
1718
1873
2001
2103
2172
2225
2251
2254
2238
2203
2145
2065
1961
1845
1706
1550
1388
1204
1011
811
598
387
174
-31
-225
-401
-566
-716
-855
-979
-1082
-1168
-1240
-1305
-1365
-1412
-1446
-1477
-1508
-1527
-1542
-1550
-1546
-1530
-1484
-1424
-1341
-1235
-1107
-958
-807
-639
-474
-311
-149
1
143
267
366
446
503
542
562
579
590
593
594
577
558
525
477
427
361
292
226
147
76
7
-64
-117
-161
-189
-205
-212
-200
-177
-139
-104
-66
-20
16
54
93
135
183
231
290
347
401
468
524
591
668
750
852
953
1058
1155
1246
1337
1405
1466
1521
1563
1597
1612
1617
1597
1561
1504
1423
1331
1217
1089
934
766
579
359
131
-120
-371
-624
-880
-1128
-1363
-1587
-1800
-1992
-2167
-2326
-2458
-2565
-2647
-2711
-2760
-2788
-2790
-2772
-2730
-2670
-2586
-2479
-2362
-2221
-2055
-1870
-1670
-1458
-1227
-990
-746
-495
-246
1
235
466
692
914
1119
1305
1472
1614
1738
1836
1915
1969
1997
1998
1973
1930
1868
1799
1717
1622
1515
1403
1300
1193
1091
1000
909
824
749
701
658
624
610
591
572
559
552
544
534
528
518
505
493
484
474
458
443
430
414
398
381
364
345
316
275
221
155
74
-24
-136
-273
-417
-576
-751
-927
-1102
-1278
-1441
-1591
-1717
-1822
-1908
-1963
-1999
-2006
-1987
-1951
-1891
-1815
-1722
-1615
-1503
-1379
-1247
-1103
-956
-814
-673
-540
-415
-303
-200
-97
-2
98
184
266
351
430
501
565
618
665
712
749
779
803
822
837
837
840
841
831
823
816
803
789
780
776
774
771
774
780
793
806
829
859
888
926
953
994
1023
1057
1094
1106
1125
1111
1106
1074
1020
970
877
793
673
554
423
267
122
-51
-217
-408
-589
-765
-951
-1101
-1268
-1399
-1517
-1625
-1695
-1767
-1801
-1831
-1832
-1820
-1796
-1742
-1693
-1611
-1546
-1451
-1354
-1249
-1121
-1021
-881
-766
-644
-521
-409
-273
-167
-44
59
164
261
344
433
493
565
617
670
710
752
786
812
837
838
861
848
850
828
801
785
731
718
670
656
627
589
586
539
545
528
531
542
537
571
576
616
644
671
710
720
753
756
765
761
739
713
673
629
574
521
439
377
292
202
126
23
-55
-168
-265
-367
-475
-564
-670
-753
-854
-927
-1011
-1089
-1135
-1200
-1225
-1264
-1278
-1290
-1303
-1295
-1297
-1266
-1246
-1213
-1165
-1125
-1056
-1000
-929
-849
-767
-673
-594
-504
-416
-324
-233
-154
-68
3
82
146
212
273
324
392
430
473
507
540
577
593
615
630
650
667
675
681
680
691
692
690
697
695
702
705
709
716
726
734
744
757
769
784
800
814
829
840
846
851
855
852
840
829
803
768
733
681
625
561
481
396
302
197
85
-32
-156
-289
-424
-551
-683
-804
-914
-1027
-1127
-1216
-1295
-1354
-1407
-1445
-1473
-1488
-1486
-1473
-1442
-1404
-1354
-1291
-1226
-1150
-1070
-988
-900
-807
-707
-614
-520
-433
-347
-270
-194
-121
-54
13
71
128
181
226
268
309
354
396
439
477
509
553
593
638
682
723
768
805
848
878
902
920
934
945
943
941
935
923
905
881
857
830
808
785
761
746
724
713
691
673
661
639
620
597
566
519
467
407
333
258
168
72
-30
-146
-262
-393
-531
-668
-797
-924
-1044
-1151
-1248
-1345
-1430
-1504
-1567
-1612
-1643
-1658
-1654
-1636
-1597
-1547
-1473
-1382
-1279
-1160
-1040
-910
-774
-633
-491
-352
-213
-73
58
188
320
437
546
644
735
817
889
949
997
1044
1079
1110
1138
1147
1150
1143
1127
1105
1071
1034
991
931
873
810
735
663
580
500
416
337
267
183
113
46
-21
-69
-117
-157
-182
-205
-211
-217
-217
-208
-206
-188
-171
-157
-129
-109
-88
-59
-38
-16
-1
7
19
22
21
26
19
14
2
-19
-41
-82
-118
-167
-221
-273
-344
-406
-476
-543
-604
-680
-738
-802
-860
-893
-936
-955
-971
-985
-977
-968
-941
-899
-854
-795
-728
-655
-579
-502
-418
-342
-262
-178
-93
0
86
173
258
337
417
488
561
629
684
749
794
842
888
917
954
975
998
1018
1023
1036
1042
1051
1052
1041
1042
1033
1025
1007
979
945
896
857
809
751
696
625
548
463
373
285
189
84
-16
-116
-218
-321
-423
-518
-603
-677
-749
-820
-893
-950
-989
-1032
-1063
-1093
-1114
-1123
-1136
-1144
-1140
-1129
-1104
-1076
-1044
-995
-947
-897
-841
-786
-725
-668
-605
-537
-471
-407
-345
-280
-215
-153
-99
-48
4
58
113
155
198
233
264
298
331
364
392
424
458
496
532
569
611
657
701
736
776
816
858
903
941
969
1001
1038
1071
1093
1108
1114
1113
1105
1090
1065
1021
966
896
816
733
638
533
417
295
170
44
-86
-217
-349
-476
-591
-699
-799
-891
-975
-1044
-1111
-1167
-1206
-1238
-1246
-1255
-1255
-1233
-1214
-1182
-1142
-1092
-1025
-966
-894
-813
-732
-645
-561
-477
-398
-322
-245
-170
-96
-37
16
66
113
153
191
232
266
304
333
361
385
401
424
428
436
443
445
447
438
423
405
388
365
336
307
271
232
194
153
113
79
50
17
-5
-21
-31
-33
-21
5
34
75
124
184
248
323
407
486
570
652
726
798
870
931
984
1026
1048
1057
1047
1025
987
925
856
757
657
554
439
318
183
58
-77
-197
-317
-447
-556
-683
-783
-881
-979
-1048
-1125
-1177
-1232
-1278
-1299
-1321
-1316
-1311
-1290
-1251
-1212
-1147
-1090
-1012
-932
-851
-757
-682
-585
-504
-422
-346
-281
-205
-152
-85
-34
9
58
90
138
161
191
212
214
235
229
246
265
278
293
296
309
307
314
329
340
350
354
360
368
380
394
410
427
439
462
480
502
528
553
590
622
654
680
711
736
748
763
764
761
751
724
691
655
612
564
522
477
427
377
323
277
239
199
170
130
88
46
-5
-47
-90
-138
-184
-239
-294
-352
-411
-461
-508
-543
-575
-604
-629
-657
-678
-687
-696
-698
-692
-680
-674
-677
-674
-685
-684
-679
-672
-667
-673
-682
-700
-699
-696
-674
-636
-608
-578
-569
-548
-514
-469
-403
-344
-280
-235
-195
-149
-108
-38
42
142
235
309
374
418
482
553
641
732
801
861
884
906
913
925
950
966
967
922
878
813
754
707
651
618
559
489
415
329
253
185
133
73
10
-51
-108
-154
-192
-220
-241
-252
-273
-287
-294
-295
-287
-287
-275
-268
-255
-230
-220
-201
-190
-177
-164
-158
-150
-145
-134
-126
-122
-116
-114
-108
-100
-92
-90
-92
-93
-98
-109
-114
-118
-122
-117
-118
-118
-121
-126
-131
-133
-125
-116
-105
-93
-88
-74
-56
-43
-25
-10
12
36
48
62
78
85
96
109
121
135
146
155
159
156
154
152
142
140
139
129
119
102
88
73
58
46
27
5
-18
-37
-57
-78
-90
-103
-108
-108
-111
-109
-108
-97
-88
-76
-57
-43
-29
-17
4
32
62
90
116
138
159
168
168
177
176
180
184
181
185
171
149
127
97
66
44
23
1
-25
-55
-83
-120
-155
-178
-206
-226
-242
-255
-269
-288
-311
-329
-341
-346
-345
-341
-336
-334
-340
-344
-346
-339
-323
-298
-268
-245
-214
-185
-151
-116
-79
-32
14
67
112
154
197
239
281
318
352
388
423
457
487
515
545
577
591
599
605
609
628
640
639
633
624
604
582
544
491
438
389
343
285
224
172
112
59
6
-49
-85
-118
-152
-184
-215
-242
-269
-293
-317
-335
-344
-351
-355
-371
-383
-394
-414
-437
-460
-486
-514
-537
-561
-586
-619
-652
-680
-716
-748
-775
-798
-804
-816
-818
-821
-823
-802
-773
-728
-682
-627
-570
-504
-418
-336
-245
-149
-57
45
147
249
345
439
529
614
692
756
816
867
904
934
957
973
981
981
976
959
931
901
875
840
806
763
709
664
602
553
494
421
359
279
219
148
75
20
-54
-104
-156
-205
-243
-289
-312
-346
-368
-385
-404
-405
-417
-411
-414
-399
-373
-370
-348
-344
-325
-316
-314
-293
-292
-268
-259
-259
-244
-252
-244
-247
-249
-240
-244
-227
-225
-214
-203
-204
-179
-174
-156
-142
-131
-103
-91
-64
-42
-24
6
25
55
79
108
129
144
165
174
183
184
187
185
185
184
167
157
139
121
100
73
60
45
32
28
26
24
23
29
39
51
67
79
85
94
100
102
105
98
93
97
89
84
74
56
51
32
18
8
-9
-18
-29
-39
-50
-63
-75
-88
-93
-104
-108
-109
-119
-122
-126
-121
-115
-116
-114
-113
-110
-100
-88
-80
-70
-55
-39
-26
-9
9
25
43
59
69
76
87
98
99
104
105
103
97
84
70
58
40
22
8
-8
-22
-30
-32
-40
-43
-43
-42
-43
-40
-31
-19
-10
3
21
35
48
65
81
97
112
126
135
149
158
159
167
167
163
159
158
157
152
151
138
126
111
99
82
63
48
29
10
-12
-33
-52
-72
-90
-113
-130
-149
-171
-187
-202
-221
-237
-249
-257
-262
-274
-286
-295
-309
-316
-320
-324
-323
-324
-321
-323
-315
-299
-283
-265
-246
-224
-200
-163
-130
-94
-54
-12
33
71
109
147
181
215
245
277
308
335
352
371
385
393
403
407
411
405
401
399
394
382
371
356
337
323
306
289
264
245
225
207
192
177
167
158
145
129
117
100
84
71
50
36
11
-16
-35
-63
-79
-99
-122
-148
-178
-202
-222
-244
-270
-304
-336
-367
-397
-434
-468
-498
-525
-540
-562
-567
-564
-561
-548
-530
-494
-451
-414
-371
-327
-277
-219
-165
-112
-60
-16
31
69
106
141
171
196
212
223
227
226
225
215
205
202
188
188
173
159
164
149
149
138
131
128
123
133
130
140
147
162
170
180
196
194
204
194
197
205
198
211
198
197
189
172
179
162
162
157
146
143
120
121
108
92
93
73
71
67
55
54
36
29
22
7
10
-19
-29
-39
-72
-70
-101
-104
-123
-155
-157
-193
-187
-211
-228
-229
-262
-251
-274
-280
-275
-295
-270
-287
-277
-258
-264
-234
-236
-229
-214
-208
-182
-172
-151
-131
-118
-93
-80
-66
-47
-40
-19
-4
11
36
45
62
68
76
91
96
113
120
127
137
139
150
153
155
163
172
176
174
171
162
156
140
132
130
122
124
116
109
105
96
97
98
92
99
94
88
90
79
76
73
68
63
66
70
68
69
65
70
71
68
67
64
66
63
62
56
50
40
27
17
9
-4
-16
-31
-46
-58
-78
-89
-102
-120
-128
-138
-144
-152
-164
-166
-176
-179
-178
-174
-168
-169
-157
-152
-146
-131
-127
-110
-93
-77
-58
-45
-31
-18
-2
12
26
35
37
42
47
50
46
45
46
42
39
36
33
28
17
4
-13
-27
-40
-44
-38
-32
-30
-29
-29
-26
-24
-19
-11
-4
7
20
37
48
47
58
67
72
84
85
94
102
100
102
98
94
92
92
92
90
82
69
61
53
48
47
45
49
47
34
16
1
-8
-12
-13
-20
-21
-25
-37
-46
-55
-57
-59
-60
-52
-45
-35
-29
-26
-25
-27
-25
-17
-10
-3
-2
-2
-4
-11
-8
-8
-13
-15
-15
-20
-25
-29
-36
-33
-32
-34
-33
-33
-27
-18
-7
-5
-4
5
8
11
11
15
24
23
29
31
31
31
22
17
3
-2
-8
-15
-20
-27
-32
-38
-40
-42
-45
-45
-38
-30
-21
-10
3
13
19
24
33
36
41
48
47
50
55
54
56
53
53
58
52
49
41
36
36
33
31
30
21
10
5
0
-9
-14
-17
-16
-17
-21
-21
-20
-15
-15
-19
-17
-20
-25
-23
-23
-20
-16
-18
-26
-37
-43
-44
-41
-43
-42
-47
-50
-48
-52
-57
-57
-59
-69
-75
-78
-76
-76
-80
-81
-85
-81
-72
-64
-52
-42
-31
-18
-7
11
30
43
61
73
89
103
120
130
144
156
157
166
171
175
181
174
170
167
160
157
152
139
126
111
97
82
59
36
21
7
-2
-14
-33
-50
-59
-64
-82
-94
-108
-114
-119
-125
-126
-126
-125
-126
-125
-118
-115
-108
-96
-89
-82
-75
-65
-55
-53
-46
-44
-44
-44
-45
-44
-43
-43
-50
-45
-40
-42
-44
-45
-38
-39
-40
-39
-38
-33
-25
-14
-7
-3
2
12
22
24
30
37
43
50
50
56
58
56
57
52
52
50
49
39
36
38
33
29
28
32
37
38
38
42
51
58
66
70
69
74
76
68
62
55
49
40
25
19
16
11
6
-6
-19
-29
-31
-38
-39
-42
-41
-28
-30
-25
-21
-22
-16
-10
-4
-1
3
1
5
0
-2
3
-5
-4
1
-6
-8
-20
-29
-34
-40
-41
-42
-42
-43
-41
-33
-27
-22
-12
5
13
20
30
30
32
35
38
39
43
41
41
39
30
30
19
15
9
5
0
-9
-10
-21
-25
-29
-37
-41
-47
-42
-37
-38
-38
-42
-42
-34
-26
-22
-12
-10
-7
-3
-4
-1
2
7
4
4
-3
-11
-12
-18
-13
-13
-6
-8
-8
-12
-21
-12
-12
1
10
17
23
19
23
18
24
23
23
33
34
40
34
36
37
42
48
50
57
50
43
35
32
28
25
25
18
21
11
0
-8
-19
-15
-13
-7
-11
-11
-9
-9
-8
-13
-6
-7
1
7
3
6
-2
-1
-3
-7
-4
-5
-1
-2
-6
-11
-20
-25
-27
-27
-30
-32
-26
-26
-27
-31
-35
-37
-38
-39
-37
-40
-42
-46
-54
-54
-52
-45
-41
-38
-36
-41
-45
-48
-47
-43
-34
-20
-15
-11
-8
-11
-13
-6
4
16
28
37
49
54
60
67
70
80
90
93
91
94
98
96
99
98
102
118
119
113
106
99
97
91
85
78
67
57
41
28
13
-9
-23
-34
-39
-44
-54
-65
-76
-85
-91
-95
-96
-100
-106
-108
-115
-125
-135
-149
-158
-165
-173
-182
-194
-198
-202
-198
-188
-180
-162
-144
-122
-100
-80
-61
-36
-9
23
63
101
138
156
177
200
221
250
262
278
294
295
298
288
271
254
238
226
216
199
180
155
122
95
73
52
38
24
7
-10
-36
-59
-84
-101
-113
-133
-147
-161
-171
-178
-192
-202
-214
-215
-199
-189
-168
-152
-140
-125
-116
-98
-83
-65
-40
-26
-4
15
33
49
49
58
63
66
84
87
97
104
94
87
70
57
49
47
54
46
46
37
17
6
-11
-17
-19
-20
-21
-33
-41
-45
-57
-60
-56
-52
-37
-37
-35
-37
-52
-47
-43
-21
-3
2
12
4
0
0
2
18
28
43
51
53
62
57
62
71
72
85
86
92
91
84
86
74
70
65
64
59
43
32
4
-15
-25
-36
-38
-49
-56
-63
-78
-91
-101
-105
-111
-107
-99
-100
-100
-105
-99
-97
-84
-73
-60
-44
-48
-33
-37
-32
-13
-7
17
17
21
27
21
28
30
39
54
53
62
58
51
56
56
66
66
66
66
60
63
54
56
56
61
71
68
71
63
66
71
68
66
60
68
59
53
41
26
20
-1
2
-7
-13
-22
-47
-50
-73
-77
-82
-92
-86
-109
-102
-119
-118
-109
-120
-92
-105
-90
-84
-92
-64
-73
-46
-36
-31
-9
-20
1
4
11
30
21
35
29
33
45
45
52
46
43
36
40
39
39
39
34
46
35
37
36
27
45
29
35
39
25
39
23
26
19
6
18
9
16
9
-3
-4
-23
-22
-29
-24
-15
-30
-23
-30
-39
-35
-38
-34
-33
-28
-20
-17
-15
-8
-9
-7
-2
-4
7
5
8
18
14
