-40
-38
-39
-36
-31
-28
-29
-26
-22
-25
-27
-28
-31
-31
-31
-30
-29
-30
-26
-25
-20
-16
-10
-5
0
7
5
6
6
6
7
15
18
21
22
23
23
18
23
26
25
23
22
28
29
28
30
31
31
38
40
42
40
39
37
32
30
28
30
29
29
29
27
24
15
7
5
6
13
11
13
14
15
20
15
11
8
5
6
-2
-3
-2
-13
-17
-22
-29
-31
-38
-40
-43
-52
-56
-54
-59
-54
-49
-55
-49
-49
-47
-48
-50
-48
-53
-53
-51
-47
-44
-40
-35
-31
-30
-32
-32
-29
-30
-26
-16
-8
2
6
8
9
10
17
22
33
36
39
49
51
59
61
66
74
68
65
58
51
54
53
53
54
48
36
35
27
25
31
29
32
30
28
33
32
32
28
25
22
19
18
10
6
-1
-5
-5
-6
-7
-12
-11
-18
-22
-21
-20
-17
-21
-26
-30
-40
-47
-54
-62
-62
-65
-65
-65
-66
-63
-59
-51
-49
-48
-41
-40
-32
-27
-27
-21
-19
-18
-13
-14
-9
-11
-7
1
3
14
14
7
6
2
6
7
9
18
23
32
41
50
50
49
47
46
51
48
44
39
32
26
12
6
-6
-11
-7
-8
-6
-13
-15
-15
-19
-18
-9
-8
-6
0
-2
6
7
3
7
1
-4
-9
-17
-15
-22
-24
-23
-22
-15
-11
-6
0
8
15
20
21
24
30
38
39
33
34
28
25
18
10
11
5
-2
-7
-15
-17
-19
-17
-19
-16
-17
-19
-14
-10
-7
-4
-5
-5
-3
-2
2
1
-4
-4
-8
-7
-7
-9
-12
-16
-11
-16
-17
-13
-16
-11
-12
-11
-5
1
8
7
11
13
13
14
14
13
9
9
6
-2
-1
-4
-8
-11
-10
-3
-4
-8
-10
-7
-4
-4
3
5
10
15
10
11
16
17
17
15
10
10
6
-4
-7
-4
4
6
10
8
10
11
11
9
9
11
7
5
1
-1
4
-5
-12
-12
-14
-8
-11
-12
-13
-18
-15
-18
-17
-15
-16
-16
-21
-22
-25
-25
-22
-19
-20
-21
-24
-19
-16
-16
-15
-12
-8
-4
-2
-5
-5
-6
-6
3
3
2
6
7
17
28
39
47
50
57
57
63
70
71
71
69
62
56
56
54
45
38
36
36
38
42
41
42
41
33
28
25
27
25
19
11
5
0
-17
-31
-40
-52
-63
-81
-95
-105
-113
-114
-113
-109
-104
-100
-95
-92
-83
-76
-72
-66
-60
-50
-41
-35
-33
-32
-36
-37
-35
-37
-32
-27
-24
-16
-9
1
13
24
32
40
44
49
57
56
57
59
53
54
45
38
38
30
29
30
28
25
24
24
23
20
19
29
28
28
36
35
39
43
53
63
73
83
85
94
100
102
101
87
83
75
64
63
55
40
23
10
-2
-14
-25
-36
-47
-56
-68
-75
-82
-81
-83
-81
-76
-70
-61
-57
-59
-64
-64
-61
-56
-57
-64
-65
-66
-65
-61
-65
-68
-65
-68
-67
-69
-75
-74
-77
-77
-78
-86
-85
-86
-88
-85
-87
-77
-67
-62
-48
-41
-28
-13
-11
-2
11
28
47
62
81
101
119
127
134
143
147
157
165
168
177
179
177
180
177
172
161
148
134
123
111
100
96
91
79
69
55
41
32
23
20
20
16
3
-8
-20
-26
-35
-45
-51
-64
-76
-87
-97
-105
-115
-123
-134
-139
-146
-152
-150
-151
-148
-137
-132
-132
-130
-125
-117
-101
-87
-73
-60
-50
-42
-33
-17
-2
8
16
22
27
27
26
27
30
34
34
39
39
36
44
47
54
58
59
66
70
77
81
86
89
84
87
85
84
85
73
69
61
55
53
45
42
37
27
19
17
17
13
9
6
0
1
-2
-3
-3
-8
-7
-9
-19
-26
-28
-32
-37
-42
-45
-42
-38
-35
-39
-43
-44
-48
-46
-50
-47
-45
-47
-44
-51
-56
-61
-69
-68
-62
-58
-52
-51
-48
-42
-41
-33
-26
-10
5
11
22
26
33
37
37
40
39
42
41
39
33
28
29
26
30
23
16
19
17
12
11
14
9
14
18
19
23
23
26
33
34
39
41
46
54
51
48
44
39
28
19
8
4
9
2
1
0
2
0
-8
-7
-9
-12
-9
-12
-12
-17
-26
-28
-34
-38
-39
-51
-58
-63
-60
-52
-51
-45
-42
-29
-21
-25
-20
-12
-5
7
10
13
20
16
11
9
8
12
13
11
12
11
17
17
13
19
20
22
25
25
25
16
12
10
4
8
5
6
5
0
4
-5
-10
-15
-14
-14
-23
-24
-22
-20
-14
-18
-20
-22
-23
-15
-17
-18
-15
-8
5
8
12
13
17
15
9
13
6
7
9
6
16
16
13
14
7
10
10
13
16
14
21
22
15
10
8
9
5
3
1
-4
-7
-10
-12
-14
-13
-13
-13
-4
2
5
8
7
11
15
14
12
11
15
17
11
8
1
-4
-8
-8
-5
-9
-7
-9
-10
-2
1
7
3
-1
-3
-8
-1
-1
1
-4
-11
-12
-17
-19
-26
-31
-33
-38
-32
-36
-29
-23
-31
-25
-31
-29
-30
-22
-8
-9
-5
-8
-10
-11
-8
3
-3
4
5
10
23
23
35
33
36
38
29
38
30
37
39
31
38
30
36
36
23
32
29
26
26
19
20
10
7
4
-3
-3
-7
-7
-15
-27
-25
-29
-31
-28
-26
-16
-14
-13
-15
-24
-18
-20
-13
-3
0
8
7
7
5
-2
-6
-13
-13
-9
-7
2
4
3
8
-6
-8
-6
-12
-6
-16
-20
-17
-21
-13
-15
-10
-8
-8
2
2
13
16
9
24
16
18
28
21
27
19
15
24
15
17
10
1
6
4
12
5
7
8
1
7
0
4
4
-1
0
-10
-8
-9
-10
4
-1
0
-1
-16
-6
-16
-21
-16
-29
-26
-44
-54
-50
-70
-67
-66
-76
-57
-60
-53
-44
-48
-32
-34
-26
-11
-5
15
15
23
40
41
59
64
60
71
69
79
85
89
102
98
98
98
92
90
87
83
76
66
58
42
26
15
-4
-10
-16
-21
-22
-36
-41
-49
-57
-56
-67
-63
-63
-62
-55
-49
-33
-39
-35
-32
-32
-18
-17
-4
-3
-3
8
0
4
-3
-2
3
-2
5
7
9
17
19
25
28
29
36
41
40
33
27
23
12
7
-3
-15
-30
-44
-51
-69
-74
-75
-81
-77
-76
-71
-52
-46
-29
-14
-1
16
21
36
44
47
53
48
47
38
23
9
-2
-12
-31
-48
-59
-70
-70
-71
-66
-62
-63
-51
-42
-28
-17
-7
3
11
19
35
54
65
75
82
91
98
106
115
118
126
132
133
135
137
136
125
119
112
109
106
99
96
85
70
55
41
27
11
0
-17
-38
-56
-72
-87
-108
-117
-128
-136
-135
-139
-137
-140
-140
-129
-126
-115
-111
-114
-105
-102
-89
-74
-64
-51
-45
-27
-7
6
30
48
60
79
90
102
106
109
101
83
70
41
16
-9
-36
-59
-85
-109
-131
-153
-172
-178
-176
-169
-160
-149
-142
-126
-105
-87
-71
-57
-40
-24
-17
-6
7
17
29
35
49
66
82
102
111
126
142
152
163
167
166
167
160
153
138
120
108
89
70
48
25
3
-14
-30
-49
-58
-67
-71
-62
-54
-48
-29
-5
22
43
63
90
117
145
171
196
214
224
242
256
261
252
237
232
220
195
164
129
104
75
39
4
-34
-59
-88
-115
-134
-161
-186
-210
-243
-264
-285
-311
-326
-363
-385
-395
-404
-406
-419
-425
-414
-396
-372
-349
-318
-278
-229
-175
-124
-67
-11
40
88
124
161
194
205
220
216
201
193
164
126
83
28
-20
-67
-115
-154
-189
-219
-240
-245
-243
-230
-204
-171
-118
-54
17
98
188
287
380
472
561
646
739
798
840
870
874
868
832
769
693
592
476
345
202
56
-92
-245
-390
-515
-625
-712
-780
-828
-840
-827
-795
-745
-687
-618
-535
-446
-360
-272
-190
-111
-33
33
95
158
211
263
307
343
376
404
433
459
483
510
533
544
559
564
555
542
508
461
397
320
233
126
7
-113
-240
-373
-503
-626
-733
-819
-891
-942
-963
-952
-913
-854
-777
-681
-564
-434
-301
-169
-46
70
180
274
356
428
483
530
563
582
601
608
603
589
578
572
560
537
509
481
447
408
363
312
256
192
130
58
-18
-92
-167
-234
-304
-363
-406
-450
-489
-525
-547
-558
-566
-566
-559
-543
-519
-491
-454
-422
-387
-346
-304
-260
-212
-161
-105
-44
18
85
160
232
304
374
437
496
548
588
610
614
602
572
517
432
326
208
75
-81
-244
-410
-575
-728
-872
-992
-1081
-1143
-1181
-1191
-1158
-1089
-992
-869
-720
-539
-340
-127
96
321
549
767
982
1183
1355
1507
1631
1730
1802
1850
1875
1872
1847
1800
1734
1651
1544
1420
1273
1107
920
712
490
250
15
-220
-465
-705
-941
-1160
-1360
-1541
-1685
-1800
-1881
-1927
-1937
-1909
-1847
-1753
-1635
-1493
-1334
-1158
-979
-797
-615
-438
-270
-120
27
156
270
374
449
513
553
577
589
585
572
531
490
439
375
311
232
161
86
26
-33
-90
-137
-179
-196
-212
-206
-205
-198
-164
-138
-83
-48
1
56
95
157
188
238
276
304
345
352
377
374
371
356
322
305
255
225
197
180
183
172
188
204
237
274
313
362
408
461
492
528
542
529
513
463
405
320
221
108
-32
-163
-314
-455
-605
-751
-875
-994
-1084
-1162
-1211
-1240
-1251
-1225
-1176
-1091
-980
-846
-692
-522
-346
-156
43
241
431
617
788
939
1077
1191
1290
1364
1411
1437
1437
1417
1369
1300
1214
1109
991
855
700
535
365
177
-17
-205
-391
-567
-737
-894
-1032
-1152
-1242
-1311
-1341
-1344
-1324
-1262
-1187
-1096
-987
-871
-739
-597
-458
-327
-203
-92
5
88
151
195
226
234
229
218
197
172
150
129
103
82
65
55
58
62
75
95
116
144
171
198
224
250
276
287
293
293
286
283
265
245
224
200
179
171
167
173
190
199
221
246
272
290
294
289
260
216
147
55
-46
-164
-292
-416
-522
-610
-670
-690
-672
-620
-529
-397
-241
-67
121
313
499
673
816
939
1022
1067
1073
1040
968
853
719
555
381
190
-16
-217
-435
-627
-812
-978
-1114
-1232
-1300
-1350
-1357
-1324
-1266
-1167
-1054
-913
-755
-585
-409
-244
-72
100
267
428
574
708
831
928
1009
1065
1107
1129
1111
1087
1039
981
904
804
709
580
462
337
208
95
-34
-129
-241
-332
-408
-500
-549
-617
-656
-688
-731
-725
-745
-727
-701
-688
-625
-591
-520
-455
-396
-304
-276
-184
-141
-94
-19
-19
71
80
132
181
169
263
237
301
333
332
412
383
450
430
443
473
397
427
343
303
255
151
128
5
-47
-126
-225
-254
-337
-346
-382
-405
-379
-390
-338
-316
-287
-242
-232
-191
-174
-155
-136
-139
-130
-137
-144
-149
-159
-158
-151
-127
-86
-36
31
114
201
301
416
525
640
741
836
926
984
1029
1048
1040
1015
960
879
779
656
523
372
212
47
-125
-287
-447
-595
-742
-875
-996
-1095
-1165
-1235
-1274
-1290
-1281
-1234
-1191
-1121
-1037
-940
-813
-682
-538
-390
-227
-60
103
275
427
580
720
832
943
1027
1094
1137
1151
1137
1103
1064
984
900
793
680
578
450
332
196
81
-32
-153
-245
-352
-425
-498
-548
-580
-611
-594
-604
-587
-554
-514
-452
-402
-312
-263
-198
-130
-83
2
36
98
107
140
192
169
192
153
134
100
43
31
-59
-55
-108
-165
-163
-224
-186
-217
-207
-193
-215
-155
-173
-132
-122
-136
-106
-130
-113
-138
-146
-148
-171
-159
-177
-166
-156
-146
-96
-80
-33
13
54
113
151
214
254
308
347
364
394
397
399
375
334
300
256
210
157
93
41
-11
-64
-88
-119
-112
-111
-97
-43
-13
60
111
166
236
272
330
352
385
406
397
387
334
301
247
187
128
47
-15
-96
-166
-222
-274
-311
-356
-385
-395
-404
-381
-371
-349
-300
-271
-205
-169
-127
-75
-54
5
12
39
49
37
49
22
23
-4
-22
-34
-65
-54
-80
-69
-71
-67
-24
-33
13
21
44
67
42
83
62
75
67
28
43
-21
-21
-61
-108
-93
-145
-111
-119
-101
-72
-91
-27
-45
-12
16
22
79
70
118
129
136
147
101
91
55
45
57
55
79
80
65
45
14
-3
-11
15
49
59
85
80
58
41
10
16
21
45
71
68
72
25
-21
-71
-102
-95
-84
-39
-24
-3
-14
-63
-100
-147
-136
-109
-59
-5
11
3
-51
-112
-169
-235
-267
-274
-239
-199
-198
-202
-237
-247
-240
-221
-122
-12
122
265
345
466
535
565
602
603
674
731
761
747
674
610
487
378
236
101
27
-77
-135
-219
-329
-403
-538
-665
-762
-851
-877
-900
-918
-905
-887
-847
-806
-764
-688
-561
-378
-197
4
205
383
571
709
856
977
1094
1177
1174
1233
1131
1069
996
819
765
524
414
258
38
-11
-244
-323
-434
-563
-579
-697
-679
-738
-720
-733
-729
-613
-638
-473
-443
-392
-231
-292
-155
-144
-144
-2
-1
83
141
152
167
133
112
66
118
111
130
251
180
287
193
128
199
41
147
130
162
226
154
133
13
-11
-150
-138
-122
-157
-54
-147
-119
-171
-267
-225
-286
-233
-188
-171
-118
-79
-37
-44
28
-1
28
23
-5
95
79
175
204
166
150
34
-25
-44
-44
10
52
103
127
117
124
46
131
143
310
589
669
949
887
906
879
748
851
726
813
756
756
696
427
333
-74
-170
-363
-587
-540
-847
-859
-1038
-1213
-1262
-1479
-1527
-1681
-1654
-1679
-1543
-1411
-1364
-1105
-1076
-813
-639
-500
-188
48
367
622
827
907
1096
1125
1203
1328
1216
1330
1115
1024
1056
893
907
716
516
437
414
341
332
109
-139
-81
-235
-144
-251
-511
-571
-701
-649
-680
-823
-1025
-919
-888
-531
-261
-663
-459
-680
-597
37
7
184
108
87
337
490
614
486
326
107
312
425
521
783
320
326
350
63
386
231
167
338
153
302
216
-13
-36
-72
24
36
30
-86
-66
12
23
209
2
-35
-6
-108
187
33
-37
-73
-292
-172
-363
-414
-570
-739
-647
-720
-612
-735
-765
-728
-685
-439
-427
-238
-178
11
382
556
875
866
1013
1162
1244
1521
1432
1502
1297
1203
1135
860
802
328
239
-80
-320
-470
-925
-944
-1394
-1408
-1547
-1742
-1698
-2031
-1844
-1895
-1705
-1572
-1550
-1282
-1263
-832
-663
-227
107
272
784
859
1324
1548
1710
1985
2041
2293
2292
2354
2193
2146
2067
1840
1789
1389
1226
958
609
481
176
-109
-418
-854
-1102
-1153
-1291
-1348
-1569
-1748
-1756
-1854
-1894
-1904
-1781
-1551
-1378
-1259
-1040
-826
-634
-520
-534
-312
-94
151
356
473
709
738
712
609
554
619
680
671
559
699
650
611
481
93
108
-55
-76
39
-96
90
49
-70
-15
-165
-181
-220
-303
-188
15
128
143
83
-111
-114
-180
-266
-143
-129
18
76
-80
-106
-179
-301
-311
-364
-330
-118
-100
-32
56
34
203
319
447
748
955
1189
1499
1608
1758
1830
1697
1713
1580
1459
1369
1024
722
327
-87
-487
-897
-1329
-1665
-1909
-2247
-2347
-2583
-2669
-2730
-2933
-2808
-2757
-2530
-2307
-2037
-1678
-1288
-844
-492
61
408
955
1427
1782
2323
2515
2883
3037
3089
3194
3087
3026
2750
2519
2205
1987
1708
1306
1107
658
415
45
-344
-517
-922
-1134
-1440
-1662
-1825
-2054
-2248
-2480
-2517
-2615
-2515
-2361
-2181
-1823
-1535
-1112
-789
-570
-230
41
337
784
1101
1373
1565
1555
1535
1387
1245
944
628
466
231
105
-73
-186
-397
-490
-402
-477
-304
-321
-366
-335
-298
-152
-206
-17
-63
-51
96
-8
58
-96
4
98
195
569
584
777
771
585
514
209
99
-210
-354
-315
-515
-357
-502
-448
-299
-240
308
492
1079
1416
1650
2110
1950
2129
1777
1493
1190
548
368
-316
-650
-1253
-1817
-2016
-2600
-2626
-2996
-3021
-3035
-3242
-2960
-3053
-2781
-2769
-2682
-2407
-2288
-1877
-1649
-1070
-554
96
942
1802
2838
3542
4400
5104
5768
6245
6365
6514
6245
5947
5329
4645
3947
2889
2073
1102
368
-351
-1125
-1540
-2167
-2576
-3056
-3457
-3693
-4161
-4380
-4638
-4772
-4857
-5011
-4825
-4629
-4250
-3687
-3039
-2122
-1324
-436
506
1325
2144
2706
3255
3665
3851
3944
3813
3622
3240
2717
2209
1641
1126
582
87
-345
-833
-1248
-1626
-1904
-2161
-2385
-2473
-2468
-2382
-2306
-2164
-2027
-1840
-1675
-1433
-1123
-798
-382
5
478
822
1135
1360
1499
1559
1446
1383
1233
1142
929
826
812
823
1028
1185
1757
2128
2531
2870
2978
3333
2992
2858
2304
1569
929
-280
-692
-1756
-2477
-3244
-4067
-3990
-4686
-4466
-4796
-4827
-4614
-4918
-4110
-4210
-3678
-3594
-3413
-2479
-2257
-1098
-555
535
1683
2641
4370
5390
6708
7359
7993
8649
8679
8728
8082
7488
6417
5270
4138
2849
1719
277
-606
-1547
-2201
-2811
-3459
-3677
-4292
-4558
-5008
-5344
-5546
-5952
-5835
-5783
-5487
-5101
-4704
-3898
-3168
-2307
-1355
-514
489
1218
1935
2643
2935
3224
3130
3114
3047
2673
2475
2021
1751
1390
953
744
308
7
-330
-541
-552
-746
-841
-938
-1011
-996
-1040
-891
-740
-679
-447
-171
294
604
753
857
629
465
198
124
-148
-760
-1261
-1729
-1738
-1913
-1828
-1685
-1455
-742
263
2125
3446
4359
4748
4937
5346
4921
4527
3393
2067
715
-524
-787
-1603
-2433
-3659
-4391
-4428
-4721
-4461
-4856
-5181
-5999
-6612
-6227
-6233
-6045
-6552
-6180
-5012
-3559
-1436
206
2207
3750
5716
8097
9996
11190
11167
11300
11098
10623
9415
7731
6149
4104
2602
1231
350
-540
-1694
-2104
-2355
-2376
-2646
-3080
-3346
-3888
-4547
-4853
-4994
-5069
-5195
-5161
-4146
-3186
-2080
-1139
-298
900
1414
2217
2491
2362
1896
1052
846
244
-391
-1177
-1679
-1667
-1735
-1490
-1236
-945
-821
-796
-536
-374
-384
-450
-388
-149
52
443
1088
1769
2171
2346
2650
2898
2943
2558
2035
1436
596
-204
-914
-1510
-2320
-3261
-3927
-4069
-4049
-3711
-3065
-2381
-1439
-743
1031
2937
4109
4626
3964
4347
4068
3643
2844
1053
223
-1477
-1301
-932
-1025
-1098
-2705
-2224
-2500
-2411
-2660
-4267
-5048
-7278
-7503
-7190
-6727
-6334
-6764
-4829
-2363
1177
3983
6098
8039
9044
10891
11914
12268
10770
8436
6891
5421
4158
2187
620
-816
-1721
-2195
-2094
-1483
-1817
-1824
-2381
-2346
-2341
-2982
-3032
-3969
-4225
-4280
-3367
-1681
-584
859
1862
3836
5304
6031
6456
5511
4972
3625
2165
865
-1269
-2733
-3939
-4704
-5015
-5366
-5324
-4974
-4688
-4574
-4342
-4116
-4059
-3887
-3880
-3444
-2433
-1401
424
1854
3134
4476
5493
6633
6640
5991
4644
3510
2411
1256
330
-1154
-1775
-2723
-2942
-2978
-3409
-3385
-3945
-3153
-2638
-1593
-231
1362
4076
4722
5410
5235
5349
5350
3299
1814
-498
-1600
-2729
-3268
-3092
-4401
-4727
-5782
-5179
-5172
-6190
-5976
-6875
-6660
-7808
-7928
-6419
-5294
-3551
-2436
514
3580
6755
9442
11180
12790
12906
13991
14450
13843
11950
9147
7771
6095
3936
1344
-844
-2450
-4127
-5451
-6185
-6180
-6802
-7455
-7426
-6976
-6029
-5386
-4466
-3215
-2202
-859
882
2639
3609
3657
3836
4195
4170
3332
2120
1204
215
-448
-863
-1052
-1058
-1380
-1123
-835
-1082
-1651
-2367
-2825
-3451
-4022
-4288
-4031
-3381
-2866
-1433
276
1700
3529
4269
5029
5219
4144
3655
2119
282
-1406
-2768
-3464
-3860
-4145
-4665
-3669
-3191
-1849
-874
-1706
-929
-1061
331
1520
2635
6162
8433
9726
8793
8892
8262
6316
3275
-1782
-2999
-5934
-6906
-5506
-6352
-5783
-7554
-7074
-5486
-5431
-5646
-6745
-6687
-8597
-9392
-8629
-6197
-3620
-3214
112
4182
9128
12977
14181
15035
14185
13080
12521
11873
8761
4885
2194
1563
1897
114
-1030
-2037
-2747
-3694
-5021
-4710
-4984
-6210
-7149
-6158
-4374
-2479
-794
571
2518
3206
3934
4894
4547
2906
592
-606
-920
-1839
-3006
-3402
-3517
-3191
-2704
-2076
-1239
-1491
-2179
-2389
-2304
-2657
-2992
-2854
-2306
-1142
461
2529
4050
4812
4534
4447
4987
4073
2511
677
-1005
-1713
-1859
-1905
-1293
-688
-471
378
324
462
-9
-1488
-2359
-3919
-3774
-2181
-717
3041
8013
11004
12452
11398
9446
8145
3278
-2636
-7206
-10525
-11981
-11617
-9590
-7368
-6579
-7673
-6149
-4878
-4640
-4973
-7787
-8060
-9800
-9926
-5815
-2110
1451
3714
7386
12005
15876
16047
14189
11907
7712
5609
3856
3431
2374
567
1868
3979
6198
5866
4201
2032
-697
-4260
-7661
-8248
-9376
-9517
-8397
-5379
-373
2848
5161
6555
7292
6168
4011
2281
494
-1639
-3920
-3650
-2533
-1313
-745
-1061
-443
-820
-1905
-2716
-3774
-5043
-5466
-4978
-3384
-1684
-543
1505
3206
4727
5106
3860
2661
632
-1348
-2188
-2637
-2240
-1732
-1721
-476
331
607
821
-121
-1145
-2631
-3030
-2459
-1598
-1689
-1642
1688
4617
10192
15936
17803
17799
11718
7473
4253
-2102
-7463
-14068
-15231
-12874
-9058
-2910
660
770
-2717
-3643
-4946
-5901
-7730
-12746
-12911
-14321
-12184
-5427
13
4988
5322
6357
9331
11476
10145
6162
1342
-2621
-1853
-824
3300
5786
4443
6390
7610
9371
8613
3909
-295
-3676
-5614
-5641
-2637
79
2419
3908
5622
9233
8825
6307
2347
-2853
-5574
-7416
-7388
-5391
-3942
-2296
1195
4129
4943
3755
-64
-3349
-5862
-8012
-7663
-6534
-4524
-1120
1977
5454
7772
6899
4712
1253
-2330
-4281
-6211
-7007
-6883
-6121
-3603
-563
2301
2717
1232
-612
-1890
-1654
-1957
-1824
-1372
-1091
994
3354
5831
8938
10456
13677
18124
18600
15503
7979
199
-5668
-11681
-15521
-16360
-13763
-10263
-5285
-683
2122
1481
-5735
-9350
-12608
-14019
-11393
-12502
-8162
-5015
-1673
6950
11846
14165
11651
8381
6541
5388
2148
-1755
-2715
-4942
-1901
1597
5144
8847
6143
5322
3549
1039
-654
-3001
-3666
-3455
-1420
1204
7432
11200
9970
8752
4967
3078
441
-4728
-6981
-7802
-7302
-4328
-203
3636
5874
4378
1825
-151
-3746
-7011
-9871
-11789
-10150
-6943
-1174
6505
10193
11876
12120
9786
7171
2088
-3996
-7872
-9895
-9800
-6880
-3551
-1383
573
-12
-1283
-2471
-4542
-6012
-7869
-8034
-6451
-3222
845
4107
5955
6026
8409
11989
18269
22775
19991
14667
5917
-508
-5149
-10858
-14926
-17236
-14622
-10146
-2820
2419
1304
-3987
-12992
-16047
-15196
-12084
-7873
-6453
-2668
1323
8607
16869
18544
14437
6803
2888
2329
2095
-191
-4292
-5953
-4960
530
5968
7421
4755
-462
-2327
-2134
-2497
-3816
-5493
-5153
-1714
3950
10368
15352
15535
12026
8269
5730
3443
-327
-4960
-7180
-5855
-2652
1480
3513
2766
-163
-3782
-5382
-6556
-8502
-10887
-11208
-8420
-3765
1780
5964
8492
9151
8513
8299
7744
4870
612
-2765
-4400
-3802
-3187
-3135
-4150
-6679
-8273
-9256
-9283
-9764
-10855
-10596
-9113
-5993
-2679
1157
3674
4376
5550
8406
15811
25101
30671
28134
20150
11647
4083
-3020
-12633
-20033
-21585
-18211
-11165
-2873
2430
475
-7098
-15432
-17844
-16713
-14539
-11712
-9125
-3665
1932
10373
17934
17794
13012
6495
5224
7782
7773
4882
1663
1363
4208
7939
8426
4593
-1993
-7429
-8131
-7019
-6755
-7214
-6298
-2298
2688
8337
12847
15009
13877
9374
7568
6279
3678
121
-5068
-5966
-4472
-3232
-2609
-4054
-5742
-7848
-8147
-8036
-8037
-8370
-9462
-6401
-2767
934
2740
3236
6210
7239
9046
9558
8425
8082
6208
4790
3951
2633
266
-2774
-6822
-10344
-11164
-10840
-10193
-9656
-9417
-8918
-8499
-8037
-8099
-8286
-6993
-2977
7946
22591
31490
30654
21726
12773
6043
-2790
-11821
-16728
-14312
-7960
-486
8556
11735
5620
-7597
-19320
-22746
-22077
-18556
-13852
-8063
-2239
2376
8717
12583
10256
3903
-1801
-1087
3888
7142
9149
10561
12857
16228
17217
14670
7338
-1652
-7226
-7645
-5283
-4636
-4785
-3938
-2233
-474
-198
-20
1382
2417
4427
7669
10083
11257
8384
4453
2361
-93
-2121
-4844
-6307
-5693
-5057
-4266
-4145
-4138
-5640
-6994
-6786
-4908
-2235
-2311
-1832
303
4091
7695
7056
5046
3573
2192
1735
634
-1002
-1705
-3308
-4026
-4648
-5953
-7284
-8562
-7355
-6361
-5543
-6290
-6376
-5179
-5237
-1704
4053
15639
24265
22331
15206
4535
-362
-5720
-11636
-12811
-10612
-2257
4574
11898
14039
5457
-8862
-23569
-26811
-24271
-17529
-8423
-561
7423
9060
9912
8717
2897
-3258
-8260
-5919
1502
7506
11017
13021
14374
15479
13276
7180
442
-5448
-7089
-4146
826
5165
6669
6521
5793
3236
-809
-3740
-3204
1054
5284
8575
11364
11565
9538
4582
-1284
-5156
-7735
-8065
-6548
-4055
-1317
131
-1026
-4068
-7408
-10119
-10707
-10111
-8089
-4576
-456
4702
9342
11176
9474
5300
1701
392
528
955
266
-50
-568
-1217
-2115
-5339
-8194
-10199
-10524
-8638
-7290
-6956
-6791
-4204
4765
19111
27931
25376
13172
-700
-6413
-10540
-13324
-13478
-11314
-2793
4999
12158
12682
2390
-14616
-29839
-31935
-25306
-12706
-3509
2287
6613
5351
5566
3354
-470
-4720
-7772
-1203
11527
22293
25149
20254
13839
10673
8376
4175
-2078
-7009
-5785
-33
5530
6769
2856
-3638
-8557
-9578
-7728
-5103
-2018
2611
9091
14993
16703
14473
8609
2212
-1291
-2494
-521
1597
2765
3574
2337
527
-3313
-8022
-12270
-15224
-14313
-10279
-3867
750
2591
2815
2082
2209
1504
850
485
1205
4413
8400
11240
10009
5157
-793
-5644
-7933
-9426
-10848
-10728
-9606
-8346
-7727
-6788
203
10741
17606
16302
5023
-4530
-8605
-9502
-7347
-6254
-1652
4304
9273
13628
11055
1137
-15632
-27716
-27885
-18397
-4495
2130
4577
1439
-4326
-7856
-12580
-12605
-11501
-7711
2581
13781
23823
25683
18772
10651
5538
5489
7784
7661
7501
9827
12822
14713
11206
2180
-8558
-17099
-18527
-13100
-6065
983
5512
7495
8044
5403
1939
-3262
-7166
-7629
-5228
959
6076
10260
10448
6438
1835
-4593
-7209
-6787
-4699
-1853
-485
1775
2675
2042
28
-2685
-4405
-4762
-3125
1218
5504
7327
6679
2737
994
611
-587
-728
-2026
-1456
-632
-705
-1364
-5476
-8417
-5026
5911
15913
16363
6734
-5186
-12106
-14137
-11587
-8118
-3391
1493
5637
10168
9340
1444
-13494
-26203
-28468
-20289
-5088
5705
8676
1457
-8719
-14143
-16091
-14052
-12650
-8330
270
9921
18311
20889
17700
10001
2825
625
5189
12586
17776
20038
18879
15921
10355
3618
-3636
-10191
-12564
-10597
-3421
4957
8879
7493
1422
-4398
-7182
-7854
-4594
358
5307
8522
8157
6750
2763
-2843
-7300
-10661
-9264
-5185
-197
4090
4527
3685
-125
-3747
-4697
-3865
-438
1845
3446
4069
2818
842
-2173
-5764
-7668
-7072
-4350
61
2874
4903
3970
1347
-1574
-4314
-644
6777
15770
18129
11209
2062
-7716
-10635
-9329
-5974
-2590
-2667
611
2776
2615
-3577
-14782
-20821
-21697
-12943
-2211
4774
6237
-1664
-10598
-18374
-19302
-14017
-6644
1865
7749
10130
7754
4609
715
-1851
-2330
-405
7155
15120
22633
25350
21838
15681
7347
1089
-2590
-2092
1920
6609
10193
10616
6620
-1424
-8967
-13954
-14744
-12312
-7420
-183
5594
8391
6636
1840
-2841
-5342
-4168
-1061
2681
4920
4813
3212
238
-3704
-8000
-9696
-7082
-833
5935
10387
10791
7360
2520
-2454
-4806
-5312
-3964
-2041
-1071
-65
-820
-2673
-5137
-7220
-6935
-2690
4702
12267
14035
9066
911
-7089
-9919
-7842
-1538
5546
9656
10959
8030
2608
-5914
-15670
-21568
-21244
-12762
-2274
5641
8081
1860
-9011
-19967
-23262
-17801
-9449
-1539
3266
5707
6024
4082
1155
-1031
-1862
-711
2710
8421
14943
18533
17852
13867
8353
2994
15
740
4232
8195
10972
12791
12159
8328
1754
-5726
-9725
-8949
-4141
1496
4301
3918
497
-3951
-6993
-8166
-8114
-6696
-3885
281
3708
3840
1878
-1593
-4216
-4669
-3447
341
4015
6079
6083
3625
1283
-543
-1299
-369
861
2555
3530
3283
965
-3143
-6715
-8370
-7638
-6320
-5229
-3892
-1553
348
506
-1808
-3967
-3594
-1546
1137
2604
3622
4548
5227
4784
2831
-1066
-4096
-4054
-854
4194
6692
6693
4374
1065
-2606
-5602
-6578
-5468
-3973
-4651
-5402
-6300
-6559
-6066
-5835
-5452
-6398
-7388
-5883
-1960
2750
6362
7146
5809
3071
91
-1021
-280
2386
5214
6669
6810
6201
5885
5894
5719
4481
2898
2225
3231
4946
5663
5393
4410
4102
4574
4721
4327
2831
1721
1676
1670
1822
1078
78
25
-238
-855
-3077
-6556
-8531
-8680
-7267
-5183
-4132
-3613
-2987
-2886
-2959
-4515
-6459
-6246
-3832
96
2808
2232
-484
-2865
-2684
-35
1403
1918
2314
3901
6493
7290
6661
3295
-870
-3753
-4076
-2043
32
829
-342
-3114
-6478
-7587
-6754
-4699
-3618
-3434
-2350
-1431
-1031
-2091
-3161
-4016
-4320
-3998
-2982
-1766
-1926
-2154
-1664
-112
1224
1422
1031
1463
2576
4385
6213
6479
6247
5265
5448
6301
5945
5582
5939
8644
12353
13813
11890
7335
2968
1344
1968
2969
2859
2124
1909
2159
1854
-418
-3929
-7174
-7932
-5497
-2527
-1344
-2416
-4282
-4965
-4773
-4617
-4503
-5290
-6093
-5925
-5022
-3936
-4271
-5370
-4682
-2350
213
1368
1001
1514
2243
2703
2513
1435
493
-204
497
2578
3580
1869
-1306
-3521
-2925
-826
1443
2677
1555
-1403
-4489
-4914
-3555
-2634
-3148
-3765
-2748
-1383
-1059
-2440
-4937
-7408
-8678
-7407
-4551
-2043
-905
-973
-166
640
742
379
-234
1307
4232
8153
11999
14252
14853
13217
10241
6783
4312
3577
5070
7832
10125
10642
8707
6061
3414
1240
-1023
-2762
-2520
-754
1025
763
-976
-3271
-5424
-7124
-7998
-7361
-5792
-4024
-2193
-881
-1421
-3784
-6998
-8074
-6714
-4458
-2067
-1163
-1164
-2165
-2815
-1501
430
933
-1012
-3543
-3388
-74
3671
5633
4528
2046
389
-73
1441
2319
1491
-47
-1536
-459
1091
1828
1386
-1007
-4065
-7329
-9217
-8704
-6954
-5917
-5310
-5264
-4637
-3491
-3317
-3188
-4328
-4817
-3550
-1130
1930
3615
4657
5566
6079
5609
4060
2231
1227
1568
3017
5111
6980
8676
10209
11335
11305
9942
8548
8260
9250
10475
10802
10231
8853
6915
4654
1978
-412
-2128
-2437
-1464
-311
-148
-1883
-4445
-7145
-8680
-8884
-8565
-7406
-6960
-6293
-5464
-4903
-4122
-4926
-5867
-6923
-7545
-7505
-7551
-7037
-6224
-4469
-2210
649
2533
2970
2049
495
-183
-199
611
1592
2195
2380
2803
3367
4211
3456
1370
-1226
-3375
-3582
-3126
-1908
-2000
-3560
-5783
-6569
-5104
-3157
-2172
-3206
-4353
-5700
-5954
-5149
-3542
-1563
-840
-59
847
2183
3591
4799
6397
8078
8821
8649
7576
6301
5905
5872
6961
7635
7721
7333
5813
4548
3415
3658
4873
6023
6849
6846
6350
5544
5280
5674
6273
6080
5429
4652
3556
2134
-11
-2101
-4647
-6905
-7863
-7314
-5593
-4596
-4483
-5328
-6704
-7973
-8808
-8914
-8821
-8158
-6592
-4316
-2434
-2375
-3056
-3584
-2894
-1437
-1080
-1818
-4171
-5350
-4251
-1518
845
531
-1134
-2689
-2570
-1076
889
1280
318
-1520
-2262
-1039
341
1477
191
-2354
-4806
-5566
-4030
-2082
-1245
-1478
-2251
-2874
-2961
-4003
-4627
-5272
-4342
-1411
1403
3747
3919
3391
2898
3061
3637
4535
5785
7174
9344
10766
11778
11424
9965
8844
7532
6778
6024
5158
5362
6189
7345
7923
6560
4200
1667
139
145
790
1810
2691
3074
3099
2731
2014
1143
-514
-2036
-2979
-3074
-2232
-1968
-2401
-4110
-6063
-7051
-6673
-5873
-6176
-7379
-8388
-7727
-6280
-5418
-5784
-6221
-5961
-4683
-3695
-3508
-3586
-3993
-3264
-2325
-1105
-496
-729
-1127
-1466
-1608
-1272
-358
311
649
-627
-1573
-1850
-1679
-1915
-3519
-4786
-4851
-3199
-1389
-257
-949
-2110
-2938
-3090
-2777
-3608
-3837
-3472
-1702
610
2123
3317
3965
4622
5454
6067
6235
6290
6318
7157
8215
9049
9777
9797
9470
8341
7115
6634
6695
7141
7476
7740
7740
7165
5865
4343
3108
2264
2001
1916
1765
1184
681
700
803
413
-901
-1895
-2002
-1384
-912
-1487
-2445
-3673
-4307
-4638
-5539
-6608
-8107
-8614
-8529
-8644
-8993
-9892
-9913
-9507
-8360
-6931
-5505
-4213
-3788
-3794
-3948
-3210
-2096
-666
-182
-180
38
677
2115
2728
3005
2106
1030
217
-387
-551
-1176
-1613
-1789
-1539
-1564
-1905
-2656
-3549
-4289
-4654
-4190
-3179
-1801
-862
-372
-669
-1356
-1513
-721
1113
3086
4417
4631
4070
3530
3853
5059
6527
7432
7592
7518
7572
8081
8570
8432
7568
6769
6842
7979
9333
9999
9944
9349
8820
7980
6672
4839
2891
1975
2004
2448
2348
1239
-327
-1626
-2452
-2837
-3380
-4476
-5697
-6477
-6231
-5609
-5595
-6214
-7205
-8311
-9113
-9748
-9822
-9594
-9440
-9175
-8990
-9236
-10040
-10104
-9029
-6454
-4028
-2777
-2207
-2418
-2070
-1306
-322
632
1067
1663
2803
3787
4768
4996
4455
3891
3168
3347
3760
3618
2864
1547
-182
-1815
-3450
-4285
-4308
-4131
-3573
-4008
-4718
-6065
-6833
-5754
-3926
-1498
-99
418
898
1514
2447
2909
2697
2920
4239
6589
8615
9119
8731
7953
8017
8996
9897
10191
9521
9077
9771
11047
11905
11622
10174
8402
6931
6203
6210
5744
4595
3104
2110
2135
1859
553
-1757
-4400
-6146
-6707
-6569
-6266
-6507
-7297
-8160
-9267
-10298
-11069
-11399
-11124
-10600
-9989
-9265
-8466
-8013
-8026
-8710
-9438
-9462
-8328
-6137
-3890
-2114
-1115
-461
-493
-829
-949
-285
1424
2892
4240
5155
5802
5978
5739
5274
4189
3117
2134
2048
2345
2125
1488
575
-599
-2052
-3483
-4628
-4883
-4985
-5272
-5727
-6253
-6167
-5456
-3981
-2566
-1463
-400
560
1986
3085
3641
4044
4172
4693
5596
6785
8284
9338
9643
9440
9000
9051
9377
9771
10377
10621
10770
10653
10428
10217
9316
7835
6209
5044
4561
4315
3879
3133
1902
406
-1243
-3041
-4645
-5825
-6237
-6119
-6345
-7323
-8555
-9591
-10145
-10641
-11567
-12431
-13023
-12652
-11038
-9294
-8015
-7806
-8373
-8607
-8368
-7211
-5292
-3460
-2040
-1199
-759
-59
681
1121
1231
634
512
1434
3126
4796
5234
4716
3764
2814
2317
2194
1930
1690
1579
2256
3451
3609
2349
-206
-2814
-4526
-5153
-4892
-4258
-3821
-3585
-3471
-3572
-3648
-3846
-3449
-2596
-1460
76
1547
3166
4470
5505
6321
6798
7075
7093
7273
7659
8405
9434
10293
10629
10389
10011
9689
9404
8886
8314
7912
7658
7314
6557
5410
3915
2425
944
-377
-1281
-1545
-1369
-1463
-2247
-3644
-4662
-5200
-5440
-5875
-7011
-8223
-9153
-9327
-8996
-8746
-8878
-9299
-9763
-10197
-10245
-9917
-9273
-8611
-7873
-6941
-5581
-4122
-3236
-2969
-3189
-3001
-2183
-798
364
1126
1863
2517
3101
2951
2159
1147
759
954
1721
2611
3110
3395
3251
2916
2370
2152
2315
2941
3318
2977
2260
1550
1158
777
509
123
146
282
189
-388
-1558
-2541
-2792
-1895
-596
728
1670
2199
2591
2856
3077
3267
3476
3883
4972
6402
7837
8711
8826
8513
7912
7391
6929
6631
6621
6930
7457
7692
7100
5651
3483
1033
-1105
-2524
-2832
-2407
-1893
-1818
-2432
-3685
-5251
-6790
-8062
-8751
-8775
-8049
-7073
-6602
-7189
-8505
-9767
-10482
-10523
-10163
-9448
-8499
-7325
-6354
-5809
-5709
-5834
-5728
-5220
-4316
-3315
-2245
-1195
-25
1003
1685
1898
1896
1979
2400
3305
4247
4994
5048
4761
4304
4192
4318
4560
4790
4787
4879
4855
4974
4584
4046
3402
3183
3449
3720
3874
3303
2436
1057
5
-772
-961
-717
-373
68
-91
-398
-1035
-1096
-747
48
1035
1865
2849
3540
4332
4604
4563
3996
3322
3167
3555
4651
5457
5768
5027
3659
2117
781
52
-339
-243
-82
77
-108
-720
-1648
-2815
-3897
-4835
-5246
-5117
-4647
-4301
-4499
-5094
-5823
-6236
-6447
-6637
-6878
-7048
-6799
-6351
-6000
-6063
-6334
-6490
-6367
-6025
-5623
-5010
-4164
-3073
-2095
-1472
-1355
-1540
-1631
-1426
-791
15
784
1318
1706
2160
2850
3590
4182
4483
4634
4874
5078
5280
5293
5347
5609
6221
7058
7830
8187
7968
7319
6394
5584
4869
4427
4132
4039
4052
4037
3663
2677
1241
-379
-1424
-1863
-1548
-925
-273
185
120
-395
-1344
-2029
-2221
-1596
-671
47
374
181
-54
-538
-1093
-1777
-2275
-2297
-1922
-1296
-984
-1030
-1570
-2237
-2816
-3228
-3273
-3146
-2748
-2226
-1613
-1020
-705
-895
-1555
-2270
-2633
-2398
-1967
-1781
-2101
-2764
-3300
-3642
-3946
-4497
-5265
-5773
-5653
-4898
-3850
-2995
-2570
-2477
-2585
-2595
-2336
-1792
-1027
-456
-241
-327
-393
-65
659
1574
2328
2744
2871
2890
2989
3264
3660
3997
4303
4585
5137
5955
6703
7110
6864
6518
6396
6709
7040
6857
6286
5749
5814
6163
6286
5609
4568
3720
3523
3647
3328
2497
1256
471
218
267
33
-782
-1879
-2889
-3503
-3897
-4177
-4586
-5076
-5795
-6560
-7168
-7451
-7268
-7098
-7015
-7163
-7294
-7109
-6790
-6417
-6222
-6143
-5849
-5231
-4310
-3230
-2345
-1605
-1052
-712
-216
344
1206
2139
2774
3301
3587
3812
3768
3183
2407
1691
1319
1363
1405
1359
1095
509
-11
-489
-665
-567
-474
-326
-338
-319
-107
328
909
1245
1195
923
653
613
805
1154
1625
1988
2144
1974
1653
1543
1694
2172
2683
3011
3189
3097
2979
2800
2521
2349
2180
2327
2769
3305
3865
3982
3647
2944
2173
2031
2517
3281
3761
3453
2788
2182
1855
1746
1347
709
12
-546
-659
-692
-956
-1695
-3040
-4437
-5480
-5859
-5647
-5486
-5903
-7094
-8651
-9794
-10160
-9953
-9669
-9647
-9584
-9204
-8397
-7349
-6490
-5821
-5307
-4721
-3824
-2688
-1423
-362
304
669
982
1528
2360
3221
3869
4208
4346
4609
4964
5395
5824
6171
6594
6917
7140
7297
7422
7643
7733
7548
7020
6217
5393
4666
4082
3649
3304
3033
2739
2285
1679
994
439
46
-271
-608
-999
-1171
-1113
-976
-1030
-1461
-1897
-1994
-1650
-1144
-1038
-1379
-1781
-1776
-1232
-618
-351
-438
-540
-333
-4
106
-155
-609
-846
-778
-550
-468
-668
-975
-1286
-1445
-1610
-1868
-2108
-2268
-2109
-1754
-1582
-1817
-2620
-3642
-4359
-4531
-4107
-3486
-3083
-3019
-3339
-3675
-3748
-3552
-3079
-2734
-2546
-2409
-2271
-1954
-1795
-2046
-2649
-3386
-3658
-3253
-2528
-1812
-1658
-1905
-2086
-2004
-1273
-323
648
1566
2184
2823
3363
3883
4547
5097
5622
6017
6284
6778
7448
8215
8790
8780
8454
8096
7931
8045
8021
7792
7475
7214
7251
7275
6964
6219
5106
4058
3279
2717
2238
1637
908
188
-506
-1240
-2137
-3240
-4281
-5028
-5377
-5419
-5530
-5915
-6589
-7339
-7839
-8052
-8079
-8128
-8302
-8481
-8510
-8307
-7927
-7515
-7190
-6926
-6646
-6226
-5611
-4871
-4063
-3284
-2557
-1866
-1260
-760
-405
-192
-68
32
216
547
1065
1731
2397
2895
3126
3147
3092
3086
3223
3525
3998
4532
4884
4878
4469
3857
3322
2991
2835
2720
2588
2467
2347
2183
1905
1495
1046
553
35
-482
-884
-960
-746
-458
-438
-802
-1306
-1584
-1431
-1016
-633
-413
-194
256
1027
1934
2677
3103
3246
3326
3520
3884
4353
4827
5244
5587
5820
5837
5623
5213
4740
4334
4012
3694
3213
2545
1793
1127
675
300
-192
-1024
-2224
-3597
-4897
-5899
-6598
-7108
-7626
-8249
-8955
-9622
-10095
-10299
-10227
-10032
-9843
-9686
-9504
-9129
-8518
-7737
-6897
-6080
-5246
-4319
-3295
-2312
-1492
-835
-170
629
1523
2333
2950
3485
4097
4866
5613
6126
6360
6471
6655
6901
7070
7000
6764
6578
6550
6615
6537
6211
5720
5212
4736
4200
3550
2887
2394
2114
1844
1327
532
-263
-696
-658
-343
-106
-129
-285
-329
-148
103
240
191
150
378
926
1612
2056
2015
1550
1001
700
700
795
713
362
-100
-451
-679
-955
-1458
-2189
-2896
-3353
-3548
-3661
-3906
-4336
-4825
-5214
-5432
-5527
-5597
-5639
-5602
-5464
-5301
-5196
-5161
-5146
-5091
-4980
-4817
-4596
-4179
-3498
-2618
-1765
-1171
-851
-634
-258
339
1054
1722
2292
2829
3360
3832
4148
4299
4363
4418
4435
4359
4215
4126
4189
4352
4436
4307
4008
3732
3617
3587
3462
3122
2586
2025
1592
1334
1188
1036
822
523
187
-104
-276
-276
-177
-79
-57
-100
-93
85
462
949
1380
1647
1760
1826
1922
2025
2010
1831
1592
1475
1611
1895
2054
1885
1413
866
447
143
-244
-861
-1634
-2298
-2659
-2769
-2885
-3255
-3867
-4487
-4878
-4967
-4912
-4922
-5066
-5258
-5311
-5169
-4957
-4826
-4864
-4996
-5065
-4970
-4712
-4388
-4082
-3817
-3560
-3226
-2790
-2271
-1754
-1354
-1097
-864
-500
49
661
1117
1351
1478
1699
2095
2498
2708
2683
2644
2887
3482
4245
4848
5112
5088
4944
4842
4848
4970
5201
5485
5661
5611
5350
5039
4864
4816
4716
4387
3845
3309
2987
2873
2745
2397
1828
1217
779
579
528
493
371
149
-145
-490
-863
-1214
-1476
-1614
-1650
-1693
-1836
-2073
-2326
-2481
-2533
-2589
-2765
-3073
-3374
-3499
-3428
-3315
-3350
-3576
-3853
-3999
-3951
-3770
-3578
-3431
-3295
-3149
-2994
-2845
-2683
-2466
-2235
-2108
-2161
-2335
-2460
-2453
-2383
-2372
-2446
-2488
-2386
-2165
-1951
-1841
-1745
-1479
-983
-409
11
214
377
742
1345
1958
2291
2319
2319
2630
3322
4087
4524
4474
4195
4097
4323
4667
4781
4566
4266
4201
4419
4636
4519
4049
3536
3293
3370
3498
3394
2998
2531
2211
2058
1917
1596
1069
465
-76
-543
-978
-1390
-1727
-1950
-2124
-2365
-2733
-3119
-3367
-3409
-3332
-3293
-3351
-3397
-3277
-2932
-2472
-2093
-1928
-1939
-1956
-1828
-1550
-1239
-1021
-931
-889
-785
-601
-437
-395
-462
-509
-420
-187
107
351
499
536
481
380
281
214
173
118
9
-158
-329
-485
-678
-949
-1274
-1562
-1730
-1785
-1803
-1829
-1850
-1839
-1796
-1732
-1639
-1476
-1204
-840
-438
-36
347
705
1001
1233
1462
1766
2176
2573
2812
2855
2801
2797
2878
2986
3047
3057
3083
3159
3226
3166
2947
2680
2494
2449
2483
2501
2438
2289
2056
1740
1397
1085
889
796
726
594
315
-79
-502
-856
-1097
-1280
-1491
-1779
-2108
-2371
-2533
-2658
-2868
-3184
-3479
-3630
-3639
-3638
-3737
-3897
-3960
-3847
-3657
-3525
-3502
-3462
-3246
-2860
-2458
-2190
-2068
-1950
-1735
-1427
-1132
-956
-875
-810
-638
-319
99
511
817
973
1015
1069
1257
1642
2136
2573
2825
2880
2876
2942
3119
3298
3337
3214
3072
3077
3261
3483
3519
3305
2970
2727
2717
2875
2989
2880
2555
2156
1857
1716
1657
1548
1289
885
416
-5
-296
-463
-569
-708
-934
-1217
-1492
-1702
-1837
-1935
-2008
-2014
-1905
-1718
-1563
-1548
-1671
-1812
-1842
-1711
-1495
-1307
-1223
-1239
-1306
-1416
-1564
-1744
-1895
-1936
-1883
-1820
-1841
-1971
-2148
-2293
-2358
-2354
-2299
-2208
-2102
-2004
-1946
-1903
-1785
-1523
-1157
-818
-637
-608
-566
-363
-17
329
563
719
930
1256
1562
1666
1547
1399
1487
1885
2379
2680
2667
2500
2452
2635
2918
3046
2909
2643
2492
2561
2735
2771
2516
2076
1674
1475
1439
1350
1118
784
492
345
300
263
162
15
-108
-183
-199
-157
-91
0
50
32
-33
-101
-107
-85
-87
-146
-258
-347
-407
-464
-561
-718
-880
-1020
-1146
-1273
-1407
-1523
-1586
-1619
-1649
-1701
-1776
-1831
-1849
-1843
-1831
-1849
-1891
-1924
-1955
-1968
-2011
-2104
-2203
-2259
-2218
-2082
-1928
-1798
-1724
-1662
-1530
-1308
-999
-676
-371
-90
178
449
694
902
1063
1205
1349
1495
1621
1683
1692
1692
1718
1760
1796
1779
1715
1661
1658
1701
1740
1719
1646
1586
1598
1681
1752
1741
1643
1521
1459
1475
1517
1526
1465
1370
1275
1214
1175
1100
992
869
765
713
691
679
638
574
507
449
393
326
254
185
120
52
-61
-232
-450
-684
-889
-1085
-1304
-1584
-1901
-2210
-2466
-2649
-2788
-2925
-3084
-3253
-3397
-3455
-3392
-3217
-3010
-2856
-2779
-2693
-2497
-2165
-1771
-1484
-1350
-1289
-1155
-854
-482
-199
-91
-83
-20
182
463
696
820
909
1072
1327
1600
1784
1868
1923
2036
2213
2356
2392
2333
2252
2208
2171
2058
1817
1504
1215
1007
855
676
454
230
88
45
57
53
25
51
172
384
619
779
875
956
1082
1247
1383
1440
1415
1378
1361
1357
1331
1247
1139
1035
969
929
869
786
688
610
556
490
391
254
84
-78
-243
-421
-630
-899
-1199
-1501
-1768
-2015
-2280
-2563
-2861
-3131
-3348
-3520
-3645
-3746
-3809
-3818
-3784
-3675
-3505
-3280
-3011
-2743
-2454
-2146
-1787
-1400
-1035
-713
-437
-157
137
408
623
743
835
965
1124
1281
1355
1378
1415
1509
1662
1782
1854
1891
1942
2043
2141
2199
2179
2115
2075
2034
1992
1902
1774
1657
1547
1476
1408
1337
1284
1259
1288
1349
1414
1467
1509
1578
1660
1728
1754
1717
1652
1582
1514
1413
1239
1009
762
534
336
103
-192
-524
-841
-1103
-1330
-1555
-1811
-2070
-2285
-2439
-2536
-2628
-2727
-2817
-2871
-2862
-2804
-2732
-2667
-2607
-2519
-2389
-2224
-2067
-1946
-1839
-1724
-1572
-1408
-1256
-1127
-1016
-882
-706
-507
-320
-170
-52
86
245
419
572
672
736
799
881
970
1015
997
945
898
901
937
968
983
975
985
1042
1124
1212
1279
1337
1406
1495
1590
1634
1620
1570
1516
1483
1462
1456
1431
1386
1346
1315
1286
1237
1170
1107
1065
1047
1023
972
882
762
626
475
317
154
-1
-118
-222
-322
-432
-565
-672
-762
-815
-833
-849
-853
-855
-854
-864
-905
-983
-1090
-1201
-1293
-1361
-1413
-1474
-1547
-1643
-1771
-1913
-2041
-2126
-2153
-2121
-2044
-1954
-1888
-1840
-1816
-1783
-1720
-1613
-1463
-1294
-1116
-961
-841
-748
-680
-591
-479
-326
-139
35
209
359
494
628
753
906
1072
1262
1469
1653
1824
1943
2053
2160
2268
2401
2502
2604
2680
2709
2728
2681
2606
2496
2358
2244
2091
1943
1758
1542
1352
1133
945
759
560
406
246
122
9
-110
-210
-326
-399
-461
-517
-566
-647
-695
-740
-765
-768
-804
-829
-865
-891
-903
-930
-945
-981
-997
-1010
-1031
-1036
-1075
-1097
-1123
-1156
-1157
-1174
-1172
-1189
-1217
-1241
-1295
-1334
-1389
-1438
-1468
-1516
-1538
-1579
-1606
-1606
-1616
-1594
-1574
-1541
-1482
-1419
-1327
-1239
-1152
-1042
-935
-793
-634
-477
-305
-141
39
227
425
640
856
1090
1315
1537
1760
1964
2163
2344
2523
2689
2837
2969
3045
3098
3097
3061
3018
2925
2824
2672
2493
2301
2067
1837
1574
1315
1066
799
561
314
96
-92
-278
-418
-554
-671
-778
-888
-971
-1062
-1132
-1189
-1240
-1274
-1334
-1388
-1447
-1517
-1560
-1614
-1646
-1660
-1670
-1634
-1608
-1556
-1487
-1416
-1304
-1205
-1086
-957
-848
-724
-632
-541
-453
-397
-329
-293
-267
-236
-230
-221
-231
-241
-246
-261
-253
-247
-227
-204
-194
-173
-163
-155
-136
-122
-88
-60
-30
14
40
66
82
90
123
156
207
282
345
417
486
561
657
757
879
999
1132
1277
1401
1523
1621
1710
1792
1851
1903
1926
1929
1910
1855
1781
1669
1534
1375
1206
1034
848
666
472
282
93
-97
-266
-429
-566
-686
-788
-868
-948
-1012
-1085
-1158
-1218
-1298
-1368
-1439
-1504
-1555
-1613
-1656
-1706
-1758
-1795
-1826
-1819
-1797
-1747
-1675
-1604
-1503
-1416
-1324
-1222
-1120
-994
-862
-722
-580
-444
-308
-185
-71
33
127
225
316
408
494
561
611
657
694
715
747
781
817
864
911
962
1012
1058
1108
1156
1208
1271
1330
1382
1428
1460
1482
1493
1492
1474
1446
1411
1364
1299
1214
1126
1028
928
837
741
646
549
450
362
271
181
89
0
-82
-162
-245
-332
-416
-509
-597
-671
-738
-788
-836
-881
-916
-949
-974
-1003
-1030
-1042
-1054
-1064
-1081
-1111
-1137
-1166
-1202
-1233
-1259
-1284
-1307
-1331
-1347
-1353
-1358
-1354
-1341
-1305
-1252
-1181
-1092
-1000
-898
-808
-723
-630
-542
-439
-329
-222
-119
-29
50
126
196
267
352
444
548
655
757
853
937
1015
1092
1185
1291
1407
1528
1632
1720
1795
1854
1906
1948
1984
2012
2029
2039
2026
1990
1926
1831
1722
1598
1472
1342
1202
1057
909
758
601
434
259
82
-85
-245
-396
-534
-662
-782
-899
-1008
-1107
-1199
-1281
-1351
-1405
-1447
-1481
-1514
-1537
-1556
-1566
-1571
-1572
-1566
-1558
-1545
-1529
-1511
-1492
-1477
-1464
-1454
-1446
-1430
-1408
-1367
-1316
-1260
-1199
-1134
-1061
-985
-893
-795
-692
-577
-463
-337
-210
-81
53
182
309
433
553
670
776
878
970
1057
1139
1209
1275
1329
1383
1438
1487
1537
1577
1610
1647
1680
1713
1744
1765
1779
1783
1775
1760
1735
1683
1620
1539
1446
1347
1231
1099
954
800
646
488
330
172
22
-113
-237
-344
-438
-527
-598
-655
-696
-729
-757
-779
-805
-829
-853
-879
-909
-947
-989
-1025
-1070
-1125
-1175
-1227
-1278
-1321
-1363
-1400
-1435
-1466
-1488
-1505
-1511
-1505
-1498
-1480
-1456
-1423
-1388
-1352
-1308
-1257
-1197
-1135
-1070
-997
-918
-832
-738
-640
-540
-430
-320
-204
-74
54
186
320
455
598
743
892
1038
1177
1315
1446
1573
1694
1806
1905
1994
2067
2127
2169
2193
2202
2195
2174
2143
2101
2046
1979
1891
1794
1679
1555
1422
1276
1130
971
811
644
464
284
105
-66
-225
-382
-533
-671
-797
-911
-1008
-1098
-1172
-1221
-1263
-1286
-1295
-1303
-1291
-1275
-1248
-1210
-1170
-1123
-1073
-1021
-970
-918
-874
-832
-792
-759
-733
-710
-696
-694
-702
-725
-754
-788
-827
-863
-899
-937
-969
-1001
-1018
-1037
-1045
-1044
-1044
-1020
-992
-953
-895
-836
-765
-692
-612
-517
-421
-307
-191
-71
58
195
344
494
644
789
933
1074
1216
1365
1500
1642
1770
1881
1991
2074
2150
2213
2254
2290
2306
2307
2288
2246
2198
2129
2047
1950
1837
1721
1599
1461
1313
1155
987
815
632
460
289
106
-77
-266
-451
-630
-813
-994
-1170
-1337
-1492
-1642
-1774
-1888
-1991
-2078
-2152
-2204
-2232
-2244
-2238
-2218
-2187
-2140
-2078
-1996
-1904
-1807
-1686
-1555
-1414
-1268
-1118
-963
-814
-660
-505
-361
-218
-80
47
167
267
358
441
507
565
609
647
668
687
701
709
719
721
723
728
726
729
738
748
756
756
751
745
740
740
742
734
729
719
701
683
660
635
606
578
551
533
513
498
486
476
474
467
474
492
519
558
595
632
677
720
757
789
813
822
816
796
758
705
626
528
414
291
159
12
-138
-296
-460
-620
-778
-939
-1093
-1228
-1352
-1458
-1547
-1622
-1671
-1707
-1721
-1713
-1688
-1643
-1581
-1506
-1415
-1314
-1205
-1085
-962
-840
-719
-602
-495
-399
-305
-225
-148
-90
-45
-1
23
46
58
64
72
68
65
67
65
70
85
102
126
162
204
261
327
397
469
546
630
711
793
873
946
1013
1080
1135
1175
1212
1232
1246
1246
1231
1206
1172
1141
1108
1073
1045
1017
987
962
936
908
880
852
827
797
763
719
668
615
555
488
421
347
264
172
70
-37
-151
-267
-390
-515
-641
-767
-892
-1015
-1136
-1259
-1376
-1491
-1596
-1690
-1783
-1863
-1928
-1981
-2019
-2053
-2069
-2065
-2054
-2024
-1974
-1914
-1834
-1742
-1633
-1516
-1396
-1264
-1128
-984
-833
-680
-523
-374
-226
-77
66
210
345
484
626
756
885
1006
1127
1236
1336
1438
1534
1629
1712
1783
1843
1880
1904
1923
1926
1910
1885
1852
1811
1763
1706
1645
1579
1503
1422
1341
1250
1153
1048
944
839
732
619
512
407
301
200
101
6
-92
-178
-270
-358
-440
-518
-591
-662
-721
-778
-823
-866
-913
-949
-984
-1011
-1042
-1075
-1097
-1112
-1125
-1136
-1147
-1159
-1174
-1184
-1197
-1210
-1223
-1233
-1248
-1254
-1254
-1256
-1241
-1226
-1205
-1172
-1133
-1078
-1020
-952
-878
-796
-700
-604
-505
-398
-295
-191
-89
5
106
199
296
398
493
585
668
749
822
883
936
985
1029
1071
1110
1146
1173
1195
1215
1229
1247
1265
1276
1280
1280
1283
1286
1275
1258
1235
1205
1167
1113
1056
991
909
823
725
617
502
375
251
125
5
-111
-224
-327
-418
-503
-578
-645
-699
-742
-778
-800
-815
-818
-811
-799
-787
-779
-766
-753
-739
-730
-722
-713
-706
-704
-701
-697
-689
-675
-665
-655
-642
-631
-621
-600
-579
-557
-524
-487
-447
-401
-360
-326
-286
-247
-201
-154
-108
-54
-1
51
105
157
205
250
300
348
395
440
473
511
541
571
603
626
645
654
655
657
651
640
618
591
561
518
472
426
379
341
302
264
231
205
174
151
134
112
104
101
99
96
90
88
90
83
76
65
47
29
12
-10
-36
-68
-100
-134
-174
-205
-241
-272
-306
-343
-368
-397
-426
-445
-470
-487
-499
-515
-519
-529
-530
-518
-515
-501
-481
-454
-423
-396
-360
-323
-288
-242
-194
-141
-91
-52
-11
25
61
90
119
148
172
190
200
208
214
220
217
217
219
220
218
223
230
241
254
277
302
320
340
363
383
407
438
461
487
513
531
540
546
551
554
552
545
537
520
500
478
457
437
407
381
355
322
294
256
218
173
115
59
-11
-73
-141
-224
-306
-403
-492
-589
-693
-784
-879
-961
-1042
-1110
-1166
-1218
-1252
-1281
-1292
-1290
-1280
-1247
-1217
-1165
-1103
-1043
-954
-867
-756
-641
-525
-394
-281
-147
-23
100
229
339
465
561
661
752
819
893
930
982
1011
1021
1035
1009
1007
979
957
940
893
875
820
784
754
704
690
633
607
581
536
520
464
439
401
358
340
279
247
187
128
88
17
-22
-90
-150
-204
-276
-318
-382
-414
-463
-505
-521
-552
-540
-554
-542
-527
-519
-477
-464
-419
-393
-367
-320
-311
-274
-260
-243
-217
-217
-188
-188
-173
-157
-154
-135
-146
-127
-128
-124
-112
-130
-108
-118
-110
-97
-111
-93
-112
-109
-107
-114
-92
-107
-91
-88
-83
-54
-60
-24
-18
6
33
31
76
69
97
112
113
152
137
169
167
169
197
178
212
192
192
207
176
199
176
177
186
166
186
164
167
165
150
165
154
168
177
177
187
176
178
169
165
159
144
134
116
108
91
81
69
53
45
35
38
37
37
38
35
31
19
17
10
-8
-27
-55
-83
-112
-158
-199
-241
-280
-307
-340
-366
-387
-402
-397
-390
-377
-356
-329
-289
-238
-190
-148
-96
-48
1
55
89
132
161
179
201
198
207
202
188
183
158
145
119
85
63
31
6
-23
-50
-68
-94
-105
-117
-129
-129
-134
-121
-102
-87
-58
-44
-16
13
34
72
93
125
149
164
203
221
241
254
259
276
260
257
247
223
209
170
149
122
84
57
20
-6
-31
-56
-69
-88
-105
-117
-128
-131
-127
-123
-122
-121
-120
-124
-125
-132
-136
-143
-155
-165
-172
-174
-178
-185
-189
-189
-177
-167
-149
-126
-106
-84
-64
-44
-22
-7
7
18
30
48
56
64
70
75
82
90
104
118
131
142
157
174
189
199
207
213
215
213
213
204
196
185
171
159
137
110
74
35
-6
-43
-80
-123
-165
-204
-239
-266
-293
-312
-317
-316
-304
-286
-261
-226
-187
-141
-91
-41
9
58
98
131
156
174
188
194
200
200
193
187
179
170
162
160
155
150
143
136
132
121
107
88
68
45
18
-8
-36
-65
-92
-121
-147
-171
-196
-205
-211
-221
-226
-235
-235
-234
-223
-203
-182
-154
-127
-100
-66
-29
9
44
65
89
109
113
114
109
98
85
65
44
24
0
-16
-31
-38
-41
-36
-28
-17
-1
9
26
42
55
69
71
74
72
66
58
47
32
18
2
-4
-7
-10
-6
-6
1
14
27
41
59
73
85
96
106
110
110
108
113
119
119
114
110
113
105
93
84
72
65
61
51
36
25
6
-8
-26
-47
-51
-61
-70
-80
-100
-102
-113
-117
-130
-159
-166
-188
-201
-225
-260
-268
-283
-287
-298
-307
-303
-303
-292
-287
-275
-263
-250
-226
-205
-170
-144
-119
-84
-57
-15
18
52
86
107
142
160
188
208
217
235
236
256
261
251
259
244
258
260
255
266
252
279
294
300
321
318
347
355
357
361
346
344
327
318
306
281
270
248
242
228
207
195
164
143
117
90
66
28
-4
-43
-75
-110
-152
-182
-230
-270
-311
-356
-380
-404
-426
-451
-466
-474
-473
-471
-475
-468
-463
-437
-410
-391
-354
-335
-292
-253
-221
-174
-147
-88
-39
-5
33
45
76
91
108
137
143
166
169
175
190
188
199
193
190
188
174
171
149
127
103
75
57
24
2
-22
-47
-55
-68
-69
-67
-62
-54
-45
-27
-11
11
37
54
80
94
103
115
121
131
133
134
132
132
137
138
137
132
131
128
126
119
107
99
78
58
40
20
11
-6
-19
-24
-31
-28
-30
-28
-26
-31
-27
-33
-44
-51
-67
-75
-86
-101
-108
-121
-133
-145
-156
-157
-167
-177
-187
-199
-197
-201
-203
-204
-206
-196
-201
-193
-190
-188
-171
-166
-149
-133
-122
-94
-81
-50
-24
1
33
54
88
103
124
144
153
174
169
191
208
216
239
236
250
244
235
236
213
206
197
186
166
143
130
113
108
87
80
84
86
104
115
128
139
146
159
161
162
161
155
148
126
103
75
51
23
-11
-39
-69
-90
-112
-134
-155
-188
-213
-228
-254
-284
-313
-335
-359
-383
-426
-458
-481
-508
-515
-541
-549
-543
-541
-520
-517
-511
-483
-462
-431
-403
-370
-330
-287
-243
-202
-151
-101
-37
23
72
127
177
225
274
319
364
418
455
486
519
539
570
596
610
626
634
645
655
666
671
672
676
681
679
676
669
661
654
640
625
606
578
547
504
457
407
360
311
259
210
155
92
18
-56
-126
-198
-265
-331
-395
-447
-502
-554
-597
-632
-663
-691
-712
-722
-727
-732
-732
-724
-720
-719
-705
-685
-668
-656
-635
-609
-579
-549
-527
-495
-461
-430
-390
-350
-310
-269
-229
-188
-140
-101
-65
-23
14
42
65
100
131
154
181
215
257
287
312
346
380
409
426
445
469
483
499
508
527
544
541
548
550
550
541
519
509
498
479
452
418
388
364
327
290
253
213
172
131
94
61
24
-10
-43
-68
-90
-119
-133
-141
-147
-151
-153
-145
-134
-128
-119
-109
-91
-80
-78
-74
-77
-72
-81
-97
-106
-124
-144
-173
-204
-237
-271
-302
-331
-356
-376
-399
-410
-419
-432
-428
-421
-410
-390
-372
-352
-326
-297
-269
-232
-196
-158
-114
-71
-21
27
70
112
149
178
209
237
260
284
297
310
325
338
354
354
348
351
344
337
330
316
304
293
278
260
240
210
186
165
136
104
68
36
10
-25
-56
-73
-91
-103
-116
-135
-139
-144
-148
-148
-152
-147
-140
-134
-123
-116
-112
-98
-88
-82
-78
-74
-70
-68
-73
-80
-86
-93
-95
-96
-95
-91
-90
-83
-81
-78
-74
-68
-55
-45
-30
-14
-3
10
14
20
23
16
13
7
5
3
-4
-8
-17
-12
-15
-17
-1
6
13
21
30
46
56
66
83
101
114
125
140
149
153
149
147
148
138
132
125
123
119
102
87
73
56
37
16
-3
-18
-34
-53
-71
-79
-88
-98
-106
-113
-119
-120
-119
-116
-114
-109
-93
-84
-69
-43
-19
-5
0
17
34
47
47
50
65
64
56
53
58
55
39
28
29
25
6
-14
-15
-19
-32
-53
-65
-59
-71
-89
-81
-68
-66
-83
-89
-68
-60
-70
-73
-54
-37
-41
-45
-31
-14
-18
-26
-9
12
12
4
9
23
25
13
18
33
38
33
36
47
55
54
52
62
70
60
51
55
56
52
39
31
28
26
23
23
23
19
20
19
26
31
26
23
17
20
23
19
16
13
11
5
-2
-2
-8
-10
-10
-12
-14
-18
-22
-29
-30
-26
-29
-30
-24
-18
-6
-6
-12
-9
-10
-10
-7
-4
-2
-7
-10
-11
-11
-10
-10
-9
-10
-17
-17
-22
-25
-28
-30
-26
-24
-26
-27
-29
-25
-19
-20
-22
-25
-26
-26
-27
-30
-36
-39
-35
-25
-21
-16
-17
-7
3
9
19
22
29
33
32
34
31
30
34
32
29
23
21
27
29
28
22
24
22
14
21
30
34
29
28
33
33
30
27
35
36
23
15
14
18
14
6
11
18
20
19
23
27
26
27
26
31
32
25
24
28
26
17
5
2
-1
-16
-24
-31
-41
-57
-69
-73
-75
-86
-97
-97
-91
-96
-95
-87
-76
-67
-69
-59
-52
-49
-49
-48
-36
-33
-40
-42
-42
-34
-36
-34
-38
-44
-41
-41
-35
-28
-25
-19
-11
-4
2
12
16
24
35
43
52
58
64
69
72
81
84
86
92
94
96
99
104
104
108
121
127
129
129
125
123
119
108
100
91
82
69
58
49
35
27
16
7
1
-1
-3
-16
-24
-34
-42
-48
-68
-74
-73
-77
-71
-80
-79
-77
-83
-83
-94
-93
-95
-101
-102
-108
-97
-92
-97
-89
-87
-85
-86
-90
-88
-94
-92
-95
-97
-96
-94
-86
-85
-83
-88
-90
-81
-74
-64
-55
-43
-37
-29
-24
-19
-5
5
14
29
47
68
85
102
118
133
149
163
174
180
183
183
187
191
188
189
187
181
183
173
168
165
156
144
132
115
103
90
69
59
45
36
29
9
-7
-28
-49
-61
-75
-85
-98
-103
-102
-112
-119
-126
-133
-128
-126
-132
-135
-137
-136
-134
-138
-139
-138
-136
-126
-122
-114
-104
-99
-97
-94
-90
-86
-78
-64
-52
-40
-31
-33
-32
-26
-15
-4
5
15
17
19
27
35
37
35
32
35
40
44
44
41
44
44
48
53
59
72
77
86
91
97
105
103
114
123
124
126
122
119
118
114
108
105
97
94
89
79
73
63
51
42
38
36
29
19
12
7
5
-1
-20
-35
-42
-51
-59
-66
-70
-76
-85
-91
-93
-98
-106
-109
-108
-103
-99
-102
-106
-108
-112
-113
-111
-107
-102
-98
-91
-81
-73
-69
-69
-57
-44
-42
-35
-21
-6
7
15
25
43
59
66
69
76
78
71
64
54
41
25
8
2
-13
-26
-25
-31
-30
-27
-21
-12
3
20
25
35
48
62
79
87
100
103
103
108
96
92
82
60
48
29
17
3
-12
-17
-27
-28
-29
-31
-24
-23
-17
-14
-11
-4
2
13
14
15
25
30
30
32
27
24
21
9
5
-5
-10
-17
-30
-31
-34
-28
-23
-19
-10
-16
-11
-6
-8
-2
-21
-25
-31
-51
-54
-72
-78
-85
-98
-89
-99
-92
-84
-82
-61
-54
-40
-29
-21
-7
-2
12
16
14
22
17
21
21
14
22
13
14
12
1
8
8
11
11
15
28
24
24
26
30
40
36
42
49
49
49
40
39
37
37
39
35
40
38
30
26
20
14
1
-3
1
-4
-8
-12
0
8
12
23
27
29
26
24
25
20
21
17
13
9
1
-5
-11
-17
-22
-29
-38
-42
-43
-44
-45
-44
-40
-31
-28
-25
-21
-23
-26
-31
-36
-40
-42
-39
-41
-36
-28
-20
-14
-11
-5
-2
3
7
10
8
9
6
4
4
0
-5
-6
-3
4
10
15
28
43
48
50
48
50
47
36
29
19
2
-13
-23
-35
-41
-44
-50
-44
-36
-28
-15
-8
2
14
