0
7
18
27
32
31
30
29
29
35
45
44
43
44
47
53
48
48
43
37
40
35
38
34
26
33
17
9
3
-10
-2
-10
-11
-15
-21
-18
-30
-27
-31
-37
-40
-48
-47
-51
-44
-45
-50
-45
-43
-41
-48
-54
-55
-58
-53
-54
-50
-48
-43
-40
-44
-44
-36
-32
-31
-22
-25
-22
-21
-15
-1
-4
0
-2
-2
19
29
42
43
43
44
44
66
74
84
93
91
96
98
107
105
110
108
103
110
112
121
111
110
105
95
95
80
77
66
58
40
20
13
-4
-3
-15
-28
-44
-65
-77
-100
-106
-120
-129
-136
-149
-156
-154
-147
-148
-142
-145
-138
-131
-129
-113
-113
-102
-101
-93
-75
-62
-46
-53
-51
-57
-47
-24
-17
3
-6
-4
-14
-17
9
14
43
40
35
37
27
51
52
72
76
69
86
78
95
100
115
118
104
114
107
125
120
115
112
99
96
85
88
82
87
83
81
91
82
80
64
53
47
41
53
56
56
36
-2
-31
-64
-70
-72
-66
-50
-76
-101
-152
-191
-212
-212
-170
-152
-115
-132
-160
-183
-214
-190
-170
-105
-70
-48
-41
-79
-75
-86
-45
0
47
90
80
80
34
34
33
49
93
96
123
96
73
40
9
17
8
36
42
63
58
31
17
-21
-2
3
31
54
58
74
48
53
35
45
67
64
91
79
83
71
55
60
49
71
64
54
47
20
19
-1
-5
-14
-32
-25
-41
-38
-46
-51
-51
-62
-54
-68
-68
-77
-94
-84
-91
-76
-68
-66
-58
-69
-71
-74
-79
-75
-68
-60
-44
-41
-38
-39
-49
-39
-48
-36
-26
-21
0
10
36
35
37
31
31
59
66
106
111
119
123
98
100
81
91
99
109
120
110
108
81
61
40
17
20
12
20
15
-7
-19
-39
-34
-37
-35
-42
-52
-53
-74
-66
-75
-77
-68
-66
-47
-53
-55
-55
-62
-59
-57
-42
-30
-26
-19
-13
-14
-20
-20
-26
-13
0
8
11
13
17
9
14
12
11
17
17
22
11
16
12
4
9
10
22
31
38
32
26
15
12
11
15
28
24
26
12
0
-3
-9
-8
-12
-11
-8
-15
-22
-15
-14
-13
-13
-11
9
17
39
39
41
47
38
51
46
63
58
54
59
55
59
39
39
26
26
40
39
46
30
13
-3
-15
-8
0
9
10
-13
-31
-47
-59
-36
-37
-36
-46
-84
-89
-111
-101
-94
-91
-79
-99
-100
-124
-121
-125
-121
-108
-113
-75
-78
-56
-54
-57
-46
-49
-7
5
40
38
23
30
15
37
49
75
91
94
84
70
75
76
94
86
95
87
90
96
74
75
49
49
42
53
81
71
70
31
36
31
38
65
38
60
31
20
28
16
46
12
16
-5
-14
7
-18
7
-21
-35
-41
-51
-30
-29
-13
-26
-46
-45
-45
-46
-23
-18
-33
-38
-54
-49
-45
-29
-48
-66
-51
-73
-68
-66
-55
-49
-65
-70
-95
-64
-55
-57
-36
-52
-55
-74
-63
-50
-27
-4
-22
-2
-3
3
9
22
30
20
40
16
33
48
56
75
52
50
23
45
62
67
91
66
72
60
67
83
90
108
92
88
75
77
75
82
90
72
77
56
50
42
37
42
14
27
5
-1
10
-14
-15
-35
-43
-67
-55
-36
-43
-23
-50
-78
-93
-85
-85
-78
-45
-61
-72
-75
-99
-106
-94
-87
-73
-63
-41
-62
-52
-43
-72
-44
-44
-18
-18
-5
1
-38
-18
-57
-39
-19
-13
11
-19
10
-32
-8
10
-12
28
3
31
13
39
58
40
80
44
52
58
79
93
88
93
69
80
78
98
90
86
73
41
50
30
61
41
41
38
14
36
10
22
-11
-12
-16
-41
-4
-20
-5
-25
-41
-39
-59
-47
-41
-37
-26
-43
-43
-39
-44
-35
-43
-34
-35
-36
-31
-38
-40
-39
-40
-33
-41
-35
-35
-39
-21
-29
-15
-13
-9
10
3
17
-1
21
34
27
54
28
57
46
49
57
38
64
31
47
37
34
37
19
25
10
7
-5
-10
-21
-29
-56
-51
-68
-64
-58
-92
-61
-85
-58
-69
-71
-20
-49
-1
-20
2
19
18
51
39
83
73
89
87
87
106
86
89
76
82
75
74
54
58
57
31
42
9
20
-3
-15
-7
-40
-29
-51
-50
-41
-42
-45
-52
-36
-46
-45
-64
-59
-61
-55
-58
-71
-49
-54
-37
-45
-31
-26
-27
-19
-38
-5
-22
-6
3
-20
19
-11
-15
-17
-20
1
-6
15
18
26
17
23
13
3
57
39
70
86
65
99
56
70
67
76
97
76
87
67
86
27
13
14
10
19
-29
-2
-34
-41
-43
-79
-55
-37
-43
-58
-57
-20
-54
-52
-24
-51
11
-2
-23
-21
-20
0
-59
-25
0
-13
30
-12
-28
-4
-20
-28
-48
21
18
-23
15
-44
-13
-23
-31
-37
-21
44
-38
-27
-18
-50
-43
-44
-37
-2
30
10
3
-7
19
-17
-14
16
13
63
0
13
3
2
39
-23
55
47
53
71
10
91
50
57
76
46
121
83
66
76
95
65
29
61
-3
43
37
-24
27
22
30
-19
-29
10
-46
-35
-36
-70
14
-22
-74
-23
-67
-32
-63
-98
-12
-16
-26
-35
-23
-18
-45
-56
-80
-37
-21
-62
-63
-28
-14
-61
-76
-57
-38
-44
-42
-29
11
46
-24
-6
24
12
30
-4
30
44
41
53
40
75
45
4
-24
-20
-15
-7
41
44
77
68
27
-31
-52
-16
-9
62
74
83
86
1
-50
-105
-47
10
21
91
61
42
7
-95
-65
-34
31
66
22
60
30
21
-14
-16
10
11
44
-21
41
65
24
11
-29
5
-9
-22
-1
-43
-22
-6
-83
-45
-10
-34
-66
-85
-60
-95
-58
-44
-90
-23
-42
-62
-56
-46
22
-51
-2
5
-33
43
-6
47
39
54
59
3
89
42
76
62
55
73
32
97
44
79
47
21
40
-13
6
-17
15
-13
12
-3
-39
18
-56
-35
-45
-20
4
-27
43
-19
-24
-11
-39
-12
-15
5
18
21
29
20
19
5
-7
20
15
47
50
17
55
28
-19
-21
-17
-11
-31
-2
13
-1
-1
-38
-82
-74
-78
-135
-64
-9
-26
-26
-37
-39
-72
-65
-59
-41
-8
12
26
47
76
11
11
24
56
53
12
63
21
46
9
-30
76
49
20
5
66
93
-5
15
-24
-38
11
-38
-12
29
-9
-87
-59
-6
-37
-21
-52
11
75
63
282
206
-61
-180
-251
-147
-167
6
85
122
299
75
103
117
-22
-245
-234
-48
-97
147
63
-22
58
-83
-150
-82
29
77
195
162
203
93
17
-56
-348
-177
-224
-50
149
63
272
75
7
-23
-132
-108
-224
-229
-178
-5
56
-9
8
-108
89
158
-101
131
12
-114
28
-62
137
61
42
131
-61
224
156
-38
222
7
-16
165
72
-79
-143
-160
-35
386
191
169
176
-194
-170
-184
-21
-16
-72
-28
-34
-10
6
-386
-174
585
281
333
-248
-678
-529
-608
98
-143
229
301
61
403
-120
-46
-434
-207
142
13
554
177
40
-68
-190
148
-44
-20
222
332
581
323
-72
-164
-333
-270
-491
12
438
213
310
-63
62
-253
-414
-436
-630
33
-188
-261
259
252
-118
-278
-318
-110
140
2
-25
-119
258
146
-15
231
-117
197
32
80
231
-49
322
-43
420
426
41
203
-449
-3
22
7
370
167
406
-15
-152
-106
-227
257
163
127
251
-5
3
-22
-210
-350
-342
9
320
197
145
-156
-327
-126
-290
-118
-114
-228
-138
15
207
-80
-169
-291
-173
77
-135
-131
7
-24
-79
-25
-62
-44
-103
-112
-261
-78
69
-405
-100
-20
53
62
-174
-7
-170
231
27
-169
253
9
-97
-193
66
177
158
278
292
507
583
508
243
360
239
7
189
132
56
39
217
252
397
552
271
-2
-197
-189
-294
-297
-328
-333
10
-37
-125
-334
-376
-216
-413
-227
-19
142
40
-23
417
267
-16
-153
90
462
234
-14
18
316
336
283
205
93
-169
-542
-458
-445
-334
-663
-866
-381
-179
-234
-595
-592
-447
-385
-274
-208
-6
52
76
3
13
111
-50
-264
46
276
271
258
186
548
443
221
291
373
375
26
2
236
492
440
250
229
274
222
-15
159
283
46
-33
207
441
382
38
-162
-2
117
73
-74
-72
57
30
-83
46
-66
-153
-168
-241
-122
-129
-2
-252
-316
-283
-404
-282
-233
12
-84
-107
-254
-392
-134
-246
-249
-207
-151
116
301
356
371
328
243
51
-163
-277
-257
-129
-82
-2
-75
-215
-222
-233
-100
12
119
114
-50
41
-162
-341
-245
-293
-48
71
175
290
275
323
166
287
232
150
435
332
234
141
-70
-175
-264
-141
-91
134
451
344
365
313
408
358
36
-18
-172
-141
-367
-443
-426
-323
200
375
499
430
317
-79
-359
-206
-270
-233
-311
-302
-187
-323
-315
-414
-339
-27
84
263
159
181
154
29
134
-19
-24
66
277
381
162
-26
-18
46
80
239
320
375
235
48
-137
-290
-352
-406
-155
-1
8
-196
-406
-358
-301
-311
-409
-251
-117
-64
-42
-47
-44
-69
22
-19
27
72
126
170
139
213
73
27
62
184
415
394
390
223
171
199
46
87
14
9
-24
-132
-64
-74
-70
-110
-100
42
105
121
104
61
113
51
-67
-71
-154
-217
-331
-313
-112
-9
48
-13
-13
41
18
-24
-86
-88
-63
6
45
37
2
-46
10
49
99
56
32
161
160
139
66
-2
-92
-208
-182
-123
-9
-45
-162
-219
-263
-284
-307
-113
57
125
162
80
127
45
-89
-78
-57
199
427
637
743
537
454
277
110
166
163
306
339
220
94
-168
-233
-356
-388
-168
-115
-35
-153
-279
-289
-409
-468
-611
-571
-471
-462
-315
-282
-178
-107
-71
75
111
171
152
147
127
13
-71
-206
-268
-297
-265
-147
34
240
390
547
634
684
664
659
621
532
535
485
633
736
729
735
568
572
411
205
87
-163
-166
-367
-592
-784
-1180
-1354
-1663
-1736
-1735
-1860
-1726
-1814
-1701
-1609
-1615
-1409
-1323
-1029
-756
-364
126
472
896
1218
1557
1786
1941
2148
2313
2518
2606
2647
2722
2703
2538
2301
2063
1858
1687
1413
1072
736
331
-114
-526
-852
-1066
-1194
-1316
-1460
-1504
-1561
-1665
-1728
-1703
-1565
-1494
-1376
-1313
-1227
-1066
-1120
-1006
-841
-566
-240
-49
286
400
518
456
214
174
29
-53
-189
-295
-321
-449
-547
-649
-596
-476
-474
-519
-506
-415
-256
-17
344
863
1341
1650
1845
1952
2048
1961
1765
1570
1276
1053
632
204
-273
-849
-1290
-1814
-2005
-2237
-2378
-2496
-2734
-2743
-3012
-3081
-3283
-3330
-3213
-3140
-2691
-2346
-1678
-1101
-396
474
1344
2433
3349
4443
5309
6085
6553
6805
6944
6754
6530
6003
5621
5020
4388
3619
2699
1894
840
19
-958
-1711
-2474
-3251
-3810
-4468
-4886
-5464
-5843
-6150
-6272
-6202
-6102
-5728
-5347
-4720
-4121
-3367
-2511
-1597
-535
435
1518
2510
3421
4139
4636
4978
5215
5313
5227
4928
4379
3767
2979
2190
1322
466
-274
-1030
-1667
-2309
-2850
-3316
-3723
-3935
-3926
-3782
-3503
-3247
-2940
-2590
-2286
-1808
-1360
-759
-267
199
780
1298
1816
1983
2170
2353
2611
2709
2579
2446
2255
2233
2169
2473
2816
3190
3267
3089
3071
2741
2380
1379
449
-355
-1128
-1779
-2945
-3825
-4785
-5326
-5622
-5847
-5679
-5731
-5464
-5343
-5018
-4563
-4221
-3632
-3256
-2565
-1939
-1209
-381
314
1237
1958
2989
3994
5074
6097
6728
7433
7745
8176
8267
8181
7989
7409
6874
5903
5050
3942
2780
1567
265
-729
-1745
-2392
-3115
-3543
-3962
-4244
-4410
-4674
-4685
-5027
-5113
-5475
-5519
-5485
-5460
-5089
-4998
-4277
-3839
-2955
-2083
-1237
-26
664
1803
2400
3092
3465
3414
3506
3209
3215
2830
2486
2059
1649
1336
879
590
219
131
-152
-301
-543
-783
-867
-1147
-1142
-1357
-1363
-1354
-1317
-1137
-1135
-964
-814
-498
-208
24
235
444
559
545
478
431
548
522
562
395
268
203
330
991
1633
2282
2492
2817
3460
3990
4159
3494
2854
2434
2139
1626
422
-858
-2188
-3292
-4104
-4931
-5453
-6177
-6838
-7338
-7632
-7355
-7129
-6674
-6316
-5789
-4941
-4054
-2925
-2080
-1102
-62
1365
3022
4504
5809
6746
7943
8954
9986
10632
10976
11274
10974
10610
9678
8767
7643
6093
4458
2537
1104
-340
-1691
-3201
-4675
-5621
-6278
-6500
-7017
-7446
-7863
-7986
-7857
-7901
-7689
-7564
-6942
-6313
-5570
-4650
-3792
-2535
-1530
-241
1043
2407
3771
4549
5222
5499
5904
6141
5988
5569
4772
4172
3526
2843
1875
702
-268
-905
-1199
-1552
-1957
-2382
-2561
-2623
-2617
-2507
-2308
-1904
-1634
-1371
-1137
-824
-470
-329
-223
-214
-73
184
400
595
514
399
332
407
724
1009
1610
2318
3100
3673
3814
4021
3945
3796
3115
2231
1633
1032
569
-536
-1614
-2604
-3317
-3753
-4534
-5090
-5953
-6535
-7091
-7587
-7768
-8191
-8187
-8273
-7830
-7091
-6136
-4794
-3682
-2114
-649
1288
3303
5140
6911
8069
9354
10209
11126
11660
11730
11634
11012
10551
9602
8670
7501
6243
5093
3666
2528
1204
128
-1084
-2257
-3113
-3815
-4201
-4872
-5431
-5933
-6169
-6397
-6845
-7173
-7231
-6761
-6232
-5729
-5286
-4489
-3360
-2075
-876
167
1351
2399
3381
3854
4120
4194
4082
3836
3221
2671
1955
1376
658
-55
-629
-1139
-1362
-1638
-1670
-1746
-1680
-1650
-1692
-1670
-1730
-1504
-1362
-1128
-1036
-948
-731
-615
-421
-449
-363
-251
-87
241
465
712
594
483
866
1772
3048
3543
3566
3427
3674
4139
3649
2683
1261
721
503
65
-703
-2075
-2555
-2952
-2700
-2843
-3314
-3654
-4385
-4537
-5283
-5682
-6410
-7050
-7302
-7584
-6959
-6547
-5441
-4459
-3042
-1117
964
3718
5803
7898
9137
10368
11484
12051
12327
11512
10861
9812
8874
7559
5886
4531
3087
2199
1026
191
-551
-1267
-1895
-2824
-3281
-3763
-4057
-4649
-5351
-5774
-6141
-6298
-6760
-6953
-6803
-6148
-5264
-4553
-3681
-2713
-1291
85
1342
2315
3131
3942
4393
4607
4237
3805
3195
2528
1733
756
59
-662
-1157
-1902
-2412
-2552
-2409
-2120
-2296
-2366
-2342
-1841
-1314
-1045
-866
-681
-130
317
670
784
996
1352
1734
1980
1989
2122
2158
2218
1801
1471
1665
2482
3639
3894
3854
3583
3978
4215
3296
1675
-421
-1276
-2018
-2824
-4378
-6217
-7005
-7455
-6940
-6912
-6624
-6269
-5919
-5230
-5206
-4716
-4729
-4589
-4756
-5016
-4491
-4009
-2965
-2487
-1534
50
2216
4923
6995
9139
10764
12475
13787
14334
14340
13464
12589
11161
9489
7346
4890
2680
433
-1356
-3026
-4258
-5209
-5958
-6350
-6537
-6189
-5838
-5503
-5431
-5444
-5219
-5010
-4865
-5173
-5424
-5331
-4757
-4023
-3455
-2569
-1290
485
2159
3601
5044
6486
7805
8465
8417
7861
7111
6103
4673
2775
784
-811
-1942
-2995
-4114
-4938
-5180
-4601
-3990
-3556
-3351
-3035
-2220
-1466
-912
-1128
-1414
-1609
-1557
-1272
-1343
-1065
-987
-639
-198
339
1111
1433
2206
3383
5454
6902
7118
6995
6948
7746
7048
5033
2207
35
-782
-1939
-3303
-5859
-7668
-8563
-8419
-7906
-8506
-8545
-8760
-7921
-7432
-7278
-6758
-6845
-6494
-6886
-6301
-5482
-4486
-3343
-2542
-527
1277
4221
7156
9972
12387
13754
15750
17063
18107
17572
16422
15209
13410
11529
8500
5902
3082
640
-1523
-3666
-5072
-6518
-7037
-7540
-7538
-7467
-7460
-7252
-7829
-8066
-8451
-8436
-8742
-9604
-9812
-9309
-7681
-6565
-5590
-4372
-2368
552
2815
4974
6521
8332
10089
10966
11048
10074
9277
8153
7022
5196
3169
1611
-34
-1072
-2460
-3126
-3194
-2970
-2636
-2704
-2317
-1791
-1103
-1328
-1929
-2576
-2888
-2671
-3067
-3560
-4367
-4434
-3899
-3128
-2473
-1549
924
3680
6260
7275
8053
9536
10312
9880
7476
5027
3136
1701
-305
-3283
-6164
-8651
-9434
-9819
-10375
-10895
-11148
-10189
-9124
-8457
-8091
-7580
-7109
-7024
-6961
-6793
-6126
-5503
-5027
-3898
-2140
325
3407
6399
9375
12387
15524
18889
21448
22459
22420
22009
21166
19433
16244
12295
8590
5022
1675
-1450
-4371
-6843
-8583
-9585
-9410
-8635
-8141
-7477
-7293
-7106
-6815
-7107
-7716
-9236
-10757
-11315
-10915
-10496
-10605
-10315
-8966
-6015
-3212
-851
1589
3864
6662
8808
10147
10694
10549
9961
9036
7703
5545
3730
1564
-325
-1996
-3636
-3952
-4105
-3872
-3865
-3599
-2551
-1235
22
252
442
375
626
739
194
-471
-1668
-2011
-1276
813
2773
3691
4631
6216
9018
10508
10404
9161
7895
7363
6056
4354
1058
-2633
-5951
-8341
-9539
-11675
-13385
-14937
-15205
-14646
-14373
-13335
-12698
-11643
-10970
-9620
-7795
-6607
-5370
-4840
-3105
-1439
407
2914
5198
8036
10002
12609
15735
18720
20895
21584
22376
22601
22436
20974
18377
15341
11417
7696
3886
422
-3093
-6503
-8781
-10265
-11009
-11679
-11836
-11471
-10974
-10458
-9883
-9079
-8743
-8834
-8947
-8558
-8117
-7972
-7903
-7355
-6170
-5016
-3653
-2187
-240
1723
3491
5183
6386
7321
7675
8043
7872
6982
5752
4294
3221
1773
85
-1377
-2177
-2632
-3100
-3362
-3389
-2839
-2456
-1912
-1175
-437
442
873
1360
1907
3304
5301
6611
7009
6647
7627
9384
9882
8683
6350
5196
4971
4291
2665
-106
-2709
-4629
-5571
-6309
-8047
-9901
-11648
-12294
-12553
-13183
-13292
-13705
-13843
-13906
-13153
-11656
-10433
-9390
-8508
-6237
-3749
-871
1973
4326
6961
8957
11748
14423
16686
17895
18259
19291
19690
19760
18262
16376
14573
12197
9886
6726
4154
1370
-1143
-3256
-5444
-6683
-8349
-9307
-10290
-11335
-11757
-12166
-11786
-11808
-11253
-10196
-8943
-7653
-7029
-5371
-3415
-1198
237
1050
2657
4136
5567
5824
5883
5849
5902
6007
5108
4466
3199
2490
1652
498
-464
-2090
-2623
-3509
-4199
-5109
-6155
-6029
-6109
-5740
-5569
-4862
-3756
-2581
-905
1489
5056
7470
9242
10707
12779
15244
15650
14839
12961
11551
10236
8463
6395
2886
-528
-3827
-5610
-6763
-9257
-11651
-13975
-14856
-15357
-16224
-16430
-16878
-17204
-17566
-16790
-14931
-13374
-12240
-11294
-9003
-6086
-2782
781
4081
7211
9698
13018
16638
19664
21224
21423
22380
22965
22806
21336
18778
16462
13589
10722
7868
4984
1957
-916
-3027
-4786
-6228
-8284
-9800
-10828
-12038
-12870
-13770
-13879
-14183
-14476
-14223
-13234
-11625
-10827
-9304
-7414
-4626
-1806
-130
2400
4551
6826
8523
9341
10150
10338
10359
9868
9440
8059
6552
5233
3741
2594
224
-1265
-2255
-3173
-4162
-5846
-6249
-6636
-6722
-7109
-7633
-7369
-7040
-4910
-2285
-114
1299
2393
5165
8053
9628
9767
9712
10321
10843
10688
9712
8133
5878
3766
2256
878
-1339
-4022
-6210
-7826
-9318
-11417
-12758
-13546
-14453
-15383
-15751
-14611
-13476
-12651
-12182
-10790
-8319
-6023
-3348
-1103
1444
3761
6250
9629
12248
14303
15417
17144
19189
20164
20345
19548
18912
17332
14973
12526
10323
7978
4243
1111
-1848
-4057
-6005
-8891
-10964
-13232
-14299
-14318
-13860
-13360
-14079
-13544
-12099
-9890
-8797
-8567
-7261
-6103
-3936
-2844
-1689
280
1497
2988
3986
5746
7298
8639
9599
9440
9364
8618
8367
7563
5709
3072
133
-1428
-2925
-4664
-6895
-8200
-8364
-7985
-6611
-5142
-2122
847
3052
5228
7210
9925
11049
10791
9330
7630
7182
6424
5678
3185
187
-1660
-2340
-1507
-2592
-4490
-6029
-6434
-5773
-6925
-8402
-10305
-11690
-12614
-13873
-13784
-14007
-13901
-13697
-12580
-9601
-6991
-3948
-1396
1629
5014
7735
11176
13607
15526
16317
17049
18749
19208
19016
17376
16163
15375
13823
12252
10002
8657
6250
3808
2084
-571
-2526
-5859
-8738
-10877
-13126
-14368
-16187
-16625
-17193
-17437
-16230
-14914
-12824
-12014
-9988
-7351
-4940
-1911
-784
1584
4147
6052
7806
8982
10953
11856
12642
12594
12132
11838
10400
9008
6723
4550
1958
-967
-3178
-6129
-9141
-11696
-12936
-13544
-14115
-14023
-12350
-8744
-5560
-3314
-1107
2234
5792
7826
8768
9082
9523
9801
9986
9823
8871
7421
5981
5937
5850
4450
2602
1009
72
-1537
-4295
-6692
-8427
-10627
-13390
-15658
-16335
-15974
-16079
-15953
-14598
-12222
-9455
-6424
-2992
283
3037
5373
8331
11255
12800
13703
14596
15851
16540
16494
16841
17352
17280
16121
15243
15259
14475
12458
9789
7182
4838
1528
-2628
-6644
-10400
-13772
-16700
-18505
-19908
-21205
-21472
-20285
-17827
-16024
-14032
-11382
-8301
-4743
-2763
-701
1746
3491
4622
5410
7110
8443
9343
9562
9669
10512
10759
10836
10106
9042
7571
5664
4271
1690
-1670
-5270
-8073
-9606
-11350
-12371
-12042
-10413
-8607
-7285
-5094
-1959
937
2212
2620
3762
5163
6069
5737
4615
3812
2699
2208
2506
1727
704
11
118
1054
544
-938
-1794
-2206
-3105
-4797
-6116
-6857
-7294
-8293
-9237
-8548
-7741
-6578
-4951
-3596
-1590
492
3238
6481
8666
9490
10181
12320
14250
14771
13787
12877
13307
13312
13199
12297
10950
9891
8138
6970
5483
3082
-129
-3350
-5286
-7828
-10264
-12618
-14950
-16081
-17197
-17292
-16810
-15914
-15030
-14303
-11492
-8980
-6509
-4163
-2428
707
3235
5744
7958
9627
11338
12013
13098
13764
13800
13041
11296
10018
7989
5780
3486
455
-2000
-4987
-7704
-8936
-9944
-9774
-9696
-9835
-8858
-7757
-5412
-3727
-3224
-2973
-3130
-1492
-487
-150
-344
-1755
-1445
-1374
-556
-41
-1089
-479
-410
930
1748
877
1446
562
291
-831
-2209
-2016
-3429
-3793
-5131
-5246
-3782
-3557
-1553
-962
523
2560
4189
7570
8830
9986
10383
11326
13231
12948
12824
11307
10816
11162
10458
10379
9115
8179
6793
5712
5162
3226
1244
-1711
-3786
-5415
-7260
-8907
-11427
-13105
-14660
-15375
-15362
-15237
-15371
-15753
-14090
-12168
-9647
-7502
-6029
-3123
-275
3050
5697
7901
10084
11415
12703
13396
13745
12650
11019
9353
6895
5011
2640
492
-1400
-3820
-5363
-6014
-5029
-3528
-3437
-3464
-2809
-1300
216
101
-1335
-3105
-3847
-3881
-4399
-5348
-7057
-8267
-8573
-7842
-6503
-6290
-5386
-4353
-3178
-1216
-667
384
986
628
374
-531
45
26
-834
-1679
-2391
-824
365
1984
3603
4455
6506
7753
9866
11615
11802
11710
10903
11186
10589
9064
7337
5320
4743
3793
3111
3127
2580
2124
1670
1660
1842
1225
115
-871
-1668
-2356
-3630
-5357
-6970
-8467
-9607
-10322
-9779
-9916
-10670
-10084
-9481
-7654
-5785
-4608
-2600
-404
2029
3863
5794
7565
8622
9287
9309
9802
9236
7886
6607
4375
2299
302
-1522
-2939
-4218
-5588
-6466
-5022
-3287
-2456
-1729
-1317
206
989
435
-160
-1581
-2277
-3409
-4554
-5199
-6966
-8036
-9348
-9020
-8281
-9022
-7718
-6926
-5251
-4141
-4555
-2607
-1617
-600
-746
-1065
402
526
1513
1389
2029
3497
3518
5716
7166
8621
9521
9687
11811
12613
13215
12927
12619
12907
11255
10197
8635
7717
6810
4130
3262
2356
1281
-94
-2191
-3089
-4552
-5631
-6465
-7218
-7268
-8367
-8822
-8702
-8603
-8455
-9110
-8583
-7693
-7617
-7222
-6816
-6046
-5324
-4670
-3221
-984
1513
3091
5029
7717
9966
11848
12801
13600
13998
13089
11586
9493
7014
4023
720
-2127
-4460
-6467
-7999
-7886
-6624
-5940
-5238
-4048
-2310
-501
-492
-1214
-1516
-1869
-2609
-4245
-5760
-7522
-9271
-10349
-10906
-10557
-10830
-10471
-9016
-7351
-5493
-4825
-3425
-1892
-1223
-1027
-1162
121
647
781
931
1471
3670
4743
6181
7882
9434
11574
12796
14584
15671
15862
15732
15197
15143
13476
11369
9234
7529
6772
4270
2435
1169
-475
-1540
-3490
-4763
-6069
-7653
-8883
-10198
-10084
-10820
-11733
-11905
-11959
-10900
-10945
-10081
-8827
-8275
-6650
-5947
-4225
-2316
-1070
704
2408
5261
6948
8593
10712
11945
13499
13672
13995
14050
12971
11508
8890
6962
4418
1168
-1883
-4525
-5701
-6685
-6389
-5933
-5782
-4691
-3904
-2214
-1434
-2083
-2766
-3466
-3146
-4293
-6060
-7907
-9919
-10584
-11829
-11756
-11831
-12164
-11131
-10587
-8150
-6765
-5826
-4155
-3572
-1868
-1848
-1091
-39
-115
943
704
2536
4291
5348
7678
8815
11524
13153
14680
16878
17501
18423
17264
16701
16034
14044
12699
9769
8552
7158
4875
4051
2140
961
-785
-2526
-3413
-5191
-6277
-8475
-9799
-10430
-12266
-13232
-14576
-14462
-14322
-14813
-13673
-13158
-11687
-10108
-8879
-6556
-4601
-2296
-46
2965
5901
7507
9585
11479
13557
14879
14829
14862
14326
13412
11796
9519
7457
4922
2138
-30
-1484
-2197
-2343
-2404
-2413
-2234
-1832
-1409
-1289
-1953
-3695
-4922
-5477
-6505
-7701
-9798
-11792
-12607
-13007
-12590
-12634
-12532
-11601
-10497
-8394
-7201
-6152
-5007
-4493
-3373
-3517
-3005
-2170
-2119
-1366
-1297
447
2585
4536
7347
9031
11766
14055
16203
18490
18995
19629
18842
18220
17436
14868
12660
9867
8470
6762
4105
3213
1753
1148
398
-1211
-2219
-3871
-4621
-6144
-7671
-8749
-11201
-12418
-13508
-13947
-14760
-15762
-14663
-14678
-13310
-11580
-10315
-7516
-5812
-3289
-713
2423
5762
7402
9784
11391
13028
14031
14204
14320
12598
11249
9324
7500
5945
3165
843
-1068
-1443
-1152
-247
509
450
1363
2018
3372
3407
1750
-76
-2220
-2647
-4451
-6696
-9192
-12456
-13556
-14690
-14205
-14088
-14394
-13287
-12979
-10162
-8475
-7441
-5973
-6404
-5062
-5204
-4492
-3520
-4267
-3290
-3563
-1392
1070
2958
6391
7875
11465
14286
16893
20059
20575
21576
20291
19325
18310
15487
13195
9199
7294
5081
2456
1681
-558
-1192
-2210
-3011
-3048
-3993
-3887
-5604
-6102
-6260
-8060
-8944
-10825
-11171
-12030
-12905
-12181
-12934
-11769
-10836
-9627
-6881
-4992
-2284
-312
2792
5905
7636
10188
11840
13638
14129
13716
13643
12403
11219
8765
6086
4080
1749
-180
-1949
-2522
-2134
-1184
-16
815
1988
2947
3694
3695
2748
1115
-552
-1761
-3756
-5926
-8743
-11466
-13181
-14265
-14286
-15005
-14560
-13648
-12857
-11034
-10585
-8942
-7980
-7834
-7151
-7793
-6516
-6036
-5690
-4768
-4551
-2078
-227
2851
6292
8600
11980
14197
17557
19916
20740
21433
20088
19310
17133
14514
12170
9130
7407
4336
2460
1700
439
294
-966
-1458
-2087
-2725
-2640
-3997
-4534
-6117
-7834
-8705
-10113
-10582
-12079
-12279
-11636
-11619
-10066
-9200
-7358
-5121
-3304
-497
1734
4421
6139
7487
9224
10128
11166
10675
10148
9486
7915
6941
5125
3462
1437
-538
-1319
-1958
-1573
-921
277
1323
1913
3186
3879
4493
3955
2301
1051
94
-746
-2585
-4483
-6466
-8246
-9125
-9560
-9429
-9929
-9861
-9423
-8811
-7907
-8233
-7937
-7946
-8027
-8166
-9019
-8352
-8148
-7620
-6821
-5841
-3305
-1483
1301
4033
6688
9965
12065
14969
16593
17270
17520
16504
16139
14202
12108
9895
7742
7033
4541
3144
2346
1209
1211
-130
-864
-2122
-3314
-3720
-5490
-6014
-7557
-9262
-10052
-10883
-10388
-11451
-10816
-9648
-9487
-7125
-6149
-4138
-1948
-643
1693
3178
5972
7459
8372
9846
10335
11388
10754
10531
9745
7925
6917
4566
3019
1091
-1104
-2413
-3550
-3623
-3139
-1622
-911
-325
387
818
1890
1408
632
-742
-1383
-1550
-2951
-3465
-5248
-6176
-6804
-7171
-6239
-6908
-5817
-5930
-5773
-4689
-5509
-4198
-5106
-5433
-5718
-7222
-5635
-6300
-5461
-5046
-4898
-1926
-820
2786
4803
6618
9651
10617
13805
14256
14823
14794
12747
12733
10019
8709
6765
4575
4398
1624
1277
527
-149
48
-1853
-2173
-3638
-3954
-4401
-6521
-7014
-9047
-9705
-10215
-10724
-9978
-10873
-9327
-8130
-7415
-5330
-4505
-2342
-836
703
2706
4055
6347
6939
7900
9034
9723
10850
10200
10156
9387
8106
7316
5141
3391
1212
-585
-1628
-2604
-2947
-2918
-1394
-500
66
714
935
1885
1398
477
-884
-1746
-1895
-3354
-3941
-5400
-6308
-6667
-7190
-6265
-6981
-6233
-5841
-5908
-4819
-5936
-5084
-5299
-5554
-5214
-6604
-5018
-5059
-4156
-2766
-2553
342
1362
4371
6998
8447
11127
11412
13525
14082
14049
14089
11894
11332
8912
7474
6317
4197
3976
1878
1046
754
200
233
-1549
-2670
-4515
-5958
-6721
-8689
-9710
-11224
-12113
-12336
-12601
-11350
-10855
-9752
-7769
-6614
-4636
-2819
-1119
322
1131
2656
3953
5692
7093
7577
8737
9617
10743
11124
10720
10547
9222
8090
6507
4274
2176
-294
-2113
-3707
-4597
-4761
-3915
-2388
-1787
-717
256
1494
2714
2220
1389
291
-181
-891
-2279
-3260
-4854
-5732
-6324
-6324
-5830
-5830
-5089
-5291
-5139
-4879
-5165
-4680
-5339
-5781
-6604
-6794
-5791
-5701
-4551
-3920
-2368
166
2363
5805
7840
10041
11738
12698
14194
14070
14151
12839
11135
9880
7648
6764
5167
3626
2703
1818
1874
1581
1376
127
-1391
-3029
-5195
-6954
-9411
-11183
-12810
-13887
-14127
-14403
-13556
-12208
-10115
-8442
-6103
-3479
-1791
764
1637
2296
3189
3635
4713
5026
6050
6662
7734
9433
10098
10947
10743
10970
10642
9163
7832
5241
3104
708
-2079
-4414
-6041
-6201
-6029
-4504
-3260
-2274
-408
951
2978
3518
2900
2169
1035
775
-745
-2216
-3944
-5685
-6139
-6996
-6094
-5945
-5919
-5141
-5643
-4530
-4887
-5272
-5306
-6709
-6819
-8043
-7704
-7074
-6837
-5130
-4427
-1386
1185
3980
7832
9517
12224
13147
14049
14978
14021
13488
10989
9544
7887
5974
5521
3884
3829
3258
3638
4697
3783
3544
1379
-389
-2306
-5509
-8286
-12002
-13637
-15482
-16548
-16077
-16258
-14126
-12244
-9464
-6620
-4443
-1070
151
1810
2365
2109
2845
2586
3651
3693
4556
6418
7579
10093
11172
12048
12463
12330
11793
9501
7597
4527
1436
-1499
-4724
-6648
-8204
-8136
-7636
-5959
-2838
-329
2439
4004
5319
6137
5746
4981
2621
788
-1188
-3127
-4077
-5547
-5483
-5335
-4612
-3067
-2615
-972
-473
-504
-988
-3362
-4582
-6751
-8676
-10479
-12595
-12710
-12800
-10495
-7792
-4973
-662
2230
6756
10312
12495
14273
13810
13797
12102
10287
8689
6347
5163
3234
2998
3289
3940
5753
6160
7763
8028
7023
6205
3538
801
-3308
-7385
-11217
-15026
-16640
-18091
-17586
-16217
-14874
-11959
-9281
-5589
-3076
-1534
173
-20
312
6
-545
-519
-732
394
1486
3783
6673
9172
12288
14092
15197
15138
14182
12596
9387
5999
2288
-1060
-3667
-5869
-7330
-8174
-7490
-5648
-3171
505
4041
6182
7660
7998
7597
6446
3474
192
-3296
-5229
-5775
-6548
-5988
-5415
-3635
-1460
741
3378
3679
4232
2685
-8
-2232
-6587
-9387
-13116
-15920
-16887
-17676
-15016
-12323
-7952
-3654
17
5097
7780
11064
11889
11117
10543
7704
6401
3690
2012
1693
1006
2544
3418
6390
9118
10972
13208
12681
12664
10914
8192
5031
264
-3730
-8836
-12002
-14329
-16098
-15753
-15345
-12927
-11141
-8710
-5784
-4354
-2630
-2973
-3510
-4346
-5075
-5380
-6285
-5204
-4475
-2408
844
3730
7709
10421
13478
15533
15925
15806
13888
11684
8527
5183
1736
-1282
-2633
-4161
-4286
-3684
-3041
-1509
-204
1685
2966
3809
4856
4400
3279
1291
-672
-1720
-3249
-4321
-5379
-4934
-2451
-683
1731
3719
5411
6783
6239
5952
3866
1266
-1942
-6772
-9662
-13057
-14730
-15382
-16260
-14118
-12187
-8609
-5022
-2342
852
1990
3645
3408
2736
2148
-358
-972
-2127
-1555
-66
1044
4645
7304
10957
13840
15637
17609
17154
16550
13778
10738
7543
2806
-277
-3800
-5973
-7564
-9116
-9186
-9662
-8723
-8207
-8137
-7770
-8235
-8257
-8914
-9459
-10295
-11076
-10596
-10200
-8899
-6681
-3971
-1129
1983
5286
7952
10597
12252
13272
13822
13324
12468
10882
9504
8043
6114
4818
3949
3444
2853
2329
1768
1052
635
-401
-1808
-3388
-4795
-5646
-6314
-5751
-4784
-3999
-3014
-2182
-481
1386
2323
2319
2273
3306
4060
4094
3360
2407
1657
39
-887
-1592
-2391
-3098
-5297
-6580
-7061
-7656
-8213
-9459
-9537
-9417
-9151
-8617
-8371
-7374
-7236
-6851
-6175
-5079
-2718
-1301
539
2643
5165
8425
10890
13332
15024
16577
17480
17217
16614
14923
13299
10821
7810
5388
2718
663
-1236
-2715
-3877
-5029
-5882
-7170
-8103
-9356
-10927
-12367
-13778
-14358
-14880
-14548
-13571
-12450
-10302
-7644
-4492
-1424
1903
5054
7744
10394
11737
12824
13335
13096
12783
11912
11655
11085
10356
9755
8668
7795
6448
5159
3217
789
-1421
-4421
-6765
-9172
-11474
-12640
-13592
-13587
-12651
-10627
-8004
-4773
-1113
1562
3801
4681
5216
5932
5144
3837
2149
1730
2412
2643
3253
4250
5690
5795
5332
4928
3650
1875
-2779
-7648
-10929
-14411
-17143
-19898
-20900
-19958
-18260
-15479
-12288
-7790
-3937
-825
1772
3410
5866
6879
7337
7857
7945
9516
10875
12367
14223
16274
18311
18960
19138
18398
17326
15161
11176
7202
2864
-867
-4530
-8431
-10902
-12536
-13394
-14170
-14715
-14242
-13214
-12118
-11724
-11059
-9797
-8253
-6579
-5251
-3116
-601
1753
4219
6540
9168
11415
13124
14355
14826
14850
14208
13246
11979
10303
8243
5783
3405
915
-1429
-3626
-6140
-8332
-10108
-11292
-12077
-12881
-12940
-12449
-11679
-10873
-10091
-8750
-7330
-6118
-4893
-3328
-1149
1843
5256
8278
10630
12032
13591
15130
15132
13979
12245
11145
9672
6480
3082
434
-1665
-4786
-8113
-10281
-11435
-12254
-14429
-15515
-15326
-15392
-15111
-15491
-14423
-12666
-11746
-10519
-9578
-7487
-5135
-2986
-636
1934
5859
9259
12604
15670
18487
21631
22708
23041
22477
20931
18843
15092
11373
7761
4343
1066
-1789
-3450
-4645
-5024
-5762
-6248
-6225
-6639
-6747
-7798
-8835
-9355
-10032
-10318
-10333
-9127
-6947
-4186
-1099
2138
5764
8753
10902
11833
12109
12188
11097
9418
7140
4682
2950
1452
310
-533
-1138
-1474
-2057
-3000
-4165
-5655
-7585
-9555
-11630
-13480
-14302
-14683
-14499
-13511
-11881
-9274
-6417
-3494
-682
1667
3663
4835
5515
6105
6890
7578
8550
10353
11796
12864
12615
11716
11455
10084
7862
4935
2684
1838
-89
-2338
-3955
-4860
-5994
-8087
-9604
-10531
-11273
-13442
-15780
-16296
-16659
-16455
-16347
-15152
-11930
-9210
-6182
-3107
-7
3306
5432
7084
8717
10539
11740
12442
13360
14570
16560
17475
17768
18064
17614
17054
15087
12532
10321
7452
4336
1172
-1224
-2651
-3883
-5163
-5967
-5804
-5550
-5574
-6129
-6688
-6743
-7422
-8227
-8550
-8361
-7358
-6284
-4765
-2358
119
2193
3675
4679
5316
5233
4130
2916
1763
86
-1518
-3048
-3700
-3672
-4294
-4736
-4985
-4919
-4832
-5514
-6089
-6434
-6639
-7105
-7435
-7058
-6483
-5693
-4999
-3625
-1724
-47
1514
2623
4190
5885
7149
8160
8666
9116
9338
9543
9806
9828
9756
9524
8889
7515
5631
3371
1362
-399
-2394
-3903
-4740
-5036
-5296
-5796
-6346
-7053
-8059
-9399
-10504
-11437
-12092
-12447
-12510
-11370
-9756
-7634
-4840
-2232
548
2841
4494
5796
6585
7308
7592
7833
8414
9413
11000
12501
14199
15633
16463
16611
15442
14029
12031
9061
5756
2172
-630
-2689
-4030
-4568
-4771
-4544
-4568
-4616
-4644
-4897
-5335
-6466
-7615
-8610
-9169
-9021
-8743
-8038
-7102
-5889
-4565
-3604
-2666
-2040
-1673
-1736
-2208
-2377
-2333
-2106
-1911
-1628
-976
-433
-299
-609
-972
-1244
-1780
-2540
-3172
-3128
-2404
-1571
-551
853
2432
3658
4036
4018
4038
3846
3212
2447
2221
2534
2947
3248
3750
4676
5468
5755
5535
4928
3979
2569
772
-969
-2261
-3034
-2978
-2408
-1188
705
2486
3915
3932
3104
2227
1014
11
-1072
-1256
-420
314
767
886
1395
1519
856
-250
-1314
-1948
-3655
-5595
-6865
-7517
-7327
-7529
-6943
-5284
-4061
-3085
-2611
-1685
-350
210
933
1965
3383
4793
5675
6875
7850
8407
8519
8283
8195
7297
5952
4556
3475
2972
2338
2259
2124
1593
400
-1714
-3350
-5189
-7037
-8744
-10498
-11226
-11834
-12050
-11543
-10714
-9180
-7688
-6357
-5145
-4273
-3634
-3190
-2778
-2228
-1084
533
2482
4403
5771
6972
7872
8256
8245
7955
7804
7827
7392
6443
5584
4825
4184
3270
2288
2013
1601
674
-763
-2390
-3390
-4167
-4739
-4597
-3566
-2129
-974
-361
-267
-272
-611
-944
-826
-340
745
1653
2328
2978
3133
3106
2910
2574
2450
2399
2147
1753
1192
505
-99
-790
-1368
-1615
-1591
-1299
-1043
-979
-985
-1247
-2001
-2794
-3438
-3682
-3437
-3196
-2517
-1442
-367
613
1076
1345
1421
1072
638
321
261
424
635
812
1042
1169
1131
1069
790
396
-44
-574
-1081
-1646
-2334
-2949
-3375
-3763
-3971
-4157
-4235
-3953
-3806
-3655
-3437
-3198
-2718
-2388
-2071
-1447
-708
-40
576
1196
1776
2197
2315
2487
2695
2756
2829
2958
3312
3704
4047
4338
4522
4456
4021
3545
2870
2154
1456
884
675
344
243
375
739
1241
1352
1617
1818
1846
1637
1098
854
536
203
-28
-87
165
171
256
445
698
893
752
866
891
681
304
-178
-343
-675
-1127
-1484
-1682
-1824
-2202
-2525
-2703
-2676
-2787
-2980
-3037
-3122
-3173
-3526
-3840
-3960
-3950
-3829
-3874
-3612
-3089
-2428
-1801
-1315
-476
398
1019
1330
1506
1816
1909
1740
1478
1384
1347
1151
965
844
887
795
592
454
291
221
19
-121
-184
-325
-381
-552
-582
-543
-513
-408
-475
-410
-247
21
355
651
1247
1915
2550
2992
3252
3527
3463
3101
2530
1958
1555
1109
712
483
437
510
575
560
498
268
-194
-825
-1575
-2216
-2650
-2798
-2722
-2434
-1869
-1089
-138
673
1393
2005
2333
2360
2006
1619
1280
931
655
619
1025
1595
2096
2432
2648
2707
2395
1812
1081
339
-397
-1237
-2025
-2600
-2891
-2932
-2915
-2838
-2616
-2335
-2075
-1963
-1888
-1740
-1681
-1722
-1805
-1800
-1779
-1911
-2086
-2193
-2178
-2133
-2030
-1701
-1208
-640
-113
356
839
1240
1436
1408
1182
857
479
48
-341
-581
-547
-298
-16
262
560
916
1202
1338
1407
1450
1487
1376
1098
831
644
550
464
440
531
701
873
953
1013
1052
1074
1039
913
707
333
-147
-677
-1167
-1612
-2050
-2317
-2395
-2228
-1943
-1550
-801
80
794
965
614
97
-609
-1217
-1405
-715
865
2511
3781
4344
4262
3654
2627
1924
1963
2943
4338
5372
5746
5103
3624
1515
-614
-1916
-2208
-1530
-558
81
203
-401
-1437
-2603
-3461
-3425
-2835
-2126
-1773
-2121
-2752
-3728
-4750
-5166
-4710
-3277
-1867
-980
-552
-709
-1168
-2026
-2526
-2048
-1211
-456
-315
-459
-511
-877
-1329
-1568
-1129
-403
-303
-279
-165
221
975
1376
1939
2607
2655
1931
635
-73
-241
83
1228
2343
3573
4162
3411
2283
1182
594
388
716
1429
1578
1384
494
-518
-920
-1054
-459
474
1506
2066
1553
922
131
-485
-651
-693
-158
206
132
-92
-523
-662
-719
-475
138
675
990
508
-37
-174
-361
-129
228
578
1006
946
652
215
-12
124
114
514
982
1101
1072
523
57
-123
-141
-121
-328
-409
-843
-1390
-2121
-3107
-3221
-3116
-2437
-1464
-1087
-674
-1133
-1840
-2388
-2909
-2790
-2937
-2823
-2565
-2411
-1926
-1659
-861
141
1075
1966
2258
2579
2282
1764
1679
1580
2050
2290
2211
2206
1710
1138
553
292
439
584
869
1028
1013
696
67
-373
-600
-816
-949
-894
-646
-333
-198
-5
330
683
1031
1092
1131
1074
803
610
327
204
330
547
832
944
1009
1032
948
822
691
854
1159
1226
1055
780
627
528
306
105
59
108
-24
-323
-481
-501
-475
-627
-857
-908
-964
-1155
-1492
-1786
-1907
-2057
-2201
-2216
-2010
-1645
-1392
-1165
-911
-654
-460
-446
-393
-330
-301
-366
-615
-810
-1023
-1154
-1135
-1057
-828
-688
-653
-701
-716
-532
-349
-161
-80
-39
5
-106
-102
62
375
661
776
998
1326
1713
2061
2437
2940
3295
3346
3048
2621
2184
1693
1303
1050
968
864
616
348
76
-84
-241
-406
-515
-648
-708
-813
-934
-1038
-1161
-1176
-1157
-1023
-747
-410
-68
72
29
-33
-57
3
121
243
421
462
375
242
29
-186
-629
-1137
-1500
-1644
-1439
-1182
-894
-652
-506
-313
-148
48
171
187
222
353
645
1056
1488
1866
2126
2220
2235
2167
2034
1802
1383
893
277
-442
-1228
-1968
-2412
-2575
-2509
-2344
-2223
-2174
-2285
-2462
-2520
-2364
-1961
-1474
-1032
-679
-530
-504
-542
-563
-430
-241
42
376
743
1186
1586
1996
2372
2650
2757
2598
2260
1814
1402
1045
730
487
226
10
-178
-256
-182
-75
59
58
-32
-174
-375
-526
-724
-920
-1075
-1178
-1151
-1055
-844
-554
-239
115
475
850
1194
1425
1517
1500
1419
1324
1248
1243
1305
1355
1323
1146
840
488
174
15
78
281
423
341
10
-496
-1114
-1694
-2105
-2213
-2015
-1706
-1330
-1018
-826
-766
-877
-978
-1044
-1024
-926
-827
-705
-710
-825
-1065
-1352
-1524
-1578
-1381
-1026
-575
-130
134
291
243
113
-7
-137
-78
23
181
318
318
325
233
238
353
527
820
997
1098
1018
784
588
396
432
608
881
1238
1438
1545
1464
1277
1116
963
994
1119
1345
1597
1731
1820
1746
1597
1394
1121
875
567
288
57
-120
-180
-199
-150
-100
-115
-201
-367
-548
-724
-905
-1081
-1245
-1388
-1483
-1519
-1434
-1227
-973
-726
-609
-630
-764
-978
-1159
-1300
-1342
-1239
-1059
-819
-599
-403
-230
-156
-139
-170
-176
-107
-36
27
-7
-174
-431
-756
-993
-1054
-949
-718
-529
-442
-486
-688
-932
-1165
-1270
-1190
-1031
-796
-560
-386
-256
-202
-93
154
553
1108
1679
2195
2543
2604
2440
2152
1907
1789
1765
1828
1907
1894
1725
1405
1071
838
722
719
754
762
660
385
11
-370
-652
-821
-906
-904
-888
-887
-932
-1008
-997
-907
-743
-505
-229
64
282
423
535
626
702
749
766
781
751
645
519
398
312
234
138
64
-12
-111
-258
-439
-604
-765
-926
-1063
-1165
-1196
-1200
-1207
-1178
-1128
-1068
-1006
-940
-833
-714
-606
-502
-407
-309
-230
-162
-88
0
101
194
282
379
489
594
659
664
597
416
136
-183
-471
-655
-722
-674
-551
-419
-353
-387
-522
-720
-910
-1049
-1089
-1014
-856
-664
-493
-341
-175
38
327
693
1092
1444
1672
1751
1713
1617
1517
1486
1555
1669
1761
1747
1605
1354
1020
671
391
218
124
45
-78
-241
-426
-614
-753
-806
-773
-699
-656
-677
-737
-790
-778
-667
-455
-184
55
206
244
225
206
217
279
353
374
282
78
-181
-405
-517
-484
-333
-133
22
65
-4
-151
-303
-403
-410
-321
-195
-70
31
91
141
197
269
355
429
459
409
284
108
-116
-364
-590
-793
-981
-1134
-1251
-1300
-1253
-1110
-887
-637
-414
-266
-210
-221
-250
-233
-137
40
263
479
660
780
852
919
1015
1144
1261
1342
1339
1218
1001
710
423
182
13
-99
-188
-264
-351
-450
-523
-551
-499
-395
-281
-159
-72
-11
22
28
59
102
154
191
207
234
234
219
214
205
246
266
254
218
107
-54
-303
-554
-755
-923
-996
-981
-834
-618
-447
-323
-276
-284
-340
-417
-428
-404
-368
-350
-378
-403
-424
-424
-355
-201
45
328
565
749
890
971
978
943
924
959
1022
1069
1122
1170
1193
1160
1052
945
871
793
685
557
422
252
0
-302
-568
-737
-840
-932
-975
-971
-982
-1057
-1151
-1185
-1138
-1039
-908
-718
-485
-271
-141
-78
-32
-32
-75
-83
7
224
482
712
886
923
794
509
204
2
-70
-8
119
236
238
48
-262
-602
-874
-1025
-1048
-990
-950
-959
-1013
-1060
-1026
-895
-655
-357
-81
79
92
41
-47
-73
23
227
520
791
989
1041
968
837
651
518
454
462
550
622
685
707
705
707
664
656
660
641
635
577
512
469
422
434
441
437
385
209
-2
-249
-461
-554
-577
-520
-498
-530
-596
-720
-769
-770
-705
-547
-441
-337
-295
-305
-238
-168
32
224
345
463
364
278
142
81
238
340
633
734
714
618
229
59
-226
-309
-248
-340
-223
-452
-630
-855
-1195
-1176
-1311
-1126
-944
-930
-747
-918
-903
-912
-911
-594
-463
-122
33
14
109
-46
36
112
231
539
612
777
726
547
471
216
190
184
230
429
425
509
440
312
284
123
204
257
344
516
559
752
805
904
967
892
904
704
568
417
340
439
508
675
687
608
423
130
-90
-250
-237
-187
-144
-150
-254
-406
-583
-669
-642
-475
-305
-176
-176
-341
-584
-908
-1103
-1165
-1084
-879
-695
-492
-408
-372
-359
-363
-256
-192
-98
-29
-27
-20
-107
-128
-142
-132
-53
-41
37
59
56
72
17
41
-19
-96
-173
-320
-355
-401
-329
-191
-98
33
13
1
-8
22
241
473
822
1120
1260
1325
1196
1070
946
870
926
916
921
822
617
475
304
269
282
268
270
114
-46
-240
-427
-506
-615
-629
-652
-635
-528
-434
-232
-83
23
52
-65
-145
-267
-273
-176
-72
81
71
2
-165
-368
-448
-514
-463
-464
-542
-662
-872
-981
-1061
-1036
-965
-945
-925
-995
-1010
-1000
-917
-710
-520
-253
-42
152
376
560
849
1083
1279
1399
1339
1234
1048
921
911
946
1054
1123
1137
1105
1049
1016
985
958
898
774
575
323
54
-180
-356
-458
-494
-496
-466
-451
-438
-423
-413
-386
-389
-420
-524
-703
-909
-1124
-1257
-1315
-1258
-1067
-842
-591
-385
-234
-129
-64
22
116
241
361
413
394
273
111
-33
-133
-140
-92
20
156
266
374
433
474
501
490
484
447
394
350
293
279
291
336
416
490
551
553
506
386
203
19
-165
-304
-427
-516
-556
-600
-607
-624
-649
-662
-694
-710
-720
-691
-605
-486
-331
-177
-16
121
217
273
279
270
257
269
312
390
486
565
631
664
682
671
618
512
336
137
-78
-258
-365
-404
-361
-284
-195
-120
-70
-34
-28
-34
-54
-97
-142
-180
-186
-151
-70
49
169
265
298
260
160
36
-64
-135
-174
-201
-237
-286
-345
-376
-357
-296
-213
-150
-134
-165
-209
-218
-168
-44
136
309
419
453
428
371
319
284
273
268
253
224
182
151
153
176
199
196
128
15
-128
-275
-387
-443
-439
-403
-349
-284
-220
-148
-69
10
103
173
202
201
154
91
26
-14
-18
-2
25
33
19
-11
-42
-65
-70
-65
-68
-77
-108
-155
-199
-224
-229
-207
-151
-87
-17
51
102
137
158
171
171
167
171
161
150
131
93
52
17
-2
1
12
27
22
-4
-45
-80
-91
-81
-49
-13
9
-10
-64
-124
-167
-163
-113
-34
42
90
105
97
88
101
138
173
200
205
186
150
123
122
140
179
217
234
221
188
154
126
102
85
58
4
-62
-130
-180
-185
-165
-131
-105
-99
-117
-143
-166
-175
-167
-170
-179
-211
-256
-294
-326
-335
-311
-273
-224
-166
-113
-68
-49
-56
-84
-121
-146
-147
-129
-91
-47
-15
2
16
32
53
82
101
113
107
81
55
31
28
49
65
83
98
103
115
123
141
164
196
241
283
314
324
316
293
268
232
207
181
145
124
94
67
42
17
10
4
9
13
6
-9
-40
-80
-123
-152
-159
-152
-133
-118
-100
-83
-68
-40
-12
13
20
11
-12
-56
-100
-132
-146
-147
-139
-113
-94
-74
-50
-30
4
29
49
41
17
-5
-35
-45
-49
-32
-18
-11
-7
-23
-27
-36
-31
-27
-35
-42
-70
-96
-129
-147
-153
-159
-152
-155
-147
-137
-107
-59
-12
45
87
128
164
188
215
221
223
210
195
188
180
184
183
194
192
189
189
173
162
138
106
59
8
-48
-102
-144
-183
-200
-221
-231
-233
-237
-226
-219
-201
-186
-180
-167
-157
-137
-114
-88
-61
-53
-43
-47
-46
-36
-23
7
27
47
50
49
48
41
48
56
77
96
116
135
137
148
153
165
182
194
213
216
212
192
172
146
116
102
87
78
76
72
72
66
69
73
74
80
78
72
49
17
-8
-34
-56
-70
-70
-54
-33
1
35
57
74
81
75
55
27
2
-29
-55
-80
-107
-130
-155
-180
-191
-192
-190
-182
-183
-198
-224
-268
-311
-348
-382
-395
-411
-419
-417
-420
-412
-390
-362
-319
-276
-226
-167
-117
-70
-32
1
35
66
98
125
150
180
211
250
281
306
323
318
306
289
266
251
239
221
198
176
156
132
103
84
70
76
86
91
97
101
115
127
145
173
201
230
255
269
281
283
282
283
267
258
253
236
221
202
181
160
126
91
59
26
8
-5
-16
-27
-38
-51
-67
-79
-83
-88
-85
-75
-70
-64
-61
-64
-71
-78
-82
-92
-98
-107
-120
-136
-167
-203
-243
-288
-329
-361
-397
-425
-445
-469
-492
-526
-545
-546
-547
-525
-500
-472
-441
-413
-389
-365
-339
-301
-247
-191
-134
-83
-44
-10
17
38
65
103
143
183
219
249
270
288
302
321
338
360
387
403
419
429
436
451
453
455
460
466
470
472
469
459
440
422
408
396
380
362
347
326
301
271
245
220
192
161
130
100
69
32
-6
-44
-83
-110
-136
-166
-192
-216
-233
-246
-262
-273
-284
-295
-302
-309
-306
-304
-305
-300
-291
-280
-272
-274
-275
-271
-265
-263
-267
-269
-276
-277
-276
-275
-272
-273
-273
-272
-271
-267
-260
-253
-242
-225
-209
-187
-158
-131
-96
-58
-15
27
65
96
131
167
205
246
278
309
347
385
411
418
416
412
410
403
386
354
321
293
252
212
172
127
94
58
20
-11
-39
-58
-73
-86
-102
-113
-121
-128
-126
-120
-108
-96
-83
-73
-62
-47
-37
-27
-14
-7
-7
-9
-11
-12
-15
-21
-24
-28
-30
-26
-15
-10
-12
-14
-22
-23
-20
-21
-23
-28
-35
-40
-44
-49
-54
-59
-59
-61
-59
-59
-58
-54
-49
-40
-45
-44
-42
-46
-48
-52
-54
-55
-43
-38
-36
-31
-23
-9
6
25
35
45
59
71
81
85
96
104
107
106
100
99
90
82
75
59
49
35
32
30
20
13
-2
-6
-18
-23
-24
-34
-32
-35
-30
-24
-24
-15
-11
4
11
14
16
9
13
16
16
16
15
15
8
2
-6
-11
-10
-3
1
4
8
6
8
6
1
-2
-10
-9
-17
-27
-34
-44
-47
-59
-54
-50
-52
-45
-50
-49
-42
-35
-24
-16
-3
4
13
23
20
27
20
24
20
10
17
10
13
10
6
2
-8
-12
-27
-27
-31
-35
-35
-42
-41
-46
-40
-36
-35
-22
-14
-4
3
11
19
30
43
50
60
61
68
78
75
77
69
66
58
50
44
32
36
31
20
13
11
11
2
-5
-18
-20
-16
-18
-2
-3
-1
7
7
15
16
13
10
11
14
4
-5
-10
-15
-20
-27
-32
-37
-39
-44
-39
-37
-37
-26
-24
-16
-10
-14
-8
-10
-13
-13
-16
-16
-14
-11
-16
-15
-14
-15
-13
-17
-18
-21
-20
-14
-14
-8
-5
-5
-1
1
9
14
7
9
9
8
13
12
11
5
1
-2
-5
-6
-8
-5
-4
-2
7
6
10
15
19
23
21
25
29
35
37
40
36
33
31
26
22
16
8
2
2
-1
1
4
6
6
6
6
4
-1
1
-3
-5
-3
-6
0
-1
0
9
11
20
32
31
36
38
36
36
34
32
30
22
21
14
9
7
-2
-7
-18
-29
-39
-48
-57
-65
-65
-74
-81
-80
-83
-78
-73
-70
-66
-61
-58
-52
-47
-42
-32
-24
-20
-18
-19
-18
-17
-15
-12
-15
-21
-20
-24
-30
-36
-46
-47
-48
-47
-44
-45
-37
-31
-23
-10
-4
6
17
25
34
52
71
86
102
114
131
144
162
168
168
172
179
196
198
193
188
181
187
178
170
164
150
142
131
120
108
93
89
79
67
59
48
42
30
21
13
12
11
12
18
17
16
11
8
3
-7
-21
-39
-53
-75
-92
-107
-128
-146
-175
-199
-220
-242
-254
-264
-274
-286
-299
-308
-316
-326
-334
-342
-348
-350
-339
-325
-322
-309
-297
-276
-249
-229
-200
-173
-148
-120
-98
-72
-46
-20
5
27
54
85
112
137
164
193
219
241
260
279
295
310
322
328
328
321
314
306
303
282
259
247
231
216
196
170
148
127
111
90
67
45
18
-8
-34
-58
-75
-95
-99
-104
-105
-102
-99
-84
-80
-73
-64
-61
-60
-53
-43
-41
-44
-51
-48
-48
-46
-40
-32
-26
-24
-19
-18
-10
-7
-8
-8
-8
-6
-5
-5
-7
-12
-17
-24
-29
-30
-36
-35
-35
-38
-34
-43
-46
-40
-45
-46
-57
-63
-68
-73
-72
-74
-69
-71
-69
-58
-58
-45
-37
-31
-21
-24
-13
-8
1
18
16
20
19
22
36
41
53
65
74
87
96
111
125
138
145
148
156
145
146
143
128
123
101
87
70
49
40
19
3
-17
-35
-47
-70
-82
-99
-110
-111
-120
-119
-126
-132
-132
-132
-120
-114
-108
-88
-78
-57
-43
-39
-11
1
23
44
52
69
65
79
87
81
82
75
72
62
52
43
14
-2
-15
-34
-44
-59
-70
-76
-90
-99
-100
-100
-96
-88
-80
-67
-47
-31
-15
10
37
59
83
103
122
140
147
157
157
160
161
149
151
146
131
114
93
78
52
27
7
-9
-20
-41
-54
-61
-70
-73
-81
-90
-90
-86
-78
-70
-68
-58
-51
-42
-31
-23
-11
4
10
15
20
23
23
21
20
16
7
-3
-22
-40
-49
-67
-82
-101
-118
-126
-131
-129
-134
-134
-121
-103
-81
-65
-50
-31
-16
0
17
39
56
66
78
86
94
104
111
117
120
119
116
111
104
98
92
81
70
59
53
44
37
29
20
9
1
1
-3
-6
-8
-12
-15
-19
-23
-23
-18
-11
-10
-5
-2
2
4
3
6
5
8
6
5
4
-4
-16
-33
-45
-56
-71
-85
-101
-117
-125
-136
-133
-137
-147
-148
-149
-139
-129
-117
-104
-90
-73
-49
-22
-1
23
45
63
82
99
116
129
141
150
159
171
171
170
171
170
170
162
157
150
150
160
152
149
139
125
127
117
108
97
81
72
56
50
39
32
26
12
5
-10
-19
-27
-47
-51
-55
-63
-64
-76
-81
-90
-106
-118
-127
-139
-156
-169
-187
-200
-223
-245
-256
-264
-268
-269
-268
-265
-256
-239
-226
-207
-179
-159
-133
-108
-87
-55
-39
-22
-6
0
18
