-15
-18
-29
-36
-35
-30
-21
-11
-3
-8
-15
-20
-25
-22
-13
-2
14
19
16
11
0
-8
-12
-15
-10
-10
-13
-21
-34
-35
-34
-29
-21
-10
-4
-4
-10
-16
-22
-23
-15
-6
-1
5
-1
-8
-14
-23
-27
-29
-26
-20
-15
-11
-9
-6
-4
-5
-9
-9
-8
-11
-14
-16
-15
-7
5
18
30
38
42
45
46
44
40
35
31
26
25
25
24
31
39
46
46
40
34
26
18
12
14
16
25
39
53
63
66
61
52
43
24
11
-6
-16
-21
-32
-28
-26
-26
-20
-22
-28
-37
-52
-60
-59
-61
-61
-64
-63
-54
-57
-51
-35
-33
-35
-45
-56
-61
-62
-55
-42
-28
-20
-16
-10
-17
-18
-22
-19
-14
-9
2
7
15
24
38
53
70
84
90
91
72
58
43
30
31
35
38
39
27
11
-4
-19
-20
-13
-4
3
10
9
6
9
12
25
44
62
75
65
52
35
19
11
3
7
6
-1
-10
-25
-39
-49
-58
-58
-51
-50
-40
-33
-31
-27
-22
-14
-9
-4
-1
-4
-2
0
-1
-6
-15
-20
-31
-38
-35
-43
-40
-42
-48
-47
-48
-43
-36
-31
-24
-19
-11
-4
5
7
11
15
14
21
26
24
26
27
27
30
34
42
45
47
47
40
36
36
39
43
46
49
51
49
50
49
45
40
41
45
46
49
43
35
33
18
5
-6
-19
-28
-35
-46
-55
-66
-68
-64
-57
-52
-44
-35
-34
-29
-31
-31
-29
-38
-38
-42
-44
-45
-50
-52
-53
-52
-44
-34
-32
-21
-4
7
19
22
28
37
35
32
30
27
22
20
20
16
10
5
7
13
16
19
21
29
39
40
36
33
29
20
8
1
-4
-6
-9
-10
-6
-3
5
10
12
15
14
13
14
12
10
12
10
2
-5
-15
-19
-19
-19
-15
-6
1
6
12
12
14
15
10
4
-1
-6
-6
-9
-13
-11
-12
-12
-9
-11
-12
-11
-16
-15
-18
-23
-26
-27
-23
-21
-19
-23
-24
-23
-27
-26
-25
-22
-21
-20
-19
-14
-12
-8
-2
1
6
10
16
16
18
16
15
17
22
25
30
30
33
43
50
52
50
45
38
35
26
20
23
19
25
27
26
28
27
25
17
16
15
10
9
4
5
6
8
5
-1
-3
-4
-4
-7
-15
-25
-29
-38
-39
-39
-47
-49
-56
-60
-62
-66
-64
-63
-61
-55
-56
-54
-51
-46
-42
-38
-26
-18
-12
-9
-5
-2
-3
5
10
11
25
32
40
42
38
39
37
39
41
44
49
49
51
50
47
47
46
40
36
35
30
29
25
23
20
14
17
13
11
10
3
1
-4
-3
-6
-12
-15
-15
-13
-11
-5
-8
-14
-17
-22
-29
-32
-33
-28
-21
-15
-12
-14
-11
-10
-8
-9
-10
-10
-11
-8
-9
-6
-3
0
5
3
1
-3
-10
-13
-18
-23
-20
-19
-18
-19
-20
-18
-18
-13
-10
-9
-4
0
-6
-15
-17
-13
-7
-4
-3
4
9
8
11
9
14
15
13
18
20
20
28
25
26
31
33
29
26
29
30
25
19
15
15
18
22
28
30
30
26
21
19
18
19
19
19
14
4
-9
-19
-23
-23
-20
-19
-18
-16
-24
-33
-36
-36
-31
-35
-39
-42
-47
-48
-45
-40
-30
-20
-14
-14
-20
-24
-22
-13
-8
2
12
16
19
16
14
13
12
15
15
18
19
18
22
23
23
24
20
21
22
20
19
12
4
2
4
6
8
10
4
0
-7
-5
-5
-3
2
3
7
5
3
5
3
0
-3
-3
-9
-8
-1
7
19
20
8
6
8
3
-3
-8
-5
-1
1
5
1
0
-2
-9
-5
-7
-15
-15
-18
-21
-22
-25
-27
-23
-15
-10
-6
-2
-7
-11
-13
-16
-11
-8
-6
-2
3
5
6
2
4
6
5
2
3
1
-1
-4
-10
-13
-13
-10
-7
-7
-3
4
5
3
-4
-1
2
-1
13
23
30
36
41
44
41
40
40
37
32
24
20
16
11
6
-1
4
7
-2
-5
-8
-10
-8
-4
-2
3
10
10
6
7
8
9
7
3
2
0
1
1
-7
-9
-14
-14
-12
-15
-18
-23
-22
-25
-22
-21
-23
-23
-25
-25
-27
-26
-27
-25
-24
-23
-20
-22
-20
-20
-21
-16
-13
-6
-6
-4
-3
-5
0
3
8
11
10
13
12
14
12
11
14
9
15
16
17
19
18
21
22
17
16
17
17
16
15
10
7
7
6
8
8
5
7
4
6
14
12
15
16
15
11
2
-3
0
2
-2
-4
-2
-1
-5
-13
-18
-14
-13
-11
-8
-8
-1
4
2
-5
-2
4
4
8
4
6
4
-5
-7
-9
-12
-9
-12
-14
-17
-21
-21
-19
-16
-13
-5
0
2
1
-7
-9
-9
-8
-5
-5
-3
-2
-2
2
2
2
2
-2
0
1
2
1
-4
-4
-4
-6
-3
-1
1
4
6
4
3
2
2
2
-1
-3
2
4
8
11
12
16
12
10
12
5
4
2
-2
1
11
19
23
28
29
27
24
16
10
7
5
7
9
11
13
11
7
8
4
0
-3
-9
-12
-16
-22
-24
-21
-20
-16
-14
-16
-16
-17
-19
-17
-20
-24
-31
-34
-32
-30
-29
-25
-20
-18
-15
-17
-15
-14
-22
-24
-20
-13
0
5
14
11
8
11
11
13
14
20
26
29
37
40
45
42
39
41
37
33
25
20
12
8
11
10
12
20
20
22
24
19
24
18
2
-7
-15
-21
-26
-27
-24
-22
-17
-7
3
4
5
-1
-5
-2
-5
-7
-8
-7
-2
-5
-8
-9
-17
-25
-34
-36
-31
-34
-38
-43
-49
-48
-51
-52
-44
-40
-28
-25
-25
-19
-16
-12
0
8
13
21
20
23
27
29
43
49
52
48
45
44
38
35
29
23
19
7
-3
-2
-6
-5
1
10
19
15
21
30
28
29
26
21
23
21
19
27
28
26
24
18
15
13
10
11
16
12
8
9
5
8
9
1
2
-4
-7
-13
-21
-25
-33
-36
-37
-37
-39
-45
-48
-55
-59
-62
-64
-66
-73
-74
-72
-69
-71
-73
-68
-69
-60
-53
-49
-43
-38
-27
-19
-8
4
8
14
21
29
40
46
55
61
60
67
65
63
64
60
60
62
63
62
61
56
56
60
57
62
59
58
56
50
47
42
36
35
28
15
8
5
-1
0
-2
-8
-6
-11
-9
-3
-8
-14
-21
-26
-28
-31
-31
-31
-38
-44
-48
-54
-51
-56
-58
-46
-53
-40
-38
-32
-15
-25
-17
-13
-15
-16
-22
-23
-26
-24
-33
-31
-22
-18
-9
-9
3
19
33
45
51
57
60
56
49
40
29
21
19
12
12
15
8
4
4
6
27
34
36
44
39
35
30
19
8
-5
-26
-41
-56
-58
-64
-73
-70
-81
-78
-49
-49
-34
-8
-15
14
-3
-31
-11
-12
-12
-26
-20
-4
38
83
69
72
57
42
34
64
96
47
72
19
256
559
299
-54
-433
-390
136
454
399
93
-163
-381
-304
-203
-211
-111
-283
-343
-256
-23
-92
-553
-805
-869
-270
324
357
99
-364
-543
-187
472
812
920
590
122
286
679
1232
1349
970
655
499
731
854
914
886
408
73
-88
1
254
26
-489
-900
-986
-722
-460
-735
-1343
-1680
-1669
-1150
-739
-799
-1026
-1415
-1396
-1115
-763
-35
1030
1920
1235
-482
-1172
44
2203
3230
2873
2096
1507
1162
1090
1203
1103
945
496
55
-17
10
-495
-2143
-3684
-3917
-2832
-1951
-2322
-3156
-4115
-4604
-4205
-2967
-1662
-1272
-1586
-1805
-1260
-113
1354
2422
2559
2362
2633
3452
4015
4308
4558
4590
4284
3976
4266
4449
3787
2492
1495
1340
1447
1433
796
-501
-1759
-2226
-1925
-1805
-2104
-2546
-3193
-4005
-4185
-3685
-2337
-1236
-1887
-2595
-3319
-3064
-1003
537
973
504
19
102
913
1258
1566
2173
1643
1773
1929
2127
1977
772
106
-428
101
592
267
-348
-1515
-1988
-1596
-1178
-1083
-1068
-1660
-1921
-1555
-1123
-252
-150
-498
-259
334
1005
1310
1025
816
837
1249
1824
2167
2232
1517
996
519
590
1690
2371
1620
-157
-1286
-1420
-380
-111
357
1575
1020
-520
-2985
-3545
-1786
254
1099
5
-893
-1587
-1481
-1713
-1713
-887
-338
115
-469
-158
-114
-1147
-2041
-2604
-1393
141
655
133
-912
-1676
-1469
-387
430
842
544
-171
-492
-138
1037
2171
2438
2226
2038
2347
2752
2540
2408
2279
2198
2346
2126
1997
1764
1115
481
168
347
752
549
-553
-1629
-2075
-1669
-1148
-1236
-1657
-2122
-2400
-2112
-1322
-1001
-1117
-1875
-2425
-1969
-1455
-651
-181
-6
-99
-403
-451
-294
390
592
825
888
781
875
249
-134
-272
202
898
837
339
-402
-678
-424
92
276
271
73
-210
-113
35
469
939
846
285
71
261
989
1530
1265
877
261
167
398
1042
1696
1521
683
-572
-753
-272
577
722
210
-423
-1334
-417
1004
1822
529
-2225
-2911
-1639
514
1161
513
-590
-1225
-1067
-1182
-873
-1163
-1226
-1498
-1820
-1109
-895
-1583
-3641
-4737
-3611
-1525
-321
-940
-2336
-3735
-3611
-2231
-48
1365
1050
467
-103
708
2544
4016
4611
3986
3411
3821
4569
4968
5095
4747
4290
4039
3971
4278
4120
2977
1573
599
431
779
540
-418
-1652
-2503
-2409
-2419
-2500
-2674
-3009
-2702
-3312
-3976
-3998
-4005
-2809
-2138
-2026
-2005
-2055
-1530
-1026
-640
-830
-267
89
367
888
804
1428
1078
770
548
542
1447
1538
1386
273
-674
-671
-194
323
365
32
-642
-808
-1179
-653
97
160
328
-487
-1073
-834
-206
546
1037
717
359
594
436
691
797
559
765
845
864
1056
1038
855
539
259
1298
2897
3532
1884
-1035
-2091
-646
1993
3146
2107
-161
-1582
-1842
-1406
-245
-640
-1420
-3035
-4313
-3116
-2280
-2170
-3853
-5999
-5869
-4201
-2336
-1689
-2524
-3994
-4184
-3249
-1144
1230
1777
1654
919
1219
3221
4965
6066
5825
5146
5187
5832
6477
6906
6584
5652
4999
4404
4626
4619
3429
1909
329
-320
-197
-358
-1262
-2727
-3894
-4373
-3602
-3045
-3788
-4789
-6483
-6689
-5471
-4305
-3192
-3200
-3240
-3366
-2737
-2189
-1320
-81
-89
455
496
1149
1626
1257
904
424
1444
2214
2686
2164
921
563
790
1286
1263
877
-104
-314
-204
43
698
266
-253
-719
-1065
-634
-6
85
-277
-819
-827
263
1462
1727
1059
194
-119
419
1024
1338
1052
644
345
710
2680
3996
4016
1788
-1231
-1728
-231
2118
3011
2307
677
-353
-936
-1429
-1045
-1434
-1454
-1930
-2370
-2254
-3173
-4689
-6684
-7118
-5852
-3891
-3118
-4083
-5498
-6457
-5480
-3791
-1745
-482
-561
-547
-354
1107
3146
4698
5515
5489
5630
6171
7084
7793
7941
7581
7166
7076
7030
6976
6086
4852
3512
2288
2001
1579
910
-281
-2023
-2646
-2481
-3088
-3818
-5107
-6174
-5650
-5622
-5489
-5233
-5058
-4575
-4236
-4078
-4153
-3243
-2522
-1481
-486
-165
176
-252
-127
286
1587
2892
2974
2609
1563
1157
1631
2262
2550
2275
1144
274
55
271
1079
861
65
-980
-1536
-1317
-870
-609
-769
-699
-1385
-1479
-1300
-627
457
329
65
-878
-462
208
775
1235
507
1555
2471
3442
3074
1314
492
267
1954
2673
2925
2131
631
250
-636
-195
-338
-681
-1316
-2493
-2223
-2729
-3318
-5239
-7212
-7250
-6336
-4328
-3737
-4304
-5565
-6175
-5140
-3186
-673
308
485
169
532
2383
4280
6064
6662
6735
6879
7111
7705
8038
7991
7610
7159
6778
6759
6331
5066
3536
2135
1560
1545
1200
-38
-1136
-2438
-3838
-4454
-5514
-5385
-4878
-5236
-5800
-6594
-6464
-5893
-4713
-4410
-4133
-3558
-3512
-2431
-1578
-462
-303
-654
-863
-839
724
1548
2300
2532
1936
1650
1671
1977
2535
3072
2193
1826
1513
919
1522
1032
267
-136
-1068
-1189
-815
-506
-621
-1016
-1370
-1695
-915
-489
-466
-635
-907
-573
-516
111
366
2243
4437
4204
2906
-173
-1005
629
2826
4451
3975
2770
1039
64
-926
-806
-417
-673
-210
-810
-805
-1757
-4262
-6624
-8140
-6933
-4729
-3327
-4134
-6425
-8311
-8069
-5621
-2914
-472
-326
-1198
-1247
-401
2419
5187
6736
7105
6829
7029
7826
8973
9709
9865
9214
8263
7511
7106
6905
5800
4316
2721
1577
1236
63
-1084
-2234
-4077
-5104
-6402
-7459
-6919
-6775
-7245
-7764
-8286
-7959
-6576
-5752
-5783
-5329
-4795
-3190
-1103
37
334
-433
-465
387
2488
4961
5696
5371
3925
2764
3216
4483
5392
5388
4020
2295
1882
1367
1464
1594
627
-277
-1647
-2862
-3475
-2885
-2419
-2276
-1797
-2480
-2933
-2882
-2581
-1782
-430
173
-234
176
1106
3260
5125
4822
2756
879
927
2431
4603
5269
4647
2909
1237
41
-1125
-1143
-1593
-1607
-1509
-1751
-2327
-4758
-7685
-10015
-9967
-7634
-5467
-5085
-7064
-9357
-10399
-8657
-5139
-2428
-887
-1232
-1617
-511
2036
5350
7542
8413
8167
8138
9128
10774
12241
12577
12023
10667
9831
9406
8935
8381
6745
5050
3380
2353
2272
429
-2419
-4841
-6827
-6625
-6094
-6948
-8002
-8964
-9865
-10090
-9370
-9359
-8639
-7744
-7368
-5886
-4540
-3161
-2980
-2856
-2102
-877
2161
4080
4970
5170
4398
4250
5085
6299
7210
7474
6425
5449
4888
4647
4675
3612
2158
998
132
-719
-1849
-2626
-2889
-2379
-2129
-3604
-4309
-4934
-5627
-4941
-4928
-3486
-803
1612
2055
327
-1625
-2786
-195
2670
5120
5871
4175
3050
1399
2058
2756
2768
2377
337
-456
-310
445
-516
-3371
-6976
-9042
-8128
-6728
-5415
-6402
-8221
-9500
-9989
-8260
-6058
-3999
-3042
-2863
-2571
-910
1865
4381
6473
7208
8060
8977
10183
11677
12058
12228
11838
11593
12160
12251
11300
9531
7298
6257
7001
6288
4241
468
-3914
-5035
-5254
-5005
-5603
-7678
-9887
-12013
-12311
-12303
-10654
-9543
-9896
-10030
-10089
-7905
-6441
-4992
-5066
-5292
-3038
-1187
1589
2864
3155
3459
3902
5027
6001
7029
6915
6890
6418
6599
6955
6248
4968
2959
2296
1542
1620
922
-909
-1354
-2000
-1719
-1467
-1686
-3171
-4340
-4431
-4053
-12
2878
3702
2155
-1761
-3092
-2067
2302
5596
6320
5140
1764
726
762
1822
2588
1988
880
-1034
-1315
-1848
-2587
-4228
-7113
-8410
-9243
-8281
-7771
-8715
-9698
-11022
-10779
-9438
-7114
-5503
-4366
-3833
-3825
-1694
894
3900
6088
7334
8528
9307
10721
11842
12750
13227
13364
13470
13641
13601
12526
10711
9916
9220
7071
5762
2672
259
254
-1227
-2568
-4227
-6002
-7959
-8832
-10288
-12135
-11504
-11400
-10215
-9475
-9328
-10196
-11662
-10628
-9556
-6203
-3230
-2511
-2226
-2311
-1046
1298
4274
5629
6187
5983
5949
6896
7628
9107
8676
7582
5730
3836
3500
3241
3883
2833
917
-1322
-2984
-2735
-2270
-2467
-4454
-4949
-4105
-1495
1298
866
-1189
-4461
-4875
-2061
2225
5549
5592
3465
1336
1104
1573
3645
4039
3510
3553
2355
2136
321
-1907
-4466
-6817
-6261
-5183
-4283
-5900
-9718
-12745
-13102
-10835
-8058
-5855
-6592
-8017
-7972
-6276
-2209
999
3181
3962
3979
5470
8028
11138
12809
12893
12219
12410
13795
15351
15859
14864
12383
8473
7045
6667
6808
7276
4513
232
-3274
-4747
-5325
-4679
-6026
-9523
-11257
-12919
-12290
-10798
-9975
-10968
-13198
-13313
-12363
-8935
-5813
-4661
-4581
-4637
-3324
-1032
2228
3982
5018
5357
5538
6468
7154
8600
8585
7281
5883
4440
3775
3838
3979
3429
2631
1470
-229
-1825
-2261
-2617
-2541
-1285
-249
839
1010
-1685
-5185
-5152
-2862
954
3832
3276
2482
1198
538
403
834
2175
3035
3280
2486
1775
-79
-2150
-4893
-7313
-6136
-4469
-3523
-4990
-8200
-10361
-10909
-9280
-7081
-5244
-4609
-4873
-5145
-3962
-1390
900
3088
4066
4731
6156
7720
8911
9731
10707
11518
12580
12910
13812
13703
10528
8215
6051
6623
9090
8527
5196
228
-2599
-3758
-2421
-2124
-4675
-6474
-9317
-10608
-10497
-8879
-8652
-10606
-11692
-13124
-10876
-7352
-5411
-4978
-5845
-5776
-4112
-604
1579
2690
2686
2318
3009
4490
7423
7790
6908
5442
3204
3712
4807
5643
5376
3636
935
-1114
-1528
-1806
-789
-820
-377
994
1449
711
-4416
-7754
-6239
-1493
3321
3391
562
-2200
-1995
-675
1414
2609
2291
2463
1348
1864
2133
1554
284
-3657
-5317
-4112
-1474
-434
-2474
-5631
-8333
-8248
-6732
-4125
-3079
-3809
-4662
-5370
-3186
-897
1224
2394
1953
2437
3826
6648
8240
8900
9101
8931
11225
12981
12705
10946
7569
5988
7190
9088
8927
6188
2643
-1463
-2201
-1531
-1919
-2089
-4676
-7055
-8892
-9171
-9313
-10062
-9858
-10886
-10369
-9551
-8549
-7184
-5982
-4817
-4581
-3394
-2034
-104
1218
1645
2533
3581
5004
5119
4301
3251
2985
3838
4156
3878
2482
988
176
-385
-750
-742
103
150
1328
3229
2591
-878
-5412
-5916
-2507
2111
4089
3307
1799
-126
-768
-921
-69
1051
2838
4263
3336
1487
-1042
-4031
-6472
-6128
-2705
290
-654
-5249
-8963
-9590
-7693
-4265
-1943
-1709
-3596
-5211
-4422
-1508
2530
5086
5346
3920
3461
5458
8600
10814
10751
10081
9647
11137
12969
12821
11935
8755
6072
5746
5899
5764
3926
911
-2466
-3936
-4572
-5386
-6111
-8002
-9392
-10392
-10770
-12242
-13343
-12721
-12314
-10413
-9176
-8360
-7481
-6336
-4146
-1734
1110
2887
3977
3654
4265
6180
7994
10477
9596
7618
6691
5586
5867
5963
4615
2547
721
-737
-1881
-2273
-2790
-3014
-1861
409
-1452
-7778
-11419
-10705
-4702
132
-505
-2257
-3992
-3333
-2299
-970
112
1064
3209
3846
4275
3284
2397
-676
-4992
-3590
705
4477
2807
-2737
-6763
-7872
-4916
-1430
1287
1148
-1894
-4247
-3831
-794
2607
5740
5061
2675
1980
3499
6779
8389
8893
8100
8544
9129
8812
10152
9608
8181
7033
6606
6288
5758
5283
2585
1230
-65
-1695
-2388
-4366
-5796
-6556
-6432
-8588
-11245
-11881
-12054
-10848
-10416
-10225
-10292
-9299
-7364
-6203
-4699
-3706
-2053
-289
1741
2979
3836
5478
5442
5511
5672
6563
6980
6640
6238
3739
2972
2559
2377
2964
2268
2180
2445
2754
-1713
-6710
-7666
-5663
-1380
-1639
-3905
-6194
-6679
-4810
-4685
-4473
-5040
-4176
-2376
-1074
-316
-333
-1347
-5896
-8031
-5537
382
4077
1501
-2242
-5674
-5273
-2020
1099
3591
3387
2115
1220
2305
4141
6804
8977
7891
7043
6978
8495
9910
9624
9467
9133
8899
7827
7292
7429
7018
5394
3378
2684
2778
3573
2158
-398
-2822
-4037
-2895
-2508
-2659
-4542
-6535
-8706
-11081
-10897
-9383
-7435
-7436
-8530
-9566
-9057
-6679
-4688
-3200
-3032
-2448
-751
1713
3506
3202
2945
3096
3538
4419
5621
6044
4794
3334
2007
1459
2577
3449
3623
3262
4633
6794
3131
-3578
-8334
-6545
541
3076
-234
-5685
-8398
-8204
-5554
-2950
-3779
-4583
-6328
-6514
-5401
-3143
-1484
-5990
-10782
-11883
-6960
-992
-190
-2801
-6119
-6934
-5501
-915
3417
4955
3793
1468
2682
5456
9536
12417
11238
9325
8655
10198
12286
13018
12194
11471
10245
8893
9188
9423
8870
6210
3359
2636
3303
3528
1258
-1567
-3564
-4086
-3913
-3963
-4792
-5832
-6103
-7976
-10046
-10270
-8561
-6230
-5970
-7586
-8402
-6811
-4095
-1605
-355
-758
-1010
-307
1357
3614
4605
5068
4506
2283
1516
2070
3320
3845
2755
991
-1325
-1976
-1501
279
1150
3397
4863
-942
-6875
-10210
-6175
1578
3349
577
-5071
-7874
-8298
-5557
-2238
-2119
-2083
-4183
-4392
-5141
-3098
-1484
-6275
-9553
-10782
-6350
-1894
-2300
-4191
-6695
-6950
-5637
-2461
571
2291
2519
2571
4719
6173
9541
11576
11027
11292
12553
15641
16915
15458
13631
13083
12929
13256
13033
11215
9539
5891
3362
2950
2707
2149
-1782
-5936
-8550
-7927
-5771
-6223
-9107
-12391
-13330
-13312
-11168
-9985
-9793
-9065
-10160
-9213
-7471
-5331
-2494
-891
343
819
2428
4466
6009
6996
8131
8745
8138
7570
5688
5490
6652
6652
5937
3315
733
196
1041
4502
7764
4078
-5065
-11994
-11215
-2298
3089
558
-5882
-10713
-11295
-9075
-6037
-5698
-5771
-6881
-6964
-7386
-6576
-4776
-8277
-11775
-12135
-7580
-1586
-2241
-7114
-11138
-9898
-5127
404
2826
628
-2714
-3319
2663
8939
13518
14676
11009
8299
9231
14478
20051
21642
18634
13804
11379
12046
15017
17175
16074
10044
3729
2285
3290
5382
4812
494
-4652
-8428
-9153
-8094
-7478
-8314
-10532
-13194
-15410
-16455
-14888
-11649
-9511
-8514
-8449
-8836
-7992
-5124
-1436
926
1749
1768
2668
4222
5635
8016
9289
8561
6671
4918
5229
6273
7425
6700
4749
3129
1449
5607
9971
5664
-2329
-8530
-7114
-188
3447
1077
-4365
-7121
-8524
-7462
-6448
-5954
-4945
-6434
-6191
-7854
-5708
-4256
-9916
-14236
-14656
-8151
-3243
-4061
-8134
-11912
-12118
-10378
-5056
-1216
934
-1171
-4064
-997
2682
9423
13455
12194
10727
10718
14212
17587
18935
18255
17164
15557
14079
14602
15502
15603
11637
7396
6152
6236
6388
3722
-644
-3451
-3901
-3778
-4308
-6589
-9750
-11868
-13283
-13985
-13710
-12674
-11931
-12628
-13331
-12784
-10592
-7500
-4292
-2315
-1720
-1208
-169
2201
4541
6397
7439
7311
7306
6182
5169
5790
6496
7245
8218
7109
5629
8748
7463
1545
-3944
-5063
714
4390
2902
-3222
-7001
-6455
-5500
-4167
-5317
-6525
-7844
-6708
-4783
-4649
-2912
-7987
-14411
-16326
-11566
-3003
-1687
-6290
-12457
-14556
-11808
-5980
-896
570
-2009
-7198
-5654
76
6760
12285
11302
8108
5993
9225
15136
19256
20036
18042
15405
12824
13241
14573
16420
14645
9224
6396
5407
6101
5193
2003
-1185
-3400
-3758
-3742
-4773
-7283
-8818
-10929
-12187
-12058
-11790
-9992
-10344
-11717
-11563
-9613
-6833
-4983
-3582
-2236
-1182
-295
1825
3639
5093
6488
5087
4505
4353
4197
5942
6228
5076
4880
4027
6237
9910
6889
72
-5666
-5189
1663
4993
1477
-3503
-5727
-5294
-4536
-5329
-6840
-7197
-7161
-4647
-4071
-2912
-3506
-10532
-14678
-13590
-6704
-721
-2471
-7770
-11380
-10951
-7953
-3651
-330
962
-1914
-5076
-2781
1710
8435
11876
9912
7710
7963
11262
14072
14937
15643
15978
14292
12117
10909
12258
13979
10621
6067
4475
4762
5048
2405
-2052
-4012
-3376
-3084
-5068
-8356
-8910
-8392
-9317
-10648
-11534
-9222
-7505
-9197
-10970
-10168
-6725
-2911
-1305
-1767
-2093
-1421
1346
4009
5824
7245
6822
5870
4774
4930
5928
6524
5803
5339
5510
6087
9878
7367
359
-5879
-6282
1243
4568
2390
-3350
-6659
-6306
-5856
-4907
-6431
-7834
-10253
-8911
-5543
-3778
-3379
-11103
-16989
-16932
-9445
-1005
-818
-4559
-9969
-11569
-9745
-4241
1967
4851
2732
-2916
-2425
1551
7630
12221
11806
10512
8939
10594
13181
15382
16921
15820
13314
10146
9612
10988
12557
10165
4967
3192
3405
3733
2480
-1407
-3955
-4438
-3528
-3762
-5505
-7601
-10268
-11042
-10670
-9614
-8061
-7273
-8133
-9278
-8112
-5715
-3751
-2015
-52
-470
-717
626
2714
6046
6583
5251
3915
3867
4358
4326
4544
4648
5756
5294
6912
8140
3603
-1468
-5692
-3104
3139
4656
48
-5565
-5856
-4513
-3494
-5077
-8059
-9470
-9699
-5870
-3880
-2150
-5721
-15295
-19320
-16024
-5941
565
-1856
-9267
-14111
-11856
-5637
1017
3366
2868
-514
-1677
1780
6079
11689
13488
12427
10536
10521
14532
17970
18381
17022
15613
14913
15597
14618
12583
10504
7304
5393
4155
3367
1750
-1211
-4108
-6039
-7024
-6611
-7212
-10143
-12003
-13627
-13669
-12925
-12973
-11869
-11005
-10209
-9749
-9476
-7680
-4925
-2150
202
1006
471
1553
3288
5286
7316
8000
8088
6190
3537
3592
6914
10827
10859
9235
8892
5392
574
-2477
-935
3795
5217
987
-5141
-6699
-5426
-3827
-4194
-7086
-8487
-9584
-8231
-7524
-6199
-5384
-11452
-17136
-18992
-14101
-7304
-4967
-7248
-11904
-13610
-11675
-5838
-388
3093
2707
73
963
3378
8752
14060
16181
15639
14254
15146
16918
19120
19633
19626
18930
17763
17367
16082
15221
12693
9352
7130
5698
5367
3334
77
-3314
-6496
-7333
-6838
-7262
-9156
-11367
-13751
-14906
-14825
-13630
-11634
-11083
-11501
-12476
-11719
-8590
-5221
-3352
-2860
-2810
-2088
217
1447
2482
3454
3475
3651
2342
1954
3194
5499
6444
6437
8428
5838
239
-4608
-3752
3516
7021
3998
-2782
-5203
-3128
-1212
-333
-2588
-4408
-6784
-6135
-4807
-3281
-1645
-7529
-13795
-16839
-12927
-5994
-4013
-6682
-12111
-14549
-13710
-8680
-3380
136
-70
-4064
-3456
-248
5325
10760
12513
12535
11907
13259
15963
18107
20276
21719
19420
17344
16956
17653
19409
16869
12374
9637
9330
9229
6510
2978
743
-483
-2041
-3686
-6194
-6976
-7289
-10166
-12606
-14161
-13583
-11549
-10548
-10659
-11122
-10872
-9748
-7709
-5553
-3324
-2476
-2238
-1507
-1174
168
1402
2031
2742
2162
1491
1939
3368
4062
5652
7948
4982
-1491
-7053
-5629
1371
5028
2108
-4489
-6277
-4994
-4155
-4140
-5233
-4729
-5486
-4963
-4927
-3748
-3505
-8574
-12954
-13857
-8714
-4376
-4377
-7632
-11549
-11327
-8750
-5198
-2548
-195
-730
-2291
-1127
1455
5490
8343
9800
9765
10046
11916
14468
16770
18088
19001
17819
16237
15376
15616
17100
17469
15065
11182
9001
7459
6258
5413
4453
2846
-41
-2363
-4722
-6044
-6062
-7386
-9398
-11305
-11947
-11576
-10305
-9296
-9605
-9645
-9157
-7613
-6102
-4976
-3912
-2207
636
2249
928
-1000
-402
731
1545
2533
4058
5350
4420
4039
3613
1537
-1206
-3594
-1903
1769
1738
-2814
-6957
-6272
-3754
-2311
-4351
-7861
-9188
-8652
-5563
-3448
-1490
-3939
-11450
-15975
-14905
-8256
-2369
-1810
-6326
-12116
-14027
-10289
-4405
-329
866
-1906
-3438
-2389
-107
3818
7177
9615
10537
10210
9959
10697
12576
15992
17914
17433
16867
15460
14269
13764
14205
15113
15120
13236
9260
6181
5570
6781
7612
6371
2963
-884
-2197
-2724
-3337
-4653
-6432
-8180
-9803
-9565
-8887
-8317
-8577
-9104
-8465
-7177
-6322
-6484
-5599
-3528
-1200
-1269
-2665
-3216
-3490
-2817
-1747
908
4044
3881
1341
219
-12
60
-1338
-1794
1052
2404
223
-4254
-5788
-2937
-478
-1466
-5405
-7787
-8140
-5294
-2780
-1236
-2224
-7991
-12277
-13489
-9582
-4275
-2502
-4687
-9640
-12604
-11335
-6126
-1926
-445
-2044
-4036
-3507
-1655
1668
4297
6413
7477
7389
7582
8911
10803
12713
14244
13792
13972
14578
14209
12955
11896
12213
12845
12770
10825
8987
7679
7459
7255
6719
6293
4307
2461
1006
-14
-459
-1042
-2458
-4478
-5305
-5171
-4296
-4777
-5320
-5102
-5039
-5029
-6200
-5994
-3843
-1904
-2114
-4215
-5619
-5694
-4756
-4177
-2974
-1773
-1088
-2078
-3321
-1899
-1305
-2817
-5619
-5554
-2014
672
-728
-4923
-6153
-4690
-2614
-3114
-4958
-5685
-6051
-3867
-2267
-1397
-2895
-6806
-9328
-9808
-7057
-3776
-1753
-3163
-7311
-10316
-8947
-3894
-28
953
-1250
-3006
-3028
-1867
857
4397
7502
7402
5367
4257
6079
9540
12269
12643
11573
11186
10867
11010
11459
12518
13077
11921
9381
7439
8080
9639
10304
8783
6863
5311
4375
4115
4073
4253
2828
166
-2488
-3159
-1864
-643
-1466
-4285
-5752
-5087
-3435
-3079
-3769
-3941
-3977
-4046
-4906
-5363
-4840
-4332
-5036
-5928
-5624
-4757
-3529
-3626
-4793
-4378
-2528
-1563
-3299
-6194
-6675
-4141
-1538
-1497
-3347
-3906
-2868
-2438
-3520
-4900
-4821
-3194
-1208
-588
-1384
-3860
-6636
-8062
-7403
-4648
-2428
-1990
-4132
-7725
-9580
-7618
-3022
6
-652
-3652
-6051
-5504
-1628
2813
5319
4823
2517
1458
3305
7015
9950
11723
11462
9524
7971
9174
13005
15375
14298
10160
7420
8871
12117
13809
11992
8662
6211
6244
7616
8237
7676
5828
3294
546
-444
758
2440
1977
-1695
-4950
-5436
-3391
-1523
-2156
-4432
-6859
-7679
-6658
-5145
-4631
-5213
-6614
-7464
-6793
-5688
-4754
-5324
-6719
-7530
-7146
-5186
-3055
-1322
-1033
-3493
-7135
-8684
-6058
-759
2800
1580
-2247
-4814
-4354
-1956
-606
-35
60
-132
84
-629
-1442
-2277
-3010
-2956
-2517
-2288
-2852
-3427
-3931
-4142
-4569
-4652
-4323
-4612
-4471
-4245
-3612
-2871
-2304
-1207
134
1316
1515
1550
2520
4293
5772
7105
8572
9186
8841
7888
8217
10080
12219
13431
12521
11103
10356
10479
11175
11704
11370
10087
8713
6998
5780
5795
6610
6295
3625
602
-1314
-1385
-654
-364
-1286
-3306
-5575
-7623
-7521
-5996
-5071
-5381
-6320
-7684
-8788
-8373
-7528
-6318
-5862
-6967
-8128
-7976
-5872
-3783
-3906
-5796
-7114
-6251
-3505
-1755
-1995
-2714
-3725
-4182
-4235
-4040
-2627
-935
-317
-899
-2201
-2759
-1824
-798
-346
-230
-31
372
423
495
630
362
-6
-656
-1313
-1030
-665
-987
-1639
-2281
-2303
-1834
-1512
-1206
-716
-168
-68
-814
-372
2036
4431
5354
4034
2943
4128
6558
8797
9530
9337
8974
8821
9154
10248
11652
12086
11301
9386
8127
8431
9284
9326
7420
5452
4708
4253
3260
1504
-58
-576
-1033
-2565
-4340
-5279
-5279
-5200
-5881
-7005
-7707
-7530
-6964
-6973
-7256
-7029
-6546
-5883
-5167
-4552
-4538
-5378
-6134
-5688
-3962
-2583
-2639
-3740
-4535
-4632
-4537
-3983
-3187
-2781
-3328
-4565
-5544
-5210
-3794
-2773
-2770
-3417
-3563
-3268
-3038
-2949
-2606
-1185
340
586
-409
-1104
-559
1010
2451
2831
2640
2029
1855
2330
3448
4666
4604
3400
2032
2337
4360
6418
6698
5252
3912
3604
4548
5603
6595
7311
7162
6154
4748
4450
5333
6666
7064
6369
5433
4655
4203
3464
2977
3118
3693
3620
2337
761
-65
131
55
-700
-1814
-2451
-2614
-2905
-3168
-3167
-2817
-3063
-3918
-4637
-4385
-3332
-2616
-2575
-2824
-2826
-3081
-3791
-4418
-3903
-2596
-2012
-2817
-4410
-5215
-5110
-4644
-4281
-4068
-4260
-4982
-5746
-6034
-5314
-4402
-3698
-3619
-3975
-4184
-4207
-3661
-2810
-1574
-696
-633
-1381
-2047
-1564
-487
818
1414
1333
678
-86
111
1294
2646
2845
2116
1208
1195
2018
3159
4157
4157
3777
3365
3662
4564
5458
6334
6842
6861
6516
6607
7209
7840
7720
7067
6887
6994
7008
6401
5559
5003
4515
4136
3680
2849
1591
501
247
537
324
-824
-2149
-3056
-3332
-3116
-2764
-2434
-2725
-3637
-4496
-4764
-4077
-2687
-1416
-1507
-3201
-5241
-5662
-3992
-2105
-1731
-3276
-5176
-5976
-5836
-5371
-5022
-4843
-5045
-5786
-6795
-6930
-6170
-5452
-5111
-5183
-4722
-4035
-3937
-3956
-3528
-2245
-597
373
532
423
257
655
1691
3034
4373
4371
3169
2034
2031
3462
4655
4350
3094
1930
1572
1973
2473
2865
2796
2001
1359
1265
1866
2793
3031
2670
2222
2344
3268
4118
4133
3741
3672
4004
4319
4220
4394
4952
5112
4795
4438
4459
4515
3985
3331
3539
4074
3983
2957
1524
775
735
973
1077
718
-135
-1169
-1939
-2127
-1716
-1322
-1551
-2786
-4396
-5164
-4731
-3983
-4074
-4973
-5983
-6604
-7241
-7996
-8187
-7686
-7097
-7385
-8476
-9200
-8774
-7719
-6850
-6348
-5979
-5586
-5628
-5587
-4428
-2238
-234
178
-436
-414
691
1978
2696
3137
3976
4858
4872
4168
3534
3724
4569
5003
4634
3932
3504
3432
3141
2483
2074
2231
2559
2438
1909
1634
1756
1792
1787
2074
2636
3247
3453
3319
3286
3478
3825
4271
4836
5356
5503
5128
4705
4622
4868
5046
4610
3961
3621
3492
3294
2846
2211
1554
1106
877
628
230
-256
-942
-1806
-2321
-2258
-2035
-2522
-4015
-5372
-5469
-4851
-4903
-5891
-6918
-7503
-7941
-8295
-8332
-8195
-8301
-8809
-9166
-8672
-7607
-6952
-7135
-7479
-6999
-5517
-4017
-3455
-3455
-2898
-1461
50
1003
1583
2106
2488
2656
3062
4141
5467
5936
5219
4251
4048
4583
4879
4410
3705
3416
3369
2933
2054
1262
862
725
780
1094
1566
1653
983
88
-57
935
2455
3474
3454
2783
2298
2593
3579
4643
5298
5389
5086
4691
4440
4514
4921
5324
5208
4499
3615
3043
2963
3110
3024
2458
1529
570
3
-13
124
-146
-824
-1435
-1740
-2100
-2912
-3887
-4310
-4045
-3912
-4637
-5935
-6980
-7362
-7307
-7205
-7306
-7681
-8286
-8895
-9002
-8319
-7270
-6586
-6512
-6625
-6407
-5706
-4676
-3562
-2500
-1570
-883
-385
133
773
1508
2369
3305
4053
4369
4206
3804
3658
4069
4696
4821
4148
3051
2180
1958
2159
2200
1824
1107
200
-459
-416
239
893
957
417
-114
89
1065
2234
3109
3442
3277
3087
3450
4449
5639
6384
6283
5668
5305
5550
6151
6549
6316
5554
4833
4489
4303
4021
3587
3017
2303
1486
726
227
-95
-588
-1354
-2052
-2474
-2899
-3589
-4363
-4836
-4966
-5162
-5730
-6456
-6911
-7059
-7186
-7442
-7682
-7779
-7878
-8143
-8396
-8231
-7599
-6890
-6487
-6359
-6133
-5606
-4907
-4174
-3384
-2399
-1209
-134
479
653
837
1573
2862
4138
4800
4700
4261
4068
4364
4901
5157
4818
4075
3389
3027
2797
2441
1966
1479
1026
603
290
241
310
197
-84
-161
331
1174
1764
1926
1919
2114
2666
3391
4218
5049
5571
5606
5276
5105
5554
6391
6949
6735
5852
4975
4582
4594
4653
4370
3692
2730
1610
674
201
133
-31
-800
-2048
-3210
-3897
-4232
-4580
-5023
-5477
-5989
-6630
-7370
-7989
-8254
-8208
-8031
-7993
-8277
-8753
-9109
-9012
-8381
-7561
-6962
-6669
-6473
-6041
-5325
-4526
-3674
-2688
-1556
-494
254
826
1552
2496
3438
4167
4729
5260
5603
5610
5520
5711
6201
6382
5754
4627
3802
3749
4044
3891
2975
1643
500
-50
-16
254
292
-221
-1150
-1936
-2006
-1286
-308
252
181
-146
-129
531
1627
2751
3557
3917
3960
4013
4443
5328
6275
6752
6535
5947
5566
5610
5844
5887
5537
4873
3987
3016
2239
1825
1638
1251
396
-742
-1806
-2608
-3151
-3537
-3880
-4367
-5187
-6215
-7084
-7518
-7584
-7614
-7852
-8262
-8671
-8966
-9107
-9070
-8853
-8509
-8130
-7735
-7304
-6855
-6437
-5977
-5271
-4228
-3045
-2037
-1294
-639
80
848
1668
2627
3705
4588
4935
4895
5018
5607
6295
6478
6053
5492
5231
5224
5102
4626
3929
3282
2804
2420
1990
1502
1038
662
373
153
30
-10
-47
-121
-122
110
582
1059
1338
1488
1706
2098
2574
3022
3444
3823
4101
4282
4401
4477
4486
4443
4482
4645
4719
4375
3610
2892
2609
2646
2535
1979
1150
346
-378
-1106
-1732
-2077
-2285
-2800
-3833
-5006
-5719
-5817
-5776
-6138
-6905
-7657
-8092
-8224
-8199
-8119
-8053
-8119
-8309
-8339
-7899
-7081
-6303
-5837
-5541
-5104
-4409
-3522
-2557
-1589
-748
-157
307
959
1910
2847
3461
3788
4102
4498
4786
4864
4961
5269
5505
5271
4639
4127
4035
4103
3925
3460
3001
2596
2012
1338
1041
1333
1763
1680
949
139
-95
327
1033
1672
2038
1974
1541
1196
1457
2426
3574
4159
3978
3481
3187
3268
3646
4178
4586
4513
3790
2762
2152
2342
2868
2887
2102
953
31
-462
-684
-853
-1090
-1546
-2386
-3477
-4307
-4541
-4460
-4558
-5034
-5711
-6308
-6732
-7028
-7107
-6893
-6657
-6763
-7167
-7426
-7197
-6585
-5971
-5635
-5444
-5091
-4611
-4043
-3290
-2417
-1635
-1078
-640
-60
828
1772
2373
2708
3125
3623
3961
4085
4168
4424
4771
4786
4300
3711
3444
3426
3386
3217
2933
2563
2044
1389
971
1153
1700
1968
1585
848
360
478
1076
1735
2151
2197
1858
1367
1211
1725
2687
3458
3515
2963
2428
2381
2803
3362
3743
3799
3486
2905
2376
2238
2477
2668
2433
1819
1161
641
169
-291
-632
-855
-1218
-1954
-2936
-3759
-4160
-4264
-4362
-4694
-5319
-6103
-6749
-6897
-6517
-6011
-5907
-6335
-6873
-6966
-6399
-5463
-4664
-4330
-4394
-4460
-4129
-3308
-2292
-1495
-1051
-801
-527
-102
506
1268
2036
2571
2772
2814
2953
3300
3745
4111
4305
4277
4026
3676
3463
3500
3649
3617
3235
2613
2006
1626
1537
1612
1628
1400
918
426
210
372
750
1013
963
696
514
694
1213
1756
2022
1971
1832
1852
2093
2441
2717
2783
2604
2289
2043
2025
2163
2204
1956
1463
976
672
527
406
185
-149
-548
-980
-1388
-1702
-1895
-2058
-2283
-2576
-2897
-3227
-3593
-3938
-4124
-4113
-4047
-4135
-4415
-4732
-4914
-4878
-4630
-4272
-3973
-3892
-4010
-4020
-3658
-2974
-2291
-1887
-1709
-1530
-1187
-660
-40
564
971
1080
1055
1207
1671
2202
2471
2390
2168
2100
2218
2410
2547
2557
2443
2193
1943
1832
1905
2054
2041
1802
1452
1203
1152
1205
1289
1342
1378
1331
1167
1050
1184
1656
2164
2329
2139
1891
1965
2335
2704
2902
2892
2791
2583
2323
2234
2358
2555
2455
1991
1487
1179
1110
947
624
318
71
-172
-687
-1299
-1716
-1909
-1971
-2222
-2551
-2962
-3515
-4074
-4455
-4278
-3904
-3870
-4369
-5080
-5293
-5044
-4572
-4229
-4129
-4139
-4311
-4301
-3930
-3187
-2472
-2252
-2309
-2278
-1770
-1005
-360
76
287
507
717
1036
1556
2107
2511
2492
2298
2240
2440
2808
2957
2885
2639
2343
2127
1937
1891
1899
1856
1664
1262
912
731
763
887
938
960
926
841
732
737
1051
1551
1915
1898
1625
1512
1743
2170
2524
2648
2590
2392
2136
2020
2154
2426
2495
2184
1708
1371
1282
1223
1013
743
537
373
79
-357
-743
-980
-1119
-1271
-1430
-1606
-1939
-2474
-3021
-3191
-2937
-2719
-2940
-3566
-4111
-4223
-4008
-3756
-3660
-3715
-3873
-4041
-4031
-3711
-3213
-2880
-2856
-2933
-2761
-2272
-1743
-1402
-1224
-1034
-721
-334
49
416
743
998
1188
1368
1586
1787
1926
2040
2178
2304
2291
2126
1936
1900
2047
2196
2143
1842
1469
1270
1330
1556
1732
1689
1429
1104
981
1207
1648
1982
1954
1644
1405
1493
1853
2210
2348
2272
2105
1959
1902
1962
2100
2174
2048
1744
1443
1297
1248
1141
906
639
450
295
70
-272
-659
-960
-1128
-1205
-1308
-1542
-1909
-2308
-2548
-2558
-2457
-2450
-2618
-2877
-3071
-3120
-3068
-2966
-2886
-2901
-3008
-3120
-3081
-2868
-2621
-2493
-2500
-2468
-2272
-1962
-1676
-1489
-1322
-1106
-847
-587
-369
-166
17
165
312
464
605
698
719
727
787
888
982
1018
995
955
952
1017
1132
1220
1234
1213
1236
1341
1486
1595
1648
1686
1763
1884
2023
2143
2221
2276
2336
2427
2540
2637
2698
2728
2708
2637
2558
2539
2578
2539
2337
2041
1811
1706
1602
1398
1100
789
481
149
-200
-493
-693
-894
-1192
-1575
-1943
-2202
-2373
-2502
-2607
-2727
-2894
-3124
-3353
-3434
-3324
-3138
-3056
-3140
-3275
-3307
-3156
-2878
-2593
-2387
-2323
-2358
-2334
-2093
-1631
-1175
-952
-965
-984
-800
-435
-47
243
409
471
455
462
612
882
1122
1202
1132
1016
929
885
900
992
1114
1123
918
607
433
563
884
1099
1017
722
486
530
854
1256
1493
1464
1285
1190
1353
1746
2148
2321
2238
2093
2086
2236
2394
2462
2449
2412
2345
2230
2100
1961
1811
1628
1461
1356
1220
931
486
74
-109
-80
-59
-257
-691
-1216
-1613
-1745
-1650
-1528
-1632
-2049
-2599
-2973
-2968
-2684
-2426
-2474
-2854
-3309
-3528
-3389
-3007
-2651
-2518
-2624
-2818
-2852
-2575
-2052
-1543
-1296
-1305
-1360
-1223
-862
-417
-49
153
209
196
241
424
687
899
957
885
800
766
792
882
992
1074
1033
857
681
636
762
947
1032
960
786
642
646
820
1081
1284
1326
1239
1164
1217
1442
1746
1982
2077
2034
1963
1987
2148
2384
2536
2507
2342
2157
2054
2025
2002
1916
1754
1531
1283
1044
807
556
303
85
-65
-202
-441
-816
-1235
-1513
-1570
-1509
-1524
-1748
-2127
-2493
-2666
-2594
-2414
-2330
-2470
-2763
-2988
-2983
-2775
-2538
-2427
-2467
-2555
-2572
-2463
-2251
-2014
-1822
-1693
-1586
-1448
-1264
-1051
-833
-618
-406
-225
-92
4
113
273
467
640
723
729
716
729
782
835
842
812
785
795
850
913
957
995
1049
1153
1301
1436
1513
1543
1598
1748
1970
2166
2253
2239
2221
2285
2407
2516
2522
2401
2201
2006
1887
1855
1826
1701
1456
1196
1030
941
828
618
347
91
-101
-237
-348
-453
-586
-753
-928
-1047
-1080
-1092
-1165
-1330
-1509
-1618
-1665
-1716
-1790
-1863
-1896
-1910
-1940
-1997
-2076
-2161
-2239
-2285
-2276
-2210
-2158
-2187
-2257
-2262
-2117
-1848
-1604
-1483
-1463
-1460
-1397
-1258
-1039
-752
-467
-294
-269
-263
-128
149
422
565
603
592
570
557
611
821
1143
1364
1358
1220
1154
1273
1465
1601
1669
1699
1669
1546
1431
1520
1839
2152
2217
2043
1861
1853
1958
2079
2176
2219
2145
1941
1767
1794
1981
2077
1909
1579
1308
1164
1047
874
664
450
198
-102
-372
-527
-634
-831
-1126
-1389
-1517
-1609
-1790
-2010
-2110
-2052
-1981
-2012
-2103
-2146
-2105
-2047
-2003
-1941
-1849
-1822
-1906
-1979
-1886
-1637
-1451
-1479
-1621
-1668
-1532
-1333
-1202
-1129
-1073
-1042
-1038
-999
-833
-573
-376
-366
-452
-454
-300
-79
76
150
218
298
366
424
532
730
927
1013
999
1009
1110
1253
1349
1403
1479
1579
1632
1607
1587
1672
1839
1962
1967
1904
1876
1908
1968
2024
2072
2096
2030
1884
1751
1720
1757
1736
1595
1367
1147
956
779
623
488
335
107
-185
-453
-633
-742
-862
-1022
-1208
-1394
-1556
-1669
-1696
-1663
-1644
-1691
-1786
-1856
-1850
-1790
-1712
-1637
-1613
-1648
-1720
-1759
-1680
-1511
-1371
-1338
-1417
-1526
-1557
-1475
-1300
-1113
-1015
-1051
-1155
-1192
-1090
-868
-653
-551
-575
-659
-673
-557
-345
-126
-1
19
5
59
228
470
698
833
876
891
948
1111
1348
1572
1698
1701
1673
1705
1828
1993
2113
2141
2080
1991
1925
1918
1975
2030
2022
1906
1735
1613
1583
1618
1616
1508
1321
1128
1002
939
900
842
713
514
279
82
-37
-111
-208
-389
-621
-850
-1028
-1160
-1278
-1364
-1457
-1565
-1719
-1900
-2007
-2020
-1982
-1967
-1997
-2049
-2100
-2107
-2062
-1918
-1747
-1667
-1677
-1740
-1698
-1532
-1340
-1185
-1136
-1129
-1103
-1024
-858
-661
-503
-470
-536
-569
-500
-323
-142
-33
0
-3
2
50
162
296
398
438
432
449
515
606
715
839
979
1103
1179
1215
1270
1379
1528
1680
1793
1859
1885
1905
1967
2092
2252
2350
2314
2172
2039
2004
2054
2107
2072
1931
1729
1538
1393
1306
1232
1118
922
640
350
115
-38
-152
-270
-424
-619
-838
-1069
-1267
-1377
-1415
-1452
-1563
-1737
-1891
-1967
-1945
-1883
-1848
-1867
-1948
-2037
-2069
-2016
-1906
-1836
-1855
-1924
-1957
-1899
-1772
-1645
-1572
-1568
-1589
-1583
-1505
-1348
-1170
-1038
-976
-955
-896
-757
-556
-355
-217
-154
-132
-80
42
227
430
588
682
713
736
815
972
1186
1382
1475
1468
1431
1440
1556
1752
1937
2041
2024
1933
1869
1895
2019
2162
2233
2181
2042
1911
1858
1902
1978
1983
1884
1695
1486
1329
1235
1195
1137
1003
790
537
322
163
40
-86
-235
-400
-594
-806
-1011
-1167
-1242
-1297
-1376
-1505
-1658
-1781
-1861
-1875
-1842
-1819
-1855
-1955
-2040
-2028
-1926
-1814
-1777
-1808
-1848
-1832
-1745
-1636
-1545
-1494
-1489
-1481
-1418
-1287
-1124
-1001
-939
-911
-846
-706
-538
-380
-272
-195
-109
-3
122
261
387
493
568
623
697
786
878
947
1003
1072
1144
1196
1234
1276
1334
1390
1430
1464
1501
1538
1561
1580
1615
1668
1711
1706
1687
1677
1687
1700
1686
1658
1627
1579
1502
1409
1335
1281
1211
1080
913
753
619
482
311
119
-61
-218
-372
-524
-687
-839
-999
-1184
-1352
-1458
-1512
-1556
-1634
-1752
-1828
-1836
-1827
-1823
-1800
-1765
-1768
-1803
-1854
-1858
-1764
-1627
-1531
-1468
-1398
-1316
-1224
-1134
-1051
-953
-859
-829
-814
-733
-605
-482
-393
-346
-285
-172
-70
-35
-34
-23
-5
43
116
195
259
290
326
408
577
768
828
779
785
866
989
1193
1353
1369
1434
1521
1487
1502
1639
1805
2348
2970
2693
1553
482
10
671
2269
3155
2768
1955
1330
1176
1431
1205
280
-116
650
1850
2632
2208
455
-1340
-1937
-1128
755
2423
2121
-78
-2267
-2948
-2130
-1108
-1132
-1692
-1445
-619
-637
-1987
-3679
-4293
-3327
-1786
-1042
-1433
-2444
-3298
-3490
-3178
-2749
-2150
-1270
-487
-259
-824
-2041
-2880
-2250
-547
808
1027
511
42
-55
-56
-104
209
875
1295
1278
1138
894
393
-85
-212
84
733
1327
1272
450
-619
-1178
-773
205
886
1087
1258
1285
755
117
108
711
1460
2075
2409
2402
2231
2084
1977
1873
1813
2015
2574
3110
3041
2357
1711
1414
1171
887
821
1100
1533
1748
1318
246
-812
-1263
-1114
-694
-385
-366
-517
-815
-1344
-1843
-1912
-1651
-1356
-1051
-835
-966
-1360
-1648
-1672
-1486
-1231
-1058
-961
-976
-1241
-1563
-1619
-1520
-1588
-1745
-1731
-1586
-1463
-1495
-1739
-1978
-1988
-1781
-1482
-1278
-1290
-1405
-1388
-1225
-1010
-736
-499
-414
-369
-182
117
360
458
506
624
850
1068
1149
1167
1228
1350
1548
1709
1680
1458
1191
1049
1124
1388
1615
1613
1430
1235
1162
1193
1213
1169
1146
1244
1410
1510
1462
1329
1278
1355
1449
1484
1526
1585
1586
1548
1541
1532
1402
1118
842
761
822
831
677
370
10
-320
-572
-753
-876
-982
-1122
-1324
-1550
-1731
-1877
-2067
-2279
-2347
-2198
-1925
-1799
-1966
-2266
-2453
-2383
-2152
-1899
-1674
-1495
-1363
-1354
-1475
-1549
-1430
-1155
-903
-767
-658
-507
-345
-319
-473
-637
-610
-326
49
304
348
217
3
-225
-373
-295
56
510
778
720
482
311
352
553
734
841
981
1252
1615
1859
1826
1577
1367
1404
1648
1940
2119
2115
1971
1771
1576
1408
1299
1255
1239
1220
1157
1033
838
607
421
350
386
402
309
178
147
241
310
195
-91
-308
-215
139
419
345
-35
-422
-593
-564
-496
-491
-531
-629
-830
-1113
-1389
-1573
-1722
-1893
-2005
-1941
-1740
-1625
-1790
-2147
-2423
-2445
-2228
-1915
-1596
-1324
-1157
-1111
-1155
-1190
-1103
-842
-456
-77
167
243
222
202
213
227
264
388
625
857
895
688
433
348
423
493
479
477
591
745
777
665
582
658
812
898
918
1016
1265
1533
1642
1567
1428
1346
1363
1480
1675
1856
1894
1723
1449
1241
1156
1141
1120
1094
1094
1061
900
583
198
-83
-177
-153
-179
-361
-620
-782
-832
-961
-1307
-1715
-1871
-1632
-1253
-1130
-1348
-1663
-1762
-1583
-1357
-1261
-1296
-1343
-1264
-1057
-814
-686
-780
-1020
-1209
-1179
-935
-665
-535
-556
-607
-595
-555
-559
-588
-503
-241
102
324
308
136
-15
-11
148
362
519
550
484
367
257
189
177
237
354
490
590
613
552
437
323
292
432
723
991
1050
875
648
574
655
727
703
684
815
1054
1198
1088
785
518
462
653
975
1250
1338
1194
911
669
632
815
1053
1166
1094
934
785
634
413
110
-158
-261
-223
-213
-384
-755
-1186
-1490
-1584
-1523
-1418
-1352
-1373
-1471
-1602
-1692
-1664
-1511
-1308
-1184
-1194
-1273
-1329
-1317
-1286
-1264
-1188
-1018
-812
-697
-732
-796
-738
-538
-304
-147
-64
32
144
182
97
-23
-22
136
338
459
458
401
336
283
264
302
422
567
667
730
790
850
847
727
579
553
736
1031
1237
1204
967
722
632
730
918
1048
1032
899
755
679
664
666
634
574
564
633
750
810
747
579
414
384
479
589
575
424
270
237
306
325
168
-136
-399
-484
-428
-402
-529
-768
-979
-1094
-1149
-1230
-1385
-1542
-1614
-1572
-1470
-1402
-1431
-1574
-1720
-1737
-1589
-1341
-1117
-980
-905
-814
-695
-630
-644
-631
-455
-101
272
458
386
183
61
111
285
455
535
543
533
534
523
456
339
256
293
486
748
920
885
652
380
250
371
677
979
1116
1029
794
569
470
519
656
796
874
871
798
681
556
466
431
465
560
648
649
506
249
6
-98
-26
140
256
232
85
-108
-280
-396
-441
-416
-353
-286
-276
-353
-511
-676
-762
-748
-664
-589
-563
-586
-633
-697
-777
-848
-869
-803
-668
-536
-485
-545
-672
-790
-834
-800
-707
-582
-467
-387
-341
-317
-292
-233
-124
21
174
323
459
560
605
598
554
531
570
666
779
821
755
604
425
298
260
284
290
233
119
15
-25
-9
-9
-75
-179
-243
-200
-66
69
127
98
56
76
171
283
334
327
306
344
442
545
589
557
491
450
477
543
596
613
579
524
468
393
314
236
186
154
96
2
-142
-299
-418
-496
-554
-623
-707
-806
-875
-890
-875
-837
-817
-821
-812
-776
-711
-643
-581
-509
-420
-336
-273
-242
-239
-220
-165
-98
-47
-41
-86
-139
-167
-153
-107
-42
5
17
2
-34
-52
-27
43
151
252
307
303
272
259
286
350
411
450
457
434
416
399
385
375
354
359
382
405
406
343
272
238
249
318
354
333
282
217
196
225
284
323
315
291
257
253
266
276
271
261
257
239
213
174
133
98
63
41
-18
-103
-200
-280
-330
-396
-456
-537
-612
-662
-709
-733
-770
-803
-823
-840
-836
-815
-777
-730
-672
-606
-555
-510
-482
-451
-412
-370
-296
-215
-137
-65
-20
13
40
81
133
193
258
311
356
388
405
409
401
401
401
405
417
426
424
399
358
308
270
254
259
271
269
245
196
148
125
123
143
175
202
214
209
198
190
197
228
282
337
375
390
371
340
318
316
348
383
392
367
328
269
210
155
113
88
59
36
-2
-69
-142
-215
-283
-332
-369
-387
-409
-444
-500
-566
-618
-654
-670
-676
-674
-668
-670
-669
-659
-640
-615
-583
-555
-510
-453
-388
-315
-258
-209
-162
-110
-38
37
108
173
219
251
281
313
337
353
364
374
379
377
367
352
330
302
279
255
239
222
197
173
149
131
115
99
96
91
85
88
90
87
82
75
64
66
73
79
94
102
117
133
133
143
148
157
180
199
211
213
213
216
223
235
234
224
215
201
193
185
174
152
113
75
39
5
-24
-66
-115
-165
-213
-250
-298
-363
-427
-491
-514
-514
-518
-539
-594
-665
-715
-727
-692
-623
-581
-583
-632
-691
-700
-652
-553
-452
-391
-353
-328
-292
-239
-181
-111
-15
108
245
359
424
419
390
395
475
609
729
771
716
608
516
485
504
543
554
518
442
354
282
243
237
238
254
274
286
279
247
215
207
228
276
337
387
391
350
271
195
179
206
256
288
269
195
82
-15
-70
-75
-47
-25
-36
-90
-160
-236
-300
-329
-335
-314
-285
-264
-271
-325
-401
-474
-510
-492
-444
-412
-420
-479
-579
-664
-706
-696
-652
-602
-575
-580
-614
-654
-671
-646
-565
-454
-345
-266
-234
-231
-233
-201
-122
1
146
266
346
376
372
374
406
481
576
668
719
720
687
629
581
556
559
583
590
564
500
406
321
262
241
243
246
240
205
158
111
79
78
95
128
161
170
160
136
112
109
120
145
166
171
148
95
44
-2
-17
-20
-33
-55
-110
-164
-214
-245
-245
-228
-206
-203
-225
-258
-285
-286
-260
-217
-170
-140
-141
-163
-195
-225
-231
-222
-215
-220
-247
-295
-337
-369
-398
-408
-409
-413
-414
-413
-408
-399
-378
-345
-310
-268
-220
-170
-114
-62
-12
30
65
97
133
175
218
265
300
320
330
329
334
347
364
381
396
397
384
364
343
324
311
304
302
294
272
240
202
172
163
168
185
199
195
183
158
140
136
140
152
156
152
143
123
103
93
82
74
74
55
35
6
-29
-55
-81
-96
-114
-135
-156
-181
-208
-234
-257
-276
-288
-299
-312
-321
-330
-333
-333
-335
-330
-329
-326
-319
-298
-276
-261
-235
-218
-201
-180
-159
-137
-120
-98
-86
-78
-67
-61
-51
-38
-27
-13
7
24
33
44
55
70
88
99
118
130
140
146
146
154
166
177
187
196
203
207
213
210
215
228
229
234
242
248
256
247
245
240
228
227
220
213
201
192
184
168
158
148
136
124
109
102
94
91
89
83
84
79
78
78
72
68
56
43
29
9
-18
-53
-92
-140
-193
-253
-317
-377
-426
-469
-513
-558
-601
-622
-634
-640
-628
-605
-560
-515
-469
-415
-359
-291
-220
-148
-75
-7
51
102
149
191
231
262
282
299
314
322
327
327
319
320
322
319
320
308
293
286
272
259
235
207
187
159
128
96
60
32
0
-28
-56
-85
-108
-131
-148
-158
-163
-154
-151
-147
-142
-136
-116
-103
-87
-67
-51
-27
-6
20
44
67
89
108
130
143
158
172
179
186
188
184
176
162
147
133
112
83
61
38
7
-20
-47
-78
-106
-129
-152
-179
-203
-214
-228
-238
-242
-239
-230
-219
-207
-197
-177
-151
-128
-109
-92
-67
-45
-21
-2
14
28
40
44
48
55
57
54
47
37
27
26
19
11
17
13
14
10
6
8
10
18
19
24
31
34
43
50
56
61
64
70
71
73
72
69
73
79
89
92
94
92
90
92
92
86
81
78
76
70
61
55
54
54
41
26
14
6
1
-9
-19
-25
-31
-29
-25
-30
-33
-36
-50
-54
-53
-57
-59
-63
-66
-75
-82
-81
-85
-86
-91
-101
-106
-117
-128
-128
-134
-139
-135
-137
-130
-124
-114
-106
-110
-105
-98
-89
-78
-70
-55
-38
-26
-13
0
9
14
18
24
30
39
41
36
36
31
26
27
23
21
23
18
19
18
19
21
23
37
57
74
94
109
120
133
149
170
192
216
241
257
268
272
280
296
306
308
303
294
287
270
246
225
202
178
161
136
105
73
32
3
-31
-61
-80
-117
-147
-185
-221
-239
-268
-294
-317
-345
-372
-397
-418
-445
-455
-451
-441
-425
-419
-407
-388
-364
-329
-300
-272
-233
-205
-179
-152
-134
-104
-72
-44
-15
4
23
40
52
70
90
108
130
151
170
189
204
221
234
240
248
254
253
250
238
232
229
216
213
210
206
201
192
185
179
178
180
180
179
183
192
200
210
213
216
224
220
213
210
198
195
183
169
162
145
129
108
76
46
15
-21
-57
-83
-115
-137
-152
-181
-198
-217
-236
-244
-266
-280
-291
-309
-313
-320
-326
-331
-338
-339
-344
-343
-333
-327
-314
-307
-295
-275
-262
-233
-201
-173
-143
-115
-88
-67
-45
-24
-6
16
34
53
75
95
111
124
137
152
163
175
191
197
198
205
208
209
219
218
219
216
208
205
195
187
182
179
176
170
162
154
152
149
146
141
137
132
126
124
115
108
109
107
106
98
95
92
85
77
64
49
38
30
16
-1
-13
-26
-40
-54
-74
-90
-103
-119
-137
-157
-172
-188
-202
-217
-231
-239
-255
-273
-289
-296
-306
-312
-309
-307
-291
-275
-259
-237
-224
-203
-181
-156
-125
-97
-71
-45
-18
4
29
54
78
97
116
134
147
161
167
175
179
185
186
180
177
170
164
159
149
139
130
121
110
98
93
96
97
94
92
92
86
82
77
71
68
67
69
70
77
86
89
95
97
100
106
111
119
125
126
128
129
128
118
109
96
77
54
28
1
-27
-55
-83
-112
-131
-149
-173
-195
-216
-242
-257
-267
-275
-273
-279
-283
-285
-287
-284
-279
-272
-265
-253
-235
-218
-195
-178
-158
-130
-113
-87
-60
-37
-20
-4
21
35
51
67
83
103
115
124
137
149
155
164
169
174
179
182
189
190
186
190
189
188
185
180
174
165
159
147
134
118
101
90
76
66
57
46
39
31
20
18
19
19
15
12
6
0
-1
-4
-6
-8
-7
-12
-23
-34
-48
-53
-58
-58
-63
-62
-59
-58
-57
-58
-53
-49
-51
-64
-76
-87
-92
-94
-102
-103
-113
-122
-131
-147
-162
-175
-182
-181
-176
-168
-157
-150
-141
-126
-104
-82
-62
-40
-19
10
41
75
103
120
138
150
164
174
176
177
166
154
137
123
110
95
85
76
70
63
60
55
46
45
39
39
37
38
45
45
44
47
47
46
47
43
41
41
41
42
42
45
51
54
59
65
63
64
54
42
39
24
14
-1
-18
-29
-42
-56
-71
-87
-97
-108
-124
-136
-147
-160
-162
-164
-170
-164
-162
-162
-159
-154
-152
-148
-144
-141
-132
-127
-115
-99
-90
-74
-56
-43
-27
-13
-2
12
26
42
59
79
95
112
128
137
143
144
140
146
150
153
147
142
143
136
134
129
119
109
94
86
75
59
48
35
33
30
32
24
14
10
-3
-7
-15
-24
-29
-37
-41
-43
-44
-46
-50
-48
-56
-62
-63
-66
-68
-70
-67
-61
-62
-55
-48
-45
-38
-33
-30
-29
-23
-18
-14
-9
-1
10
7
7
9
6
6
0
-11
-17
-23
-23
-23
-21
-23
-27
-24
-24
-30
-29
-24
-21
-28
-29
-22
-18
-13
-10
3
15
23
30
29
30
30
34
44
48
56
55
53
52
44
49
46
41
33
21
17
7
0
-10
-20
-23
-30
-25
-23
-22
-19
-24
-24
-25
-23
-17
-10
-1
4
13
24
31
40
41
42
41
35
36
32
32
33
30
30
22
16
6
-2
-9
-19
-25
-30
-29
-28
-32
-30
-33
-34
-35
-29
-27
-33
-29
-32
-28
-18
-14
-7
-3
3
4
6
12
15
16
8
5
5
0
0
-3
2
7
7
11
7
3
0
-6
-4
-9
-5
2
6
10
9
8
8
6
4
1
-2
-2
-3
-2
-7
-4
-5
-6
-6
-9
-10
-7
-2
1
0
-4
-4
0
1
1
0
0
5
9
9
8
5
3
-2
-4
-3
-1
2
2
-2
2
4
5
8
6
6
7
6
12
11
15
13
2
0
-12
-19
-21
-21
-14
-8
2
5
7
10
10
8
5
2
1
-1
2
3
10
17
19
23
22
14
9
4
-2
-1
-5
-4
-3
-2
1
-2
-1
2
-3
-4
-8
-16
-12
-14
-13
-12
-16
-13
-10
-7
-4
-5
-6
-15
-20
-23
-25
-23
-17
-10
-5
-5
-3
-6
-15
-9
-13
-16
-17
-22
-19
-15
-8
0
6
3
7
8
0
2
-2
-8
-2
5
18
33
42
52
51
49
46
38
34
34
33
39
42
46
52
58
61
53
38
21
11
-2
-10
-11
-19
-24
-25
-28
-22
-26
-30
-39
-53
-57
-60
-57
-49
-41
-24
-13
0
9
11
13
6
-4
-13
-12
-8
-5
-3
-3
-7
-11
-15
-23
-33
-43
-52
-60
-66
-65
-63
-58
-53
-47
-40
-34
-32
-25
-14
-9
-2
3
13
30
45
59
68
70
77
80
80
83
79
68
59
54
55
59
55
55
54
48
41
25
16
15
10
8
7
1
2
-1
-3
-1
-4
-5
-3
-3
0
0
-5
-5
-1
1
2
2
0
-2
-3
-10
-15
-20
-25
-32
-36
-40
-43
-45
-45
-43
-45
-48
-49
-53
-56
-57
-54
-48
-38
-35
-28
-22
-16
-9
-10
-10
-9
-4
3
6
12
17
18
17
14
18
17
18
21
15
15
16
17
20
15
19
13
9
8
5
3
0
2
7
9
9
9
8
8
6
6
8
10
11
11
15
20
24
29
31
33
37
33
34
28
24
25
22
22
17
16
14
5
4
0
-3
-3
-8
-10
-12
-13
-15
-15
-7
-9
-12
-10
-12
-14
-11
-14
-13
-8
-7
-4
-5
-3
-3
-9
-6
-9
-8
-5
-4
-7
-16
-23
-24
-22
-23
-20
-19
-17
-15
-20
-16
-16
-24
-25
-28
-23
-18
-17
-20
-32
-34
-34
-34
-39
-43
-37
-32
-23
-20
-17
-5
2
9
17
17
19
19
20
27
30
45
52
