-98
-104
-106
-116
-111
-113
-109
-105
-116
-108
-115
-123
-122
-130
-125
-123
-114
-104
-108
-91
-92
-86
-75
-83
-65
-57
-52
-38
-43
-24
-19
-11
9
12
30
33
44
62
63
83
84
96
113
111
127
120
125
142
140
160
160
160
166
149
152
144
136
131
114
115
103
95
85
64
61
42
33
27
12
18
8
-1
0
-10
-7
-21
-32
-38
-56
-54
-62
-68
-72
-81
-79
-89
-96
-101
-108
-101
-101
-97
-88
-92
-93
-99
-101
-96
-97
-91
-91
-89
-87
-87
-75
-71
-64
-60
-66
-69
-74
-80
-77
-78
-75
-69
-65
-58
-56
-43
-31
-20
1
11
19
24
35
49
58
77
93
107
119
122
130
136
144
157
159
165
164
159
165
158
163
163
164
164
145
137
119
106
106
92
93
82
65
55
34
30
19
12
8
-6
-10
-31
-43
-43
-56
-54
-67
-76
-86
-102
-102
-118
-122
-118
-128
-126
-137
-145
-143
-152
-144
-143
-145
-140
-155
-147
-147
-151
-136
-139
-134
-135
-134
-121
-128
-112
-106
-102
-86
-91
-72
-62
-58
-35
-36
-19
-13
-17
12
3
18
27
22
51
46
78
92
85
120
111
132
151
151
189
189
211
229
221
248
245
255
272
256
275
261
263
284
260
266
247
220
206
173
160
126
99
79
36
14
-22
-47
-68
-107
-128
-158
-180
-188
-202
-210
-230
-251
-266
-286
-292
-288
-276
-256
-253
-257
-263
-265
-251
-230
-190
-157
-137
-124
-135
-135
-122
-94
-52
-27
-18
-25
-48
-60
-53
-31
6
35
43
22
-15
-35
-30
5
45
81
102
86
62
45
54
97
143
180
198
188
161
135
139
165
206
233
238
221
189
169
155
152
165
179
188
183
159
132
105
91
92
100
97
77
58
26
-10
-39
-59
-67
-78
-92
-111
-136
-154
-171
-176
-176
-177
-174
-177
-181
-186
-192
-189
-181
-170
-158
-157
-149
-143
-137
-124
-115
-103
-84
-60
-38
-18
2
17
35
58
75
86
93
99
105
104
110
113
118
126
123
114
104
94
81
75
79
75
65
53
41
32
28
21
18
13
-2
-14
-20
-29
-35
-41
-53
-61
-69
-80
-80
-80
-79
-76
-74
-66
-64
-61
-47
-38
-30
-26
-26
-31
-33
-24
-11
-2
13
31
44
50
54
67
84
104
128
153
173
182
190
189
181
183
185
179
163
134
94
45
-2
-34
-51
-67
-87
-107
-137
-164
-185
-189
-171
-156
-132
-114
-114
-116
-119
-113
-103
-92
-85
-82
-96
-115
-126
-138
-140
-126
-108
-93
-81
-73
-64
-49
-24
17
46
71
94
97
88
84
97
101
106
114
107
85
50
29
28
31
57
80
76
51
26
19
25
50
101
140
133
114
108
90
79
101
146
174
161
149
125
78
56
66
79
62
47
41
-2
-62
-99
-103
-110
-128
-110
-101
-129
-167
-175
-166
-172
-147
-106
-101
-124
-136
-128
-132
-132
-107
-78
-81
-95
-83
-75
-86
-75
-37
-9
0
12
38
46
46
60
73
75
69
62
50
33
38
47
33
17
-1
-17
-41
-44
-23
-10
18
41
50
44
16
5
7
26
66
108
142
145
142
143
140
153
166
185
210
212
210
221
226
232
226
209
197
180
159
162
167
167
160
127
76
7
-41
-67
-89
-90
-91
-108
-160
-233
-295
-353
-373
-368
-352
-334
-345
-361
-379
-400
-403
-392
-375
-354
-340
-331
-323
-302
-271
-236
-216
-212
-208
-206
-183
-134
-75
-6
43
73
83
85
92
124
187
253
316
356
353
325
287
265
281
325
381
421
415
364
285
203
149
144
180
227
249
235
181
101
34
4
12
49
96
120
116
86
56
36
32
45
51
64
69
60
64
69
69
63
43
16
-17
-36
-36
-29
-7
7
-6
-52
-121
-197
-250
-261
-234
-190
-161
-174
-231
-317
-396
-427
-407
-343
-273
-230
-227
-270
-333
-374
-386
-356
-293
-220
-168
-142
-137
-151
-163
-162
-140
-93
-36
27
85
107
111
111
103
116
152
200
248
281
301
302
288
289
297
314
337
354
366
362
350
335
321
308
290
280
264
240
217
193
168
142
120
88
63
51
40
38
32
22
5
-41
-95
-139
-167
-168
-153
-137
-132
-152
-202
-263
-311
-343
-341
-315
-276
-228
-207
-218
-243
-278
-296
-282
-231
-155
-84
-36
-14
-25
-49
-51
-41
-10
36
75
103
107
86
70
61
56
54
59
60
61
73
81
96
91
70
43
13
10
26
59
105
120
111
75
29
-4
-7
29
68
104
119
99
61
19
2
-1
14
41
50
55
41
18
5
-17
-28
-25
-22
-6
-8
-6
-1
-15
-20
-39
-48
-51
-55
-38
-26
-6
0
-10
-14
-34
-37
-33
-21
10
32
55
53
43
23
-10
-14
-22
-17
-10
-15
-12
-28
-38
-51
-70
-78
-83
-80
-81
-74
-63
-52
-37
-33
-31
-34
-33
-29
-27
-8
0
-4
-8
-4
2
-5
-2
11
37
49
61
74
69
68
53
52
76
90
113
125
125
105
82
84
72
72
87
100
100
74
68
50
18
10
-6
-2
1
0
-2
-31
-48
-86
-103
-96
-103
-90
-94
-95
-110
-119
-101
-102
-92
-91
-78
-62
-61
-33
-32
-19
-15
-13
8
-3
22
30
25
29
29
59
51
53
49
38
34
18
34
22
11
4
-24
-19
-13
-2
-3
-17
-22
-43
-45
-51
-36
-20
-12
9
18
21
8
-2
-4
10
29
54
90
90
100
88
65
67
51
66
61
61
69
56
60
29
27
15
-9
-5
-25
-5
-13
-6
-6
-29
-11
-47
-53
-72
-83
-61
-73
-55
-65
-55
-57
-81
-75
-102
-96
-101
-91
-63
-61
-31
-33
-10
-7
-12
12
12
41
46
60
77
67
75
56
60
50
47
64
53
72
69
62
50
20
23
9
16
20
19
29
17
18
-1
0
9
6
29
28
38
35
15
17
3
24
38
51
63
41
33
-1
-16
-26
-39
-12
-24
-38
-61
-101
-106
-120
-114
-104
-95
-87
-110
-110
-129
-130
-114
-108
-71
-60
-46
-47
-57
-44
-38
-7
14
45
66
54
50
32
45
68
98
117
99
95
66
55
52
52
85
96
101
74
42
31
24
45
65
86
88
76
48
7
8
9
14
29
29
29
8
2
-13
-27
-5
-1
-6
-25
-35
-42
-46
-34
-43
-31
-37
-57
-59
-66
-49
-37
-11
-1
-14
-5
-21
-12
-4
-3
14
13
13
-22
-15
0
-20
-11
-5
14
2
0
-4
-29
-17
-18
-16
-24
-16
-2
-21
-15
-27
-34
-49
-62
-49
-44
-13
-21
-28
-23
-43
-19
-12
-20
-19
-3
7
-9
10
13
8
9
0
-4
1
44
62
58
78
80
73
58
47
67
85
113
132
123
119
104
92
60
47
86
93
99
77
40
41
3
-5
-5
36
67
30
29
-9
-25
-27
-41
-3
11
21
1
-36
-32
-37
-32
2
23
19
-7
-27
-24
-40
-37
-8
1
6
-31
-57
-54
-91
-111
-130
-133
-129
-153
-157
-194
-211
-203
-234
-257
-323
-327
-280
-282
-249
-241
-197
-191
-269
-260
-268
-210
-151
-107
37
84
73
27
20
71
82
148
220
308
335
297
291
266
267
252
269
322
361
380
331
333
338
354
353
345
386
350
379
364
376
451
432
481
418
361
282
181
241
286
390
384
313
204
-20
-122
-171
-66
42
85
64
-135
-280
-444
-498
-452
-348
-223
-284
-347
-497
-584
-608
-597
-451
-437
-425
-512
-601
-628
-667
-549
-502
-425
-415
-480
-504
-609
-552
-493
-438
-366
-349
-293
-371
-370
-308
-265
-173
-141
-74
-102
-165
-172
-167
-77
14
176
267
250
237
153
101
91
230
429
556
730
795
752
644
584
639
669
828
973
1046
1033
954
957
846
822
825
788
761
650
678
600
550
581
508
449
237
163
43
-68
29
39
109
-24
-148
-318
-616
-659
-664
-521
-501
-499
-516
-792
-919
-1037
-951
-897
-860
-683
-766
-786
-874
-854
-833
-865
-673
-671
-604
-607
-589
-575
-650
-475
-467
-388
-384
-384
-339
-436
-267
-235
-124
-100
-150
-87
-239
-147
-115
21
167
186
356
250
294
266
304
522
566
838
878
920
902
794
928
859
1059
1185
1228
1315
1132
1113
917
884
875
835
1054
921
866
722
518
343
129
291
227
258
347
179
0
-266
-304
-424
-437
-280
-282
-278
-438
-571
-721
-816
-785
-734
-639
-685
-696
-736
-817
-855
-770
-646
-700
-694
-694
-749
-792
-733
-638
-621
-561
-547
-621
-710
-707
-753
-815
-730
-578
-475
-474
-473
-534
-550
-500
-430
-351
-264
-89
28
194
197
202
340
317
395
516
700
836
918
1039
954
967
1052
992
1016
1172
1276
1274
1215
1137
1122
1026
886
983
1054
1018
948
696
586
547
502
540
530
613
324
113
-19
-171
585
690
47
-539
-1006
-622
13
314
-367
-945
-1030
-1064
-505
-701
-1235
-1530
-1400
-878
-404
-202
-1405
-2174
-2077
-1399
-173
-50
-532
-1383
-1593
-1127
-573
8
-303
-663
-903
-756
-215
320
772
480
97
-174
-197
269
804
1196
1135
954
683
426
660
724
650
648
290
121
255
694
727
70
-255
-530
-331
7
234
334
-255
-359
251
1698
2154
728
-391
-478
981
2415
2781
2042
586
238
787
1812
1539
-79
-925
-863
293
958
169
-1664
-3556
-3782
-2568
-884
-637
-1951
-3335
-4129
-3501
-2102
-1026
-997
-1490
-1643
-1509
-648
496
1247
1372
1133
1157
1580
2404
2901
2984
3131
2980
2632
2546
2732
2719
2491
2393
1999
1446
1164
758
335
98
-182
-479
-871
-1378
-2194
-2412
-1601
-1864
-2387
-2809
-3753
-3347
-2568
-2249
-2164
-2157
-2315
-2201
-1460
-1676
-1418
-914
-517
519
1260
1399
508
-110
-151
1140
2698
2641
2149
1169
677
1271
2108
2297
1938
1027
88
542
1118
1540
1603
1001
237
-268
-240
20
642
384
-118
-371
-777
-354
55
284
617
321
-169
-437
-547
-521
-350
1007
2619
3455
2229
-905
-2163
-1095
1733
3347
2473
583
-1226
-594
471
716
-813
-2752
-3078
-2127
-31
11
-1841
-5341
-7890
-6174
-2652
-381
-1826
-5078
-7325
-6923
-4472
-1841
-93
-829
-2578
-3455
-2430
241
2814
4085
3738
2827
2617
3646
5173
6370
6820
6734
6186
5611
5506
5500
5647
5151
4348
3831
3226
2528
1677
788
-152
-436
-697
-1437
-2466
-3089
-2727
-3195
-3659
-4130
-4679
-3910
-3539
-3638
-3402
-3088
-3082
-2579
-2277
-2726
-1684
-951
-761
-77
264
416
308
436
407
1206
2015
1743
1693
1044
765
1422
1954
2000
1533
770
-97
-268
-56
542
986
695
-1
-1169
-1804
-1677
-897
-176
-277
-984
-1636
-1629
-1205
-40
524
294
-31
-647
-303
-244
233
1935
3535
4608
2474
-475
-1199
301
3242
4079
2883
1080
145
259
567
79
-1685
-2525
-2333
-791
75
-1279
-4109
-7403
-7335
-4616
-1636
-1099
-3802
-6764
-7674
-5523
-2650
-548
-336
-1508
-2281
-2140
-31
2680
4571
5047
4531
4290
4769
6020
7360
8270
8383
7836
7069
6674
6780
6934
6494
5488
4460
3476
2461
1470
793
-64
-1124
-2266
-2742
-3251
-4401
-5191
-6450
-6656
-6241
-6200
-6140
-6478
-6604
-6419
-5035
-4491
-4706
-4926
-5199
-3270
-812
446
-80
-1326
-1914
-885
1611
3012
2871
1725
814
1170
2389
3069
3028
2842
2197
1820
1656
1364
1618
2052
1972
1578
762
242
37
30
0
-147
474
494
300
-221
-750
-696
-117
776
785
1862
2267
2690
2756
965
539
905
2653
3835
3941
3199
2098
1964
764
421
-36
-472
-193
52
195
-1436
-3809
-6367
-6826
-5357
-3955
-3455
-5041
-7502
-8881
-7864
-5849
-3737
-3080
-3747
-4121
-3873
-2292
-265
1690
2493
2777
2991
3260
4396
5630
6794
7229
7013
6301
5917
6179
6401
6559
6131
5326
4357
3264
2221
1413
1463
1773
971
-607
-2758
-4171
-4041
-3540
-3540
-4157
-4648
-5674
-5716
-5589
-5926
-5016
-4613
-3994
-3161
-2521
-2450
-2585
-2249
-1763
117
1301
1657
1708
1377
1830
2796
4136
4619
4454
3914
3389
3764
4404
4842
4684
3272
1730
1421
1633
2071
1103
-397
-965
-1415
-1229
-1507
-1578
-1461
-1854
-2628
-3270
-1793
126
1730
1373
-1467
-3118
-2690
-227
1940
2094
993
74
462
146
-1033
-2326
-2904
-1443
663
2034
688
-3500
-7592
-8889
-5615
-1046
549
-2064
-7192
-10025
-8951
-5069
-1330
-536
-1955
-4249
-4975
-3291
-18
3331
4835
4740
3498
2902
4087
6527
9127
10093
9606
8198
7116
7335
7950
8710
8829
7724
5963
4134
3380
2777
2987
3743
1841
-233
-2785
-5001
-3956
-3001
-3270
-4663
-6229
-7635
-7447
-6350
-6548
-5531
-5501
-5874
-5479
-5219
-4626
-4287
-3011
-2321
-1036
-114
-809
-505
-95
1167
2876
3690
3512
2910
2633
2612
3583
4428
4355
3490
2011
1008
674
1032
1252
683
-73
-1144
-1817
-1761
-1388
-1112
-1160
-1262
-1390
-367
1086
1536
552
-1012
-867
689
2449
2371
973
927
1871
2733
1933
-793
-3383
-2937
408
3342
2850
-1582
-6824
-9372
-6974
-2271
211
-1641
-6669
-10083
-9675
-6350
-2988
-1291
-1920
-4142
-4840
-3279
201
3311
4860
4880
4169
4582
5857
7771
9218
10040
10114
9335
8857
8648
8957
9202
8776
7815
6385
5186
3767
3599
3940
1968
-20
-2575
-4787
-4818
-4823
-5492
-6853
-8073
-9271
-8705
-8758
-10803
-10716
-9925
-8489
-6510
-5927
-7556
-8996
-8251
-5946
-1750
358
-568
-1500
-1195
271
2611
4759
5267
5454
5120
4919
5528
6623
7829
7747
6806
5560
4051
3048
3879
4686
4536
3690
1733
-47
-1277
-1552
-918
1721
4302
4468
1614
-3876
-5728
-2309
3365
5821
3025
-1248
-3359
-1116
1415
1930
-851
-4676
-4454
-1291
1898
1114
-3964
-9692
-11691
-8222
-2550
-225
-4228
-10195
-12992
-11380
-6960
-3331
-2450
-3724
-6104
-6779
-4039
-297
2856
4540
4484
3857
3926
5714
8244
10214
10934
10669
10215
9657
9639
10011
9881
9155
8637
7604
7260
7331
4372
2009
289
-1189
-144
-217
-2324
-4958
-6501
-7655
-7034
-6612
-9348
-10046
-10075
-9501
-6932
-5278
-6636
-9419
-10077
-8949
-4240
-15
-351
-2214
-3542
-2405
969
4520
5591
4791
3761
3222
4322
6301
7530
6995
6122
5208
3911
3735
3672
3226
2882
2094
1442
961
107
-1294
-516
2006
3455
3500
-542
-4126
-3148
691
4482
3872
1170
-1300
-350
2210
2248
155
-4020
-4749
-1846
2066
3240
-1734
-8895
-13317
-10898
-5087
-1038
-2666
-8938
-13248
-14088
-11185
-6557
-3555
-3631
-6043
-8180
-7733
-3746
1121
4006
4373
3113
2656
4591
7738
10968
12778
12381
11228
10202
10769
12439
13268
13192
11142
10167
10845
8138
5782
4150
2477
3577
2955
-393
-3677
-5213
-5921
-4720
-4585
-8740
-10823
-11388
-10196
-6861
-4666
-6436
-10886
-12737
-12337
-6681
-849
-692
-2928
-5785
-5577
-2100
2513
4262
3698
2926
1608
2662
4726
6166
6376
4961
3346
2597
2828
2962
2767
1990
1274
1181
549
-202
-134
1003
3491
3023
-1559
-4341
-2619
1891
4112
2035
-1467
-1751
850
2009
1738
-1803
-5172
-3851
-134
3552
3104
-1988
-8511
-12013
-8982
-1857
2138
-1235
-8718
-13370
-11507
-6458
-2418
-1538
-3266
-5722
-6278
-3898
-358
3409
5293
5642
4892
3718
4951
8184
11538
12760
12036
10437
9038
9448
10702
12498
12399
11066
11272
8157
4209
2374
1475
3934
4713
593
-4795
-7058
-7157
-5791
-3597
-7545
-12577
-13400
-11906
-8027
-4610
-6256
-11432
-12787
-11710
-7637
-1945
-1497
-3312
-4669
-4872
-2993
586
2935
2911
2305
1471
2397
4430
6279
6459
4232
2132
1359
2281
3909
4573
3195
1361
239
120
2262
4465
5375
2910
-3003
-5704
-2705
3387
6181
3198
-613
-2402
-766
1213
895
-1319
-3994
-3059
472
2707
722
-4631
-9693
-10636
-6057
50
2443
-2809
-10076
-12059
-8881
-3169
25
-806
-3742
-6321
-6251
-2766
1929
4163
4722
4532
4190
4908
6726
8839
10219
11781
12654
12147
10650
10036
10729
12753
15915
12841
7543
3962
398
2568
5825
5022
1250
-2917
-6933
-8118
-5367
-7891
-11221
-11332
-11604
-9403
-6842
-9490
-15420
-16067
-12775
-6976
-1592
-3590
-7569
-7932
-5283
-1373
2445
4089
3225
1612
1008
2408
5093
8298
7937
4304
1101
-201
1027
3325
4438
2397
-488
-3154
-2849
2142
6972
7180
-751
-8368
-8091
-1704
6029
6740
2286
-1186
-1241
1347
3112
1622
-1796
-1771
1639
5095
5237
279
-6559
-11388
-9016
-911
5030
2950
-6871
-13923
-12306
-5886
620
2365
-837
-5461
-7567
-5320
-627
4133
6056
5835
4374
2473
3107
6292
9762
11506
12264
10783
8797
8312
9013
14032
15257
11235
7083
2004
1637
4440
5120
2856
223
-2686
-5353
-5204
-8990
-12463
-11007
-10115
-9105
-8646
-11936
-17158
-17794
-13944
-7978
-3179
-5007
-10511
-11770
-6606
553
5861
6182
2368
-34
2141
7262
11459
13430
11565
7344
4827
4563
5563
7267
7976
5524
2061
-306
-1396
1628
7584
7044
-1776
-10022
-11394
-4606
2573
2335
-2002
-5387
-6417
-5160
-3087
-4471
-7021
-5620
-1245
2585
1381
-3998
-10225
-12945
-7791
1876
7840
3310
-7538
-13071
-9552
-2169
3716
5988
3111
-2531
-5379
-2922
3573
9091
10507
9464
6569
3943
4476
8032
11460
12255
11230
9274
6214
5639
9890
10494
8237
4962
577
2044
4036
2654
553
-439
-2082
-3083
-2615
-7482
-10192
-8980
-7938
-5694
-5610
-9089
-14036
-14697
-12674
-7760
-1775
-1870
-6068
-8993
-7174
-1915
4554
7121
4286
1291
424
2463
6771
10766
10800
6964
3266
1831
2890
6045
7585
6097
4835
2136
1904
6748
5947
-998
-6970
-7080
-262
3702
-384
-6016
-7854
-6195
-2264
-414
-5960
-12753
-12137
-4836
1577
983
-6105
-15464
-19295
-14055
-3113
4075
452
-8294
-13285
-10985
-6566
-2283
3452
5003
1321
-2458
-1600
2880
7826
12011
12357
10596
8771
8837
11000
13027
14043
14345
15331
12605
10978
12880
10481
7797
5185
3982
6702
5942
-100
-4684
-3660
-1609
1659
329
-9587
-14142
-11540
-6542
-1633
-2495
-9634
-15640
-15012
-10982
-4000
811
-1854
-7216
-9354
-6595
-1184
5341
6818
3209
954
1313
3394
6673
9222
7044
5077
3521
1499
2035
2102
2637
3807
3684
3288
6278
4544
-3264
-7678
-6906
1746
7183
2260
-4486
-8694
-8795
-5339
-1233
-4312
-10944
-12881
-9834
-4155
-2643
-6541
-14197
-19630
-17710
-7806
1358
-1477
-10704
-15674
-12533
-5265
-1228
691
1737
35
-158
3050
7362
10653
14212
15912
14042
12673
14461
17694
20618
19669
15912
14866
15745
17792
15521
10775
6409
2989
6299
7660
3376
-2659
-7043
-6768
-5071
-2095
-6199
-12300
-14924
-15990
-10965
-5934
-6950
-13536
-16308
-15020
-9217
-807
417
-2572
-5753
-5398
-1113
4884
9267
8076
5491
4307
6433
9098
11579
11105
5637
3622
3591
3405
4685
3776
484
-275
592
4246
4470
-4060
-12201
-12985
-4447
3504
2129
-5373
-11312
-12054
-8899
-2634
-3180
-8985
-11858
-9915
-4946
-4032
-5750
-12051
-16662
-14501
-8250
-585
-1820
-9270
-12493
-10218
-5951
-2610
752
2487
109
-2352
240
6624
11271
14240
14628
12308
12372
14143
17959
21631
19908
18083
16084
16178
19558
17067
13450
9396
4682
7290
10313
5500
-1269
-4078
-5129
-3640
-2373
-8286
-13747
-14417
-13526
-11079
-8282
-10902
-18181
-18672
-15636
-10775
-3688
-2948
-6705
-8824
-7364
-2364
4144
7607
6094
2905
2582
5879
9529
12820
12226
7329
3728
4353
6806
8461
8344
4949
1404
1812
8147
8398
147
-8128
-11307
-2663
4656
1250
-5571
-9327
-9918
-8005
-3519
-6163
-10664
-11332
-8796
-4430
-5323
-8063
-14952
-19733
-16758
-9487
-1458
-3380
-12124
-16428
-13587
-8058
-4044
-530
1282
-547
-3816
-2746
3218
9845
15832
16819
12175
9348
12077
18730
22469
21974
19857
17885
21383
19402
14282
13288
10560
11275
12959
10361
3774
152
-1379
-2383
58
-3668
-8548
-10898
-12259
-10316
-8415
-10641
-17473
-19610
-17544
-12644
-7225
-7934
-10860
-11448
-8574
-4042
438
3505
2918
1868
2612
3520
6748
9905
10289
9494
6105
2924
3044
5918
8246
8826
6279
5718
8543
4018
-2518
-6405
-4851
2955
6470
1996
-5243
-8303
-8985
-5231
-2471
-7530
-9882
-8991
-5593
-4065
-6717
-11925
-18430
-18769
-13872
-5925
-2592
-8482
-15228
-16750
-12589
-6774
-1776
341
-1784
-5095
-4822
774
6997
10448
12344
12590
11308
12072
14429
17012
19333
19259
19110
21704
19410
15172
13701
10098
10237
12933
10892
5688
2076
-1425
-1728
2680
-1859
-8337
-8947
-8879
-6706
-4297
-6821
-15248
-16724
-13059
-9882
-5579
-5794
-9193
-9722
-7041
-6267
-2953
2484
1915
-180
14
2187
4449
7307
8162
4184
3052
4787
4708
4465
5369
4753
3296
6514
7800
2679
-1297
-5477
-5334
1148
3567
253
-3459
-5463
-7624
-5431
-4280
-9342
-11072
-9133
-3707
-1406
-5264
-11856
-17872
-15752
-8446
-1307
-1369
-8892
-13913
-11939
-7013
-3538
-361
904
-591
-3890
-4756
2039
9397
11626
11395
9759
8723
11340
14329
15646
16177
17161
18920
16802
11505
9119
10448
12860
12321
7606
3288
2108
1384
-810
-1536
-3007
-5906
-6405
-7733
-8762
-7151
-6399
-9939
-13720
-11607
-7252
-3307
-3334
-8006
-9447
-4861
-351
817
2131
1798
1771
3759
4353
4887
7079
9894
7162
2941
2449
3017
5420
5591
4586
1947
2862
7144
1176
-5326
-8489
-7106
756
2319
-3113
-8210
-7558
-6935
-5703
-4918
-10867
-12471
-10240
-5469
-2062
-5668
-12215
-20397
-20347
-10666
751
4279
-4178
-14047
-16431
-9281
-1645
2919
5974
4204
135
-3246
-701
6864
14514
18960
17310
12899
9923
11905
17406
20097
21612
23878
18740
11370
8124
6673
11377
14909
9385
2046
-1154
-3011
-3335
-622
-4674
-10693
-10422
-9586
-9246
-7965
-9649
-16608
-18134
-13693
-8913
-2899
-3053
-9252
-11117
-5194
169
1787
3592
1437
280
4459
6573
6870
7830
7540
4867
4480
6812
7368
7076
6572
4383
2655
8217
9131
856
-4663
-7237
-3732
1816
955
-4728
-7290
-6499
-6951
-5319
-9610
-15400
-14800
-10629
-4202
-4369
-9516
-18879
-26046
-21589
-9764
728
-371
-10462
-17724
-14760
-6385
875
6575
6040
2224
-198
957
7856
15211
20735
21882
16923
12771
14689
20981
26872
27141
22849
18450
16012
14834
14247
14360
11071
6406
3429
-239
-2981
-3728
-5228
-8412
-10662
-12278
-12640
-12069
-14179
-17413
-18163
-16491
-15007
-12578
-10068
-9935
-9696
-7889
-4740
-681
1632
2033
2194
3329
6850
8328
8624
8920
6570
7291
9159
7916
7345
7916
8216
6735
5924
8096
6775
674
-6138
-7741
-1675
2493
-54
-5580
-9034
-10794
-9136
-5432
-8308
-12284
-13564
-11082
-7046
-6400
-8917
-15936
-20791
-19766
-11356
-2223
-2620
-9321
-15408
-13939
-8557
-2091
4706
6008
3032
-251
1300
6922
12795
18875
20773
17978
14833
14273
18083
21858
24254
24365
19941
17321
14549
11970
13275
12014
8440
6524
4245
-1048
-3252
-5397
-9359
-8276
-7198
-7708
-10008
-12913
-17676
-20002
-14426
-11305
-9173
-8124
-11687
-12736
-8662
-3255
380
2657
1797
-836
271
4677
7125
8228
7308
3153
1708
3644
5937
6733
7570
6361
1737
2706
4657
2432
-298
-4510
-4218
-1162
-301
-2018
-4477
-3798
-5345
-4655
-4079
-8235
-9705
-8875
-4665
-1801
-3161
-10057
-18840
-20163
-14553
-3732
3
-6031
-13094
-16012
-11894
-8493
-3273
2033
1662
-321
-2983
-1445
4410
10228
13450
13426
12867
13090
15850
19269
19964
20301
20360
19027
17279
16106
15916
13705
10366
9099
8870
8276
4960
-1549
-6269
-4618
-1158
-93
-2904
-10327
-14372
-13498
-11159
-8904
-8105
-7265
-9241
-11568
-9666
-6119
-612
2770
20
-2422
-1279
1213
5843
8087
4746
2175
1326
779
2220
3183
3333
5821
4206
2133
4631
536
-5139
-7665
-7134
-1328
-42
-4598
-9081
-8939
-7761
-6063
-4947
-10371
-12027
-9153
-5239
-2819
-4286
-8084
-14642
-17188
-14485
-5370
2277
-2394
-10688
-15658
-12710
-5257
628
4178
1188
-2984
-3865
-168
6309
10869
13296
12122
8840
8369
13027
18557
19776
20263
18869
15175
14592
13110
13701
16111
12808
8869
7943
6592
4308
4410
622
-4467
-3182
-387
1142
-1453
-5929
-11937
-13423
-8718
-6205
-3406
-2710
-6928
-8986
-5987
-1987
1052
3274
2226
379
834
3120
5698
6569
5857
2946
290
-350
1217
2273
4004
4116
2847
3829
-743
-7954
-10973
-8573
-1487
268
-4454
-10326
-12514
-10625
-7860
-6568
-10898
-12976
-11817
-8863
-5144
-4215
-8388
-15943
-17957
-14044
-5394
1008
-3342
-11055
-13960
-10343
-5107
-282
3519
1662
-937
-1437
300
4239
10035
13535
10902
8508
7912
10804
17177
19790
16904
12897
12306
12769
13765
15187
12319
7371
5171
6233
7121
7355
4715
-1871
-3610
-420
3109
4895
1548
-4751
-8079
-5435
-1346
269
520
-816
-3321
-3681
-885
2299
5075
5538
1881
89
2777
5040
6069
5460
1813
-384
143
-344
-1564
-1690
314
339
1078
2822
-2396
-9198
-13339
-11657
-3507
1294
-2324
-10025
-12958
-11854
-8791
-6169
-9279
-12365
-11898
-7299
-5416
-5958
-8434
-15847
-17878
-14314
-6160
940
-1655
-9881
-15990
-13687
-7042
-35
3961
2133
-2468
-5149
-1348
3837
8961
11971
9458
7178
6247
9581
15204
16158
15644
12688
10496
12231
12551
12066
10879
7220
5310
7725
8455
5974
3301
-1263
-2728
829
5249
6862
3587
-1642
-6819
-5439
611
5191
7196
4278
159
-343
3060
6724
8534
8716
6356
4517
5465
6738
7945
7419
3442
249
-1546
-1671
-587
-1197
-1888
-4511
-3572
-314
-5046
-12257
-16973
-14808
-7170
-4822
-8365
-12767
-13700
-12935
-10037
-8657
-12159
-13221
-12922
-9949
-6185
-3856
-6751
-16162
-21134
-17242
-4915
4054
395
-9529
-15561
-12974
-7081
247
5595
4642
588
-2842
-927
4985
11121
13791
11042
8162
8420
11843
14926
15069
13466
11993
11554
11024
10189
9624
8722
6335
4632
4737
4219
2405
448
-1940
-2472
177
2726
2929
56
-2774
-3895
-1815
2792
5034
5462
4572
3945
5689
8190
10693
11198
9743
8522
8454
10127
10959
10239
8089
4837
2939
2272
1551
621
-1162
-2586
-4317
-3876
-1296
-4759
-11986
-17775
-17674
-10789
-6626
-9603
-15048
-16531
-15017
-12218
-10373
-14013
-16506
-15642
-11092
-6928
-4951
-6733
-16052
-21763
-19117
-8078
2475
1778
-7338
-15522
-13874
-7547
-569
4702
4379
1262
-2136
-1139
3547
9005
12970
12765
9891
8305
11493
14070
14839
14768
12843
13167
12881
10871
9500
8937
7786
5608
5634
5153
3473
2222
-231
-2619
-2551
521
2454
1961
-1117
-5355
-5696
-1852
3032
5074
4461
2101
1423
4921
8743
11041
10457
8990
8912
10040
11346
11516
10745
8676
6281
4079
2355
1812
983
1320
500
-2497
-1584
-2966
-9169
-13735
-15341
-11358
-6945
-8690
-13900
-15378
-13430
-12316
-10443
-12870
-15944
-15404
-11403
-6619
-5303
-6258
-14190
-21283
-19697
-10624
-225
918
-7192
-16581
-16623
-10452
-3727
1564
1672
-931
-4866
-3744
1389
6487
11103
10872
8910
8065
9984
13114
14988
15195
14702
14263
12790
11886
10305
10636
10859
8323
6680
4515
3393
2928
1960
186
-1487
-1378
-901
-857
-1403
-1868
-3753
-4150
-2273
-499
1866
2419
2539
3085
4666
7144
7502
7614
8061
8813
9955
10615
10119
8472
7478
6017
4107
3401
3467
3571
3367
1642
5
798
-1739
-6813
-10794
-10868
-5893
-4375
-6167
-8940
-10549
-10606
-10731
-10587
-12598
-12593
-11231
-9406
-8184
-8676
-11590
-18385
-20741
-17356
-9397
-3285
-7370
-15867
-19861
-15733
-9290
-3834
-913
-2005
-4962
-6178
-3087
1477
7718
11454
10423
9101
8783
11332
15203
17465
16665
15128
14817
14210
13222
13293
13856
11290
8585
6767
5224
6009
5171
2182
-792
-1745
-506
54
-932
-3620
-5995
-5797
-3733
-3110
-2774
-2150
-2393
-1098
45
1136
2890
3960
4053
4223
5480
7066
8323
7627
6986
6298
5386
5900
5509
5457
5720
5933
4232
3108
5101
3129
-1708
-6754
-7256
-2858
461
-44
-4916
-7420
-9129
-8954
-7514
-8851
-9498
-10452
-8666
-7607
-8478
-12115
-18996
-20438
-16669
-9164
-6299
-11708
-18767
-21584
-17146
-11322
-6654
-5127
-6322
-8728
-9278
-5667
-315
5775
7340
6384
6036
6761
10781
14450
15950
16144
15983
15637
14926
14508
15074
15784
14343
11439
9102
8580
8469
6458
3349
865
196
1297
1291
-1043
-3397
-5121
-6098
-5523
-4066
-2259
-1082
-1205
-2073
-2814
-624
2971
4356
4175
3848
4656
6295
7460
7418
6837
6559
5978
4707
3786
4445
5757
6645
4281
1274
2274
1999
-1918
-5970
-6001
-2365
660
-733
-4819
-6218
-6312
-5737
-6310
-7762
-8209
-8400
-6503
-5667
-7027
-10998
-16112
-18346
-16027
-9420
-6583
-10461
-17311
-21165
-18628
-12582
-7510
-6182
-7608
-10953
-11554
-8079
-2035
3095
4076
3852
3036
3591
6355
10359
13471
15387
15530
12912
11570
11647
14260
17072
16456
13386
9599
8437
8229
8237
7924
6543
5305
3601
1536
-337
-222
7
-1140
-2691
-4014
-2901
-1746
-1314
-1577
-2347
-437
1697
1983
906
422
2420
5248
6827
5867
4286
3556
3856
4287
3837
4652
5712
5825
4349
1126
1519
4345
3635
-128
-3537
-3054
754
2931
1200
-1767
-4354
-5463
-4524
-3838
-3510
-5087
-7386
-7839
-7784
-7541
-10338
-15288
-17570
-15446
-11291
-10900
-14855
-19642
-20914
-17735
-13259
-10794
-11210
-12776
-14606
-13043
-8341
-3992
-648
126
83
779
2570
6101
9938
13215
15017
14139
12323
12557
14364
17264
19701
18949
15914
12212
9965
10347
11866
12377
10252
6686
3531
1755
1864
2213
973
-1551
-3172
-3151
-2781
-2914
-3130
-2838
-2504
-1690
-1402
-1893
-1195
148
2186
4399
4565
3596
3267
3160
3767
5065
5913
6565
6076
5153
4582
2917
1974
3295
5800
6666
2678
-3200
-4634
-666
3806
3356
-1932
-6339
-6694
-4520
-2687
-4376
-8216
-10038
-9990
-9079
-8239
-10619
-14884
-17285
-16935
-14558
-12669
-13493
-16162
-17780
-16937
-14396
-11861
-9990
-10023
-11418
-10557
-7568
-3926
-805
243
356
1830
4247
7090
10019
10810
10685
11378
12830
14434
15332
15660
14609
13065
12212
11938
12725
13305
11735
8920
7228
6529
5930
5091
3357
2542
3314
3009
539
-2038
-2053
-212
1392
772
-1353
-1798
-794
732
1613
1439
1051
1558
2664
2096
1344
1358
2529
4336
4016
2174
-95
-838
77
1696
3736
2975
-116
-2484
-2049
515
2071
991
-2917
-5498
-3980
-745
369
-2307
-5873
-7770
-6597
-4145
-3605
-5154
-8197
-11099
-11729
-9530
-7879
-9210
-11999
-13916
-12808
-10537
-9845
-11176
-12596
-11610
-9806
-8998
-9267
-9331
-7813
-5415
-3323
-2390
-1367
489
1982
3384
4885
6338
8090
10000
10806
10382
10333
10889
12035
12797
12831
13053
12592
11725
10738
10099
10499
10338
9253
8209
7479
7371
7132
5426
3684
2700
2062
2206
2074
1654
1081
156
-236
-51
220
-103
-1291
-2146
-1468
-455
262
373
-940
-1868
-1851
-1161
586
1605
1494
619
-273
115
620
1143
1341
387
-553
-653
-543
-1043
-2009
-3903
-5323
-5488
-5515
-5756
-7183
-8770
-10617
-12287
-12528
-12069
-10780
-10581
-11789
-12810
-12638
-11352
-10128
-9139
-8722
-8108
-7670
-7241
-6192
-5037
-3299
-1827
-619
493
998
1930
3531
4869
6095
7770
8930
9231
8925
8263
8849
10515
11381
10801
9278
8284
8448
9015
9039
7802
6420
5795
5401
5019
4702
4283
3252
2444
1850
1594
2193
2234
2182
1893
1132
1199
1644
2312
2589
1478
602
1067
1884
2871
2972
1901
1509
1713
2158
2819
3272
3284
2695
2149
1954
1563
1548
1676
724
229
-266
-1546
-2014
-3113
-4709
-5240
-5264
-5556
-6604
-8147
-10022
-11430
-11844
-12047
-12394
-12484
-12737
-13409
-13429
-13470
-13318
-12156
-11131
-10378
-9876
-9131
-8255
-7396
-5545
-3572
-1995
-866
-204
999
3071
5290
6354
6853
7535
8277
9359
9763
9740
9928
10549
11409
10845
9437
8335
7997
8563
8788
7998
6519
5041
4182
4190
4502
4207
3050
1750
1180
1568
2214
2183
1847
1168
745
1285
1841
2346
2317
1594
1088
1068
1679
2490
2645
2382
2476
2776
2874
2680
2592
2935
3475
3428
2313
1378
1083
791
602
147
-859
-1716
-2770
-4343
-5370
-5606
-5817
-7017
-8584
-9481
-10030
-10455
-11061
-11587
-11498
-10891
-11040
-11609
-11471
-11062
-9932
-8781
-8209
-7907
-7495
-6513
-5441
-4202
-2932
-1606
-550
154
701
1215
2680
4129
5187
5793
5782
6271
6703
7118
7647
7750
7724
7678
7610
7443
6960
6049
5631
5879
5964
5527
4034
2955
3214
3471
2985
1620
1151
2000
2575
2383
1424
1195
2133
2796
2724
2427
2403
2954
3780
3420
2460
2212
2561
3226
3413
3383
3289
3059
2536
1726
2101
3378
3895
2992
1315
24
25
665
207
-677
-1452
-2728
-4144
-5253
-5559
-5708
-6349
-7400
-8978
-9766
-9990
-10704
-11165
-11444
-11393
-11045
-10849
-11106
-11419
-10690
-9761
-8928
-7880
-6745
-5880
-5218
-3905
-2512
-764
678
1025
1562
2480
3847
5219
6345
7018
6850
6553
6537
6975
7707
8287
8068
7371
6879
6468
6334
6281
6024
5373
4467
3832
3652
3758
3590
2741
1485
988
1347
1744
1805
1213
647
432
453
676
1056
1510
1497
1243
1024
1342
1799
1830
2039
2286
2953
3559
3496
3064
2440
2642
3471
4224
4224
3149
1831
1213
1306
1047
464
-637
-1782
-2445
-3337
-4171
-5286
-6148
-6589
-7222
-7649
-8278
-8947
-9371
-9532
-9554
-9356
-8883
-8788
-8827
-9045
-8978
-7917
-6617
-5507
-5215
-5421
-4868
-3727
-2220
-1036
-729
-361
440
1477
2424
2965
3407
4003
4467
4570
4804
5305
5711
5566
5064
5173
5301
5082
4616
3939
4099
4433
3908
2909
2170
2381
2939
2717
1914
1445
1690
2260
2252
2049
2371
2731
3012
3126
3151
3510
3970
4062
3929
3930
4112
4401
4387
4156
4096
4168
4083
3542
3096
2962
2905
2872
2507
1765
1090
653
-111
-816
-1309
-2037
-2446
-3266
-4458
-5151
-5812
-6465
-7420
-8206
-8197
-8282
-8604
-9063
-9636
-9638
-9254
-9152
-8739
-8315
-8268
-7754
-7239
-6282
-4951
-4306
-3657
-3342
-2878
-1565
-525
367
1088
1313
1848
2404
2496
2757
3079
3409
3752
3501
3059
2906
2852
2916
2686
2184
2187
2339
2491
2765
2498
2164
2255
2597
3196
3559
3711
3786
3661
3730
3895
4181
4618
4758
4750
4907
5105
5099
4949
4721
4583
4770
4975
4863
4368
3819
3584
3719
3836
3304
2473
2093
2397
2816
2562
1565
514
393
505
6
-750
-1648
-2079
-2306
-3078
-4188
-5248
-5932
-6567
-7168
-7521
-7806
-8244
-8944
-9684
-9996
-9369
-8692
-8496
-8290
-8261
-7878
-7247
-6673
-5702
-4743
-3861
-3380
-3255
-2714
-1905
-886
-90
35
190
791
1457
1944
2017
1951
2339
2776
2978
2813
2756
3089
2934
2499
2171
2200
2666
2866
2470
1913
1964
2384
2541
2304
2242
2657
3215
3931
4051
3853
4117
4362
4801
5417
5938
6170
6066
5995
5995
6260
6583
6455
5905
5544
5489
5372
5349
4832
3893
3366
3013
2710
2271
1473
637
238
-142
-958
-1841
-2698
-3187
-3552
-4228
-4930
-5557
-5945
-6475
-7296
-7786
-7866
-7921
-8146
-8670
-9159
-8729
-8136
-8097
-8088
-8279
-7861
-6683
-5819
-5250
-4955
-4650
-3904
-2947
-1931
-1021
-552
-176
71
61
708
1539
2044
2345
1753
1214
1454
1784
1906
1554
1086
964
895
653
416
265
468
605
162
59
324
861
1642
1849
1886
2121
2672
3519
4337
5173
5641
5827
6130
6521
7120
7909
8311
8182
8010
7816
7640
7562
7567
7472
7058
6668
5947
5028
4584
4168
3829
3632
3027
1885
687
-37
-497
-799
-1184
-2112
-3284
-4278
-5034
-5638
-5917
-6260
-7105
-7872
-8359
-8679
-8886
-9029
-9163
-9236
-9045
-9064
-9155
-8659
-7991
-7482
-7039
-6772
-6434
-5692
-4717
-3703
-2858
-2314
-1974
-1583
-813
19
621
1234
1695
1858
1870
1803
1952
2463
2822
2541
1934
1547
1541
1749
1754
1475
1188
1018
866
720
839
1208
1467
1452
1289
1315
1731
2350
2897
3204
3342
3494
3644
3995
4620
5225
5674
5762
5556
5506
5742
6179
6527
6513
6330
6121
5896
5789
5669
5462
5269
4844
4267
3829
3408
3055
2610
1899
1240
568
-145
-724
-1318
-1852
-2456
-3409
-4315
-4942
-5348
-5692
-6407
-7224
-7723
-8046
-8245
-8604
-9040
-9132
-9146
-9167
-9027
-8722
-8163
-7690
-7473
-7146
-6615
-5691
-4486
-3545
-2703
-2126
-1959
-1438
-470
814
2049
2384
2097
2007
2505
3337
3671
3363
2962
2835
2991
3034
2614
2056
1669
1277
1161
1325
1283
1122
716
254
320
681
1136
1470
1452
1383
1451
1780
2482
3193
3474
3508
3458
3596
4142
4678
5158
5465
5507
5505
5464
5628
5940
6141
6246
6142
5793
5394
5108
4891
4637
4103
3278
2560
1996
1437
713
-131
-825
-1568
-2475
-3409
-4047
-4203
-4460
-5181
-6156
-6814
-6944
-7044
-7237
-7425
-7417
-7359
-7668
-7920
-7695
-7160
-6610
-6386
-6374
-5840
-4890
-4097
-3500
-3295
-2994
-2382
-1721
-771
-53
438
766
580
620
1118
1618
1965
1863
1389
1287
1430
1464
1389
951
689
656
622
819
781
577
367
66
33
363
774
1094
1231
1054
1039
1371
1990
2797
3128
3153
3105
3231
3864
4466
4861
5074
5106
5032
4930
4980
5303
5822
5975
5564
4859
4467
4620
4769
4734
4306
3744
3332
2708
2033
1476
1198
1049
459
-482
-1396
-1988
-2349
-2890
-3662
-4300
-4618
-5013
-5570
-6186
-6621
-6624
-6589
-6658
-6897
-7136
-7041
-6840
-6504
-6096
-5644
-5117
-4719
-4423
-4016
-3282
-2534
-1970
-1560
-1238
-734
-265
162
654
1011
1168
1032
879
1030
1410
1711
1719
1465
1080
812
731
959
1317
1335
915
205
-227
-23
575
1033
979
382
-379
-608
-147
760
1458
1524
1242
921
1008
1544
2351
3267
3764
3712
3485
3557
4104
4839
5294
5386
5408
5309
5212
5239
5300
5383
5118
4658
4304
3982
3727
3226
2582
2035
1346
617
-10
-514
-982
-1628
-2417
-3131
-3641
-4132
-4717
-5258
-5554
-5570
-5594
-5749
-6159
-6592
-6558
-6210
-5577
-4957
-4729
-4682
-4721
-4564
-4043
-3190
-2213
-1640
-1460
-1493
-1453
-1026
-393
227
604
623
398
224
440
870
1167
1055
559
219
253
464
608
569
389
122
-180
-432
-341
127
543
508
-1
-506
-514
45
750
1152
1205
1072
1029
1223
1624
2158
2745
3205
3282
3068
2964
3310
4129
4807
4790
4234
3712
3738
4226
4730
4866
4533
3928
3298
2889
2833
2992
3072
2788
2080
1188
385
-76
-198
-272
-566
-1209
-2041
-2802
-3327
-3584
-3686
-3773
-3995
-4358
-4734
-4977
-5025
-4906
-4634
-4341
-4204
-4292
-4394
-4140
-3584
-3083
-2871
-2783
-2483
-1983
-1558
-1365
-1267
-1034
-666
-318
-61
141
318
402
330
209
258
498
763
844
647
278
-38
-98
74
221
170
-7
-140
-244
-411
-551
-459
-146
150
266
255
247
319
512
870
1378
1876
2242
2423
2420
2428
2757
3462
4157
4371
4074
3774
3926
4395
4703
4599
4270
4009
3923
3875
3676
3410
3173
2847
2397
1939
1546
1216
808
253
-259
-624
-1019
-1632
-2355
-2882
-3102
-3195
-3447
-3956
-4446
-4670
-4717
-4717
-4727
-4695
-4554
-4426
-4381
-4190
-3731
-3285
-3109
-3082
-2822
-2195
-1572
-1304
-1223
-1022
-736
-506
-375
-204
94
323
304
148
89
151
231
253
189
140
149
129
-7
-99
-25
93
132
-7
-232
-240
25
236
201
100
113
237
376
473
665
1070
1443
1510
1509
1792
2321
2877
3279
3491
3583
3639
3726
4018
4552
4863
4674
4269
4001
3894
3776
3619
3458
3269
2888
2195
1518
1180
1031
801
419
-10
-463
-945
-1447
-1917
-2165
-2232
-2354
-2745
-3376
-3898
-4027
-3827
-3752
-3999
-4246
-4292
-4245
-4261
-4208
-3926
-3560
-3339
-3291
-3140
-2782
-2463
-2227
-1917
-1490
-1104
-886
-741
-551
-296
-60
90
176
258
411
545
525
318
104
146
311
347
252
168
124
-55
-348
-421
-100
316
463
290
58
29
174
484
947
1400
1683
1697
1577
1590
1884
2429
3057
3488
3564
3401
3245
3373
3714
3984
4100
4058
3920
3649
3276
3051
3050
3076
2857
2369
1881
1568
1334
986
556
213
17
-181
-628
-1244
-1747
-1988
-2081
-2329
-2734
-3047
-3218
-3379
-3680
-3965
-3962
-3842
-3832
-3973
-4020
-3747
-3475
-3412
-3442
-3245
-2726
-2318
-2215
-2198
-1899
-1337
-933
-845
-890
-718
-324
46
242
239
246
319
428
534
559
544
464
365
343
442
506
370
60
-170
-40
195
290
204
60
98
159
195
298
507
837
1055
1067
1005
1096
1373
1777
2123
2310
2454
2461
2538
2710
2902
3166
3250
3340
3389
3289
3152
2938
2906
2947
2898
2667
2243
1873
1555
1366
1171
893
578
145
-176
-493
-783
-1003
-1348
-1574
-1839
-2079
-2194
-2398
-2506
-2738
-2945
-3008
-3116
-3147
-3248
-3137
-2909
-2869
-3003
-3278
-3183
-2803
-2423
-2254
-2266
-2127
-1965
-1814
-1700
-1453
-1046
-764
-692
-769
-590
-189
195
329
191
130
205
451
664
764
707
484
297
196
335
445
382
202
-2
29
47
56
45
80
285
353
392
444
694
1087
1263
1349
1410
1710
2111
2376
2546
2602
2756
2851
2926
3062
3189
3310
3171
2947
2759
2692
2687
2495
2226
1942
1791
1624
1314
913
545
452
385
270
-87
-561
-835
-1013
-983
-1128
-1394
-1640
-1932
-1995
-2101
-2137
-2259
-2544
-2731
-2825
-2634
-2520
-2560
-2686
-2749
-2627
-2565
-2451
-2385
-2172
-1961
-1884
-1732
-1635
-1345
-1239
-1209
-1128
-1041
-677
-573
-449
-411
-366
-96
-178
-153
-308
-384
-153
-82
243
255
83
-178
-553
-432
-192
184
340
114
-72
-213
-31
284
463
579
613
749
1084
1315
1532
1684
1804
2128
2264
2488
2722
2951
3323
3317
3342
3272
3265
3411
3314
3395
3293
3170
2958
2533
2311
1981
1816
1587
1239
968
490
140
-219
-444
-568
-866
-1138
-1498
-1696
-1790
-1916
-2018
-2226
-2360
-2516
-2575
-2491
-2430
-2402
-2572
-2700
-2689
-2568
-2365
-2285
-2206
-2209
-2193
-2089
-1967
-1729
-1606
-1513
-1439
-1344
-1160
-1089
-1021
-1000
-904
-756
-714
-707
-817
-830
-783
-688
-533
-540
-565
-706
-766
-612
-397
-95
-14
0
18
135
482
800
1175
1353
1421
1515
1596
1902
2158
2434
2647
2692
2714
2565
2552
2656
2820
2953
2835
2680
2459
2343
2283
2202
2197
2070
1920
1615
1316
1217
1233
1329
1166
887
599
465
527
500
502
355
202
47
-139
-131
-225
-304
-550
-890
-1084
-1312
-1382
-1598
-1848
-2058
-2315
-2439
-2673
-2832
-2948
-3006
-3006
-3120
-3171
-3212
-3145
-3059
-3005
-2894
-2738
-2528
-2378
-2192
-1985
-1704
-1474
-1367
-1202
-962
-504
-130
67
129
64
200
408
768
1130
1253
1251
1028
893
919
1046
1293
1418
1472
1374
1157
979
837
881
1079
1316
1522
1498
1291
1076
1012
1284
1643
1882
1943
1846
1844
1920
2074
2245
2299
2300
2188
2075
2123
2271
2418
2355
2037
1686
1391
1280
1342
1354
1307
1022
584
174
-143
-193
-308
-457
-681
-1023
-1299
-1667
-1832
-1909
-1929
-2002
-2391
-2707
-2954
-2919
-2765
-2744
-2727
-2840
-2755
-2642
-2570
-2475
-2461
-2311
-2190
-1995
-1728
-1445
-1152
-1109
-1195
-1320
-1237
-955
-658
-451
-453
-481
-525
-477
-425
-402
-349
-342
-219
-114
-1
55
80
258
427
691
827
883
1016
1127
1437
1682
1924
2099
2063
2073
2066
2282
2536
2671
2654
2391
2234
2162
2257
2368
2367
2305
2041
1828
1637
1597
1676
1643
1561
1269
1032
849
720
739
650
575
316
33
-138
-263
-224
-393
-558
-736
-845
-792
-933
-1001
-1171
-1254
-1261
-1402
-1389
-1466
-1390
-1390
-1564
-1704
-1939
-1893
-1882
-1876
-1898
-2055
-2033
-2141
-2166
-2232
-2284
-2145
-2141
-2035
-2056
-1999
-1796
-1671
-1468
-1458
-1373
-1196
-974
-675
-546
-330
-147
40
198
239
445
686
1006
1198
1215
1225
1200
1312
1418
1587
1771
1871
1860
1641
1470
1420
1600
1809
1851
1763
1538
1409
1350
1430
1542
1575
1560
1433
1377
1304
1342
1438
1508
1608
1526
1466
1340
1300
1359
1352
1403
1237
1127
975
830
772
492
322
81
-7
-72
-399
-672
-1058
-1148
-1207
-1424
-1665
-2028
-2085
-2182
-2301
-2448
-2636
-2601
-2695
-2742
-2830
-2799
-2560
-2471
-2375
-2441
-2347
-2087
-1832
-1519
-1436
-1296
-1208
-1075
-826
-604
-250
-72
18
-56
-150
-40
107
411
552
584
473
276
257
234
409
512
629
744
676
679
548
635
838
1087
1395
1452
1580
1577
1633
1718
1751
1974
2128
2365
2403
2279
2129
1938
1928
1848
1823
1747
1663
1615
1429
1234
922
750
698
723
773
647
522
318
222
161
86
65
-13
-21
-171
-346
-527
-648
-629
-716
-809
-1064
-1283
-1390
-1444
-1383
-1484
-1636
-1866
-2064
-2091
-2075
-1938
-1893
-1943
-2101
-2356
-2476
-2501
-2349
-2184
-2087
-2034
-2084
-2060
-2055
-1950
-1731
-1516
-1290
-1227
-1122
-936
-663
-339
-167
74
287
596
928
1182
1468
1566
1688
1726
1798
1983
2034
2148
2091
2101
2107
2000
2009
1877
1899
1815
1686
1618
1429
1415
1258
1203
1214
1212
1338
1271
1290
1214
1125
1082
906
908
850
813
742
563
507
394
383
361
307
314
180
52
-153
-280
-263
-278
-224
-302
-414
-574
-797
-878
-966
-887
-846
-903
-1054
-1396
-1597
-1808
-1829
-1793
-1835
-1810
-1999
-2088
-2244
-2276
-2118
-2079
-1923
-1994
-1978
-1930
-1874
-1617
-1547
-1345
-1225
-1022
-782
-713
-508
-451
-246
-80
51
248
280
457
464
489
549
664
990
1168
1361
1330
1293
1383
1522
1809
1932
2119
2160
2095
1971
1811
1905
1938
2040
1943
1705
1524
1296
1270
1110
1056
1024
904
843
580
521
494
565
673
540
497
367
382
354
249
288
212
219
84
-54
-143
-273
-263
-403
-515
-678
-799
-826
-962
-967
-1067
-1148
-1237
-1372
-1391
-1481
-1423
-1401
-1419
-1409
-1480
-1456
-1544
-1536
-1478
-1486
-1437
-1495
-1447
-1450
-1444
-1374
-1391
-1304
-1267
-1142
-1051
-1045
-953
-879
-685
-541
-385
-247
-140
68
170
239
243
407
655
788
881
881
1010
1090
1180
1236
1225
1380
1475
1539
1457
1441
1620
1741
1816
1681
1567
1520
1515
1581
1556
1597
1571
1455
1221
977
1008
1149
1296
1231
1026
874
782
784
725
731
820
845
705
385
161
113
161
157
19
-149
-307
-472
-702
-952
-1094
-1107
-1112
-1237
-1448
-1648
-1802
-1877
-1931
-1968
-1989
-2027
-2071
-2163
-2183
-2116
-1964
-1796
-1726
-1690
-1714
-1656
-1503
-1307
-1036
-860
-730
-711
-753
-725
-651
-424
-213
-69
-26
-88
-140
-229
-197
-62
131
289
283
239
192
220
308
429
627
858
1061
1132
1108
1108
1232
1446
1669
1845
1991
2125
2145
2098
2031
2084
2260
2345
2346
2213
2081
1981
1787
1607
1413
1321
1262
1056
791
479
257
123
-40
-164
-272
-351
-435
-625
-770
-799
-717
-590
-604
-688
-758
-747
-657
-618
-587
-593
-619
-656
-770
-807
-783
-720
-679
-798
-934
-1047
-1090
-1079
-1143
-1185
-1237
-1299
-1397
-1562
-1658
-1715
-1736
-1763
-1834
-1843
-1871
-1916
-1957
-1980
-1866
-1715
-1547
-1395
-1298
-1128
-969
-781
-545
-327
-19
289
586
859
1016
1157
1242
1369
1626
1893
2140
2218
2143
2030
1912
1914
1961
1992
2027
1954
1812
1604
1400
1351
1385
1423
1368
1207
1105
1093
1131
1119
1012
972
975
972
916
798
793
816
804
706
543
517
548
564
467
256
109
11
-4
-15
-112
-267
-509
-770
-984
-1150
-1276
-1393
-1503
-1617
-1795
-2026
-2239
-2348
-2322
-2306
-2327
-2329
-2293
-2164
-2068
-2021
-1955
-1886
-1763
-1647
-1470
-1195
-925
-741
-711
-704
-615
-451
-246
-81
97
225
227
149
95
204
405
582
656
616
507
401
419
596
889
1122
1163
1058
952
971
1093
1286
1517
1717
1824
1777
1638
1554
1597
1732
1862
1907
1864
1767
1643
1527
1399
1269
1165
1082
1014
895
726
542
371
211
29
-145
-299
-408
-499
-623
-747
-864
-940
-998
-1054
-1078
-1081
-1041
-984
-920
-866
-837
-783
-697
-574
-452
-374
-353
-375
-393
-407
-398
-396
-437
-518
-655
-816
-982
-1100
-1170
-1238
-1299
-1390
-1520
-1626
-1647
-1594
-1507
-1426
-1403
-1358
-1232
-1104
-963
-797
-641
-501
-314
-90
111
286
370
409
571
844
1127
1354
1448
1438
1447
1593
1784
1888
1910
1891
1905
1939
1928
1827
1695
1628
1571
1502
1411
1230
1009
886
842
722
574
448
288
117
-71
-277
-380
-316
-273
-249
-176
-171
-187
-115
2
73
80
8
-130
-165
-108
-121
-190
-300
-491
-688
-666
-594
-779
-1036
-1305
-1357
-657
49
-554
-1943
-2800
-2811
-1953
-868
-848
-1513
-1516
-995
-242
477
-116
-1750
-2285
-1104
752
2061
1265
-1424
-2920
-1545
978
2154
885
-1322
-1847
-445
911
1118
610
-122
-615
-565
-285
101
655
1357
1897
1767
965
-33
-345
552
1883
2559
2453
2076
1496
728
303
455
1075
1914
2388
2186
1462
554
-193
-482
-146
486
1052
1296
903
43
-781
-1163
-1100
-783
-138
570
743
168
-606
-1013
-1268
-1195
-494
279
768
952
681
-113
-978
-1276
-720
438
1093
722
141
-299
-971
-1805
-2222
-1866
-962
-288
-529
-1407
-2182
-2488
-2341
-2090
-2040
-1881
-1216
-468
-430
-1082
-1767
-1884
-1251
-321
294
394
353
462
519
323
-54
-105
620
1629
2016
1698
1310
1044
780
647
724
1009
1483
1885
1773
1065
308
44
267
603
765
806
865
884
785
606
423
295
388
802
1207
1198
913
754
707
540
354
412
654
719
428
97
108
326
239
-160
-347
-225
-163
-358
-674
-826
-711
-586
-734
-996
-1125
-1251
-1398
-1313
-972
-658
-640
-1029
-1645
-1973
-1728
-1067
-357
-82
-428
-965
-1142
-957
-662
-298
39
202
276
348
324
153
-66
-133
94
486
741
664
309
-56
-129
-14
-65
-250
-265
-15
234
175
-151
-427
-454
-302
-40
271
449
452
393
297
209
222
426
827
1231
1430
1259
798
427
578
1220
1739
1762
1484
1260
1141
860
469
376
714
1087
1040
622
105
-295
-476
-504
-530
-634
-708
-711
-784
-1094
-1556
-1753
-1498
-1145
-1074
-1187
-1192
-1134
-1180
-1191
-871
-199
447
635
274
-247
-452
-210
346
883
1095
933
510
-48
-547
-677
-379
-3
125
10
-159
-304
-486
-696
-797
-602
-120
303
366
140
-111
-218
-194
-110
10
161
283
329
300
206
80
-8
46
220
387
499
594
693
644
358
58
81
426
745
779
621
446
284
142
85
164
253
155
-107
-259
-136
12
-105
-382
-490
-311
-72
-30
-163
-257
-187
-46
74
214
366
404
273
124
112
217
322
332
256
163
86
-46
-273
-489
-539
-375
-150
-114
-345
-642
-735
-576
-337
-162
-91
-82
-95
-89
-18
114
225
215
106
37
84
137
96
-3
-67
-43
3
18
-12
-106
-258
-397
-405
-284
-125
-11
-25
-204
-476
-645
-573
-351
-126
57
77
-185
-570
-707
-467
-136
0
-28
-16
20
-77
-267
-347
-247
-85
73
271
431
419
331
399
629
806
845
855
931
1058
1137
1113
1028
967
914
805
649
511
385
240
86
-82
-216
-261
-234
-249
-382
-575
-698
-700
-616
-446
-168
112
209
72
-158
-254
-131
141
461
725
828
625
159
-260
-361
-115
231
382
252
-30
-230
-258
-257
-387
-562
-537
-212
161
159
-338
-941
-1126
-771
-332
-328
-771
-1196
-1245
-1066
-1049
-1333
-1603
-1528
-1209
-986
-1021
-1136
-1092
-815
-423
-85
127
263
435
620
716
718
747
946
1258
1410
1241
875
582
541
681
822
832
717
594
555
541
428
260
234
459
821
1120
1201
1046
790
649
749
973
1143
1202
1223
1174
917
494
157
120
254
261
44
-249
-412
-435
-505
-746
-1026
-1041
-699
-287
-224
-570
-898
-813
-384
-54
-92
-303
-355
-199
-116
-302
-611
-735
-604
-489
-626
-939
-1128
-1074
-955
-986
-1139
-1208
-1093
-873
-706
-676
-767
-841
-735
-469
-229
-182
-300
-421
-467
-453
-414
-359
-284
-185
-102
-101
-214
-304
-180
168
553
829
1012
1127
1161
1162
1293
1649
2095
2349
2271
1967
1636
1443
1410
1439
1422
1310
1122
831
408
-62
-419
-572
-501
-278
-64
-59
-349
-790
-1070
-960
-503
46
429
565
465
238
72
49
151
314
495
639
655
462
75
-348
-626
-678
-545
-379
-304
-385
-601
-914
-1250
-1449
-1401
-1130
-817
-657
-730
-999
-1344
-1628
-1722
-1555
-1175
-762
-553
-689
-1097
-1494
-1571
-1222
-630
-122
66
-20
-144
-118
84
361
647
936
1224
1445
1501
1380
1171
1059
1179
1411
1517
1361
1029
742
602
549
468
298
115
41
94
145
70
-93
-207
-135
105
371
551
614
638
708
818
926
993
1029
1089
1174
1196
1081
870
634
445
322
218
78
-119
-340
-549
-723
-877
-1037
-1201
-1319
-1357
-1311
-1220
-1166
-1195
-1310
-1414
-1378
-1180
-933
-762
-704
-713
-704
-688
-658
-581
-441
-201
44
153
87
-64
-141
-50
155
378
535
578
508
364
209
128
156
260
351
336
214
50
-89
-193
-292
-345
-297
-168
-41
-11
-76
-161
-201
-145
-15
141
307
466
590
689
769
849
932
994
1042
1083
1136
1182
1191
1150
1064
923
730
491
254
107
84
92
7
-195
-465
-706
-860
-905
-853
-776
-706
-696
-756
-828
-827
-682
-449
-223
-93
-49
-8
64
181
315
444
549
615
625
583
486
374
285
202
129
47
-41
-151
-283
-454
-637
-760
-809
-794
-768
-762
-772
-797
-820
-830
-802
-724
-607
-494
-439
-460
-493
-462
-326
-133
4
29
-24
-55
32
220
434
597
671
688
663
637
663
760
902
1011
1023
895
653
381
177
101
130
188
180
41
-201
-448
-593
-566
-399
-188
-8
79
58
-6
-23
95
336
594
764
821
791
722
629
505
394
327
320
338
278
88
-176
-380
-477
-499
-528
-582
-550
-424
-292
-248
-331
-426
-417
-323
-194
-108
-71
-42
-25
-57
-144
-260
-345
-350
-280
-174
-112
-136
-217
-287
-284
-211
-151
-105
-49
46
190
290
291
238
194
195
220
221
175
109
41
-15
-75
-166
-287
-379
-419
-423
-401
-396
-372
-281
-161
-75
-58
-67
-19
126
318
455
502
467
416
415
448
476
439
316
175
86
64
72
44
-22
-91
-122
-130
-129
-120
-102
-58
25
108
144
122
60
32
77
168
248
249
159
43
-41
-71
-58
-45
-50
-84
-142
-185
-193
-173
-134
-121
-128
-132
-109
-39
26
57
49
11
-22
-23
7
48
65
35
-33
-119
-195
-239
-260
-248
-217
-198
-196
-208
-217
-208
-151
-44
80
192
259
267
251
238
234
243
250
272
312
324
256
110
-57
-179
-221
-182
-104
-47
-49
-121
-209
-239
-192
-96
4
91
139
115
62
31
37
66
101
118
105
57
-24
-101
-138
-123
-82
-71
-94
-134
-171
-173
-132
-70
-31
-33
-38
-20
26
88
131
132
101
79
88
128
184
211
179
108
49
41
60
77
72
43
2
-22
-29
-24
-38
-80
-111
-114
-82
-39
-12
-8
-22
-32
-20
20
73
104
94
56
16
-3
7
29
35
18
-19
-70
-108
-106
-60
-13
0
-1
14
21
-12
-55
-60
-7
38
33
15
7
-30
-109
-176
-164
-83
-42
-54
-68
-71
-81
-118
-136
-84
-5
31
9
-11
-6
-27
-68
-66
-8
73
117
104
61
19
-16
-11
64
172
231
187
89
28
34
89
154
206
221
184
118
67
42
24
11
34
85
106
71
-11
-88
-129
-120
-69
-15
14
3
-29
-52
-70
-82
-83
-66
-33
-3
-8
-45
-85
-105
-103
-70
-28
-4
-8
-35
-55
-50
-35
-20
-17
-23
-22
-15
-10
-12
-34
-68
-106
-126
-112
-89
-91
-129
-181
-212
-207
-163
-100
-48
-31
-54
-78
-60
-7
53
103
149
183
204
219
221
220
226
235
258
291
302
249
166
118
124
148
131
86
51
30
-21
-84
-106
-78
-51
-66
-100
-119
-112
-101
-90
-75
-65
-69
-84
-84
-60
-46
-44
-23
8
-5
-52
-67
-35
12
23
-6
-13
6
19
12
6
8
11
21
42
61
55
8
-23
-21
-29
-60
-88
-110
-140
-180
-213
-200
-160
-137
-134
-135
-124
-97
-58
11
96
148
158
136
125
136
147
155
135
110
89
57
50
52
62
69
53
73
112
148
150
108
84
56
36
10
-21
-14
-28
-46
-69
-88
-71
-83
-61
-29
-2
54
100
198
244
249
257
255
291
267
277
311
295
258
140
75
11
-95
-176
-255
-251
-316
-423
-504
-563
-522
-573
-618
-633
-631
-549
-548
-471
-376
-280
-177
-131
23
155
298
404
467
583
581
562
494
455
440
308
191
32
-38
-96
-180
-204
-267
-246
-245
-163
-48
-7
60
29
106
165
172
195
122
131
26
-84
-171
-280
-273
-341
-298
-253
-227
-159
-129
35
133
262
366
435
578
605
694
698
710
730
644
630
499
441
328
197
116
-69
-131
-301
-401
-478
-579
-579
-708
-711
-768
-742
-639
-603
-403
-316
-113
63
203
421
474
629
627
627
627
508
486
298
165
-33
-244
-363
-575
-664
-800
-866
-905
-948
-845
-770
-616
-507
-386
-237
-126
55
204
392
520
577
601
550
507
405
304
214
102
-9
-154
-263
-350
-413
-435
-412
-308
-181
-58
61
180
303
415
504
588
662
693
676
581
453
295
107
-69
-265
-378
-459
-528
-575
-648
-645
-649
-578
-398
-156
144
329
496
583
628
705
804
985
1074
1105
1002
853
739
583
511
401
329
176
-49
-203
-402
-496
-627
-670
-620
-619
-590
-673
-639
-571
-477
-309
-178
23
43
3
-57
-77
3
-24
-8
-54
-113
-262
-467
-522
-537
-476
-486
-409
-288
-226
-163
-180
-37
54
126
177
184
278
181
110
-9
-73
-79
-227
-226
-315
-336
-405
-542
-486
-491
-339
-272
-178
-14
7
137
163
358
582
689
817
781
832
775
724
741
721
771
639
534
401
267
212
85
82
19
-58
-154
-275
-244
-275
-251
-248
-237
-180
-227
-162
-118
-20
45
20
