67
29
-22
-72
-120
-142
-149
-140
-107
-67
-25
3
19
24
33
48
58
68
53
30
0
-38
-66
-79
-73
-53
-24
2
16
38
55
62
64
46
24
-10
-47
-73
-94
-100
-89
-64
-37
-18
-13
-15
-15
-19
-29
-52
-78
-93
-101
-99
-84
-62
-33
0
29
62
96
118
120
113
91
52
15
-13
-18
-1
29
73
115
144
161
163
149
122
90
53
14
-19
-52
-67
-66
-47
-14
19
47
68
81
86
76
46
8
-35
-84
-117
-132
-123
-99
-68
-44
-21
-7
3
12
18
23
19
2
-29
-61
-91
-110
-109
-88
-64
-34
-2
25
54
68
61
36
5
-31
-58
-65
-64
-57
-51
-40
-31
-21
-1
10
25
30
37
42
40
38
15
-5
-19
-24
-10
9
32
56
76
84
79
63
38
13
1
-9
-9
-4
3
21
31
34
36
30
27
19
6
1
-6
-9
-20
-30
-34
-43
-41
-37
-28
-8
12
32
44
48
43
24
6
-14
-30
-39
-46
-42
-33
-12
7
10
10
2
-11
-20
-27
-18
-6
-2
0
-6
-13
-22
-18
-11
-5
8
23
44
50
45
26
1
-16
-33
-40
-37
-30
-19
-6
6
17
17
12
7
1
-1
4
6
0
-8
-19
-34
-31
-20
-1
16
19
23
22
25
22
8
-8
-25
-28
-24
-13
4
7
3
3
7
20
19
11
-2
-7
1
5
7
0
-19
-25
-20
0
19
28
23
21
22
18
9
-7
-18
-36
-39
-25
-13
-2
1
6
9
9
16
20
24
18
19
19
12
11
13
10
8
2
2
10
7
0
-5
-8
-7
-11
-21
-31
-28
-19
-13
-12
-13
-9
-3
2
8
5
7
1
-7
-8
-11
-10
-12
-18
-21
-20
-16
-19
-21
-17
-17
-16
-18
-13
-2
-1
4
-1
-1
5
6
8
9
13
20
23
21
31
30
26
32
26
19
8
3
2
-2
-1
-1
-1
4
-6
-4
1
0
8
8
10
12
13
16
18
15
8
2
0
0
-1
-3
-1
6
16
25
12
-2
-11
-23
-22
-18
-12
-3
1
-5
-9
-8
-9
-5
2
4
9
12
10
4
-4
-6
-7
-17
-21
-29
-28
-25
-21
-10
-2
-2
-8
-16
-32
-40
-50
-51
-35
-18
-4
4
12
12
11
12
17
22
23
24
13
6
-5
-20
-23
-25
-13
6
24
51
56
57
47
32
25
11
8
10
22
37
44
50
43
44
40
37
41
40
37
14
-3
-29
-66
-84
-95
-83
-59
-25
16
36
54
54
40
12
-22
-35
-50
-43
-26
-2
21
26
23
6
-1
-6
-1
6
2
4
-15
-42
-71
-102
-103
-96
-78
-41
-8
27
49
52
53
40
16
-8
-38
-60
-67
-79
-65
-49
-36
2
12
28
31
13
14
6
0
3
2
7
1
-4
-9
-19
-20
-11
11
43
66
86
93
77
56
31
5
-4
-6
-2
9
20
37
43
45
37
23
16
9
6
4
1
6
4
-7
-19
-30
-26
-16
-2
21
43
61
68
53
28
2
-28
-44
-51
-43
-19
2
13
17
11
-1
-10
-12
-6
-6
-1
1
-9
-19
-39
-48
-48
-42
-25
-4
13
12
4
-11
-21
-23
-20
-20
-19
-19
-32
-48
-52
-49
-35
-19
-15
-3
5
-5
-17
-34
-38
-33
-26
-13
-5
-8
-19
-22
-11
3
23
45
55
49
30
4
-14
-15
-8
8
42
66
62
37
11
0
8
28
48
63
66
56
30
4
3
7
6
9
31
57
62
50
34
25
11
1
2
16
31
31
19
14
19
23
21
24
24
8
-3
-14
-20
-4
4
-9
-36
-64
-67
-56
-52
-51
-45
-40
-43
-49
-51
-51
-62
-81
-89
-68
-35
-8
-3
-14
-25
-47
-65
-55
-35
-23
-21
-21
-10
2
-4
-30
-49
-61
-60
-35
2
38
50
37
22
18
24
26
30
39
52
55
60
72
54
27
7
7
18
20
36
65
78
63
40
27
26
22
16
36
65
72
81
107
120
111
88
77
78
67
46
40
31
3
-22
-31
-21
-28
-44
-43
-51
-63
-63
-55
-45
-67
-95
-94
-72
-53
-44
-33
-23
-29
-48
-46
-36
-37
-43
-32
-13
-18
-50
-74
-84
-101
-96
-57
-5
3
-38
-66
-76
-98
-99
-69
-36
-13
-13
-18
-18
-35
-36
-5
25
49
61
54
45
39
33
43
69
83
85
76
52
54
67
80
110
128
140
144
123
115
111
94
93
101
128
152
118
81
76
60
21
-18
-27
-16
-35
-61
-22
5
-47
-121
-172
-162
-158
-164
-89
-13
-20
-73
-110
-103
-114
-140
-97
-14
12
1
-10
-30
-64
-104
-71
-13
-13
-24
-21
-24
-30
-7
23
28
2
-12
6
-14
-19
17
52
58
27
21
12
-14
-27
-24
0
19
42
37
7
-23
-13
25
50
59
55
68
58
49
52
49
46
39
52
35
29
49
54
59
37
32
17
-6
-9
-16
4
10
25
16
-8
2
-1
2
-13
13
63
36
-7
-32
9
30
1
-6
2
42
33
-28
-83
-82
-19
-11
-59
-80
-37
-42
-141
-211
-172
-87
-111
-177
-171
-135
-127
-209
-254
-185
-116
-96
-177
-219
-134
-79
-102
-178
-167
-41
-22
-114
-130
-24
92
17
-125
-73
39
89
41
17
153
194
131
57
23
145
203
231
268
261
311
263
200
217
274
446
491
392
355
374
456
379
233
361
560
590
401
224
373
447
313
200
252
427
240
-92
-99
67
127
-126
-265
-52
-34
-313
-627
-603
-309
-374
-572
-505
-254
-207
-614
-807
-569
-346
-397
-546
-284
78
-32
-416
-530
-244
-165
-336
-295
-18
196
-1
-291
-322
-164
-58
-271
-329
-66
81
-19
-249
-167
60
28
-143
-264
-11
213
15
-114
52
316
209
-129
-43
314
355
-19
-144
325
524
53
-131
418
752
252
-153
175
471
199
-72
279
772
674
184
22
318
333
-25
2
479
809
527
52
126
402
264
-131
1
677
694
33
-193
191
322
-98
-195
234
417
90
-377
-352
0
-102
-467
-324
156
-18
-663
-673
-251
-258
-616
-586
-131
-145
-660
-743
-249
-172
-610
-434
28
-274
-649
-428
-131
-222
-372
-139
184
5
-404
-314
156
192
-267
-106
605
401
-329
-205
474
439
-249
-4
710
413
-209
-44
407
347
-197
-122
454
389
-230
-81
521
302
-286
3
487
177
-100
300
399
162
45
-2
151
166
92
193
330
316
48
-91
-20
-62
-11
72
102
148
171
-187
-408
-65
21
-290
-275
3
54
-223
-272
-64
26
-106
-407
-552
-100
-36
-256
5
244
182
-288
-395
-83
-199
32
208
348
358
90
169
7
-61
34
170
397
25
169
408
273
-18
-98
97
-7
-150
-364
57
439
-86
-118
85
158
-169
-449
-122
41
179
-279
-295
351
13
-386
-209
23
-32
-341
-336
-313
76
167
-87
168
433
100
-262
-314
-299
13
154
187
561
505
300
-54
-266
-345
-219
127
138
90
352
424
-213
-466
-199
-59
-11
-185
12
153
-19
-118
-122
-31
44
-223
-412
-207
-345
18
101
123
249
-49
3
-44
-377
-67
222
147
61
107
51
91
-357
-28
448
101
54
108
248
0
-231
403
656
223
63
-93
209
14
-305
-52
642
528
-56
-202
351
293
-355
-360
360
302
-56
-194
-110
99
-20
-207
-182
0
-60
34
-349
-358
164
477
-430
-647
215
114
-658
-579
229
566
-283
-554
101
487
-304
-944
142
584
73
-638
-11
753
-231
-905
265
648
11
-234
169
368
250
-470
-101
369
0
-322
-205
571
224
-245
220
119
62
16
-346
349
210
-141
107
243
-102
-108
-249
-1
-100
-110
153
297
-153
-220
113
53
-322
-9
364
35
-365
-81
153
-189
-193
109
349
-88
-348
318
160
-282
-12
374
86
-415
7
341
189
-402
-345
440
338
-528
-217
506
105
-525
-286
210
438
-175
-276
198
369
-235
-285
168
318
-86
-127
628
185
-204
336
-58
116
-80
-97
579
258
-146
-129
280
-203
-419
269
197
-230
-213
215
163
-515
-215
-160
-274
-220
-53
58
126
-175
-314
-85
-273
-451
-208
111
265
-9
-246
0
47
-299
-450
196
189
-93
116
303
5
-40
-145
-26
212
-28
-2
523
139
-136
258
213
-478
142
400
-149
-118
441
152
-33
-3
-336
280
153
-381
18
355
248
43
-251
62
217
-364
-259
266
146
77
51
145
-163
-175
-207
-571
403
358
-281
16
324
-93
-481
-147
19
183
-175
-147
642
293
-581
-87
170
82
-587
406
679
-202
-499
220
668
-484
-498
748
425
-818
-448
975
461
-915
-1
902
143
-908
-402
614
418
-633
-265
679
295
-531
-373
377
-38
-267
-191
51
154
-86
-151
30
311
-286
-881
439
67
-358
84
485
330
-648
-259
211
-525
-302
333
515
170
-115
-66
-2
-252
-260
-92
-42
609
449
-59
109
17
-478
-258
-212
692
341
-140
69
143
-40
-78
-403
430
-95
-144
605
224
-278
-165
-11
-97
-79
66
315
-219
-177
-94
294
348
-445
-484
390
-410
-117
524
440
59
-394
-266
-92
126
313
-53
109
275
-6
-244
-165
-341
-280
378
117
379
115
-551
-116
-94
-479
466
150
-276
-83
472
-19
-435
-45
175
-296
-99
191
-110
-253
154
211
-90
340
-216
-376
-211
315
221
-287
41
437
-98
-316
-264
372
-312
-396
308
97
201
-369
-92
303
-293
-251
-98
122
746
-221
-92
190
259
35
-244
724
422
-60
271
546
493
454
169
84
628
394
550
505
155
635
226
-174
100
273
-119
153
496
-131
-585
-394
-229
-501
-341
-454
178
-339
-981
-390
-346
-531
-681
-771
212
-4
-898
-608
-226
50
-615
-645
377
218
-524
-666
-338
476
-200
-521
130
508
-589
-372
-279
520
-5
-631
55
353
197
2
140
316
-273
-177
583
305
220
384
442
87
574
393
-277
178
205
409
652
452
1018
-67
-141
-219
332
591
77
367
621
468
305
-160
294
132
-59
231
388
819
314
205
-404
37
470
31
-410
726
336
-557
-460
760
-254
-515
430
-385
-297
-768
-317
67
-325
-141
-293
-229
-257
-1249
-163
-414
-943
-350
244
-308
-937
-52
-784
-1020
-523
-670
205
-323
-316
-378
-334
147
-917
-475
502
-43
-840
124
1163
-505
-672
557
695
56
-397
132
756
-41
-199
990
753
-318
-307
638
832
302
-388
546
577
105
449
485
250
154
272
532
593
870
130
-327
421
7
235
1093
550
41
995
253
-466
225
72
-342
123
413
411
1102
114
-976
-92
129
-1176
-172
944
114
-332
-185
55
-566
-560
-707
-368
-632
-341
419
388
-1486
-829
385
-897
-1328
7
467
-719
-460
-675
128
-4
-799
-508
210
214
-513
-556
-92
860
358
-761
-190
579
140
-627
307
964
-593
-494
785
593
263
-326
-202
179
-195
-429
741
1042
88
-849
114
562
-390
-662
849
1413
433
-342
-211
-55
172
264
-75
1223
1459
-774
-214
87
-15
453
-681
361
1341
258
-604
19
-30
-787
-889
509
1135
58
-632
256
-236
-984
62
71
-354
429
592
219
-577
-500
26
2
-434
-78
837
833
-1062
-763
918
-60
-1094
102
674
85
-237
-593
83
29
-313
-524
-303
501
382
-827
-473
720
-140
-896
-1134
386
1440
-790
-367
586
-193
-1310
-646
1558
386
-1246
-236
1114
484
-1360
-115
816
-88
-560
60
1647
180
-995
323
805
533
-269
-370
783
858
-496
82
1447
465
-582
-575
568
779
-362
-97
536
801
-10
-883
75
206
-508
-486
256
958
-263
-903
-248
-237
137
-660
-514
399
462
-414
-1349
389
386
-459
-783
-28
760
-571
-749
365
465
-16
-1331
329
1554
-374
-1129
-261
853
77
-277
834
1011
-530
-916
11
854
719
-387
-613
1260
247
-642
548
143
-407
-464
369
441
-640
425
381
-419
-281
-912
456
303
-653
128
560
-493
-959
-57
733
139
-1345
-424
890
-43
-639
238
580
-352
-537
53
-386
935
500
-1411
829
1054
-568
11
134
139
88
645
-290
39
1511
-742
-947
1065
-6
-81
654
-2
-68
285
-14
-282
283
543
-597
-543
975
698
434
55
-1094
-325
825
47
206
697
221
-556
-422
388
243
-448
-752
296
818
-263
-281
-487
-854
-572
-630
9
824
269
-1097
-1745
-42
-435
-836
610
-229
-236
-529
-741
25
-514
-197
166
-112
-155
-112
450
75
-581
312
577
-123
-367
975
1027
-711
-803
761
1659
-202
-139
983
594
-701
-1219
1719
1773
-540
181
240
-35
-210
-330
726
59
368
-77
260
481
-1392
-227
323
-580
430
575
-539
-502
67
46
-211
81
30
214
123
507
-361
191
537
-124
573
486
-111
-102
555
549
-17
576
1027
-289
-700
-9
645
310
-261
413
299
-658
-357
88
-558
-1050
-349
508
73
-1391
-591
152
-1354
-1545
160
457
-625
-1248
-1113
563
16
-1220
-706
-182
47
-579
-743
941
944
-1079
-1044
274
825
-118
-351
554
922
351
-563
253
371
92
608
282
232
950
137
-438
704
583
-332
29
936
617
482
366
-148
-577
575
201
209
1007
67
-212
974
-309
-1386
796
1025
-906
-488
1394
1089
-203
-1129
-507
397
319
-1014
-551
1919
670
-707
424
415
-1245
-1496
-7
987
1074
210
-178
183
-518
-1317
-563
106
946
-126
-206
-121
-719
-448
-356
443
-94
-278
56
-792
75
437
-429
-407
31
302
197
184
-474
-323
-308
-321
122
216
241
-333
-584
-63
-139
-191
-983
-658
296
-129
-18
82
-120
-76
-370
-1460
-615
544
303
795
405
-803
-184
389
-368
97
1085
-198
-450
794
1104
502
360
-120
-983
576
1086
358
1002
1015
525
-246
-570
344
803
612
-21
455
1300
350
-308
-32
385
179
-312
-52
413
-116
-179
366
-304
275
219
-1051
-452
-84
-92
-408
-428
613
106
-701
-351
-340
-229
-324
-285
304
-195
-221
-297
-371
191
-711
-44
662
-105
-350
-717
-738
-692
359
915
-15
-287
-321
-705
-944
-344
219
89
341
137
460
352
-1286
-1365
281
605
194
545
871
272
-410
-606
-27
454
260
373
806
819
-255
-1042
-235
551
239
89
202
784
175
-1202
-443
432
-203
-136
-35
557
843
-182
-418
17
152
-472
-406
1235
961
-67
261
-71
-118
-184
-88
459
485
412
262
-90
-257
30
456
-385
-897
-65
249
290
496
-116
-246
-226
-1177
-571
420
155
-272
479
1485
331
-977
-1174
-894
7
11
401
1267
908
-544
-1301
-495
-582
-917
149
754
535
86
-271
-54
-563
-1288
-1122
-158
801
788
241
217
-308
-1310
-1164
228
898
417
341
323
-138
-412
-421
-372
-42
504
695
154
99
32
-637
-519
143
176
96
370
97
-58
191
-560
-528
356
21
-117
464
492
146
498
311
-563
476
818
-79
516
1124
949
386
851
1019
227
310
377
798
723
90
633
1039
596
-123
-214
-302
-667
-429
234
568
-262
-619
-16
-249
-1011
-1142
-644
-305
144
164
-512
-971
-1861
-1110
1222
2411
2128
-23
-1516
-1092
-1519
-1469
49
1164
1477
1603
2039
1021
-1515
-4395
-5253
-2103
1048
2261
2324
305
-3657
-7216
-7525
-4953
-2065
-1030
-1146
-797
-1272
-2878
-3509
-3196
-3312
-2718
366
4164
5653
5036
3301
1452
815
1512
4481
8191
8959
7565
6417
5118
3732
3471
3712
3831
3628
3602
3990
3348
1139
-1586
-3572
-3718
-2612
-1627
-678
-1185
-3994
-6448
-6787
-5871
-5234
-4496
-3270
-2153
-1304
-1371
-1167
-1173
-2378
-2347
-126
2554
4051
4180
3124
1888
862
255
977
1811
2536
2661
2232
1892
247
-1015
-1501
-1256
-702
-906
716
2385
1418
-1454
-4422
-4025
-2200
-1415
195
1954
1853
-555
-2394
-1790
-1424
-3204
-4744
-2571
843
1051
-791
-2759
-5310
-8540
-9489
-6082
-1274
383
-1632
-3511
-4318
-5279
-5280
-3323
-269
1863
2852
4647
6161
5735
4215
3279
4563
6813
8921
11628
12920
11064
7774
6141
7303
9053
8933
7364
6053
4236
2167
997
103
-350
-1780
-3447
-2567
-2588
-5187
-8012
-9720
-9338
-7497
-5465
-4536
-5454
-7807
-9795
-8851
-5726
-2930
-1195
-596
-521
-183
570
1543
2113
2327
3061
4474
5831
6011
4348
2308
756
-1
1172
2578
2254
1200
-13
-518
-363
-570
391
1955
1761
-1748
-5652
-4806
-1159
-369
-1166
-375
1713
834
-2153
-2280
-1194
-3195
-6331
-4339
2017
4169
-241
-5585
-8273
-9771
-9894
-5356
774
2257
-2119
-6522
-6732
-5312
-4552
-2936
461
3109
3643
5091
6695
5535
3372
3119
5974
10496
13291
14296
13308
9425
5777
5427
8581
12301
12689
9547
4612
617
-481
-1078
-1627
-1800
-2136
-2100
-2456
-4027
-7297
-12156
-15048
-12810
-6508
-1282
-939
-4735
-10108
-13292
-11369
-5474
219
3273
3006
1177
635
912
1214
1748
2734
4709
7190
8939
7961
3937
-776
-3618
-1985
1867
3806
3628
1973
-278
-2963
-3423
254
3645
1762
-4771
-7179
-2469
582
-136
-827
1084
1727
-2015
-3160
-507
-856
-5441
-7396
-489
6182
2560
-5742
-9997
-11239
-11776
-8206
-684
3921
191
-7950
-11027
-8777
-5847
-2634
1275
4556
4860
4870
5664
4978
3763
3674
6818
12323
16019
16492
13439
9162
5161
6604
13253
15883
13642
7367
1652
291
-1043
-627
74
-1490
-2860
-3657
-3127
-6227
-12358
-15621
-13732
-6550
-1347
-1952
-5969
-11783
-15610
-12807
-4731
1620
3577
2382
-149
-853
25
2264
4387
6140
7913
8681
9737
7444
2146
34
-834
236
4570
6429
4674
491
-4349
-4416
352
3909
1466
-4789
-7328
-5052
-3106
-2409
-1617
484
406
-4236
-5904
-3044
-4706
-9521
-7651
272
5033
-509
-10328
-14174
-14132
-12452
-6797
950
4332
-2315
-10317
-10576
-7688
-3842
125
3158
6525
7791
7219
7158
6873
6661
8558
13114
17435
19729
18883
13896
7799
6331
12215
17734
17326
11065
1849
-1930
-2382
-2152
416
-150
-2907
-5762
-7330
-8064
-12319
-15298
-14234
-9004
-1928
-1014
-5743
-12054
-16441
-14198
-5036
4184
7425
5822
438
-3664
-2798
1159
6622
9584
10140
8998
7734
6938
1847
-1889
-1228
639
4622
7288
5892
208
-4555
-4266
-1494
651
-3066
-5894
-2670
-2460
-4772
-4485
-465
1449
-2816
-6249
-6579
-6464
-7805
-6819
701
4794
-2566
-13818
-17732
-15318
-11478
-5618
-303
984
-4577
-12437
-13268
-8930
-3853
-207
3473
7355
6877
5876
4865
3534
6951
12998
18820
21847
20062
15587
11546
10138
10026
16055
23370
20737
12219
1393
-3801
-1536
-248
2080
2275
-134
-3689
-8706
-10234
-13684
-17084
-14820
-7999
-82
-809
-8895
-16827
-19556
-14728
-5323
4891
8596
4837
-1774
-5221
-1847
4010
9385
10878
10114
8835
5412
3674
1809
314
2652
5162
7537
8212
3437
-2293
-4048
-1735
120
-2553
-3946
-1795
-2961
-7462
-9803
-4769
1999
-280
-6329
-8523
-9488
-11305
-8415
960
7174
341
-13462
-19265
-15428
-9337
-4236
-962
-260
-4968
-11461
-11543
-8009
-3804
193
2093
4111
5672
5448
4693
3691
5268
10768
17479
19845
17544
13979
10593
8894
11988
19874
22223
17245
8228
-36
335
1654
1552
3580
2053
-907
-4508
-6062
-8320
-13629
-14584
-11006
-3053
2623
-2049
-11892
-18270
-17025
-8348
3424
8335
4675
-592
-5801
-5476
338
7213
10838
10114
8150
5272
3858
2662
694
2344
5504
6907
6459
4153
2428
924
-1208
-4969
-7180
-2803
1764
-1225
-7215
-9654
-5419
-622
-1378
-4737
-8117
-12770
-15673
-8597
4992
8853
-3269
-18254
-23146
-18165
-8919
-827
3192
1022
-8583
-15735
-13135
-5294
261
2448
4054
4954
5147
4194
2494
3807
8038
13271
17780
19738
17014
11698
8124
7741
14927
21943
19890
12241
2291
-1850
-4
2258
4304
1676
-1977
-4357
-5582
-6014
-9825
-12868
-11346
-6433
-959
393
-4845
-13374
-17102
-11782
453
9687
8678
3315
-2057
-3675
-839
5313
11915
12112
7544
3098
2499
4512
3397
1617
2191
5180
6626
6917
8731
4900
-3545
-11362
-11088
97
7408
1980
-8301
-12030
-8517
-4616
-2599
-4027
-8539
-14543
-15336
-5428
6213
4439
-11429
-23437
-22986
-14361
-3469
1731
125
-7142
-15345
-16072
-9520
409
5819
5368
3816
1486
2591
5625
5226
6371
11573
17149
18591
16309
12472
9249
8513
11533
19658
23920
18345
5945
-3339
-1990
1622
3611
3415
-1025
-5447
-8734
-8252
-7959
-9045
-9676
-9236
-4388
-1535
-4495
-9749
-13103
-11472
-4693
4788
8400
5609
1966
-1783
341
6996
12132
13587
11009
7334
4659
4949
5620
3849
2552
2100
2116
5099
10506
9116
-1268
-13505
-18084
-7638
4546
4351
-3778
-9257
-9529
-10485
-8586
-5686
-7357
-12636
-15550
-6800
5940
5537
-9707
-22595
-22512
-15253
-4142
4645
4140
-4984
-17570
-21310
-12262
1439
9659
7755
2214
-1546
-1660
3565
8721
12167
16000
16059
13047
11759
12768
13211
12079
13556
18243
20687
16080
5539
-1656
-723
2698
5091
5769
1832
-4925
-9669
-11885
-11338
-8934
-6334
-4066
-2775
-4557
-10337
-14597
-13184
-8036
-98
5776
5883
2863
-822
-2983
907
9345
14308
13717
10512
6945
5267
6072
7833
7769
6589
4290
4078
9831
10792
2922
-7766
-12746
-8086
-1275
1115
-1903
-5824
-9631
-14642
-14458
-10245
-8508
-12653
-14601
-8397
-1749
-2784
-13804
-21456
-18984
-13390
-5742
313
338
-6640
-16415
-18243
-9828
2310
9116
6846
237
-3446
-943
5939
12119
14486
14974
13371
9753
9812
14163
17924
18165
16021
14941
14739
11943
7765
5589
5775
5502
3441
2087
-565
-4679
-6567
-6986
-6005
-5871
-6581
-5431
-4604
-6318
-9404
-9882
-6673
-2880
-687
-96
-35
-402
572
2593
5721
8909
9059
8304
6764
5049
6052
8275
10054
8081
4266
2219
3159
8860
10374
4312
-5978
-13610
-10000
-2626
-974
-4246
-7460
-8924
-12102
-13876
-12245
-11099
-14568
-16509
-9325
666
283
-13088
-23309
-21770
-14320
-4414
3258
3700
-4057
-15267
-18573
-9527
3979
11797
10205
2535
-4501
-4067
3827
12076
16572
17252
14085
8050
4858
7822
13884
18704
17509
13760
10391
6041
3412
2592
3879
5469
4571
2299
-1317
-4576
-7133
-8654
-7637
-4197
-481
883
-1101
-6256
-10247
-10975
-6866
2053
7513
6817
2818
-588
626
3802
8379
13026
14003
11105
5590
3647
6929
9582
9462
7979
5868
3437
5186
8031
6518
273
-8583
-10425
-4937
-2193
-5353
-8957
-9717
-12184
-14676
-14188
-13096
-15710
-19489
-16180
-7248
-2033
-9554
-19968
-21357
-19071
-14266
-6782
-601
-850
-9233
-16209
-14211
-4239
6337
9626
6950
2199
-764
3628
11734
16251
16745
15026
11342
9714
14009
18454
19683
17461
12719
10337
9548
8567
7692
7120
4333
-1440
-4096
-4788
-5555
-5521
-6632
-7964
-9035
-10238
-10241
-6789
-3790
-4719
-6986
-8491
-5769
-1005
2024
3495
4009
6692
8676
8628
10031
11612
13157
14503
14258
13767
13679
11780
7847
6125
7284
7956
9754
11465
7973
-275
-10477
-14155
-7567
-890
-2433
-8375
-11829
-14887
-17974
-17356
-14942
-15187
-18621
-18370
-11461
-5497
-9066
-18543
-21577
-18057
-13222
-6505
-1382
-2362
-9417
-16219
-14148
-4358
5563
8696
4491
-674
-2491
1172
9189
15345
16945
14880
9853
6962
9743
16004
20925
20069
15992
11415
7777
7641
9148
9338
6930
2653
-1959
-5268
-5792
-5141
-4883
-6042
-9317
-11492
-9485
-6532
-5888
-6551
-8953
-10587
-7707
-2993
660
2426
2595
2792
4072
7334
11350
13941
14498
12838
11771
14487
17612
16894
13598
10230
8775
9011
10430
12791
11920
5796
-4429
-10823
-5879
40
-2396
-7801
-11311
-13541
-15870
-17300
-15250
-13606
-17478
-21270
-16880
-7385
-6304
-14947
-20256
-19576
-16668
-10298
-3051
-161
-4249
-14002
-17475
-8498
2667
7801
5143
-584
-3831
-2933
3854
10744
13540
13084
7651
2860
4900
11185
17315
18346
13806
9028
6605
6659
8289
10510
10790
6324
1363
-744
-1215
-1213
-2230
-3897
-5096
-5781
-5907
-4980
-4524
-6516
-9390
-9932
-6527
-2341
-543
-508
-1222
-700
885
2790
6902
11010
11020
8577
7730
10285
14068
14856
13174
10769
9302
8924
8701
11930
14562
10758
2681
-4780
-5383
-498
1498
-2086
-6111
-8565
-11766
-14068
-13142
-10668
-12528
-17744
-17994
-11121
-4284
-6886
-14484
-16919
-15554
-12879
-7425
-642
1731
-4578
-13173
-12848
-4137
3763
5367
2805
914
-1345
-2972
120
5694
9491
8277
2928
-239
1540
5453
8593
9011
7170
4462
1572
1756
4493
6753
6802
3205
259
-19
215
692
745
770
-124
-1954
-2479
-1002
1021
690
-1966
-3677
-2751
-719
1109
2742
3456
2500
758
1588
5402
8219
7924
6017
5957
7569
7930
7799
8219
7270
4859
3546
4978
8186
8980
5545
796
-3133
-4891
-3766
-952
-114
-3059
-6912
-9638
-10265
-9765
-9986
-10040
-9803
-8835
-6726
-4845
-5110
-8069
-10344
-9619
-6233
-1495
1837
1947
-1206
-4663
-4623
-1295
2508
4617
4713
3218
463
-1893
-1480
1599
3825
2826
266
-1651
-2205
-1556
-868
-625
-911
-2329
-3592
-2872
-1138
-299
-751
-1860
-2336
-1902
-865
836
2246
2701
1506
84
1265
3758
5555
5555
4024
3492
3734
4302
6138
7983
8252
6168
3861
4312
6278
6910
5647
4982
5107
4134
2943
2248
2161
1688
423
-122
68
167
-1195
-3013
-3835
-4489
-4681
-4736
-4821
-5023
-5836
-6112
-5944
-5754
-5276
-4848
-3616
-1498
-837
-1312
-1140
-729
450
2114
3408
4256
3300
2020
2267
3852
5910
5670
3884
2497
1191
770
1000
1020
567
-816
-3164
-5448
-5930
-5187
-5173
-6165
-7577
-9084
-10028
-10409
-10201
-8762
-7255
-7422
-8293
-7804
-6551
-5684
-4367
-2547
-255
1650
1629
1349
2771
5492
7808
8788
9115
8540
7984
8778
10213
12109
12808
11008
9021
8372
8415
8094
7612
7331
6512
4793
2335
666
541
368
-836
-1934
-1926
-2362
-3624
-4879
-5967
-6257
-6484
-6770
-6365
-5568
-4952
-4866
-4869
-5333
-5802
-4872
-2705
-150
1227
1213
937
824
922
1690
4194
7199
8261
7418
6087
5893
6299
6140
6774
8268
8665
6381
2368
-221
-612
181
569
-478
-2328
-5376
-9222
-11517
-11131
-9591
-9207
-10997
-13896
-15379
-15367
-14422
-12414
-10757
-10156
-10899
-11281
-9318
-6283
-3347
-1683
-1016
12
1298
3242
5705
7913
9057
9164
9438
10492
12136
12949
12931
12780
12600
12769
11819
10334
9639
8596
7427
6017
4635
4344
3381
812
-1672
-2802
-2538
-2246
-2843
-3769
-5014
-6425
-7459
-7554
-6223
-4554
-3537
-3316
-3883
-4692
-4842
-3265
-524
1972
3545
3368
2024
1097
1439
3505
6155
7587
7657
6963
5966
5288
5332
5825
6220
6447
5993
4115
1637
71
-123
156
-418
-1917
-3669
-6047
-8474
-9134
-8332
-7882
-9083
-11289
-12891
-13857
-13960
-12716
-11030
-10284
-11238
-12250
-11443
-9308
-6809
-5054
-4164
-3280
-2359
-978
978
3039
4799
5758
6417
7579
9086
9836
9622
9532
10229
11350
11319
10238
9188
7976
6851
5980
5702
5555
4210
2094
441
-288
-754
-1487
-1965
-1998
-2368
-3445
-4492
-4548
-3718
-3102
-2452
-1572
-1194
-1580
-2424
-1693
811
3158
4608
4995
4903
4111
3435
4520
6622
8343
8377
7551
7043
6430
5862
5583
5875
5748
4469
3018
1797
825
-195
-1211
-1890
-2489
-3737
-5962
-7878
-8719
-8678
-8633
-9501
-10682
-11953
-13113
-13456
-12637
-11223
-10808
-11645
-12329
-11602
-9790
-7772
-5889
-4940
-5037
-5189
-4052
-1265
1694
3610
4218
4246
4749
5961
7657
8875
9145
9113
9079
8838
8465
8336
8466
8011
6528
5257
4813
4285
2864
1005
192
201
-292
-1530
-2827
-3541
-3989
-4086
-3447
-2481
-2117
-2627
-3031
-2688
-1526
-203
803
1917
2888
3613
4177
4667
5412
6117
6659
7166
7782
8295
8008
7185
6524
6383
6661
6943
6802
5476
3207
1140
425
1076
1504
974
-735
-3168
-5118
-6111
-5584
-4710
-5327
-6811
-8276
-9354
-9863
-9812
-8957
-8114
-8586
-9983
-10810
-10393
-9415
-8562
-7609
-6754
-6718
-7102
-6644
-5080
-3430
-2194
-1198
-435
49
465
1520
3174
4401
4674
4547
4779
5164
5493
5773
5864
5637
5000
4351
3856
3540
3321
2840
2131
1536
1204
855
288
-570
-980
-397
378
659
161
-331
-372
-244
561
1796
2900
3219
2807
2878
3721
4623
4927
5358
6261
6802
6801
6637
6761
6850
6353
5453
5223
5866
5740
4348
2585
1602
1377
866
117
-443
-994
-2830
-5340
-5964
-4738
-4025
-5197
-6814
-7731
-8331
-8883
-8851
-7466
-6614
-7728
-9051
-9000
-8014
-7277
-6638
-6004
-5775
-5920
-5891
-4778
-3242
-2247
-1985
-2064
-1675
-872
448
1611
1800
1701
1767
2353
3268
4067
4366
3667
2742
2376
2731
3234
3138
2601
1894
1363
1133
1110
1087
692
23
-487
-457
34
672
982
513
-58
212
1188
2237
2682
2556
2569
2991
3798
4505
4897
5147
5126
5305
5767
6294
6942
7082
6357
5249
4654
4976
5638
5589
4390
3093
2475
2135
1477
783
623
75
-1292
-2537
-2973
-2883
-3482
-4620
-5044
-5082
-5788
-6756
-6917
-6686
-7142
-7983
-7948
-7239
-7123
-7519
-7722
-7387
-7106
-7174
-6283
-4715
-4090
-4644
-5290
-4840
-3455
-2014
-884
-264
-468
-1045
-1053
-27
1594
2540
2694
2336
1550
1370
1849
2633
3335
3305
2918
2496
2288
2461
2782
2896
2558
2296
2542
2980
3038
2788
2430
1890
1789
2368
3167
3425
2687
2070
2317
2870
3295
3624
4033
4162
3630
3145
3538
4466
4980
4547
3825
3756
3961
3751
3031
2463
2699
2854
2418
1936
1526
907
-205
-936
-520
102
-403
-1819
-2695
-2995
-3569
-4237
-4284
-4016
-4629
-6007
-6871
-6557
-5933
-6108
-6508
-6487
-6594
-6968
-6924
-6027
-4818
-4500
-5110
-5469
-5064
-4289
-3538
-2700
-1999
-2095
-2815
-3045
-2126
-760
176
383
197
13
-241
202
1411
2432
2931
2460
1889
2082
2692
3598
3957
3872
3878
3788
3787
3771
4070
4509
4532
4244
3940
3896
3761
3687
3737
3841
3877
3517
3321
3033
2614
2469
2653
3229
3256
2697
2011
1541
1564
1626
1718
1761
1727
1550
1235
924
666
571
278
40
-14
65
41
-539
-1089
-1592
-1927
-2191
-2497
-2548
-2957
-3544
-4161
-4497
-4477
-4692
-4894
-5193
-5560
-5916
-5980
-5442
-4775
-4437
-4608
-4655
-4472
-4183
-3706
-3102
-2289
-1984
-2071
-2023
-1702
-1122
-746
-323
-13
-92
-407
-503
144
959
1487
1504
1176
830
618
1083
2111
3123
3411
2871
2281
2072
2329
2886
3554
4047
4082
3599
2972
2807
3108
3673
4109
4200
4049
3491
2785
2460
2835
3682
4012
3534
2897
2496
2269
1966
1779
2121
2445
2170
1599
1232
1160
834
247
139
511
762
371
-567
-1323
-1762
-1973
-1924
-1893
-2126
-2972
-4077
-4618
-4539
-4264
-4499
-5069
-5326
-5355
-5345
-5594
-5617
-5268
-5009
-4732
-4466
-3818
-3363
-3510
-3446
-2982
-2087
-1564
-1340
-832
-537
-611
-875
-412
551
1001
799
504
818
1059
1133
1241
1558
1893
1510
1424
1869
2522
2648
1850
1653
2069
2704
2929
2594
2575
2488
2514
2627
2825
3037
2817
2739
2775
2988
3112
3089
3237
3097
2933
2738
2865
3340
3461
3184
2356
1852
2029
2454
2794
2590
2283
1637
742
284
578
1478
1531
694
-293
-1020
-1293
-1580
-1419
-1242
-1729
-2809
-3947
-4219
-4242
-4450
-4894
-5396
-5730
-6063
-6070
-6055
-6107
-6410
-6610
-6042
-5191
-4282
-3976
-4024
-3986
-3792
-2987
-2046
-892
-138
-176
-424
-474
314
1141
1587
1722
1666
1817
1751
1955
2537
2882
2595
1807
1630
2147
2604
2491
2006
1785
1614
1280
1181
1488
1710
1397
828
783
1196
1467
1496
1388
1538
1654
1804
2274
2567
2681
2507
2620
3203
3656
3878
3599
3301
3173
3315
3766
4073
4219
3879
3189
2354
1937
2355
2783
2693
1832
830
137
-421
-600
-616
-820
-1656
-2770
-3332
-3416
-3562
-4159
-4739
-5070
-5354
-5607
-5739
-5649
-5923
-6454
-6630
-6212
-5356
-4895
-4785
-4939
-5154
-4891
-4097
-2697
-1690
-1511
-1778
-1931
-1355
-537
357
898
1028
990
793
1020
1521
2185
2417
1845
1310
1242
1803
2155
1891
1626
1371
1097
786
794
1223
1320
813
388
532
869
1009
933
1190
1563
1540
1591
1834
2403
2819
2802
3031
3353
3679
3713
3540
3776
4131
4416
4349
4150
4075
3833
3591
3407
3598
3748
3335
2714
2084
1821
1533
1176
1003
630
21
-884
-1403
-1465
-1687
-2219
-2961
-3249
-3511
-4031
-4490
-4649
-4496
-4951
-5576
-5654
-5262
-4845
-5001
-4976
-4860
-5017
-5041
-4668
-3770
-3330
-3239
-2812
-2371
-2230
-2409
-2154
-1688
-1493
-1149
-340
728
1195
1170
927
363
-221
-319
527
1540
2123
2285
1859
967
-84
-438
-91
392
922
1434
1766
1379
599
168
264
758
1367
2148
2757
2937
2772
2471
2433
2617
3008
3477
3958
4409
4498
4057
3289
2819
2948
3425
3860
4042
3839
3241
2544
1972
1667
1615
1765
1920
1800
1383
667
-118
-778
-1113
-1174
-1252
-1283
-1373
-1570
-2071
-2656
-2797
-2866
-3132
-3442
-3339
-2923
-2938
-3244
-3457
-3536
-3739
-3977
-3718
-3173
-2906
-3043
-3137
-3019
-2974
-2928
-2652
-2229
-1991
-1804
-1411
-998
-901
-1037
-853
-356
38
175
250
355
223
-32
-118
40
185
41
-138
-130
-13
-65
-282
-256
51
399
567
570
628
795
1118
1610
2024
2215
2202
2163
2380
2786
3315
3730
3733
3447
3072
2960
3161
3440
3648
3557
3196
2718
2426
2438
2466
2359
2147
2057
2018
1879
1666
1399
1126
769
538
507
448
248
-114
-455
-874
-1327
-1580
-1676
-1784
-2126
-2468
-2679
-2912
-3167
-3318
-3241
-3248
-3484
-3701
-3718
-3611
-3640
-3646
-3446
-3130
-2888
-2862
-2786
-2603
-2407
-2167
-1822
-1231
-709
-579
-702
-762
-491
-110
211
465
498
260
-114
-165
221
652
750
401
12
-53
261
555
531
471
499
580
588
767
1267
1528
1376
1144
1247
1520
1613
1801
2175
2384
2130
1771
1805
2077
2276
2375
2443
2301
1919
1718
1924
2236
2213
1957
1842
1922
1935
1713
1499
1469
1546
1610
1650
1643
1360
780
344
430
739
738
415
59
-262
-646
-916
-925
-1017
-1483
-2018
-2231
-2297
-2552
-2803
-2821
-2921
-3322
-3692
-3771
-3836
-4066
-4109
-3844
-3610
-3431
-3009
-2450
-2380
-2828
-2980
-2482
-1765
-1141
-443
126
-48
-756
-961
-289
444
590
614
957
1196
1005
874
1183
1417
1176
939
1180
1561
1634
1549
1542
1477
1233
1091
1185
1230
1111
1021
1022
1007
1079
1325
1469
1248
846
599
501
453
691
1340
1966
2165
2057
1818
1349
765
687
1475
2550
3124
3048
2588
1816
941
697
1374
2202
2411
2224
2031
1526
501
-403
-542
-171
34
-13
-66
-472
-1510
-2503
-2711
-2402
-2257
-2413
-2557
-2534
-2525
-2807
-3323
-3732
-3941
-4056
-4014
-3725
-3291
-2909
-2656
-2314
-1822
-1610
-1992
-2427
-2150
-1266
-370
294
733
800
411
-121
-344
-116
373
934
1505
1959
2183
2043
1428
550
19
258
883
1429
1922
2216
1791
584
-561
-815
-310
274
675
922
843
314
-301
-536
-395
-125
182
514
901
1395
1745
1643
1202
998
1364
2064
2685
2986
2913
2537
2151
2096
2392
2715
2794
2567
2074
1462
1023
888
800
575
375
137
-421
-1137
-1648
-2000
-2229
-2081
-1610
-1410
-1904
-2802
-3444
-3520
-3282
-2839
-2114
-1592
-1730
-2169
-2486
-2689
-2665
-2181
-1383
-576
-82
-197
-635
-839
-765
-609
-251
239
550
552
398
507
913
977
491
234
429
389
130
205
502
639
636
552
231
-399
-1050
-1118
-489
241
786
1033
398
-909
-1564
-1152
-514
29
733
1215
915
31
-449
17
632
818
1192
1917
1984
1238
883
1366
1979
2180
2076
1936
1718
1506
1740
2321
2396
1762
1251
1126
969
709
614
650
454
95
-88
-231
-788
-1517
-1573
-1147
-1012
-1217
-1433
-1516
-1759
-2253
-2385
-1874
-1544
-1864
-1883
-1205
-701
-947
-1423
-1377
-935
-705
-837
-725
-39
510
479
163
-5
181
299
35
1
523
837
484
193
618
966
229
-945
-1258
-797
-432
-172
317
622
29
-1198
-2080
-1992
-1165
-455
-369
-432
-123
77
-367
-1047
-984
-304
-52
-9
703
1615
1665
953
570
899
1233
1340
1728
2396
2608
1953
1402
1805
2275
2123
1881
1769
1315
522
394
1423
2310
1773
359
-658
-848
-561
-131
156
-19
-548
-1079
-1403
-1327
-1191
-1538
-1540
-1091
-1008
-1079
-1400
-2085
-2426
-1656
-592
-156
-179
-656
-787
-860
-1698
-1781
-533
877
1204
969
924
176
-649
-899
-211
845
872
835
1110
1727
1317
-546
-1290
-1128
-692
-318
353
1043
485
-283
-1235
-1709
-1601
-1857
-1445
-605
-105
-93
-518
-907
-1163
-1033
-750
-1375
-1529
-348
1061
1546
986
490
-181
-670
-370
780
1962
2225
2093
1862
2242
2416
1544
440
665
2122
2450
2393
2936
2889
1905
521
-27
987
1828
942
-362
63
1022
333
-44
454
-270
-1599
-2652
-2250
-882
-412
-1035
-1434
-61
96
-2160
-2993
-2212
-1805
-1157
-149
0
-137
-214
-1061
-1482
-646
-407
-1116
-443
349
-55
60
-461
-821
326
663
-143
-756
-1434
-1837
-668
614
394
57
620
-278
-2256
-2175
-1125
-394
-599
-796
824
1482
-416
-2089
-1560
-139
-513
-458
1330
1808
1169
-80
-45
1226
852
-250
976
3170
1630
43
1631
2573
1411
844
2049
2157
1383
256
529
2886
2437
556
341
1230
1209
223
380
332
622
741
-471
-103
670
-556
-1312
-229
445
-96
-1044
-1602
-987
-317
-482
-1079
-1019
-579
-739
-844
-715
-1312
-1040
-1037
-947
-564
-651
142
68
-930
-943
421
-81
-1697
-1304
586
806
-660
-175
1580
377
-2436
-2457
-557
-65
-234
229
304
-80
-1095
-2208
-2125
-941
-782
-1031
-175
366
448
-635
-2070
-1706
-272
-249
-442
1033
1854
969
-57
145
498
1092
1288
881
1727
2877
1471
214
1745
2235
1476
1401
1595
2060
1302
447
451
813
1900
1332
842
998
174
-260
320
-166
-673
606
686
-307
35
-201
-862
-757
-759
-154
-107
-408
-172
-263
-302
-586
-714
-584
-155
-268
-402
-590
-411
-115
-638
-757
-679
-640
-459
-456
-687
-725
-679
-192
-65
-835
-1324
-507
180
-389
-954
-43
738
-677
-1806
-818
275
-154
-769
-537
-45
-152
-1730
-1950
-519
-176
-943
-468
436
142
-1020
-1890
-959
412
726
246
30
1212
1191
-57
385
854
681
157
823
2319
2614
1809
395
298
853
692
738
1729
1852
893
600
906
1181
800
63
388
1077
771
393
795
640
-191
478
1057
-6
-63
632
649
-295
-319
256
-14
-155
664
494
-603
-414
-273
-507
-1071
-740
30
270
-490
-585
-543
-1095
-1569
-1442
-759
-337
-848
-1203
-491
-1336
-2181
-1914
-553
-315
-1502
-1661
-723
-865
-1496
-1684
-1043
-59
-1124
-838
-40
-761
-623
-370
-1119
-882
348
614
80
123
1036
261
-735
-107
776
1090
767
919
1607
1006
195
806
1116
1227
1017
803
1060
1272
1376
1123
504
642
1137
763
1225
1105
390
547
785
395
922
1733
877
260
876
1084
353
580
1091
912
739
1159
1063
1166
263
-277
734
1025
31
-312
350
168
-520
-142
34
-1041
-1595
-1032
-1373
-1328
-725
-1487
-1764
-1245
-1719
-2222
-2398
-2132
-1906
-1836
-1268
-1379
-1335
-1555
-2319
-2480
-1954
-1449
-1061
-406
-37
-370
-907
-1530
-1522
-1229
-93
672
641
986
1025
-320
-633
489
245
291
823
684
1357
2363
901
371
784
606
411
562
1402
1661
1449
1251
1282
1439
580
335
1259
1422
882
1067
1536
1217
1523
1238
990
1370
901
857
1512
1602
1178
1046
1611
1120
863
1520
1304
530
830
1051
473
415
55
-172
691
67
-827
-670
-394
-889
-1859
-1230
-583
-1628
-2218
-2245
-1574
-1533
-2548
-2252
-1670
-1963
-3183
-3124
-2034
-1247
-1801
-2494
-2048
-2065
-2322
-2234
-1914
-1247
-1051
-1301
-1273
-736
-598
-1361
-1186
159
631
-42
70
480
553
794
1226
1111
1341
1317
990
979
1339
1896
1662
1470
1314
1537
1792
1266
994
1045
1209
1287
972
1193
1591
1622
643
469
1375
1489
780
894
1536
1635
1256
521
782
1928
1652
597
1788
2214
795
497
944
1182
1103
520
536
711
730
196
-405
-226
-432
-1151
-1340
-648
-366
-1199
-2080
-1435
-834
-1697
-2737
-2036
-1867
-2109
-2516
-2000
-961
-1719
-2748
-2477
-1961
-2036
-2298
-2264
-1585
-1581
-1670
-1190
-1036
-1456
-1519
-1508
-1278
-677
-600
-362
357
-54
-173
61
-136
-259
-115
659
1421
1332
1259
1027
778
932
805
889
1278
1976
1864
1233
1761
2263
1861
912
1012
1261
1470
2063
1732
1869
1899
1559
1121
712
1131
1322
955
1368
1597
1366
1360
769
184
1034
1228
156
765
1426
373
157
870
131
-348
89
-148
-635
28
-294
-1383
-685
-384
-1922
-1624
-1005
-2077
-1979
-1362
-1914
-2122
-1582
-2116
-2696
-2171
-1540
-2183
-2333
-1788
-1281
-1315
-2034
-2239
-1180
-848
-1615
-1177
42
-768
-1453
-358
-40
-514
-394
333
324
-124
355
1192
322
-39
931
1121
845
1072
982
1091
1479
462
712
1670
1213
661
1146
1935
1235
991
1508
1215
1005
1219
929
1175
1454
1140
1444
1973
1121
496
1474
948
117
796
1204
1063
1088
749
1012
899
-107
-723
-55
484
-208
88
569
307
-117
-670
-1232
-680
-624
-1357
-847
-202
-380
-1154
-1380
-766
-897
-1803
-2087
-1314
-913
-1477
-1553
-1390
-1212
-1329
-1701
-1547
-1245
-1283
-2035
-1591
-670
-968
-1507
-864
-756
-1156
-817
-607
-767
-710
-463
-528
165
394
-199
-274
503
847
224
403
505
560
1146
608
914
1807
1269
536
848
1582
1415
745
1052
1056
1433
1765
1150
1312
1573
1217
895
1233
1394
1049
1125
966
1049
1853
1440
830
721
916
912
947
1222
762
531
777
360
698
862
-54
-88
-5
344
-118
-654
-278
-410
-968
-1173
-491
-417
-960
-1310
-1833
-1572
-1212
-1792
-1837
-1383
-907
-1489
-1931
-1490
-1579
-1786
-1942
-2180
-1608
-795
-1120
-1726
-1130
-774
-988
-1271
-1418
-1013
-988
-1013
-647
-322
-29
-229
-611
-383
-321
-135
-270
-65
505
645
591
566
371
289
614
697
680
781
806
1139
1556
1246
936
1288
1296
1209
1378
1823
1731
1396
1788
1866
1554
1837
1540
1539
2177
1375
779
1509
1773
800
703
1176
1347
1072
427
297
703
772
-449
-898
610
408
-489
-408
-482
-398
-755
-1274
-1024
-65
-613
-1659
-1176
-499
-967
-1783
-1117
-298
-869
-1495
-1213
-918
-1044
-1015
-881
-825
-999
-1859
-1449
-506
-1412
-1804
-883
-190
-1173
-1656
-839
-1304
-1983
-1153
-405
-661
-534
-643
-1010
-786
-187
-243
-587
-543
-195
343
310
123
633
498
64
618
920
878
554
431
899
1638
1999
1282
1098
1226
949
1190
1208
1449
2168
1961
1054
1016
1666
1574
848
1006
1381
859
831
1062
1096
1040
579
164
394
740
-53
-743
85
650
28
-274
252
-288
-893
-476
-657
-841
-809
-959
-319
2
-501
-813
-544
-241
-894
-856
-769
-866
-335
-578
-152
487
-462
-695
-358
-838
-1038
-1023
-650
-251
-536
-791
-707
-790
-1112
-1401
-1350
-655
-1053
-1309
-713
-746
-622
-601
-959
-1045
-723
-521
-546
-349
-272
-83
228
485
389
19
739
970
194
581
1247
1083
1070
1206
1274
1370
1215
1247
1218
1167
1184
818
1292
1487
481
242
1061
1411
731
152
408
789
474
-148
202
705
-96
-368
400
576
-336
-466
-219
-34
353
-620
-757
238
115
-474
-269
484
-284
-1228
-184
120
-427
-681
-59
412
46
-221
-671
-303
-248
-794
-414
397
120
-366
-432
-598
-169
212
-877
-1184
-45
-380
-1229
-290
255
-1344
-963
-107
-1001
-1383
-813
-857
-1095
-499
-155
-882
-839
-105
-630
-830
-779
-411
219
391
34
-82
435
524
512
175
308
963
904
413
750
1709
1248
274
594
1147
769
277
605
1868
1286
324
866
785
610
563
497
364
538
1096
747
127
919
627
-702
-326
597
768
-106
135
484
-346
-326
11
3
158
-250
-186
862
556
-971
-918
70
-497
-231
791
177
-736
-272
-177
-1299
-1035
-515
-910
-916
-508
-228
-843
-1288
-1264
-1431
-1168
-1603
-1597
-619
-472
-893
-495
-333
-1071
-1017
-875
-433
100
39
-290
114
810
499
-408
-211
659
712
390
738
932
368
388
258
991
1290
262
497
844
703
535
313
240
802
931
529
576
449
-220
338
919
140
-8
667
543
-142
83
476
662
163
9
917
804
-979
-874
1168
734
-771
177
1298
437
-634
-336
440
65
-699
-526
681
386
-663
-88
49
7
88
-713
-1157
-248
115
-130
-7
-255
-832
-322
-115
-804
-502
-13
-897
-1271
99
-98
-425
-233
-747
-608
-229
-951
-1286
12
115
-1143
-903
426
313
-400
-696
-709
-269
110
-700
-625
1258
734
-749
20
994
192
-915
-228
1260
1082
-120
182
1648
1251
-348
-188
905
619
-416
117
1065
1331
530
132
871
-57
-789
138
541
394
285
509
763
619
-26
-291
56
-53
172
668
359
9
286
541
-242
-658
145
438
-20
-412
66
-79
-677
-346
-71
-37
-282
-509
-173
58
-367
-897
-626
219
-36
-817
-282
195
-375
-352
31
-167
-317
-84
-313
-242
691
163
-623
-106
250
182
155
-9
-169
519
-82
-1056
301
588
-391
-44
410
-162
-577
-150
-380
-657
-52
-403
-639
311
312
-137
-444
-1081
-387
354
-305
-484
567
628
-280
-72
493
364
-84
-403
220
1547
1021
-985
346
1693
-78
-325
782
1156
715
232
-26
-32
965
452
-299
805
345
-323
-27
-540
-889
59
404
-843
-642
355
-503
-909
-229
-183
-668
-575
-409
-417
179
622
45
-161
235
-198
-165
389
85
139
557
660
522
356
491
367
312
385
41
377
754
89
85
402
92
-37
-82
-207
34
-24
-400
-353
-59
-124
-540
-349
34
-380
-809
-637
-130
-461
-984
-281
-184
-723
-596
-478
-424
-525
-978
-906
-179
-44
-532
-329
190
-254
-671
147
595
156
51
305
676
782
611
584
960
1158
581
678
888
559
887
794
513
656
529
225
-50
-123
-440
-243
410
-209
-750
-322
-289
-786
-767
-380
-583
-497
23
91
57
-72
-235
-124
55
318
410
535
600
457
654
239
-111
332
217
207
218
199
181
-151
95
-142
-765
-439
-311
-265
27
-166
-611
-285
-134
-892
-807
1
-144
-786
-686
51
455
-59
-1100
-895
305
-64
-872
-76
813
307
-796
-615
550
577
-537
-736
592
964
-45
-170
443
647
270
-195
148
658
645
358
449
709
512
447
493
265
582
766
212
67
634
738
93
-194
101
244
288
-282
-588
458
443
-783
-722
163
120
-503
-487
114
323
-339
-812
-376
258
165
-455
-257
66
-116
-377
-614
-329
-164
-214
-246
-301
-69
-429
-653
-158
-224
-448
-250
-124
-165
-130
-203
-442
-426
-159
-226
-405
73
96
-447
-497
-231
-25
-367
-256
286
141
281
176
-284
143
498
125
79
841
1122
761
888
518
-58
589
939
641
822
1179
1187
787
577
314
-110
120
407
563
537
339
196
-104
-184
-599
-980
-360
-44
-608
-521
360
-329
-1450
-798
-357
-367
-187
-605
-756
110
379
-577
-575
298
110
-437
-423
-243
33
198
-149
-284
232
38
-1001
-575
685
120
-743
-436
215
616
-139
-779
189
1054
431
-187
386
562
-123
-412
301
1121
385
-417
16
323
1
-805
-1045
-657
-364
11
-31
83
-40
-1076
-964
-149
-256
-386
-219
317
1006
767
43
235
529
-277
-333
875
1079
523
793
1147
886
419
63
154
493
337
122
1041
1351
273
133
260
-221
-504
-518
-43
581
525
-129
-282
-249
-827
-1138
-775
-361
-99
273
-124
-968
-729
-287
-380
-807
-1070
-443
188
117
-210
-231
-165
-699
-955
-62
584
185
-6
113
180
271
30
-7
188
138
-9
233
675
355
-65
-258
-196
45
-407
-497
3
331
48
-469
-178
-246
-562
-433
-342
-16
82
238
439
246
274
181
-7
-26
22
368
855
1086
910
497
57
66
193
85
256
535
813
641
211
192
94
-163
-400
-132
403
552
470
214
-164
-527
-381
-334
-522
-374
-332
76
339
-22
-259
-584
-803
-532
-15
107
-140
-180
313
819
181
-496
-375
-266
-259
-106
540
808
147
-238
-117
-175
-231
-444
-557
165
228
-108
198
-108
-732
-1015
-662
-199
-63
271
-216
-552
-87
-420
-921
-714
-130
-8
-173
-23
100
40
-452
-675
-234
189
267
-59
-1
344
318
172
122
306
352
70
14
511
830
504
466
771
727
368
106
186
641
870
583
878
1266
835
240
62
317
406
351
275
543
994
406
-391
-257
213
-116
-809
-566
194
492
-267
-756
-198
-184
-898
-1135
-355
63
-211
-445
-610
-168
-312
-956
-579
-133
-355
-675
-293
58
-317
-554
-625
-427
-59
-169
-430
-332
-147
-308
-292
21
13
4
-16
-248
-180
58
63
-110
-72
300
397
159
-49
-189
-127
65
328
371
234
312
169
-169
-242
29
211
211
253
136
218
55
-306
-118
31
73
154
423
627
349
208
136
236
498
440
624
888
746
437
401
478
85
-74
265
621
613
172
12
-82
-336
-456
-235
131
147
41
-199
-297
-163
-111
-194
-356
111
545
212
38
279
317
-242
-476
-34
144
-175
-602
-418
-69
-353
-689
-666
-624
-817
-936
-909
-686
-314
-322
-362
-168
-28
-118
-369
-666
-699
99
604
419
564
610
295
-203
-573
-574
-60
439
185
429
821
319
-245
-445
-248
9
126
-195
-1
848
498
-95
82
315
-34
-541
-361
64
539
385
196
609
326
-99
-71
-113
-427
-201
519
587
646
513
-26
-224
-117
-1
-46
283
513
363
313
79
-37
44
65
-171
-242
327
580
188
-158
-42
106
-115
-286
-124
172
84
-95
207
527
286
-237
-265
80
230
173
192
540
577
0
-376
-158
216
64
-275
-144
52
-149
-508
-633
-694
-654
-422
-427
-400
-302
-627
-929
-720
-363
-304
-209
-48
-201
-356
-410
-414
-274
-275
-334
-16
263
-86
-407
-300
-483
-593
-134
173
160
253
356
294
173
-9
77
456
527
622
1047
1035
452
238
466
480
482
593
660
726
617
398
377
337
-100
-228
234
449
336
204
1
-259
-223
-75
-177
-161
13
110
59
-43
-77
-160
-184
-137
129
437
187
-316
-419
-153
-99
-157
-14
37
2
-207
-491
-495
-386
-318
-329
-202
-51
-109
-247
-501
-349
15
103
125
-9
1
-97
-213
-28
154
349
235
215
105
-417
-546
-415
-286
-222
4
219
-34
-280
-495
-606
-597
-496
-106
176
224
124
157
134
-147
-221
-51
258
468
552
562
481
378
189
175
223
254
474
560
356
215
300
115
-262
-154
114
50
-89
-11
103
-41
-212
-169
-38
13
-37
-79
40
177
129
24
57
155
126
122
155
152
170
78
49
185
254
193
77
4
-146
-310
-361
-320
-149
-60
-91
-185
-296
-352
-453
-496
-429
-274
-162
-115
-53
-96
-70
-60
-143
-138
-136
-141
-94
120
199
115
167
84
-58
-105
-86
-26
11
92
134
221
246
84
39
42
-54
-176
-128
140
259
167
114
198
97
-233
-165
153
179
79
148
255
139
-72
-237
-148
107
113
85
232
281
-8
-259
-142
-6
44
148
346
468
336
117
-65
-135
-115
-10
221
413
421
220
30
-154
-442
-454
-200
-80
-58
148
264
76
-160
-396
-525
-436
-288
-137
208
477
337
77
-128
-298
-420
-412
-122
280
552
478
211
-44
-311
-537
-672
-473
-111
76
136
-33
-352
-572
-709
-896
-835
-344
23
180
199
-15
-159
-220
-354
-305
125
438
464
543
538
376
190
53
80
295
443
480
665
661
308
-7
-100
-149
-188
-42
144
342
342
87
-104
-254
-339
-281
-79
71
225
501
408
85
-22
36
64
22
113
329
547
425
11
-74
43
-31
-141
-13
158
178
139
-65
-194
-91
-103
-308
-362
-250
-272
-280
-287
-337
-256
-214
-361
-467
-336
-269
-219
-64
14
116
184
91
-64
-1
129
78
132
231
288
284
166
34
-42
-18
-124
-232
-145
-106
-115
-187
-264
-306
-321
-281
-325
-266
-106
-28
-27
-57
13
31
34
81
104
223
279
221
169
230
247
129
125
149
146
140
128
187
205
175
99
89
113
8
-5
42
102
163
132
102
88
69
-52
-91
55
134
198
240
209
174
128
51
-11
83
158
107
92
34
-89
-182
-212
-260
-315
-276
-245
-256
-294
-328
-300
-246
-234
-249
-193
-108
-73
-109
-128
-45
57
88
62
44
20
14
32
24
56
121
150
94
15
-35
-51
-5
15
-8
5
31
-9
-91
-101
-61
-26
-7
8
27
46
73
57
59
106
123
108
121
164
133
121
184
183
145
87
47
23
32
76
60
89
117
57
-25
-108
-111
-93
-96
-90
-70
-22
-35
-78
-87
-55
2
-9
-12
38
66
39
5
28
31
-22
-54
-69
-82
-98
-131
-148
-135
-111
-134
-157
-89
-37
-44
-33
0
37
29
15
30
44
70
54
23
28
37
16
-9
20
55
39
30
45
51
32
28
40
20
12
8
3
17
32
34
28
21
-4
-33
-45
-16
20
36
65
80
71
26
-24
-19
-11
6
17
36
74
54
23
-15
-22
4
7
27
37
71
70
11
7
13
14
6
7
22
27
19
-28
-40
-35
-62
-88
-89
-56
-46
-58
-62
-59
-78
-115
-117
-106
-82
-67
-48
-43
-43
-1
-10
-27
-13
23
32
7
36
44
34
34
21
10
16
32
-2
-9
32
30
6
13
40
24
3
10
12
23
42
54
43
37
37
16
11
14
20
37
49
45
20
18
10
-20
-23
-4
12
2
-7
-2
1
-3
-16
-3
11
7
5
-6
-10
-7
-11
-19
-9
14
10
-3
2
-2
-13
-15
-11
-15
-15
-21
-33
-27
-27
-26
-21
-25
-22
-23
-24
-25
-19
-7
-3
2
-1
3
14
11
6
8
19
15
5
11
13
13
22
17
22
25
7
3
12
5
-4
2
3
-2
6
19
11
-1
2
-2
-8
-9
-8
7
23
18
16
26
17
4
5
0
-6
-11
-16
-18
-13
-16
-21
-13
-20
-28
-17
-15
-25
-25
-25
-28
-22
-17
-14
-8
1
8
6
10
14
6
8
15
14
17
15
13
9
4
6
16
23
21
23
26
19
7
2
9
23
19
11
14
10
0
-8
-10
-1
1
-2
2
7
3
-8
-4
3
9
12
-2
-4
1
-5
-13
-12
-4
-12
-15
-11
-21
-34
-37
-30
-22
-16
-23
-22
-10
-14
-26
-18
-4
1
1
-4
-11
-12
-10
-7
1
9
14
14
22
23
20
18
6
5
9
11
8
-1
2
-2
-9
-12
-16
3
20
18
21
27
24
18
24
29
22
23
22
12
8
-5
-21
-22
-17
-18
-25
-12
-13
-22
-13
-19
-12
-3
8
22
25
31
28
36
43
32
32
38
35
22
8
-1
-10
-7
-11
-22
-11
-17
-32
-34
-37
-34
-37
-35
-26
-29
-31
-31
-33
-22
-23
-22
-15
-6
2
-12
-13
-12
-9
-6
-15
-1
6
3
-2
-15
-8
-2
0
-2
-5
20
27
17
17
23
23
16
21
22
28
31
13
8
18
23
21
19
23
21
13
13
14
17
19
8
7
15
11
3
2
-1
3
1
-12
-16
-10
-15
-23
-16
-5
-4
-7
-9
-9
-5
1
-5
-1
9
2
-6
-2
1
-8
-13
-10
-8
-6
-5
4
8
5
-4
-7
1
1
8
19
16
13
0
-5
-3
-1
0
-2
4
-10
-29
-24
-29
-42
-41
-30
-33
-44
-48
-59
-52
-47
-44
-28
-7
2
-7
-6
-5
-2
0
4
16
23
27
19
18
20
21
29
32
36
39
36
43
48
49
45
49
57
59
60
53
46
41
42
44
39
37
25
13
13
12
10
6
-7
-14
-17
-32
-43
-49
-54
-55
-62
-59
-49
-49
-41
-41
-34
-28
-35
-33
-31
-25
-21
-15
-5
0
0
-8
-8
-2
-4
-4
-5
3
2
-5
-7
-9
-4
-7
-4
-4
-8
-11
-19
-21
-18
-15
-13
-3
7
5
-2
8
18
20
26
31
37
33
34
29
32
37
26
20
14
15
13
-1
-8
-5
6
8
3
7
6
0
-4
1
7
10
11
4
9
16
10
4
7
10
4
1
3
8
5
0
9
11
15
11
4
2
-3
-9
-20
-17
-10
-12
-18
-22
-16
-14
-12
-12
-6
0
-2
-3
2
8
10
7
7
12
9
6
7
2
-2
-7
-13
-14
-19
-22
-17
-24
-20
-27
-27
-25
-37
-33
-36
-36
-30
-28
-26
-21
-13
-12
-11
-10
-12
-7
1
-1
-1
-2
-1
2
7
13
10
11
19
20
17
18
20
20
24
34
37
46
54
56
57
61
72
72
69
65
62
69
67
62
52
46
37
25
19
12
7
-1
-10
-11
-15
-22
-23
-24
-26
-23
-24
-28
-23
-25
-30
-31
-30
-26
-28
-31
-36
-37
-37
-41
-41
-46
-50
-53
-51
-50
-54
-53
-50
-47
-45
-40
-36
-36
-35
-37
-31
-24
-18
-15
-10
-2
1
3
4
4
12
14
12
15
6
1
2
1
1
