-11
-2
-5
4
8
13
24
34
42
51
51
52
58
64
72
69
67
69
70
72
66
56
49
42
30
20
4
-9
-21
-35
-44
-57
-67
-80
-93
-94
-96
-94
-94
-97
-96
-97
-92
-86
-83
-78
-71
-64
-53
-45
-35
-16
1
20
38
54
71
88
108
117
123
141
149
150
151
144
143
138
126
121
116
110
97
81
68
49
26
0
-29
-55
-78
-99
-118
-136
-153
-173
-183
-183
-180
-172
-165
-153
-142
-131
-108
-89
-64
-41
-23
2
13
26
45
57
61
56
57
54
54
54
52
44
26
16
12
12
10
9
6
-2
-6
-4
-6
-12
-17
-9
-9
-4
9
6
15
17
15
17
16
23
24
27
27
26
27
26
27
26
27
30
31
31
33
28
25
23
23
25
25
23
18
14
13
6
2
-5
-7
-8
-5
-7
-3
4
4
10
11
11
16
18
16
20
19
21
22
14
10
-3
-11
-20
-28
-34
-47
-53
-58
-58
-63
-70
-76
-85
-85
-94
-94
-90
-91
-90
-91
-91
-92
-92
-92
-84
-80
-70
-58
-51
-38
-34
-27
-9
9
28
41
58
71
77
87
97
103
111
109
108
105
99
95
88
83
79
86
86
80
84
84
83
81
82
87
87
94
104
110
113
114
114
116
120
115
105
98
83
74
62
45
26
12
0
-19
-39
-63
-80
-95
-111
-123
-137
-143
-151
-157
-161
-170
-169
-167
-168
-168
-163
-162
-154
-141
-133
-123
-113
-98
-80
-68
-57
-47
-30
-15
-5
8
14
18
20
21
28
32
36
39
43
53
53
58
64
68
71
72
68
63
64
61
53
44
36
41
36
37
40
33
37
36
38
38
31
27
28
24
24
26
21
22
24
23
23
21
18
16
12
12
10
11
10
8
10
10
8
6
7
3
9
7
4
7
5
-3
-7
-8
-12
-10
-13
-20
-23
-22
-24
-25
-23
-24
-22
-26
-30
-34
-37
-37
-37
-34
-32
-32
-32
-34
-36
-31
-30
-28
-22
-25
-26
-24
-24
-29
-27
-23
-14
-10
-10
-6
-3
-4
-2
-2
-3
5
1
0
3
4
7
-1
-1
-5
-3
-5
-8
-8
-13
-13
-13
-15
-11
-5
-2
2
11
14
17
23
31
39
44
52
53
54
57
61
65
65
66
66
69
73
72
72
68
60
55
47
40
34
27
22
22
17
10
8
5
1
-3
-12
-12
-19
-23
-29
-40
-38
-38
-45
-47
-52
-60
-66
-70
-71
-72
-71
-72
-72
-77
-79
-74
-74
-72
-67
-63
-57
-52
-47
-45
-45
-44
-44
-39
-34
-30
-29
-28
-22
-20
-17
-14
-14
-13
-14
-7
-1
-2
3
11
20
27
31
35
40
45
46
50
57
56
62
66
66
71
74
79
81
83
87
89
91
92
95
96
97
97
96
97
96
89
83
79
69
61
43
32
20
3
-9
-21
-36
-53
-65
-77
-89
-97
-107
-111
-115
-120
-125
-133
-135
-134
-132
-126
-126
-123
-120
-116
-114
-105
-95
-86
-69
-52
-34
-13
4
23
34
48
68
79
89
93
102
103
106
105
101
103
92
99
97
86
88
76
71
66
61
63
58
52
39
27
23
10
0
-9
-16
-30
-33
-39
-51
-58
-64
-62
-57
-54
-53
-52
-49
-47
-43
-30
-19
-14
-6
-2
5
10
11
6
-1
-9
-18
-23
-24
-26
-31
-35
-33
-37
-45
-46
-48
-49
-47
-46
-45
-36
-31
-25
-19
-14
-6
-4
-6
-1
3
9
23
31
41
53
62
69
76
81
85
89
89
90
92
94
96
95
93
91
88
79
76
73
60
51
35
22
9
-4
-16
-35
-42
-53
-69
-72
-80
-85
-90
-94
-94
-89
-82
-72
-76
-78
-74
-73
-64
-59
-54
-50
-46
-40
-36
-34
-28
-26
-23
-18
-15
-11
-9
-4
1
4
2
2
7
10
17
20
21
27
29
39
47
47
49
52
52
46
53
58
62
55
46
49
40
40
39
35
29
24
20
10
3
-7
-11
-14
-20
-21
-28
-25
-30
-34
-28
-27
-23
-19
-11
-9
-6
4
9
21
23
27
32
36
42
42
47
48
50
53
50
48
41
36
31
18
8
-3
-17
-30
-49
-69
-89
-106
-120
-124
-129
-137
-140
-142
-129
-120
-112
-102
-98
-86
-72
-58
-41
-25
-11
6
26
37
49
59
66
75
79
78
78
76
74
64
55
48
36
28
13
3
-7
-16
-21
-23
-21
-23
-21
-23
-23
-19
-15
-4
10
17
26
33
40
49
53
67
77
94
113
125
138
143
147
160
166
174
179
181
189
183
171
165
152
138
126
109
93
83
66
48
25
-5
-25
-48
-79
-110
-140
-162
-185
-216
-242
-265
-282
-297
-307
-318
-322
-314
-308
-305
-300
-289
-271
-256
-239
-225
-202
-178
-160
-139
-113
-90
-67
-48
-30
-13
1
20
36
45
56
71
82
93
105
111
117
129
147
157
159
165
172
176
181
182
177
175
171
167
166
164
162
154
156
160
159
161
156
153
150
142
141
138
133
130
127
124
110
92
78
63
57
48
41
33
15
2
-10
-26
-35
-43
-49
-51
-51
-51
-66
-77
-93
-107
-108
-109
-103
-99
-104
-113
-126
-136
-140
-136
-128
-118
-118
-126
-136
-140
-135
-121
-103
-86
-69
-60
-60
-63
-54
-32
-10
14
36
48
57
54
53
61
78
103
123
125
115
98
86
85
87
100
100
93
85
64
48
30
3
-14
-24
-37
-50
-72
-100
-124
-149
-160
-165
-161
-157
-153
-154
-160
-163
-157
-148
-135
-115
-98
-77
-64
-56
-45
-29
-9
16
41
63
84
96
109
118
131
147
160
179
190
201
208
209
197
182
175
173
177
172
163
151
134
123
112
107
102
98
103
98
89
77
62
59
63
66
71
67
56
51
44
41
45
52
57
56
46
34
21
3
-11
-20
-29
-47
-68
-92
-121
-154
-185
-210
-232
-257
-274
-293
-308
-319
-339
-343
-347
-347
-337
-341
-335
-329
-325
-315
-319
-316
-314
-307
-294
-281
-270
-261
-243
-227
-197
-167
-136
-97
-63
-29
14
57
97
132
172
214
253
288
322
352
377
405
418
437
460
466
479
472
461
451
430
430
413
400
392
364
348
325
301
273
249
239
222
212
188
165
143
118
107
87
77
73
55
48
38
23
5
-14
-21
-33
-44
-63
-88
-112
-131
-155
-173
-190
-211
-226
-254
-277
-296
-323
-329
-342
-353
-353
-365
-365
-370
-373
-376
-381
-380
-371
-358
-346
-336
-327
-304
-277
-247
-206
-166
-119
-78
-33
5
44
93
128
172
203
237
277
281
303
312
312
323
317
322
322
317
307
280
252
215
173
134
99
77
52
30
-1
-41
-74
-111
-135
-158
-178
-178
-191
-200
-208
-218
-213
-222
-203
-187
-165
-131
-119
-98
-77
-45
-4
37
90
131
176
210
227
255
270
288
310
321
334
325
305
288
269
261
240
211
180
157
152
150
161
179
201
211
201
169
124
96
81
77
87
82
75
40
-20
-104
-224
-338
-430
-494
-551
-599
-637
-694
-759
-859
-973
-1066
-1139
-1164
-1160
-1147
-1066
-953
-837
-715
-610
-499
-382
-265
-123
59
270
501
732
914
1063
1207
1288
1342
1373
1396
1412
1443
1484
1483
1443
1352
1238
1120
989
842
665
474
284
109
-41
-206
-381
-543
-708
-834
-950
-1075
-1180
-1277
-1319
-1308
-1268
-1183
-1088
-983
-891
-828
-773
-719
-614
-456
-264
-66
96
214
301
406
542
700
856
954
987
976
954
961
977
992
977
926
864
755
614
445
271
135
31
-65
-195
-348
-482
-570
-611
-673
-785
-936
-1060
-1074
-999
-907
-869
-900
-952
-953
-886
-770
-641
-516
-416
-351
-305
-259
-135
144
572
1050
1373
1405
1171
844
665
744
1013
1334
1584
1743
1811
1743
1469
958
328
-203
-436
-330
-41
176
139
-166
-652
-1191
-1687
-2079
-2314
-2373
-2277
-2097
-1915
-1755
-1576
-1376
-1198
-1125
-1183
-1258
-1175
-782
-119
609
1195
1510
1624
1642
1644
1675
1707
1784
1931
2134
2373
2535
2539
2393
2166
1909
1668
1436
1186
962
756
579
413
220
0
-259
-539
-850
-1171
-1479
-1753
-1920
-1986
-1957
-1894
-1846
-1807
-1794
-1787
-1810
-1840
-1826
-1725
-1494
-1184
-882
-662
-521
-419
-284
-94
114
311
449
559
662
778
920
1078
1234
1334
1358
1291
1174
1060
971
940
923
893
828
728
605
462
315
135
-57
-244
-398
-505
-586
-677
-824
-993
-1156
-1251
-1267
-1246
-1198
-1120
-988
-821
-644
-492
-368
-212
-25
179
333
407
428
477
594
711
752
655
480
338
307
442
753
1207
1699
2032
2043
1652
997
443
261
482
913
1291
1509
1567
1476
1207
663
-95
-820
-1198
-1069
-582
-73
147
-41
-569
-1265
-1943
-2452
-2703
-2696
-2512
-2290
-2115
-1974
-1785
-1522
-1273
-1188
-1308
-1483
-1462
-1066
-344
458
1072
1376
1426
1356
1281
1266
1325
1470
1707
1975
2221
2396
2469
2468
2394
2216
1918
1552
1211
996
883
771
555
214
-186
-543
-822
-1080
-1384
-1750
-2101
-2374
-2522
-2563
-2548
-2493
-2406
-2263
-2105
-2003
-1998
-2036
-1979
-1718
-1259
-730
-268
36
233
418
653
948
1225
1430
1549
1613
1679
1802
1986
2189
2338
2359
2257
2100
1982
1940
1923
1830
1592
1279
1002
820
670
444
97
-311
-682
-932
-1076
-1203
-1360
-1543
-1686
-1775
-1817
-1829
-1814
-1760
-1685
-1591
-1498
-1392
-1225
-1003
-770
-576
-433
-295
-156
5
161
269
348
408
512
585
614
644
797
1202
1755
2246
2321
1851
1046
387
265
622
1175
1588
1798
1847
1738
1386
656
-291
-1157
-1531
-1312
-770
-231
-20
-153
-612
-1310
-2125
-2883
-3330
-3407
-3109
-2682
-2293
-1980
-1674
-1255
-905
-748
-882
-1100
-1082
-656
182
1109
1879
2314
2545
2686
2695
2553
2221
1950
1896
2121
2480
2707
2729
2531
2315
2126
1865
1482
967
473
66
-204
-431
-718
-1034
-1385
-1654
-1874
-2160
-2541
-2921
-3148
-3214
-3064
-2812
-2553
-2249
-1939
-1650
-1434
-1315
-1245
-1085
-703
-211
322
851
1206
1413
1552
1679
1858
2091
2334
2494
2618
2633
2551
2542
2562
2509
2301
1919
1401
869
469
175
-38
-275
-609
-959
-1330
-1726
-2140
-2494
-2748
-2981
-3081
-2997
-2764
-2458
-2245
-2124
-2049
-1903
-1662
-1422
-1144
-807
-362
101
521
895
1179
1471
1760
2070
2260
2104
1690
1158
836
945
1597
2788
4213
5496
5972
5225
3120
447
-1490
-2211
-1791
-987
126
1321
1930
1843
606
-1536
-4129
-6196
-6603
-5436
-3495
-2099
-1541
-1620
-2149
-3028
-4145
-4828
-4785
-3658
-1884
-9
1532
2398
3095
3596
3688
3354
2888
2646
3323
4355
5600
7542
7340
5007
3794
3872
2591
583
-24
-501
33
1022
302
-878
-1611
-3349
-5245
-4900
-4607
-4670
-3842
-3585
-3321
-2199
-2088
-3463
-3892
-3531
-2783
-1846
-1327
-308
886
1189
257
216
776
418
526
1136
2294
2943
2498
2240
2184
2299
1892
1367
1032
741
1224
1037
775
861
634
231
-974
-1550
-1674
-1470
-1001
-281
899
693
135
-439
-945
-1064
-1203
-879
-505
158
506
872
1291
814
129
-564
-866
-848
-252
111
47
466
338
-151
-999
-1301
-1160
-806
-391
-288
585
612
677
476
-106
-435
-954
-707
-1347
-1362
-1001
660
5053
9205
11679
9349
4532
-120
-3230
-3323
-3242
-1604
185
2402
4793
4008
1106
-5111
-9784
-10770
-8596
-4157
-1949
-173
94
-242
-1540
-4945
-7400
-8704
-6110
-828
4215
7048
5652
3477
2537
1736
660
279
977
1899
4317
7230
7364
6286
4226
485
-1772
-2356
-2872
-2724
-431
1825
2823
3540
1723
-1458
-3935
-5682
-6067
-4264
-1468
786
2801
3255
2382
430
-2432
-4601
-4946
-3390
-1442
1219
3309
3483
2118
-460
-2412
-3411
-3090
-1597
603
3178
4366
4115
2441
136
-1605
-2739
-2431
-1188
205
1198
1627
1902
1449
455
-834
-2075
-2490
-2312
-1382
211
1560
2999
3389
2385
1133
-357
-963
-1256
-372
1250
2267
3233
2326
1436
310
-1353
-2300
-3316
-2920
-2570
-1491
-403
-603
-676
-2272
-3088
-3210
-3076
-1929
-903
1088
1906
1791
1099
-417
-677
-1060
-747
111
-157
-435
-124
3206
8357
11370
10959
6384
1675
-2098
-5047
-5433
-4706
-899
3159
5803
6599
3422
-1056
-7387
-10619
-9476
-6116
-1841
-324
1404
2047
1136
-1418
-5885
-8289
-7562
-3288
2323
6409
7442
5584
3431
1889
-2
-1368
-1825
-1009
2445
5765
7324
7008
4915
2190
-767
-2566
-4024
-4306
-2633
-450
2569
4399
3931
1339
-2133
-4883
-6570
-5861
-3617
-599
2189
3562
3934
2788
595
-2214
-4586
-5079
-4031
-1603
1037
2720
2978
1428
-936
-2849
-3480
-2842
-1362
699
2845
4295
4083
2349
-17
-2081
-2906
-2540
-1787
-1063
-97
881
1740
2025
1431
404
-500
-582
-282
643
1501
1991
2491
2344
1779
459
-745
-1356
-1018
50
683
1080
626
177
-426
-1493
-2052
-2738
-2917
-2644
-2319
-2010
-1963
-1837
-1579
-1320
-1214
-1039
-639
343
1163
1831
2148
1966
1396
-97
-774
-255
2113
5793
9487
11390
9578
5517
474
-3441
-5596
-6231
-4948
-1792
1780
4236
4252
1878
-1624
-6407
-9400
-9636
-7338
-4052
-1758
132
467
-420
-3294
-6290
-6373
-4186
-519
3028
5547
7040
7022
5550
3565
1645
617
165
942
2924
4709
6538
6608
5534
4023
1496
-457
-1946
-2134
-1064
-12
983
1137
502
-799
-2731
-4286
-4987
-4496
-3309
-2252
-802
372
912
681
-1027
-2728
-3815
-3736
-2763
-1758
-689
-547
-535
-696
-1036
-1179
-1632
-1016
563
2876
4852
5012
4029
2018
346
-689
-1106
-951
-1001
-499
-125
168
151
-364
-540
-408
190
672
1235
1733
2091
2554
2144
1614
979
100
-363
-1352
-1782
-1939
-2018
-1545
-1761
-1574
-2313
-3180
-3166
-3304
-2111
-1990
-1902
-1265
-955
155
-192
-358
-793
-1108
-412
184
1826
2505
3260
4041
5357
8338
10858
12226
10526
5769
505
-3340
-5839
-6840
-6252
-2681
2104
4779
5093
2268
-447
-4238
-7432
-7334
-5863
-2766
-2300
-2553
-2521
-3488
-4812
-7305
-7356
-4865
-1135
2606
4923
6206
5769
3883
2110
1259
982
986
1343
2897
5099
5894
4700
2563
1085
694
488
124
147
738
1980
2723
2359
1170
-1289
-3354
-5052
-5870
-4889
-3512
-858
1629
3095
3204
1474
-810
-3445
-4520
-4850
-3998
-2000
-645
739
731
148
-1182
-2859
-3504
-2915
-145
2497
4280
4780
4134
2886
652
-1350
-2674
-2400
-1697
-966
-216
69
618
90
-663
-1168
-1415
-808
-232
544
1724
3108
3883
3765
3041
1537
-133
-1729
-2932
-2713
-1645
-668
473
1519
1439
314
-1725
-3915
-4585
-4523
-3336
-1207
715
2605
2565
1886
460
-2262
-3488
-3464
230
6030
11272
14896
13924
10089
3023
-4136
-8861
-11367
-9901
-6576
-1018
4405
6538
5809
1415
-2945
-6439
-8152
-5889
-2311
2678
5672
5743
3756
-990
-5814
-9594
-9610
-5791
-528
3944
6084
6104
4764
2454
-330
-2243
-3266
-2219
385
3950
7375
8368
7222
4235
956
-1852
-4043
-4616
-3414
-68
3333
5036
4537
1532
-1615
-5050
-7525
-8360
-7569
-4059
-538
3434
5697
5498
3902
-202
-2854
-4508
-4202
-2300
-680
1821
2425
2423
366
-2566
-4625
-6131
-4521
-2056
1766
4865
6251
6170
3594
826
-2254
-3900
-3959
-2806
-386
1561
2811
2652
1757
713
-785
-1927
-2647
-1925
167
2624
5175
6207
5933
3154
-937
-4219
-6386
-5432
-3783
-876
2158
3351
3547
548
-1965
-4115
-5793
-4884
-3743
-74
2779
3427
3058
187
-1654
-3539
-2982
1587
7675
14699
17336
15560
8990
-874
-9252
-15239
-15435
-11368
-5030
2173
5405
5200
1188
-4926
-9057
-11744
-9685
-4603
882
6024
6997
6043
2587
-2489
-6249
-8216
-6076
-1653
2914
6608
7954
7297
4875
1495
-972
-1866
-1264
777
3329
6029
7784
7222
5347
2472
-288
-1998
-2879
-1597
1119
4070
6219
5860
3304
-805
-5716
-9068
-10224
-8805
-5062
-1548
1507
2590
1805
315
-2137
-3383
-3825
-2510
-122
1698
3198
2516
1335
-907
-3263
-4014
-3841
-1094
1926
4731
6477
5764
4080
1164
-1297
-2680
-3344
-2470
-923
736
2032
2085
1701
581
-1474
-3465
-4499
-3411
-1020
1639
3504
4207
3672
1844
-569
-2893
-4372
-4380
-2991
-1287
217
307
-452
-1856
-3853
-4947
-4887
-3329
-1615
-366
717
1360
1712
1087
1100
4410
9759
14333
14349
9807
3905
-1105
-4924
-7550
-7149
-3889
1094
3955
3680
998
-4135
-9649
-14143
-13213
-7444
-1537
1884
1579
717
-527
-3380
-5690
-5747
-1800
3740
7448
9417
8402
5474
1267
-2310
-2488
-1068
1123
2787
5163
8088
8974
7594
3922
1137
-46
-154
905
2113
3828
4567
3921
2544
491
-1220
-3030
-4620
-4516
-3178
-1047
344
-79
-1219
-3166
-5099
-7232
-8693
-8084
-6182
-2237
984
3110
3091
257
-2067
-4673
-4705
-3361
-907
3241
5918
7948
6972
4208
768
-3024
-4809
-4347
-1488
1938
3875
3919
2764
1419
186
-723
-765
-437
568
1473
2015
2658
1750
246
-1326
-2901
-2456
-2177
-937
618
1132
1366
-871
-2878
-5393
-6645
-6729
-6277
-4136
-3333
-2205
-2279
-2105
-549
1654
7776
13995
18361
17198
9655
2692
-3609
-6450
-7008
-5090
759
5259
6950
4079
-1139
-7506
-14053
-16746
-13059
-3924
4284
6943
5075
1199
-3495
-8559
-12383
-10627
-3658
5011
11282
12741
10419
4288
-3043
-7835
-7769
-3147
2260
6664
9953
11164
9655
4473
-1362
-4876
-5229
-2146
2086
7357
11442
12079
9545
4138
-1060
-5230
-7880
-7433
-4555
519
4534
5467
3822
116
-3701
-7317
-9381
-8738
-5503
-962
2848
4972
4276
1042
-4003
-8620
-10092
-8422
-3531
2112
6738
9077
7432
3928
-945
-4907
-6755
-6762
-3656
235
3522
4431
2194
-1177
-4470
-5722
-4515
-1317
2672
5535
7214
6778
4885
2438
-754
-2849
-3858
-3525
-1429
470
1486
1377
555
-702
-2380
-4171
-5545
-5134
-4632
-4101
-2690
357
6944
13203
14976
10412
1156
-6198
-9548
-8814
-4415
1778
8847
12301
9964
4536
-2624
-9535
-14311
-14591
-7362
2110
6523
4312
-2189
-8051
-12188
-14778
-12826
-5177
5183
13888
17568
16210
10753
2045
-5818
-8455
-4510
2544
7788
9642
9104
6892
2835
-2384
-6421
-6777
-3891
526
4601
7335
8039
5813
1609
-2389
-3860
-3077
-1767
-396
1524
4030
5643
4437
1351
-1545
-3679
-4551
-4962
-4492
-3052
-2467
-2706
-3601
-4717
-5570
-6734
-6647
-4290
-298
4157
6747
7410
6424
4136
1577
-802
-2236
-2588
-1932
-647
559
667
-967
-3083
-4477
-4395
-2899
-1218
502
1942
2393
2307
2242
2176
2408
1885
1271
1495
1094
203
-1410
-2332
-1516
-864
-861
-1739
-3139
-4442
-5102
-2931
2494
10305
14265
12723
5416
-3446
-8060
-10577
-8217
-4179
1581
7413
7985
5356
-261
-5958
-9818
-11202
-6775
1138
7472
8060
2669
-4301
-10144
-13599
-13354
-8282
251
8521
12833
11971
7693
1544
-3472
-4182
44
7348
12485
13049
9944
4907
-9
-4085
-6054
-5132
-2797
-280
1890
2986
3554
1908
-1576
-4584
-6234
-4624
-2046
239
1774
2029
2142
559
-1573
-3114
-3489
-1826
-393
1020
2079
1855
683
-1686
-3455
-3896
-3596
-2876
-2254
-841
1555
3738
5409
5370
3705
1783
141
175
1443
2242
2576
1992
1160
-20
-1964
-4262
-6372
-5874
-3901
-958
660
-847
-2424
-3225
-1713
1088
2812
3246
2915
2840
2647
2792
1958
-358
-2477
-5066
-5164
-2518
2971
10740
14563
12037
2651
-6573
-10327
-10083
-6681
-2205
3640
8265
6750
229
-6715
-11799
-14284
-13069
-6625
3607
10394
7648
-1244
-9883
-14315
-14338
-11594
-4632
4581
11589
12525
7490
934
-4733
-7210
-4776
2776
12739
19148
18653
13120
6477
726
-2938
-3905
-1260
3927
8025
9048
6875
2614
-2428
-6554
-8243
-6149
-2058
1060
2143
1040
-714
-2314
-4473
-6009
-6178
-4589
-2085
-542
-217
-762
-1169
-1779
-2579
-3185
-3197
-2906
-2350
-1900
-1041
1037
3073
4707
5162
4308
2933
1254
-361
-1045
-153
1594
3587
4055
2976
1311
-735
-1189
-817
271
1298
1146
147
-701
-1572
-2421
-2631
-3283
-2783
-1200
159
1474
1203
-767
-2335
-3482
-3302
-2338
1041
6736
12611
13653
7339
-2081
-8757
-9517
-7335
-3056
1339
4928
5408
263
-5892
-9456
-10858
-9922
-6344
19
6857
7289
354
-7975
-12864
-12004
-8271
-3326
2892
8074
9781
7280
2378
-1086
-2225
-1563
2351
8136
13741
15794
12026
6347
1698
-768
-863
-126
1705
3331
2755
128
-3331
-5270
-4907
-2889
-155
2292
2858
1042
-2008
-4062
-3330
-805
1512
2576
2059
467
-1644
-3815
-4579
-3716
-1760
100
383
-964
-2946
-5091
-6548
-6736
-5395
-1718
2625
5593
6264
4603
2297
667
-94
696
2900
5017
6033
4152
512
-2859
-4508
-3741
-1770
332
1410
1047
-209
-1033
-460
1202
1701
1022
279
576
1769
1564
-495
-1603
-503
3612
9049
11020
7750
-157
-7196
-8918
-5222
-631
1890
2844
1512
-1747
-7068
-11330
-12701
-11136
-7312
-2623
2640
4349
-208
-8276
-14625
-15181
-9700
-2596
3093
6619
6239
2896
-1388
-4507
-3691
426
5998
11427
14667
15001
12499
8557
5459
4691
6103
7987
8316
6285
3276
10
-2216
-2992
-2487
-407
1253
1501
-130
-2658
-4890
-5795
-4335
-1045
3102
5314
3964
-52
-4633
-6794
-6798
-4776
-2021
262
1682
254
-2962
-6199
-7869
-7580
-5680
-2665
311
2543
2075
-691
-3334
-4117
-2272
1093
4457
6511
7651
6830
4136
1400
-634
-323
1240
2754
3012
1114
-1723
-4984
-6083
-4581
-1272
2291
3192
1810
-1371
-3640
-2435
1085
8117
14822
17005
12703
2116
-6873
-9100
-5499
-700
1759
2593
1731
-1692
-7712
-12717
-13384
-10730
-6475
-2758
561
828
-4314
-11798
-16988
-15453
-8605
-1396
3808
5731
4334
601
-3589
-5154
-2224
3765
10041
14241
14879
12771
8894
5260
4574
7141
11907
15785
15277
10402
3608
-2144
-4625
-4240
-2210
311
1668
-47
-4431
-8702
-10524
-8880
-5313
-2041
672
2064
1270
-977
-3048
-2995
-973
1441
2683
2783
2176
120
-2567
-4601
-4580
-2495
-256
1184
1196
414
-1837
-4921
-6551
-6007
-2593
1012
2789
2651
550
-2068
-4508
-5274
-3472
116
4151
5732
4953
2225
-663
-2218
-2715
-1191
722
2326
2596
1882
2595
4416
7746
10391
10566
7728
2447
-392
302
3998
5939
4010
979
-3371
-7064
-10172
-11508
-8918
-5830
-3660
-3223
-4531
-7043
-11305
-14806
-14341
-10016
-4124
215
865
-437
-2869
-5440
-5681
-3838
359
6016
10534
13142
12591
10164
7535
6374
7834
10631
13052
13410
10852
6672
2798
429
-3
1075
1935
1469
-369
-2678
-3432
-4106
-5501
-7107
-7445
-4855
-2220
-2040
-3881
-5683
-5089
-3825
-2016
-796
-56
780
394
752
1703
2711
2051
-418
-1775
-1111
2286
4964
4309
1875
-1242
-2616
-1798
-630
109
262
-316
-775
-1597
-2727
-3729
-3863
-3107
-1728
-184
-43
-1296
-3160
-3546
-1705
944
2861
2187
2421
3472
5777
10083
11522
9514
3906
180
2299
8022
10991
7178
2028
-1558
-2272
-2337
-2661
-2203
-3860
-6207
-9867
-11413
-10608
-12228
-14007
-14351
-11422
-6756
-4199
-4971
-7484
-9092
-8952
-6067
-1901
2110
4143
4175
4348
4693
6665
8771
10518
12931
14653
15704
15214
13146
10882
9045
7529
5737
3887
2162
926
-26
-1035
-2363
-3765
-5321
-6910
-6978
-5575
-3514
-1998
-2134
-3134
-3903
-4416
-5197
-5684
-5623
-4568
-2957
-1722
-725
-362
21
-67
-51
773
1867
3770
4950
4813
3436
1080
-845
-1985
-2091
-1834
-978
-276
-626
-1543
-3301
-4291
-3614
-1464
482
971
-5
-1335
-1340
-1076
-537
98
2206
4874
7382
10925
10808
7364
1769
-785
4010
9917
11555
6719
1884
-829
-1940
-1981
-2598
-1512
-2919
-5216
-8042
-10003
-9978
-13186
-14503
-13653
-10374
-6207
-6021
-7606
-9358
-9345
-8435
-6234
-3218
236
3060
3819
5050
6049
8617
11315
13090
15514
16570
16803
15173
12330
9973
9096
9665
9600
8399
5288
1839
-1216
-3588
-4724
-5927
-6921
-8373
-9348
-9307
-9025
-8682
-9186
-9523
-9581
-8684
-6714
-4244
-1878
-1407
-1986
-3004
-2730
-527
2311
5440
7191
7414
6571
5130
3922
3258
3199
3724
4769
5641
5549
3750
326
-3468
-5882
-6214
-5277
-4537
-4351
-4667
-5401
-6210
-7162
-6855
-5086
-2393
-44
1660
3354
4776
7496
8300
6247
3322
2163
6563
10861
11465
7894
4197
4052
3320
2122
165
-12
-694
-2675
-4069
-5897
-5606
-9363
-13182
-13511
-11467
-7164
-7536
-9152
-10515
-10029
-8031
-7115
-5210
-3162
-1389
-1399
-498
1781
5121
8394
9071
10824
13004
14788
15180
13897
13678
14522
16189
16696
15702
13298
9723
6120
2954
1331
-553
-2854
-5691
-8238
-9035
-9748
-10126
-10925
-11383
-11725
-11922
-11216
-10384
-8737
-8039
-7346
-6398
-5552
-4867
-4532
-2963
-156
3382
5208
5585
4855
4153
4622
5747
8016
8867
7625
4864
2248
928
342
-239
-1474
-2349
-3695
-4765
-5690
-6967
-7574
-8828
-9249
-8298
-5975
-2151
32
436
1445
3419
3866
2602
1879
5449
11419
13027
10121
7088
7747
8552
7412
4993
4656
5484
3295
519
-3019
-3648
-6101
-11003
-12348
-11100
-6729
-6240
-9427
-11742
-11477
-9166
-7888
-6653
-5201
-3295
-2820
-1955
426
3436
6438
6698
7161
8747
10605
11952
11526
11595
12653
14299
14599
12944
10607
8137
6685
5783
5800
5216
3036
-443
-4412
-6307
-6546
-6537
-7371
-8885
-10278
-10592
-10654
-11297
-11653
-11735
-10840
-9476
-8028
-6559
-5546
-4427
-3503
-2328
-247
1756
3215
3758
4163
5216
6884
8214
7778
6554
5337
4352
4206
4433
3797
1965
-379
-2639
-4194
-4333
-4663
-5271
-5879
-6928
-6756
-4819
-2701
-1867
-495
1819
2715
1329
-492
1294
6854
9987
8425
5717
6245
7635
6321
4405
3449
4900
4613
1715
-855
-1588
-2498
-6740
-10033
-9930
-6144
-4067
-6591
-9847
-11228
-9838
-9435
-9205
-7363
-4799
-2956
-2957
-2326
-250
2452
3645
4190
6932
10493
12622
11618
9811
10001
12053
13982
13605
12521
11356
9640
7686
6247
5270
4037
1718
-1793
-3368
-2858
-2294
-3686
-6562
-8553
-9834
-9662
-9917
-9919
-9175
-9213
-9557
-10184
-9150
-8549
-7627
-6064
-4605
-1555
263
605
311
983
3315
6195
8326
8015
6601
5481
5390
5906
6830
6752
4581
1596
-1579
-3195
-2794
-2317
-2828
-4799
-5883
-5765
-4311
-2048
-2188
-410
943
428
-934
-2273
1786
5803
6634
3852
1940
5224
7222
6540
3193
1728
2081
1065
403
-1017
-300
-2112
-6615
-8928
-9027
-5810
-5525
-7906
-9520
-9331
-7540
-8024
-9199
-9156
-7092
-5206
-3557
-809
2354
5169
4875
4135
5395
8596
11996
13279
13854
14134
14136
13511
12449
12074
12384
11722
9986
8179
5839
3788
1636
-48
-497
-1087
-2447
-5517
-8045
-9793
-10763
-10657
-11147
-10110
-9417
-8722
-8818
-9028
-8216
-8443
-6904
-5581
-3491
-1333
-1099
-1257
-1792
-510
2160
5157
6743
6224
5033
4004
3484
3950
5459
6121
5484
2914
-534
-2522
-2652
-1538
-1669
-3143
-4564
-4729
-3525
-2947
-1317
1153
927
-2132
-4876
-1738
4513
6892
3521
-1352
-207
3385
5334
4572
2473
2530
2186
2202
1625
1300
-24
-4049
-6006
-5219
-1802
-1017
-4460
-8106
-9054
-6785
-5562
-5984
-7299
-7756
-7375
-6550
-3828
-493
2723
3808
3106
3286
5105
8022
9897
10808
12016
13159
13826
13789
12925
12351
11780
10971
10522
9274
7060
4550
2962
2515
1258
-1472
-5321
-7476
-7209
-6570
-6762
-9298
-11236
-12179
-11551
-10707
-10914
-10321
-10734
-9705
-8399
-7024
-4745
-3248
-2199
-2113
-1326
770
4007
5827
5371
4092
4140
5305
5647
6242
6138
6148
5030
2310
-170
-1503
-1467
-1701
-2424
-3141
-3700
-3729
-4557
-4653
-2368
17
-386
-3772
-4260
-316
3908
3639
-629
-1934
1160
4645
6282
5545
4786
3444
1766
926
1062
1927
-181
-3016
-3998
-2061
264
-1745
-5723
-8402
-6668
-3796
-2940
-3847
-5764
-6607
-7178
-5673
-2406
1164
3409
3031
2207
2134
3897
6237
7627
8968
10238
11669
12313
11713
11027
10720
10841
11385
10556
8457
5730
3458
2965
2517
1052
-1813
-4631
-5423
-6042
-6466
-8491
-11311
-12365
-11919
-9874
-9723
-10155
-12062
-12216
-9069
-6643
-3837
-3528
-3651
-3741
-3161
-898
1685
4446
4498
3469
3326
5339
6901
6830
5875
4607
5079
5017
3803
1911
485
-230
-1156
-1569
-1467
-791
-854
-3128
-5009
-3504
-82
237
-3042
-4383
-1343
2794
2694
-788
-1693
1400
3850
3741
2629
2598
3267
2586
1664
944
1304
416
-1792
-2473
-1099
806
-1175
-5596
-8838
-7697
-4302
-3457
-4611
-6367
-6874
-7027
-6045
-3615
-958
1263
1232
931
2027
4388
6615
7340
7537
8118
10052
11390
11489
11824
11891
11234
9657
8719
8739
8250
6489
3371
1274
678
4
-750
-2420
-4449
-6479
-8219
-9327
-9906
-9116
-8441
-8863
-9842
-10681
-10393
-9269
-8302
-7498
-6186
-4261
-2623
-1978
-1546
-1013
180
1576
2176
3004
3956
4706
4886
4773
4680
3834
2896
1958
1555
1907
1775
1325
937
629
-655
-1995
-1889
-562
598
-201
-274
438
600
-546
-1998
768
3572
3263
245
-2033
482
3470
5496
4448
2692
1533
82
806
343
973
519
-1139
-1785
-3115
-2208
-2581
-4276
-6183
-7201
-6270
-6134
-6724
-7818
-7335
-6574
-5604
-4282
-3456
-1769
-913
-20
1205
2849
5095
6660
7784
8906
10350
11237
11307
10667
10533
11266
11961
12233
10624
7998
5742
4918
5525
5321
3123
-561
-2901
-3778
-3840
-4214
-6591
-8728
-10507
-10453
-9638
-9720
-10304
-11988
-11223
-9053
-7083
-5931
-6264
-6175
-5229
-3257
-1579
106
1216
959
674
1372
3562
5486
5591
3543
1605
1774
3389
4474
3873
2448
747
-45
-262
-287
301
583
175
-637
-1291
-1177
419
2340
2723
1520
569
2461
4793
4471
2692
1583
2965
3791
2964
1787
544
-180
-1142
-690
-450
-901
-2568
-4918
-5087
-4891
-3657
-3771
-5593
-6872
-6861
-4967
-4565
-5550
-6794
-6685
-5514
-4448
-2555
-1220
-91
653
1858
4178
5886
6843
7453
8967
10736
11526
11225
10613
10968
11838
12229
11288
10273
9893
8542
6387
4586
4560
5304
3435
-364
-3619
-4314
-4239
-6219
-8809
-10829
-10884
-10296
-9775
-10053
-10748
-10869
-12329
-12069
-10195
-7423
-4463
-4221
-5168
-5596
-4525
-2785
-1422
-782
-433
-151
221
1127
1789
2611
2606
2029
2344
2755
3326
3527
3351
3387
3051
2271
1223
1107
1590
1907
2077
1731
1481
1676
3543
5539
5372
3017
751
2422
5131
5642
3779
1546
1791
2896
3473
2416
423
-1505
-2227
-1384
-1103
-1466
-3557
-5619
-6198
-5930
-4992
-5457
-6430
-6800
-6459
-6055
-6673
-7585
-7345
-5474
-3142
-840
206
156
908
2831
5521
7595
8043
7759
7835
8658
10115
11029
10930
9903
8783
8608
8925
9439
9375
7969
5814
4273
4241
4633
3630
911
-2066
-3426
-3888
-4705
-6366
-8357
-9358
-9987
-10682
-12165
-13172
-12717
-11500
-9900
-9225
-8865
-8733
-8228
-6918
-5347
-4129
-3881
-3957
-3837
-2286
13
1658
1302
-466
-1135
86
2774
4664
5035
4518
3945
3839
3918
4286
4606
4657
4421
4211
4289
4398
4128
3567
3574
4463
5207
4790
3674
3458
4312
4854
4498
3948
3577
2822
1828
848
496
542
673
93
-1427
-2360
-2725
-2611
-3400
-4518
-5087
-5294
-5088
-5659
-6032
-6246
-6395
-6648
-6849
-6395
-5819
-4956
-4250
-3270
-2084
-542
1003
1591
1961
2757
4597
6741
7978
7698
6653
6327
7200
8258
8085
7267
6705
6591
6703
6398
5703
5086
4399
3886
3314
2591
2023
753
-930
-2736
-4019
-4610
-5281
-6112
-7081
-7670
-8178
-8368
-8386
-8202
-7605
-7351
-7116
-7464
-7878
-7153
-5641
-4251
-4155
-4786
-4894
-4426
-3882
-3355
-2889
-2435
-1792
-1062
-161
661
1447
2461
3298
3734
4129
4766
5449
6166
6839
7507
7543
6684
6075
6174
6983
7608
7621
7127
6347
5825
5187
4515
3952
3729
3376
2091
564
-455
-995
-1473
-2006
-2516
-3167
-3878
-3848
-3034
-2314
-2495
-3379
-4057
-4284
-3983
-3557
-3438
-3786
-4213
-3944
-3395
-3391
-4031
-4667
-4701
-4284
-3485
-2346
-1325
-893
-1045
-1062
-330
952
2110
2557
2506
2545
2853
3236
3355
3263
3193
3428
3940
4358
4501
4152
3570
2903
2439
2719
3400
3908
3612
2668
1823
1404
1425
1516
1326
649
-238
-1054
-1641
-2085
-2614
-2912
-3131
-3615
-4325
-4815
-4590
-4223
-4563
-5530
-6378
-6339
-5467
-4537
-4269
-4922
-5698
-5686
-4686
-3233
-2119
-1581
-1498
-1480
-940
436
2047
3318
4110
4725
5351
5463
5360
5466
5949
6488
6582
6244
5544
4750
4086
4010
3897
3181
2208
1552
2010
2552
2209
940
-736
-1598
-1189
-131
451
-31
-1244
-2195
-2448
-1846
-631
160
-324
-1690
-2439
-1983
-1010
-773
-1258
-1711
-2074
-2326
-2554
-2671
-2964
-3732
-4507
-4490
-3747
-3080
-2788
-2742
-2518
-2127
-1756
-1202
-509
13
260
442
812
1377
1850
1924
1723
1758
2328
3299
3835
3691
3443
3554
4174
4792
5291
5323
4597
3641
3052
3268
3536
3085
1818
47
-1384
-1932
-1649
-1411
-2086
-3286
-4112
-4292
-4242
-4502
-4880
-5060
-5025
-4851
-4763
-4789
-4888
-4785
-4554
-4430
-4276
-3874
-2997
-2079
-1483
-947
-120
897
1696
2297
3017
3914
4394
4090
3492
3311
3803
4448
4545
3984
3276
3008
3202
3423
3221
2746
2540
2945
3938
4698
4514
3499
2452
2127
2384
2792
2751
2166
1362
880
1049
1242
1034
510
20
-499
-1195
-1784
-2101
-2433
-3439
-4747
-5462
-5542
-5670
-6425
-7623
-8631
-9124
-9137
-8719
-8104
-7337
-6503
-5882
-5492
-4886
-3582
-1952
-850
-467
-27
847
1849
2726
3606
4549
4914
4746
4878
5714
6769
7280
7362
7398
7350
7115
6952
7080
7255
7027
6100
4884
3919
3421
3141
2602
1816
919
-121
-1286
-2198
-2657
-2976
-3615
-4468
-4896
-5025
-5363
-6055
-6755
-6807
-6344
-5978
-6031
-6361
-6452
-5986
-5187
-4349
-3597
-3117
-2725
-2087
-994
420
1351
1496
1398
1718
2812
4187
4967
4923
4515
4490
5190
5986
6345
6254
5855
5469
5131
4973
5196
5467
5436
4842
3872
3283
3247
3164
2558
1616
777
20
-798
-1236
-1225
-1543
-2622
-3995
-4766
-4673
-4344
-4494
-5450
-6865
-7790
-7963
-7894
-7994
-8202
-8263
-8378
-8535
-8226
-7433
-6961
-7106
-6975
-5633
-3460
-1782
-1092
-893
-335
987
2676
4091
4852
5116
5191
5350
5921
6962
7877
7956
7363
7042
7579
8416
8746
8479
8076
7828
7525
6962
6273
5673
5218
4616
3536
2296
1455
1099
661
-215
-1229
-2104
-3031
-4104
-4731
-4564
-4149
-4570
-5865
-6988
-7308
-7010
-6762
-6672
-6689
-6815
-7043
-6973
-6139
-4908
-4044
-3920
-3768
-2957
-1628
-336
589
1408
2196
2992
3698
4374
4961
5345
5635
5951
6495
6958
7096
6787
6290
6018
5825
5471
4635
3696
3114
2799
2226
975
-417
-1424
-1888
-2236
-2761
-3505
-4450
-5264
-5685
-5473
-5103
-5105
-5673
-6469
-6614
-5962
-4992
-4557
-4800
-4929
-4514
-3572
-2597
-2065
-2179
-2610
-2497
-1562
-292
431
506
332
198
489
1171
1984
2231
1853
1679
2309
3348
3657
3103
2345
2351
3191
4051
4567
4493
4148
3763
3453
3549
3961
4298
4268
3968
3555
3242
2969
2723
2598
2494
2506
2375
1979
1482
1146
1197
1307
1112
445
-476
-1355
-1880
-2061
-2182
-2368
-2867
-3478
-3963
-4166
-3985
-3728
-3629
-3737
-3806
-3653
-3185
-2669
-2377
-2259
-2369
-2328
-2092
-1693
-1109
-785
-794
-977
-934
-370
457
927
895
729
767
1210
1545
1495
1270
1152
1418
1714
1638
1245
794
522
497
508
449
334
-5
-424
-834
-1214
-1408
-1679
-2021
-2185
-2133
-2005
-2130
-2542
-2716
-2383
-1975
-1660
-1399
-885
-106
315
526
825
1275
1835
2187
2277
2355
2465
2601
2749
2848
3182
3428
2991
2071
1376
1531
2119
2224
1729
1101
590
258
-25
-390
-782
-1320
-1869
-2156
-2148
-1882
-1756
-2041
-2367
-2204
-1505
-782
-570
-806
-881
-470
323
982
1118
1146
1365
1644
1796
1939
2324
2699
2712
2463
2438
2796
3217
3410
3327
3309
3389
3245
2696
1895
1460
1426
1278
660
-244
-989
-1526
-1960
-2371
-2686
-3085
-3684
-4295
-4710
-4660
-4479
-4569
-5001
-5508
-5590
-5298
-4980
-4852
-4832
-4656
-4261
-3811
-3464
-3116
-2587
-1818
-925
-209
203
397
619
1172
1939
2711
3259
3498
3518
3349
3371
3793
4409
4701
4384
3922
3728
3720
3473
2925
2437
2168
1923
1404
795
307
-118
-524
-913
-997
-823
-711
-775
-970
-1063
-932
-557
-44
376
509
432
385
411
531
684
829
901
781
587
465
431
360
98
-229
-344
-236
-166
-358
-701
-947
-1028
-1091
-1217
-1279
-1230
-1159
-1224
-1351
-1345
-1268
-1233
-1301
-1242
-890
-463
-159
-164
-336
-468
-498
-315
-16
295
484
422
193
37
212
659
1068
1203
1100
971
997
1258
1628
1899
1949
1847
1701
1463
1156
933
929
1000
816
361
-35
-104
15
-72
-406
-653
-666
-670
-919
-1294
-1509
-1625
-1826
-2046
-2135
-2120
-2230
-2558
-2857
-2944
-2896
-2860
-2882
-2793
-2501
-2128
-1815
-1577
-1280
-860
-491
-298
-164
107
580
1094
1458
1684
1853
2050
2292
2544
2855
3212
3470
3493
3287
3068
3061
3176
3172
2930
2570
2300
2095
1809
1408
1024
781
585
283
-53
-260
-338
-416
-520
-522
-381
-277
-387
-624
-760
-627
-288
34
122
-153
-676
-1161
-1403
-1398
-1331
-1368
-1562
-1896
-2272
-2566
-2687
-2690
-2771
-3024
-3246
-3220
-2983
-2769
-2741
-2819
-2878
-2840
-2675
-2387
-2009
-1628
-1314
-996
-572
-90
337
678
1028
1544
2170
2693
3037
3320
3706
4166
4463
4515
4493
4536
4650
4702
4666
4615
4458
4113
3631
3225
3062
2942
2595
2020
1444
1080
801
371
-196
-711
-1106
-1521
-2026
-2458
-2655
-2772
-3089
-3632
-4095
-4196
-4049
-3969
-4062
-4127
-4017
-3841
-3725
-3574
-3224
-2781
-2495
-2417
-2280
-1895
-1386
-975
-676
-338
31
263
338
515
1011
1654
2052
2045
1843
1792
2015
2371
2692
2832
2718
2394
2090
2104
2402
2598
2307
1652
1191
1268
1610
1592
946
38
-521
-487
-141
21
-297
-990
-1679
-1940
-1625
-1087
-911
-1350
-2011
-2237
-1807
-1180
-977
-1296
-1658
-1583
-1134
-734
-675
-810
-773
-367
215
573
525
292
309
755
1385
1719
1506
989
720
1010
1586
1827
1387
588
73
184
669
1001
858
305
-285
-536
-323
75
246
49
-271
-346
-142
70
56
-111
-157
48
353
518
451
260
130
186
396
603
633
486
303
211
230
275
307
325
292
224
161
180
272
337
346
364
440
471
362
174
103
198
262
93
-266
-560
-696
-796
-972
-1209
-1392
-1520
-1708
-1981
-2230
-2350
-2373
-2394
-2430
-2439
-2392
-2336
-2328
-2303
-2142
-1824
-1499
-1306
-1168
-872
-370
118
375
470
662
1099
1660
2056
2212
2256
2359
2565
2810
3052
3201
3140
2875
2615
2601
2791
2850
2500
1859
1309
1050
960
778
356
-239
-822
-1208
-1361
-1455
-1709
-2131
-2491
-2596
-2522
-2462
-2467
-2440
-2363
-2304
-2224
-2010
-1636
-1252
-1004
-831
-560
-192
170
519
935
1427
1812
2015
2176
2488
2931
3271
3394
3422
3485
3564
3595
3545
3396
3123
2733
2377
2177
2045
1746
1114
295
-386
-786
-1048
-1409
-1910
-2462
-3006
-3542
-4013
-4279
-4350
-4408
-4607
-4829
-4852
-4668
-4502
-4481
-4414
-4097
-3562
-3056
-2700
-2402
-2061
-1679
-1279
-784
-175
449
936
1273
1590
1988
2442
2868
3242
3584
3914
4196
4378
4409
4363
4358
4402
4389
4232
3984
3741
3467
3022
2411
1873
1577
1387
1038
451
-195
-759
-1239
-1640
-1898
-2012
-2180
-2558
-3028
-3276
-3222
-3089
-3090
-3176
-3126
-2897
-2642
-2486
-2365
-2137
-1806
-1480
-1180
-816
-400
-69
91
204
496
930
1304
1496
1581
1711
1848
1885
1848
1856
1985
2120
2115
1929
1670
1474
1364
1310
1247
1147
968
722
475
282
128
-40
-236
-437
-622
-780
-907
-1031
-1196
-1416
-1643
-1779
-1752
-1614
-1508
-1533
-1660
-1741
-1652
-1372
-1014
-767
-698
-718
-646
-377
-21
224
260
197
205
358
559
630
531
363
309
419
547
541
340
70
-75
19
262
419
317
-9
-317
-380
-187
60
166
80
-112
-288
-348
-263
-99
35
72
56
90
212
342
411
450
527
689
895
1062
1153
1144
1055
963
967
1104
1259
1299
1239
1159
1136
1150
1143
1122
1109
1119
1131
1119
1057
922
701
479
338
286
253
118
-137
-409
-604
-730
-839
-951
-1029
-1062
-1099
-1186
-1327
-1458
-1532
-1532
-1502
-1507
-1571
-1694
-1822
-1930
-2004
-2042
-2037
-1983
-1916
-1880
-1912
-1955
-1896
-1677
-1363
-1102
-973
-927
-840
-635
-358
-112
76
235
403
593
792
967
1093
1198
1355
1592
1813
1897
1825
1724
1723
1824
1899
1841
1653
1406
1202
1087
1036
977
834
605
385
269
250
237
158
23
-114
-198
-212
-175
-127
-130
-204
-302
-349
-321
-245
-146
-48
21
34
18
39
151
322
474
560
603
663
747
852
957
1036
1063
1047
1027
1034
1048
1022
935
819
690
535
372
209
53
-105
-294
-499
-719
-946
-1174
-1380
-1531
-1641
-1740
-1858
-1972
-2036
-2036
-2001
-1987
-1972
-1905
-1753
-1542
-1325
-1143
-1037
-972
-866
-645
-341
-71
80
121
149
225
346
470
553
594
597
585
595
621
627
600
570
567
602
635
617
564
528
536
575
590
567
520
475
457
455
431
350
226
127
93
85
21
-124
-291
-398
-432
-419
-415
-459
-524
-572
-544
-457
-344
-241
-184
-135
-72
29
169
315
435
500
531
572
666
798
916
977
957
899
896
972
1099
1172
1112
969
843
819
889
944
896
723
496
326
270
282
265
125
-111
-328
-453
-482
-519
-643
-833
-1011
-1118
-1164
-1192
-1243
-1334
-1429
-1487
-1470
-1391
-1317
-1272
-1251
-1210
-1099
-954
-799
-661
-556
-449
-332
-199
-48
103
251
375
465
529
591
678
778
868
911
916
904
906
945
971
943
867
753
663
630
628
615
521
347
158
30
-21
-29
-65
-173
-324
-465
-535
-569
-622
-706
-829
-936
-975
-936
-872
-863
-920
-1000
-1031
-981
-881
-778
-680
-554
-389
-197
-48
52
120
189
320
517
766
1004
1153
1193
1175
1171
1237
1306
1329
1317
1280
1272
1295
1280
1216
1083
880
663
461
363
337
294
193
-9
-250
-460
-653
-784
-901
-987
-1021
-1073
-1109
-1142
-1158
-1152
-1182
-1209
-1220
-1191
-1070
-931
-780
-639
-558
-504
-502
-486
-403
-282
-112
26
152
287
395
488
531
553
599
655
740
856
991
1101
1138
1108
1029
951
914
922
966
1006
999
917
756
557
363
215
114
36
-31
-115
-230
-388
-576
-750
-868
-918
-906
-886
-887
-891
-905
-883
-848
-820
-791
-763
-675
-541
-382
-261
-239
-270
-304
-250
-111
42
137
116
53
12
51
144
214
237
183
144
156
212
265
237
183
106
91
145
215
281
258
187
94
28
26
57
116
147
146
125
100
95
97
119
153
203
265
313
339
312
264
224
208
229
228
198
139
64
-12
-105
-191
-291
-367
-394
-393
-369
-382
-428
-477
-487
-420
-328
-223
-156
-121
-69
8
140
259
341
390
412
469
535
614
678
708
723
704
682
643
599
551
482
425
363
284
177
45
-78
-173
-244
-334
-455
-611
-746
-804
-789
-753
-777
-868
-967
-990
-896
-735
-611
-559
-553
-525
-411
-258
-127
-53
-30
-3
52
134
203
233
228
217
233
262
274
261
257
310
410
509
547
513
487
527
609
668
683
667
654
646
619
562
497
431
361
310
261
169
29
-158
-362
-529
-581
-456
-281
-360
-831
-1421
-1648
-1366
-973
-857
-1044
-1245
-1234
-1118
-1099
-1224
-1316
-1163
-673
-51
336
228
-174
-399
-211
220
595
875
1157
1454
1608
1484
1128
810
744
962
1352
1710
1831
1652
1275
876
543
294
187
264
473
635
584
319
-48
-393
-646
-754
-666
-420
-156
-17
-51
-187
-349
-491
-556
-465
-197
164
463
585
535
394
274
228
256
315
410
568
745
795
576
160
-229
-432
-458
-441
-448
-468
-522
-701
-1028
-1411
-1669
-1724
-1651
-1525
-1413
-1353
-1381
-1500
-1644
-1740
-1743
-1599
-1298
-915
-616
-543
-636
-730
-702
-563
-362
-95
234
531
669
646
566
543
603
728
921
1150
1359
1473
1475
1412
1322
1267
1297
1425
1573
1632
1573
1435
1272
1107
961
861
823
822
778
672
524
377
258
176
156
188
240
239
171
79
-13
-66
-60
-5
42
5
-96
-173
-208
-274
-404
-527
-530
-426
-331
-343
-478
-658
-797
-833
-763
-660
-605
-614
-621
-574
-533
-569
-691
-802
-791
-640
-413
-238
-215
-339
-502
-577
-545
-499
-506
-536
-499
-391
-325
-395
-572
-732
-769
-665
-489
-312
-177
-118
-114
-113
-94
-44
33
170
400
649
827
859
777
686
645
663
717
779
823
816
749
641
518
375
227
122
95
118
122
49
-80
-197
-255
-250
-207
-137
-93
-83
-73
-54
-4
64
161
284
423
537
569
531
476
469
538
636
698
702
659
592
499
371
244
165
165
229
270
232
91
-99
-232
-263
-201
-92
-6
26
0
-60
-133
-198
-220
-187
-118
-53
-29
-72
-187
-341
-489
-573
-551
-467
-418
-466
-623
-806
-932
-987
-982
-959
-944
-920
-896
-894
-924
-989
-1038
-1012
-897
-737
-615
-556
-526
-476
-384
-273
-193
-125
-29
126
307
442
522
552
584
657
752
836
889
920
943
957
957
949
956
987
1019
1007
964
905
876
888
913
912
863
793
730
686
656
603
506
381
244
136
66
-11
-111
-240
-382
-512
-599
-636
-654
-677
-725
-794
-854
-871
-812
-705
-588
-517
-537
-594
-608
-520
-347
-174
-73
-81
-119
-121
-60
38
105
135
158
221
312
377
377
325
270
251
292
365
426
448
413
326
218
114
49
52
106
156
127
-10
-206
-374
-440
-407
-345
-328
-382
-480
-572
-642
-692
-731
-752
-723
-638
-542
-513
-583
-711
-815
-808
-675
-486
-319
-247
-271
-319
-352
-329
-243
-97
103
309
455
486
415
319
296
389
577
782
911
933
878
783
700
669
695
781
900
1011
1067
1028
912
781
716
752
851
945
960
887
762
626
510
407
312
242
193
144
50
-130
-376
-630
-820
-889
-885
-885
-946
-1093
-1261
-1382
-1428
-1400
-1341
-1242
-1118
-991
-893
-862
-869
-842
-708
-460
-158
92
223
255
241
246
305
407
551
711
860
937
885
751
589
497
522
613
701
695
587
417
248
122
34
-17
-48
-45
-30
-33
-74
-183
-299
-382
-377
-273
-148
-46
-16
-29
-52
-65
-57
-55
-23
35
141
248
283
244
130
48
40
85
141
131
78
0
-83
-170
-277
-382
-476
-514
-519
-528
-577
-667
-747
-807
-824
-816
-792
-744
-697
-642
-619
-621
-619
-584
-490
-356
-224
-127
-72
-34
36
144
275
408
532
641
728
799
848
879
915
960
1022
1078
1090
1063
1006
945
906
883
847
787
710
652
623
597
550
450
337
257
233
258
261
209
112
20
-19
-20
-18
-62
-142
-203
-230
-233
-259
-334
-422
-466
-444
-378
-352
-414
-525
-605
-586
-497
-403
-374
-397
-428
-444
-429
-424
-442
-455
-431
-364
-308
-322
-421
-557
-631
-608
-512
-431
-437
-513
-604
-643
-614
-555
-494
-448
-410
-363
-331
-317
-315
-289
-195
-47
117
229
268
267
279
351
471
614
743
836
899
923
920
897
883
909
960
1026
1052
1000
881
737
616
538
504
475
437
376
271
125
-38
-191
-316
-395
-441
-485
-551
-642
-752
-860
-935
-971
-970
-930
-880
-832
-803
-789
-767
-720
-643
-534
-419
-321
-233
-166
-112
-48
14
74
126
172
217
255
287
327
365
403
443
478
514
551
599
666
733
809
868
911
947
966
981
991
1004
1010
1007
986
938
864
777
694
609
515
425
326
215
105
-7
-113
-214
-311
-399
-481
-567
-652
-739
-822
-886
-944
-991
-1025
-1063
-1095
-1121
-1128
-1128
-1123
-1106
-1079
-1034
-985
-930
-874
-830
-782
-731
-662
-575
-480
-384
-302
-241
-195
-151
-110
-60
6
72
130
181
217
243
273
299
340
386
427
473
498
524
544
550
568
576
586
600
611
614
594
564
534
502
471
449
418
384
344
296
252
208
173
152
131
113
86
51
33
21
25
29
19
10
5
15
32
54
69
81
92
95
103
110
121
130
133
128
122
120
119
119
110
98
81
65
51
30
-2
-42
-86
-118
-140
-159
-183
-215
-252
-293
-323
-332
-323
-303
-282
-274
-276
-283
-284
-265
-232
-186
-139
-116
-102
-89
-73
-37
-5
19
34
34
42
53
66
69
53
21
-9
-26
-32
-35
-49
-80
-125
-175
-216
-232
-227
-215
-213
-232
-260
-283
-289
-271
-247
-221
-201
-202
-201
-196
-183
-154
-123
-96
-90
-89
-85
-70
-39
-11
12
27
26
32
52
85
125
161
185
204
218
246
290
337
381
404
417
426
444
479
517
549
558
548
526
491
473
473
468
448
394
320
260
213
174
138
95
45
-16
-79
-123
-153
-182
-211
-233
-256
-277
-283
-283
-284
-294
-294
-288
-284
-273
-251
-220
-191
-175
-172
-168
-158
-137
-118
-99
-82
-79
-69
-50
-39
-34
-47
-64
-65
-51
-23
6
17
-1
-28
-53
-56
-33
2
29
26
-2
-41
-66
-65
-43
-19
-8
-17
-36
-48
-60
-62
-67
-66
-53
-51
-54
-60
-84
-104
-113
-108
-92
-67
-34
-11
-8
-11
-14
-12
16
63
106
139
154
148
139
143
159
185
205
207
196
176
149
133
123
118
122
117
105
82
51
26
6
-2
-3
3
3
-16
-37
-61
-69
-63
-59
-46
-32
-24
-19
-23
-28
-23
-16
-3
17
35
50
51
46
34
29
32
39
48
48
40
18
-1
-15
-27
-33
-42
-48
-54
-68
-87
-107
-120
-130
-136
-142
-148
-154
-160
-157
-155
-151
-149
-151
-139
-124
-96
-64
-38
-18
-5
-3
7
26
53
84
103
121
130
128
131
136
148
156
161
161
146
128
100
77
57
48
45
35
27
9
-11
-29
-39
-32
-23
-8
2
-1
-6
-17
-24
-17
-4
12
22
11
-10
-37
-55
-57
-60
-64
-69
-80
-88
-94
-92
-92
-83
-63
-42
-21
-4
6
13
24
27
43
69
94
120
131
131
120
106
98
95
97
103
102
95
79
50
30
10
-3
-2
-2
6
3
-10
-24
-41
-47
-53
-59
-56
-52
-50
-53
-63
-77
-94
-102
-103
-97
-90
-93
-100
-113
-127
-141
-146
-145
-140
-129
-120
-113
-112
-115
-112
-104
-90
-68
-45
-28
-15
-7
1
20
43
67
87
102
123
143
155
169
185
200
209
225
239
241
239
236
230
218
215
203
183
163
141
127
102
73
47
20
-7
-29
-50
-72
-91
-113
-124
-128
-133
-131
-134
-134
-132
-126
-115
-102
-88
-74
-61
-54
-46
-37
-31
-34
-38
-42
-46
-52
-57
-58
-69
-75
-76
-84
-93
-102
-109
-117
-129
-132
-133
-141
-149
-160
-172
-167
-163
-152
-138
-133
-117
-97
-80
-58
-33
-6
22
49
75
110
137
154
176
190
204
215
222
224
220
215
211
206
206
211
212
219
227
236
245
253
269
281
292
296
292
289
284
268
241
208
176
144
102
56
10
-43
-97
-137
-180
-225
-263
-306
-335
-356
-380
-396
-404
-398
-380
-371
-357
-332
-307
-270
-237
-204
-167
-138
-107
-88
-67
-46
-34
-26
-22
-16
-17
-22
-30
-37
-44
-60
-69
-63
-57
-43
-32
-22
-12
-9
-4
6
22
39
46
47
52
53
54
62
68
82
96
108
130
146
152
159
163
170
172
174
182
183
185
182
165
158
156
154
150
145
140
130
122
109
95
81
68
56
44
37
28
15
-4
-21
-32
-43
-54
-63
-67
-70
-68
-65
-66
-65
-62
-58
-52
-54
-48
-40
-46
-44
-44
-54
-63
-74
-79
-82
-87
-92
-100
-104
-107
-112
-122
-124
-124
-126
-120
-117
-110
-103
-96
-87
-76
-64
-52
-43
-35
-24
-20
-12
-7
-2
0
-4
-5
-6
-12
-15
-12
-10
-3
-7
-12
-11
-13
-12
-17
-19
-16
-13
1
6
5
13
11
11
21
27
34
41
44
49
50
58
69
73
76
80
88
98
102
110
112
110
117
118
123
131
129
136
135
131
133
133
137
136
132
137
132
128
126
108
101
88
71
66
52
37
23
4
-2
-17
-35
-44
-66
-82
-95
-114
-133
-151
-165
-175
-190
-205
-212
-216
-219
-220
-217
-215
-216
-210
-209
-202
-183
-175
-155
-142
-132
-104
-91
-64
-41
-30
-4
10
26
43
47
61
70
74
92
100
103
119
115
114
107
97
100
88
84
82
66
59
48
37
34
26
19
16
10
13
13
4
3
-1
-7
-6
-9
-9
-11
-14
-12
-15
-16
-20
-17
-11
-13
-10
-11
-11
-5
-1
4
10
14
24
28
25
27
29
34
34
32
29
30
31
32
38
42
43
46
45
46
54
51
44
37
25
25
24
17
21
13
3
-4
-18
-20
-20
-23
-25
-31
-27
-18
-18
-19
-16
-13
-9
-10
-9
-5
-3
3
10
13
12
5
0
2
4
2
0
-4
-8
-13
-18
-17
-15
-14
-16
-18
-18
-24
-30
-30
-31
-34
-39
-36
-27
-28
-29
-29
-33
-30
-29
-26
-22
-29
-25
-28
-25
-21
-23
-18
-24
-26
-23
-17
-15
-13
-6
6
7
8
11
11
12
11
10
8
12
15
13
14
13
12
13
10
9
12
18
27
32
37
44
42
35
28
26
24
25
28
31
26
27
33
30
34
38
41
43
43
41
38
36
36
38
34
25
19
11
9
10
6
1
-2
-8
-12
-14
-23
-24
-19
-23
-22
-24
-21
-21
-24
-22
-27
-32
-41
-44
-45
-46
-47
-46
-48
-51
-50
-51
-51
-53
-62
-64
-65
-70
-63
-58
-59
-56
-63
-66
-69
-71
-71
-69
-63
-60
-52
-50
-45
-43
-46
-43
-42
-37
-28
-25
-14
-6
5
19
32
47
59
72
86
105
121
138
146
155
168
174
180
180
180
179
175
174
172
171
160
148
138
131
120
106
86
67
57
40
18
-5
-32
-54
-76
-97
-114
-136
-153
-164
-174
-178
-177
-177
-177
-178
-171
-157
-150
-141
-130
-116
-98
-87
-80
-70
-64
-57
-52
-48
-39
-34
-25
-21
-16
-11
-7
0
3
7
10
13
18
22
24
31
35
40
47
53
58
59
64
71
75
83
94
105
113
119
121
124
131
134
142
144
140
138
128
126
115
105
101
87
71
52
29
12
-8
-28
-54
-69
-87
-102
-110
-121
-123
-129
-131
-125
-114
-105
-99
-93
-83
-69
-68
-65
-60
-55
-50
-49
-49
-51
-42
-36
-36
-39
-44
-33
-27
-17
-10
-9
-4
-3
9
23
30
39
43
42
42
36
41
43
38
38
30
31
25
24
32
29
36
38
41
46
47
51
53
56
58
52
52
50
44
38
21
13
6
-1
-4
-16
-22
-33
-45
-44
-53
-60
-69
-71
-63
-62
-58
-58
-59
-44
-35
-21
-10
-5
4
9
19
22
30
35
35
38
34
31
34
32
32
32
27
21
15
8
-1
-10
-15
-16
-16
-23
-30
-36
-36
-34
-32
-28
-29
-24
-19
-16
-9
-3
-2
0
2
6
17
24
24
23
12
13
16
15
20
14
8
8
10
10
16
19
18
22
19
16
13
10
14
19
