-45
-47
-39
-54
-37
-50
-40
-42
-44
-23
-41
-14
-21
-12
3
-6
25
15
35
39
37
51
34
61
40
45
51
41
66
40
56
45
41
49
28
49
28
38
31
15
29
4
14
0
1
6
-11
5
-12
3
-5
-18
-9
-31
-18
-34
-32
-31
-45
-30
-50
-34
-41
-41
-30
-45
-26
-47
-35
-35
-42
-24
-35
-20
-30
-27
-28
-33
-18
-23
-3
-8
2
5
-10
4
-10
5
4
-1
13
4
18
12
13
17
9
21
14
19
19
17
26
22
38
34
41
48
40
54
44
49
50
44
49
31
30
20
13
10
1
4
-6
-7
-19
-20
-14
-24
-23
-29
-26
-24
-27
-24
-22
-14
-22
-14
-14
-18
-7
-10
-3
0
1
5
2
8
4
4
-1
-1
7
0
7
1
-8
-6
-19
-10
-16
-24
-17
-23
-11
-18
-15
-12
-24
-17
-25
-17
-15
-16
-5
-13
-3
-7
-4
0
-9
6
-1
6
14
4
14
3
10
17
9
16
7
10
8
4
11
3
6
7
9
15
9
6
10
16
20
25
26
27
25
22
19
15
12
3
0
-2
-7
-6
-12
-12
-10
-12
-7
-14
-7
-6
-7
1
-6
7
4
8
16
4
11
4
9
5
-2
6
-4
6
-1
-2
1
-9
-5
-15
-16
-18
-20
-18
-30
-23
-28
-27
-20
-28
-19
-27
-24
-26
-27
-14
-18
-11
-13
-8
0
-3
3
0
8
11
17
23
18
27
28
27
25
16
20
13
11
7
7
10
10
12
12
15
12
13
15
11
13
12
7
6
3
-3
-1
-3
0
8
8
13
9
4
8
1
0
-4
-7
-10
-15
-8
-10
-10
-9
-9
-1
-4
-3
-5
-7
-3
-1
5
2
3
2
0
-2
-6
-7
-8
-8
-14
-18
-21
-24
-23
-28
-30
-37
-41
-39
-34
-37
-39
-39
-45
-38
-36
-33
-25
-23
-8
-5
-1
8
12
21
21
39
45
47
49
43
53
50
50
48
47
53
48
53
43
44
32
24
30
14
18
4
-2
0
-4
14
7
13
6
5
11
2
20
7
17
16
4
16
-3
1
-12
-16
-15
-30
-22
-43
-39
-45
-59
-49
-66
-58
-68
-66
-54
-64
-47
-52
-40
-34
-35
-16
-17
3
5
13
23
23
34
32
35
37
40
42
41
37
28
31
29
22
20
6
10
6
0
-4
-14
-8
-16
-10
-12
-20
-11
-17
-9
-9
-18
-6
-11
-3
-3
-6
5
-3
5
3
5
6
-6
5
-4
0
-3
-15
-6
-15
-11
-13
-17
-11
-11
-4
-5
8
14
17
27
28
41
38
48
56
51
62
51
55
52
45
51
40
53
38
32
29
17
24
11
15
4
-5
0
-12
-12
-22
-21
-24
-36
-39
-51
-40
-51
-56
-49
-68
-53
-67
-72
-75
-91
-71
-81
-66
-69
-76
-62
-83
-64
-68
-62
-48
-56
-27
-31
-17
-10
-18
8
0
20
24
25
40
31
51
49
63
67
70
85
74
97
91
98
101
86
102
91
94
92
79
85
71
71
65
64
66
63
59
46
41
34
37
30
25
25
21
27
14
11
4
-3
1
-13
-16
-25
-24
-26
-45
-47
-61
-68
-76
-89
-100
-114
-121
-135
-131
-142
-139
-139
-148
-133
-141
-126
-125
-123
-101
-106
-80
-90
-74
-58
-68
-38
-51
-27
-22
-20
5
-6
19
4
17
25
17
49
35
57
55
58
77
65
92
77
89
89
81
103
90
111
103
109
114
107
121
102
117
107
105
110
87
91
71
76
68
59
65
44
53
33
31
19
-5
2
-28
-18
-35
-47
-42
-70
-57
-72
-68
-60
-79
-64
-80
-69
-71
-71
-60
-71
-53
-64
-52
-50
-53
-41
-48
-42
-54
-45
-43
-36
-31
-35
-28
-37
-23
-35
-30
-26
-38
-26
-46
-26
-28
-33
-11
-30
0
-6
-4
11
-6
18
8
20
31
22
43
31
41
38
33
46
34
46
33
30
30
20
32
24
34
32
28
32
27
36
34
35
41
38
41
46
43
40
44
37
37
28
14
24
9
7
2
-12
-6
-11
-9
-8
-18
-18
-32
-32
-35
-41
-32
-45
-42
-44
-40
-27
-36
-28
-39
-37
-27
-34
-16
-20
-13
-11
-19
-3
-14
-4
-3
-5
6
-3
9
0
2
16
5
17
10
18
20
10
20
8
15
13
13
20
11
18
9
12
13
5
8
-3
2
-1
1
2
-7
2
-6
-2
-1
-4
1
-9
-8
-9
-7
-1
2
2
2
8
6
4
8
13
13
12
16
14
11
13
13
16
9
13
9
-4
-2
-8
-3
-12
-15
-11
-22
-13
-19
-16
-14
-23
-20
-28
-28
-34
-34
-26
-31
-27
-26
-21
-19
-14
-9
-4
6
5
9
11
11
22
22
24
21
22
23
23
29
28
33
29
25
22
15
22
10
7
10
10
13
7
10
2
0
-1
-7
-5
-10
-12
-13
-13
-9
-10
-7
-8
-8
-5
-4
-4
-11
-9
-3
-3
-2
-3
-3
-2
-2
-2
-2
-4
-5
-3
-1
2
3
0
-3
-3
-3
-2
0
-8
-11
-8
-8
-1
-1
-2
0
0
6
9
3
2
3
5
6
2
1
3
1
0
5
4
5
7
1
2
2
0
0
-5
-9
-7
-8
-14
-17
-15
-7
-5
0
3
5
11
12
12
17
19
17
14
15
14
7
0
-11
-15
-13
-11
-5
-12
-13
-11
-15
-16
-14
-14
-9
-3
5
9
5
3
1
-1
-4
0
0
5
4
2
4
2
5
8
11
7
6
10
10
9
7
4
4
8
4
15
28
31
27
10
8
3
14
9
-6
2
0
13
29
15
1
-32
-86
-91
-75
-79
-61
-60
-96
-84
-73
-87
-83
-112
-134
-128
-115
-78
-48
-28
-20
-10
-9
-7
-14
-48
-44
-37
-28
-11
29
135
203
238
196
77
-72
-165
-141
-38
42
183
364
479
978
687
-258
-741
-925
-252
496
589
138
41
645
703
159
-1065
-2107
-1850
-432
857
679
338
-396
-864
-120
-471
-1417
-1682
-1351
-119
1489
1947
1128
573
117
-146
-110
-504
-267
1004
2495
3501
3002
1373
-23
-669
-313
531
1029
1258
1290
1143
1003
798
245
-340
-823
-1214
-1130
-948
-660
-238
-8
-1
-512
-1225
-1749
-1982
-1931
-1783
-1403
-837
-243
38
-169
-647
-1224
-1504
-1439
-1159
-695
-289
213
632
570
62
-684
-1018
-792
-363
-27
52
194
452
587
436
66
-249
-326
-71
223
340
400
562
886
1092
864
278
-131
-1
416
789
992
1076
1185
1206
948
657
436
343
526
757
918
1041
1159
1228
1175
1001
632
386
373
361
503
749
882
880
715
437
230
79
32
136
248
277
86
-132
-280
-440
-282
383
1101
1163
515
-270
-464
-305
-743
-1464
-1697
-1265
-432
-80
-473
-1268
-2619
-4009
-4528
-4199
-3484
-3177
-3649
-4051
-4114
-4213
-4094
-4043
-4059
-3875
-4037
-3744
-2723
-1609
-228
618
913
1235
1395
1940
2886
3689
4354
4995
5507
6095
6718
6907
7003
6676
5970
5574
5557
5742
5420
4960
4132
3759
4276
3543
2720
1359
-817
-1695
-2646
-3284
-3182
-3379
-3373
-3699
-4166
-4495
-5453
-6407
-6991
-7375
-6312
-4786
-4404
-3555
-3087
-3371
-2505
-2333
-2430
-1261
-629
217
1594
2301
3179
3954
4046
3887
3661
3607
3632
3760
3839
3717
3714
3569
3172
2822
2275
1486
880
505
382
298
40
-19
-23
-90
-364
-1134
-1708
-2144
-2848
-3108
-2989
-2618
-1866
-1732
-2162
-2709
-3623
-4196
-4429
-4581
-4352
-4438
-4621
-4247
-3885
-3305
-2797
-3019
-3169
-3152
-2933
-2240
-1450
-651
60
771
1579
2507
3619
4508
5062
5438
5790
6328
6894
7372
7659
7747
7687
7310
7038
6795
6358
6027
5123
4308
4121
3444
2822
1886
351
-782
-2136
-3598
-4552
-5007
-4887
-4661
-4769
-5002
-5511
-6219
-6350
-6686
-6481
-5389
-5320
-4850
-4281
-4322
-3245
-2450
-2043
-1180
-522
133
909
1602
1943
2350
2476
2361
2685
2864
3082
2966
2592
2476
2268
2324
2037
1618
1515
1462
1629
1562
1864
2227
2068
1530
349
-246
-392
-610
-818
-1173
-1023
-648
-364
-435
-957
-1729
-2554
-3242
-4283
-4635
-4593
-5118
-5302
-5817
-5804
-4692
-4305
-4063
-3898
-4277
-4247
-3973
-3345
-2211
-1367
-548
655
2055
3637
5228
6330
6945
7340
7449
8048
8701
8838
9196
9181
8928
8667
8431
8193
7759
7221
5941
4849
3455
1550
170
-1516
-2863
-4092
-5136
-5435
-5950
-6089
-6292
-7249
-7988
-8569
-9028
-8564
-8013
-7961
-7347
-6457
-5515
-4079
-2929
-2023
-958
-376
586
1815
2645
3473
3716
3864
4115
4341
4425
4560
4348
3541
3358
2760
2492
2287
1589
1733
1480
1428
2053
2578
2574
2087
923
-249
-810
-1865
-1838
-1914
-2029
-1136
-1119
-313
-35
-1030
-1688
-2736
-4095
-4605
-4936
-6023
-6393
-7140
-7087
-5738
-5342
-4670
-4206
-4150
-3794
-3507
-3191
-2463
-1986
-1528
-438
590
2359
4149
5705
7200
7918
8708
9301
9453
9422
9298
9046
8939
8727
8831
9237
8938
9033
8186
7026
6428
4615
2862
657
-1963
-3889
-5209
-5782
-6140
-6358
-6284
-6628
-7474
-7617
-8364
-9038
-8505
-8820
-8873
-8262
-7912
-6799
-5246
-4126
-2937
-1733
-425
1030
1811
2462
2800
2700
3161
3599
3558
3522
3164
2819
2780
2741
2856
2253
1891
2076
1671
2036
2629
2383
2280
2036
1232
608
-115
-664
-943
-1542
-1341
-1025
-754
179
-177
-681
-420
-1267
-1705
-2034
-3645
-4781
-5921
-6528
-5709
-5554
-5093
-4102
-4169
-3592
-2625
-2492
-2050
-1849
-2037
-1575
-862
50
1301
2651
3973
4926
6135
7611
8231
8415
8456
7885
7397
7432
7334
7530
7129
7191
7995
7107
7316
6603
4400
3135
934
-874
-2488
-3918
-4921
-6101
-6597
-6536
-7494
-7599
-6943
-8384
-7796
-7258
-8379
-7831
-7671
-7604
-7138
-6463
-5110
-3952
-2375
173
1497
2836
4589
4494
5007
5481
4928
4771
4359
3992
3311
3060
3387
2766
2567
2873
2541
2643
3459
3566
2966
2367
1350
14
-1255
-2121
-2807
-3152
-2785
-2428
-2006
-1470
-1304
-1408
-1204
-1478
-2518
-3475
-4807
-6337
-7438
-7636
-7336
-7299
-6742
-5478
-4489
-3519
-2069
-1338
-1114
-880
-805
-553
-94
879
1798
3001
4574
5871
7524
9214
10146
10369
10676
10604
9990
9453
9079
8296
6960
7213
7034
6354
6994
6283
5307
4232
2706
1121
-1149
-2858
-4757
-6809
-7464
-8390
-9896
-9464
-9487
-9906
-8642
-8391
-8758
-8669
-8484
-8597
-8507
-7557
-6842
-6073
-4266
-2287
-736
1550
3290
4258
5775
6618
6983
6997
6524
5923
4820
4465
4184
3298
3634
3883
3902
4932
5587
5539
5089
4115
2817
839
-1187
-2584
-4157
-4957
-4937
-5211
-4866
-4501
-4399
-3405
-2872
-3035
-3364
-4708
-5915
-7231
-8401
-8407
-8817
-9082
-8296
-6988
-5476
-3496
-1461
-82
1036
2126
3184
3745
4184
4322
3933
4154
4727
5630
7115
8456
9510
10563
11428
12037
11948
11590
10784
9171
8221
6865
5487
4494
3275
2502
1458
766
-79
-1020
-1366
-2210
-3031
-3883
-5558
-7110
-8119
-9394
-10259
-10349
-10836
-10978
-10022
-9426
-8395
-6953
-6042
-4901
-3795
-2308
-1296
-361
985
1374
2318
3555
4296
5373
6187
6526
6500
6311
6153
5461
4875
4597
3953
3922
4317
4191
3892
3601
2930
1772
658
-629
-2039
-2999
-3693
-4398
-5146
-5789
-6490
-6882
-6582
-6594
-6644
-6635
-7360
-7743
-7884
-7980
-7679
-7994
-8003
-7333
-6657
-5208
-3675
-2466
-1005
448
2249
4139
5628
7069
7894
8352
9000
9369
9774
10046
10042
9972
9936
10012
10220
10446
10297
10751
10279
9432
9224
7463
6145
4587
2105
-76
-2195
-3694
-4819
-5708
-5950
-6235
-7161
-6534
-6621
-7430
-6856
-7930
-9263
-9644
-10375
-10950
-10811
-10404
-9768
-8603
-6358
-3875
-2013
858
2966
3845
5473
6291
6288
6458
6086
5441
4613
4212
3935
3265
3815
4614
5179
6478
7361
7363
7156
6544
4979
2885
858
-1468
-3576
-4939
-5701
-6195
-6731
-6476
-6579
-6430
-5485
-5432
-5600
-6198
-7305
-8253
-9135
-9926
-10359
-10960
-10757
-9723
-8900
-6744
-4584
-2821
-613
1343
3255
4917
6445
7462
7911
8412
9222
9811
10413
11367
11538
11781
12243
12532
12294
12457
12298
10857
10573
9503
8109
6852
5015
2888
546
-1090
-2665
-4462
-5848
-6425
-8363
-8450
-8019
-9165
-8328
-8287
-8918
-8842
-8780
-9006
-9212
-9313
-9085
-9043
-8208
-6128
-5233
-3167
-594
867
3367
5539
7003
8351
8936
9416
8873
8101
7518
5882
4655
4263
3761
3993
4881
5050
5747
5980
6070
5732
4236
2925
785
-1235
-3014
-4956
-7117
-8589
-10044
-11059
-10846
-10939
-10227
-10065
-9896
-9339
-9302
-9045
-9136
-9875
-10545
-10510
-10734
-10082
-9064
-7947
-5957
-3868
-971
1906
4708
7700
9731
11466
13165
14085
14918
15193
14835
14386
14053
13654
13887
14043
13476
13826
12932
12365
11825
10427
8825
6157
3639
1186
-1253
-3465
-4908
-8106
-9434
-9980
-11869
-11180
-11478
-12177
-11947
-11611
-11591
-10999
-10656
-10334
-10112
-9806
-7912
-7417
-5565
-3496
-2498
-126
2001
3838
5638
7027
8207
9044
9411
9903
9385
8906
8885
8056
7908
7764
7016
6804
6254
5559
5063
3846
3007
1780
379
-313
-2016
-3470
-4957
-6970
-8190
-9604
-10938
-11790
-12994
-13718
-13750
-14055
-13457
-12827
-12515
-11526
-10789
-9821
-8859
-7960
-7006
-6141
-5020
-3313
-1723
103
2553
4518
6934
9458
11691
13863
15573
16879
17937
17925
18508
18401
16883
16881
15275
13716
13117
11718
10234
8909
7348
5868
4080
2185
1057
-2439
-4106
-5600
-8749
-9413
-10734
-12809
-13607
-14156
-14931
-14574
-14504
-13622
-12991
-12217
-9893
-9344
-7744
-5917
-5121
-3220
-1518
138
1977
3351
5106
6387
7087
8567
8967
9217
10214
9988
9965
10075
9538
9378
8759
8024
7072
5814
5066
4019
2795
1476
-35
-2024
-3472
-4595
-6400
-7538
-8847
-10394
-11428
-12079
-12737
-13268
-13605
-13757
-13534
-13416
-12257
-11715
-11346
-9882
-8985
-7564
-5551
-3684
-2345
-632
1012
2610
4761
6643
8749
9862
11543
13314
14277
16146
17017
17342
17586
17575
17045
16189
14925
13070
11117
9181
8071
5959
4513
3026
804
-106
-1324
-2388
-3580
-5068
-6698
-8101
-9706
-10876
-12157
-13875
-14279
-15102
-14944
-13975
-13097
-11428
-9576
-7342
-4892
-2661
-623
1086
2062
3155
3705
3937
4538
4499
5076
5656
6033
7169
7855
8484
9172
8931
8505
7967
6748
5958
4398
2705
1274
-946
-1995
-3095
-4370
-5022
-6068
-7236
-7580
-8239
-8645
-8689
-9874
-10167
-10683
-11109
-10630
-10470
-10190
-9585
-8789
-7524
-5808
-4319
-2497
-1185
292
2398
3865
5633
7191
7869
9174
10139
11070
12470
12784
13375
13852
13931
14317
14272
13530
12695
11197
9916
8729
6521
5294
3071
869
-97
-1732
-2933
-3757
-4964
-6019
-6521
-7190
-7602
-8374
-9150
-9711
-10670
-10812
-10893
-11112
-10777
-10192
-9302
-7842
-6045
-4304
-2455
-650
1024
2967
4249
5601
6454
6439
6891
6454
6207
5938
5081
4388
3919
3253
3295
3712
3131
3602
2856
2125
2070
651
-266
-1934
-4203
-6046
-7561
-9117
-9670
-10442
-11074
-10407
-10398
-8785
-7475
-6748
-5168
-4631
-3848
-2697
-2095
-1644
-911
-710
251
1442
2528
4528
5379
7092
8945
9980
12003
12896
13208
13627
13327
12919
12502
11232
10030
8542
6747
6156
4519
3416
2651
681
29
-815
-2088
-2701
-3999
-5455
-6140
-7391
-7933
-8382
-9532
-9390
-9795
-9660
-8708
-8447
-7618
-6686
-5982
-4726
-3504
-2676
-1442
-964
-13
1153
1768
3416
4025
4814
5937
6365
7208
7714
7431
7015
6326
5084
4572
3140
1910
793
-1321
-1962
-2996
-4116
-4382
-5391
-6480
-6571
-7256
-7610
-7613
-8843
-9103
-9868
-10485
-9956
-10439
-10205
-9253
-8903
-7091
-4783
-3081
-424
1405
3471
5898
7241
9376
10365
10271
11302
11327
11284
12158
11949
11978
12243
12351
13084
13123
13010
12970
11407
10350
9457
7001
5321
3134
464
-1495
-3454
-4909
-6461
-7851
-8643
-9305
-10058
-9860
-10124
-10639
-10205
-10246
-9669
-9246
-8725
-7961
-7535
-6362
-4962
-3860
-2761
-1472
-532
720
2084
3471
4409
4962
6031
6427
6877
7539
7248
6844
6442
5662
5231
4181
3075
1891
-140
-1275
-2550
-4146
-5057
-6470
-7933
-8530
-9539
-9830
-9876
-10749
-10632
-10909
-11038
-10362
-10083
-9687
-9000
-8430
-7244
-5700
-4460
-2384
-940
781
3252
5171
7580
9605
11121
12667
13856
14808
15994
16124
16057
16170
15358
15178
14688
13751
12875
11704
10778
10032
8625
7555
6367
4024
3076
1563
-469
-1844
-3960
-5926
-7741
-9190
-10256
-11394
-12477
-12514
-12925
-12799
-11562
-11380
-10362
-9265
-8292
-6750
-5567
-4487
-3338
-2587
-1798
-409
222
1374
2281
2853
3952
4292
5002
5414
5309
5058
5027
4217
3342
2870
1170
299
-885
-2017
-2703
-3828
-4560
-5391
-6224
-6938
-7187
-8224
-8698
-9118
-10044
-9785
-10040
-9733
-9209
-8768
-7495
-6331
-4840
-3045
-1510
-123
1703
3116
4557
6204
7221
8642
9505
10571
11896
12281
13400
14156
14256
14842
14972
14546
14281
13588
12665
11826
10302
9221
7719
5938
4992
3297
1876
895
-607
-1632
-2524
-3844
-4599
-5632
-6727
-7083
-8071
-8441
-8731
-9435
-9238
-9295
-9003
-8146
-7471
-6637
-5558
-4560
-3520
-2242
-1363
-300
284
821
1513
1368
1788
1448
1069
873
197
190
-511
-905
-1383
-2176
-2497
-2922
-3435
-3960
-4455
-5522
-5736
-6443
-7104
-7001
-8058
-7960
-8073
-8157
-7394
-7153
-6440
-5552
-4704
-3625
-2135
-1350
-27
1193
1815
3563
4330
5507
6787
7334
8702
9431
10192
11182
11302
11508
11814
11430
11223
11017
10151
9680
8998
8307
8150
7193
6810
6369
5107
4824
3947
2714
1957
650
-484
-1382
-2597
-3150
-3867
-4742
-4397
-4827
-4837
-4331
-4496
-4123
-3879
-3580
-3223
-3007
-3002
-2338
-2325
-2028
-843
-1096
-142
365
573
1312
1219
1354
1011
402
-416
-897
-2431
-3410
-4324
-6323
-6617
-7831
-8553
-8659
-9441
-9432
-9435
-9550
-9302
-9011
-9419
-8957
-8988
-9114
-8307
-8330
-7601
-6641
-5788
-4184
-2586
-1095
982
2665
4251
6359
7484
8941
10038
10588
11492
11648
11991
12160
11839
11684
11506
10900
10467
10064
9092
8595
7755
6950
6288
5053
4498
3444
2415
1996
874
200
-361
-1111
-1440
-1816
-2161
-2284
-2344
-2424
-2112
-1993
-1764
-1327
-1189
-544
-219
178
861
997
1346
1921
2036
2300
2679
2370
2420
2147
1850
1610
748
192
-787
-1747
-2560
-3353
-4453
-5425
-6400
-7646
-8090
-9222
-9859
-10465
-11645
-11952
-12354
-12653
-12732
-12501
-12669
-12246
-11501
-10867
-9499
-8732
-7259
-5874
-4622
-2559
-965
487
2179
3766
4929
6637
7879
8936
10106
10748
11874
12388
12961
13503
13350
13235
12982
12389
11487
10579
9132
7766
6371
4914
3804
2284
1237
364
-628
-970
-1499
-1997
-2324
-2875
-3051
-3340
-3699
-3845
-4100
-4237
-3965
-3502
-3015
-2053
-1283
-96
1283
2354
4017
4983
5775
6904
7314
7668
8201
7873
7513
7257
6357
5949
5034
3805
2968
1300
0
-967
-2913
-4319
-5789
-8058
-9138
-10649
-12323
-12998
-14573
-15471
-15641
-16401
-16148
-15790
-15997
-15083
-14428
-13717
-12010
-11169
-9828
-8151
-7048
-5071
-3144
-1625
500
2216
3843
6223
7735
9606
11357
12175
13634
14314
14867
15328
14979
14595
13957
12997
12079
11144
9569
8423
7056
5573
4649
3128
1988
671
-788
-1667
-2885
-3959
-4726
-5741
-6412
-6680
-7007
-6897
-6702
-6422
-5614
-4806
-3855
-2539
-1549
-392
1101
2120
3604
4798
5664
7108
7857
8926
10030
10401
11010
11280
11170
11024
10507
9299
8228
6489
4531
3129
493
-1369
-3482
-6102
-7530
-9610
-11187
-12483
-14048
-15194
-15945
-16800
-17298
-17380
-18138
-17839
-17684
-17428
-16163
-15555
-14180
-12617
-11061
-8821
-6606
-4359
-2007
353
2510
4926
6926
8718
10510
11549
12862
13759
14263
14855
14852
14776
14549
14121
13548
12849
11820
10751
9588
8098
6948
5318
3732
2363
623
-655
-2002
-3342
-4334
-5390
-6231
-6669
-7201
-7441
-7342
-7458
-7021
-6464
-5945
-4928
-4076
-3104
-1740
-557
780
2337
3451
4770
6182
7088
8394
9335
9808
10544
10675
10754
10791
10244
9498
8659
7295
5938
4802
2711
1108
-771
-3130
-4511
-6574
-8267
-9712
-11597
-12848
-13773
-14875
-15504
-15724
-16563
-16324
-16087
-15907
-14721
-14288
-13070
-11643
-10595
-8567
-6802
-5328
-3218
-1433
180
2354
3921
5652
7319
8321
9980
10948
11573
12751
12826
12787
12984
12416
11964
11247
10207
9251
7868
6666
5840
4456
3164
2469
1037
75
-413
-1455
-2028
-2920
-3557
-4005
-4743
-4858
-5084
-5458
-5483
-5123
-4870
-4325
-3436
-2705
-1708
-799
460
1716
2500
3666
4735
5236
6054
6910
7113
7504
7622
7687
7673
7131
7013
6331
5314
4641
3805
2488
1285
220
-1445
-2572
-3885
-5162
-6204
-7772
-8582
-9487
-10572
-11010
-11468
-12136
-12318
-12175
-12175
-11641
-11138
-10446
-9403
-8634
-7206
-5860
-4858
-3312
-1935
-751
648
1961
3061
4152
5144
6132
6910
7346
8002
8208
8126
8344
8120
7692
7183
6581
5992
5166
4604
4009
3093
2440
1924
1357
830
469
15
-523
-994
-1287
-1511
-2076
-2128
-2194
-2544
-2194
-1871
-1521
-1073
-426
413
964
1795
2714
3322
3689
4373
4936
4882
5310
5539
5286
5170
5061
4886
4312
3921
3482
2631
1887
1187
451
-720
-1609
-2403
-3687
-4481
-5280
-6135
-6847
-7465
-7882
-8289
-8488
-8634
-8457
-8501
-8387
-7818
-7664
-7110
-6494
-5919
-5130
-4380
-3384
-2366
-1455
-459
740
1521
2413
3439
3852
4487
4906
5017
5244
5180
4980
4879
4587
4076
3864
3379
2823
2410
1801
1362
647
88
-216
-853
-1333
-1368
-1747
-2084
-1736
-1836
-1740
-1375
-1231
-853
-616
-220
222
496
775
1339
1692
2102
2875
3206
3856
4425
4830
5424
5818
5983
6131
6362
6020
6029
5870
5322
5015
4304
3858
3068
2195
1491
489
-565
-1489
-2127
-3358
-4049
-4686
-5772
-6086
-6686
-7102
-7391
-7880
-7971
-7970
-8067
-7812
-7330
-7367
-6805
-6095
-5660
-4741
-3999
-3198
-2351
-1577
-586
356
970
1748
2400
2650
3277
3667
3791
3975
3946
3875
3773
3598
3372
3081
2412
1903
1461
633
186
-389
-1155
-1614
-2029
-2222
-2276
-2335
-2273
-2055
-2002
-1627
-1062
-1057
-600
-279
-312
287
539
799
1324
1587
2075
2709
3348
4010
4711
5202
5735
6208
6317
6664
6408
5948
5822
5114
4587
4238
3533
2868
2442
1951
1507
1179
605
161
-514
-1146
-1444
-2252
-2911
-3442
-4367
-4898
-5168
-5638
-5794
-5911
-6192
-5861
-5579
-5366
-4712
-4535
-4274
-3732
-3490
-2993
-2592
-2519
-2158
-1792
-1584
-918
-385
-159
477
855
1274
1865
2004
2165
2130
1854
1645
1492
1040
477
203
-333
-697
-819
-981
-1160
-1452
-1343
-1312
-1416
-1203
-1010
-1072
-1080
-570
-368
-281
301
616
902
1308
1883
2307
2448
2834
3142
3301
3348
3688
3771
3556
3840
3907
3925
3954
3974
4003
3750
3591
3497
3137
2566
2321
1850
1222
928
427
-3
-446
-774
-952
-1325
-1549
-1579
-1755
-1958
-1814
-1898
-2053
-1991
-1996
-1990
-2054
-1992
-2010
-2108
-2087
-2010
-2005
-2065
-1988
-2011
-2079
-2059
-1941
-2045
-2119
-2003
-2209
-2239
-2220
-2369
-2448
-2597
-2681
-2739
-2809
-2770
-2647
-2618
-2401
-2014
-1831
-1431
-1024
-786
-422
-123
140
368
579
828
1127
1384
1766
2297
2573
3143
3691
3992
4479
4699
4883
4968
4873
4737
4541
4128
3705
3531
2973
2699
2424
1966
1765
1311
1117
774
314
-63
-488
-926
-1432
-1643
-2094
-2371
-2563
-2673
-2557
-2605
-2165
-1985
-1730
-1195
-901
-370
38
443
812
1204
1559
1955
2365
2490
2876
2883
2955
3171
2839
2773
2410
1829
1427
822
177
-460
-1162
-1998
-2634
-3323
-3977
-4478
-5202
-5679
-6202
-6750
-7020
-7333
-7622
-7827
-7805
-7786
-7619
-7119
-6685
-6088
-5309
-4461
-3464
-2380
-1301
-112
1051
1987
3165
4167
4922
5880
6532
7069
7644
8041
8453
8761
8873
9070
9130
8876
8791
8500
7840
7277
6485
5453
4408
3218
2025
802
-509
-1584
-2545
-3565
-4255
-4681
-5191
-5428
-5460
-5513
-5463
-5427
-5201
-4974
-4891
-4575
-4068
-3747
-3281
-2336
-1643
-822
269
1295
2394
3253
4348
5284
5797
6412
6939
7041
6861
6943
6446
5755
5206
4227
3389
2162
1062
28
-1418
-2601
-3739
-4950
-6313
-7218
-8219
-9338
-9967
-10773
-11235
-11686
-11977
-11919
-11940
-11667
-11169
-10474
-9828
-8740
-7508
-6436
-4874
-3374
-1880
-227
1439
3056
4629
6213
7704
9130
10233
11439
12419
12909
13579
13893
13809
13687
13435
12881
12073
11313
10392
9208
7994
6914
5502
3942
2751
1232
-396
-1788
-3226
-4613
-6045
-7152
-7990
-8919
-9475
-9536
-9553
-9466
-8744
-7961
-7270
-6190
-5140
-4021
-3031
-2108
-967
-120
644
1588
2554
3243
4110
5151
5763
6545
7280
7755
8103
8185
8220
7887
7198
6482
5571
4114
2703
1445
-405
-2120
-3595
-5399
-6998
-8369
-9769
-10921
-11965
-12954
-13537
-14037
-14496
-14535
-14536
-14444
-13883
-13314
-12570
-11325
-10222
-8898
-7060
-5415
-3589
-1385
530
2475
4629
6536
8435
10232
11737
13200
14341
15302
16325
16798
17031
17451
17274
16839
16567
15888
14893
13740
12580
11199
9421
7836
6182
4067
2162
468
-1565
-3409
-5082
-6800
-8191
-9571
-10629
-11416
-12315
-12622
-12609
-12605
-12060
-11195
-10365
-9200
-7736
-6237
-4565
-3078
-1541
24
1115
2355
3568
4245
4832
5551
5985
6241
6699
7005
7115
7071
7076
7091
6648
6103
5563
4584
3346
2287
975
-724
-2272
-3959
-5677
-7200
-8792
-10105
-11336
-12604
-13302
-13847
-14398
-14336
-14221
-14231
-13620
-12864
-12202
-11135
-10109
-9023
-7624
-6363
-4764
-3028
-1654
180
2122
3700
5593
7507
9091
10714
12213
13510
14728
15615
16324
16899
17023
17102
17118
16623
16051
15413
14420
13389
12274
10949
9496
7948
6400
4845
3107
1411
-122
-1881
-3470
-4818
-6300
-7511
-8579
-9522
-10155
-10703
-10978
-11007
-10926
-10579
-9953
-9320
-8473
-7365
-6428
-5270
-4007
-2928
-1736
-663
299
1229
1936
2501
3010
3269
3301
3394
3268
2986
2757
2411
2066
1654
1198
768
264
-291
-850
-1493
-2286
-2986
-3721
-4587
-5310
-6047
-6856
-7552
-8053
-8455
-8823
-9005
-8993
-8875
-8644
-8150
-7492
-6871
-6140
-5260
-4343
-3406
-2422
-1405
-420
559
1612
2733
3843
4970
6097
7214
8342
9414
10448
11371
12105
12739
13212
13514
13685
13648
13452
13153
12694
12186
11641
10906
10152
9381
8430
7502
6563
5474
4337
3125
1952
765
-534
-1706
-2871
-4141
-5241
-6170
-7133
-7994
-8680
-9261
-9772
-10157
-10230
-10297
-10360
-10058
-9649
-9253
-8690
-7921
-7131
-6453
-5595
-4606
-3888
-3213
-2393
-1830
-1476
-1063
-778
-734
-816
-830
-896
-1191
-1280
-1213
-1389
-1394
-1121
-1008
-893
-652
-430
-271
-285
-175
-79
-349
-439
-414
-656
-835
-834
-892
-906
-795
-640
-383
-204
95
547
734
1080
1562
1756
1998
2364
2581
2691
2904
3093
3234
3345
3554
3922
4086
4376
4893
5259
5657
6153
6651
7043
7395
7724
7952
8075
8088
8090
7907
7647
7398
6970
6529
6068
5498
4847
4203
3497
2664
1815
929
-6
-1058
-2083
-3045
-4150
-5209
-6155
-7156
-8106
-8918
-9692
-10372
-10917
-11380
-11714
-11914
-11955
-11860
-11663
-11256
-10716
-10147
-9412
-8515
-7682
-6795
-5758
-4836
-3973
-3045
-2187
-1416
-706
-12
647
1171
1691
2211
2614
3005
3378
3617
3902
4212
4299
4404
4644
4739
4702
4748
4880
4869
4729
4751
4812
4635
4470
4467
4355
4105
3891
3690
3442
3137
2801
2520
2268
1996
1713
1503
1414
1285
1102
1051
1123
1062
916
975
1032
890
784
830
845
735
711
867
969
1010
1236
1520
1701
1937
2186
2382
2545
2610
2625
2575
2438
2217
1867
1515
1141
581
16
-457
-1078
-1799
-2444
-3058
-3760
-4555
-5183
-5728
-6443
-7070
-7505
-7941
-8397
-8731
-8891
-9021
-9178
-9174
-8982
-8856
-8656
-8238
-7771
-7231
-6591
-5825
-4949
-4029
-3025
-1956
-840
290
1365
2397
3421
4327
5035
5705
6322
6682
6863
7065
7203
7086
6906
6872
6769
6474
6264
6249
6141
5887
5801
5891
5822
5619
5595
5636
5473
5227
5096
4985
4700
4354
4112
3867
3513
3105
2766
2461
2078
1620
1216
880
414
-194
-738
-1231
-1920
-2778
-3521
-4209
-5126
-6096
-6815
-7485
-8279
-8887
-9145
-9328
-9447
-9230
-8724
-8133
-7414
-6466
-5404
-4355
-3308
-2281
-1350
-515
167
666
1083
1414
1572
1648
1779
1894
1916
2006
2238
2448
2597
2817
3097
3252
3265
3267
3195
2912
2487
2039
1486
794
73
-609
-1279
-1931
-2498
-2955
-3312
-3560
-3682
-3677
-3548
-3323
-3018
-2615
-2143
-1622
-1038
-426
208
860
1518
2175
2813
3442
4062
4617
5115
5602
6033
6375
6659
6872
6997
7015
6953
6790
6505
6155
5744
5221
4628
4050
3434
2759
2109
1514
945
365
-143
-572
-1007
-1415
-1775
-2129
-2491
-2865
-3251
-3667
-4125
-4636
-5192
-5756
-6312
-6901
-7490
-7968
-8388
-8786
-9057
-9161
-9173
-9131
-8934
-8565
-8154
-7693
-7096
-6416
-5744
-5041
-4253
-3423
-2617
-1791
-909
-15
878
1783
2698
3606
4464
5264
6020
6704
7282
7746
8101
8355
8482
8487
8441
8322
8106
7852
7594
7313
6991
6655
6348
6012
5608
5201
4763
4258
3686
3060
2408
1702
945
183
-572
-1315
-2030
-2685
-3252
-3739
-4154
-4463
-4668
-4797
-4847
-4819
-4705
-4543
-4351
-4092
-3801
-3507
-3200
-2870
-2538
-2228
-1914
-1598
-1316
-1049
-784
-530
-297
-78
150
361
549
715
848
924
942
906
806
644
408
116
-208
-558
-912
-1256
-1558
-1804
-2001
-2132
-2193
-2209
-2172
-2089
-1987
-1872
-1758
-1643
-1529
-1438
-1335
-1253
-1198
-1139
-1091
-1056
-1047
-1057
-1073
-1106
-1163
-1211
-1232
-1236
-1213
-1132
-979
-748
-446
-68
405
935
1516
2157
2823
3493
4150
4791
5407
5970
6480
6949
7366
7698
7973
8188
8314
8359
8317
8188
7970
7634
7196
6671
6032
5292
4475
3573
2615
1608
542
-536
-1621
-2727
-3790
-4810
-5800
-6712
-7553
-8315
-8958
-9512
-9945
-10248
-10459
-10542
-10508
-10377
-10118
-9766
-9326
-8777
-8164
-7489
-6730
-5932
-5096
-4207
-3309
-2391
-1449
-533
379
1266
2095
2884
3610
4250
4822
5300
5676
5981
6177
6271
6289
6187
5993
5724
5355
4917
4416
3842
3242
2619
1971
1352
749
180
-309
-726
-1069
-1313
-1463
-1497
-1414
-1261
-1002
-637
-213
280
809
1376
1984
2568
3149
3719
4216
4655
5024
5294
5479
5524
5466
5329
5053
4670
4184
3617
2984
2262
1499
720
-96
-924
-1748
-2543
-3301
-4049
-4735
-5346
-5921
-6424
-6838
-7141
-7378
-7563
-7615
-7571
-7472
-7310
-7077
-6743
-6365
-5946
-5439
-4908
-4354
-3751
-3116
-2449
-1791
-1134
-425
283
970
1644
2302
2928
3487
3992
4440
4803
5048
5196
5266
5210
5026
4744
4371
3908
3358
2776
2191
1581
972
393
-115
-559
-966
-1308
-1575
-1788
-1959
-2056
-2095
-2095
-2057
-1964
-1797
-1602
-1361
-1047
-660
-198
307
900
1579
2288
3033
3812
4592
5331
6010
6634
7172
7567
7816
7928
7887
7677
7293
6771
6124
5362
4513
3614
2676
1699
714
-269
-1235
-2201
-3161
-4075
-4959
-5788
-6557
-7256
-7864
-8388
-8779
-9029
-9180
-9209
-9107
-8860
-8496
-8054
-7530
-6932
-6305
-5655
-4992
-4343
-3723
-3139
-2568
-2022
-1528
-1058
-605
-170
234
609
971
1306
1621
1889
2120
2321
2458
2542
2568
2547
2502
2422
2352
2279
2198
2164
2162
2192
2249
2321
2435
2558
2672
2792
2899
2985
3040
3068
3070
3049
3004
2969
2939
2912
2912
2940
3006
3089
3192
3323
3437
3547
3641
3696
3715
3684
3598
3444
3234
2974
2652
2291
1904
1491
1069
646
229
-183
-582
-972
-1360
-1740
-2147
-2554
-2961
-3400
-3832
-4281
-4729
-5152
-5552
-5912
-6236
-6482
-6643
-6732
-6725
-6633
-6450
-6208
-5906
-5540
-5156
-4738
-4324
-3909
-3494
-3094
-2696
-2314
-1923
-1538
-1151
-753
-354
62
463
875
1282
1665
2047
2397
2728
3030
3295
3539
3729
3896
4018
4101
4155
4162
4166
4117
4056
3980
3869
3760
3618
3474
3317
3133
2936
2706
2471
2207
1920
1625
1301
991
669
348
38
-266
-537
-800
-1024
-1218
-1367
-1478
-1555
-1575
-1566
-1512
-1428
-1326
-1179
-1028
-849
-672
-502
-315
-151
24
187
341
499
639
800
944
1086
1224
1327
1441
1511
1553
1560
1505
1427
1263
1056
795
470
134
-274
-682
-1101
-1518
-1891
-2266
-2562
-2824
-3035
-3186
-3312
-3359
-3387
-3387
-3366
-3346
-3299
-3272
-3232
-3193
-3166
-3114
-3066
-2982
-2879
-2745
-2543
-2306
-1996
-1650
-1266
-829
-388
83
550
1006
1442
1837
2194
2479
2740
2932
3064
3175
3215
3256
3256
3243
3251
3232
3252
3267
3301
3344
3370
3415
3411
3399
3346
3237
3101
2883
2633
2333
1995
1649
1276
924
591
295
48
-151
-283
-365
-403
-413
-406
-397
-398
-428
-517
-646
-839
-1080
-1361
-1690
-2021
-2363
-2680
-2959
-3192
-3352
-3461
-3488
-3452
-3358
-3212
-3033
-2818
-2615
-2416
-2240
-2087
-1952
-1857
-1788
-1747
-1699
-1651
-1589
-1488
-1367
-1189
-974
-712
-408
-86
272
626
986
1318
1616
1878
2068
2219
2303
2332
2309
2227
2127
1990
1844
1686
1526
1385
1253
1152
1062
1000
972
952
956
957
953
951
933
898
837
768
695
609
539
469
420
406
416
468
557
689
850
1015
1204
1386
1545
1671
1745
1770
1726
1619
1453
1222
956
643
305
-35
-392
-733
-1064
-1389
-1683
-1966
-2223
-2453
-2670
-2859
-3028
-3171
-3283
-3368
-3414
-3436
-3415
-3350
-3237
-3059
-2837
-2555
-2222
-1845
-1413
-962
-482
8
482
952
1372
1752
2082
2342
2545
2673
2732
2720
2641
2514
2328
2110
1860
1580
1291
982
672
370
60
-232
-523
-802
-1054
-1299
-1518
-1726
-1913
-2065
-2198
-2297
-2362
-2397
-2382
-2319
-2201
-2021
-1787
-1484
-1124
-700
-225
275
792
1318
1840
2337
2805
3230
3605
3922
4168
4352
4475
4535
4532
4469
4349
4174
3939
3657
3325
2948
2530
2078
1602
1106
605
95
-415
-917
-1408
-1870
-2310
-2714
-3082
-3411
-3683
-3905
-4065
-4170
-4211
-4179
-4092
-3952
-3762
-3524
-3254
-2964
-2654
-2330
-2003
-1669
-1333
-1000
-670
-340
-7
314
635
941
1221
1489
1716
1907
2048
2122
2152
2107
2005
1850
1632
1389
1094
795
479
157
-138
-438
-695
-941
-1144
-1313
-1468
-1552
-1633
-1657
-1662
-1641
-1549
-1455
-1274
-1083
-848
-547
-248
132
494
894
1304
1660
2051
2354
2664
2898
3069
3222
3246
3294
3218
3116
2972
2740
2554
2241
1976
1649
1307
999
609
305
-102
-422
-759
-1098
-1333
-1662
-1826
-2065
-2203
-2303
-2430
-2376
-2446
-2319
-2264
-2133
-1903
-1778
-1440
-1275
-946
-671
-440
-78
54
374
493
647
794
765
899
780
804
717
592
582
375
384
222
155
106
-57
-25
-211
-234
-357
-505
-570
-823
-909
-1174
-1341
-1529
-1773
-1855
-2084
-2111
-2194
-2204
-2097
-2059
-1815
-1659
-1362
-1047
-761
-357
-72
336
654
979
1323
1574
1901
2112
2364
2573
2743
2945
3059
3202
3269
3328
3359
3323
3276
3161
3023
2826
2589
2315
2003
1658
1290
921
532
167
-207
-536
-848
-1131
-1361
-1591
-1722
-1863
-1936
-1977
-2008
-1959
-1955
-1854
-1792
-1688
-1564
-1496
-1325
-1258
-1107
-1013
-929
-789
-778
-655
-654
-605
-578
-629
-580
-670
-649
-715
-769
-781
-897
-883
-994
-1015
-1072
-1155
-1143
-1252
-1221
-1283
-1273
-1227
-1228
-1093
-1051
-869
-725
-536
-278
-87
225
428
722
961
1180
1438
1576
1807
1908
2064
2174
2228
2349
2339
2442
2437
2475
2514
2459
2509
2414
2413
2302
2164
2039
1755
1569
1192
877
504
72
-254
-724
-1018
-1389
-1658
-1844
-2054
-2048
-2125
-2001
-1889
-1720
-1434
-1244
-894
-667
-359
-84
122
398
523
735
826
916
1002
989
1043
972
960
886
790
725
559
463
273
101
-95
-350
-565
-882
-1154
-1471
-1794
-2085
-2429
-2687
-2960
-3167
-3309
-3434
-3434
-3416
-3294
-3115
-2903
-2602
-2307
-1938
-1581
-1208
-826
-485
-113
205
541
843
1141
1441
1710
2009
2259
2532
2783
3003
3217
3358
3521
3598
3654
3675
3606
3551
3391
3245
3031
2774
2544
2213
1954
1623
1327
1047
716
484
170
-47
-288
-526
-693
-941
-1076
-1285
-1444
-1587
-1777
-1847
-2001
-2050
-2110
-2154
-2096
-2100
-1958
-1864
-1704
-1506
-1357
-1094
-940
-720
-564
-453
-307
-291
-209
-243
-265
-308
-421
-454
-595
-641
-732
-800
-805
-875
-817
-838
-779
-724
-699
-599
-587
-486
-455
-401
-327
-309
-215
-196
-118
-76
-19
65
112
220
273
371
441
510
590
637
730
775
856
921
990
1081
1153
1249
1316
1399
1474
1542
1608
1663
1721
1755
1794
1814
1841
1850
1847
1852
1825
1799
1746
1685
1600
1494
1378
1230
1077
893
697
478
245
13
-238
-472
-716
-952
-1181
-1401
-1599
-1786
-1948
-2092
-2213
-2320
-2406
-2480
-2530
-2569
-2599
-2595
-2602
-2556
-2504
-2425
-2313
-2209
-2044
-1906
-1720
-1532
-1352
-1141
-978
-778
-629
-462
-299
-173
0
110
265
390
508
659
756
908
995
1109
1208
1269
1359
1367
1431
1429
1419
1416
1346
1337
1238
1185
1116
1003
962
843
799
728
665
662
602
636
627
662
718
725
819
829
890
927
922
974
923
946
902
868
854
763
769
682
658
602
527
523
427
423
337
282
234
117
87
-53
-112
-227
-361
-440
-617
-682
-853
-960
-1064
-1225
-1275
-1444
-1486
-1591
-1662
-1662
-1765
-1709
-1773
-1744
-1726
-1749
-1646
-1690
-1577
-1561
-1503
-1395
-1400
-1244
-1244
-1119
-1036
-976
-802
-773
-575
-507
-357
-199
-122
93
133
329
414
512
656
670
839
841
956
1007
1029
1135
1101
1214
1197
1272
1329
1341
1457
1436
1546
1557
1615
1681
1675
1766
1728
1793
1770
1757
1775
1688
1698
1579
1539
1436
1314
1241
1056
972
776
643
477
277
159
-70
-196
-407
-574
-731
-939
-1052
-1250
-1358
-1500
-1626
-1694
-1818
-1846
-1926
-1957
-1955
-1977
-1909
-1897
-1815
-1728
-1659
-1539
-1474
-1356
-1272
-1192
-1096
-1047
-961
-918
-866
-815
-778
-723
-694
-631
-590
-514
-451
-372
-249
-164
-27
58
188
308
411
550
613
742
785
860
921
931
1007
967
1018
994
997
1017
969
1037
990
1052
1053
1077
1153
1132
1247
1217
1293
1317
1307
1378
1290
1354
1268
1257
1227
1118
1148
999
1009
904
839
829
698
741
610
606
539
430
414
237
199
25
-98
-238
-457
-572
-824
-956
-1169
-1349
-1479
-1670
-1729
-1877
-1915
-1967
-2012
-1977
-2014
-1939
-1937
-1876
-1818
-1795
-1692
-1670
-1570
-1525
-1467
-1374
-1340
-1221
-1159
-1038
-921
-808
-637
-523
-323
-172
0
188
321
519
631
779
889
967
1078
1104
1192
1207
1237
1269
1253
1303
1260
1291
1281
1263
1282
1222
1240
1180
1155
1122
1049
1040
950
933
871
819
802
733
743
680
685
671
643
674
629
676
655
663
672
621
644
563
546
470
377
325
171
99
-62
-181
-296
-465
-548
-714
-804
-915
-1032
-1095
-1223
-1264
-1365
-1434
-1488
-1586
-1599
-1682
-1698
-1727
-1758
-1736
-1755
-1698
-1676
-1613
-1540
-1471
-1354
-1277
-1142
-1035
-901
-758
-642
-475
-353
-196
-68
61
207
322
472
579
713
823
926
1034
1096
1195
1238
1308
1350
1380
1422
1410
1440
1408
1406
1392
1358
1352
1291
1286
1228
1200
1169
1109
1090
1011
987
912
864
817
738
719
620
603
529
473
444
348
344
241
211
140
45
13
-120
-161
-289
-376
-467
-608
-675
-833
-910
-1040
-1154
-1244
-1386
-1454
-1579
-1633
-1715
-1779
-1802
-1862
-1837
-1849
-1808
-1763
-1721
-1625
-1568
-1450
-1360
-1239
-1105
-993
-833
-725
-563
-434
-293
-134
-25
149
250
394
521
619
771
838
971
1056
1139
1251
1276
1378
1400
1443
1488
1462
1508
1458
1451
1407
1321
1297
1157
1109
992
879
816
663
624
492
414
346
228
227
118
110
73
21
64
-1
60
50
74
142
128
233
224
290
332
327
415
369
432
409
391
424
332
357
262
211
170
36
14
-143
-215
-331
-494
-558
-757
-828
-987
-1133
-1222
-1419
-1468
-1641
-1728
-1808
-1940
-1940
-2075
-2053
-2090
-2095
-2002
-2024
-1868
-1841
-1700
-1549
-1463
-1222
-1137
-880
-731
-552
-302
-205
75
170
385
554
654
892
935
1154
1218
1337
1486
1499
1687
1668
1806
1842
1861
1973
1901
2019
1943
1962
1953
1857
1899
1731
1739
1596
1499
1437
1246
1256
1051
1016
905
777
754
540
533
351
269
181
0
-9
-220
-255
-395
-499
-525
-706
-695
-846
-877
-940
-1052
-1033
-1179
-1146
-1225
-1259
-1250
-1342
-1280
-1360
-1318
-1325
-1350
-1283
-1344
-1261
-1284
-1242
-1178
-1174
-1054
-1038
-920
-843
-763
-635
-591
-451
-387
-291
-201
-158
-52
-30
44
74
74
116
90
113
98
84
99
65
86
69
74
92
78
122
128
175
230
255
335
378
452
528
590
702
770
868
962
1041
1161
1230
1328
1409
1477
1561
1591
1638
1649
1638
1626
1571
1517
1428
1321
1208
1079
949
800
656
504
354
204
50
-95
-235
-364
-496
-609
-725
-827
-910
-1007
-1061
-1134
-1181
-1216
-1273
-1281
-1323
-1314
-1313
-1323
-1281
-1286
-1224
-1193
-1147
-1060
-1027
-922
-874
-785
-689
-641
-528
-496
-405
-348
-312
-232
-237
-165
-163
-139
-98
-113
-59
-99
-68
-80
-112
-81
-137
-95
-141
-144
-128
-180
-124
-165
-115
-103
-90
-3
-16
105
142
223
325
355
496
537
661
746
811
941
981
1107
1167
1240
1328
1353
1450
1476
1530
1573
1574
1618
1602
1602
1584
1532
1488
1415
1343
1249
1142
1027
900
765
619
467
310
154
-16
-184
-349
-514
-670
-840
-1003
-1153
-1293
-1421
-1552
-1662
-1759
-1840
-1898
-1951
-1989
-2015
-2030
-2023
-2002
-1973
-1923
-1872
-1803
-1722
-1639
-1534
-1434
-1309
-1186
-1054
-913
-793
-644
-514
-380
-242
-120
14
127
248
359
456
559
636
722
797
870
949
1006
1073
1118
1156
1196
1216
1239
1237
1233
1221
1193
1176
1136
1096
1054
1003
966
914
863
819
769
736
705
670
640
611
589
577
559
551
544
537
544
548
565
564
565
575
565
570
548
530
503
451
410
338
269
181
79
-9
-128
-229
-350
-467
-566
-692
-791
-900
-992
-1078
-1168
-1239
-1317
-1377
-1436
-1487
-1528
-1564
-1578
-1594
-1594
-1582
-1562
-1528
-1489
-1441
-1381
-1306
-1220
-1132
-1038
-932
-825
-715
-607
-494
-372
-255
-128
-17
93
201
296
394
478
560
627
689
749
787
821
843
868
879
873
880
864
854
848
828
821
799
785
774
765
767
762
762
762
766
777
785
796
812
820
839
852
864
881
871
874
864
846
838
797
769
722
661
611
527
458
372
275
191
80
-15
-116
-221
-311
-417
-505
-609
-703
-781
-873
-938
-1008
-1061
-1100
-1143
-1163
-1184
-1186
-1180
-1173
-1144
-1110
-1071
-1024
-973
-922
-865
-801
-738
-669
-598
-530
-464
-400
-333
-259
-204
-148
-88
-40
16
54
87
131
156
183
212
225
245
256
270
278
283
283
276
283
273
276
274
255
254
232
228
221
207
212
198
215
231
237
264
275
311
345
372
424
452
498
539
566
612
631
656
687
702
726
732
722
714
686
664
633
587
539
467
398
317
227
146
46
-38
-126
-213
-291
-385
-456
-524
-580
-630
-687
-713
-755
-785
-806
-834
-840
-851
-853
-844
-836
-810
-791
-760
-726
-693
-650
-608
-551
-502
-451
-395
-349
-288
-233
-177
-117
-68
-3
55
107
168
219
282
337
385
447
491
538
571
596
636
649
674
693
699
716
705
701
691
670
662
635
612
583
540
513
480
452
417
370
346
310
279
251
204
174
132
86
51
-11
-67
-130
-199
-266
-348
-424
-501
-575
-648
-721
-795
-865
-925
-975
-1007
-1033
-1041
-1034
-1022
-985
-940
-878
-799
-712
-608
-498
-379
-258
-134
-7
109
225
333
433
524
602
668
724
764
788
806
806
795
776
743
699
651
592
530
468
396
326
250
181
111
33
-41
-111
-179
-236
-292
-342
-389
-436
-470
-496
-504
-507
-506
-491
-476
-448
-417
-376
-325
-268
-201
-136
-64
12
87
166
240
314
392
461
520
577
629
672
707
736
757
769
769
763
751
722
682
627
562
490
419
335
244
142
37
-69
-183
-291
-389
-492
-587
-662
-730
-789
-834
-874
-899
-913
-911
-895
-872
-834
-787
-732
-670
-594
-520
-439
-352
-273
-184
-108
-41
26
89
147
198
243
283
327
364
391
419
433
445
450
445
438
421
392
357
322
282
235
179
118
59
0
-62
-117
-165
-209
-245
-272
-290
-295
-294
-283
-272
-244
-208
-170
-125
-77
-24
25
78
123
167
213
253
293
331
368
398
421
437
448
460
469
472
467
447
427
399
361
318
269
216
158
96
30
-38
-103
-170
-228
-287
-343
-392
-439
-475
-508
-524
-535
-537
-530
-520
-496
-467
-438
-410
-380
-337
-295
-256
-217
-179
-137
-96
-61
-24
13
48
85
120
149
188
224
247
268
285
301
313
314
312
307
294
283
264
243
226
201
175
148
123
107
95
92
94
96
104
107
120
134
150
167
177
187
194
199
197
191
175
156
132
102
71
29
-16
-66
-116
-164
-215
-264
-312
-361
-409
-452
-492
-527
-552
-574
-594
-591
-588
-585
-566
-547
-508
-463
-429
-379
-323
-261
-191
-125
-54
21
84
156
226
291
353
411
455
482
513
537
544
546
531
510
495
462
431
387
338
298
248
204
158
117
77
44
21
1
-17
-44
-70
-95
-115
-134
-150
-163
-173
-179
-183
-177
-172
-164
-145
-126
-94
-62
-31
4
40
81
112
144
172
198
223
237
258
265
264
256
236
225
205
183
161
128
96
56
25
-12
-58
-94
-145
-188
-234
-275
-307
-345
-366
-401
-425
-444
-461
-463
-469
-458
-451
-437
-403
-386
-354
-325
-287
-242
-212
-160
-126
-85
-38
-4
51
91
128
172
205
252
284
318
346
363
384
393
404
401
385
384
365
346
321
283
253
208
168
133
91
60
20
-14
-43
-78
-91
-113
-128
-137
-154
-150
-158
-150
-146
-143
-124
-119
-97
-78
-61
-38
-25
1
22
34
58
77
97
116
131
148
160
176
184
192
201
195
197
192
187
184
175
166
144
128
112
88
65
40
14
-10
-42
-68
-95
-125
-152
-184
-208
-226
-250
-270
-290
-310
-314
-322
-322
-329
-331
-313
-304
-289
-279
-263
-235
-220
-189
-167
-147
-114
-97
-64
-47
-26
4
10
37
50
66
91
88
108
114
114
133
127
134
134
130
140
132
132
132
133
138
130
138
137
142
148
145
158
158
159
169
161
168
169
166
178
165
162
156
138
139
123
108
98
77
75
56
43
39
17
17
0
-6
-4
-28
-28
-47
-60
-55
-69
-68
-77
-90
-98
-114
-124
-137
-151
-166
-175
-184
-193
-198
-202
-201
-208
-202
-197
-190
-183
-176
-153
-145
-126
-108
-96
-67
-59
-41
-28
-10
20
29
47
61
74
89
88
94
94
98
94
90
93
82
82
72
60
51
35
29
11
5
-9
-27
-32
-44
-43
-48
-54
-50
-50
-43
-37
-29
-16
-6
7
21
38
56
71
80
92
105
117
125
134
143
154
161
163
166
169
168
166
164
160
157
146
135
128
114
109
90
69
58
34
16
-9
-30
-52
-75
-89
-112
-122
-136
-151
-161
-178
-183
-195
-204
-205
-215
-215
-213
-213
-211
-210
-201
-194
-183
-171
-154
-137
-128
-112
-96
-78
-59
-45
-25
-6
12
28
41
56
70
79
89
91
91
94
88
85
81
74
69
70
71
73
77
71
73
81
80
81
86
90
94
95
93
92
89
92
97
97
97
97
103
107
106
107
114
116
120
123
122
121
116
112
105
98
90
83
75
63
55
41
24
10
-3
-16
-30
-41
-59
-73
-92
-113
-136
-158
-182
-215
-239
-267
-292
-312
-338
-355
-370
-375
-375
-384
-386
-378
-367
-349
-331
-316
-289
-257
-225
-195
-165
-129
-90
-54
-18
23
59
94
131
166
200
231
257
281
308
332
347
363
372
380
388
382
379
377
367
358
345
331
321
296
273
249
223
203
173
149
128
106
88
64
54
46
28
22
9
3
0
-8
-12
-24
-28
-33
-50
-64
-79
-93
-109
-130
-142
-156
-171
-176
-188
-198
-201
-205
-210
-219
-228
-229
-222
-224
-212
-213
-213
-206
-211
-193
-192
-185
-171
-171
-149
-145
-124
-106
-102
-73
-69
-45
-27
-20
2
3
27
34
41
58
49
63
58
58
64
58
71
63
69
65
55
69
56
70
69
63
78
69
86
85
89
105
92
112
104
105
111
96
110
97
101
99
77
91
75
81
80
74
94
79
90
90
85
99
89
94
81
82
84
61
64
44
37
35
12
16
-5
-17
-25
-53
-50
-67
-72
-68
-92
-83
-94
-92
-86
-108
-101
-117
-114
-103
-119
-104
-107
-102
-95
-101
-74
-72
-57
-42
-42
-18
-21
-5
7
9
32
24
36
37
34
45
34
43
43
42
49
28
26
14
7
5
-13
-14
-27
-41
-48
-65
-63
-67
-77
-78
-88
-85
-81
-89
-79
-77
-70
-63
-59
-33
-30
-9
5
9
44
50
71
93
103
139
137
154
169
169
198
195
215
220
209
220
194
208
201
176
182
148
143
128
87
81
38
14
-4
-44
-54
-98
-128
-146
-178
-189
-223
-235
-245
-262
-251
-263
-261
-253
-242
-205
-197
-168
-144
-127
-86
-73
-39
-6
13
48
63
90
110
116
134
134
140
144
135
135
123
112
106
85
73
65
54
45
32
18
14
6
1
-5
-18
-22
-28
-33
-31
-27
-22
-15
-16
-9
-3
3
5
5
12
14
19
21
25
34
38
41
39
35
37
41
41
38
35
31
28
26
20
23
17
16
14
3
7
4
-5
-10
-25
-31
-40
-45
-46
-60
-67
-82
-97
-102
-119
-125
-138
-156
-166
-185
-185
-192
-204
-197
-205
-189
-180
-178
-157
-152
-122
-104
-82
-52
-37
-1
18
53
85
105
142
162
197
223
247
270
278
289
291
307
310
306
292
280
279
253
248
223
207
187
161
155
116
110
79
59
47
16
23
-10
-11
-22
-41
-35
-62
-58
-72
-77
-78
-89
-88
-109
-106
-118
-123
-123
-149
-143
-169
-170
-179
-194
-181
-201
-181
-194
-189
-179
-196
-168
-186
-159
-152
-150
-127
-145
-114
-124
-106
-96
-104
-65
-75
-40
-45
-40
-13
-25
13
1
28
37
34
66
45
82
73
92
106
88
123
103
135
132
129
151
124
151
121
118
117
97
112
86
97
75
70
72
41
58
33
31
31
13
28
9
22
24
21
32
23
40
33
36
42
31
37
23
34
34
22
29
18
22
3
-6
-7
-18
-12
-27
-34
-49
-57
-58
-70
-66
-76
-80
-82
-88
-92
-99
-98
-97
-98
-99
-94
-102
-100
-100
-106
-97
-106
-97
-93
-94
-85
-92
-84
-79
-66
-55
-52
-40
-41
-32
-22
-14
0
8
18
29
44
47
55
66
78
84
86
108
104
118
123
134
156
149
176
164
167
177
168
187
167
175
157
141
147
115
118
91
79
59
32
32
-1
-2
-31
-40
-50
-70
-65
-95
-81
-106
-108
-104
-122
-94
-121
-99
-105
-107
-81
-107
-72
-101
-89
-78
-97
-50
-77
-43
-45
-47
-11
-38
-3
-19
-3
4
-11
15
-13
8
-5
-17
-9
-40
-18
-39
-36
-39
-62
-50
-76
-61
-76
-74
-56
-62
-29
-42
-25
-18
-15
12
2
27
25
41
64
68
98
93
108
111
110
128
124
139
124
123
111
91
93
66
63
50
36
35
17
8
-3
-5
-11
-15
-18
-24
-23
-31
-31
-32
-26
-24
-26
-19
-22
-11
-12
-12
-9
-8
2
-3
2
-2
1
7
3
13
8
8
-1
-9
-5
-11
-10
-16
-20
-24
-25
-30
-44
-47
-51
-54
-60
-62
-64
-67
-65
-67
-59
-66
-62
-59
-70
-59
-78
-69
-65
-74
-50
-78
-57
-66
-68
-45
-75
-34
-52
-42
-23
-42
2
-15
14
29
30
64
53
86
87
102
126
130
158
150
165
162
166
164
157
158
134
150
123
130
117
93
111
69
77
52
29
30
-13
-4
-30
-37
-38
-64
-58
-84
-75
-75
-85
-69
-78
-66
-65
-66
-57
-67
-59
-63
-61
-51
-53
-43
-45
-42
-42
-42
-34
-36
-30
-27
-28
-24
-24
-24
-16
-12
-7
-7
-9
-11
-21
-21
-18
-22
-14
-16
-7
-9
-19
-4
-13
-2
-3
-3
11
-3
18
14
17
28
17
39
28
36
46
33
49
35
46
50
46
59
48
56
40
40
44
34
44
29
35
23
22
26
11
16
2
3
-1
-8
0
-9
2
-7
-11
-7
-26
-12
-21
-20
-21
-35
-21
-36
-27
-31
-32
-28
-44
-34
-44
-37
-34
-34
-26
-35
-26
-34
-28
-29
-36
-34
-40
-31
-36
-33
-33
-36
-32
-41
-39
-42
-40
-36
-35
-31
-31
-25
-32
-28
-21
-13
6
9
29
42
55
68
73
87
92
104
107
110
115
114
122
119
122
118
111
108
96
93
79
73
62
46
44
24
20
5
-5
-2
-20
-23
-43
-49
-52
-64
-62
-79
-74
-84
-85
-77
-94
-81
-91
-88
-83
-84
-65
-77
-68
-73
-77
-70
-77
-64
-69
-65
-61
-65
-50
-56
-51
-45
-47
-31
-35
-24
-18
-18
1
-4
21
28
33
54
44
63
57
67
68
63
84
69
81
70
66
71
46
61
50
53
51
37
46
29
46
38
41
50
42
62
50
67
64
66
83
76
89
75
82
77
75
76
58
63
39
36
21
2
-6
-40
-45
-77
-91
-105
-136
-139
-172
-166
-177
-187
-176
-197
-180
-188
-173
-163
-164
-134
-145
-113
-105
-92
-66
-68
-30
-32
-6
5
9
43
29
66
65
73
95
79
109
93
111
123
114
141
123
142
132
128
139
123
143
121
128
122
102
111
83
95
77
70
74
49
56
31
35
24
6
9
-17
-9
-26
-26
-26
-38
-25
-43
-38
-45
-51
-46
-65
-55
-62
-61
-64
-70
-67
-79
-72
-75
-73
-66
-67
-64
-65
-59
-56
-54
-50
-47
-43
-38
-37
-35
-40
-36
-35
-39
-36
-47
-39
-44
-46
-34
-41
-32
-28
-21
-12
-20
-7
-12
-12
0
-7
16
12
17
31
19
39
32
42
58
56
85
76
90
91
81
96
85
105
100
105
109
97
106
89
92
76
64
60
38
39
20
17
7
-5
-7
-25
-25
-36
-35
-35
-43
-37
-51
-45
-59
-62
-59
-61
-51
-60
-46
-54
-49
-40
-46
-31
-42
-28
-35
-33
-19
-32
-11
-26
-22
-18
-23
-4
-23
-10
-16
-17
-6
-17
2
-7
3
4
4
20
9
22
17
23
27
14
24
17
24
27
20
24
13
14
7
6
8
5
14
8
12
8
7
8
6
8
0
4
1
8
5
9
13
8
14
5
8
12
9
6
0
3
-1
-2
-8
-10
-7
-18
-12
-16
-15
-8
-16
-9
-9
-7
-6
-6
-7
-14
-16
-20
-20
-14
-11
-13
-11
-19
-21
-14
-12
-2
0
9
13
17
23
20
