-43
-44
-46
-39
-45
-34
-28
-9
3
7
26
32
42
39
45
53
52
57
58
75
76
73
76
61
54
57
46
54
43
37
38
24
26
12
14
6
-11
-8
-14
-10
-20
-20
-22
-29
-25
-35
-28
-32
-24
-8
-11
-5
-8
-14
-17
-21
-10
-4
-1
4
-9
-15
-29
-31
-28
-22
-14
-8
-3
-17
-24
-39
-39
-30
-26
-8
-13
-6
-9
-16
-10
-16
-2
-5
6
14
9
23
12
17
22
20
28
33
38
20
17
14
5
9
1
2
-2
-9
-10
-8
1
-6
0
4
2
4
7
23
19
28
23
7
18
-3
-1
-8
-24
-25
-34
-29
-36
-32
-28
-33
-9
-9
-9
-1
10
16
8
31
26
28
41
19
26
24
26
32
26
27
15
22
22
21
25
26
25
17
24
2
-7
-9
-29
-32
-37
-41
-35
-35
-31
-30
-17
-11
-11
-2
3
6
11
13
6
5
12
8
8
12
0
-8
-9
-16
-25
-22
-28
-34
-47
-44
-52
-57
-45
-54
-54
-54
-53
-53
-48
-44
-42
-17
-14
-8
4
11
11
18
26
15
32
28
40
51
45
55
47
74
62
75
74
55
80
60
65
63
69
61
46
64
26
35
35
12
20
9
9
-16
-6
-10
-32
-19
-37
-45
-31
-19
-35
-27
-16
-35
-25
-20
-25
-20
0
2
-8
12
-8
-2
11
3
9
7
22
0
-1
0
-38
-25
-43
-53
-53
-67
-67
-89
-90
-105
-116
-103
-107
-98
-87
-81
-76
-69
-61
-49
-21
-12
-5
12
15
32
28
35
39
41
59
49
60
58
57
66
59
80
73
83
93
85
93
79
82
70
66
64
37
49
34
26
45
28
45
38
45
45
28
53
28
50
58
42
70
58
67
39
40
34
-2
26
-1
17
6
-24
-34
-75
-63
-91
-82
-98
-122
-112
-142
-129
-141
-133
-132
-134
-107
-123
-95
-94
-82
-57
-54
-22
-15
1
16
32
35
21
47
43
44
53
48
42
28
30
9
18
21
-12
4
-6
-22
-5
-19
-20
-17
-10
-18
-23
8
-9
12
23
13
33
29
43
42
61
61
49
86
75
83
91
81
89
82
86
66
71
67
39
54
37
30
31
19
21
6
20
-2
-5
-5
-34
-35
-39
-42
-55
-36
-48
-57
-32
-48
-44
-41
-39
-49
-46
-20
-47
-23
-28
-32
-37
-40
-25
-48
-16
-37
-32
-31
-50
-27
-54
-32
-35
-34
-6
-19
-6
-14
-6
-15
-18
2
-18
-13
-5
-3
-15
1
1
-15
15
-6
-7
16
0
-1
14
24
9
39
37
26
59
61
54
73
85
50
67
90
38
51
72
38
38
69
32
11
37
-8
-17
-4
-12
-39
-14
-22
-42
-10
-13
-5
-5
18
6
31
63
25
80
36
53
48
31
61
7
29
-1
6
-9
-46
-31
-110
-72
-101
-100
-92
-110
-93
-95
-68
-118
-96
-109
-119
-70
-72
-25
-33
-8
-38
-60
-20
-71
8
50
31
90
65
45
2
-7
19
-9
90
52
62
75
-19
-5
-24
-19
15
47
81
35
44
9
-8
-10
8
41
46
50
27
17
-13
-19
-5
-28
12
2
-18
-40
-78
-94
-106
-87
-48
-57
0
-58
-53
-37
-88
-18
9
88
82
83
163
69
135
133
148
249
242
314
237
281
195
112
199
103
162
125
131
93
-54
-8
-175
-87
-94
-162
-41
-111
-65
-175
-199
-104
-195
-93
-109
-46
9
-25
-40
-56
-14
-9
-103
-61
39
-79
-56
-58
-151
-71
-160
-149
-158
-183
-204
-356
-201
-301
-325
-215
-289
-175
-245
-260
-241
-276
-149
-219
-58
3
2
137
35
138
114
129
230
262
405
352
431
355
304
319
176
256
235
313
270
248
228
33
70
-7
31
36
71
145
63
116
-37
-47
-35
-9
65
81
199
66
97
88
-30
6
6
81
103
139
62
5
42
-56
-103
-33
-1
-59
0
-48
-98
-114
-166
-142
-177
-124
-244
-256
-179
-305
-313
-318
-212
-288
-273
-212
-304
-201
-259
-158
-131
-55
-57
-198
70
-43
-59
36
63
137
17
129
24
74
97
-73
16
18
48
-45
7
32
-49
-18
-87
16
78
100
76
106
219
176
204
168
289
396
212
257
318
333
272
206
283
201
264
128
62
304
101
8
44
126
91
-25
96
-74
4
-40
-188
-14
-17
-29
-110
-41
-172
-188
-33
-121
-57
-58
-30
-93
-97
-77
-137
-31
-74
-32
-19
-81
-104
-150
-38
-125
-129
24
-26
-106
-144
-97
-101
-146
-167
-154
-109
-163
-264
-251
-153
-154
-264
-277
-242
-238
-238
-176
-150
-153
-152
-156
-53
-70
52
115
100
196
163
198
174
269
333
357
387
208
264
295
333
280
176
288
214
211
158
108
147
90
89
-8
20
20
-28
-11
-27
16
-104
-96
-55
-66
73
9
-79
25
91
34
0
60
71
74
38
-55
-6
28
-19
-31
-41
-18
-108
-120
-44
-118
-124
-163
-170
-113
-162
-124
-111
-87
-87
-127
-83
-98
-122
-141
-103
-45
-71
-68
-45
-38
-26
-37
-19
-5
-36
-1
50
5
-44
-57
-19
46
45
35
32
95
93
-27
-33
-5
3
29
69
67
73
129
71
63
94
33
17
97
123
84
102
96
78
96
56
39
68
67
59
46
26
16
-16
-58
-77
-53
-40
-14
43
14
-17
-26
-81
-89
-82
-92
-71
-21
57
25
-21
-24
-64
2
27
4
40
15
-8
-25
-58
-73
-97
-21
52
55
79
75
65
10
40
31
-51
-15
-111
-141
-74
-127
-122
-72
-15
-33
-74
-80
-96
-65
-92
-141
-158
-70
-66
-116
-65
-112
-61
45
-20
-73
-13
-1
-32
-9
-66
-47
43
49
86
70
145
208
177
194
176
171
163
197
147
154
273
234
207
229
210
117
102
50
-63
39
56
-1
-4
20
15
-88
-33
-71
-68
23
-20
-38
-144
-99
-155
-157
48
32
167
288
312
162
90
41
-156
155
59
-164
-92
-266
-281
-303
-274
-386
-192
73
-124
-23
-152
-291
-313
-353
-481
-590
-109
-25
-98
-40
-306
-345
-143
4
13
217
470
417
336
212
-17
-63
91
56
-3
143
283
250
158
53
-57
96
187
195
262
258
220
62
-90
-148
-93
-18
50
46
-76
-57
-32
-14
155
283
202
136
165
64
47
-21
-212
-153
2
140
205
212
228
78
-19
-59
-80
114
218
296
216
-6
-73
-149
-20
-48
-108
-5
-22
138
169
193
117
-65
-55
-264
-367
-527
-709
-501
-291
-88
-151
-142
34
-69
-99
-325
-391
-293
-276
-80
-258
-235
-146
-78
-25
-220
78
125
129
42
-160
-75
-134
150
259
268
240
144
225
58
49
70
67
80
101
240
395
611
539
309
215
262
280
301
294
154
125
80
178
373
410
360
228
114
-201
-403
-201
-81
5
-7
-128
-101
-86
-98
-244
-241
-139
-159
-77
-263
-312
-277
-341
-267
-218
-75
-45
56
-1
-102
-36
-114
-33
-73
-266
-366
-384
-277
-315
-308
-286
-165
297
283
111
-67
-339
-400
-424
-220
-159
127
283
64
170
57
10
22
149
276
225
197
-132
-111
-105
-142
41
352
824
741
477
-71
-397
-269
-209
1
54
338
534
425
275
48
-26
-55
-17
4
-52
-108
-152
-134
69
66
46
273
264
149
-133
-360
-392
-250
-109
-146
125
435
510
371
60
-295
-452
-296
-208
-21
253
211
94
-31
-275
-213
104
449
653
504
273
-72
-208
-159
-160
4
186
374
305
207
-15
-215
-102
-35
257
239
104
-64
-496
-519
-580
-558
-436
-324
-83
-43
30
-260
-576
-571
-392
98
348
601
655
405
160
-347
-585
-383
52
270
136
-6
-188
-151
-22
-164
-247
7
242
328
121
-275
-558
-652
-463
-504
-401
-100
36
236
112
-54
-82
110
387
428
405
231
178
165
238
428
514
565
428
231
84
36
66
172
315
440
386
119
-66
-213
-93
72
120
139
83
103
-13
-140
-282
-258
30
334
672
816
929
884
622
306
-118
-351
-471
-478
-423
-437
-389
-377
-297
-224
-255
-270
-347
-363
-327
-366
-489
-751
-962
-1037
-931
-659
-378
-22
288
452
471
303
195
156
133
64
-190
-392
-533
-509
-376
-378
-364
-396
-348
-207
-152
-71
-68
-26
68
75
171
218
294
406
382
424
436
563
758
797
836
708
643
702
800
999
1038
1014
817
503
268
18
-23
24
133
286
307
355
283
239
275
270
322
277
240
171
-2
-203
-468
-593
-605
-529
-430
-429
-428
-467
-507
-593
-705
-763
-805
-827
-950
-1153
-1382
-1572
-1685
-1804
-1847
-1830
-1724
-1526
-1367
-1175
-978
-712
-427
-238
-54
88
274
426
494
570
682
1011
1405
1738
1963
2054
2180
2233
2239
2157
2000
1886
1688
1481
1226
1021
916
785
679
526
457
445
393
278
34
-145
-230
-211
-184
-262
-363
-476
-523
-563
-636
-749
-863
-895
-841
-666
-497
-403
-465
-678
-893
-1016
-950
-824
-746
-775
-860
-886
-850
-729
-601
-476
-402
-413
-426
-462
-487
-564
-701
-798
-753
-446
-1
464
862
1278
1816
2360
2712
2661
2296
1840
1467
1195
888
528
140
-225
-570
-945
-1248
-1458
-1625
-1901
-2366
-2899
-3329
-3576
-3787
-4073
-4388
-4505
-4275
-3760
-3079
-2322
-1414
-310
924
2146
3258
4272
5169
5956
6565
6968
7137
7066
6759
6248
5656
5003
4337
3603
2781
1949
1181
505
-172
-910
-1732
-2551
-3262
-3863
-4411
-4969
-5491
-5889
-6079
-6007
-5760
-5395
-4935
-4373
-3651
-2765
-1748
-729
234
1132
2009
2911
3737
4369
4675
4724
4684
4656
4597
4309
3728
2910
2107
1421
824
188
-573
-1326
-2009
-2523
-2952
-3320
-3634
-3886
-3955
-3859
-3563
-3208
-2853
-2523
-2146
-1651
-1069
-428
131
579
843
1079
1318
1657
2005
2194
2304
2277
2448
2589
2620
2465
2148
2211
2371
2649
2522
2012
1596
1134
948
379
-324
-1000
-1583
-1830
-2423
-2887
-3428
-3727
-3873
-4273
-4378
-4507
-4232
-4158
-4436
-4667
-4749
-4075
-3414
-2871
-2520
-1946
-681
696
2002
2827
3654
4735
5918
6949
7456
7733
7844
7897
7723
7331
6860
6348
5749
4880
3909
2961
2245
1519
612
-420
-1434
-2064
-2636
-3240
-4042
-4838
-5294
-5647
-5857
-6214
-6460
-6435
-6220
-5730
-5188
-4393
-3501
-2613
-1779
-1016
-96
809
1581
2052
2442
2945
3478
3831
3746
3566
3474
3560
3546
3160
2609
1965
1429
777
-19
-808
-1507
-1982
-2485
-2925
-3238
-3344
-3276
-3240
-3119
-2850
-2319
-1739
-1274
-909
-574
-146
221
503
642
764
851
852
744
568
519
510
667
782
1004
1347
1816
2532
3061
3514
3667
3791
3951
3857
3548
2741
1971
1230
572
-122
-996
-1572
-2080
-2422
-3005
-3690
-4125
-4412
-4554
-5143
-5833
-6336
-6369
-6076
-5965
-5844
-5526
-4506
-3073
-1555
-214
1048
2608
4263
5949
7197
8141
8874
9363
9668
9454
9008
8304
7551
6691
5602
4572
3551
2751
1809
738
-324
-1261
-1906
-2698
-3618
-4702
-5649
-6335
-6954
-7481
-8006
-8240
-8168
-7839
-7290
-6622
-5719
-4706
-3587
-2413
-1172
135
1315
2328
3128
3891
4645
5271
5666
5749
5719
5643
5539
5254
4674
3901
3044
2268
1474
589
-383
-1355
-2108
-2665
-3045
-3297
-3459
-3421
-3240
-2884
-2401
-1920
-1438
-1074
-706
-332
1
245
261
205
50
-88
-254
-487
-608
-673
-486
-245
36
423
917
1745
2464
2988
3141
3191
3426
3422
3188
2385
1571
908
311
-132
-901
-1481
-2076
-2474
-2835
-3494
-3994
-4536
-4757
-5315
-6198
-6898
-7112
-6581
-6359
-6336
-6184
-5184
-3358
-1644
-191
936
2461
4288
6131
7587
8350
8891
9302
9800
9955
9614
8985
8279
7631
6728
5750
4804
4067
3219
2088
954
8
-588
-1358
-2361
-3520
-4517
-5135
-5674
-6161
-6827
-7294
-7417
-7182
-6656
-6194
-5568
-4854
-3872
-2767
-1729
-685
170
1033
1752
2468
3141
3610
3950
4012
4106
4185
4220
4103
3673
3108
2435
1839
1266
552
-312
-1224
-1879
-2231
-2440
-2626
-2846
-2942
-2825
-2532
-2112
-1776
-1499
-1252
-988
-656
-440
-330
-439
-698
-922
-1127
-1202
-1293
-1303
-1105
-794
-305
354
1412
2610
3446
3848
3939
4222
4376
4117
3381
2316
1536
867
476
-109
-905
-1560
-2032
-2063
-2495
-3125
-3853
-4356
-4769
-5786
-6716
-7381
-7216
-6990
-7040
-6830
-6050
-4197
-2320
-553
908
2567
4693
6676
8363
9086
9565
9908
10293
10338
9561
8585
7480
6804
5895
4781
3677
2842
2496
1821
1105
242
-265
-679
-1496
-2557
-3857
-4658
-5299
-5836
-6546
-7265
-7419
-7137
-6443
-5956
-5395
-4513
-3227
-1812
-823
43
851
1797
2499
2869
3127
3298
3481
3364
3148
2864
2672
2528
2214
1796
1183
668
137
-487
-1300
-2235
-2870
-3287
-3515
-3799
-4045
-3915
-3498
-2814
-2194
-1603
-875
-113
709
1141
1278
1225
1072
962
499
14
-373
-376
-104
92
627
1485
2700
3654
4109
4370
4453
4432
3879
2888
1641
392
-610
-1508
-2374
-3345
-4091
-4357
-4325
-4366
-4619
-4740
-4647
-4665
-4980
-5320
-5276
-4963
-4778
-4629
-4105
-2889
-1230
444
2063
3733
5738
7910
9832
11051
11508
11730
11872
11729
10790
9099
7242
5514
3905
2115
303
-1194
-2267
-3038
-3761
-4341
-4658
-4702
-4752
-5044
-5484
-5861
-6001
-6098
-6339
-6677
-6782
-6357
-5525
-4594
-3769
-2827
-1508
56
1525
2643
3541
4427
5163
5570
5616
5426
5139
4676
4075
3428
2759
2097
1342
627
-68
-746
-1339
-1936
-2422
-3024
-3558
-3815
-3909
-3903
-4093
-4008
-3463
-2670
-1851
-1310
-575
237
1116
1921
2409
2764
2552
2282
2040
1869
1795
1659
2122
2690
3216
3413
3590
4117
4110
3600
2330
1249
520
-274
-1163
-2760
-4172
-5487
-6170
-6600
-7287
-7783
-8216
-7799
-7591
-7507
-7429
-7083
-6051
-5515
-4928
-4320
-2889
-881
829
2355
3514
5448
7681
9931
11469
12073
12681
13155
13802
13570
12467
10877
9203
7802
5944
3842
1437
-487
-2087
-3541
-4711
-5842
-6373
-6988
-7584
-8200
-8684
-8719
-8672
-8425
-8355
-7998
-7264
-6149
-4765
-3785
-2634
-1231
480
2195
3318
4220
5127
6183
7065
7656
7926
7935
7896
7459
6857
6069
5061
4053
2825
1383
-83
-1457
-2770
-3900
-5124
-6139
-6600
-6853
-6765
-6644
-6333
-5619
-4675
-3735
-2913
-2007
-1167
-64
731
1171
1510
1555
1947
2363
3089
3945
4591
5052
5117
5527
5754
5737
4999
3544
2351
1035
78
-1184
-2788
-4371
-6113
-7155
-8040
-8641
-9225
-9862
-10015
-10377
-10461
-10395
-9872
-8866
-8294
-7518
-6356
-4240
-1657
434
2404
4450
7275
10297
12926
14952
16266
17516
18457
19020
18652
17218
15378
13396
11508
9190
6426
3675
1333
-532
-2349
-4110
-5644
-6718
-7472
-8231
-9011
-9765
-10371
-10806
-11160
-11450
-11567
-11373
-10720
-9785
-8757
-7577
-6023
-4000
-1921
-145
1327
2864
4619
6287
7497
8147
8519
8779
8916
8665
7998
7053
5970
4838
3398
1738
-33
-1672
-3097
-4465
-5551
-6346
-6693
-6720
-6564
-6068
-5369
-4400
-3393
-2422
-1472
-701
105
717
1227
1744
2528
3938
5267
6221
6573
6901
7608
8007
7899
6857
5597
4403
3168
1998
220
-1727
-3909
-5827
-7330
-8946
-10243
-11540
-12322
-13111
-14067
-14464
-14264
-13154
-12414
-11950
-11030
-9009
-5818
-2994
-634
1457
4341
8072
11628
14523
16280
17902
19564
21135
21897
21227
19912
18294
16876
14890
12157
9131
6207
3768
1079
-1585
-4112
-6054
-7582
-9189
-10540
-11640
-12037
-12307
-12593
-12889
-12974
-12385
-11566
-10522
-9760
-8918
-7711
-6078
-4106
-2553
-1214
-91
1355
2978
4322
5368
5911
6475
6816
6990
6929
6593
6183
5336
4328
3102
1959
860
-466
-1782
-3121
-3977
-4495
-4831
-5169
-5553
-5411
-4716
-3518
-2435
-1602
-714
465
2103
3902
5810
7349
8380
9019
9656
10376
10313
9287
7425
5714
4369
3049
1789
91
-1569
-3280
-4520
-5206
-6225
-7306
-8695
-9588
-10509
-12014
-13393
-14625
-14934
-15362
-15802
-15531
-14436
-12074
-9827
-7361
-4517
-936
3523
7424
10854
13349
15699
18141
19991
21189
20948
20245
19352
18362
16922
14301
11466
8795
6765
4745
2307
-88
-2374
-4313
-6347
-8294
-9967
-11358
-12444
-13310
-13725
-13761
-13361
-12516
-11302
-9946
-8507
-6792
-4608
-2301
-549
698
1725
3154
4705
5892
6596
6768
7053
7289
7444
7271
6563
5789
4798
3684
2180
220
-1767
-3724
-5400
-6830
-8080
-8946
-9467
-9487
-8972
-8275
-7133
-5664
-3751
-1476
655
3423
6431
9394
11545
12474
13607
14504
15023
14175
12089
10314
8574
7334
5617
3378
1024
-1654
-3512
-5217
-6957
-9052
-11327
-12681
-13948
-15308
-16824
-17767
-17632
-17529
-17498
-17187
-15616
-12896
-10201
-7617
-4909
-1145
3287
7415
10806
13245
15690
18127
20374
21765
21649
20788
19600
18733
17430
15003
12003
8969
6790
4550
1892
-847
-3387
-5209
-7245
-9285
-11083
-12460
-13179
-13972
-14465
-14659
-14282
-13205
-11981
-10522
-9153
-7360
-4957
-2385
43
1744
3382
5249
7224
8988
9910
10446
10741
11035
11154
10602
9694
8323
6874
5180
3039
945
-1374
-3490
-5595
-7697
-9277
-10817
-11778
-12416
-12671
-12070
-11160
-9380
-7422
-5097
-1960
1202
4562
6909
8912
10963
12359
13523
13310
12784
11918
10533
9657
8187
6931
4990
2839
1401
-548
-2118
-4438
-6472
-8373
-11107
-13174
-15267
-16101
-17125
-18625
-19209
-19079
-16871
-14711
-12455
-9939
-6940
-2340
1931
6203
9305
11887
14718
17059
19441
20091
19925
19301
18706
18490
16991
15122
12714
10717
8980
6544
4246
1554
-725
-3230
-6000
-8315
-10646
-12330
-14125
-15565
-16355
-16648
-15871
-14899
-13574
-12279
-10742
-8257
-5509
-2666
-629
1026
3104
5479
7970
9464
10118
10555
11123
11856
11927
11209
9890
8253
6563
4661
2497
85
-2545
-5069
-7227
-8972
-10299
-11361
-11942
-11842
-11083
-9680
-7823
-5373
-2372
581
3107
5214
7334
9515
10839
11011
10382
9710
9322
8608
7637
6248
4775
3542
2467
1752
308
-1649
-3670
-5380
-6791
-9366
-12187
-14577
-15936
-16661
-18028
-18845
-18776
-17087
-14509
-11994
-8992
-5662
-1217
3373
7665
11470
14559
17674
20117
22069
22814
22561
22083
21292
20390
18210
15583
13147
11182
9212
6026
2829
-150
-2388
-4792
-7980
-10948
-13813
-15533
-16948
-18136
-18967
-19707
-19036
-17774
-15850
-14059
-12508
-9962
-7090
-3758
-1230
781
3294
6018
9035
11028
12457
13848
15106
16184
16177
15491
14285
12664
10568
7652
4216
521
-3217
-6961
-10601
-14001
-16810
-18878
-19878
-19881
-19199
-17532
-14646
-10162
-5485
-1611
1868
5732
10236
13280
14472
14439
14344
14520
13923
13070
11497
9757
8151
6907
6262
4688
2757
733
-848
-2575
-5587
-8509
-11038
-12706
-14691
-17296
-18981
-19393
-18191
-17131
-16209
-14428
-11221
-6511
-2195
1704
5157
8769
12716
16140
18950
20190
20621
20929
21454
21631
20320
18564
17054
16121
14532
11777
8877
6200
3810
554
-3251
-7031
-10361
-13077
-15839
-18210
-20366
-21618
-21849
-21370
-20231
-19119
-17225
-14655
-11441
-8316
-5877
-3097
16
3567
6403
8422
10443
12501
14607
15680
15954
15749
15255
14467
12864
10567
7565
4245
823
-2409
-5707
-8965
-11873
-14268
-15539
-16193
-15504
-13804
-11718
-9346
-7273
-4150
-1086
1341
2964
3569
4727
5306
6072
6638
6205
5710
4530
4615
4973
4675
4274
3257
3201
2508
1202
-177
-2020
-3311
-5483
-7518
-9140
-10231
-10333
-10895
-10758
-9977
-7916
-5002
-2596
46
2365
5196
8039
10704
13010
13815
14241
14403
15012
15017
13853
12773
11821
11531
10634
9304
7900
6309
4889
2799
678
-1624
-3730
-5678
-8116
-10386
-12612
-14180
-15383
-16301
-16659
-16672
-15973
-14745
-12850
-10810
-8730
-6355
-3538
-293
2672
5552
8146
10637
12803
14280
15322
15484
15226
14129
12153
9634
6704
4064
987
-2300
-5464
-8097
-9881
-11283
-11586
-11016
-10146
-9267
-8134
-6010
-3886
-2834
-2551
-2151
-1203
-706
-990
-1224
-1310
-1252
-1521
-1604
-1156
-963
-585
-84
813
1249
606
194
156
495
-204
-1853
-3069
-3470
-2881
-2796
-3004
-2935
-1979
109
1989
3745
5052
6441
8213
9874
11378
11714
11435
11212
11203
10998
9750
8429
7631
7059
6071
4500
3313
2716
2035
755
-1015
-2467
-3346
-4162
-5305
-6860
-8099
-8837
-9321
-9796
-10512
-11017
-11195
-10732
-9867
-9121
-8400
-7309
-5112
-2344
329
2665
4919
7458
9646
11301
12227
12622
12629
11810
10199
7865
5502
3194
430
-2729
-5856
-7987
-9076
-9313
-8561
-7419
-6312
-5104
-3066
-204
1609
1582
929
869
1251
547
-1034
-2508
-3832
-4829
-5827
-6196
-6328
-6677
-6430
-5917
-4907
-4523
-4511
-4020
-3620
-2976
-3250
-3557
-3392
-2798
-1655
-1374
-619
833
3195
5624
7052
8844
10556
12570
14023
14812
15266
14592
13926
12908
11826
10113
7715
6047
4459
3052
954
-1202
-2494
-3602
-4486
-6202
-7666
-8280
-8302
-7975
-8472
-8577
-8304
-7601
-6746
-6366
-5681
-5351
-4716
-3886
-3033
-2145
-1691
-513
1077
3030
4857
6488
8559
10308
11913
12767
13174
13312
12504
10963
8260
5390
2457
-971
-4538
-8159
-10592
-12009
-12411
-11541
-10304
-8715
-7047
-4487
-1276
687
1352
1228
1710
2306
1638
282
-1702
-3349
-4815
-6193
-7072
-8443
-9387
-9864
-9597
-8917
-9107
-8894
-8420
-7370
-6536
-6668
-6329
-5698
-4082
-2763
-2032
-556
1629
5029
7790
10021
12308
14645
17347
18960
20107
20234
19681
19137
17993
16657
14119
11700
9755
7795
5708
2684
393
-1440
-3066
-5071
-7792
-9673
-11038
-11600
-12549
-13999
-14703
-14832
-13928
-13184
-12413
-11374
-10196
-8231
-6373
-4374
-2636
-934
1309
3411
5554
7383
9475
11551
12959
13983
14486
15127
15216
14365
12450
9710
7375
4926
2221
-1250
-4807
-7173
-8438
-8388
-8405
-8546
-8368
-7331
-4888
-3167
-2574
-2791
-2694
-1965
-2116
-2566
-3634
-4836
-5987
-7253
-7626
-8346
-8878
-9019
-8916
-8388
-8721
-8384
-7602
-6899
-6505
-7080
-6775
-6077
-4740
-3545
-3205
-2065
-346
2786
5655
7684
9885
12056
15108
17415
19156
19958
19606
19526
18914
18133
16130
13799
12027
9971
8073
5470
3592
2206
592
-1068
-3294
-4740
-6115
-7227
-8489
-10410
-11633
-12687
-13241
-14109
-14994
-15050
-14862
-13954
-13371
-12465
-10714
-8425
-5249
-2200
821
3628
6724
10194
12877
14727
15491
15882
15998
15351
13720
11078
8322
5647
3055
355
-2087
-3684
-3997
-3361
-3034
-2627
-2015
-773
557
447
-524
-1723
-2238
-3053
-4732
-6490
-8537
-9833
-10936
-11497
-11811
-12674
-12390
-11390
-9376
-8178
-8186
-7081
-5760
-4019
-3651
-4280
-4407
-4296
-2915
-2233
-1750
-1037
534
3726
6152
8670
10844
13346
16212
18010
19726
19929
19484
18828
17701
16096
13162
10429
7765
5392
2516
-563
-2319
-3893
-4823
-5867
-6584
-6471
-6088
-5306
-5359
-5458
-5806
-6138
-6443
-7402
-8302
-9715
-10429
-10785
-10991
-10626
-10382
-8905
-6490
-3550
-493
2696
6023
8650
11083
12805
14016
14287
13133
11427
8983
6323
3570
809
-1655
-4043
-5600
-5336
-3928
-2874
-2058
-650
1718
4142
5248
5014
4488
3937
2886
1814
86
-2384
-5156
-7971
-9480
-10744
-12144
-13410
-14210
-13835
-13598
-13064
-12161
-10762
-9256
-8776
-7864
-6518
-4589
-2933
-2049
-811
618
3120
5491
7325
9106
10549
12738
14861
16648
17681
17884
17977
17690
17505
16598
14916
12712
10197
7923
5053
2061
-917
-3702
-6175
-8348
-9695
-10530
-10457
-10435
-10505
-9768
-8687
-7296
-6389
-5903
-5683
-5322
-4862
-5205
-5205
-5019
-4720
-3730
-2305
-177
2101
4294
6242
8283
10510
11922
12592
12429
11480
9754
7227
4396
1397
-1652
-4683
-7036
-7650
-6814
-6109
-5671
-4659
-2568
103
1618
1985
2077
2414
2354
1536
725
-719
-2311
-3996
-5417
-6116
-7187
-8096
-8793
-8540
-8400
-9211
-9157
-9009
-8525
-8624
-9381
-9053
-7944
-6349
-5698
-4690
-2811
-355
2982
5061
7122
9378
11677
14260
16001
17298
17328
17143
17048
16589
15768
13685
11726
9913
8264
6064
3019
908
-1056
-3071
-5202
-7034
-8006
-8607
-8863
-9659
-10030
-9576
-9129
-8599
-8333
-8176
-8043
-7371
-6864
-6778
-6025
-5411
-4243
-2090
223
2754
5498
8515
11238
13416
14765
15328
15424
14389
12227
9060
5535
1940
-1803
-5108
-7960
-9333
-8978
-8145
-7419
-6487
-4300
-1300
939
1622
1454
1645
1718
1230
318
-1315
-3515
-5808
-7083
-7375
-7892
-8673
-9386
-8819
-7645
-7334
-6735
-5939
-5169
-4816
-4986
-4556
-3617
-2506
-2369
-2242
-1025
803
3436
5180
6252
7534
9092
11198
12745
13673
13678
13324
13235
13134
13006
11872
10201
8576
7396
6069
3680
1401
-928
-3226
-5510
-7829
-9447
-10569
-11332
-12430
-12842
-12063
-11146
-9955
-8760
-7401
-6039
-4433
-3125
-2617
-1443
-482
296
1530
2721
4206
5845
7532
8697
9818
10962
11611
12022
11512
10217
7845
5273
3176
682
-1725
-3966
-5021
-5059
-4982
-5056
-5146
-3939
-2733
-2192
-2294
-2716
-2549
-2865
-3119
-3513
-4315
-4998
-5817
-5962
-5915
-5687
-5715
-6027
-5470
-5608
-5956
-5488
-5025
-4937
-5549
-5898
-5452
-3778
-1835
-845
476
2403
5340
8772
11272
12907
14046
15604
17123
17714
17214
15885
14453
12694
10983
9391
7692
6157
4386
2601
810
-1032
-2657
-4672
-7215
-9804
-11820
-13171
-14088
-14927
-16303
-16930
-16079
-14747
-12997
-11363
-9922
-7830
-5125
-3157
-2154
-663
714
2179
3977
5180
6781
8768
10577
11965
12950
13687
13895
13722
12591
10541
7780
4718
2245
-313
-2832
-4370
-5130
-5147
-4585
-4304
-3944
-2947
-2030
-1733
-2043
-2409
-2755
-3021
-3336
-4180
-5209
-6173
-6462
-6577
-6730
-6289
-6274
-6135
-5763
-6003
-5981
-5373
-4827
-5145
-5323
-4854
-4044
-2280
-769
547
2411
4516
7211
9777
11688
12821
13647
14816
15890
16202
15299
14371
13837
12921
12055
11171
10381
9750
8565
6892
5086
3190
850
-2157
-5586
-8901
-11735
-14208
-15932
-17190
-18411
-18472
-17277
-15602
-13558
-11497
-9772
-7695
-5405
-4374
-3817
-2993
-2445
-1585
-490
764
2362
4291
6356
8292
10224
11566
12477
12824
12217
10801
8343
5756
3257
545
-2021
-3446
-3380
-3035
-2711
-2447
-1690
-502
283
291
-682
-1479
-2284
-3382
-4215
-5216
-6688
-8077
-8253
-8151
-8062
-7409
-7088
-6526
-5672
-5472
-5427
-4787
-4153
-4360
-4737
-4769
-4084
-2588
-1071
455
2283
4724
7769
10568
12568
14014
14996
15645
16414
16413
15180
13685
12392
11289
10327
9543
8810
8324
7980
7262
6216
4844
3207
734
-2440
-5267
-8022
-10731
-12896
-14658
-16183
-16532
-15810
-15033
-13483
-11432
-9637
-7787
-5878
-4622
-3986
-3194
-2715
-2121
-1016
367
1885
3349
5347
7171
8754
10056
10456
10211
9273
7712
5209
2775
535
-2115
-4165
-5117
-4577
-3778
-3377
-2636
-1365
184
900
810
147
-814
-2146
-3907
-4925
-5691
-6970
-8185
-8421
-7916
-7300
-6376
-5470
-4524
-3865
-4026
-4200
-3772
-3615
-4389
-5202
-5308
-4449
-3063
-1570
384
3060
6368
9745
12749
14896
16386
17366
17711
17780
16960
15332
13611
11986
10510
9036
8095
7652
7369
6903
6190
5492
4163
2499
162
-3276
-6597
-9465
-12041
-14196
-15532
-16522
-16579
-14873
-13338
-11801
-9327
-6975
-5181
-3862
-3149
-3096
-2801
-2653
-2947
-2383
-1144
494
2323
4490
6799
8535
10164
11172
11073
9841
7739
4894
1647
-1276
-4565
-7260
-8659
-8722
-7061
-4892
-2815
-767
1905
4011
4713
4539
3183
1654
-773
-3534
-5156
-6437
-7881
-9138
-8581
-7252
-5870
-4395
-3338
-1845
-1532
-2325
-3210
-4148
-5405
-7593
-9110
-9697
-9009
-7605
-5710
-2200
1703
5909
10054
14097
17465
19410
20456
20314
19979
18512
16046
13999
12241
10883
9206
8693
9165
9501
9530
8549
7422
5432
2872
-542
-4984
-8931
-13029
-16374
-18453
-19504
-19856
-19148
-16696
-14189
-11148
-7760
-5166
-3161
-2175
-2315
-2979
-2949
-3022
-3360
-2866
-1679
573
3645
6954
9725
11826
13558
14424
14127
12262
9162
5174
1050
-2591
-6112
-8499
-9588
-9878
-8476
-5418
-2247
211
2390
3718
3585
2405
87
-2730
-5651
-8946
-11240
-11840
-11340
-10358
-8638
-5773
-3017
-398
1931
3505
3730
1861
-615
-3523
-6358
-9173
-11885
-12856
-12670
-10789
-7332
-2197
3637
8435
13305
17385
21025
23157
22964
21692
19170
16799
14009
11898
10473
8953
8644
8927
10956
12610
12915
12444
10623
8433
4444
-319
-5765
-11210
-15655
-19744
-21325
-21485
-20397
-18294
-15510
-11751
-8614
-5238
-3128
-2400
-2514
-3975
-5472
-6743
-7020
-7386
-6788
-4204
-717
3851
8166
11819
14250
15592
15757
14143
11483
7439
2540
-2214
-5915
-8790
-10802
-10757
-9506
-7670
-4195
528
3985
5739
6186
5315
3427
9
-4348
-8452
-11423
-14145
-15278
-13241
-10378
-7086
-3671
648
4439
6108
6906
5966
4074
-148
-5481
-10075
-13950
-15591
-16733
-15449
-12326
-7986
-1450
5093
11665
15869
19164
21583
22005
21570
18841
16407
13814
11723
10886
10437
11672
12843
15019
16862
17913
18341
16439
13990
9534
3634
-2767
-8830
-13815
-18573
-20933
-21973
-21154
-18616
-15705
-11758
-8511
-5875
-4695
-4221
-4621
-6682
-8346
-10245
-11462
-11905
-10745
-7400
-3440
1428
6076
10600
14275
16265
16668
14998
12053
7662
3132
-889
-4789
-7654
-9070
-9171
-8478
-6545
-3758
-710
1568
2953
4339
4456
2945
18
-3153
-6448
-9673
-11784
-13238
-12387
-10399
-7644
-3417
433
3971
6346
8133
7675
5237
2847
-1017
-4486
-8787
-12766
-14493
-14694
-12439
-9875
-5918
-1757
2603
7756
10874
13541
14102
13823
13486
12067
11506
10588
10932
11536
12706
15194
16954
19240
19863
19492
18158
15478
12723
8106
3328
-1861
-6389
-9679
-12541
-13774
-14657
-13716
-12498
-11438
-9436
-8505
-7940
-8327
-9079
-10454
-11797
-12142
-12798
-12080
-11214
-9713
-6113
-2153
1660
4835
7950
10305
11846
12468
11265
9603
7222
4707
2787
1012
-362
-1413
-1986
-2192
-1954
-1913
-2017
-2209
-2821
-3286
-3967
-4156
-4169
-4484
-5209
-6167
-6041
-5739
-5196
-5289
-5152
-3355
-1838
133
1120
1652
2658
2870
2743
1029
-360
-2169
-3953
-4985
-7313
-8118
-8496
-7827
-6334
-5015
-2490
-225
3439
6090
7820
9811
10636
12339
12888
12996
12834
12659
13704
13882
14333
14067
13866
13872
12697
11734
9823
8234
6520
3782
1193
-1665
-3928
-6124
-8099
-9902
-11331
-11635
-12105
-12091
-11715
-11651
-11255
-11039
-11076
-10895
-10501
-9935
-9164
-8002
-6961
-5683
-3389
-1036
1394
3626
5595
7702
9406
10663
10767
10224
9243
7721
6294
4445
2723
1047
-480
-1614
-2847
-3607
-4419
-5275
-5911
-6255
-6165
-6288
-5668
-4757
-4208
-3812
-4363
-4559
-3847
-2983
-2562
-2334
-1257
78
2078
3607
4055
4844
4879
4361
3120
1452
-197
-2080
-3390
-5230
-6417
-6694
-6123
-4112
-2632
-931
989
3245
5358
6309
7011
6915
7511
7921
7797
8557
8801
9386
10092
10616
11077
11279
11321
10188
8942
7456
6028
5281
3529
1560
-90
-1726
-2963
-4274
-5731
-7118
-8468
-10208
-11811
-12586
-13474
-14092
-14231
-14252
-13214
-11932
-10683
-8801
-6898
-5041
-3294
-1663
-213
1306
2689
3626
4998
6094
7165
8590
9190
9470
9333
8645
7898
6593
4507
1933
-494
-2713
-4637
-5992
-7439
-8337
-8616
-8648
-7418
-6241
-5463
-4210
-2791
-1161
-409
-675
-1166
-1008
-408
-406
314
1838
3759
6107
7861
9617
11030
11502
11353
9918
7772
5049
2300
-51
-3019
-5600
-7302
-7477
-6280
-5246
-3644
-1892
-269
1133
1530
1542
1068
634
28
-756
-545
-106
1119
2758
3951
5866
7722
9334
10326
10248
9897
8937
8093
6904
5183
3397
1015
-1104
-3508
-5670
-7355
-9234
-10611
-11895
-12277
-12017
-11636
-10974
-10540
-9758
-9120
-8359
-7444
-6852
-6332
-5988
-5061
-3790
-2266
-297
1882
4478
7049
9483
11509
12571
12385
11227
9556
7237
4450
1514
-1168
-3390
-5191
-6365
-6482
-5945
-5408
-4841
-4583
-4360
-4210
-4184
-4096
-4187
-3956
-3158
-1649
-207
999
2734
4855
7424
9498
11054
12877
14145
14594
14003
12930
11940
10466
8508
5647
2879
616
-1506
-3015
-4821
-6219
-7254
-8123
-8438
-8835
-8738
-8812
-8938
-9239
-9982
-10258
-10256
-9411
-8125
-6403
-3917
-864
2526
5221
7760
10024
11692
12706
12622
12037
10946
9431
7579
5852
4607
3556
2802
1699
411
-827
-2362
-4065
-5916
-7510
-8531
-9177
-9865
-10443
-10683
-10802
-10731
-10464
-10001
-8992
-7622
-6364
-5029
-3684
-2147
-232
1719
3731
5739
7584
8870
9485
9342
8385
7052
5463
4055
2932
1979
1385
1037
898
763
633
412
-234
-1217
-2192
-2961
-3686
-4363
-4587
-3787
-2240
-476
1306
3207
5166
6766
8116
8863
9238
9102
8388
7630
6518
5880
5701
6051
6638
6836
6990
6275
4804
2092
-1461
-4924
-8333
-10659
-12306
-13103
-13287
-13296
-12704
-12215
-11549
-10974
-10347
-9415
-8842
-8142
-7470
-6483
-5230
-3899
-1804
648
3418
5845
7818
9456
10052
9764
8741
7894
7388
7052
6981
6965
7205
7166
6774
5825
4206
2224
-132
-2381
-4542
-6348
-7310
-7525
-7162
-6525
-5644
-4517
-3445
-2761
-2622
-2788
-3137
-3750
-4152
-4333
-4079
-3177
-1917
66
2218
4127
5752
6948
7765
7844
7472
6652
5805
5029
4133
3742
3502
3414
3244
2790
2264
1747
1500
1195
957
529
30
-164
-516
-927
-1436
-1768
-1731
-1538
-1343
-1265
-990
-768
-649
-521
-439
-44
359
374
16
-724
-1527
-2253
-2992
-3604
-3942
-3915
-3680
-3336
-3020
-2880
-2698
-2720
-2737
-2646
-2627
-2270
-1903
-1439
-963
-866
-908
-1182
-1329
-1287
-1129
-733
-156
729
1485
1991
2212
1977
1549
647
-509
-1469
-2389
-2983
-3350
-3599
-3408
-2972
-2299
-1426
-586
170
810
1312
1398
1248
914
539
491
407
619
1374
2503
4007
5444
6685
7871
8917
9502
9524
9073
8315
7628
6844
5886
5123
4532
3988
3382
2603
1881
1396
784
38
-631
-1393
-2129
-2922
-3845
-4562
-5096
-5472
-5692
-5845
-5863
-5722
-5448
-5249
-5027
-4624
-4149
-3478
-2862
-2217
-1404
-760
-290
-150
-232
-407
-668
-932
-1197
-1217
-1121
-936
-828
-876
-809
-719
-596
-708
-948
-1104
-1302
-1513
-1884
-2126
-2039
-1800
-1472
-1071
-400
459
1124
1385
1158
696
84
-744
-1421
-1787
-1569
-825
-8
804
1318
1600
1496
929
224
-611
-1092
-1390
-1551
-1339
-994
-278
463
1129
1861
2563
3322
3778
4101
4317
4477
4843
5080
5590
6343
7164
8015
8474
8710
8504
7943
6961
5648
4587
3535
2834
2215
1605
1268
708
22
-1080
-2318
-3577
-4872
-5932
-7064
-7723
-8092
-8323
-8200
-8054
-7571
-6932
-6370
-5935
-5618
-5281
-5019
-4711
-4371
-3820
-2920
-1900
-986
-222
276
522
583
290
62
26
272
759
1134
1578
1907
2313
2548
2526
2617
2532
2518
2065
1128
138
-927
-1647
-2290
-2671
-2567
-2166
-1578
-1317
-1264
-1161
-1090
-1172
-1554
-2008
-2138
-2139
-2059
-1771
-1178
135
1441
2441
3042
3073
3065
2524
1982
1830
2279
3694
5071
6537
7672
8376
8837
8528
8154
7654
7154
6702
5829
4982
4185
3594
3318
3134
3062
2802
2018
656
-1272
-3316
-5057
-6355
-6926
-7030
-6781
-6409
-6330
-6446
-6876
-7374
-7797
-8181
-8349
-8363
-8072
-7411
-6431
-5084
-3517
-1926
-489
583
1174
1285
1033
768
653
830
1312
1831
2457
2940
3153
3171
2828
2528
2278
2105
1935
1468
1126
808
614
497
240
255
334
349
-37
-845
-1583
-2186
-2489
-2689
-2686
-2290
-1621
-962
-649
-576
-538
-375
-250
-241
-276
-89
487
1128
1781
2407
3121
3925
4441
4479
4121
3818
3847
4108
4473
4976
5559
6143
6409
5980
5237
4466
3883
3380
2709
2060
1332
731
-16
-1131
-2144
-2984
-3438
-3664
-3914
-4226
-4568
-4837
-5219
-5563
-5677
-5443
-4771
-3906
-3132
-2508
-2037
-1734
-1547
-1454
-1409
-1436
-1454
-1362
-1106
-505
220
861
1343
1359
813
-271
-1612
-2713
-3355
-3489
-3435
-3391
-3316
-3433
-3593
-3704
-3681
-3358
-2927
-2392
-1990
-1665
-1268
-719
334
1615
3079
4397
5409
6134
6260
6155
5748
5449
5322
5088
4920
4490
4184
3879
3497
3042
2273
1590
737
-125
-974
-1799
-2276
-2631
-2688
-2565
-2213
-1675
-1144
-554
-85
384
808
1284
1893
2540
3093
3415
3623
3760
4032
4208
4258
4261
4144
3950
3300
2380
1366
492
-270
-1282
-2301
-3342
-4107
-4735
-5312
-5590
-5611
-5280
-5053
-4995
-5169
-5359
-5290
-5114
-4568
-3974
-3240
-2531
-2028
-1548
-1201
-613
-102
406
816
899
967
759
564
334
100
-13
-85
17
-87
-231
-547
-910
-1152
-1412
-1317
-1044
-573
-295
-144
117
361
941
1367
1874
2460
2853
3101
2973
2972
3013
3237
3480
3472
3566
3472
3372
3162
2831
2463
1817
1039
-2
-1033
-1989
-2758
-3099
-3222
-2989
-2775
-2628
-2384
-2146
-1749
-1385
-949
-460
121
753
1216
1857
2524
3300
3978
4254
4298
4029
3695
3244
2847
2548
2232
1978
1526
1120
756
428
183
-159
-480
-832
-1252
-1822
-2367
-2750
-2928
-2944
-3030
-3018
-2858
-2587
-2452
-2415
-2328
-2199
-1796
-1553
-1405
-1219
-1097
-975
-1131
-1311
-1619
-1774
-1607
-1646
-1611
-1484
-1218
-972
-800
-724
-926
-718
-471
-558
-559
-574
-622
-653
-657
-905
-960
-435
-36
297
606
573
437
396
332
237
618
1361
2022
2627
2860
2785
2818
2919
2890
2774
2836
2903
2867
2731
2342
2060
2057
2204
2336
2365
2367
2193
1919
1497
997
767
741
797
676
299
-296
-1109
-1889
-2677
-3327
-3653
-3724
-3585
-3439
-3350
-3359
-3302
-3031
-2682
-2182
-1562
-917
-426
-170
-114
-147
85
518
1019
1575
2070
2360
2381
2264
2023
1870
1857
1775
1595
1313
977
542
85
-445
-1012
-1386
-1631
-1803
-1953
-2052
-2135
-2198
-2191
-2179
-2026
-1781
-1555
-1430
-1377
-1271
-1143
-900
-603
-273
123
501
786
886
894
841
756
739
783
948
1213
1502
1746
1965
2203
2423
2577
2578
2417
2101
1714
1366
1073
896
781
633
449
277
132
13
-42
-121
-283
-516
-870
-1289
-1667
-1978
-2258
-2458
-2520
-2520
-2440
-2301
-2134
-1914
-1696
-1526
-1428
-1271
-1017
-739
-471
-287
-123
103
481
970
1475
2031
2553
2974
3284
3443
3487
3448
3310
2993
2526
2016
1441
833
245
-289
-718
-1048
-1325
-1656
-2028
-2430
-2882
-3223
-3343
-3239
-2942
-2577
-2245
-1978
-1740
-1530
-1363
-1162
-939
-676
-352
-12
365
844
1461
2114
2722
3214
3432
3379
3090
2620
2097
1670
1375
1192
1111
1000
820
637
453
283
161
55
-82
-262
-516
-866
-1172
-1322
-1331
-1185
-917
-620
-372
-211
-180
-247
-319
-395
-505
-602
-676
-762
-810
-823
-841
-813
-733
-704
-772
-873
-1010
-1174
-1292
-1383
-1437
-1403
-1351
-1324
-1241
-1070
-838
-545
-234
45
308
525
634
719
903
1146
1401
1654
1869
2020
2090
2058
1909
1736
1597
1394
1131
884
653
459
321
252
247
343
485
522
484
413
266
41
-189
-338
-401
-401
-315
-227
-127
94
309
498
712
905
1004
974
864
611
375
208
-75
-342
-562
-770
-929
-976
-946
-871
-649
-549
-643
-770
-961
-1227
-1500
-1640
-1736
-1698
-1610
-1632
-1527
-1418
-1393
-1401
-1303
-1137
-1058
-890
-805
-685
-456
-382
-215
41
345
591
774
991
976
986
941
754
843
945
968
983
980
963
778
682
546
443
601
464
290
301
325
352
268
290
229
212
201
-72
-35
148
226
281
397
645
722
771
780
745
818
740
656
708
733
585
300
225
187
45
6
70
278
465
495
436
474
674
616
501
607
730
776
553
140
-224
-325
-418
-714
-749
-528
-363
-397
-555
-597
-424
-218
-358
-536
-518
-696
-1208
-1677
-1819
-1933
-1944
-2021
-2313
-2484
-2751
-2975
-2938
-2491
-1928
-1613
-1193
-1146
-1373
-1367
-1245
-938
-539
67
610
1129
1649
1606
1500
1537
1461
1475
1830
2468
2953
3194
2942
2230
1722
1432
1139
933
737
363
5
-116
-107
79
474
666
492
161
-176
-329
-271
-264
-332
-174
164
428
715
1022
1153
1183
1251
1413
1638
1751
1608
1319
1070
767
502
495
546
355
-129
-708
-1132
-1244
-1208
-1245
-1242
-1169
-1126
-1181
-1369
-1690
-2088
-2422
-2635
-2616
-2251
-1658
-1010
-525
-375
-430
-432
-309
-220
-277
-355
-347
-296
-254
-185
3
231
343
306
296
433
519
429
250
63
-165
-393
-463
-414
-367
-368
-360
-213
79
269
295
350
412
376
290
268
382
615
835
850
677
477
319
258
282
338
419
574
769
867
866
806
721
622
442
242
120
104
111
3
-162
-153
195
728
1191
1552
1800
1876
1796
1466
954
626
551
573
600
693
830
925
982
787
562
584
572
348
-79
-499
-864
-1057
-1109
-1303
-1416
-1531
-1772
-1954
-2020
-2034
-2171
-2217
-2221
-2258
-2172
-2192
-2306
-2429
-2551
-2654
-2584
-2136
-1666
-1283
-1004
-904
-789
-585
-291
-96
73
197
99
124
280
414
532
689
963
1173
1397
1445
1320
1418
1521
1530
1552
1632
1636
1535
1417
1065
795
911
1055
1097
1101
1056
1074
1238
1228
835
563
637
560
388
248
70
179
434
546
497
564
658
422
285
211
350
911
1363
1547
1522
1681
1772
1580
1376
997
838
824
752
623
461
464
188
-97
-282
-501
-563
-702
-915
-1331
-1654
-1780
-1953
-1979
-2089
-2256
-2453
-2694
-2925
-3178
-3146
-3077
-3123
-3129
-3118
-3033
-2919
-2679
-2371
-2019
-1685
-1597
-1570
-1381
-948
-485
-175
25
111
258
378
559
917
1355
1818
1998
2054
2116
2205
2271
2108
1884
1580
1402
1281
1026
857
753
794
771
719
759
791
973
1004
927
921
981
1132
1194
1347
1415
1403
1402
1180
1007
857
853
1034
1191
1385
1374
1419
1515
1501
1513
1379
1247
932
528
248
-17
-103
-274
-498
-728
-955
-1001
-1032
-961
-1025
-1277
-1502
-1748
-1889
-2014
-2008
-1887
-1778
-1609
-1567
-1478
-1323
-1232
-1168
-1219
-1230
-1263
-1348
-1476
-1687
-1764
-1662
-1438
-1220
-1062
-952
-885
-834
-798
-722
-582
-387
-260
-235
-286
-305
-175
31
311
526
720
984
1179
1388
1514
1595
1631
1518
1419
1238
1129
1041
824
615
373
304
363
482
672
763
859
886
885
935
944
951
863
757
672
583
531
455
473
607
832
1094
1290
1417
1429
1370
1238
1080
974
858
708
478
263
109
-36
-181
-368
-488
-543
-610
-737
-952
-1113
-1197
-1223
-1246
-1275
-1215
-1183
-1260
-1461
-1668
-1737
-1739
-1697
-1681
-1611
-1476
-1388
-1335
-1308
-1202
-1063
-973
-947
-976
-919
-832
-743
-659
-563
-407
-314
-233
-190
-116
28
106
181
237
393
623
830
1077
1304
1559
1700
1676
1579
1432
1369
1281
1190
1109
1001
909
737
622
571
575
604
548
514
455
405
340
251
270
308
391
428
409
383
282
234
253
428
714
928
1049
1043
1039
1021
916
764
540
355
170
-24
-194
-351
-457
-626
-798
-888
-887
-800
-793
-874
-1008
-1134
-1176
-1177
-1146
-1136
-1148
-1172
-1210
-1257
-1326
-1365
-1354
-1296
-1240
-1217
-1226
-1285
-1354
-1395
-1305
-1089
-872
-750
-759
-768
-654
-387
-16
316
519
578
554
543
561
615
695
774
855
967
1175
1442
1646
1709
1656
1573
1515
1523
1574
1591
1480
1193
839
550
400
376
438
537
574
500
328
120
-54
-136
-103
-37
-30
-113
-235
-361
-463
-476
-376
-230
-111
7
139
295
438
588
763
851
820
699
590
517
425
368
318
201
3
-200
-349
-470
-536
-502
-469
-602
-873
-1083
-1188
-1341
-1562
-1696
-1714
-1642
-1463
-1215
-1027
-1036
-1177
-1297
-1367
-1362
-1219
-943
-752
-844
-1082
-1205
-1138
-988
-807
-560
-258
18
154
124
-9
-61
99
386
678
884
1048
1176
1210
1201
1234
1415
1663
1776
1732
1619
1548
1458
1273
1097
1010
981
907
773
642
531
486
558
680
750
764
779
770
666
497
400
326
158
-37
-81
106
328
465
539
582
669
779
901
977
913
715
374
-52
-425
-622
-637
-683
-882
-1164
-1346
-1360
-1349
-1376
-1426
-1467
-1522
-1631
-1732
-1749
-1639
-1497
-1453
-1528
-1589
-1465
-1218
-1028
-1010
-1054
-1048
-1016
-965
-913
-805
-702
-695
-777
-895
-875
-685
-424
-212
-102
3
138
267
361
446
547
656
744
819
912
1000
1064
1103
1183
1340
1545
1794
1965
2023
1970
1856
1790
1761
1772
1766
1721
1616
1453
1276
1085
927
797
698
620
524
427
318
200
71
-14
-18
5
-14
-100
-178
-218
-198
-123
-18
110
201
216
154
67
14
-10
-43
-141
-313
-536
-786
-1029
-1220
-1329
-1365
-1389
-1472
-1617
-1775
-1893
-1951
-1950
-1913
-1864
-1817
-1779
-1745
-1721
-1698
-1667
-1610
-1497
-1312
-1072
-818
-597
-426
-310
-229
-162
-88
-3
81
158
223
298
384
468
564
687
849
1033
1182
1258
1256
1207
1155
1132
1159
1231
1323
1402
1452
1506
1588
1686
1778
1823
1823
1807
1792
1784
1747
1676
1558
1372
1150
937
761
636
526
413
298
184
89
-16
-151
-326
-531
-728
-904
-1054
-1175
-1263
-1322
-1370
-1382
-1350
-1261
-1124
-981
-845
-759
-718
-718
-773
-854
-928
-970
-959
-905
-822
-729
-642
-559
-493
-429
-368
-317
-281
-302
-367
-446
-516
-551
-553
-518
-465
-402
-332
-269
-210
-166
-145
-153
-193
-238
-283
-317
-335
-346
-342
-303
-223
-115
28
181
324
426
496
568
646
734
804
846
874
879
863
857
890
989
1121
1238
1334
1379
1379
1345
1296
1260
1239
1212
1150
1052
928
785
644
510
408
347
301
274
235
184
106
-25
-170
-303
-384
-430
-475
-544
-653
-764
-857
-917
-913
-855
-773
-733
-742
-750
-736
-683
-635
-605
-578
-582
-601
-635
-656
-642
-613
-589
-593
-593
-586
-582
-583
-596
-579
-550
-527
-527
-536
-536
-541
-563
-603
-631
-645
-654
-674
-690
-672
-644
-615
-573
-518
-435
-347
-263
-172
-66
49
156
256
364
482
609
741
878
1024
1171
1305
1427
1550
1661
1758
1829
1862
1882
1896
1898
1888
1863
1830
1774
1697
1600
1496
1384
1269
1140
979
816
649
472
302
126
-41
-187
-326
-445
-559
-663
-761
-866
-972
-1060
-1120
-1168
-1217
-1263
-1293
-1319
-1345
-1366
-1371
-1358
-1344
-1337
-1337
-1333
-1330
-1330
-1327
-1316
-1294
-1266
-1235
-1194
-1144
-1089
-1032
-976
-899
-815
-745
-679
-614
-547
-475
-412
-347
-263
-173
-82
9
110
222
334
437
535
647
756
846
924
1005
1087
1152
1199
1237
1273
1289
1272
1255
1248
1235
1194
1139
1092
1042
982
915
859
810
753
682
615
563
517
475
445
433
411
382
359
335
319
298
280
263
240
226
206
175
150
113
72
22
-11
-35
-81
-131
-179
-230
-277
-332
-378
-422
-473
-526
-577
-618
-665
-705
-740
-770
-790
-812
-832
-855
-870
-885
-900
-906
-907
-907
-911
-903
-891
-874
-852
-831
-810
-790
-764
-733
-695
-666
-638
-605
-566
-518
-480
-441
-398
-354
-296
-238
-165
-81
0
93
182
275
365
458
550
631
715
789
858
922
977
1027
1068
1103
1132
1152
1165
1165
1147
1123
1087
1031
977
917
854
794
730
673
614
550
492
435
376
326
280
232
190
146
104
64
20
-26
-65
-100
-136
-160
-189
-214
-244
-264
-280
-298
-317
-338
-358
-378
-407
-431
-455
-480
-506
-539
-562
-587
-613
-646
-685
-715
-743
-767
-786
-794
-796
-789
-773
-751
-716
-677
-629
-572
-512
-455
-400
-342
-283
-229
-178
-132
-89
-55
-23
8
41
73
96
130
168
201
237
269
312
365
421
483
538
604
673
735
795
839
884
924
950
958
954
953
932
894
853
801
738
671
594
521
444
357
279
199
119
41
-41
-119
-190
-258
-325
-388
-442
-487
-531
-571
-599
-622
-639
-642
-642
-633
-619
-611
-588
-560
-531
-491
-458
-431
-415
-401
-382
-362
-343
-331
-330
-333
-340
-352
-362
-354
-346
-338
-325
-316
-295
-266
-224
-169
-118
-66
-21
18
57
99
144
186
232
270
298
307
317
334
351
372
403
435
458
474
478
489
517
551
596
639
672
698
716
731
744
755
761
765
757
738
694
629
567
505
451
387
305
208
113
9
-98
-190
-272
-348
-427
-516
-600
-661
-721
-768
-806
-824
-818
-827
-821
-801
-764
-698
-635
-579
-505
-425
-335
-246
-175
-100
-27
37
83
123
161
184
198
182
153
127
86
45
-6
-54
-97
-152
-203
-255
-281
-300
-319
-328
-321
-291
-274
-261
-241
-200
-165
-138
-89
-48
9
47
71
113
152
186
208
233
264
285
296
294
310
322
322
324
318
325
317
311
317
332
355
363
370
381
405
414
414
430
454
472
471
463
468
482
473
446
422
411
378
318
253
201
161
102
19
-58
-113
-167
-235
-298
-341
-369
-407
-459
-486
-491
-491
-498
-514
-503
-487
-473
-464
-460
-433
-396
-370
-356
-340
-316
-297
-292
-288
-276
-265
-279
-298
-312
-324
-334
-359
-392
-408
-415
-429
-441
-442
-426
-405
-390
-369
-344
-304
-260
-223
-173
-117
-47
9
66
144
220
302
373
445
524
595
652
690
744
784
804
808
803
816
802
768
728
709
694
662
617
578
562
530
484
433
405
385
340
284
242
219
188
127
71
36
12
-28
-99
-145
-165
-198
-245
-301
-335
-359
-400
-459
-509
-534
-560
-590
-627
-640
-642
-660
-666
-670
-644
-621
-610
-585
-558
-505
-461
-411
-358
-313
-254
-222
-174
-142
-112
-75
-69
-34
-23
-3
17
23
50
49
74
80
85
100
96
117
121
132
138
142
160
166
184
194
209
222
229
244
249
260
262
271
283
294
302
303
310
310
307
302
298
305
310
316
321
321
322
326
327
322
316
309
299
276
258
233
198
160
120
85
38
-18
-71
-131
-183
-248
-310
-357
-412
-459
-509
-554
-579
-603
-617
-623
-619
-613
-609
-576
-537
-489
-435
-384
-317
-243
-167
-87
-14
57
124
186
242
296
341
374
391
395
395
390
376
345
304
265
218
158
102
46
-10
-65
-121
-176
-216
-243
-264
-292
-317
-319
-309
-294
-274
-259
-220
-176
-140
-102
-66
-13
40
91
156
214
290
361
442
533
621
720
794
877
947
1004
1062
1059
1057
1028
972
931
843
747
635
518
420
307
204
92
-1
-78
-158
-211
-265
-300
-341
-375
-397
-435
-461
-500
-546
-594
-648
-699
-760
-813
-873
-933
-984
-1032
-1065
-1093
-1106
-1115
-1122
-1114
-1093
-1060
-1025
-975
-923
-866
-803
-742
-666
-595
-516
-437
-357
-274
-193
-100
-18
72
153
226
300
359
424
474
522
559
589
630
660
701
742
781
826
856
894
925
961
990
1011
1038
1051
1068
1071
1069
1066
1054
1054
1048
1041
1031
1022
1009
992
976
949
908
846
770
686
591
486
364
237
100
-35
-172
-318
-458
-585
-707
-825
-922
-1007
-1080
-1150
-1212
-1257
-1293
-1315
-1331
-1339
-1333
-1315
-1299
-1277
-1249
-1218
-1173
-1133
-1089
-1036
-979
-922
-864
-798
-727
-647
-561
-479
-402
-315
-227
-148
-60
13
91
157
214
277
319
367
384
412
424
417
425
409
415
398
391
395
386
411
408
432
450
471
518
544
612
652
712
769
799
870
896
945
968
979
1008
983
982
933
892
846
765
714
613
533
439
334
254
142
68
-31
-116
-183
-265
-313
-372
-409
-437
-470
-473
-488
-485
-475
-461
-431
-417
-383
-349
-315
-271
-244
-205
-180
-152
-133
-130
-124
-139
-157
-189
-228
-270
-331
-383
-448
-512
-571
-627
-665
-707
-724
-739
-739
-718
-697
-648
-607
-551
-484
-417
-338
-272
-196
-120
-42
34
86
141
192
230
270
294
315
322
316
306
281
251
208
166
118
80
42
9
-6
-19
-12
1
19
55
97
153
208
261
323
383
440
497
551
602
658
697
730
758
769
784
786
783
776
754
730
687
630
555
472
384
287
196
102
6
-93
-199
-286
-363
-422
-476
-527
-563
-594
-618
-636
-639
-632
-616
-582
-546
-513
-477
-438
-397
-359
-317
-271
-227
-185
-161
-148
-140
-143
-150
-158
-167
-183
-205
-237
-268
-297
-327
-334
-342
-341
-326
-317
-299
-277
-245
-196
-134
-68
-8
44
84
115
147
183
235
286
331
363
376
387
401
418
443
467
494
511
521
529
538
559
574
580
583
579
570
556
532
506
488
459
420
373
294
224
148
69
-1
-82
-154
-236
-307
-379
-448
-502
-563
-597
-633
-653
-650
-654
-648
-644
-626
-594
-560
-522
-485
-444
-406
-369
-340
-308
-271
-229
-194
-170
-145
-122
-97
-71
-51
-23
2
26
56
84
107
127
143
156
165
186
213
234
246
251
257
266
269
268
268
264
261
252
244
240
231
225
221
217
216
208
201
198
188
178
163
143
127
115
98
82
59
35
18
7
1
-6
-14
-22
-28
-19
-7
12
34
48
60
66
76
88
93
92
88
77
62
41
13
-10
-34
-56
-81
-109
-133
-146
-158
-170
-180
-191
-199
-201
-195
-186
-176
-166
-157
-147
-146
-144
-138
-126
-111
-102
-88
-82
-82
-86
-95
-99
-102
-107
-108
-104
-105
-105
-103
-116
-122
-126
-127
-125
-123
-121
-123
-119
-124
-121
-113
-103
-91
-76
-56
-40
-18
2
22
47
73
110
145
181
210
240
273
296
315
327
341
355
365
374
368
361
346
324
303
281
262
244
228
212
197
183
164
147
130
109
89
72
53
39
24
9
-5
-18
-37
-51
-63
-74
-85
-97
-100
-109
-121
-131
-152
-173
-193
-219
-234
-246
-257
-270
-281
-283
-284
-283
-290
-291
-286
-274
-267
-260
-247
-241
-228
-215
-193
-173
-164
-148
-133
-112
-91
-72
-54
-33
-8
14
41
60
83
106
115
130
136
142
143
135
128
118
107
89
71
60
52
52
46
50
54
59
69
77
96
114
134
159
177
201
222
246
267
280
295
301
307
304
298
280
251
223
187
149
102
47
-10
-73
-128
-189
-245
-296
-338
-368
-393
-410
-421
-417
-407
-391
-370
-343
-306
-267
-227
-181
-142
-97
-51
-10
24
54
86
114
138
158
182
191
204
206
200
205
194
182
168
156
139
119
106
89
65
48
34
19
3
-10
-23
-30
-35
-42
-44
-41
-36
-35
-28
-21
-4
9
25
40
47
61
62
61
69
61
54
40
31
18
-5
-23
-48
-67
-87
-100
-115
-124
-121
-123
-118
-107
-94
-77
-67
-52
-38
-20
-5
4
22
32
42
51
53
60
57
53
48
43
37
32
25
17
8
3
1
-8
-10
-24
-33
-33
-41
-41
-45
-48
-48
-48
-39
-28
-19
-13
-5
7
11
13
16
31
45
45
45
38
26
10
-7
-26
-53
-76
-96
-108
-110
-118
-118
-116
-113
-97
-83
-67
-45
-19
5
35
63
89
118
134
149
177
194
206
218
224
239
252
258
269
272
266
260
245
231
217
195
171
144
121
99
76
54
28
1
-27
-52
-81
-113
-137
-159
-173
-189
-205
-221
-235
-254
-277
-292
-308
-309
-306
-307
-301
-304
-296
-288
-288
-285
-290
-286
-284
-282
-271
-268
-255
-246
-230
-206
-177
-153
-129
-91
-59
-11
35
83
133
172
218
254
296
322
338
352
359
372
361
356
337
313
295
260
230
193
172
156
142
128
109
107
90
90
90
91
110
106
118
122
128
137
135
150
160
178
182
186
185
172
166
140
127
104
87
69
43
18
-25
-61
-110
-141
-170
-213
-235
-272
-301
-330
-349
-359
-367
-362
-369
-361
-349
-336
-316
-297
-278
-267
-245
-218
-192
-178
-167
-153
-146
-129
-124
-119
-116
-115
-107
-107
-96
-86
-70
-48
-27
7
35
78
125
173
214
253
302
332
361
382
392
397
388
380
365
352
329
307
276
235
206
168
133
88
52
15
-24
-51
-92
-122
-158
-187
-208
-230
-238
-259
-276
-281
-280
-265
-248
-223
-197
-169
-134
-103
-67
-32
0
43
80
109
142
166
192
212
223
231
234
237
236
230
211
190
167
135
104
70
34
-4
-45
-79
-114
-140
-163
-175
-183
-187
-177
-166
-147
-131
-105
-76
-53
-25
-4
23
45
58
66
65
68
63
54
36
20
4
-16
-28
-51
-67
-85
-98
-110
-131
-139
-146
-152
-152
-155
-158
-152
-142
-131
-120
-115
-101
-80
-65
-50
-32
-17
-4
10
17
33
54
68
82
103
123
145
168
177
195
216
226
237
235
240
242
234
228
217
215
210
196
180
160
140
123
107
92
81
71
60
50
42
33
23
13
4
-1
-10
-29
-45
-72
-98
-129
-165
-198
-244
-285
-325
-361
-388
-417
-441
-461
-471
-471
-462
-454
-439
-407
-367
-317
-268
-220
-164
-111
-59
-10
42
88
128
158
185
210
228
238
242
241
241
244
235
219
202
189
179
170
166
162
159
164
177
188
202
214
229
251
271
290
308
326
338
349
353
356
353
343
332
313
291
271
238
202
164
120
80
33
-14
-61
-105
-151
-197
-237
-279
-310
-347
-384
-412
-429
-445
-459
-464
-468
-460
-442
-425
-404
-377
-345
-308
-273
-240
-209
-175
-139
-109
-83
-65
-46
-40
-42
-45
-47
-52
-65
-84
-96
-97
-100
-100
-98
-85
-61
-39
-9
19
65
109
152
198
239
292
332
363
390
410
417
413
405
393
375
338
300
270
237
212
179
145
126
107
88
72
56
51
49
39
27
18
19
18
14
13
9
4
-5
-21
-35
-48
-59
-72
-85
-94
-102
-106
-107
-105
-100
-101
-101
-95
-86
-84
-81
-78
-73
-74
-75
-79
-79
-80
-86
-89
-103
-104
-105
-105
-100
-106
-108
-97
-85
-74
-60
-46
-36
-17
3
19
28
36
47
55
58
55
49
41
33
27
22
16
10
0
-5
-9
-11
-15
-21
-20
-19
-16
-13
-12
-12
-7
-4
0
2
8
15
18
25
30
28
25
22
16
15
15
11
11
14
18
24
35
39
47
55
61
77
86
93
103
107
109
116
119
125
123
110
101
89
76
65
53
41
23
6
-4
-18
-32
-46
-58
-71
-89
-98
-111
-113
-112
-112
-107
-109
-106
-106
-106
-100
-103
-105
-110
-114
-116
-114
-122
-126
-121
-125
-118
-116
-115
-102
-88
-78
-63
-40
-19
-1
14
35
53
67
80
91
111
127
139
147
154
164
167
171
173
177
180
170
167
166
161
154
144
133
124
117
105
90
79
61
39
12
-17
-40
-61
-85
-113
-146
-166
-186
-208
-213
-215
-211
-203
-197
-182
-165
-141
-122
-97
-68
-47
-30
-22
-7
4
15
25
26
27
21
13
3
-11
-22
-32
-44
-52
-62
-71
-78
-87
-88
-82
-77
-65
-46
-25
-5
19
50
78
104
125
148
170
189
200
206
208
207
202
188
177
160
138
123
99
81
66
53
45
27
20
12
0
-8
-17
-27
-36
-40
-42
-48
-47
-51
-57
-60
-68
-71
-78
-81
-79
-86
-87
-81
-81
-87
-90
-81
-75
-70
-66
-64
-60
-59
-50
-48
-49
-43
-44
-37
-27
-24
-21
-19
-15
-11
-8
-3
4
13
25
32
39
42
41
52
61
65
69
61
64
65
59
58
44
34
29
21
19
9
5
2
-8
-13
-13
-18
-20
-21
-22
-22
-17
-12
-12
-12
-12
-12
-5
-2
1
2
-7
-9
-12
-9
-12
-21
-19
-20
-20
-23
-29
-32
-35
-37
-37
-36
-33
-26
-25
-20
-16
-14
-4
3
10
23
28
41
50
54
69
76
81
82
81
83
78
76
74
76
75
80
82
76
71
62
60
49
42
36
25
27
18
11
4
-4
-9
-24
-40
-50
-62
-75
-85
-94
-101
-106
-118
-122
-123
-123
-130
-143
-150
-149
-148
-152
-158
-171
-169
-161
-153
-138
-136
-122
-101
-88
-67
-51
-38
-23
-2
14
33
53
72
91
106
118
139
155
169
177
185
191
210
212
211
219
204
204
197
190
193
181
184
181
171
158
150
145
132
121
101
83
68
48
25
2
-12
-30
-44
-68
-84
-100
-114
-129
-154
-158
-175
-178
-183
-193
-190
-204
-203
-211
-217
-218
-222
-219
-223
-212
-202
-185
-175
-169
-147
-129
-110
-95
-68
-50
-35
-19
-2
23
40
60
74
87
109
121
124
129
137
143
142
138
136
139
135
130
127
119
117
114
105
97
92
85
75
58
51
46
35
24
9
5
4
1
-13
-26
-29
-37
-41
-46
-48
-50
-49
-51
-49
-42
-38
-35
-40
-35
-36
-35
-38
-44
-35
-39
-36
-42
-41
-31
-30
-26
-29
-26
-19
-17
-18
-20
-13
-11
-3
4
10
18
22
30
30
36
45
47
57
54
61
67
69
79
78
86
86
84
80
70
72
53
46
39
21
18
-3
-16
-28
-52
-67
-89
-100
-116
-123
-120
-135
-135
-133
-125
-114
-111
-104
-99
-79
-68
-58
-43
-38
-21
-15
-7
10
16
26
27
25
31
30
27
18
12
2
-9
-8
-13
-14
-19
-24
-21
-23
-14
-10
-13
-8
0
9
25
36
56
78
92
115
131
159
184
212
229
236
248
259
264
255
245
236
226
206
175
150
115
78
34
-10
-53
-94
-127
-164
-194
-218
-240
-249
-264
-262
-257
-251
-232
-230
-208
-189
-176
-145
-138
-118
-107
-96
-83
-94
-91
-100
-98
-99
-107
-107
-122
-123
-129
-138
-144
-162
-155
-148
-136
-112
-97
-77
-56
-31
0
32
64
96
137
177
220
271
310
349
379
401
408
411
422
417
406
384
352
321
286
251
207
160
112
68
26
-14
-53
-83
-112
-131
-152
-169
-172
-179
-178
-176
-176
-171
-163
-157
-149
-140
-126
-113
-104
-98
-91
-80
-79
-76
-76
-68
-58
-58
-57
-58
-58
-62
-62
-67
-69
-73
-82
-85
-84
-82
-79
-71
-67
-59
-51
-48
-40
-31
-13
14
