-26
-23
-16
-19
-16
-10
-11
-4
-3
0
7
3
10
13
12
18
16
19
17
10
14
9
12
11
6
8
4
3
5
8
11
11
13
16
13
13
13
13
17
14
11
6
7
10
8
12
8
8
7
1
2
-2
-6
-2
2
3
6
5
4
4
7
14
8
11
9
4
5
-2
5
0
-8
-4
-17
-10
-4
-7
-1
-5
-6
-7
-13
-7
-6
-5
2
-1
0
-4
-7
-8
-13
-12
-9
-7
-10
-11
-13
-13
-12
-14
-16
-17
-17
-15
-13
-12
-11
-12
-9
-10
-12
-14
-14
-9
-6
1
6
12
12
11
14
16
21
21
25
32
29
32
33
27
30
19
19
15
5
10
7
11
12
4
7
2
0
1
-6
-4
-12
-18
-16
-20
-9
-9
-15
-9
-15
-6
-6
-7
3
-3
2
2
0
2
-4
1
-4
-4
-2
-6
3
0
-2
-1
-2
1
-2
0
-1
2
6
6
2
-2
3
2
2
2
-2
-3
-8
-7
-10
-11
-12
-12
-7
-8
-4
-5
-7
-3
-7
-5
-4
-8
-3
-6
-7
-6
-6
0
2
3
5
8
12
11
7
5
2
4
2
-1
4
1
2
2
-3
-1
-1
4
7
6
5
4
9
9
11
18
15
19
17
13
16
14
11
11
8
7
5
9
5
6
-1
-6
0
-7
-3
-8
-11
-4
-3
-2
-7
-9
-12
-11
-16
-15
-9
-8
-4
-11
-15
-16
-15
-11
-12
-9
-7
-6
-2
-7
-5
-6
-5
-1
-5
1
-1
2
5
3
5
6
2
2
8
5
4
3
-3
0
-4
-11
-11
-10
-5
-2
-4
-3
2
-2
-2
-2
-5
3
3
6
14
13
15
15
10
12
11
17
23
22
22
20
19
15
15
19
18
13
9
8
4
2
2
0
0
-2
-1
-4
-7
-9
-12
-9
-9
-10
-12
-8
-8
-12
-8
-11
-12
-14
-13
-11
-12
-4
-5
-11
-11
-14
-10
-4
-2
-5
-9
-7
-8
-4
-7
-6
-3
-2
0
-6
-3
-4
-7
-12
-13
-9
-12
-11
-13
-14
-9
-8
1
10
13
16
13
13
15
19
19
20
23
22
26
23
21
26
19
22
26
22
28
24
23
22
10
8
3
4
7
-1
-1
-4
-8
-6
-17
-20
-18
-23
-17
-22
-22
-23
-29
-28
-32
-33
-35
-38
-30
-30
-28
-25
-23
-19
-17
-11
-7
-10
-3
-6
-6
-3
-10
4
12
7
8
4
12
20
19
24
27
32
39
34
36
38
41
47
46
48
53
51
50
53
53
53
46
46
49
47
40
31
28
25
17
9
7
3
-1
-8
-20
-22
-26
-32
-37
-48
-47
-54
-60
-61
-67
-66
-70
-68
-68
-77
-77
-78
-78
-75
-78
-81
-80
-82
-74
-66
-59
-52
-52
-42
-40
-39
-32
-36
-25
-9
-4
5
11
11
16
17
22
30
40
51
53
53
50
50
55
58
61
63
65
73
68
67
68
66
71
71
78
85
82
77
66
59
54
59
58
51
55
49
43
36
33
28
15
11
5
4
0
-10
-17
-22
-29
-43
-47
-43
-36
-34
-35
-39
-45
-49
-60
-63
-60
-52
-42
-40
-39
-45
-58
-69
-80
-79
-78
-66
-47
-35
-29
-37
-46
-68
-71
-56
-46
-27
-13
5
8
-6
-16
-26
-25
-21
-4
13
35
50
32
13
-12
-13
2
15
40
51
68
55
35
28
27
44
37
47
77
98
101
61
48
49
45
49
52
69
78
54
16
8
38
47
16
-6
13
33
13
-8
-1
9
0
-31
-17
25
17
-24
-63
-42
-14
-22
-29
-24
-13
-39
-71
-62
-38
-34
-73
-85
-58
-35
-37
-57
-54
-57
-89
-97
-64
-10
1
-43
-47
-22
-4
-16
-31
5
28
21
11
39
85
69
27
9
43
84
64
54
65
79
67
30
36
56
62
28
3
22
34
24
-7
-14
-3
-12
-24
-27
-21
-22
-35
-39
-31
-16
-12
-9
-9
-17
-25
-19
-2
-4
3
25
23
16
7
-3
-6
5
11
9
28
43
28
5
-22
-42
-32
-22
-33
-32
-1
2
-33
-56
-61
-59
-38
-31
-40
-12
25
-6
-51
-42
-26
-26
-27
-30
-7
41
34
-41
-60
10
36
10
4
33
79
81
7
-73
-20
93
67
-26
2
135
154
0
-116
-47
94
70
-90
-59
163
196
-12
-144
-19
124
23
-100
-33
170
189
-39
-98
52
144
-6
-125
44
169
104
-58
-31
104
46
-62
-114
24
73
-66
-78
-15
60
-42
-100
-12
-30
-37
-70
-55
-38
-49
-11
-74
-64
-10
-9
-42
-85
-40
-44
-64
-62
-54
0
14
-46
-100
-34
9
-69
-83
13
37
-49
-38
50
41
-31
-47
-16
12
28
-19
-39
60
142
26
-108
-7
95
-8
-117
-14
128
134
100
22
-13
29
0
-59
-76
40
143
166
141
-23
-20
91
55
-120
-196
87
236
87
-78
-34
226
120
-190
-178
80
128
-134
-58
135
55
23
100
41
-122
-36
57
-72
-97
-15
48
178
163
-154
-186
201
119
-425
-382
286
356
-201
-294
155
298
-214
-567
-221
215
121
-295
-247
266
322
-233
-573
-78
381
-45
-396
3
488
174
-336
-148
190
146
-125
-115
150
271
154
-106
-56
195
149
-93
-83
266
194
-72
37
131
19
-84
164
114
-165
64
136
-7
-163
-102
116
4
-32
-126
48
283
-125
-165
92
173
54
-96
255
337
177
130
124
367
156
-71
172
306
251
-36
27
258
61
-202
-289
-107
-65
-307
-330
-298
-230
-105
-484
-678
-318
-153
-420
-703
-207
-23
-322
-251
-390
-210
-31
-128
-234
-273
247
128
-130
-13
-65
276
194
3
37
94
420
191
-18
37
168
379
33
66
240
160
381
219
-63
74
551
465
-141
222
655
356
121
178
443
443
195
125
269
466
288
-21
93
355
317
-108
-159
233
109
-82
-140
-248
73
247
-285
-727
-229
212
-397
-734
-338
-41
-111
-653
-795
-294
-117
-457
-859
-503
26
-191
-491
-437
-88
-137
-456
-305
-287
-5
332
-63
-225
49
224
-140
-194
383
284
77
90
83
276
173
-32
13
328
304
-161
120
454
87
-46
76
118
42
74
253
343
361
-130
-320
340
443
54
-91
246
786
359
-626
-536
822
1069
-385
-528
465
626
123
-538
-350
519
702
-173
-856
85
791
69
-423
-503
-213
327
300
-284
-506
363
473
-615
-743
-54
410
238
-286
-463
-26
368
-248
-541
-91
61
27
-270
-457
-203
464
216
-924
-322
393
14
-431
-596
86
301
138
-364
-513
461
226
-483
-564
-100
674
126
-381
38
346
218
-503
-289
276
238
330
-33
11
401
248
38
-321
89
494
191
269
73
168
445
224
35
77
277
12
87
480
64
-97
290
76
-28
76
-158
-247
158
275
-651
-328
389
86
-475
-579
198
39
-342
-463
-248
397
145
-431
-681
251
665
-449
-689
77
717
96
-572
-102
253
384
-223
-481
437
388
-54
-428
-142
457
-206
-103
80
258
231
-501
-35
67
-171
-106
10
420
27
-157
80
-140
-24
-294
-136
535
191
-27
60
193
-65
-306
-12
52
312
420
-214
-44
444
56
-401
-275
472
55
-91
75
-78
255
-91
-123
-229
19
224
-341
-100
107
-23
-169
263
47
-256
15
122
-96
-135
139
-46
5
424
6
-385
312
-67
-265
202
-27
-181
-105
546
-170
-645
270
141
-40
-232
-357
6
231
-85
-503
-51
551
-130
-594
-93
129
65
-324
-162
230
202
-162
-98
202
-14
-7
-100
225
92
276
126
205
421
-279
249
578
5
-320
442
731
205
-211
148
406
505
-128
-581
712
691
204
-621
48
951
-48
-389
-415
478
571
-198
-442
-50
427
-428
-812
-62
204
-261
-221
-448
-634
-165
-407
-806
-493
-121
-289
-331
-337
-699
-579
-119
-339
-626
-82
130
-83
-353
-416
51
-5
8
-257
29
711
69
-183
61
402
82
-138
345
471
472
28
65
418
380
25
66
545
219
322
347
230
301
62
200
147
274
197
100
510
26
-139
314
-185
105
74
-32
180
15
-147
-311
396
-250
-311
210
42
-306
-125
330
-276
-414
43
327
-36
-204
-122
253
-207
-151
-85
-71
454
-5
-346
-243
249
-222
-339
175
352
-187
-409
41
-16
-405
-131
325
-316
-205
256
138
-905
118
487
-720
-43
180
289
-550
97
61
-798
93
106
320
-75
-386
-143
261
172
-852
-584
808
916
-585
-779
469
459
-504
-445
-101
467
928
-38
-588
-87
943
-57
-1045
283
868
744
-3
40
45
214
340
-305
39
560
642
100
393
477
-364
46
385
244
-34
-276
1092
409
-690
147
573
217
-982
-104
299
85
620
-824
-466
944
21
-1036
-958
678
-94
-647
374
-20
-256
-385
-658
-464
-74
361
-446
-466
752
-526
-705
-48
-120
-292
-315
685
20
-248
-415
-467
386
300
-896
115
1105
-40
-718
-238
576
-44
-340
-262
135
1280
40
-1249
457
561
-164
-921
-49
969
157
378
-482
107
456
-220
-292
-544
1015
462
-188
48
270
278
-717
78
592
-94
349
-63
177
317
-271
-115
28
708
-295
-669
870
-40
-374
0
89
516
-239
-78
-266
206
132
-846
449
422
-364
-179
338
193
-501
-40
105
-267
445
-120
-684
537
466
-586
-232
486
-125
-564
456
-144
-253
218
115
-30
-183
49
-414
-9
494
-148
-782
466
461
-167
-613
-66
489
-105
184
-653
-14
741
-173
-646
107
488
156
-515
-227
84
399
373
-784
178
396
20
-349
-332
595
44
-372
156
398
249
-503
-138
187
198
-228
-154
316
372
-194
-406
611
-40
-469
-9
134
135
-200
278
-320
255
513
-679
-33
66
82
-576
306
573
-212
51
-237
-106
-322
501
-19
-299
361
61
-255
-143
90
237
291
-295
-295
340
361
-894
-356
1041
12
-360
137
177
-56
335
-337
-1230
794
1001
-1010
-374
840
754
-443
-736
-23
-182
572
-168
-822
674
878
-64
-582
-91
-146
-365
478
-229
-651
1348
636
-665
-458
-133
299
-627
440
-482
479
1379
-1065
-654
335
870
-798
-718
809
381
-507
-44
241
155
227
-617
172
-216
310
-187
-581
911
313
-178
-746
188
641
-715
-576
1040
102
-267
29
81
-21
-441
359
-728
453
648
-806
-2
640
69
-873
66
364
-127
39
170
-222
257
306
-414
-627
292
768
-488
5
-2
-2
411
-302
-560
134
908
-4
-902
296
423
-96
-187
-140
279
236
208
-465
-389
590
48
-134
-72
226
549
-356
-333
-73
-130
562
-300
-219
532
462
-385
-1151
792
253
-533
46
211
370
160
-651
-395
103
704
-468
-667
939
291
-233
-990
338
746
-697
205
-148
16
117
-134
-197
-327
669
379
-637
-651
372
393
-186
-617
349
592
-114
-459
-294
215
284
56
-454
46
703
335
-1015
24
783
-425
-263
189
539
-211
436
-217
-674
509
568
-644
-44
480
-2
-213
19
211
-141
611
-569
-284
163
511
-121
-412
656
-180
-8
-371
24
680
90
-850
-575
890
909
-762
-809
541
388
-330
-898
356
930
104
-707
-669
756
7
-918
569
429
-17
-725
392
382
-745
166
-210
483
-64
-364
73
370
157
-567
244
-54
74
-655
139
695
64
-487
-22
149
-231
223
299
-324
-750
787
81
-25
-305
360
42
329
-152
-1466
876
679
348
-1278
223
1257
-311
-794
-223
440
308
-56
-611
490
614
408
-1592
188
937
-266
-653
-18
1171
-393
166
-405
88
69
-135
-59
-328
823
-211
-128
-71
-195
657
-274
-695
219
683
-169
-877
488
435
-513
380
-161
-624
234
924
-602
-599
779
-53
-142
-19
-336
36
198
170
5
-587
731
-163
-341
-111
-53
123
2
676
-568
-93
429
-672
-174
740
-324
-412
1062
-70
-638
392
-363
-506
915
114
-543
-200
1393
-611
-660
378
-563
1099
-356
-691
269
904
-285
-1138
809
285
-104
179
-845
220
1093
-1103
-828
1420
1354
-1697
-737
903
-31
67
-1227
202
1859
453
-1636
-502
1179
-529
-1177
785
753
-187
127
684
-941
-628
778
-935
-137
977
279
-325
374
483
-1450
-352
934
-380
-508
647
663
-58
-416
-67
-133
-240
230
116
-383
516
117
110
-208
-47
-118
-287
836
-342
-1105
907
1200
-1435
-491
1397
208
-1912
-40
1562
-475
95
-450
-166
734
-94
-810
-1114
2078
465
-2060
552
1651
-927
-1225
1192
662
-893
-32
769
-10
179
-342
323
312
-77
-130
530
288
-583
616
-347
996
-612
-871
1222
547
-438
-1692
1646
598
-1692
974
-168
-939
665
162
-696
-352
1238
-977
-1116
1548
-1307
-1228
1950
318
-2310
86
1459
-836
-598
169
-495
-173
1161
-480
-1677
1257
812
-980
-273
12
165
800
44
-1664
-47
2596
7
-2041
545
1286
489
-1470
-680
1347
1266
6
-1540
1097
1597
-723
-1977
477
1811
-124
-920
767
1485
-1092
-490
181
139
-442
213
430
-375
1425
-305
-1289
712
-124
-1064
494
1093
-235
-1115
1091
728
-2014
-7
1112
-240
-1016
453
523
-301
391
-1404
-119
1485
-317
-1187
-443
1780
231
-2437
-80
1796
499
-1209
-1111
1322
387
-1024
-446
1005
675
-1195
63
215
-338
340
158
-1097
259
1325
-141
-1127
191
-79
-349
628
-138
-432
102
1323
-697
-1077
-313
237
1997
-921
-1389
1147
701
-386
-278
-508
-126
753
721
-1145
12
1826
-727
-1012
523
632
-525
-605
768
452
-92
-18
620
268
-1669
-342
1469
-212
-667
932
382
-847
850
277
-1986
191
763
-405
181
-158
108
1614
152
-2850
-1001
2631
515
-1770
122
481
599
172
-891
0
192
227
-464
-399
-279
1231
1031
-838
-1675
345
1858
-1545
-489
1043
-36
-228
-197
96
347
171
-1719
-196
2068
267
-1844
447
986
-530
-514
157
212
-357
1054
-910
-451
2041
-67
-1606
534
553
-1324
59
2253
-788
-1376
1821
93
-2259
1105
1470
-1483
-317
1196
-813
-217
1504
-1374
-262
1660
-979
-1595
1445
1093
-1227
-1048
1115
1017
-394
-1130
-1276
1785
1685
-2508
-1452
2778
720
-1650
-1258
793
1520
-467
-1767
-509
3399
-304
-2693
349
1773
-554
-1756
690
1180
353
129
-1154
-798
2600
-912
-2525
1352
2229
-962
-1506
2113
677
-2054
142
816
-914
132
88
-505
1784
1166
-1944
-1522
1962
226
-3278
644
2620
-42
-868
-379
162
340
-494
-1488
16
1835
-269
-1066
1051
562
-361
-1014
-613
124
876
173
-267
937
-71
123
-697
-452
560
-45
-145
182
1135
-104
-494
1119
-410
-1585
670
403
-653
870
874
-667
408
968
-913
-1295
-494
1238
-390
-338
2076
819
-646
-1581
-1008
-26
277
693
-941
180
2744
437
-2362
-2204
646
223
-1233
688
782
1305
1530
-2172
-2850
777
882
-2267
-3
3100
62
-600
349
-1112
-1222
-286
83
558
992
101
-68
877
-452
-1281
-597
240
1039
589
-554
340
1950
-953
-2280
1250
1909
-387
-1293
524
1064
274
167
-850
593
1316
-767
-1138
343
1400
770
-1182
-1012
113
1349
733
-2013
-422
1463
-72
-1356
-375
619
262
49
-918
-1170
1177
967
-1977
-799
829
217
-37
-554
-311
1290
568
-1580
-1208
913
845
-151
414
-14
728
238
-1587
-154
1219
125
-511
936
1127
-514
-854
-38
165
-33
324
670
550
328
-1058
-913
809
341
-1077
-253
1329
428
-647
-683
-528
-14
-414
-367
184
475
306
-805
-523
-192
-258
-146
-268
164
699
61
-245
269
-64
-679
-210
595
272
456
690
164
-98
-76
437
153
103
439
482
778
297
182
44
397
408
-452
107
718
419
-348
-692
96
-158
-907
-425
-212
-848
-1437
-732
-511
-896
-984
-1218
-1055
-1101
-1068
-1065
-305
249
-725
-1021
-401
732
506
-637
341
1759
1623
503
505
1884
1844
1041
1419
2497
2125
921
1964
1679
949
1440
1003
464
163
645
93
-2
690
-292
-852
-688
-1016
-1535
-1677
-784
-519
-1007
-724
-762
-368
-927
-1966
-1776
-1883
-1226
-301
1219
3714
4535
2087
-418
-1263
-1048
731
1739
2077
2920
4081
3056
-169
-1602
-1697
-2579
-3735
-2861
-829
697
-854
-4952
-8239
-9842
-9431
-7896
-5879
-3340
-1650
-3070
-5963
-6600
-4988
-4241
-3837
-330
3757
5367
5834
5953
4781
3704
4198
7063
11861
14353
13640
10855
8410
7048
5558
5768
6883
7289
6755
5217
3177
254
-3262
-5367
-6225
-5147
-3086
-2759
-3854
-6780
-10860
-12777
-11421
-8966
-6280
-3760
-2097
-1993
-3013
-4531
-4347
-1921
-201
2559
5912
8009
8267
5739
3497
3410
4635
5016
5507
6723
6983
4862
1158
-944
-895
-1329
-2866
-2339
-744
-132
-1806
-4779
-4398
-1669
-621
-2958
-5607
-4218
-675
-1133
-3302
-1302
2714
2697
-1520
-3281
-825
516
-2526
-5574
-3897
198
-21
-5241
-8246
-7781
-8235
-9586
-7542
-2370
-649
-3997
-7230
-6842
-4080
-1845
-639
1640
4924
6540
6412
6677
7611
7948
8162
9530
12771
15775
15388
12284
10398
11530
12499
11361
9145
6755
5112
4080
1465
-201
-376
-2288
-5004
-6438
-6453
-7240
-9769
-12552
-13194
-11329
-9339
-8788
-9471
-10797
-12289
-11585
-8475
-4938
-1574
261
403
1837
3880
4738
5226
6325
7933
8940
10204
10404
8118
6051
4503
2657
2799
4194
4053
1470
-1232
-3007
-3660
-2346
-1630
-693
415
-91
-2568
-6654
-8601
-6159
-1729
-173
-189
1909
3941
1208
-3611
-5348
-2839
269
-876
-2393
-711
667
-4480
-12111
-14368
-11625
-8914
-7373
-4552
-2154
-3430
-8464
-10744
-8052
-3069
1144
3114
4858
6396
6752
6154
5313
6926
10210
12019
14617
16720
16973
14735
11069
9121
10943
15539
16729
13814
7808
2324
-470
-2019
-2266
-2008
-1590
-2768
-6128
-8525
-10489
-13719
-15291
-15534
-12772
-7859
-5537
-7684
-11756
-13818
-14418
-10906
-4693
522
3693
4385
3106
2511
4368
5981
7697
10546
12636
12356
11396
8751
4397
1344
684
2044
3967
4191
1636
-358
-2352
-3839
-1545
2728
3061
-3558
-10608
-9164
-1898
913
-1932
-3431
1358
3975
-1485
-5467
-2385
-228
-4857
-8666
-3742
4103
1260
-10556
-18125
-17036
-11736
-8260
-6973
-4109
-3096
-7741
-12229
-10795
-4005
925
1769
3943
8197
11884
11217
6922
5347
8922
13908
17011
18971
19334
16261
10827
8419
12120
15880
14118
7963
3159
2815
1351
-2429
-3690
-3235
-4050
-5543
-7077
-8845
-10532
-13115
-15271
-12833
-7341
-4898
-7190
-11030
-13371
-12811
-8306
-3240
101
3191
3382
1603
2209
4474
6289
7303
9611
12357
14124
13774
7957
2029
639
1510
3555
5762
6078
4954
2046
-1873
-1282
2318
2862
-3072
-10738
-9405
-2053
65
-3241
-5866
-3353
-1251
-4615
-6749
-4441
-1915
-5590
-11083
-8099
-219
-1257
-11803
-19232
-19329
-13832
-9207
-7900
-5273
-4155
-7739
-11697
-10313
-2944
3209
4061
5060
8215
12652
14298
11193
9824
13052
16776
18782
20969
21212
18974
14169
10151
12653
17039
16748
10240
2329
-865
-1408
-2666
-4262
-5851
-5554
-6743
-9978
-11778
-12602
-13046
-14243
-14230
-10775
-5477
-4609
-9034
-12626
-12209
-8532
-3776
319
3290
4790
3839
2667
4258
7915
9926
11034
12136
12204
11007
7845
3241
822
2185
3573
3820
3398
2875
-64
-2072
1108
3525
1579
-4764
-10587
-7787
-1928
-1851
-3503
-2226
-494
-4204
-7879
-6633
-3742
-2949
-7916
-10603
-5455
848
-4416
-15178
-19083
-18383
-13936
-8902
-6041
-4180
-5995
-12027
-15416
-10411
41
4374
4055
5520
8374
12672
12914
9980
10529
15908
19750
21498
23371
21866
16631
11079
11255
16512
20914
18945
9747
486
-2312
-2143
-2498
-3149
-3803
-5276
-7547
-10373
-13607
-14757
-15647
-16332
-14371
-8606
-3791
-5933
-11510
-15560
-13863
-7024
-60
3634
4991
4536
2414
1561
4804
9629
11883
12916
13410
13050
11141
6159
1309
1059
3924
4645
5445
7158
4159
360
-676
-1992
-3015
-4841
-6983
-4727
-1999
-3356
-6629
-5436
-2711
-5777
-8390
-6424
-3535
-3462
-7710
-10632
-7682
-3863
-8611
-14753
-15665
-14204
-10838
-9016
-7856
-6689
-7794
-10760
-12149
-6946
1305
3783
2290
2592
5473
10368
12866
11862
12896
16641
18082
18929
20119
19637
17175
14183
16408
19993
20283
14975
4542
-1108
382
1643
910
-267
-2595
-6846
-10493
-12792
-12794
-10510
-11897
-14387
-12540
-7273
-6027
-10256
-13366
-14337
-9819
-2187
1244
2496
3433
1692
-74
2815
8527
11617
11725
10362
8491
8411
7873
4825
2245
3318
3130
3627
7413
7579
7707
5304
-1933
-6436
-6180
-1776
1429
-564
-3888
-5947
-2965
-2227
-7579
-9167
-6862
-5111
-7571
-8488
-6469
-4548
-7431
-17156
-20931
-17326
-12005
-10253
-10307
-7724
-7200
-10512
-13721
-12579
-5009
2682
4377
4635
6256
8224
8216
7820
9925
15257
19429
19181
17470
16011
16643
15775
15454
18254
19395
17031
11291
5052
2343
1683
-509
-1685
-1134
-1547
-4530
-8936
-12741
-13108
-12020
-12344
-11741
-8682
-5852
-7744
-10503
-11473
-10951
-6857
-1756
1502
3938
5030
2737
1850
4357
8133
11251
12761
11550
8053
6388
5493
3550
3389
4046
2260
2249
2920
4570
7536
5042
-2137
-9368
-8912
-2241
1005
-787
-3151
-3199
-3073
-6166
-8707
-6461
-3470
-5763
-10209
-8193
-2784
-1453
-10370
-19448
-20109
-15822
-9910
-7724
-6253
-5340
-8419
-13096
-13750
-7359
1274
4990
4025
3724
6264
8751
8100
7528
11309
16932
17906
16026
14752
14313
14734
14061
14414
16632
16458
11230
5462
2965
3175
2983
963
-910
-3369
-4497
-5996
-9034
-9697
-10635
-12386
-11786
-8922
-6617
-7035
-9890
-12775
-11338
-5975
-2004
-16
1202
1526
1270
2400
4980
7435
10424
11429
10933
10402
9018
6395
3412
3437
4233
4367
4863
3919
3683
5086
2625
-2081
-6033
-8193
-5470
-1302
-965
-3462
-3889
-2851
-5891
-8845
-7650
-4959
-4115
-6989
-9143
-6568
-1967
-6253
-15527
-17718
-14828
-10453
-7297
-5818
-5044
-6425
-10668
-13343
-8099
2483
7140
4744
2757
3616
6413
8544
9704
12719
17535
17640
13777
11950
13271
16264
16937
15654
14308
11682
8939
6239
2811
2266
2840
1919
-547
-3126
-3613
-5597
-8069
-10504
-11758
-9196
-7036
-7693
-9625
-10297
-11675
-13022
-9510
-5185
-2234
-120
-1481
-2985
-1351
2510
5133
7241
9527
8395
8319
9578
7969
6077
5583
5067
3745
5477
7877
6090
5757
5858
2097
-1240
-4185
-6485
-2765
1236
-1104
-5465
-4983
-3899
-7669
-8873
-7009
-5498
-5672
-9614
-12572
-8654
-3952
-9571
-17203
-18054
-15250
-11361
-8112
-6351
-5882
-7680
-11443
-12588
-5532
4993
8157
6105
4914
5471
8463
12148
13475
15823
20082
19517
15516
13609
15962
19322
19282
17313
14726
11916
9547
5894
2756
4041
3800
811
-2684
-5040
-5531
-7325
-9533
-11320
-11864
-10109
-9113
-10562
-11330
-11714
-13358
-12469
-8200
-4351
-2532
-2370
-4309
-4851
-888
4653
6945
8220
8020
5186
5565
7256
7621
7968
7288
4375
1845
3852
5511
4030
4779
5765
2807
-958
-5478
-8229
-3744
-30
-2455
-4563
-2147
-1840
-6234
-9253
-8299
-5762
-4723
-7173
-9937
-6380
-3785
-10941
-17643
-17436
-13735
-8910
-6809
-7112
-7198
-8313
-11769
-13066
-5354
5270
7437
4313
3145
4449
8506
11976
12337
15695
20067
19368
15862
15098
18444
19860
18640
17537
16288
16170
13718
6835
3235
5878
6225
3014
349
-1748
-3467
-5128
-8655
-10876
-9116
-7832
-10216
-12534
-12139
-12961
-13921
-11923
-9212
-5887
-4286
-6756
-9171
-6518
-1360
2033
5111
6888
5149
3316
2744
3231
5912
7854
6658
3809
3446
4853
4353
2609
2723
3767
3440
864
-4039
-5982
-2151
-1724
-4542
-4555
-1365
-382
-4559
-8068
-7659
-4230
-2175
-6193
-8572
-5029
-4913
-11317
-15059
-13716
-9899
-7589
-8990
-9374
-7577
-8028
-12095
-12613
-4640
3625
3764
1012
487
2592
6823
9064
10650
15350
17782
14979
12775
14408
18363
20943
19617
17916
16436
14756
13201
10322
9024
9748
8053
5280
2107
906
297
-2586
-4504
-5694
-6102
-6313
-8251
-11525
-11911
-11485
-12572
-11210
-8096
-6822
-8137
-9480
-9772
-7413
-2426
1272
2038
3188
3348
1074
1001
3431
5295
5488
5529
3481
1247
2053
3075
1610
1237
3559
2895
1105
-2363
-7011
-6499
-1395
-972
-4472
-3669
-1055
-3287
-6624
-6385
-4916
-1623
-2104
-6941
-7388
-3675
-5433
-11803
-11421
-7410
-5603
-6444
-8697
-9718
-7885
-7212
-9965
-7713
-464
1468
-2130
-3020
-632
3442
7197
7909
8696
11939
13196
9692
8924
13484
18438
19650
18662
17008
14853
13765
12108
11072
13305
14952
11567
6811
4542
3769
2172
604
-100
-1176
-2295
-4583
-7773
-9403
-9076
-10458
-11969
-9799
-7687
-8740
-10868
-11646
-11215
-7524
-3098
-1441
-985
-487
-1510
-2156
1136
4527
5012
3634
2020
402
818
2672
3214
3035
2549
2445
1080
-174
-2316
-5692
-5299
-1582
-1356
-3203
-2901
-2444
-4152
-6719
-6741
-3807
-276
-1266
-6043
-7554
-4822
-5563
-9183
-8471
-6184
-5554
-7099
-9047
-8513
-5568
-5524
-8345
-7252
-2779
-641
-2526
-2692
-181
2234
4179
4529
6251
10345
10927
7522
7144
11490
15547
16349
15419
14633
14414
14507
13803
13531
15151
15271
11777
9440
9712
8789
6571
4124
2468
2207
1200
-1665
-4464
-4944
-5014
-7367
-9235
-9147
-9920
-11131
-11437
-10832
-9198
-7490
-7430
-7747
-6329
-4521
-3806
-2215
697
1849
1562
604
134
752
1952
1469
-2
1023
1897
1166
-1157
-2061
-893
-353
-1785
-4679
-5270
-2780
-1785
-3866
-4159
-2271
-1251
-3951
-6343
-4464
-680
449
-3019
-5023
-3350
-1733
-4640
-7328
-6009
-4719
-5548
-6812
-5449
-2594
-2732
-6912
-9075
-6086
-1485
-589
-1361
-451
545
1056
1219
3114
6311
8330
7430
6687
9430
12523
12699
11640
12343
13791
14486
14276
13842
14039
14246
12205
10314
11674
12220
9621
6287
4352
3571
3486
2945
1039
-909
-3150
-6780
-8961
-7325
-5943
-6751
-7713
-8344
-8894
-9430
-9732
-9510
-7635
-5356
-5504
-6054
-4596
-3966
-4624
-4124
-3107
-2251
-1525
-1609
-2802
-2719
-1600
-2525
-3288
-2372
-1497
-1569
-1957
-2166
-2216
-1405
-1195
-1943
-1151
265
-703
-2147
-1287
1086
2212
1216
-411
-1271
-973
-1117
-1499
-746
632
-46
-2638
-3791
-3402
-3433
-4373
-4691
-3678
-2229
-2638
-4568
-5190
-4096
-3015
-2719
-1195
1687
2769
1582
746
2279
5616
7717
8099
8700
10148
10634
9743
9941
11478
12908
12812
12084
11967
11606
10108
8335
8454
9873
9956
7592
4480
2209
1069
526
260
248
-463
-2710
-5298
-6306
-6155
-5995
-6863
-7803
-7957
-7764
-7828
-8846
-9666
-9353
-8617
-8224
-7571
-6659
-6537
-7064
-7473
-6716
-4399
-2369
-1633
-2132
-2591
-2096
-1223
330
1541
1875
1488
827
743
1266
2213
2888
2880
2269
1219
279
-395
-812
-1025
-1155
-727
-355
-601
-1631
-2964
-3731
-3679
-2916
-2109
-1408
-1632
-3006
-3869
-3365
-2119
-1115
-824
-632
-447
-207
261
1092
2466
3310
3432
3592
4421
5250
5723
6375
6998
7257
7061
6943
6907
7009
7378
7687
8231
8429
7314
5797
4785
4280
3818
3618
3685
3462
3085
2239
976
-238
-877
-1216
-1389
-1169
-1581
-2672
-3637
-4595
-5143
-5119
-5172
-5592
-6511
-6971
-6836
-6700
-6724
-7241
-7590
-7062
-5925
-4906
-4194
-3813
-3625
-3084
-2237
-1360
-803
-501
-53
615
1755
2904
3140
2461
1378
713
949
1439
1592
1269
541
-369
-1329
-1895
-2206
-2519
-2501
-2599
-2911
-3162
-3638
-4288
-4641
-4296
-3587
-3055
-2628
-2213
-1753
-1141
-489
388
1865
3239
3517
3623
4483
5581
6600
7444
8109
8496
8494
8124
7687
7745
7702
7314
7299
7305
6737
5428
3855
2877
2522
2457
2207
1667
1399
727
-762
-1923
-2416
-2142
-1766
-2161
-2836
-3672
-4245
-4564
-4667
-3972
-3674
-4357
-5415
-6143
-5813
-5187
-4977
-5044
-4953
-4541
-4376
-4373
-4040
-3290
-2467
-1932
-1360
-517
113
76
-166
350
1640
2732
2937
2409
2022
1988
1683
1195
969
1182
1394
1084
547
-201
-1159
-2080
-2691
-2272
-1304
-1198
-2246
-3484
-3945
-3795
-3410
-2964
-2583
-2190
-1976
-1909
-1465
-661
-61
326
886
1769
2668
3229
3500
3682
4222
4940
5427
5924
6197
6197
6143
6189
6480
6469
6128
5712
5437
5475
5189
4528
3881
3603
3656
3225
2421
1488
704
403
216
66
-479
-1427
-2542
-3686
-3992
-3846
-3868
-4252
-5303
-6463
-7167
-7069
-6709
-6702
-6872
-7299
-7498
-7123
-6557
-6082
-5688
-5142
-4472
-3565
-2491
-1734
-1160
-519
296
1316
2294
2827
2726
2606
2829
3044
3083
2987
2796
2589
2372
1802
768
-212
-681
-672
-453
-431
-1005
-1749
-2253
-2619
-2601
-2010
-1084
-564
-587
-633
-501
184
1101
1836
2617
3141
3334
3405
3721
4395
4842
5055
5008
4780
4846
4878
4823
4833
4653
4286
3772
3431
3307
3159
3120
2904
2591
2380
2006
1702
1524
1418
1252
882
570
97
-557
-1093
-1511
-1833
-2242
-2807
-3391
-3979
-4616
-5304
-5968
-6438
-6677
-6762
-6684
-6683
-6994
-7347
-7292
-6696
-5962
-5313
-4696
-4216
-3751
-3181
-2366
-1210
-82
662
1038
1480
2105
2548
2865
3103
3159
3116
2968
2859
2847
2583
1696
495
10
249
244
-358
-1278
-1956
-2199
-2304
-2318
-2042
-1463
-1085
-1182
-1104
-629
-143
375
1137
2221
3203
3698
3830
3982
4551
5165
5482
5784
5986
5918
5702
5694
5896
5786
5287
4526
3929
3923
4031
3832
3237
2482
1923
1614
1580
1418
970
519
-23
-514
-837
-1149
-1523
-2083
-2714
-3339
-3869
-4181
-4572
-5136
-5658
-6021
-6221
-6433
-6819
-7225
-7325
-7017
-6562
-6206
-5857
-5576
-5304
-4764
-4036
-3152
-2217
-1317
-419
294
835
1204
1653
2517
3274
3651
3757
3646
3503
3324
3220
3122
2872
2391
1418
517
185
34
-262
-911
-1730
-2445
-2785
-2689
-2651
-2518
-2340
-2416
-2318
-1846
-1086
-394
70
460
907
1778
2696
3233
3862
4567
4954
4990
5094
5610
6172
6444
6288
6001
6000
5904
5515
5136
4972
4811
4394
3965
3634
3280
2823
2210
1670
1323
1018
583
5
-568
-1264
-1997
-2475
-2796
-3266
-4085
-5010
-5774
-6316
-6667
-6975
-7178
-7461
-8076
-8697
-8829
-8266
-7493
-7031
-6802
-6548
-6021
-5284
-4431
-3361
-2186
-1100
-191
539
1194
1841
2499
3109
3597
4034
4417
4545
4297
3765
3330
3205
2966
2301
1516
1011
649
-51
-931
-1496
-1613
-1662
-2093
-2491
-2395
-2052
-1863
-1784
-1379
-741
-273
73
664
1665
2556
2868
2998
3553
4495
5279
5658
5908
6212
6369
6286
6243
6478
6744
6633
6217
5833
5562
5126
4446
3918
3722
3541
3023
2243
1514
899
329
-206
-612
-969
-1594
-2444
-3143
-3584
-4024
-4620
-5232
-5790
-6343
-6864
-7312
-7670
-8066
-8624
-9067
-9049
-8737
-8506
-8378
-8156
-7759
-7222
-6508
-5566
-4477
-3453
-2592
-1654
-500
565
1321
1977
2765
3611
4269
4684
4913
4940
4776
4584
4609
4630
4144
3261
2576
2295
1945
1128
153
-472
-754
-1079
-1516
-1756
-1769
-1880
-2100
-2058
-1583
-995
-655
-387
215
1139
1873
2126
2337
3006
4024
4835
5182
5457
5848
6146
6242
6338
6647
6840
6625
6281
6197
6289
6038
5357
4727
4369
4073
3590
2989
2480
1964
1339
628
-149
-943
-1726
-2364
-2842
-3408
-4193
-5099
-5880
-6502
-7092
-7640
-8123
-8532
-8949
-9363
-9576
-9547
-9354
-9160
-8991
-8677
-8140
-7383
-6550
-5757
-4946
-4019
-2961
-1915
-957
-66
771
1543
2226
2865
3511
4079
4422
4477
4398
4338
4263
4105
3810
3474
3167
2800
2278
1596
999
644
415
234
18
-162
-287
-462
-551
-468
-101
427
832
1172
1432
1670
1910
2193
2765
3451
3969
4118
4006
4095
4383
4722
4938
4936
4854
4598
4361
4312
4450
4645
4418
3861
3304
2990
2932
2747
2461
2135
1764
1325
623
-81
-616
-1081
-1534
-2062
-2535
-3089
-3915
-4869
-5724
-6123
-6262
-6537
-6981
-7532
-7976
-8332
-8498
-8244
-7745
-7229
-7032
-6993
-6661
-6007
-5113
-4168
-3205
-2324
-1708
-1172
-514
410
1362
1977
2334
2665
3103
3440
3533
3514
3465
3389
3162
2859
2668
2483
2089
1447
940
783
703
468
90
-157
-225
-321
-392
-230
183
535
644
816
1236
1703
1961
2084
2466
3100
3561
3646
3581
3695
3892
3950
3954
4009
4036
3820
3466
3367
3540
3636
3359
2906
2614
2491
2397
2240
2127
2044
1832
1436
895
364
-104
-462
-684
-907
-1326
-2032
-2870
-3651
-4233
-4623
-4918
-5233
-5710
-6224
-6655
-6945
-7109
-7169
-6991
-6641
-6266
-5976
-5715
-5329
-4796
-4073
-3145
-2160
-1378
-892
-463
157
955
1727
2348
2816
3094
3135
3063
3082
3230
3364
3305
3080
2760
2312
1732
1108
724
638
646
504
106
-369
-827
-1181
-1308
-1104
-594
-195
-110
-238
-263
26
436
927
1413
1884
2209
2258
2321
2553
2988
3344
3484
3528
3525
3508
3360
3286
3385
3580
3678
3487
3208
2892
2639
2444
2334
2391
2376
2145
1599
962
444
34
-255
-515
-735
-1150
-1896
-2845
-3673
-4085
-4311
-4611
-5100
-5578
-5929
-6257
-6502
-6582
-6395
-6161
-6056
-5897
-5474
-4801
-4233
-3789
-3215
-2423
-1625
-1067
-533
187
1020
1681
2064
2486
2993
3360
3454
3410
3498
3636
3611
3398
3124
2846
2387
1770
1304
1148
1082
777
224
-321
-699
-936
-1115
-1175
-1077
-975
-958
-940
-819
-629
-396
-92
347
865
1228
1339
1387
1647
2107
2497
2652
2647
2646
2679
2674
2707
2866
2999
2905
2702
2746
3046
3112
2590
1773
1230
1165
1334
1570
1879
2058
1792
952
-149
-1140
-1926
-2433
-2512
-2101
-1614
-1653
-2498
-3998
-5631
-6850
-7189
-6535
-5324
-4257
-3902
-4365
-5323
-6309
-6811
-6424
-5118
-3333
-1768
-897
-685
-821
-953
-763
-109
970
2156
3070
3636
3931
4033
3901
3551
3272
3303
3576
3814
3827
3632
3262
2693
1988
1337
898
618
372
178
105
56
-186
-695
-1253
-1547
-1482
-1167
-776
-439
-274
-347
-535
-549
-204
413
1047
1438
1537
1423
1272
1282
1539
1966
2386
2642
2658
2461
2184
1989
1974
2083
2184
2204
2135
1977
1692
1292
902
646
497
315
17
-375
-825
-1338
-1858
-2238
-2448
-2679
-3144
-3800
-4393
-4735
-4835
-4776
-4681
-4724
-4972
-5260
-5248
-4815
-4181
-3605
-3214
-2972
-2792
-2495
-1876
-892
182
972
1350
1499
1638
1864
2239
2785
3430
3910
4053
3938
3710
3420
3044
2757
2758
2957
2978
2570
1973
1471
1094
735
461
438
482
301
-140
-509
-604
-574
-622
-651
-554
-462
-519
-661
-560
-187
207
370
240
-8
-193
-56
469
1136
1618
1587
1216
650
290
318
703
1269
1666
1881
1865
1710
1295
831
440
457
612
858
1017
938
725
32
-534
-1149
-1439
-1745
-2043
-2216
-2351
-2439
-2723
-3024
-3462
-3772
-4293
-4390
-4394
-3956
-3513
-3173
-2799
-2850
-2851
-3092
-2724
-2015
-860
22
617
740
664
724
931
1772
2326
2930
2854
2861
2895
2915
2973
2687
2572
2374
2309
2238
2140
1945
1671
1255
1160
1108
1197
1009
574
326
126
371
447
544
442
235
3
-211
-217
-110
26
14
0
-69
21
-20
16
76
211
323
252
190
121
216
286
508
668
834
753
548
414
270
254
129
163
212
255
135
-172
-562
-1000
-1316
-1467
-1390
-1358
-1449
-1736
-2081
-2379
-2620
-2786
-2960
-3091
-3086
-2813
-2376
-2004
-1942
-2136
-2494
-2799
-2883
-2560
-1740
-763
57
472
611
597
503
482
751
1359
2032
2436
2564
2690
2834
2869
2674
2499
2502
2504
2358
2132
2095
2155
2004
1673
1393
1214
887
329
-85
-60
267
524
607
591
339
-169
-715
-764
-376
58
316
397
530
371
159
86
349
685
604
494
446
649
768
780
922
993
899
548
265
299
388
379
304
283
340
44
-465
-984
-1213
-1221
-1307
-1356
-1456
-1630
-2247
-3056
-3538
-3413
-3041
-3017
-3234
-3442
-3450
-3569
-3726
-3587
-3054
-2479
-2239
-2129
-1819
-1341
-993
-833
-553
36
636
1005
1134
1461
1928
2159
2131
2124
2446
2683
2666
2474
2471
2650
2580
2329
2173
2230
2095
1713
1393
1324
1447
1455
1235
949
687
523
407
323
319
420
624
495
218
183
494
756
348
-110
-154
174
328
285
675
1164
1316
734
125
224
645
846
571
561
885
1009
483
-171
96
787
1038
643
495
708
698
6
-1279
-1617
-1243
-1194
-1745
-1826
-1147
-1219
-1940
-3196
-3916
-3720
-3668
-3943
-4272
-3439
-2810
-3157
-3561
-3908
-3400
-2987
-2774
-2465
-1724
-492
-482
-958
-1330
-1112
-282
196
782
1583
2779
3063
1935
1269
1375
1703
1776
1931
2667
3445
3657
2796
2039
2104
2033
1616
1205
1631
2071
1841
1439
1305
1840
1775
785
-91
59
655
409
89
591
1635
1788
645
213
696
889
31
-825
40
1123
1249
511
522
1742
1813
180
-799
516
1220
310
-17
742
1360
1094
762
374
135
398
-30
-684
-394
-4
-533
-1017
-875
-1515
-2044
-2074
-2369
-2744
-2600
-2552
-3631
-4201
-3695
-3106
-3247
-3888
-3924
-3043
-2838
-3778
-3903
-2377
-1281
-1722
-1951
-1735
-1002
-1054
-1291
-211
649
970
907
1593
1963
1407
1097
574
1355
2209
1914
2217
2794
3375
2558
1549
1589
1543
1742
1499
1544
1958
2217
2128
1516
1263
1394
900
182
741
1189
747
527
1052
1149
1105
1429
541
-8
543
828
833
1004
1573
1589
1135
1196
653
661
1249
879
709
1022
1362
563
311
570
-105
-529
-499
50
142
-358
-868
-1299
-1367
-1567
-2405
-2170
-1556
-1630
-1809
-2661
-2412
-1969
-3072
-3509
-2779
-2375
-3063
-3261
-1968
-1495
-1925
-2741
-2814
-1188
-1527
-3228
-2596
-219
572
-717
-601
740
570
-1026
-1619
-147
1449
1150
523
1991
2969
1462
-310
-211
1020
1356
1280
1552
2480
3347
2102
436
424
1196
1821
1234
1094
2131
2816
2651
1260
1174
1939
871
-406
77
1737
2334
1713
1069
950
1321
840
-871
-1071
618
776
126
1163
1746
680
75
-373
-603
31
-209
-163
1516
1813
241
-65
613
30
-943
-996
-544
455
607
-776
-1251
-221
-505
-3048
-3365
-1610
-1498
-2212
-2857
-2166
-1261
-2308
-3819
-4141
-2943
-2118
-2877
-2637
-1492
-1489
-1663
-1934
-1916
-1314
-1056
-1017
-604
111
345
285
756
963
366
550
1016
1474
1205
613
1672
2006
2092
1957
1417
1665
1513
1823
1314
1024
2221
2256
1623
1168
1471
2017
1301
883
960
1348
1331
252
678
813
1337
1371
-532
-15
879
428
-662
-424
492
-26
240
342
-84
291
576
-224
-976
-385
397
328
385
585
871
1726
822
-832
180
749
-344
-437
177
1242
1080
273
-1093
-2165
-809
-1221
-2536
-2153
-1287
-1332
-2278
-2803
-3098
-3030
-2556
-3117
-3524
-1943
-1811
-2572
-2646
-2019
-1657
-2391
-1241
-515
-530
-468
-669
-706
-124
1009
566
249
810
1613
1437
893
832
1608
2762
2066
1000
1578
3138
2542
912
961
2450
2672
1697
1595
2120
2678
1651
409
402
1797
1613
-62
132
1628
2253
531
-553
-270
407
558
-903
-1295
697
2134
256
-1603
-126
964
-172
-1006
-1051
-7
1120
356
-755
-408
1000
574
-638
-260
233
739
-162
-1248
-3
779
-310
-517
144
-398
-1240
-1217
-1614
-1981
-1203
-1805
-2059
-1358
-1953
-2839
-2729
-1960
-2802
-2794
-2141
-2569
-2108
-1681
-2052
-2224
-1092
-659
-1199
-973
-766
-510
531
99
-895
502
1585
1323
792
1565
2049
1471
1765
1111
1292
2348
2193
2368
3047
3063
2480
2095
1991
1626
1824
2173
1771
2482
2696
1569
1232
1872
791
-786
141
592
228
281
457
9
-14
-279
-1713
-1651
-1059
-1264
-778
311
-473
-873
405
-121
-1922
-2035
-889
-237
287
485
49
817
1386
-980
-1778
-124
405
-446
-645
516
584
546
-450
-1650
-952
-789
-1839
-2075
-432
-329
-1555
-1445
-1268
-1586
-1968
-2496
-2134
-1102
-772
-1984
-2196
-102
-427
-2023
-2035
-817
-165
-749
-498
-199
582
968
-309
-632
712
1748
1186
780
1454
1817
1667
1363
1370
1757
2436
2376
1572
1486
2205
2042
1138
1447
1868
1719
1692
1804
1276
845
887
561
279
615
660
362
913
382
-268
41
-59
-714
-1079
-108
168
-943
-1021
-210
17
-682
-1970
-1314
180
-137
-1301
-1071
544
252
-1026
-809
-36
206
-357
-141
193
-141
62
-816
-477
1024
-138
-1655
-1333
-341
-1059
-2187
-1277
-883
-809
-882
-2390
-1820
-763
-2325
-3298
-1828
-448
-885
-1295
-1036
216
568
-1555
-1754
-97
189
-722
-281
1589
2093
1573
694
975
1514
424
-171
785
1842
1988
2127
2098
1697
1792
1266
242
1044
1542
1216
1795
2164
1786
1315
1606
1175
976
896
121
576
1067
504
170
601
473
197
23
-496
-455
-320
-869
-1072
-756
-99
91
-641
-628
-476
-817
-841
-299
-436
-351
-91
-329
-681
-736
632
442
-471
-259
-169
-334
-1124
-1075
-91
-172
-236
-567
-1207
-1115
-1173
-1472
-2141
-1376
-953
-1539
-1055
-1050
-1408
-1969
-2000
-1931
-1689
-705
-947
-1069
-414
-450
-1090
-1364
-202
9
-560
358
365
692
934
615
467
208
2016
932
-306
1444
2491
2251
684
1654
2258
1512
1893
688
892
3040
2399
1112
1480
3389
2469
29
1734
2169
1079
752
891
1314
1549
1589
404
-21
560
23
-772
-365
119
-399
-673
121
-647
-1442
-420
-671
-1463
-755
-491
-1069
-465
-454
-1469
-1197
70
-247
-1139
-705
-631
-630
-679
-1380
-1031
55
-698
-1675
-677
-218
-1442
-1668
-1061
-1513
-1451
-1468
-1359
-742
-1234
-1563
-1624
-998
-1034
-2322
-1424
-515
-1206
-931
-628
-148
-17
-916
-767
-367
181
307
-79
675
1033
981
912
563
702
919
1309
845
721
1568
1872
2099
1523
1506
1591
1577
1723
872
1163
2003
2795
2211
1176
2023
2086
1344
726
582
1120
1142
1001
1610
1243
719
513
-152
-148
-452
-32
168
72
26
59
353
-543
-785
-660
-913
-655
-282
-617
-20
633
-534
-1641
-921
-393
-1464
-1090
4
-225
-1010
-1160
-1057
-1038
-1411
-2210
-1833
-271
-674
-2202
-1370
-1167
-1527
-1517
-2155
-1909
-571
-440
-2096
-1801
131
-652
-2633
-1515
-64
-415
-1190
-1423
-245
863
-146
-1764
-555
1132
379
-709
-227
1274
2062
206
-880
1168
2254
1436
340
1008
2111
1781
1421
975
1489
2751
1721
1056
1945
2038
2294
1571
1061
1258
2142
2318
457
1334
2112
921
607
592
1166
779
281
402
-315
889
655
-810
-130
17
-195
-772
-268
114
-473
-421
-708
-732
-325
-272
-460
-777
-398
-686
-1119
-407
-679
-643
-943
-1272
-763
-911
-1034
-1894
-1757
-533
-1243
-1738
-1233
-1323
-1459
-1442
-1937
-2151
-993
-627
-1437
-1077
-364
-964
-1311
-1354
-1477
-689
-37
-270
-482
-116
127
-466
-501
23
-106
-54
-283
689
1092
494
1013
932
1197
1163
578
817
1497
1827
1804
1571
1740
2542
2507
1466
1060
1560
1874
1604
1212
1806
2143
1915
1386
864
916
369
17
350
686
253
195
818
-6
-256
-393
-1227
-702
-771
-1178
-771
338
12
-1535
-536
-277
-1426
-1316
-449
-198
-779
-206
-64
-518
-205
-814
-1072
-631
-374
-119
-710
-372
209
-889
-1755
-1212
-219
-840
-1650
-573
-471
-678
-847
-1882
-1304
-359
-752
-1609
-667
113
-670
-645
-678
-875
-196
-3
-669
-300
180
241
16
-175
-153
256
910
454
223
647
735
423
495
659
1168
1399
1421
1609
1206
1216
985
1282
1299
851
1722
1826
1329
1455
1700
1478
210
525
1164
405
584
727
608
862
794
-277
-574
531
202
-844
36
66
-356
-21
-435
-555
-338
69
-716
-1014
57
-151
-1016
-1025
-146
-127
-1198
-929
-241
-498
-1529
-1177
-361
-1274
-1264
-638
-849
-1430
-1287
-1136
-1355
-1249
-1113
-1425
-650
-712
-1833
-816
-194
-993
-1948
-223
546
-908
-748
-131
410
27
-469
-345
615
1030
310
-96
724
1461
774
102
770
1129
1222
1401
338
1444
2340
1396
312
830
1975
983
1005
1573
1868
1630
1030
572
1066
1544
692
342
1311
1263
344
531
439
456
374
-71
-562
359
392
-715
-724
-168
-222
-1022
-520
-480
-718
-864
-780
-1461
-988
-75
-841
-862
-962
-226
-603
-1146
-1066
-1152
-136
-179
-1096
-507
134
-222
-496
-1472
-888
-270
-576
-1043
-493
1031
-978
-1622
-433
-558
-973
-1217
-563
-558
-299
114
-718
-680
-47
-1129
-1218
270
688
-330
-203
1007
606
237
-235
-199
1204
1473
223
453
1798
1610
763
556
1081
1310
1237
930
1238
1672
1467
1201
725
1047
1516
832
786
976
498
1203
1032
235
387
799
351
-733
110
646
-380
-613
58
-57
-526
-804
-897
-392
-205
-876
-1318
-311
-176
-1026
-540
-711
-984
-21
-318
-765
-580
-235
-510
-943
-281
-937
-184
840
-887
-999
-246
-522
-1087
-689
-271
-864
-90
89
-731
-786
-1035
-327
-384
-929
-785
-494
935
-6
-1157
-478
-39
351
-721
-853
709
930
201
-463
201
539
396
430
-400
808
1028
285
389
624
1288
604
379
558
836
1179
925
547
803
1665
1047
-209
956
1954
665
-77
657
1198
641
379
478
464
886
570
-727
84
745
-483
-703
-211
224
30
-467
-276
-455
-739
-610
-1450
-738
118
-401
-523
-773
-231
-819
-913
-683
-1196
-247
-347
-257
-176
-615
-308
-625
-670
-813
-661
158
-45
-428
-405
-557
-281
-394
-496
-425
-188
227
-597
-265
-79
-286
-136
-308
151
-136
135
345
170
222
-63
-168
186
552
307
258
700
680
-138
162
214
558
732
-112
993
922
-46
394
825
539
300
530
517
1141
1151
3
443
1148
312
36
631
1099
842
642
42
-90
1043
283
-569
6
555
631
-204
-703
-14
275
-536
-1094
-397
51
-113
-483
-1046
-598
-330
-528
-1190
-1146
-42
-200
-665
-625
-725
-452
-354
-1128
-1233
-129
556
-721
-1109
-243
-260
-493
-1030
-650
-82
238
-132
-1060
-35
405
-695
-816
89
499
-137
-116
223
216
324
-283
-272
703
875
45
-348
687
880
93
-104
489
1043
474
143
80
499
1252
398
-247
649
1165
738
124
250
846
619
471
404
212
1008
1338
71
-856
649
1511
-162
-489
506
1000
700
-331
-593
618
1012
-786
-1153
298
1071
256
-997
-128
589
-422
-1506
-945
733
69
-943
-676
-224
164
-1173
-1425
-393
-425
-592
-1162
-628
104
-399
-844
-1371
-670
43
-1086
-1379
-91
629
-304
-921
-378
-228
-204
-854
-815
460
749
335
-767
-324
1012
108
-1050
-419
1059
616
-321
531
758
471
67
-551
384
905
688
161
103
1333
807
-125
195
727
1078
349
-219
836
1834
634
-939
506
1436
324
-46
-3
671
1042
672
-624
-398
1258
59
-1039
15
891
337
-182
-235
-767
242
616
-899
-752
94
278
-251
-211
215
-299
-218
-831
-859
416
308
-480
-533
150
89
-637
-472
-408
-657
-402
-530
-118
303
-32
-937
-1325
-33
-255
-1201
-543
109
-9
-222
-326
-549
-423
-111
-559
-604
496
320
-260
201
344
-111
-66
305
136
132
78
337
685
422
-317
96
1254
274
-300
34
-116
611
896
-496
6
1390
224
-495
133
502
-10
143
-23
-220
1127
710
-478
-130
849
206
-593
22
-17
358
744
128
42
600
553
-694
-912
491
659
42
-119
359
811
239
-340
-624
-18
606
-41
-34
535
702
100
-769
4
230
-44
-398
-553
544
199
-192
-416
-734
-275
-404
-811
-745
107
63
-839
-787
-666
-547
-418
-799
-807
-309
40
-588
-945
-58
54
-649
-726
-284
293
163
-392
-423
365
885
-729
-845
845
945
59
-496
230
537
462
208
-240
675
937
99
-142
408
724
168
-21
-29
419
947
341
309
548
214
-38
-212
164
487
380
637
776
563
-276
-398
423
158
-2
15
733
1129
-74
-235
49
574
248
-767
93
573
631
363
-496
-58
275
92
-380
-513
87
411
352
-516
-580
17
-375
-776
-625
-24
100
-605
-512
147
-282
-874
-1140
-1154
-270
-61
-397
-276
-73
-35
-937
-1363
-1013
-604
-5
21
53
-148
-138
102
-912
-1150
-247
-69
271
661
212
-49
445
244
-1025
-301
886
338
74
335
710
766
330
-236
110
614
19
-325
682
1173
727
245
51
442
382
-24
4
707
689
389
768
620
515
731
74
-281
167
597
712
666
1244
931
-72
-611
-329
343
352
252
655
724
336
-465
-935
-108
243
-606
-964
394
598
-323
-788
-606
-158
-892
-1546
-1006
364
325
-559
-735
-695
-475
-823
-1489
-833
223
51
-769
-740
319
-33
-974
-913
-461
-103
-374
-189
323
446
227
-758
-718
18
-53
-335
-190
586
600
-202
-321
-37
83
72
-410
-217
476
669
-5
-212
580
471
-7
-236
98
882
670
-103
275
1060
852
-123
81
946
833
575
407
592
713
795
539
289
866
819
310
233
414
656
436
212
175
307
527
-321
-193
528
111
-158
-471
-230
-31
-182
-400
-626
175
-86
-803
-350
-311
-496
-841
-759
-346
-335
-266
-609
-408
-156
-886
-1097
-651
-316
-417
-499
-500
-254
285
-333
-1023
-492
-20
-385
-640
75
417
135
44
-240
-94
62
-158
-68
-209
302
671
-7
-135
359
401
-65
-247
-261
218
776
219
-629
220
1018
105
-459
-85
755
706
-172
-467
381
989
151
-296
500
1293
764
-187
-423
321
767
-24
211
1175
1163
707
105
-149
24
182
216
26
465
731
507
523
45
-229
-283
-320
-447
-638
57
432
343
-32
-637
-597
-654
-759
-847
-660
-218
-163
-105
-451
-514
-395
-757
-816
-772
-703
-317
329
57
-646
-241
-33
-570
-641
-308
-125
155
354
-71
-278
365
230
-451
-149
334
413
175
190
315
66
273
325
-77
70
518
593
152
-104
303
429
377
27
-605
445
1068
403
-140
-4
841
115
-542
-425
438
1564
657
-294
72
673
42
-974
-279
905
905
405
217
360
223
-267
-804
-766
246
580
321
169
29
-26
-405
-873
-1058
-367
390
7
-483
-368
-95
-188
-861
-1075
-485
-75
-110
-522
-609
19
126
-617
-1020
-414
225
-122
-429
-135
313
470
-273
-785
-160
346
-22
-283
351
937
481
-178
-78
36
-166
-146
202
647
768
779
621
264
-5
-470
-388
179
535
798
765
957
818
-178
-773
-514
87
83
130
813
945
662
-3
-643
-467
-299
-283
-273
166
771
567
180
-229
-425
-387
-393
-270
-121
380
671
396
110
15
-80
-266
-159
-179
-55
592
427
-100
75
195
-201
-600
-265
-7
-116
-116
-381
-321
-317
-699
-844
-514
-55
-346
-546
-470
-435
-532
-1015
-886
-390
-47
-137
-450
-178
33
-36
-522
-733
73
469
164
-174
214
912
571
-109
58
786
717
111
281
840
966
788
499
342
595
494
66
232
609
591
473
474
252
48
76
-110
-165
64
107
84
169
78
-292
-348
-206
-347
-353
-60
147
31
-148
-224
-386
-508
-508
-231
246
238
-26
75
140
-311
-669
-331
143
221
155
142
226
189
-223
-488
-381
-62
133
10
-63
-73
0
-51
-437
-636
-284
215
3
-427
-207
100
102
-267
-572
-209
286
124
-407
-181
383
229
-134
-121
92
217
68
-152
-40
258
369
184
180
325
201
104
-35
-64
119
204
240
326
567
310
-199
-116
24
-83
-140
139
409
346
123
-139
-139
-109
-247
-233
36
259
97
-151
-221
-270
-445
-439
-41
129
-12
3
14
-231
-493
-561
-319
258
537
330
245
337
82
-403
-418
15
509
765
682
629
573
210
-254
-447
-288
151
506
531
498
387
89
-337
-698
-839
-606
-104
34
37
151
-18
-553
-1072
-1117
-896
-510
-111
97
276
163
-312
-761
-787
-477
-94
352
697
903
827
302
-247
-257
120
331
529
997
1297
1069
471
-113
-263
-189
-263
-75
628
1096
672
78
-159
-546
-944
-913
-549
-191
114
371
161
-397
-679
-681
-782
-803
-262
422
464
186
92
-90
-557
-809
-458
24
335
670
863
673
189
-313
-557
-504
-246
114
532
909
914
521
34
-275
-329
-319
-223
130
605
785
500
143
-10
-173
-399
-391
-106
240
470
451
195
-46
-197
-392
-553
-416
-49
200
272
211
45
-148
-370
-555
-573
-290
78
161
183
264
108
-224
-451
-427
-321
-256
-64
185
297
183
-63
-162
-196
-384
-539
-364
50
205
84
152
224
-36
-427
-598
-468
-303
-111
171
318
306
189
-6
-264
-501
-301
134
320
417
541
667
512
51
-96
127
393
451
490
830
858
486
192
31
139
198
149
335
474
422
134
-72
-28
-202
-290
-147
-35
62
-43
-110
-101
-201
-260
-395
-353
-171
-208
-217
-175
-112
-129
-288
-319
-358
-398
-308
-172
-21
-42
-98
-48
-107
-203
-213
-83
118
149
73
37
80
81
-39
-24
95
49
-39
-41
24
52
-33
-65
-22
-34
-161
-271
-156
-51
-86
-138
-146
-100
-187
-312
-295
-201
-72
-79
-102
-48
-74
-111
-153
-62
64
83
165
175
160
177
193
279
272
306
392
354
312
306
401
436
327
351
443
420
282
224
346
330
162
110
173
184
81
6
55
82
-42
-164
-158
-140
-172
-210
-197
-176
-201
-211
-232
-222
-206
-221
-195
-194
-188
-152
-142
-125
-86
-51
-71
-82
-47
-60
-106
-95
-77
-93
-87
-78
-64
-47
-86
-67
-38
-109
-177
-166
-62
-69
-96
5
14
16
-17
-122
-101
-61
-22
-45
-42
77
20
-50
-61
-117
-95
-95
-45
47
58
38
-47
-42
-10
-109
-76
63
146
176
146
160
169
131
118
101
184
286
289
324
336
344
341
266
241
241
256
283
233
214
228
168
94
70
51
15
-11
-29
-46
-82
-126
-162
-183
-199
-209
-199
-187
-176
-213
-251
-229
-246
-230
-221
-219
-125
-101
-146
-153
-123
-109
-148
-135
-64
7
-1
-14
53
41
-6
-60
-88
-39
-54
-34
27
41
41
-3
-25
-85
-144
-107
-78
-20
-4
9
77
27
-35
-59
-74
-12
-6
21
114
143
147
101
57
66
44
69
120
144
190
182
175
144
69
63
42
64
110
112
136
101
69
37
-10
29
44
66
108
106
101
60
33
6
-22
-1
22
41
60
44
-1
-52
-86
-103
-121
-91
-64
-66
-49
-80
-122
-115
-115
-116
-112
-81
-56
-70
-51
-43
-41
-24
-46
-51
-19
6
3
-18
9
19
-16
-27
-36
-16
-7
-34
-34
-19
3
-32
-85
-56
-48
-62
-68
-61
-16
-25
-57
-67
-73
-59
-88
-86
-25
-3
14
10
12
31
15
12
12
39
92
108
113
118
118
99
68
60
80
122
144
128
118
123
94
46
46
70
93
95
71
72
71
54
27
3
24
29
13
11
5
17
3
-23
-25
-35
-42
-59
-71
-60
-60
-46
-52
-67
-72
-79
-74
-83
-81
-61
-51
-51
-76
-92
-82
-78
-58
-34
-28
-33
-39
-52
-72
-79
-49
-12
-4
-7
-23
-18
-13
-37
-41
-20
-2
-1
-14
-8
9
9
-2
-18
-11
9
15
15
38
67
66
47
42
48
53
55
70
102
134
131
118
118
116
111
93
92
106
121
124
101
86
89
73
41
34
37
37
26
7
2
0
-10
-41
-60
-53
-52
-79
-107
-110
-104
-107
-129
-141
-130
-121
-127
-135
-126
-110
-105
-107
-105
-91
-77
-86
-88
-69
-54
-42
-40
-29
-18
-7
7
10
26
33
43
55
42
58
72
76
69
58
74
72
60
57
51
49
52
46
44
45
43
31
18
13
13
12
12
12
12
13
7
0
-6
-2
9
17
24
25
22
16
11
8
15
30
37
39
36
24
20
17
11
19
25
34
34
23
18
8
-6
-16
-22
-25
-27
-42
-55
-57
-66
-76
-88
-91
-79
-70
-68
-65
-60
-56
-59
-56
-47
-34
-30
-26
-17
-11
-9
-7
4
11
20
26
31
34
35
39
37
43
50
51
51
54
54
35
16
12
17
21
23
33
32
22
7
-13
-10
-7
-3
3
5
5
-6
-17
-23
-27
-25
-18
-18
-14
-15
-21
-21
-27
-30
-32
-27
-14
-6
0
6
10
9
8
17
18
17
21
24
33
37
40
42
43
49
40
37
37
32
30
15
10
4
-4
-13
-21
-16
-12
-20
-35
-40
-41
-51
-56
-56
-58
-52
-46
-43
-40
-37
-33
-35
-31
-21
-6
5
9
16
29
39
33
31
41
47
51
49
53
58
52
45
30
22
22
7
5
9
3
-5
-15
-19
-21
-24
-19
-20
-23
-28
-30
-25
-22
-22
-24
-18
-7
-12
-11
-11
-6
-6
-26
-24
-11
-4
-17
-27
-13
-16
-30
-35
-30
-14
-14
-24
-18
-5
5
8
12
19
21
22
25
29
31
37
41
37
45
40
38
32
24
27
19
22
18
12
11
-3
4
-1
-4
-6
-13
-5
-14
-16
-7
-4
7
4
3
4
1
5
0
-7
-4
-1
0
-5
2
12
2
-6
-11
-4
-3
-10
-9
-10
-9
-7
-16
-21
-15
-19
-21
-14
-15
-7
-4
-4
-9
-19
-14
-12
-7
-8
-7
4
-4
-6
-8
-10
0
-13
-9
-3
-9
2
-4
-5
-3
0
5
1
4
13
14
16
11
11
21
18
20
19
19
34
26
29
32
23
30
18
18
17
6
7
-3
-1
3
-4
-1
-8
-6
-3
-14
-9
-8
-5
-4
-17
-15
-12
-15
-16
-18
-15
-7
-10
-7
-12
-4
-1
-12
-9
-11
-6
-4
-16
-7
0
0
-5
-10
-7
-4
-5
-5
-4
-6
-4
-12
-14
-7
-9
-1
-2
-4
1
-1
2
-2
0
2
0
1
4
7
2
8
14
11
13
16
20
21
18
19
18
20
19
16
27
26
18
11
14
16
15
11
3
5
2
-1
2
0
-2
-1
-5
-5
-4
-8
-3
-12
-18
-8
-12
-10
-12
-20
-9
-15
-16
-10
-15
-9
-16
-15
-11
-19
-12
-15
-16
-11
-23
-20
-21
-18
-6
-15
-8
-9
-11
6
4
1
4
6
8
6
11
11
8
10
7
9
12
16
18
20
14
9
13
13
7
5
6
5
6
4
1
4
0
-4
-1
-4
-6
-8
-11
-6
-4
-5
-4
-7
-2
-3
0
7
2
3
0
2
8
8
17
20
20
23
25
29
27
25
17
13
13
12
11
8
4
-5
-15
-19
-17
-17
-21
-24
-31
-33
-31
-27
-21
-21
-20
-20
-15
-13
-9
-7
-13
-12
-9
-5
2
4
5
5
5
2
-1
-4
1
0
-2
1
1
2
-1
-1
5
8
10
6
8
3
1
3
1
10
11
11
14
7
4
2
3
5
6
14
11
5
10
12
11
12
11
10
12
7
8
4
3
9
-1
3
3
4
7
1
0
-2
-4
3
-2
-2
1
-4
-6
-10
-11
-8
-10
-5
-5
-7
-9
-12
-14
-15
-15
-15
-17
-12
-5
-6
-6
-10
-7
-4
-2
5
-1
0
-1
2
9
3
6
7
5
7
1
1
-4
-7
-1
1
1
2
-3
-3
-3
-6
-9
-11
-4
-6
-6
-2
0
6
5
0
1
-1
1
2
5
9
7
4
3
0
0
-1
3
0
4
9
1
-3
1
3
0
-1
-7
-12
-8
-5
-2
-1
6
10
6
9
15
12
13
11
10
11
8
7
3
-4
-5
