25
25
21
21
20
22
19
11
8
5
8
7
4
-2
-9
-8
-13
-15
-16
-20
-19
-21
-24
-27
-28
-33
-33
-34
-32
-30
-34
-35
-33
-31
-28
-32
-33
-32
-29
-27
-26
-27
-28
-27
-27
-27
-32
-26
-18
-12
-5
-1
6
11
11
14
16
21
23
22
23
21
22
22
21
20
18
24
27
24
20
17
18
22
23
29
33
31
33
33
34
33
30
31
31
29
30
28
24
20
15
14
13
5
2
1
-4
-5
-9
-12
-10
-15
-15
-14
-22
-27
-25
-25
-22
-20
-21
-20
-20
-20
-20
-21
-23
-21
-19
-18
-29
-32
-29
-30
-22
-16
-13
-13
-8
-9
-9
-6
-6
1
-1
1
4
6
9
6
3
7
7
9
8
11
16
15
15
12
12
9
8
9
9
14
15
14
12
12
13
14
13
11
12
6
3
6
4
0
-6
-10
-11
-7
0
1
5
10
10
7
5
7
7
3
3
7
7
10
2
1
5
5
4
0
-4
-9
-8
-10
-8
-13
-16
-15
-18
-12
-13
-14
-13
-12
-7
-10
-14
-11
-7
-2
-2
-4
-6
-4
-8
-11
-5
-4
-1
-2
-4
-4
-4
-4
-6
-3
3
6
6
1
3
2
1
0
-2
-2
-1
2
1
0
2
4
4
3
7
8
10
13
17
22
22
22
22
22
20
20
16
14
14
16
17
19
22
24
23
21
18
11
2
4
1
-3
-6
-12
-10
-13
-13
-14
-21
-15
-14
-18
-22
-24
-23
-23
-26
-26
-27
-27
-29
-28
-29
-24
-24
-21
-17
-22
-27
-30
-26
-20
-17
-12
-11
-12
-10
-11
-9
-6
-6
-5
-4
0
-1
0
3
6
9
5
9
14
17
20
24
28
32
36
38
40
38
37
47
43
46
50
49
50
48
45
44
42
37
37
31
25
18
11
15
14
16
16
14
14
14
13
6
-4
-10
-16
-21
-26
-33
-35
-39
-47
-49
-48
-48
-51
-50
-49
-50
-48
-51
-50
-53
-55
-60
-64
-66
-73
-74
-70
-65
-68
-70
-69
-63
-60
-56
-47
-45
-32
-23
-15
-5
0
12
19
22
29
39
47
56
74
84
94
101
101
102
103
107
108
103
101
101
98
94
95
86
82
78
68
67
65
54
44
30
20
15
-1
-6
-17
-28
-32
-45
-50
-49
-54
-61
-64
-65
-64
-64
-68
-73
-70
-65
-65
-63
-65
-67
-67
-69
-63
-59
-63
-58
-51
-49
-39
-37
-36
-33
-34
-30
-33
-35
-26
-19
-14
-6
-2
5
11
16
25
30
34
41
41
39
42
40
47
56
52
54
55
50
55
51
51
53
53
51
50
47
51
52
40
33
25
17
14
3
2
2
-5
-4
-10
-7
-7
-11
-15
-20
-16
-16
-15
-16
-10
-5
-8
-2
-7
-8
-8
-7
-5
-3
-2
-6
0
2
5
5
-6
-5
-5
-9
-14
-21
-28
-27
-27
-29
-29
-33
-33
-33
-34
-34
-36
-36
-32
-26
-20
-21
-26
-22
-20
-15
-11
-8
-1
0
8
12
14
14
10
13
13
16
15
17
19
17
15
15
16
7
7
7
8
15
20
28
25
18
18
17
16
16
15
11
15
16
18
24
18
15
11
14
19
18
16
14
19
22
21
20
13
11
10
4
0
-6
-9
-5
-8
-7
-9
-16
-12
-11
-10
-11
-17
-15
-17
-18
-19
-22
-27
-30
-29
-30
-31
-33
-30
-28
-31
-26
-27
-29
-26
-29
-27
-26
-25
-24
-28
-25
-18
-20
-20
-14
-15
-11
-9
-9
-6
-3
0
4
6
10
14
16
18
19
21
26
33
37
38
41
44
50
46
44
48
50
53
57
54
53
53
52
48
47
46
42
39
36
38
29
26
25
22
18
7
2
-3
-3
-10
-25
-31
-37
-41
-44
-45
-53
-53
-49
-56
-55
-59
-61
-61
-65
-61
-60
-61
-61
-59
-52
-50
-52
-54
-54
-47
-40
-37
-37
-36
-31
-31
-29
-20
-18
-13
-11
-10
-3
4
8
15
16
24
31
33
41
45
51
59
53
46
51
54
54
58
55
58
57
60
64
61
59
52
48
47
42
39
35
27
22
15
15
13
9
8
10
6
3
2
-6
-8
-17
-20
-16
-19
-21
-24
-24
-24
-28
-33
-30
-33
-36
-35
-35
-31
-33
-31
-26
-26
-29
-30
-30
-32
-27
-26
-30
-32
-31
-30
-30
-27
-27
-23
-19
-19
-15
-8
-5
-3
-1
2
9
10
7
10
11
17
19
19
19
26
28
25
26
27
23
23
24
22
18
17
18
18
24
21
18
12
10
13
10
8
-4
-5
-3
-4
1
0
1
4
6
9
14
13
17
22
15
17
11
13
13
10
17
16
16
10
15
17
9
4
-4
-6
-4
-4
-4
-9
-9
-12
-10
-14
-18
-19
-26
-31
-32
-30
-31
-28
-28
-31
-31
-34
-34
-30
-33
-36
-40
-43
-41
-43
-36
-27
-29
-24
-25
-20
-15
-11
-1
-3
1
5
7
19
23
24
22
29
37
33
38
32
29
30
31
33
36
36
38
34
31
36
41
42
39
38
38
35
34
29
24
20
14
13
13
7
1
0
0
-5
-5
-3
2
5
9
14
7
6
5
-4
-5
-7
-11
-13
-23
-29
-32
-29
-23
-27
-31
-33
-31
-32
-32
-34
-38
-39
-42
-40
-38
-41
-41
-44
-42
-38
-37
-31
-27
-25
-17
-12
-13
-5
-2
1
5
0
1
-1
3
4
2
8
11
18
20
24
27
25
24
22
22
24
23
23
24
24
25
23
20
19
20
19
25
30
28
28
31
37
37
28
31
30
29
25
17
13
13
10
5
2
-2
-3
-8
-14
-13
-14
-16
-18
-19
-20
-19
-25
-31
-28
-25
-26
-32
-32
-27
-25
-28
-27
-32
-36
-39
-45
-43
-39
-38
-20
7
25
36
36
20
12
10
11
8
13
21
32
36
35
41
11
-19
-46
-57
-32
-20
1
8
13
10
-19
-13
-20
-21
-35
-41
-3
46
130
153
156
121
77
83
81
130
124
72
26
-15
-7
-3
-7
-13
54
147
178
171
160
147
161
167
226
256
183
73
358
1306
2125
1942
497
-1323
-2657
-2757
-1842
-662
477
1097
1088
117
-1519
-3383
-4332
-3090
-590
1720
2076
864
-825
-1950
-2034
-1608
32
1891
3442
3397
1611
-598
-2147
-1203
1065
3306
3427
1652
-220
-1291
-872
-866
-783
-259
991
2226
1842
602
-949
-1146
-635
-95
247
98
420
609
767
245
-595
-749
-240
552
330
-352
-713
-380
32
-248
-454
-155
409
288
-442
-878
-620
2
318
345
191
-65
-358
-444
-346
-281
-208
-130
-79
-421
-859
-891
-421
107
214
304
331
159
-425
-941
-684
-62
532
631
449
16
-629
-1063
-1045
-454
-96
-103
-363
-631
-592
-505
-233
-8
94
-23
-264
-367
-270
254
766
1055
873
564
665
964
1291
1268
1188
1135
1044
861
628
699
919
1220
1231
1026
794
572
443
122
-247
-488
-431
-200
20
227
465
635
491
107
-327
-511
-552
-501
-391
-206
-46
-133
-335
-510
-429
-491
-848
-1346
-1687
-1681
-1552
-1098
-135
1121
1707
1312
462
-59
-196
-689
-1285
-1356
-596
468
1224
1475
1271
452
-927
-1982
-2355
-2193
-2141
-2547
-3067
-3320
-3222
-2770
-2098
-1781
-1929
-2528
-3059
-2973
-2487
-1707
-795
51
667
1163
1607
2286
3031
3356
3624
3758
3949
4184
4393
4794
5156
5270
4920
4556
4259
4289
4292
4050
4059
3631
3239
2659
1736
850
-57
-882
-1701
-2065
-2307
-2159
-2273
-2819
-3693
-5067
-5445
-5495
-5418
-5200
-5081
-4922
-4572
-3998
-3799
-3221
-2760
-2328
-1837
-1087
209
848
1364
1579
1794
2251
2681
2754
2324
2466
2351
2156
2212
2535
2812
2414
1785
653
209
292
201
-11
-486
-454
-582
-858
-1145
-1426
-1447
-1194
-855
-908
-64
968
1446
1650
1037
592
390
267
161
201
500
860
1046
614
676
348
-462
-864
-1720
-2516
-3321
-4243
-4764
-4557
-4217
-3815
-3245
-3077
-2744
-2697
-2688
-2187
-1883
-1474
-942
-464
371
1612
2815
3902
4712
4887
4883
4991
5030
5223
5312
5352
5610
5685
5805
5891
5762
5393
4962
4075
3218
3300
2929
2365
1595
247
-841
-1694
-2501
-3449
-4084
-4453
-4536
-5009
-5448
-5738
-6909
-7074
-6876
-7057
-6554
-5863
-5663
-5448
-4811
-4460
-3745
-2905
-2085
-1270
-320
1408
2243
2544
3170
3425
3453
3715
3904
3655
3848
3918
3671
3668
3949
4096
3302
2639
2008
1136
711
434
-31
-315
8
-54
-392
-256
450
1018
1018
970
633
533
546
-272
-1331
-1390
-678
-264
-118
-198
-595
-1379
-2263
-3022
-3690
-4016
-4432
-5255
-5847
-5716
-5470
-5163
-4397
-3821
-3616
-3289
-2719
-2049
-1248
-518
-210
-7
654
1958
3388
4855
6147
6618
6987
7467
7503
7242
7021
6774
6287
6008
5826
5676
5687
5784
5468
4705
4506
3925
2912
2058
834
-522
-1908
-3181
-4555
-5459
-5649
-5656
-5783
-5998
-6114
-7056
-7721
-7771
-8115
-7904
-7369
-7213
-7147
-6492
-5518
-4369
-2949
-1627
-700
-12
1148
2053
2391
3012
3421
3354
3716
4286
4554
5094
5556
5426
5028
4885
4903
4361
3784
3332
2436
1734
1478
992
606
756
752
1025
1837
2134
1871
1225
871
946
346
-426
-1187
-1739
-1400
-1031
-1152
-1264
-1306
-2153
-3148
-4096
-5111
-5535
-6449
-7186
-7611
-7991
-7614
-7184
-6401
-5263
-4170
-3739
-3415
-3035
-2943
-2119
-1479
-580
414
1113
2358
3492
4851
6286
7491
8365
9211
9566
9267
9286
8890
8581
8251
7594
7146
6695
6376
6305
6586
6501
6200
5210
3447
1810
-118
-1929
-3653
-5245
-6408
-7206
-7906
-8288
-8391
-8801
-8598
-8548
-8846
-8707
-8906
-9119
-9095
-8845
-8374
-7453
-6070
-4448
-2725
-973
1102
2393
3368
4369
4599
5071
5468
5418
5253
5246
5457
5463
5608
5959
6256
6067
5841
5466
4728
4479
3927
3163
2616
2490
2451
1782
1431
1198
1023
921
384
-466
-1169
-1371
-1727
-2318
-3038
-3622
-4522
-5805
-6542
-7342
-7921
-8174
-8784
-9193
-9041
-8628
-8172
-7612
-6988
-6124
-5144
-4128
-2898
-1881
-891
104
766
1641
2730
3739
4862
5862
6723
7633
8532
9262
9835
10282
10475
10536
10143
9384
8567
7815
7409
7084
6885
6577
6054
5530
4736
3695
2466
1033
-768
-2613
-4254
-5749
-6769
-7535
-8155
-8836
-9371
-9485
-9778
-9834
-9637
-9655
-9512
-9206
-8817
-8346
-7564
-6666
-5897
-4726
-3017
-1130
371
1855
3106
3802
4842
5535
5735
5898
5866
5492
4774
4495
4451
4342
4216
4302
4366
4370
4924
4866
4642
5046
5070
4611
3946
3309
2577
1670
639
-170
-696
-703
-220
-551
-953
-1129
-2128
-3304
-4306
-5501
-6685
-7661
-8858
-9870
-10420
-10397
-9791
-9460
-8598
-7331
-6347
-4876
-3478
-2604
-1745
-762
-160
306
1037
1918
2955
3795
4913
6077
6983
8251
9125
9550
10177
10533
10393
10142
9930
9613
8975
8541
8358
7552
7205
7219
6279
5359
4494
2787
774
-876
-2524
-4163
-5495
-6467
-7873
-9697
-10126
-10661
-11627
-11241
-11095
-11290
-10880
-10328
-10125
-9661
-8507
-7636
-6983
-5766
-3960
-2743
-1408
569
1723
2970
4433
5111
5360
5976
6681
6632
6504
6526
6286
5607
5156
4898
4239
4158
4199
3724
3397
3854
4274
4036
4018
3680
3058
2203
1355
721
-192
-449
-850
-1786
-2484
-2723
-3130
-3957
-4186
-5042
-5961
-6585
-7443
-7805
-8386
-8280
-8168
-8383
-7679
-6684
-5682
-4476
-2867
-1998
-963
292
1005
2053
2644
3583
4204
4454
5415
5942
6439
7300
8122
8472
9140
9627
9536
9518
9139
8878
8211
7924
7576
6877
6650
5839
5301
4473
3515
2408
671
-857
-2619
-4338
-6001
-7367
-9031
-10106
-10796
-11772
-11591
-11790
-11623
-11211
-11122
-10473
-10240
-9733
-8946
-8139
-7020
-5531
-4165
-2581
-630
1007
2838
4157
5317
6177
6411
6756
6823
6824
6850
6882
6510
6226
5912
5366
5185
4810
4902
4791
4492
4513
4068
3768
3238
2516
1635
745
219
-383
-811
-1138
-1228
-1650
-2169
-2638
-3623
-4325
-5123
-5955
-6814
-7579
-7885
-8281
-8377
-8130
-7611
-7122
-6216
-5137
-4459
-3262
-2264
-1322
-361
578
1645
2149
2833
3459
3977
4662
5501
6324
6883
7710
8231
8590
8953
9256
9286
8798
8528
7975
7602
7557
7098
6794
6440
5904
5309
4404
3251
1910
396
-1119
-2654
-4304
-5597
-7106
-8877
-9825
-10767
-11644
-11864
-12049
-12018
-11618
-10905
-10223
-9798
-9047
-8052
-7385
-6329
-4747
-3581
-2279
-733
630
1884
3065
4271
4947
5348
6005
6353
6220
6135
5904
5300
4769
4338
4245
4241
4293
4670
4621
4494
4865
5113
4903
4713
4411
3698
3133
2785
2500
1909
1070
335
-880
-2122
-2756
-3810
-5267
-6101
-6814
-7541
-7876
-8164
-8331
-8268
-7890
-7114
-6455
-5804
-4810
-4247
-3735
-2534
-1594
-835
-66
381
942
1706
2677
3601
4251
5075
5945
6494
7321
8292
8761
8986
9053
8873
8528
8660
8937
8623
8390
8136
7450
6662
6008
5060
3814
2501
1280
-111
-1848
-2909
-4540
-6652
-7980
-9530
-10947
-11887
-12568
-13123
-13339
-13106
-12703
-12352
-11715
-10284
-9166
-7644
-5705
-4386
-2939
-1561
-171
999
2107
3291
3976
4372
4875
5423
5522
5850
6065
5859
5671
5534
5709
5502
5533
5742
5410
5279
5317
5259
4897
4462
4014
3523
3081
2969
2930
2204
1643
885
-310
-1244
-2276
-3306
-4601
-5946
-6990
-8022
-8871
-9133
-9139
-9243
-8710
-7928
-7174
-6051
-4846
-3673
-2750
-1714
-611
76
726
1488
2008
2337
3092
3763
4035
4623
5229
5700
6320
7130
7672
7862
8176
8394
8592
8701
8815
8697
8114
7737
7153
6305
5487
4452
3218
2046
827
-478
-1659
-3169
-4530
-5732
-7055
-8001
-9000
-9871
-10471
-11018
-11205
-11197
-11201
-10894
-10309
-9659
-8551
-7269
-5972
-4508
-3180
-1768
-425
620
1502
2133
2493
2802
3121
3154
3096
2990
2785
2851
3025
3392
3877
4184
4661
5165
5476
5780
5974
5839
5724
5730
5475
5275
4931
4346
3808
3032
2347
1519
363
-684
-1792
-3031
-4085
-4902
-5965
-6818
-7429
-8063
-8197
-8203
-7856
-7321
-6904
-6085
-5262
-4552
-3642
-2645
-1958
-1190
-295
310
1074
1827
2570
3248
3832
4661
5306
5870
6695
7558
8078
8745
9547
9673
9904
10267
10000
9551
9018
8132
6979
5706
4706
3686
2105
981
-117
-1938
-2988
-3846
-5342
-6469
-7488
-8668
-9627
-10396
-10789
-11259
-11883
-11704
-11428
-11118
-9817
-8543
-7569
-6205
-4740
-3410
-2097
-837
221
849
1225
1849
2171
2183
2496
2624
2545
2737
3251
3688
4010
4553
5105
5301
5385
5721
5807
5637
5672
5602
5058
4367
4018
3407
2471
1950
1412
458
-348
-819
-1528
-2384
-2973
-3566
-4377
-5041
-5109
-5308
-5762
-5692
-5706
-5915
-5693
-5165
-4712
-4257
-3572
-2915
-2400
-1761
-856
-152
424
1270
1967
2507
3134
3723
4094
4539
5177
5787
6510
7260
8008
8694
9235
9729
9982
9846
9400
8630
7540
6435
5175
3761
2377
794
-697
-2029
-3296
-4433
-5456
-6271
-6870
-7307
-7567
-7678
-7886
-7985
-7885
-7746
-7500
-7172
-6727
-6381
-6049
-5541
-5083
-4673
-4090
-3352
-2674
-1973
-1196
-514
-112
377
1065
1473
1921
2485
2816
3023
3220
3372
3356
3278
3438
3703
3791
4059
4308
4125
3922
3643
3143
2553
1891
1198
394
-432
-1117
-1726
-2318
-2753
-3011
-3199
-3217
-2993
-2732
-2512
-2195
-1883
-1610
-1240
-881
-537
-297
-198
-42
-48
-95
58
65
81
309
496
768
1176
1643
2244
2787
3466
4308
4765
5272
5924
6082
6166
6302
6118
5810
5429
4995
4446
3554
2750
1984
701
-392
-1234
-2497
-3609
-4415
-5214
-5746
-6078
-6115
-5897
-5845
-5459
-4743
-4421
-3937
-3146
-2764
-2468
-2092
-1873
-1751
-1818
-1737
-1555
-1764
-1717
-1375
-1508
-1549
-1163
-950
-769
-325
234
601
787
1198
1437
1335
1624
2085
2168
2235
2426
2359
2009
1771
1615
1056
453
171
-359
-1033
-1426
-1826
-2315
-2687
-2836
-2852
-2862
-2599
-2184
-1993
-1642
-1018
-487
131
857
1372
1757
2188
2511
2628
2744
2744
2576
2444
2346
2395
2435
2374
2565
2665
2720
3310
3755
3916
4399
4673
4740
4878
4699
4434
3978
3209
2744
2205
1354
807
89
-995
-1774
-2516
-3437
-4262
-5064
-5655
-5972
-6242
-6192
-5986
-5934
-5555
-4874
-4273
-3469
-2425
-1529
-754
63
864
1453
1753
1981
2039
1710
1360
1055
454
-134
-348
-504
-724
-660
-330
-152
-157
-20
122
125
305
630
681
524
474
266
-318
-860
-1312
-2029
-2757
-3133
-3384
-3696
-3894
-3898
-3966
-4038
-3808
-3547
-3376
-3001
-2529
-2180
-1775
-1123
-411
158
783
1523
2221
3031
3903
4558
5133
5745
6302
6720
6963
7097
7047
6824
6612
6315
6014
5957
5882
5681
5574
5471
5261
4931
4428
3773
3009
2298
1640
734
-301
-1240
-2335
-3568
-4655
-5701
-6695
-7500
-8140
-8577
-8854
-8891
-8639
-8339
-7800
-6794
-5710
-4645
-3402
-2206
-1145
-91
849
1540
1989
2351
2603
2541
2319
2134
1806
1472
1455
1575
1656
1831
2057
2119
2015
1877
1647
1281
970
747
413
-55
-491
-886
-1364
-1828
-2225
-2752
-3294
-3617
-3944
-4345
-4623
-4814
-4968
-5036
-4929
-4574
-4162
-3792
-3308
-2801
-2245
-1390
-554
56
666
1243
1896
2632
3196
3772
4311
4654
5207
5807
6184
6608
6900
7079
7404
7716
8139
8510
8472
8517
8547
8149
7799
7260
6204
5138
4053
2958
1904
608
-643
-1866
-3270
-4258
-5096
-6294
-7196
-7885
-8661
-9075
-9359
-9613
-9643
-9645
-9254
-8481
-7771
-6643
-5275
-4216
-2811
-1173
116
1355
2381
3036
3500
3589
3629
3744
3565
3510
3576
3379
3421
3623
3435
3079
2739
2414
2136
1851
1662
1408
790
88
-534
-1325
-2238
-3201
-4252
-5270
-6026
-6533
-6988
-7348
-7512
-7590
-7576
-7296
-6721
-6027
-5363
-4529
-3459
-2420
-1375
-233
680
1372
2149
2914
3551
4187
4845
5438
5937
6445
7007
7368
7541
7838
8086
8165
8465
8846
8927
9010
9202
9172
8909
8559
8072
7296
6292
5360
4362
2943
1519
244
-1353
-2936
-4204
-5595
-6988
-8052
-8881
-9509
-9942
-10102
-10050
-10054
-9760
-9030
-8441
-7785
-6746
-5859
-5080
-3931
-2649
-1601
-741
141
1045
1691
2267
3084
3717
4008
4392
4822
5116
5379
5438
5076
4556
4110
3637
3090
2550
1996
1229
278
-438
-957
-1751
-2692
-3470
-4281
-5091
-5676
-6209
-6798
-7428
-8035
-8396
-8517
-8448
-8200
-7907
-7384
-6454
-5426
-4313
-2972
-1752
-691
546
1874
3136
4254
5145
5979
6789
7494
8200
8721
8988
9298
9599
9881
10317
10589
10643
10790
10819
10687
10537
10032
9126
8097
7035
6024
4851
3382
1863
208
-1523
-3000
-4496
-6072
-7354
-8513
-9509
-10038
-10334
-10619
-10908
-11035
-10767
-10307
-9721
-8844
-7999
-7207
-5992
-4570
-3325
-2164
-1097
-202
485
1127
2029
2848
3257
3798
4610
5302
5896
6285
6306
6213
6110
5964
5733
5263
4608
3687
2441
1465
678
-643
-2056
-3045
-3976
-4832
-5460
-6007
-6516
-7111
-7562
-7587
-7590
-7611
-7485
-7513
-7348
-6738
-6231
-5717
-5007
-4459
-3833
-2918
-1904
-829
89
948
2128
3320
4421
5625
6566
7308
8187
9041
9964
10829
11228
11538
11917
12046
12138
12088
11527
10718
9860
9035
8293
7175
5715
4268
2656
1116
-200
-1793
-3485
-4979
-6426
-7503
-8174
-8866
-9579
-10256
-10614
-10470
-10289
-10042
-9494
-8993
-8392
-7343
-6220
-5285
-4499
-3812
-2991
-2065
-1040
134
1013
1702
2786
3964
4790
5374
5709
5800
5823
5849
5925
5757
5098
4320
3538
2690
1970
1092
-172
-1316
-2085
-2737
-3363
-3889
-4384
-5086
-5835
-6095
-5995
-6107
-6329
-6338
-6217
-5917
-5321
-4662
-4217
-3854
-3342
-2671
-1850
-995
-341
91
603
1347
2133
2799
3434
3997
4403
5125
6307
7288
7993
8814
9556
10103
10623
10924
10793
10229
9507
8948
8220
7199
6127
4671
3079
1953
778
-616
-1775
-2868
-3859
-4479
-4804
-5048
-5648
-6384
-6636
-6858
-7217
-7183
-7136
-7265
-7050
-6591
-6128
-5680
-5296
-4883
-4497
-3934
-2908
-2069
-1549
-605
544
1372
2052
2686
3168
3426
3601
3886
3955
3661
3321
2874
2361
1975
1347
355
-560
-1195
-1762
-2506
-3112
-3323
-3661
-4145
-4191
-3969
-3870
-3813
-3664
-3332
-2908
-2408
-1753
-1248
-995
-662
-270
132
614
840
861
1178
1693
2165
2609
2991
3390
3789
4287
5110
5722
5956
6448
6926
7014
7076
7081
6812
6205
5315
4605
4011
3161
2321
1378
280
-426
-1018
-1779
-2308
-2829
-3439
-3755
-3845
-3845
-4064
-4497
-4443
-4195
-4310
-4108
-3563
-3253
-2856
-2243
-1589
-1002
-773
-623
-271
44
365
563
546
849
1272
1258
1204
1317
1198
835
612
665
534
-58
-664
-1098
-1659
-2386
-3066
-3751
-4469
-4959
-5346
-5775
-5871
-5730
-5806
-5793
-5415
-4885
-4272
-3607
-2802
-1919
-1176
-208
967
1741
2366
3071
3595
4194
4818
5144
5452
5801
6086
6440
6695
6875
7042
7070
7378
7755
7586
7464
7504
7158
6708
6138
5274
4370
3426
2507
1567
455
-470
-1450
-2713
-3558
-4327
-5477
-6264
-6763
-7391
-7752
-7765
-7618
-7557
-7500
-6913
-6171
-5714
-4934
-3913
-3099
-2134
-1107
-255
532
1071
1532
2175
2783
3345
3744
3999
4662
5375
5507
5451
5421
5195
4715
4094
3577
2855
1569
287
-690
-1741
-2952
-4237
-5487
-6510
-7319
-7966
-8456
-8781
-8991
-9192
-9145
-8632
-8035
-7634
-7121
-6275
-5314
-4395
-3300
-2077
-1124
-267
847
2008
3033
3961
4821
5730
6697
7661
8606
9441
10172
10783
11292
11885
12380
12494
12453
12351
12000
11418
10638
9673
8508
7134
5768
4448
2970
1425
-142
-1729
-3216
-4643
-6014
-7244
-8368
-9330
-10023
-10522
-10866
-11148
-11330
-11122
-10647
-10174
-9533
-8679
-7790
-6878
-5925
-4910
-3907
-3089
-2245
-1161
-69
962
1964
2952
4065
5073
5740
6289
6808
7109
7156
7055
6849
6304
5289
4204
3269
2165
784
-583
-1792
-2897
-3906
-4734
-5362
-5920
-6573
-7132
-7278
-7190
-7152
-7151
-7038
-6702
-6228
-5679
-4940
-4144
-3546
-2908
-1976
-880
168
1034
1859
2849
3838
4737
5714
6640
7376
8088
8907
9833
10676
11235
11634
11994
12197
12205
11987
11490
10791
9929
8935
7951
6884
5499
3983
2540
1053
-429
-1884
-3371
-4740
-5951
-6970
-7739
-8495
-9213
-9612
-9866
-10066
-10058
-9909
-9674
-9367
-9025
-8502
-7872
-7435
-6994
-6210
-5229
-4288
-3338
-2215
-874
398
1328
2193
3104
3687
3919
4054
4151
4036
3464
2652
2095
1543
590
-374
-1109
-1723
-2261
-2811
-3141
-3162
-3380
-3744
-3775
-3655
-3586
-3561
-3578
-3338
-2969
-2751
-2319
-1721
-1280
-764
-182
433
1242
1923
2492
3255
3969
4633
5359
5901
6427
7018
7525
8128
8684
9058
9492
9826
9956
9998
9774
9302
8738
8041
7319
6518
5513
4481
3414
2354
1395
368
-641
-1593
-2555
-3296
-3862
-4425
-5024
-5735
-6288
-6542
-6809
-7068
-7208
-7305
-7289
-7197
-7016
-6702
-6558
-6557
-6241
-5595
-4938
-4433
-3927
-3078
-2040
-1260
-695
-81
508
856
984
1081
1101
743
32
-598
-1027
-1618
-2519
-3375
-3941
-4364
-4795
-5137
-5205
-5157
-5200
-5101
-4696
-4190
-3734
-3296
-2743
-2024
-1304
-573
290
1047
1600
2172
2808
3476
4019
4343
4751
5305
5812
6354
6923
7434
7957
8469
9042
9690
10139
10415
10645
10740
10683
10436
9938
9265
8464
7547
6605
5646
4577
3426
2293
1205
195
-745
-1682
-2625
-3475
-4111
-4541
-4965
-5540
-6056
-6269
-6365
-6525
-6616
-6601
-6492
-6337
-6188
-5922
-5683
-5666
-5519
-5015
-4450
-4015
-3594
-2919
-1923
-1115
-698
-240
299
616
718
701
637
361
-365
-1165
-1714
-2429
-3465
-4447
-5172
-5706
-6244
-6732
-6798
-6662
-6770
-6820
-6469
-5871
-5329
-4932
-4385
-3514
-2641
-1868
-943
-17
677
1282
2020
2920
3668
4086
4568
5328
6085
6723
7322
7903
8485
9031
9677
10468
11023
11306
11571
11808
11914
11712
11216
10608
9770
8760
7875
7014
6003
4817
3545
2528
1623
565
-415
-1355
-2317
-3100
-3705
-4144
-4618
-5372
-5991
-6218
-6396
-6590
-6749
-6849
-6747
-6597
-6409
-6059
-5868
-5867
-5644
-5114
-4497
-4013
-3583
-2829
-1875
-1174
-674
-148
316
536
547
573
609
277
-444
-1117
-1623
-2251
-3160
-4110
-4845
-5480
-6160
-6694
-6900
-7014
-7282
-7466
-7225
-6684
-6234
-5864
-5329
-4613
-3848
-3078
-2198
-1290
-568
57
829
1725
2567
3238
3843
4591
5363
6114
6951
7692
8293
8876
9531
10323
10926
11231
11560
11783
11830
11805
11531
11103
10518
9691
9036
8416
7527
6591
5517
4479
3655
2623
1596
719
-346
-1251
-1932
-2633
-3284
-4155
-4998
-5398
-5858
-6363
-6633
-6920
-7080
-7163
-7301
-7184
-7141
-7334
-7203
-6765
-6209
-5629
-5154
-4354
-3273
-2537
-1989
-1368
-800
-315
-74
77
318
203
-272
-668
-1038
-1555
-2265
-3063
-3592
-3954
-4423
-4760
-4935
-5086
-5214
-5352
-5250
-4961
-4880
-4800
-4527
-4183
-3767
-3406
-2971
-2408
-2067
-1699
-1118
-576
55
609
1095
1958
2816
3575
4550
5367
6167
7033
7739
8778
9738
10193
10867
11423
11610
11922
11812
11394
11067
10345
9766
9382
8551
7837
7054
6035
5478
4695
3509
2731
1830
846
270
-441
-1182
-1970
-2999
-3556
-4014
-4851
-5396
-5892
-6442
-6556
-6732
-6985
-7047
-7303
-7480
-7422
-7208
-6672
-6406
-6307
-5567
-4704
-4126
-3568
-3141
-2649
-2200
-2013
-1590
-1280
-1425
-1566
-1856
-2118
-2123
-2491
-3058
-3399
-3643
-3690
-3765
-3955
-3846
-3845
-4053
-3810
-3448
-3277
-3081
-2953
-2715
-2277
-1892
-1451
-1081
-946
-579
-99
225
754
1269
1518
1977
2652
3312
4028
4638
5220
5890
6435
7234
8122
8413
8835
9540
9694
9867
10204
10032
9716
9402
9069
8848
8217
7596
7222
6227
5456
5206
4127
3048
2585
1674
739
131
-544
-1196
-2211
-3070
-3254
-4020
-4884
-4948
-5457
-6034
-5851
-5955
-6236
-6212
-6307
-6293
-6315
-6244
-5555
-5411
-5612
-4760
-4084
-4007
-3450
-3076
-3031
-2800
-2652
-2317
-2191
-2544
-2466
-2634
-3214
-3001
-3008
-3758
-4017
-4070
-4224
-4258
-4375
-4257
-4283
-4624
-4296
-3831
-3784
-3399
-3056
-2952
-2406
-1778
-1312
-848
-461
94
647
1092
1943
2652
2840
3422
4274
4835
5428
6035
6561
7109
7536
8162
8925
9127
9298
9811
9919
10005
10289
10020
9595
9326
8923
8545
7922
7196
6704
5692
4718
4439
3483
2175
1466
477
-589
-1314
-2167
-2952
-3872
-4798
-5088
-5591
-6250
-6190
-6428
-6881
-6584
-6277
-6156
-5955
-5915
-5719
-5509
-5483
-5040
-4615
-4607
-4254
-3694
-3283
-2654
-2074
-1878
-1679
-1346
-976
-679
-686
-708
-702
-1110
-1480
-1459
-1840
-2710
-3327
-3796
-4283
-4647
-5036
-5381
-5694
-6040
-6093
-5864
-5729
-5488
-5178
-4956
-4199
-3221
-2614
-1848
-1009
-396
398
1291
2112
2931
3414
3968
5012
5773
6438
7228
7569
8066
8821
9280
9923
10505
10567
10923
11432
11623
11864
11620
11141
10992
10372
9805
9566
8611
7509
6668
5542
4571
3505
1897
567
-712
-2127
-3053
-4073
-5128
-5885
-6886
-7554
-7660
-8110
-8524
-8486
-8482
-8295
-7973
-7643
-7071
-6802
-6724
-6248
-5977
-5923
-5592
-5375
-4987
-4350
-3975
-3340
-2489
-1834
-1150
-713
-206
654
947
1054
1626
1721
1372
1036
569
183
-611
-1750
-2376
-3111
-4097
-4609
-5171
-5778
-5979
-6289
-6470
-6235
-6045
-5750
-5313
-4788
-3895
-3123
-2561
-1546
-607
-95
739
1723
2411
3078
3838
4678
5507
6127
6873
7769
8346
9011
9875
10454
11163
11945
12280
12714
13285
13375
13255
13095
12750
12220
11332
10484
9801
8554
7144
6090
4716
3156
1845
352
-1188
-2546
-3940
-5126
-6237
-7420
-8263
-9100
-9904
-10116
-10430
-10879
-10690
-10446
-10354
-9903
-9424
-8982
-8524
-8220
-7621
-7102
-7072
-6576
-5916
-5705
-5043
-4111
-3560
-2786
-1789
-884
37
642
1278
2066
2326
2644
3108
2836
2447
2264
1580
888
424
-421
-1332
-2099
-2735
-3106
-3690
-4225
-4219
-4452
-4826
-4458
-3999
-3915
-3596
-3146
-2590
-1815
-1277
-683
110
582
1166
2025
2677
3517
4355
4784
5637
6782
7559
8316
9060
9791
10629
11162
11753
12649
12986
13018
13361
13503
13366
13089
12486
11762
10906
9842
8812
7555
6023
4609
3025
1300
-132
-1669
-3396
-4875
-6205
-7517
-8723
-9783
-10687
-11605
-12405
-12736
-12982
-13351
-13342
-13025
-12776
-12388
-11740
-11039
-10380
-9724
-8922
-7988
-7255
-6641
-5896
-5277
-4606
-3752
-3117
-2228
-1072
-287
616
1705
2580
3411
3822
4105
4790
4921
4729
4947
4751
4292
3899
3174
2726
2296
1340
712
156
-664
-1125
-1803
-2600
-2803
-3268
-3804
-3578
-3359
-3257
-2903
-2556
-1859
-1098
-637
358
1415
1950
2871
3928
4620
5505
6290
6839
7706
8498
9143
9895
10375
10914
11491
11590
11955
12582
12427
12148
12319
12016
11325
10613
9623
8533
7150
5638
4443
2840
859
-701
-2484
-4487
-5890
-7495
-9318
-10560
-11692
-12726
-13505
-14202
-14567
-14947
-15365
-15050
-14621
-14568
-13941
-13042
-12406
-11497
-10402
-9358
-8416
-7537
-6348
-5202
-4434
-3393
-2281
-1688
-1008
-62
655
1176
1836
2773
3463
3904
4720
5445
5712
6066
6495
6700
6743
6724
6663
6305
5785
5453
4769
3766
3117
2358
1255
404
-293
-1060
-1793
-2364
-2548
-2657
-2874
-2640
-2106
-1776
-1237
-426
241
1015
1880
2607
3432
4238
4877
5527
6126
6704
7269
7602
7957
8494
8817
8983
9247
9411
9427
9365
9166
8902
8629
8113
7341
6682
5927
4788
3620
2427
1075
-328
-1889
-3337
-4719
-6416
-7844
-9076
-10610
-11722
-12584
-13707
-14373
-14735
-15148
-15252
-15249
-14975
-14385
-14053
-13322
-12113
-11414
-10452
-8952
-7891
-6784
-5338
-4108
-2932
-1806
-678
526
1278
1941
2959
3549
3851
4537
4948
5014
5446
5824
5841
6075
6434
6516
6520
6629
6932
7026
6584
6507
6754
6299
5864
5876
5396
4743
4325
3736
3243
2746
1986
1388
825
341
240
-126
-538
-254
-167
-371
207
884
1049
1386
1853
2320
2776
2953
3201
3460
3274
3248
3409
3118
2943
2864
2327
2053
2062
1729
1422
1214
895
693
501
322
196
-173
-498
-721
-1180
-1552
-1918
-2658
-3426
-4092
-4878
-5717
-6455
-7187
-8079
-8806
-9171
-9597
-9944
-9907
-9867
-9821
-9450
-8898
-8351
-7864
-7290
-6583
-6082
-5520
-4661
-4084
-3639
-2835
-2092
-1466
-616
260
1097
1917
2758
3725
4475
5050
5831
6361
6505
6816
7038
6939
6844
6733
6515
6243
6010
5880
5761
5710
5824
5981
6131
6441
6930
7261
7366
7675
7974
7859
7756
7619
7114
6476
5663
4765
3958
2870
1692
738
-356
-1307
-1980
-2871
-3612
-4068
-4694
-5163
-5394
-5755
-6050
-6356
-6772
-6916
-7074
-7403
-7488
-7590
-7740
-7544
-7354
-7134
-6597
-6173
-5658
-4817
-4122
-3367
-2422
-1709
-970
-135
460
1074
1596
1874
2287
2517
2457
2603
2570
2257
2181
2016
1664
1452
1156
839
567
140
-207
-577
-1175
-1592
-2009
-2667
-3071
-3444
-4008
-4260
-4367
-4488
-4343
-4049
-3600
-2966
-2352
-1457
-390
384
1311
2400
3144
3889
4703
5304
5877
6320
6650
7120
7423
7583
7892
8055
8114
8278
8277
8199
8175
7966
7668
7405
7119
6742
6232
5777
5326
4667
3964
3314
2602
1705
665
-259
-1168
-2313
-3373
-4299
-5376
-6365
-7231
-8102
-8765
-9394
-10088
-10541
-10905
-11243
-11392
-11577
-11646
-11466
-11406
-11203
-10644
-10197
-9700
-8891
-8048
-7088
-5983
-4892
-3643
-2392
-1267
30
1283
2276
3311
4241
4946
5696
6314
6703
7099
7382
7546
7739
7815
7825
7859
7726
7549
7476
7227
6795
6395
5875
5196
4506
3750
2918
2034
1115
337
-380
-1148
-1680
-2083
-2565
-2763
-2734
-2760
-2623
-2327
-2045
-1685
-1265
-776
-275
66
514
1077
1394
1763
2277
2567
2811
3162
3422
3614
3771
3883
3956
3869
3743
3653
3342
2906
2546
2022
1341
709
-19
-870
-1722
-2578
-3418
-4268
-5078
-5725
-6333
-6894
-7171
-7331
-7461
-7323
-7081
-6812
-6362
-5913
-5421
-4853
-4421
-3926
-3373
-3034
-2657
-2250
-2048
-1810
-1581
-1488
-1320
-1234
-1243
-1105
-1069
-1100
-942
-889
-883
-665
-534
-437
-143
87
341
741
1073
1502
2027
2441
3000
3614
4054
4623
5203
5565
5996
6403
6591
6789
6946
6958
6952
6885
6785
6694
6526
6405
6353
6200
6079
6047
5892
5685
5508
5207
4780
4300
3737
3031
2212
1360
466
-533
-1540
-2463
-3417
-4337
-5099
-5806
-6471
-7007
-7438
-7813
-8126
-8334
-8469
-8594
-8648
-8600
-8527
-8387
-8133
-7810
-7421
-6936
-6335
-5668
-4962
-4178
-3331
-2511
-1705
-879
-106
564
1179
1737
2168
2482
2739
2891
2920
2893
2814
2662
2454
2221
1972
1712
1448
1216
1007
798
663
555
443
427
443
443
514
621
735
881
1037
1218
1438
1613
1828
2093
2285
2505
2753
2919
3091
3261
3341
3430
3484
3452
3444
3393
3311
3256
3138
3038
2998
2893
2800
2771
2709
2636
2575
2505
2413
2284
2116
1934
1703
1402
1091
727
299
-132
-604
-1111
-1631
-2166
-2697
-3230
-3744
-4202
-4647
-5055
-5368
-5647
-5872
-5992
-6075
-6083
-6002
-5908
-5714
-5464
-5225
-4890
-4537
-4225
-3827
-3441
-3109
-2709
-2350
-2025
-1627
-1308
-994
-626
-367
-88
230
435
666
912
1038
1205
1360
1415
1521
1574
1552
1607
1609
1578
1627
1618
1619
1696
1748
1849
2007
2137
2316
2517
2685
2897
3077
3210
3363
3477
3551
3616
3662
3693
3717
3737
3775
3820
3866
3920
3967
4023
4066
4077
4074
4022
3911
3779
3584
3326
3065
2732
2356
1991
1569
1142
730
264
-196
-655
-1159
-1643
-2147
-2712
-3257
-3817
-4427
-5011
-5597
-6208
-6770
-7307
-7807
-8214
-8555
-8818
-8957
-9011
-8956
-8771
-8507
-8145
-7685
-7170
-6581
-5924
-5241
-4522
-3776
-3023
-2258
-1490
-729
32
782
1503
2222
2915
3571
4198
4773
5291
5746
6130
6432
6641
6760
6773
6693
6532
6279
5969
5596
5184
4765
4324
3901
3502
3117
2776
2472
2183
1925
1681
1423
1185
936
669
422
169
-63
-264
-442
-562
-609
-603
-520
-373
-190
65
346
628
928
1191
1421
1617
1750
1841
1890
1866
1803
1712
1575
1435
1276
1085
901
705
495
275
23
-265
-598
-992
-1438
-1932
-2491
-3095
-3734
-4405
-5059
-5708
-6323
-6872
-7354
-7730
-7993
-8141
-8166
-8060
-7836
-7497
-7050
-6523
-5915
-5256
-4569
-3850
-3127
-2406
-1692
-1001
-322
337
976
1599
2193
2768
3319
3841
4341
4806
5231
5610
5937
6209
6413
6543
6597
6566
6443
6242
5945
5572
5126
4599
4034
3420
2776
2141
1512
915
376
-104
-517
-841
-1074
-1214
-1264
-1250
-1157
-1015
-838
-612
-377
-133
121
379
635
892
1138
1368
1596
1801
1989
2155
2297
2417
2496
2534
2530
2481
2384
2240
2041
1796
1502
1157
765
331
-146
-652
-1192
-1746
-2298
-2864
-3419
-3949
-4455
-4915
-5328
-5697
-6005
-6268
-6478
-6621
-6725
-6770
-6757
-6698
-6581
-6410
-6184
-5883
-5522
-5092
-4582
-4025
-3404
-2742
-2046
-1321
-608
99
769
1394
1967
2465
2890
3238
3516
3725
3875
3984
4062
4128
4182
4239
4302
4363
4436
4508
4574
4624
4654
4648
4594
4510
4386
4225
4030
3804
3576
3333
3095
2872
2659
2477
2320
2186
2067
1950
1840
1722
1589
1431
1241
1016
744
445
113
-249
-627
-1021
-1409
-1784
-2132
-2440
-2707
-2927
-3089
-3202
-3273
-3294
-3288
-3274
-3240
-3198
-3150
-3104
-3070
-3036
-3014
-2994
-2969
-2938
-2888
-2826
-2734
-2620
-2482
-2310
-2122
-1919
-1702
-1483
-1265
-1070
-884
-735
-620
-529
-473
-431
-420
-421
-431
-447
-447
-440
-413
-368
-302
-206
-88
45
205
383
558
739
922
1099
1269
1426
1575
1712
1848
1992
2140
2289
2450
2625
2815
3022
3224
3422
3610
3778
3914
4016
4071
4074
4034
3932
3792
3609
3377
3116
2823
2518
2201
1872
1543
1216
896
580
280
-16
-304
-578
-856
-1130
-1408
-1687
-1968
-2249
-2520
-2784
-3042
-3285
-3504
-3699
-3871
-4007
-4109
-4166
-4175
-4140
-4055
-3922
-3738
-3512
-3245
-2951
-2640
-2319
-2008
-1710
-1435
-1189
-980
-813
-687
-588
-521
-481
-449
-423
-384
-332
-265
-168
-56
77
217
358
516
655
779
870
928
961
959
938
888
840
796
755
748
775
855
977
1145
1363
1616
1895
2187
2472
2736
2974
3176
3316
3403
3433
3402
3330
3219
3083
2921
2754
2586
2425
2277
2135
2015
1886
1753
1624
1479
1320
1139
929
694
435
147
-164
-494
-837
-1179
-1519
-1849
-2153
-2425
-2664
-2864
-3023
-3144
-3224
-3265
-3279
-3271
-3242
-3202
-3152
-3102
-3040
-2970
-2904
-2823
-2736
-2629
-2497
-2345
-2168
-1974
-1747
-1501
-1242
-970
-702
-433
-184
45
253
439
603
728
834
912
963
999
1001
995
970
942
907
863
826
781
745
716
690
674
662
659
664
662
677
681
686
700
698
716
736
759
791
826
880
932
1000
1072
1150
1244
1331
1434
1530
1625
1727
1818
1909
1990
2066
2134
2181
2217
2225
2211
2179
2114
2013
1884
1722
1532
1323
1088
832
580
309
33
-242
-526
-797
-1076
-1341
-1601
-1860
-2104
-2348
-2573
-2789
-2993
-3178
-3344
-3482
-3593
-3679
-3738
-3762
-3756
-3712
-3638
-3535
-3398
-3245
-3067
-2867
-2656
-2431
-2183
-1938
-1674
-1387
-1105
-806
-510
-212
94
394
693
984
1267
1529
1782
2015
2223
2414
2579
2712
2814
2889
2940
2954
2949
2922
2870
2801
2714
2615
2503
2382
2249
2111
1973
1830
1683
1534
1376
1222
1061
905
758
612
481
353
241
137
54
-7
-61
-98
-133
-153
-156
-150
-126
-105
-84
-61
-43
-22
1
0
-13
-34
-70
-114
-180
-273
-384
-517
-664
-836
-1029
-1225
-1441
-1667
-1898
-2126
-2344
-2547
-2742
-2924
-3076
-3204
-3304
-3370
-3414
-3424
-3399
-3336
-3230
-3099
-2933
-2719
-2480
-2199
-1884
-1555
-1195
-817
-422
-9
409
822
1238
1636
2011
2363
2688
2982
3236
3453
3635
3772
3868
3921
3937
3911
3849
3754
3616
3454
3260
3032
2784
2503
2209
1902
1573
1245
912
571
240
-87
-399
-688
-953
-1195
-1403
-1573
-1711
-1809
-1870
-1893
-1882
-1841
-1761
-1645
-1498
-1323
-1132
-922
-698
-465
-225
15
246
468
673
851
1005
1128
1206
1248
1251
1210
1128
996
825
621
385
122
-167
-470
-781
-1105
-1419
-1722
-2005
-2262
-2488
-2679
-2837
-2961
-3051
-3104
-3113
-3079
-3013
-2915
-2786
-2627
-2431
-2211
-1963
-1696
-1415
-1113
-797
-470
-137
199
534
865
1188
1495
1792
2072
2329
2559
2768
2947
3096
3213
3308
3376
3411
3420
3395
3345
3264
3156
3027
2871
2701
2514
2306
2082
1834
1587
1323
1047
773
494
232
-35
-288
-534
-770
-974
-1169
-1331
-1489
-1615
-1709
-1807
-1864
-1918
-1947
-1965
-1985
-1982
-1990
-1973
-1969
-1942
-1907
-1873
-1800
-1738
-1641
-1551
-1440
-1313
-1192
-1040
-913
-763
-635
-518
-398
-315
-220
-163
-97
-46
-10
39
56
97
109
123
143
145
166
160
165
163
147
136
113
92
52
18
-25
-70
-96
-128
-136
-144
-128
-84
-34
57
166
297
448
614
797
986
1189
1386
1589
1787
1973
2150
2293
2428
2543
2648
2729
2774
2801
2789
2754
2689
2604
2492
2346
2181
1978
1757
1511
1239
950
636
315
-25
-370
-722
-1077
-1433
-1789
-2123
-2442
-2740
-3010
-3252
-3460
-3629
-3759
-3848
-3901
-3916
-3894
-3844
-3761
-3649
-3502
-3337
-3157
-2956
-2733
-2481
-2213
-1932
-1635
-1322
-993
-655
-316
21
354
677
990
1280
1545
1789
2000
2179
2318
2417
2483
2514
2512
2480
2420
2336
2231
2106
1972
1826
1671
1513
1355
1188
1029
876
722
586
454
325
213
118
39
-21
-65
-89
-88
-71
-34
24
96
180
264
361
464
567
678
777
863
953
1026
1081
1127
1158
1176
1171
1147
1103
1040
966
868
743
605
453
291
118
-65
-254
-456
-658
-860
-1065
-1263
-1454
-1646
-1820
-1971
-2116
-2242
-2343
-2418
-2473
-2509
-2521
-2506
-2467
-2409
-2337
-2252
-2149
-2032
-1908
-1776
-1635
-1486
-1331
-1166
-997
-835
-665
-502
-347
-188
-30
122
265
400
537
664
785
898
997
1091
1177
1265
1346
1425
1504
1575
1648
1715
1772
1830
1879
1929
1972
2002
2031
2043
2043
2033
2011
1970
1907
1836
1759
1670
1565
1450
1327
1201
1076
941
803
674
539
403
268
128
0
-132
-262
-393
-521
-637
-751
-860
-968
-1061
-1144
-1222
-1284
-1336
-1374
-1403
-1420
-1419
-1407
-1380
-1357
-1323
-1280
-1234
-1183
-1138
-1092
-1051
-1017
-985
-963
-949
-937
-930
-928
-933
-946
-960
-967
-974
-984
-990
-998
-997
-989
-979
-953
-925
-892
-848
-795
-725
-652
-559
-456
-344
-222
-95
42
189
352
511
678
851
1024
1206
1376
1544
1697
1840
1971
2086
2190
2279
2348
2400
2439
2452
2447
2426
2379
2318
2237
2144
2039
1912
1780
1634
1478
1317
1143
963
783
596
403
205
3
-195
-391
-582
-766
-953
-1128
-1299
-1453
-1586
-1707
-1812
-1904
-1970
-2025
-2051
-2061
-2058
-2027
-1996
-1945
-1884
-1814
-1731
-1645
-1547
-1448
-1348
-1247
-1149
-1053
-960
-868
-780
-695
-606
-528
-456
-388
-332
-274
-222
-170
-125
-82
-40
-9
29
61
100
137
164
201
233
273
316
364
415
464
522
583
645
708
782
859
934
1018
1096
1176
1253
1327
1401
1466
1526
1577
1618
1659
1693
1716
1728
1737
1736
1724
1697
1659
1608
1536
1456
1355
1244
1122
979
829
661
488
313
129
-54
-238
-422
-608
-798
-977
-1146
-1308
-1461
-1605
-1735
-1853
-1962
-2048
-2118
-2168
-2198
-2218
-2205
-2175
-2127
-2057
-1974
-1859
-1738
-1604
-1457
-1307
-1144
-983
-824
-672
-521
-375
-241
-115
-6
93
185
272
342
398
445
487
524
550
570
578
584
584
574
561
542
527
511
494
476
454
437
421
418
424
434
444
463
485
516
557
603
658
716
777
839
904
966
1019
1073
1122
1158
1194
1218
1230
1234
1227
1213
1191
1171
1132
1071
999
930
858
769
685
595
495
383
254
123
-1
-108
-226
-353
-497
-641
-765
-892
-1006
-1125
-1237
-1335
-1427
-1504
-1576
-1621
-1651
-1671
-1688
-1708
-1713
-1707
-1668
-1624
-1603
-1570
-1521
-1467
-1423
-1356
-1247
-1171
-1125
-1029
-858
-729
-672
-603
-502
-385
-251
-61
88
168
268
338
323
351
682
1005
917
663
736
1017
965
801
906
1090
971
876
1255
1568
1325
894
957
1360
1519
1448
1416
1507
1488
1401
1443
1569
1633
1521
1376
1304
1312
1301
1165
943
735
661
655
608
478
247
-12
-197
-224
-193
-296
-548
-740
-717
-640
-706
-871
-971
-946
-920
-941
-984
-1039
-1061
-1089
-1088
-1057
-1035
-1046
-1105
-1108
-1072
-1055
-1112
-1180
-1156
-1144
-1171
-1185
-1120
-1060
-1143
-1209
-1139
-1005
-985
-1066
-1038
-926
-842
-809
-748
-649
-578
-490
-371
-248
-158
-84
21
132
265
378
454
532
644
796
882
913
969
1071
1171
1212
1259
1340
1400
1421
1444
1508
1565
1585
1582
1581
1597
1597
1580
1550
1503
1464
1415
1349
1274
1187
1096
991
880
766
652
521
368
233
128
21
-120
-271
-387
-490
-612
-741
-832
-896
-979
-1064
-1114
-1135
-1161
-1198
-1207
-1189
-1171
-1151
-1125
-1087
-1062
-1042
-1005
-959
-926
-895
-849
-820
-807
-788
-755
-734
-729
-718
-696
-673
-659
-645
-640
-632
-619
-598
-568
-548
-531
-517
-496
-464
-419
-369
-332
-291
-233
-163
-95
-34
32
109
199
284
374
470
557
643
729
829
934
1023
1106
1178
1252
1321
1370
1413
1444
1464
1477
1472
1462
1433
1390
1340
1288
1239
1174
1094
1011
941
874
791
701
616
533
447
362
282
202
115
25
-63
-135
-211
-302
-392
-474
-541
-611
-684
-757
-817
-876
-934
-968
-998
-1026
-1056
-1084
-1093
-1093
-1096
-1101
-1098
-1094
-1083
-1076
-1067
-1045
-1022
-999
-973
-948
-923
-901
-876
-849
-814
-785
-760
-727
-695
-656
-623
-591
-552
-507
-454
-408
-350
-291
-235
-172
-94
-10
76
176
288
402
517
642
773
906
1032
1151
1274
1396
1506
1609
1700
1786
1855
1909
1951
1971
1985
1995
1977
1944
1894
1828
1748
1645
1539
1429
1297
1151
994
835
671
498
315
128
-57
-240
-422
-600
-784
-965
-1135
-1289
-1427
-1554
-1669
-1771
-1856
-1920
-1970
-2002
-2018
-2020
-2003
-1973
-1935
-1881
-1813
-1734
-1642
-1537
-1417
-1292
-1166
-1034
-898
-761
-617
-465
-323
-187
-56
67
185
283
368
444
516
580
622
647
660
658
651
640
623
602
573
547
520
503
479
457
439
429
437
445
462
482
514
551
591
638
691
756
813
871
922
975
1029
1072
1110
1137
1155
1164
1163
1154
1126
1097
1059
1016
965
903
836
756
673
588
498
406
308
203
102
-7
-115
-218
-329
-435
-540
-646
-753
-863
-963
-1051
-1131
-1214
-1287
-1350
-1419
-1470
-1515
-1540
-1556
-1569
-1558
-1547
-1524
-1493
-1451
-1391
-1326
-1251
-1171
-1081
-997
-906
-808
-717
-620
-523
-425
-328
-229
-132
-46
38
117
202
278
345
411
473
540
588
632
675
707
738
761
779
800
817
825
829
830
828
827
820
810
795
780
760
734
709
678
648
614
580
545
510
480
448
421
397
377
365
359
361
369
382
391
410
433
460
489
511
537
555
579
594
603
604
598
590
570
542
498
446
385
316
245
163
71
-27
-133
-240
-350
-467
-588
-704
-822
-937
-1052
-1169
-1281
-1388
-1491
-1582
-1665
-1732
-1789
-1835
-1859
-1866
-1864
-1846
-1810
-1757
-1676
-1590
-1494
-1382
-1268
-1138
-1005
-858
-701
-551
-387
-216
-40
126
282
442
601
755
896
1031
1148
1256
1357
1443
1525
1590
1641
1669
1682
1689
1685
1667
1628
1572
1508
1441
1362
1274
1173
1068
964
860
758
647
534
426
325
235
146
55
-25
-98
-164
-217
-268
-305
-342
-382
-402
-412
-423
-429
-435
-433
-421
-416
-408
-394
-382
-362
-342
-326
-307
-295
-282
-273
-277
-270
-273
-295
-312
-330
-354
-375
-400
-436
-468
-500
-526
-556
-595
-628
-666
-699
-725
-745
-764
-780
-792
-797
-784
-766
-741
-712
-673
-622
-560
-494
-422
-342
-261
-165
-72
23
119
212
304
396
489
576
657
730
807
875
930
977
1023
1069
1107
1137
1154
1168
1171
1159
1147
1122
1089
1047
996
935
866
792
709
622
530
434
335
236
137
43
-55
-161
-257
-347
-427
-507
-580
-642
-702
-747
-781
-808
-820
-823
-815
-808
-787
-756
-725
-678
-626
-565
-512
-458
-401
-346
-288
-239
-197
-155
-116
-87
-61
-44
-34
-30
-32
-34
-42
-52
-66
-90
-113
-135
-156
-177
-210
-239
-261
-284
-300
-315
-334
-344
-346
-339
-330
-321
-296
-265
-228
-189
-146
-93
-36
22
92
161
232
306
372
442
518
590
656
718
776
832
880
920
960
987
1011
1023
1028
1031
1017
998
962
923
873
812
747
666
585
495
399
299
196
93
-5
-101
-197
-291
-384
-466
-538
-595
-654
-714
-763
-799
-824
-840
-850
-851
-842
-827
-813
-792
-771
-750
-717
-686
-647
-612
-581
-543
-514
-484
-452
-421
-390
-365
-328
-300
-276
-253
-234
-208
-193
-169
-144
-128
-114
-104
-89
-71
-60
-52
-33
-12
8
33
60
89
127
162
200
245
290
345
398
450
503
556
614
664
707
747
788
819
847
871
882
889
887
875
856
820
780
738
684
627
563
489
416
340
268
195
113
34
-39
-111
-179
-248
-309
-365
-419
-460
-499
-526
-548
-559
-562
-564
-561
-558
-546
-532
-510
-481
-452
-426
-402
-374
-347
-326
-311
-294
-280
-266
-254
-247
-245
-240
-243
-243
-247
-250
-255
-264
-266
-269
-270
-276
-281
-275
-267
-257
-247
-232
-212
-195
-170
-141
-118
-90
-59
-23
18
57
95
138
179
220
266
313
360
402
450
498
540
579
603
617
638
655
663
663
646
628
604
574
541
504
470
432
389
345
304
257
213
165
119
78
40
0
-48
-85
-116
-143
-170
-196
-214
-237
-245
-250
-258
-249
-247
-246
-240
-234
-222
-223
-224
-224
-230
-223
-231
-245
-249
-255
-263
-272
-279
-287
-293
-303
-319
-330
-343
-348
-355
-363
-368
-379
-377
-367
-361
-350
-335
-312
-283
-256
-231
-204
-171
-127
-85
-45
-4
32
71
107
149
189
231
275
303
330
361
389
414
428
447
471
487
503
501
496
496
488
482
465
438
416
396
364
330
290
253
223
180
139
90
48
15
-26
-64
-109
-141
-168
-198
-222
-241
-254
-262
-270
-279
-284
-281
-267
-258
-242
-225
-204
-176
-161
-145
-127
-107
-82
-60
-47
-36
-25
-16
-7
-2
9
14
13
17
17
11
1
-5
-13
-21
-34
-47
-56
-76
-96
-116
-136
-149
-168
-182
-193
-204
-215
-221
-222
-218
-206
-200
-184
-172
-158
-130
-104
-69
-33
6
55
103
148
193
236
273
319
358
390
422
453
478
494
502
507
516
516
514
504
485
466
441
411
370
330
285
235
181
120
62
-2
-65
-126
-185
-239
-293
-343
-384
-428
-457
-482
-507
-524
-533
-538
-534
-520
-508
-485
-463
-436
-400
-371
-334
-290
-248
-204
-165
-127
-79
-42
-5
31
66
101
126
150
163
178
196
201
206
201
188
179
167
153
133
111
84
53
23
-13
-39
-66
-89
-108
-131
-142
-150
-145
-139
-128
-101
-77
-49
-18
14
48
88
131
176
219
266
316
363
420
466
501
531
557
583
601
611
610
598
587
570
541
508
464
420
370
312
252
186
119
51
-16
-83
-154
-223
-296
-359
-418
-473
-521
-567
-612
-645
-670
-694
-705
-712
-708
-694
-678
-663
-641
-608
-572
-535
-499
-463
-421
-385
-343
-309
-277
-245
-220
-180
-147
-114
-77
-43
-4
25
50
73
96
123
148
163
166
182
191
197
202
202
206
201
201
198
195
192
187
185
183
184
184
192
209
226
245
267
294
324
358
384
410
446
477
508
539
561
583
600
611
610
602
593
575
552
521
478
429
382
336
279
223
161
95
32
-36
-102
-170
-239
-305
-365
-421
-476
-529
-577
-615
-648
-678
-705
-721
-719
-715
-706
-686
-663
-640
-614
-586
-552
-508
-467
-422
-374
-325
-273
-235
-190
-142
-98
-57
-28
0
33
58
76
92
102
113
120
112
108
106
98
89
79
68
54
38
24
10
3
-9
-22
-33
-31
-29
-29
-24
-16
2
21
43
74
107
147
192
232
277
327
378
428
474
516
557
596
630
653
668
682
693
696
683
665
643
611
580
533
485
434
374
314
246
177
101
27
-44
-122
-184
-253
-321
-386
-443
-492
-546
-591
-635
-672
-702
-730
-754
-763
-775
-779
-770
-763
-739
-724
-701
-666
-626
-578
-535
-487
-438
-385
-335
-290
-244
-201
-151
-110
-79
-48
-25
0
27
56
78
97
114
129
148
158
176
197
210
223
231
247
270
288
305
317
336
358
373
388
408
430
461
495
515
537
564
586
602
622
641
660
668
663
662
660
644
623
599
567
533
479
417
358
294
227
148
67
-12
-87
-164
-243
-315
-383
-437
-494
-543
-580
-616
-638
-655
-667
-665
-663
-656
-637
-620
-599
-571
-537
-503
-466
-435
-410
-378
-346
-315
-291
-271
-247
-232
-215
-207
-207
-203
-198
-192
-186
-186
-187
-183
-175
-164
-144
-130
-115
-106
-93
-71
-59
-32
-8
16
47
70
91
115
144
173
206
233
259
290
321
354
385
424
461
495
530
551
572
589
606
632
656
674
677
671
669
661
646
631
610
592
565
524
478
427
383
332
279
222
158
92
13
-60
-124
-181
-232
-291
-347
-395
-444
-482
-522
-543
-549
-553
-553
-562
-565
-559
-546
-525
-502
-477
-455
-431
-420
-407
-391
-384
-365
-354
-346
-344
-356
-366
-378
-389
-392
-399
-405
-405
-411
-424
-437
-436
-428
-408
-382
-358
-331
-307
-278
-241
-206
-158
-109
-66
-23
15
58
104
152
199
244
286
327
372
420
473
517
568
617
662
711
748
791
835
872
901
922
934
937
945
941
929
910
881
839
791
737
674
608
530
449
364
279
191
92
3
-83
-168
-247
-318
-386
-447
-504
-552
-593
-623
-652
-674
-686
-689
-684
-687
-680
-670
-654
-635
-614
-584
-561
-530
-505
-482
-455
-427
-400
-384
-366
-348
-333
-318
-304
-287
-268
-254
-244
-225
-205
-187
-166
-146
-121
-97
-76
-54
-35
-15
3
17
36
57
73
87
101
118
137
158
178
200
222
252
282
310
335
356
377
406
432
456
475
494
518
532
548
562
566
575
578
570
564
545
523
502
472
445
406
364
325
281
238
194
149
106
66
19
-24
-68
-116
-162
-211
-260
-302
-340
-379
-412
-449
-482
-506
-528
-544
-549
-554
-552
-543
-540
-527
-512
-493
-463
-438
-413
-387
-355
-328
-297
-266
-241
-202
-174
-141
-109
-83
-47
-20
8
35
53
69
77
81
85
89
89
88
88
83
81
86
86
90
92
102
105
107
117
122
131
138
151
161
173
189
207
231
249
267
282
301
319
333
347
361
372
378
384
386
389
394
394
393
390
391
391
381
369
356
343
322
299
272
243
215
177
136
89
44
1
-47
-90
-135
-178
-220
-263
-301
-336
-366
-400
-431
-461
-489
-514
-535
-550
-567
-586
-601
-618
-627
-628
-626
-627
-610
-592
-579
-555
-536
-513
-488
-467
-437
-405
-373
-342
-311
-277
-240
-203
-167
-123
-78
-30
21
68
128
177
228
277
325
377
420
468
508
554
596
631
668
692
724
743
756
768
764
764
748
730
702
671
634
593
561
511
471
420
369
318
262
220
162
119
67
12
-40
-95
-140
-189
-223
-272
-318
-351
-388
-415
-450
-470
-485
-492
-496
-505
-502
-499
-480
-468
-459
-433
-416
-387
-368
-342
-312
-290
-263
-244
-212
-188
-160
-141
-126
-105
-87
-66
-65
-52
-57
-62
-59
-66
-61
-71
-79
-86
-96
-99
-105
-100
-102
-98
-91
-85
-74
-69
-52
-32
-15
7
32
64
91
125
155
187
226
259
292
317
342
375
404
429
446
462
477
480
484
474
460
442
424
404
372
342
292
250
214
173
142
95
55
20
-15
-43
-75
-94
-118
-133
-153
-173
-186
-209
-217
-233
-235
-243
-253
-260
-273
-272
-282
-276
-275
-279
-274
-274
-260
-258
-248
-235
-223
-199
-194
-169
-159
-144
-121
-115
-94
-92
-79
-74
-77
-59
-63
-50
-50
-52
-50
-53
-48
-55
-42
-43
-40
-32
-40
-22
-27
-14
2
15
33
41
57
66
86
95
113
134
143
174
192
215
229
246
275
288
315
319
337
344
347
353
339
337
322
309
290
258
230
199
171
136
106
65
30
-3
-41
-66
-96
-120
-147
-167
-181
-193
-201
-217
-216
-217
-216
-213
-222
-217
-215
-214
-201
-199
-187
-184
-178
-160
-148
-130
-125
-111
-98
-87
-71
-72
-61
-49
-35
-20
-18
-5
5
14
24
24
33
34
38
39
35
35
27
30
21
26
33
20
25
17
22
28
19
23
17
15
10
9
14
12
17
17
21
19
19
17
13
22
30
40
44
46
57
67
82
94
102
112
112
118
123
117
114
106
100
88
80
74
60
47
30
19
11
-6
-17
-24
-33
-43
-56
-69
-75
-79
-82
-80
-80
-80
-82
-83
-79
-77
-71
-71
-73
-68
-63
-59
-63
-68
-61
-50
-50
-41
-41
-48
-49
-51
-42
-41
-39
-33
-29
-21
-15
-12
-7
-4
-2
11
18
18
22
17
19
21
26
28
25
30
39
45
44
43
43
42
44
44
42
42
46
46
38
35
34
39
43
45
42
42
48
45
43
38
36
33
34
43
34
29
29
24
19
16
13
4
3
2
0
-4
-13
-14
-23
-25
-30
-35
-29
-30
-27
-32
-33
-36
-41
-40
-47
-45
-51
-50
-53
-55
-51
-49
-45
-49
-45
-43
-43
-42
-41
-30
-28
-27
-22
-26
-22
-15
-16
-12
-7
-6
-3
-2
-1
7
11
14
19
16
17
19
22
25
23
15
15
24
26
29
26
20
21
19
24
29
24
24
25
31
37
34
37
34
33
32
31
34
28
33
31
29
32
28
33
29
33
33
31
31
27
32
24
20
21
12
15
9
9
5
1
-1
-9
-10
-20
-22
-24
-31
-33
-41
-40
-46
-49
-56
-60
-59
-64
-56
-54
-53
-53
-49
-51
-49
-47
-47
-36
-39
-37
-40
-39
-34
-38
-32
-34
-32
-35
-31
-23
-25
-13
-19
-14
-10
-7
5
0
9
9
20
27
25
32
27
37
33
35
34
32
41
33
39
41
37
38
34
41
38
42
42
42
45
44
52
47
49
51
48
45
37
39
35
32
28
22
23
22
19
8
-1
-4
-7
-14
-20
-23
-24
-25
-27
-32
-36
-33
-32
-28
-23
-28
-27
-27
-28
-27
-29
-28
-26
-19
-14
-10
-5
-4
1
5
1
-1
0
2
4
3
3
4
1
-2
-9
-14
-20
-29
-31
-32
-36
-39
-40
-41
-37
-33
-30
-27
-28
-22
-20
-18
-15
-12
-8
-9
-1
1
9
18
17
27
31
30
29
29
37
43
46
47
50
47
48
45
39
38
33
34
34
33
36
37
33
23
17
9
8
10
9
5
-5
-9
-10
-12
-15
-19
-23
-23
-23
-25
-27
-29
-31
-31
-29
-26
-16
-14
-9
-7
-10
-9
-9
-10
-14
-15
-13
-12
-10
-7
-8
-10
-2
2
7
8
3
7
7
9
7
-3
-5
-4
-3
-2
-2
-2
-3
-1
-8
-13
-13
-13
-13
-13
-11
-7
-6
-11
-13
-10
-11
-11
-17
-16
-11
-4
2
5
11
13
18
20
24
28
26
32
37
36
34
39
43
43
41
43
45
44
44
43
43
44
41
39
37
34
35
31
28
30
21
14
7
0
-2
-2
-4
-8
-14
-17
-23
-28
-32
-33
-33
-38
-45
-50
-52
-50
-47
-46
-54
-62
-66
-69
-72
-75
-80
-85
-84
-85
-87
-87
-94
-91
-83
-79
-77
-75
-66
-60
-52
-49
-50
-44
-35
-29
-28
-23
-18
-9
-3
5
14
20
36
46
53
64
70
70
79
88
98
110
119
129
134
138
148
159
165
173
181
191
197
194
193
189
189
193
189
188
183
174
164
153
134
116
95
75
59
42
25
4
-15
-35
-52
-68
-82
-92
-103
-117
-136
-149
-156
-165
-175
-186
-194
-199
-203
-206
-214
-217
-219
-222
-217
-216
-209
-201
-197
-191
-182
-173
-161
-151
-134
-113
-101
-84
-76
-71
-54
-38
-21
-11
5
15
23
35
41
52
60
68
74
83
90
92
91
88
88
92
97
97
93
95
102
101
94
93
93
91
91
90
94
96
98
101
105
105
108
111
107
110
110
109
108
110
114
115
116
109
110
113
108
103
97
94
84
74
59
51
38
18
-1
-23
-40
-59
-75
-86
-95
-112
-132
-145
-162
-168
-172
-188
-196
-200
-206
-208
-214
-222
-225
-223
-218
-216
-217
-213
-210
-205
-199
-192
-181
-166
-154
-141
-131
-119
-101
-87
-68
-51
-34
-14
9
27
43
57
70
81
92
101
107
112
116
121
127
124
122
121
126
129
128
132
136
141
147
162
179
189
200
216
234
251
268
284
292
297
308
319
326
324
321
317
306
301
281
265
246
214
193
161
130
93
55
14
-33
-65
-107
-149
-200
-246
-281
-316
-337
-371
-405
-420
-435
-447
-459
-471
-472
-464
-453
-440
-433
-424
-408
-394
-368
-344
-325
-299
-275
-252
-226
-209
-193
-177
-162
-149
-139
-126
-115
-105
-98
-91
-73
-55
-39
-19
4
32
62
94
123
152
194
230
256
286
315
352
383
410
437
461
484
495
510
527
546
558
556
557
555
554
537
513
489
461
434
393
352
312
274
232
186
146
103
58
15
-30
-64
-98
-131
-167
-197
-221
-244
-262
-284
-300
-311
-323
-328
-339
-342
-340
-344
-343
-342
-343
-343
-348
-343
-332
-326
-321
-318
-308
-289
-272
-253
-239
-219
-193
-174
-154
-137
-121
-101
-83
-69
-57
-49
-40
-33
-27
-19
-15
-12
-9
-5
2
15
25
32
39
48
60
70
80
98
114
134
154
166
182
197
220
247
271
288
300
310
315
322
326
335
333
329
326
316
312
297
275
261
247
230
208
185
154
130
105
78
53
25
1
-26
-53
-72
-94
-110
-129
-145
-154
-170
-178
-186
-188
-195
-203
-210
-219
-228
-242
-251
-266
-280
-281
-288
-296
-300
-304
-312
-311
-315
-315
-309
-300
-293
-287
-272
-261
-245
-225
-208
-193
-177
-157
-131
-105
