-30
-29
-22
-22
-17
-17
-22
-28
-38
-35
-41
-45
-49
-52
-47
-43
-33
-24
-15
-7
-4
11
28
41
47
42
36
28
29
31
33
38
33
28
27
30
39
44
43
39
34
41
44
46
47
41
38
34
31
28
29
28
21
13
1
-1
7
22
24
22
21
18
23
20
23
17
2
-7
-23
-30
-41
-49
-55
-60
-66
-62
-50
-39
-30
-22
-24
-34
-41
-46
-43
-39
-39
-44
-54
-62
-69
-66
-55
-44
-34
-24
-7
9
28
43
48
51
49
46
45
41
29
13
6
-6
-6
2
4
19
16
16
18
16
27
37
53
62
63
57
50
46
35
25
17
6
2
-4
-3
3
8
13
9
12
14
13
14
5
-1
-6
-9
-9
-22
-23
-23
-28
-30
-29
-26
-29
-30
-32
-25
-20
-18
-15
-22
-22
-25
-33
-32
-29
-26
-25
-22
-21
-19
-10
-7
-4
-3
-3
4
8
18
18
20
23
17
18
18
17
17
14
9
5
4
-1
0
-5
-1
1
-2
0
3
10
9
0
-6
-11
-10
-8
-6
-5
-6
-4
-11
-9
-4
-3
-3
-6
-5
-4
2
3
2
-2
-2
0
1
7
10
15
14
12
11
10
10
10
13
12
16
21
21
27
28
30
29
21
13
6
2
-2
-6
-10
-15
-19
-22
-19
-17
-16
-18
-18
-14
-12
-4
4
6
8
7
11
18
18
15
11
0
-9
-18
-21
-19
-15
-18
-28
-32
-28
-19
-17
-13
-6
-3
-6
-4
1
-1
4
4
-3
-3
-15
-25
-36
-45
-46
-56
-57
-59
-65
-65
-67
-64
-61
-55
-42
-34
-25
-10
0
12
17
25
36
43
42
48
53
49
47
38
35
32
30
29
28
37
48
54
57
61
69
78
87
94
98
101
105
106
103
101
97
90
83
76
69
63
49
37
26
14
5
-11
-30
-44
-62
-73
-79
-92
-104
-116
-124
-130
-134
-129
-125
-120
-109
-94
-89
-74
-60
-53
-47
-39
-29
-25
-28
-38
-51
-61
-68
-69
-78
-82
-75
-61
-44
-28
-7
14
42
64
80
94
101
109
116
119
119
117
114
106
98
84
72
63
49
37
25
16
16
13
8
4
2
8
10
6
9
19
17
18
27
32
39
39
37
27
15
15
1
-11
-26
-38
-46
-56
-61
-66
-70
-71
-68
-56
-45
-32
-20
-4
6
13
21
24
25
15
0
-16
-40
-62
-88
-114
-132
-146
-150
-149
-144
-127
-111
-96
-74
-45
-8
20
42
63
78
92
96
100
102
95
92
80
67
57
47
36
27
26
23
32
29
34
47
55
71
74
81
83
84
93
87
92
93
93
98
90
91
78
64
54
35
24
3
-15
-28
-43
-56
-63
-70
-71
-71
-77
-75
-65
-69
-62
-52
-53
-55
-63
-66
-69
-81
-89
-93
-99
-100
-99
-98
-88
-81
-69
-48
-36
-20
-12
-1
10
14
24
29
29
27
24
12
3
-1
-11
-16
-17
-18
-22
-26
-22
-18
-14
-10
-2
13
27
45
56
59
67
69
76
76
70
63
54
45
37
28
20
10
-1
-3
4
10
23
37
46
62
76
89
94
101
108
109
108
96
87
64
45
28
8
-4
-19
-31
-43
-57
-58
-55
-60
-62
-58
-53
-51
-50
-51
-58
-61
-71
-78
-79
-92
-99
-104
-109
-109
-109
-105
-102
-103
-93
-78
-63
-44
-29
-13
4
18
28
37
37
34
29
27
26
18
8
0
-6
-10
-21
-30
-34
-37
-36
-30
-18
2
23
38
56
72
83
104
125
144
159
162
168
167
161
159
140
122
99
76
57
33
13
-10
-26
-42
-63
-69
-75
-83
-85
-85
-79
-71
-65
-59
-54
-44
-36
-32
-20
-14
-11
-4
1
5
4
8
3
2
7
-2
-5
-13
-17
-21
-32
-37
-52
-50
-46
-53
-47
-35
-28
-21
-6
2
4
9
9
10
8
5
7
2
-8
-19
-30
-33
-38
-41
-38
-34
-30
-19
-1
6
18
39
49
56
66
72
81
85
92
85
73
66
54
43
34
17
0
-6
-10
-13
-14
-9
-6
-2
-1
-1
15
24
20
9
3
1
-4
-4
-13
-23
-30
-35
-33
-24
-18
-15
-12
-14
-6
-12
-15
-5
-6
1
4
4
0
-9
-10
-20
-25
-43
-58
-59
-75
-80
-99
-116
-124
-133
-124
-125
-117
-105
-108
-92
-89
-77
-58
-53
-19
-3
23
51
52
90
94
117
146
145
174
174
190
200
191
203
187
189
180
161
162
146
136
114
90
76
49
17
-8
-24
-42
-65
-78
-84
-92
-94
-100
-95
-81
-71
-50
-42
-21
-6
-5
18
-5
-16
-10
-27
-19
-36
-38
-42
-56
-53
-101
-115
-113
-114
-97
-103
-79
-75
-86
-83
-100
-83
-51
-33
-18
-8
-4
-10
-26
-27
-23
-7
22
33
37
34
32
27
17
33
48
59
73
66
63
70
63
51
47
57
63
42
37
38
40
42
39
50
44
24
2
-14
8
3
-2
24
32
33
8
-1
2
-16
-4
-12
-19
-12
-17
-7
-32
-22
12
3
2
-2
13
26
4
1
-1
24
41
14
28
26
18
-17
-60
-41
-49
-51
-67
-65
-30
-47
-60
-61
-22
6
-5
22
29
45
68
50
29
23
42
29
-10
-8
0
-2
-16
-53
-52
-46
-70
-85
-75
-38
-36
-40
-9
-19
-32
-26
-32
-46
-36
13
3
-3
29
4
12
5
-6
25
23
50
58
71
85
50
89
67
33
76
63
53
55
80
61
29
111
91
-7
-11
15
35
2
-5
59
102
86
-38
-41
58
-47
-131
-40
100
93
-8
39
92
74
-50
-204
-86
50
12
-92
-14
187
61
-131
-181
-147
-107
-186
-173
-55
116
99
-82
-58
-101
-241
-278
-206
-115
-56
90
60
-14
29
-202
-350
-209
-150
-170
-21
219
101
-31
46
-127
-181
12
22
23
258
425
185
41
92
-21
16
60
-10
200
460
215
-177
14
210
-96
-242
31
325
259
60
95
244
205
-57
-45
223
237
92
102
301
261
-17
66
225
107
42
143
134
-69
7
73
-109
-49
-53
-91
-20
-139
-235
-149
-47
-288
-488
-268
-271
-264
-148
-337
-356
-179
-235
-555
-530
-101
-73
-190
-226
-141
175
-55
-481
-329
109
118
-211
135
430
173
-87
-357
-89
201
112
51
196
511
193
-57
27
-128
32
153
240
357
353
378
109
86
-55
-238
213
332
226
133
202
402
124
-144
-221
105
275
-218
-51
427
364
-74
-316
105
169
-183
-249
107
433
47
-133
68
182
175
-206
-292
72
312
29
-246
110
344
104
-342
-467
121
304
-384
-454
295
403
-370
-609
-96
12
-312
-567
-278
360
89
-541
-285
154
-110
-627
-276
194
190
102
-252
-47
260
-130
-522
-205
465
257
-30
76
113
214
-168
-446
-11
478
302
-97
454
535
-70
13
39
84
199
399
333
165
543
309
13
44
24
278
158
-70
-39
142
217
-338
-426
-29
30
-279
-707
-178
159
-434
-649
-398
-57
-59
-516
-696
-176
455
-391
-1038
-78
552
40
-773
-203
560
336
-301
-596
252
896
149
-584
151
1217
208
-431
114
497
540
81
-18
157
837
554
-458
-42
542
343
-332
-147
297
335
347
-389
-205
440
117
-481
-444
457
315
-173
-236
73
442
-396
-408
-108
321
156
-269
219
280
135
-424
-385
186
-71
-280
-62
438
227
-321
-185
0
-8
-520
-371
349
211
-79
-23
121
-116
32
-22
-208
-20
178
204
-26
-137
-233
193
12
-356
-4
-66
-20
-94
-209
-343
-306
272
-157
-249
-35
-79
-16
-440
-299
-90
-124
0
-114
63
-4
-460
-323
-104
-161
-388
-22
530
-16
-64
-17
11
128
-189
249
366
458
656
543
438
-93
625
645
-111
338
558
779
229
100
115
72
276
-456
-24
321
-309
-179
12
172
-292
-396
61
160
63
-547
-190
490
33
-61
80
151
257
183
-13
-521
78
487
34
-304
-51
524
46
-618
-536
30
98
-463
-241
-102
69
-94
-444
-588
-153
235
-551
-567
266
-26
-530
-368
175
-420
-554
84
-324
-554
-374
187
-284
-655
14
227
-126
-624
8
711
121
-278
286
1071
230
-148
293
836
400
-3
543
839
566
-227
403
828
-189
-256
429
469
40
-90
221
-28
223
-25
-435
202
33
-69
-41
-240
-17
-268
254
-87
-384
98
-100
-27
-551
-313
156
-55
-66
-329
-114
334
-252
-819
-278
576
78
-778
-102
807
-53
-795
-222
437
434
-743
28
535
94
125
-481
333
240
119
-21
-121
366
140
374
-539
-158
1011
72
-836
20
890
-299
-667
404
368
-204
-66
-150
99
287
-646
-222
571
75
-365
-412
655
49
-270
-341
-395
918
22
-562
67
294
55
-321
14
-320
100
735
-61
-586
88
688
-434
-474
249
163
37
8
-11
-147
113
-46
-282
197
126
8
92
235
-172
-462
287
358
193
-367
155
570
-170
-373
-684
29
803
-515
-825
426
703
-889
-666
290
-665
102
-85
-163
-167
839
-341
-687
1136
-137
-549
282
842
358
-126
86
250
554
626
-1173
343
943
81
-387
-214
1080
-421
-329
-333
260
315
-986
72
918
-327
-402
-100
277
41
-501
130
-410
592
7
-526
334
510
-327
-793
269
691
-587
-570
249
1173
-178
-1183
506
418
157
-1007
-186
1104
-79
-581
-233
738
318
-1183
-213
416
658
-705
-930
998
125
-170
-1012
-201
1207
-275
-506
-569
1041
470
-1541
116
790
170
-360
-153
821
-201
99
-612
-55
1367
-707
-647
1208
361
-489
-553
451
295
-334
336
-622
834
601
-1206
-147
857
-394
-661
362
703
-594
-150
532
-313
90
-648
-61
923
-175
-210
77
481
524
-999
23
437
107
260
-607
727
594
-822
-298
50
697
-847
-438
1048
-89
-335
-539
135
-99
-656
-105
-74
535
48
-600
542
-3
-712
-462
229
1167
-391
-279
1138
691
-81
-879
29
583
-121
-191
-152
1291
509
-1056
-499
-230
-206
-931
-288
376
-315
229
-642
-173
-266
-694
-460
-518
138
-662
346
511
-385
-516
16
239
-514
-402
456
562
355
-686
302
1176
106
-518
-14
1234
422
-87
140
868
1439
-811
-242
948
1032
-132
-441
1184
706
-543
337
528
160
-221
-170
494
85
35
-19
374
-396
-645
276
-266
-99
-326
-197
153
-386
-257
-508
-90
-480
-545
410
-516
-183
-83
-540
-31
-355
-409
-690
1084
-361
-1929
980
528
-571
-507
-448
266
-470
70
-682
-29
626
-567
-91
308
32
-478
227
-269
-348
435
571
-150
402
456
532
-639
97
680
659
55
-285
1464
691
-201
-482
673
904
-784
211
1035
122
453
-716
542
504
-406
-408
10
1205
-356
-753
504
344
285
-755
-269
587
192
-395
-909
1266
182
-1073
375
-117
-344
-297
-361
-231
205
-85
-190
-219
-159
-763
-809
-43
-219
64
-487
-221
504
-860
-1295
-210
275
-527
-912
786
480
2
-456
-1083
407
-152
-321
-286
1409
532
-285
547
532
-81
-409
684
504
331
552
617
668
429
-404
337
347
100
191
200
-63
541
-346
-545
498
211
-429
-614
157
405
-654
-636
394
342
-191
-349
385
-24
-232
7
-188
425
583
-382
685
427
291
-180
-129
432
80
478
-186
386
1067
-929
-645
-23
81
-529
-1022
340
-389
50
-406
-1167
-246
-6
-796
-1424
432
749
-765
164
-207
430
-287
-436
207
308
532
-539
818
959
-228
15
120
397
-350
197
462
72
141
-384
99
196
-464
-4
-145
408
-460
-548
294
32
-130
127
99
44
328
-213
-20
465
-37
198
236
807
-334
-20
1174
-450
-499
-140
672
54
-658
-69
328
-143
-691
-992
641
235
-978
-522
-41
601
-795
-582
730
3
-381
-90
249
-95
313
212
-679
789
721
-437
-101
716
583
-471
-174
244
412
182
-546
-62
1442
-620
-929
738
422
-546
-390
387
175
-772
198
145
-15
172
-71
-340
-351
837
-617
-526
954
380
-569
-755
1152
805
-1376
-153
894
535
-951
-194
777
474
-927
-682
1069
121
-674
-107
377
-30
-118
-712
-112
182
-65
-56
-623
420
718
-628
-1035
-247
1058
-246
-1276
1023
856
-501
-1278
794
888
-1620
-663
1111
1243
-1294
-625
1625
407
-1120
-450
278
910
-400
325
634
-184
753
247
-381
297
306
-305
466
644
-112
-199
694
391
-246
-1118
228
309
-329
-94
141
567
192
-442
-995
27
104
-898
138
1216
126
-416
63
-183
-499
-486
-387
57
142
137
279
-172
-440
-573
-464
-705
-188
138
170
605
555
-1111
-496
173
-458
20
220
-101
230
1324
86
-1408
559
863
-965
-562
1173
692
-172
546
732
-122
-384
366
-114
-134
876
482
-427
518
684
275
-893
-257
-3
248
-323
51
322
313
356
-1117
-275
-397
38
-115
139
5
-130
583
-482
-535
338
431
-382
-819
868
220
-560
1297
-804
-158
438
704
-920
-802
1622
-485
-465
-281
38
559
-238
-105
-683
486
-109
-1127
513
262
9
-481
-316
712
-452
-1183
732
780
-1128
-541
1692
-644
-1156
377
411
100
-168
-393
-169
1326
-271
-1437
1002
227
-923
622
682
-1174
-173
1067
-909
-621
687
-91
439
47
-819
663
395
-71
-282
1173
564
-612
1082
88
617
-376
272
1145
-116
47
237
1125
-718
-487
744
-322
-197
432
224
343
-692
-508
23
329
-765
-848
1056
-103
-580
241
1035
-1308
-1168
781
447
-587
-1169
1300
1000
-697
-1653
-347
1725
-122
-1515
-347
523
686
-832
-990
1059
112
-1947
-336
1501
333
-1814
-308
1976
-252
-2112
-519
1846
671
-901
-344
109
646
-190
-874
823
1097
-295
-373
840
-135
-718
1001
964
-184
47
1141
432
-274
-815
-90
1387
-181
-661
637
942
-1139
62
639
-1326
-215
347
252
-115
-140
33
251
-625
-913
971
816
-1665
-569
2134
50
-1748
-71
863
1076
-489
-1495
412
1191
-819
-1445
1305
1358
-933
-1222
237
1542
-1311
-1451
712
780
-183
-1581
474
842
-188
-610
-657
622
-312
-935
882
575
-338
-309
520
-58
-884
1036
491
-789
-861
686
2403
-605
-1407
454
799
318
-1076
-66
965
1025
237
-1085
955
636
-882
615
-288
-450
553
126
568
695
242
-724
-776
-171
381
488
-1154
-843
1122
543
-465
-109
-377
-1032
-553
303
-419
-585
226
175
502
145
-761
-1068
-194
625
-47
-729
400
1615
267
-987
283
578
-803
-972
516
1550
434
-367
443
503
-254
-1085
-611
-114
-237
726
878
581
-403
-750
-18
-672
-1062
-678
878
2462
484
-1435
-625
684
427
-601
-1277
364
1672
564
8
315
85
-1077
-1197
86
1279
446
-325
546
224
-692
-677
-911
763
851
-801
-125
908
386
-1097
-194
-85
-585
544
780
144
-153
-319
-841
138
583
-608
312
728
-146
-301
349
47
-761
1
260
65
682
220
-457
-65
-55
-154
-76
353
-296
-534
-150
-24
316
-218
-360
510
18
-882
-562
-90
697
302
-170
8
595
636
-323
-502
-24
263
438
382
279
-70
867
609
-1193
-447
232
85
-332
274
990
-434
-850
-122
112
-404
-834
68
440
305
-221
102
599
-472
-703
-452
445
671
32
472
799
-56
-689
-319
-93
180
-24
-1
188
825
598
-482
-886
-747
-371
-105
8
271
919
319
-932
-474
-128
-424
-834
-656
490
706
191
351
31
-313
-215
-605
-171
905
461
254
1002
812
-144
-405
-175
-305
153
411
534
689
517
41
-593
-284
-377
-471
529
716
401
17
38
-124
-824
-915
-536
458
357
-319
49
515
-447
-1206
-151
-190
-565
565
830
238
153
-174
-703
-616
-20
40
-70
-25
15
-151
-182
-435
-933
-791
-193
92
-361
115
562
-234
-335
79
325
338
195
228
277
662
584
630
1050
161
-49
380
54
12
227
753
918
265
144
-329
-712
-660
-115
343
183
232
471
190
-254
-626
-727
-66
112
180
821
1231
775
152
-651
-993
-500
-9
364
542
461
-94
-492
-539
-758
-682
-574
-384
175
170
47
-43
-327
-696
-496
-69
110
504
768
252
-192
-22
243
96
49
265
35
267
199
377
334
-703
-921
-397
-227
-462
-669
-566
-704
-1341
-1531
-1075
-1026
-1534
-1265
-760
-1019
-1390
-728
-26
-91
-618
-274
530
566
660
721
1176
1465
1288
1050
1660
1715
1070
1518
1659
1603
1862
1577
1015
1312
1563
853
385
188
337
940
657
382
639
126
-246
-227
-473
-204
426
267
23
614
384
-318
-98
-308
11
194
-288
285
394
-472
-731
-859
-1633
-1991
-1324
-897
-1293
-1555
-1613
-1352
-1878
-2321
-2097
-1785
-1538
-1793
-1462
-1671
-2005
-1474
-394
130
-320
-16
607
1270
1798
2012
2109
1593
1454
1298
1345
1443
979
1296
565
383
1265
902
1158
-53
-1869
-2332
-2888
-2135
-2032
-2199
-2457
-3722
-3655
-3275
-2611
-2003
-1641
-503
1080
2755
3372
3013
2886
3034
3704
4740
5714
6021
5773
5850
4994
4032
3416
2711
2498
1667
1244
1140
255
-305
-1239
-2609
-3685
-4024
-4421
-4621
-4011
-3943
-3217
-2688
-3039
-2552
-2156
-2026
-1600
-964
-101
243
407
721
927
817
184
-290
-440
-63
733
1416
1517
1000
379
-82
-531
-1224
-1179
-392
152
455
581
945
183
-1355
-1276
-518
167
270
526
1721
1390
256
26
84
-106
-770
-457
151
87
532
42
-1319
-2464
-3018
-2154
-1412
-622
-282
-430
-198
-1242
-1499
-553
464
1178
1112
2254
3568
5130
5593
3052
706
-625
123
1856
1974
2362
2704
1830
-55
-1888
-2477
-3136
-4169
-4923
-4606
-2911
-2232
-3032
-3907
-5531
-6798
-6298
-3384
681
2447
2912
3310
3944
4180
3331
3298
3793
5090
6926
8227
8689
7133
4734
2397
521
168
392
612
658
54
-902
-2309
-3896
-5305
-5931
-5394
-4215
-2557
-1125
-311
-300
-911
-977
-705
-822
-359
958
1807
2043
2077
1558
319
-1120
-1897
-1906
-1419
-1328
-1687
-1731
-2292
-2688
-2660
-2907
-3067
-3570
-2992
-1578
-507
476
955
1576
1452
1328
1828
2064
2751
3104
3582
3784
3437
3294
2175
793
-252
-561
-370
-22
295
196
126
-640
-1052
-944
-1001
-1043
-1414
-695
529
722
57
-937
-1328
-1409
-951
-392
567
1460
802
27
-97
-243
-710
-19
803
1100
3055
5694
6133
2164
-2862
-3968
-2099
-238
113
1423
2741
1562
-863
-3493
-3892
-4274
-5520
-5415
-3467
-8
472
-1599
-4418
-7780
-8663
-6922
-2131
2756
4454
4308
3566
4078
3436
1716
1583
2926
6150
8729
9677
8933
5878
1809
-1374
-1470
-294
447
757
500
126
-1154
-3187
-5253
-5923
-5279
-4093
-1611
719
1232
358
-357
-599
-232
856
1835
2943
3455
2879
2187
1191
-169
-948
-978
-810
-352
156
-399
-1598
-2662
-3202
-2664
-1573
-839
-906
-1232
-1486
-1672
-1774
-1647
-484
1017
2061
2657
2424
2088
1284
-57
-253
513
1537
1953
1701
984
-269
-1325
-2401
-2310
-1160
-511
137
319
125
-551
-2111
-2427
-1538
-775
200
764
1444
814
-1272
-2196
-2974
-1865
-886
-217
1336
241
-471
-2457
-3609
-1803
487
4719
6481
8067
8465
5073
485
-4725
-4296
-819
2111
4121
4794
5377
1968
-3692
-7859
-8421
-6303
-3999
-910
2009
2407
-1481
-6690
-10636
-11654
-9064
-3772
3454
7670
7818
5688
2593
404
-738
730
4306
8689
12328
12835
10364
5684
770
-2432
-2890
-924
1590
3307
3098
968
-2059
-5102
-7247
-7615
-6068
-3051
-127
1226
1142
-313
-1843
-2492
-1628
630
2744
4226
3693
2346
688
-1421
-2415
-3161
-2177
-939
-467
-334
-1755
-2690
-3816
-3983
-2868
-1311
928
1366
512
-1150
-2443
-2273
-1998
-127
2055
3368
3973
2963
2093
823
-390
-1090
-780
472
1278
1967
1291
-323
-1845
-3063
-3013
-1690
-397
1106
2008
1892
744
-387
-71
421
1201
1327
1861
2226
1548
895
-379
-1258
-1812
-1848
-1505
-1246
-1185
-2040
-2460
-3063
-3312
-1769
1261
5669
8356
7813
4400
1040
-1420
-2999
-2173
-58
2810
3649
2704
1126
-1386
-4732
-7821
-7804
-6211
-3428
-57
1662
783
-3356
-8242
-10962
-9335
-4289
1246
5403
7156
7455
5957
3182
1082
689
2898
6669
10599
12728
11524
7260
1961
-1657
-3100
-2457
-642
1286
2310
1446
-799
-3578
-6126
-7501
-6557
-3828
-1027
1224
1918
970
-288
-984
-572
609
2279
3869
4906
4806
2827
-301
-3140
-4276
-4218
-3578
-2163
-1052
-1238
-2816
-4214
-4108
-3424
-2352
-1116
-50
810
532
-230
-1148
-1818
-1865
-1277
619
2491
2949
2276
1331
497
-204
-1090
-899
58
920
1351
284
-626
-1891
-2520
-2724
-2109
510
2506
4083
3605
3176
2727
1439
1075
680
1951
1559
1121
983
353
482
-2037
-2791
-3097
-2496
-1457
-2090
-1275
-2426
-2311
-3389
-5071
-2602
2372
10575
13917
10919
3455
-4049
-4797
-3630
-1690
-927
848
4958
5142
1643
-4159
-7865
-9829
-10681
-7436
-1279
5453
6854
1994
-6486
-13765
-14968
-10022
-1114
6501
10579
10993
9360
6762
2545
-1591
-2657
1741
9540
15820
16317
11080
3317
-3171
-5855
-5378
-2540
760
3126
3774
2310
-695
-5252
-8865
-9261
-6459
-1844
1945
3350
2563
965
-563
-1583
-1315
381
2312
3049
2230
437
-1433
-3454
-5128
-5590
-4924
-3439
-2753
-2787
-3286
-4104
-4104
-3183
-475
1969
2766
2400
806
-336
-997
-739
731
2648
4309
4247
2908
1229
82
-320
-870
-991
-184
1019
1231
-174
-1668
-2701
-2868
-1959
-496
1662
3378
4261
3974
3085
2664
1703
1389
1972
2855
3150
1469
-349
-1732
-2782
-4081
-5375
-4700
-3223
-1686
-1186
-1814
-2186
-3249
-4805
-5653
-4224
-355
4847
11073
15429
14282
7326
-1160
-4984
-3665
-1302
-227
1629
5038
5476
900
-5705
-9703
-10791
-11104
-9186
-3512
4019
7676
4394
-3578
-11464
-14412
-11212
-3071
6155
11975
12880
10538
7389
3440
-841
-3161
-1075
5226
11982
14978
12098
5293
-1914
-6742
-7644
-5342
-1754
1018
2236
1954
168
-2815
-6599
-8923
-7929
-4264
142
3158
3940
2815
998
-736
-970
775
2329
2256
888
111
-475
-1610
-3207
-4709
-4497
-3886
-3049
-2462
-2392
-2322
-2920
-2419
-770
1690
3401
2432
378
-1707
-2145
-766
1143
3223
4290
4125
3113
1774
980
201
-430
-89
936
2369
2486
704
-1444
-3099
-3179
-1723
326
2132
3012
3236
3355
3099
2521
1408
404
803
1272
1689
989
-1080
-2711
-4369
-4208
-3827
-3923
-3618
-3683
-2138
-1186
-875
-1606
-3315
-2376
1160
7643
12777
12876
8636
1588
-3594
-5156
-3046
-254
449
278
35
-428
-2703
-6717
-10596
-12580
-11756
-7381
-1083
3518
3708
-1416
-7591
-10787
-8687
-2547
3570
8055
9893
10736
10137
7332
3565
293
570
4040
8352
11059
10498
6833
1600
-2730
-4641
-4078
-2232
-152
1276
1950
1369
-222
-2107
-4031
-4668
-3829
-1609
1107
2856
3062
1911
763
446
532
473
209
14
188
-15
-881
-2109
-3304
-3888
-4410
-4647
-4122
-3053
-2138
-1880
-1195
449
2005
2466
1556
325
-163
-127
570
1423
1802
2008
2070
2055
1364
-273
-1568
-1979
-1318
-384
380
924
-395
-2344
-4194
-4286
-2516
-1443
-227
412
1779
2799
2897
2917
1718
1323
198
350
1265
1080
704
-1071
-1867
-2857
-3176
-2586
-2382
-2302
-3875
-4535
-3691
-905
3755
7936
9779
7719
4009
829
-904
-1294
-752
659
2250
3390
3598
1883
-2227
-7339
-10805
-10984
-8483
-4321
-328
1573
-79
-4838
-9496
-10732
-7105
-338
6428
10781
11987
10769
7936
4465
1832
1638
4426
8747
11972
12343
9426
4330
-1074
-4709
-5594
-4229
-1805
82
782
-426
-2840
-5020
-6152
-5433
-3732
-1156
1416
2930
3181
1600
-107
-1167
-572
1214
2009
1787
301
-656
-1162
-2088
-3131
-4448
-4557
-4498
-4241
-3937
-4079
-4185
-4919
-4214
-2049
815
2918
2647
1566
-108
-434
546
1664
2880
2832
3195
3279
2558
1522
-285
-629
-505
191
989
519
163
-1100
-1218
-798
-315
397
-372
-79
195
1968
3316
2528
1594
-739
-276
-36
596
1055
-462
112
-1208
-905
-1557
-2714
-2382
-3752
-1499
1502
6581
10295
8877
5771
-92
-3323
-4335
-3036
65
1510
3142
3933
3846
1677
-3418
-8842
-12109
-11891
-7940
-3245
-339
-794
-5706
-10980
-14330
-12637
-6538
-35
6188
9098
10073
9239
6919
5246
3452
3855
6456
10031
13023
12408
8686
3342
-1719
-4072
-4296
-3144
-1515
-817
-508
-1582
-3583
-5292
-6484
-5464
-3253
-227
3030
4805
5650
5036
4413
4597
4343
3906
2497
1423
834
-289
-1286
-2442
-2707
-3098
-4434
-5817
-6805
-6840
-6797
-6574
-5233
-2783
-397
917
479
-743
-2124
-2824
-1499
1161
4819
7017
6870
4781
1973
542
262
586
802
1076
1544
2097
1476
229
-1661
-3457
-3656
-2991
-97
2076
3067
2502
510
-248
-1573
-1899
-2276
-1959
-339
477
843
-727
-2458
-3720
-4277
-3766
-1198
4757
11415
14215
9796
2609
-2837
-4086
-3693
-3142
208
4159
7244
5277
777
-2726
-6111
-9004
-12688
-12152
-6884
-398
2658
-1265
-8329
-15093
-17316
-13774
-6086
2417
7952
9796
9439
8383
6237
3492
1367
2480
6615
11700
15118
14455
10683
4643
-992
-4509
-5356
-3545
-1184
639
1196
698
-650
-3127
-6036
-7869
-7523
-4626
-279
4017
7340
8535
8037
6360
4090
2302
1093
1238
2504
3813
4679
3742
1114
-2825
-6995
-9138
-9579
-8338
-6631
-4910
-2902
-2038
-2219
-3957
-5952
-6968
-6348
-3401
656
4680
6665
6154
3844
1380
167
248
1256
2200
3390
4233
4083
2333
-835
-3585
-5182
-4731
-2847
-305
1824
2107
966
-1151
-2512
-2522
-1339
327
1293
1871
1834
1550
231
-2180
-4659
-5537
-2411
4229
11727
14248
9858
1729
-4677
-6079
-5209
-2696
606
4926
8034
7358
5123
1327
-2924
-8879
-13913
-13206
-7202
1092
4176
410
-7625
-15087
-17298
-14574
-8242
-1570
3666
7294
9774
10834
9650
5856
1540
157
2761
8786
13994
16137
14293
9212
3514
-2056
-5278
-6347
-5593
-3560
-1223
1197
1641
-704
-5386
-9908
-11978
-10671
-6160
158
6607
10327
10160
6701
2278
-613
-1732
-862
1508
4985
8502
9338
6960
1834
-3820
-7862
-10303
-9814
-7162
-2803
1208
1821
-593
-5645
-9806
-11096
-9196
-4221
1143
5762
7828
6960
4462
1305
-825
-1686
-990
1506
4643
7225
7485
5146
1426
-2241
-4030
-4076
-2621
-707
706
1521
1236
659
-753
-2902
-5188
-6413
-5137
-2659
-176
610
574
2143
5977
10423
10470
5709
137
-2187
-1376
-1385
-1680
-364
2746
4244
2405
444
-353
-1427
-5784
-10687
-11147
-6362
-277
1308
-1869
-7622
-12495
-14433
-12900
-8025
-2417
2019
4501
6054
7440
7727
6295
4077
3039
4495
7689
11067
13383
13362
10841
6133
1382
-1298
-1764
-1165
-1305
-1864
-1986
-1697
-1829
-3301
-5336
-7155
-8242
-7904
-5668
-1443
2229
3432
2246
774
922
1214
1394
1465
2905
5680
7598
8469
7071
4377
469
-3594
-5302
-4808
-2059
238
769
-640
-3625
-5981
-7466
-7624
-7043
-5784
-3297
-352
2328
3350
2680
1133
-194
-358
319
1476
2468
3175
3787
4301
4690
4049
1893
-1031
-3132
-2988
-1075
1048
2157
1618
-251
-2714
-4999
-6448
-7681
-8396
-6618
-943
7169
11981
10423
4534
-1370
-4622
-6451
-5805
-1749
4557
9434
9817
8193
5918
2519
-3856
-11057
-13351
-9032
-1008
4193
3981
-775
-7236
-12404
-14713
-13018
-8835
-4040
-368
2268
4533
6116
6423
5068
3314
2611
4036
7351
11425
14603
15294
13040
9146
5648
3507
2044
84
-1907
-3023
-2573
-1488
-1083
-2125
-5045
-8870
-12097
-12831
-10522
-6570
-2815
-292
962
1554
1026
-416
-2036
-2856
-1351
1540
5403
8369
9345
8266
4781
1110
-1995
-2704
-1208
1147
3388
3759
2774
204
-3016
-5975
-7538
-6756
-4377
-1447
818
2370
2827
1858
-574
-2986
-3579
-2259
-107
1378
2480
3497
3813
2753
320
-1640
-1883
-810
699
1393
1640
1386
294
-1404
-3593
-3970
-1905
1752
4596
4347
2510
31
-2167
-4566
-6536
-5672
-2524
1301
3280
3819
4177
3525
733
-4188
-8018
-8195
-4831
-729
1534
1081
-1222
-3771
-5470
-5559
-4961
-4043
-3164
-1639
995
3787
5993
6334
5231
3383
2206
2801
4813
7212
8309
7946
6612
5580
5265
5288
4972
3519
1726
469
613
1521
1590
335
-2002
-4102
-5365
-5867
-5409
-4689
-3994
-4092
-4914
-5351
-5248
-4318
-3594
-3189
-2660
-1773
-316
615
602
-255
-1116
-1048
90
1984
3977
5031
4672
3143
1316
135
-738
-1065
-719
469
1886
2152
1636
990
823
612
-163
-624
-197
760
1216
687
-211
-1006
-1500
-1277
-482
632
1164
873
271
-356
-594
-917
-1760
-3027
-3103
-405
3823
5819
3431
-823
-3287
-3072
-2655
-2867
-2120
293
2893
3472
3188
3415
3327
847
-3974
-7211
-6264
-2410
393
-235
-3153
-6201
-7982
-8147
-6827
-4369
-2147
-1308
-1709
-2167
-1535
-364
699
1518
2847
5132
7604
9371
9484
8000
5452
3196
2931
5178
8641
10533
9453
6432
3751
2486
1860
972
-53
-515
-286
233
618
462
-1152
-4368
-7822
-9210
-7646
-5026
-3488
-3779
-4508
-4510
-3962
-3513
-3763
-4223
-4781
-4982
-4256
-2228
881
3136
3513
2281
1145
1126
1454
1496
942
526
561
1046
1833
2395
2416
1740
874
356
480
990
1530
1693
1429
1029
846
1176
1469
1340
684
296
642
1047
817
-73
-568
-625
-508
130
1882
4053
4285
2120
-556
-1892
-2525
-3802
-4723
-3544
-650
1320
1201
527
739
1090
-216
-3007
-5037
-4607
-2468
-1033
-1693
-3645
-5308
-5944
-5914
-5489
-4585
-3762
-3642
-4106
-3880
-2257
-367
592
440
470
1379
2770
4286
5458
6198
5968
5089
4847
5764
7294
7745
6802
5709
5555
6366
6864
6446
5211
3589
2232
1518
1626
1787
965
-946
-3069
-4488
-5053
-5165
-5159
-5206
-5425
-5621
-5689
-5580
-5425
-5435
-5345
-5124
-4386
-2860
-938
762
1159
913
1062
1865
3044
3295
3202
3104
2973
2857
2148
2069
2329
2509
2250
1036
151
-773
-1523
-2385
-3431
-3492
-3024
-1745
-396
657
1254
496
-658
-1540
-1321
-481
262
2105
5265
8418
8809
5969
2565
356
-852
-2168
-2805
-1158
1747
3586
3303
2235
1609
136
-3108
-7025
-8950
-7523
-4717
-2990
-3667
-5888
-7942
-9007
-8850
-8192
-7589
-7282
-6871
-5337
-2529
625
2545
2637
1880
1619
2439
3938
5458
6592
7251
7594
7869
8138
8053
7213
5789
4403
3796
4084
4707
4913
4241
3261
2625
2560
2512
1835
788
-224
-828
-1070
-1108
-1000
-1065
-1493
-2293
-3238
-4082
-4871
-5595
-6033
-6033
-5518
-4761
-4108
-3836
-4179
-4742
-4819
-3780
-1842
60
1339
1915
2214
2443
2600
2833
3144
3549
3829
3991
4421
4936
4986
3931
2082
655
193
486
550
103
-636
-1660
-2497
-3113
-3402
-4044
-4910
-4220
-1109
3225
5322
4176
1834
330
-279
-1254
-1338
755
4223
6419
6259
5913
6117
5296
1275
-4464
-7882
-7253
-4135
-2086
-2392
-4594
-7505
-10067
-11794
-11908
-11015
-9843
-9070
-8251
-6453
-4093
-2017
-1266
-1239
-928
322
2520
5122
7876
9936
10886
10623
10099
10120
10443
10356
9108
7643
6733
6794
7138
6701
5460
3191
690
-1364
-2200
-1777
-1515
-2014
-3125
-3688
-3425
-3272
-3727
-4669
-5252
-5222
-4802
-3954
-2689
-1352
-887
-1954
-3624
-4141
-2792
-842
-142
-660
-979
-236
904
1314
907
10
-1006
-1715
-1524
-104
1664
2540
1996
616
-484
-975
-961
-741
-341
528
1542
2445
2786
2448
1449
-33
-284
2101
6635
9990
9383
6073
2978
1475
59
-1632
-1844
131
2734
3842
4212
4908
4731
1437
-4809
-9953
-10725
-7448
-3665
-2471
-4025
-6814
-9037
-10168
-10328
-9956
-9550
-9187
-8527
-6737
-3804
-963
29
-1076
-2549
-2361
-55
3099
5936
7905
9161
9724
9954
10409
10786
10267
8165
5791
5033
6380
8309
8679
7179
4531
1852
-418
-2175
-3336
-4214
-4854
-5202
-4943
-4203
-3622
-4015
-5619
-7432
-8010
-6531
-3874
-1465
-154
208
163
-69
-41
456
1408
2313
2927
3668
4505
4845
3949
2228
862
413
456
328
32
-333
-909
-1755
-2673
-3472
-4323
-5419
-6392
-6519
-5387
-3667
-2735
-2353
-310
4926
10764
12250
8559
3957
2439
2829
2159
1513
3777
8295
10802
9772
8075
7161
4403
-2436
-9844
-12038
-7976
-2299
-373
-3267
-8626
-13775
-17109
-18219
-17013
-13997
-10456
-7240
-4321
-1303
1300
1869
122
-1762
-1020
3175
8791
13385
16064
16849
15997
13762
11237
9557
8340
6635
4693
4261
5853
7281
5671
673
-5249
-9704
-11671
-11486
-9657
-6996
-5082
-4598
-5090
-5669
-6192
-7132
-7939
-6961
-3448
1388
5411
7004
6541
4881
2818
1131
160
700
2593
5003
7065
8060
7711
5455
1184
-3490
-6099
-5605
-3252
-1335
-748
-1094
-1837
-2862
-4202
-5692
-7623
-9293
-9772
-8269
-5220
-1415
5026
13487
18966
16031
6578
-196
-694
323
-1285
-1427
4775
13086
15758
11992
7341
3082
-4321
-14688
-20860
-16836
-6080
2336
2080
-5711
-15533
-22570
-25188
-23604
-18270
-10643
-2753
3511
8463
12393
13356
9735
3325
67
3956
13075
22103
26906
26915
23052
16471
9252
3950
1367
65
-1203
-1187
1570
5048
4856
-1399
-11287
-20045
-24193
-22846
-17163
-9578
-3287
-315
-448
-1909
-3523
-5444
-7270
-6926
-2114
6443
14692
18526
16711
11022
4235
-1353
-4096
-3354
266
5081
8703
9514
7399
3155
-2733
-9331
-14071
-13972
-9000
-3244
-441
-1254
-3692
-5914
-8003
-9694
-10204
-8842
-6247
-3967
-262
8344
20305
26747
20593
7210
-1088
-623
1349
424
1264
7452
13363
12058
6134
1741
-2120
-10314
-21129
-25001
-16708
-3078
4625
1166
-9968
-21400
-28042
-28012
-21693
-11919
-2148
5130
9922
13807
15885
13662
7323
1740
3009
11739
22452
29193
29515
24417
16154
7035
-134
-3346
-3393
-2525
-1716
-123
2468
3155
-1257
-9885
-18352
-22040
-19753
-13423
-5815
106
2798
2361
299
-1474
-2531
-3102
-2402
1072
7750
14865
17701
14155
6013
-2286
-6929
-7503
-5665
-3057
197
3847
5886
4169
-965
-6838
-11178
-12481
-9878
-3437
3739
6991
4866
-246
-3968
-5143
-5049
-4258
-2915
-992
392
3004
10008
17980
17960
6356
-7472
-11689
-6991
-3232
-2892
-255
5406
7636
2767
-2720
-3847
-5630
-12857
-21318
-20437
-7584
6980
11809
4039
-9869
-20396
-22666
-17162
-6194
5144
12103
13429
11643
11325
11374
7997
2189
-33
6261
17733
26212
26754
20157
9716
-622
-7452
-8476
-4113
741
2646
1633
-356
-2044
-5320
-10563
-15433
-17136
-14219
-7852
-432
5105
6489
3568
-1219
-4139
-3381
128
4040
7229
10123
12267
11618
6965
364
-4940
-6873
-5868
-3320
-640
391
30
-1073
-2340
-3734
-5400
-5970
-4683
-1493
2556
5874
6009
1969
-3281
-6465
-5894
-3156
-611
731
1078
3208
9475
17053
17336
7146
-5741
-11560
-9277
-6266
-4706
-1527
2873
3636
-901
-4843
-5288
-6689
-12812
-18672
-16166
-4887
6472
8391
126
-13047
-23241
-25045
-18233
-5830
6055
12962
13979
12125
10009
7279
3343
84
2191
10448
21034
27719
26879
19431
8202
-1751
-6638
-4926
511
5202
6840
5293
2504
-1734
-7478
-13302
-16356
-14470
-8577
-1118
4040
4975
1397
-4389
-7745
-6283
-1019
3996
6748
7857
8709
9071
6443
1045
-4371
-6601
-4482
183
3900
4028
1085
-2897
-5341
-5563
-4523
-2884
-1201
684
1875
2123
2042
783
-1053
-3017
-4508
-3448
-941
203
-1420
-3773
-1161
8822
18488
17754
6933
-3914
-6757
-5888
-7343
-8068
-3384
4283
5594
-7
-3970
-5300
-9783
-19215
-24733
-17103
-1164
8810
5849
-6033
-18814
-25227
-23717
-14492
-1595
7962
11695
10802
9925
10266
8904
5374
3626
8283
18590
28399
30590
24170
12430
841
-5215
-4769
451
5355
5831
1960
-2940
-5745
-7200
-8996
-11345
-11513
-7977
-2657
1242
1236
-2067
-6474
-8487
-6031
145
6731
9787
8868
5541
3265
3119
3117
2369
788
650
2380
3549
1930
-2402
-6488
-7670
-4926
-717
2847
4344
3285
1392
-893
-1494
-145
763
47
-1753
-1686
394
1218
-1210
-1867
5340
15105
16957
8078
-1952
-4762
-4463
-7146
-9078
-2780
6027
5522
-3677
-10854
-10938
-11390
-17813
-23184
-18337
-5231
4199
2700
-7994
-21771
-30833
-30090
-18283
-756
13299
17564
13320
7516
3601
1725
1587
5281
14401
25196
31970
31168
23841
12625
1203
-5254
-3616
3630
9820
10472
5201
-2460
-9461
-14459
-16122
-14083
-8749
-2782
1748
4011
3974
2034
-1959
-5072
-3954
1543
7510
10413
10306
7918
4421
-21
-3088
-2753
-581
1087
304
-1419
-3675
-6645
-8653
-7682
-3502
-942
-2068
-4546
-4612
-1671
345
1094
1899
3543
4525
3689
3154
2078
438
-805
2599
14109
23925
22119
8370
-5551
-9932
-9070
-7001
-4682
1239
6209
2699
-4232
-9678
-11244
-15418
-22515
-22478
-13679
164
5807
-177
-12663
-25846
-30082
-25160
-10576
5726
14817
15357
8628
3218
167
-256
1954
6986
17330
26559
29355
23388
11828
1685
-4170
-3261
2875
10562
14231
9862
1162
-7718
-12732
-13913
-12652
-8107
-2616
2409
4028
1634
-2139
-5426
-5083
-869
6006
11817
13186
10421
5464
1757
71
347
1535
1423
121
-1360
-1538
-2072
-5475
-9640
-10820
-6716
-1335
942
-450
-4066
-6768
-8239
-5715
317
5774
7299
2428
-1985
-3527
-2429
896
5585
16305
24185
21900
10001
-3365
-6837
-7210
-6819
-3910
3638
12356
8934
-2345
-13021
-17440
-17195
-18642
-15353
-7670
682
2931
-5336
-16843
-27467
-29663
-22191
-8778
6184
14304
15115
9678
2015
-2980
-4314
496
10616
22299
29986
28274
18799
6725
-2220
-4458
-1181
5359
10790
12086
8360
258
-8476
-14763
-15948
-12375
-6630
-987
2141
1735
-2011
-6736
-8736
-5747
1350
9364
14868
16052
12583
6150
845
-486
2623
6995
8675
7034
2678
-2588
-7433
-10368
-9392
-4856
913
3941
2753
-1601
-7082
-10734
-11690
-8447
-2762
1994
4251
1240
-2695
-6549
-8236
-5117
1391
14941
24547
22430
8901
-7352
-10383
-6625
-1711
1989
5582
10969
6087
-3741
-12184
-15553
-14242
-16429
-12404
-2904
6454
6566
-6873
-21900
-31889
-28791
-15186
675
12345
13208
6889
-1077
-5218
-3617
981
7414
14457
22436
28145
26259
16542
3680
-4727
-3882
3612
12890
18178
15254
5476
-6841
-14245
-14842
-11242
-6215
-2894
-1023
-1775
-5312
-8882
-10639
-9212
-5023
999
7244
10724
9547
4326
-798
-1577
2365
8543
12888
12225
6667
-1533
-8416
-10474
-7179
-1081
4318
7149
6171
1240
-5854
-11690
-12617
-7836
-391
5345
7537
4477
-2113
-8970
-12808
-9594
-1737
10918
22632
25272
16394
-1353
-12778
-13501
-7175
1330
8115
14936
12814
1269
-12141
-20941
-19292
-15796
-11148
-4839
1476
6015
820
-10964
-25436
-32568
-24920
-8167
8721
15808
12662
4102
-4240
-8170
-5767
2627
12631
20869
24978
23684
17337
8154
602
-1233
3047
9923
14778
14322
8402
-991
-9569
-12994
-10407
-4339
113
766
-1653
-6183
-10744
-13400
-11703
-5939
447
4853
5840
3964
317
-3164
-3566
59
5933
11010
13070
11199
5651
-2174
-8740
-10168
-5143
3375
10204
11485
6508
-1829
-9511
-12789
-10653
-4319
2536
5774
4985
-49
-6089
-10541
-12628
-9142
-1481
10628
21409
21760
11040
-5971
-14866
-11721
-2563
7332
13010
15403
9650
-1959
-11881
-16366
-13305
-9895
-5114
102
2848
2552
-4702
-14558
-25453
-29503
-20395
-4336
9968
12618
5980
-2266
-7418
-7343
-2992
5000
13791
20853
23661
20605
13391
5742
1959
3975
10091
16602
19019
14910
6218
-3349
-8483
-8139
-4637
-133
1398
-343
-4942
-11032
-15055
-15683
-11914
-6306
-1898
663
401
-2040
-5979
-8435
-6310
-681
5373
8874
9638
7938
3609
-1816
-5129
-3694
1738
7950
11873
11801
6904
-848
-7359
-8818
-4904
814
4958
4833
1152
-4805
-10175
-12538
-11974
-7409
14
10478
17935
15495
4196
-9300
-13302
-7716
1720
10131
14237
13822
6154
-3405
-9601
-10754
-8814
-7282
-3799
-290
1462
-1277
-8046
-16240
-24633
-25681
-16925
-2659
7365
6358
-1170
-7785
-8594
-4947
812
7701
14628
20063
21086
16984
10382
5902
6297
11297
18186
22971
22043
14825
5303
-1808
-3578
-1629
1130
3403
3306
334
-5274
-11999
-16644
-17643
-14463
-8553
-2927
-145
-2225
-8127
-13739
-14726
-9762
-1817
4399
6822
6166
3759
950
-1661
-2730
-1312
2498
8070
12728
13496
8849
691
-5801
-7220
-3985
1406
5147
4708
-61
-7251
-11730
-12301
-10145
-6216
-1536
5997
11894
11091
3206
-7478
-10732
-5856
2895
10475
13405
12514
5514
-3228
-7861
-6809
-2668
-1177
-638
79
-59
-2769
-8422
-14128
-19217
-20090
-14593
-5112
1930
861
-5243
-10800
-10930
-6611
-938
5207
10067
14274
15895
13725
9432
5971
7297
12356
18792
23214
22550
17208
9153
3190
2069
4497
7561
8740
7595
3734
-1950
-7879
-12152
-13118
-11350
-7876
-4526
-3152
-4888
-9440
-13948
-15165
-11749
-5841
-738
2024
2414
692
-2411
-4970
-5003
-1705
3387
8496
12234
12374
8030
1178
-3659
-3667
-107
4321
6798
5864
1294
-5248
-10015
-11118
-9579
-7101
-3831
-365
2229
2939
666
-3740
-8498
-9561
-4906
2495
7483
6761
3308
-496
-2853
-2316
-240
2226
2243
675
-636
-1175
-1063
-2713
-4810
-7505
-9140
-7281
-4377
-2376
-3794
-6067
-6228
-4993
-2778
-1284
663
2472
3028
3910
5468
7538
8985
9940
11048
12410
13474
13767
13386
12076
10765
10249
10710
10740
9200
6974
4454
2137
152
-1382
-2489
-3672
-4806
-5897
-6945
-8468
-9772
-9782
-9040
-8187
-7745
-6932
-6060
-6096
-6755
-7478
-6836
-4864
-1788
1981
4519
4878
3431
2246
2277
2852
3922
5283
6799
7178
5450
2546
-640
-2964
-3925
-3177
-1044
539
350
-2246
-5996
-8342
-7907
-4962
-2365
-2193
-4093
-6430
-7600
-7947
-7201
-5022
-2061
605
1558
1137
-186
-1525
-1850
-741
1831
4498
6543
6688
4120
-361
-4365
-4651
-1636
2188
4256
4050
2634
-130
-3632
-6461
-6330
-2285
3573
8216
9331
6719
2227
-1173
-1214
2200
6915
10583
12155
11546
9492
6571
3903
2710
2978
4713
7032
8678
8534
5384
476
-3977
-5737
-4141
-1161
1152
1109
-710
-2876
-4879
-6659
-8036
-8163
-7112
-5287
-3363
-2100
-3033
-6534
-9555
-9143
-5342
-1628
197
680
254
-820
-2009
-2011
-1028
147
1323
2893
4476
4876
3519
800
-1504
-2019
-483
1194
1123
-825
-3705
-5886
-6978
-6221
-4087
-1911
-947
-1902
-3505
-5020
-5570
-4710
-2654
60
2466
4176
4880
4042
2114
637
889
2946
5470
7695
8781
7781
4421
-111
-3344
-3683
-684
4130
8008
8101
3961
-1840
-5895
-6157
-3389
500
3346
4172
3380
1752
-156
-1976
-3015
-2439
-325
2300
4500
5050
3701
776
-1836
-1914
469
3928
5773
5186
3249
1726
1818
2358
2089
942
207
745
1742
1790
163
-2428
-4561
-4993
-3934
-2890
-3234
-5068
-6741
-7035
-5871
-4141
-3054
-2741
-2882
-2402
-1113
-104
-322
-1550
-1968
-793
1186
2169
1184
-1184
-3623
-4532
-3555
-1479
-154
-743
-2665
-4435
-4669
-3473
-1722
-364
152
286
473
1002
1420
1352
1349
1927
3517
5242
6230
6137
5308
4713
4227
3552
2461
1900
2634
4039
4631
3392
970
-1388
-2337
-1728
-174
845
486
-702
-1636
-1544
-1451
-1962
-2841
-2730
-1108
673
1355
563
-567
-1415
-1792
-1408
76
2278
3729
3599
2378
1574
1848
2830
3709
4064
4299
4632
4792
4109
2652
1439
1068
1211
1008
365
-506
-1604
-2699
-3424
-3494
-3850
-4864
-5634
-4966
-3061
-1981
-2487
-4067
-5235
-5424
-5096
-4492
-4388
-4561
-4914
-4917
-4271
-3703
-3416
-3972
-4465
-4036
-2960
-2102
-2667
-3228
-2344
43
2507
3319
2905
1801
1055
1523
3384
5991
7433
6936
5403
4489
5063
6088
6060
4708
3218
3162
4363
5409
4983
2889
28
-2012
-1901
110
2060
1756
-134
-1867
-1924
-1360
-1888
-3009
-3910
-2909
-1161
99
303
-707
-1551
-2335
-2054
-704
869
1867
1598
1436
2050
2964
3079
2025
940
894
1945
3285
3968
3521
2448
1485
1339
1985
2331
1718
311
-577
-39
973
1187
-172
-2216
-3406
-3181
-1888
-819
-812
-1717
-3096
-4320
-5086
-5561
-5937
-6727
-7357
-7082
-6089
-4974
-4933
-5617
-6558
-7274
-7085
-6198
-4464
-2879
-1720
-721
-18
825
1244
1504
1780
2312
3987
6069
7744
7872
6865
6036
5506
5451
5638
6396
7200
7241
6685
5882
4939
3556
2132
1489
1659
1647
1090
-138
-1370
-2303
-2802
-2587
-2654
-2741
-3019
-3228
-3524
-4267
-4241
-3619
-2723
-2301
-2310
-1979
-1519
-1010
-475
-54
278
632
1158
1924
2221
2136
1847
1267
1015
1373
2639
3842
3820
3184
2435
2141
2452
3185
4255
4080
2571
1040
611
1447
1748
1223
150
-942
-1425
-1745
-2047
-3012
-4642
-6068
-6714
-6298
-5417
-5017
-5584
-6824
-7874
-8102
-7753
-7216
-6408
-5403
-4203
-3121
-2342
-1499
-847
15
1074
2059
3019
3276
3556
3938
4572
5621
6098
6134
5580
5541
6431
7001
6713
5532
4622
4308
4309
4764
5265
4931
3494
1657
653
511
512
769
770
359
-837
-2161
-2744
-3050
-3210
-3642
-4022
-4380
-4663
-4592
-4412
-4536
-5224
-5885
-5956
-5293
-4419
-3606
-2953
-2236
-1468
-954
-756
-803
-423
253
1056
1774
2395
3095
3522
3920
4208
4169
3758
3425
4150
5607
6649
6529
5413
4119
2839
1863
1498
1477
1241
247
-966
-1863
-2469
-3077
-3921
-4661
-5209
-5560
-5811
-6071
-6163
-6045
-5672
-5095
-4443
-3609
-2646
-1861
-1354
-946
-255
698
1423
1959
2681
3608
4275
4127
3726
3788
4152
4258
3673
3022
2744
2622
2512
2506
2804
2956
2416
1573
1340
1764
2014
1492
794
714
1024
1109
923
800
770
567
326
358
155
-597
-1764
-2392
-2261
-2038
-2111
-2681
-3300
-4213
-5021
-5544
-5713
-5547
-5433
-4987
-4768
-4781
-4923
-4778
-3912
-2801
-1426
-163
671
867
488
296
774
1948
3417
4420
4718
4415
3810
3236
2742
2613
2679
2697
2656
2604
2556
1939
833
-125
-493
-274
-58
-19
-358
-1191
-2087
-2578
-2299
-1571
-771
-11
443
417
-19
-462
-499
29
1096
2336
3059
3033
2618
2298
2111
1843
1745
1870
2068
2089
1930
1831
1459
782
49
-362
-205
30
174
56
-242
-512
-1018
-1434
-1516
-1090
-468
-413
-633
-824
-713
-373
-175
194
416
199
-316
-862
-848
-632
-457
-212
-167
-461
-1351
-2165
-2210
-1766
-1430
-1811
-2437
-2778
-2567
-2113
-2191
-2960
-4150
-4593
-3869
-2457
-1297
-1319
-2083
-3073
-3364
-2744
-1755
-639
24
436
492
134
-205
-488
-308
134
581
1166
1608
1929
1881
1405
965
684
966
1871
3202
4607
5258
5078
4434
3948
4018
4446
5139
5890
6454
6620
6248
5426
4286
3199
2708
3018
3608
3653
2802
1392
46
-859
-1208
-1233
-1314
-1694
-2343
-2976
-3477
-3870
-4181
-4318
-4157
-3820
-3588
-3681
-3988
-4251
-4244
-3948
-3433
-2713
-1984
-1542
-1711
-2464
-3322
-3635
-2969
-1613
-445
-203
-776
-1442
-1548
-1230
-806
-337
342
1333
2126
2379
1931
1148
576
657
1479
2493
3146
3186
2945
2540
2078
1560
1208
1106
831
369
-185
-437
-676
-1498
-2939
-4516
-5349
-5226
-4578
-4225
-4756
-5967
-7004
-6981
-5700
-3904
-2603
-2186
-2278
-2067
-1217
65
1318
2290
3098
3937
4990
6155
7090
7532
7637
7917
8685
9717
10548
10773
10339
9425
8367
7653
7477
7682
7690
7021
5640
3861
2174
742
-314
-913
-1072
-1102
-1608
-2776
-4396
-5939
-7047
-7594
-7510
-7082
-6691
-6719
-7194
-7861
-8501
-8848
-8646
-7885
-6925
-6271
-6159
-6220
-6136
-5778
-5164
-4425
-3534
-2845
-2495
-2279
-1901
-1174
-417
225
871
1741
2727
3458
3675
3506
3390
3566
4267
5076
5556
5359
4454
3647
3223
3332
3629
3688
3737
3589
3180
2435
1356
556
253
378
835
1089
1188
976
203
-691
-1720
-2122
-1742
-1029
-289
-342
-923
-1624
-2053
-2115
-2087
-2138
-1901
-1251
-550
-37
-402
-983
-1394
-1193
-109
868
1606
1761
1853
2300
2585
2459
1989
1915
2645
3688
4257
4201
3732
3380
3332
3390
3547
3563
3552
3549
3369
2977
2332
1686
1319
1062
572
-475
-1974
-3297
-3976
-4011
-4053
-4689
-5889
-7076
-7764
-7950
-7880
-7868
-7909
-8036
-8033
-7665
-6983
-6195
-5852
-5862
-5694
-4805
-3124
-1460
-519
-377
-544
-352
446
1729
3294
4631
5314
5249
4762
4496
4534
4730
4972
5340
5977
6528
6586
5982
4900
3821
3097
2977
3443
4019
4201
3697
2766
1974
1512
1269
943
505
177
43
108
200
203
49
-242
-574
-789
-848
-807
-697
-591
-443
-406
-491
-779
-1234
-1728
-2174
-2285
-2118
-1893
-1965
-2289
-2497
-2407
-2264
-2414
-2655
-2600
-1966
-1157
-602
-524
-936
-1499
-1875
-1567
-668
239
607
433
208
166
166
5
-179
-174
63
337
433
289
-49
-464
-800
-966
-980
-890
-723
-448
-190
-104
-248
-518
-707
-731
-575
-294
71
350
391
178
-160
-396
-510
-564
-534
-275
224
621
589
194
-142
-64
344
818
1253
1620
1875
1875
1674
1551
1681
2113
2633
3018
3113
2887
2569
2348
2301
2278
2203
2209
2300
2263
1814
1066
433
171
155
94
-69
-289
-610
-1107
-1633
-1864
-1770
-1612
-1670
-1889
-2060
-2158
-2199
-2123
-1801
-1408
-1182
-1123
-988
-718
-671
-886
-949
-280
852
1574
1366
513
-116
-196
237
807
1264
1404
1031
370
-308
-680
-855
-973
-1114
-1263
-1412
-1711
-2082
-2581
-3127
-3783
-4374
-4487
-3998
-3118
-2629
-2878
-3652
-4225
-4020
-3194
-2201
-1562
-1234
-906
-363
294
761
1028
1291
1860
2720
3529
3953
3982
4039
4449
5138
5680
5810
5653
5553
5664
5868
5991
5842
5440
4874
4370
4052
3763
3256
2426
1500
734
210
-315
-1057
-1996
-2866
-3412
-3684
-3890
-4245
-4643
-4916
-4949
-4797
-4655
-4556
-4518
-4327
-3827
-3046
-2205
-1686
-1445
-1232
-766
-77
531
1035
1510
2068
2573
2783
2675
2329
2056
2069
2434
2883
2930
2434
1590
897
521
334
134
-244
-666
-1070
-1266
-1361
-1648
-2256
-3087
-3597
-3571
-3132
-2723
-2713
-3050
-3486
-3594
-3304
-2786
-2387
-2256
-2148
-1861
-1297
-744
-356
-74
273
843
1511
2139
2533
2757
2902
3102
3507
4087
4728
5052
4883
4307
3768
3548
3472
3269
2789
2319
1934
1481
701
-390
-1341
-1863
-1934
-1942
-2237
-2912
-3738
-4277
-4284
-3844
-3398
-3226
-3234
-3099
-2703
-2332
-2161
-2019
-1538
-643
338
1116
1620
1944
2152
2309
2585
3047
3612
4102
4464
4706
4711
4423
3945
3599
3537
3568
3461
3115
2645
2097
1463
842
367
61
-276
-767
-1298
-1688
-1940
-2222
-2608
-2941
-3107
-3181
-3328
-3583
-3780
-3837
-3760
-3676
-3643
-3635
-3633
-3579
-3471
-3330
-3221
-3158
-3073
-2852
-2394
-1748
-1159
-863
-882
-944
-770
-302
342
1004
1627
2058
2195
2088
2021
2200
2537
2823
2936
3009
3079
3084
2889
2539
2214
2079
2157
2221
2085
1682
1251
955
816
712
629
630
641
521
178
-213
-474
-450
-271
-84
-75
-228
-413
-567
-617
-746
-845
-908
-767
-461
-211
-222
-683
-1283
-1687
-1504
-963
-491
-481
-1017
-1690
-2198
-2164
-1704
-1130
-902
-1170
-1569
-1665
-1228
-630
-247
-188
-129
258
933
1578
1850
1758
1563
1646
2148
2875
3390
3389
2986
2535
2337
2385
2501
2540
2439
2199
1852
1494
1189
893
539
172
-83
-195
-296
-547
-969
-1481
-1994
-2368
-2497
-2357
-2137
-2157
-2559
-3195
-3708
-3868
-3671
-3253
-2809
-2543
-2623
-2955
-3225
-3154
-2758
-2313
-1919
-1515
-1017
-563
-386
-441
-517
-344
138
847
1611
2151
2307
2100
1851
1844
2096
2490
2871
3247
3510
3495
3159
2644
2272
2187
2370
2652
2805
2631
2044
1300
707
445
403
368
276
88
-167
-529
-939
-1242
-1351
-1261
-1162
-1129
-1172
-1260
-1373
-1549
-1647
-1534
-1232
-976
-971
-1154
-1337
-1374
-1253
-1006
-667
-330
-129
-54
4
116
216
258
408
848
1521
2113
2315
2055
1553
1111
972
1211
1642
1949
1837
1278
481
-263
-792
-1097
-1253
-1353
-1418
-1473
-1590
-1902
-2441
-3000
-3295
-3189
-2778
-2259
-1804
-1594
-1673
-1902
-2016
-1831
-1398
-820
-226
260
499
523
582
877
1344
1722
1928
2152
2517
2912
3079
2953
2694
2510
2563
2826
3053
2898
2238
1396
873
847
1008
950
526
-96
-708
-1212
-1520
-1595
-1488
-1376
-1375
-1473
-1637
-1863
-2093
-2166
-1976
-1604
-1288
-1156
-1148
-1188
-1252
-1310
-1220
-873
-365
82
359
534
704
887
1077
1337
1698
2083
2417
2681
2850
2868
2685
2428
2268
2224
2162
1967
1650
1223
674
55
-489
-891
-1231
-1597
-1957
-2244
-2512
-2875
-3290
-3586
-3669
-3609
-3522
-3394
-3210
-3061
-3036
-3052
-2912
-2543
-2060
-1556
-1030
-535
-255
-256
-254
103
828
1564
2024
2195
2208
2170
2189
2400
2791
3160
3312
3251
3098
2911
2683
2464
2365
2343
2258
2048
1777
1522
1186
695
127
-322
-530
-557
-560
-690
-1070
-1658
-2185
-2356
-2132
-1788
-1624
-1704
-1877
-2009
-2041
-1902
-1556
-1099
-727
-549
-496
-421
-265
-30
292
707
1112
1382
1543
1734
2006
2213
2249
2197
2259
2506
2792
2933
2845
2564
2180
1835
1649
1596
1499
1197
701
175
-303
-751
-1208
-1664
-2073
-2485
-2887
-3236
-3452
-3571
-3735
-3964
-4199
-4279
-4155
-3861
-3464
-3146
-2972
-2931
-2821
-2419
-1812
-1206
-829
-641
-443
-152
230
583
882
1124
1318
1521
1712
1869
1904
1839
1815
1899
2078
2191
2140
1959
1699
1464
1308
1304
1422
1504
1458
1247
990
778
640
647
761
918
972
876
758
659
613
561
540
611
696
784
785
686
531
367
360
501
711
842
828
753
667
667
713
778
814
771
721
665
590
458
259
56
-147
-354
-566
-752
-897
-1064
-1293
-1590
-1888
-2136
-2323
-2445
-2554
-2684
-2833
-2922
-2864
-2713
-2622
-2713
-2867
-2835
-2508
-2020
-1654
-1539
-1570
-1528
-1260
-816
-391
-138
-43
53
272
574
824
956
1022
1111
1249
1372
1422
1393
1354
1393
1512
1631
1641
1519
1375
1340
1452
1642
1793
1833
1778
1716
1694
1716
1723
1687
1641
1636
1664
1652
1517
1249
935
691
597
615
625
502
210
-151
-436
-544
-523
-502
-571
-723
-854
-877
-827
-796
-865
-990
-1041
-923
-680
-479
-447
-581
-733
-736
-555
-302
-150
-187
-334
-428
-373
-229
-165
-279
-524
-717
-731
-608
-519
-636
-935
-1249
-1391
-1337
-1224
-1187
-1251
-1318
-1306
-1229
-1171
-1169
-1165
-1047
-788
-473
-277
-277
-378
-425
-293
-39
167
208
115
41
78
198
274
232
131
88
192
381
513
521
454
460
624
897
1137
1232
1202
1182
1286
1514
1778
1958
2019
1988
1946
1932
1942
1973
1991
2019
2024
1959
1823
1569
1283
1041
900
866
823
702
452
107
-231
-489
-628
-681
-737
-835
-981
-1122
-1221
-1304
-1377
-1463
-1516
-1486
-1381
-1228
-1133
-1143
-1215
-1272
-1214
-1074
-936
-879
-921
-970
-977
-933
-894
-912
-959
-986
-956
-872
-805
-786
-798
-779
-659
-475
-288
-159
-74
34
177
333
436
466
477
525
628
707
641
423
134
-83
-158
-165
-220
-406
-668
-912
-1041
-1052
-1042
-1041
-1046
-982
-802
-568
-348
-214
-105
91
411
823
1187
1404
1487
1549
1706
1960
2228
2387
2394
2308
2213
2160
2128
2077
2008
1925
1838
1738
1574
1330
1043
779
633
597
594
533
351
91
-187
-430
-599
-689
-712
-711
-742
-839
-1017
-1228
-1427
-1568
-1631
-1640
-1619
-1605
-1608
-1639
-1729
-1884
-2075
-2200
-2161
-1947
-1638
-1389
-1300
-1358
-1436
-1365
-1076
-664
-301
-83
50
233
545
913
1191
1293
1269
1258
1377
1640
1915
2031
1915
1645
1393
1260
1224
1172
995
680
320
39
-129
-241
-402
-661
-959
-1188
-1282
-1264
-1220
-1208
-1221
-1226
-1174
-1072
-943
-809
-670
-491
-274
-24
202
354
435
451
470
545
720
990
1269
1444
1434
1266
1065
982
1086
1308
1503
1517
1349
1097
871
744
685
642
573
464
326
166
-26
-250
-450
-591
-647
-657
-698
-813
-998
-1188
-1318
-1371
-1366
-1350
-1352
-1365
-1378
-1379
-1360
-1323
-1260
-1174
-1078
-974
-869
-742
-577
-399
-234
-122
-63
-12
69
210
393
566
680
734
740
718
702
692
703
737
786
864
938
968
931
821
684
586
579
668
806
916
934
857
712
564
468
434
462
515
580
627
626
563
434
279
137
60
59
127
222
262
199
-2
-293
-577
-763
-785
-685
-561
-538
-653
-869
-1108
-1253
-1286
-1220
-1097
-974
-865
-799
-785
-826
-896
-925
-855
-653
-375
-126
-8
-35
-122
-181
-133
-8
130
221
222
166
80
-18
-99
-156
-154
-114
-77
-72
-111
-153
-152
-80
48
178
284
342
355
352
378
460
587
734
829
828
733
587
486
475
555
664
726
709
615
492
370
257
187
173
227
334
431
450
336
134
-75
-187
-138
30
225
339
303
154
-24
-137
-153
-95
0
93
161
181
134
32
-91
-194
-211
-131
6
117
120
8
-159
-305
-376
-361
-303
-264
-300
-410
-559
-707
-791
-786
-711
-615
-572
-614
-730
-865
-953
-966
-897
-775
-645
-540
-486
-501
-573
-662
-708
-647
-461
-213
0
103
95
41
21
86
241
432
606
731
801
823
823
828
879
982
1099
1180
1181
1093
971
885
880
944
998
987
868
659
414
186
34
-26
1
56
58
-38
-238
-489
-685
-752
-655
-440
-230
-105
-126
-259
-412
-507
-466
-290
-35
212
359
359
237
70
-50
-49
80
284
467
540
474
294
68
-105
-175
-128
-16
79
93
-17
-224
-450
-622
-684
-639
-545
-484
-517
-649
-826
-978
-1032
-987
-890
-789
-754
-794
-890
-985
-997
-894
-693
-465
-303
-236
-247
-284
-269
-159
49
303
534
684
734
709
654
632
683
816
1005
1160
1231
1195
1073
936
825
781
782
796
790
726
599
431
270
148
88
84
101
104
64
-18
-113
-169
-151
-65
58
149
162
103
0
-76
-80
-9
117
242
315
301
207
93
13
4
78
190
285
320
254
116
-47
-190
-262
-266
-225
-187
-203
-293
-459
-658
-832
-923
-939
-895
-856
-865
-928
-1048
-1165
-1266
-1318
-1303
-1233
-1140
-1072
-1056
-1101
-1146
-1144
-1050
-869
-662
-480
-369
-310
-259
-171
-29
153
343
503
619
684
722
755
814
924
1062
1198
1269
1250
1164
1088
1090
1186
1353
1490
1544
1478
1317
1163
1048
1008
1042
1098
1143
1124
1013
825
596
407
310
321
404
487
497
418
279
137
41
7
38
106
175
217
195
105
-21
-155
-254
-291
-286
-284
-333
-455
-627
-809
-963
-1080
-1166
-1248
-1326
-1407
-1500
-1602
-1710
-1800
-1840
-1817
-1741
-1648
-1606
-1620
-1644
-1624
-1515
-1341
-1153
-1000
-883
-788
-687
-571
-453
-322
-171
20
226
401
507
518
531
604
784
1029
1220
1320
1310
1256
1220
1232
1282
1360
1456
1536
1587
1556
1421
1225
1065
1037
1124
1254
1288
1165
930
653
471
390
393
418
397
331
184
3
-204
-376
-445
-412
-280
-169
-149
-236
-384
-478
-485
-374
-191
-2
159
238
263
210
122
62
78
206
351
448
404
222
-24
-258
-379
-419
-398
-392
-445
-562
-754
-947
-1130
-1222
-1209
-1122
-994
-947
-966
-1074
-1189
-1228
-1178
-1019
-852
-712
-658
-674
-716
-755
-739
-677
-562
-448
-351
-288
-267
-253
-244
-187
-84
70
228
360
472
537
608
665
739
818
881
940
963
973
939
888
830
776
766
760
781
771
734
673
597
565
554
591
622
632
619
559
515
476
480
515
565
613
607
567
493
434
424
450
499
520
505
435
330
219
128
85
63
56
11
-86
-228
-395
-527
-622
-664
-689
-727
-795
-898
-1001
-1105
-1163
-1182
-1182
-1156
-1126
-1096
-1080
-1074
-1056
-1029
-987
-933
-885
-853
-832
-820
-798
-768
-726
-670
-619
-580
-554
-537
-501
-431
-314
-154
7
149
245
307
356
412
509
648
810
975
1106
1182
1199
1180
1154
1163
1216
1299
1383
1422
1400
1312
1181
1051
949
888
848
811
758
666
536
376
209
66
-48
-123
-177
-233
-306
-407
-515
-616
-673
-688
-663
-617
-590
-577
-573
-558
-520
-453
-354
-247
-141
-59
-14
12
32
63
117
179
227
236
198
133
69
14
-17
-43
-87
-149
-241
-337
-423
-493
-535
-570
-595
-614
-624
-636
-638
-625
-604
-558
-509
-460
-400
-330
-240
-156
-82
-18
26
66
112
179
258
338
410
450
457
427
386
358
368
407
443
464
438
373
292
223
182
171
185
183
164
115
40
-42
-123
-158
-162
-148
-125
-127
-148
-192
-227
-239
-211
-155
-109
-81
-85
-98
-109
-107
-92
-73
-52
-42
-20
-7
8
30
41
65
76
96
126
159
201
228
258
256
246
229
199
204
213
238
246
209
151
74
15
-28
-36
-26
-17
-18
-56
-88
-122
-139
-130
-106
-59
-13
28
43
46
47
52
70
94
122
135
141
130
108
87
58
31
3
-19
-40
-64
-77
-91
-96
-104
-114
-127
-140
-130
-126
-115
-92
-83
-61
-49
-49
-43
-41
-36
-36
-29
-19
-7
0
-10
-30
-61
-92
-118
-122
-114
-117
-129
-161
-192
-205
-207
-181
-140
-100
-66
-52
-40
-29
-12
11
37
68
91
104
105
96
86
80
75
79
96
107
108
99
77
56
44
53
76
96
105
86
45
-2
-42
-64
-69
-67
-72
-96
-138
-183
-219
-224
-202
-162
-121
-82
-61
-43
-16
12
62
119
186
251
300
341
359
357
347
347
365
394
416
415
387
340
284
233
207
197
195
190
169
132
84
32
-7
-21
-17
-6
2
-15
-52
-102
-150
-174
-178
-172
-183
-204
-242
-285
-328
-374
-389
-395
-397
-399
-402
-409
-421
-426
-422
-396
-358
-323
-290
-266
-244
-226
-208
-181
-153
-123
-101
-88
-80
-69
-54
-42
-19
2
19
24
28
32
39
56
70
95
114
126
134
130
128
135
153
180
209
228
229
207
185
170
171
188
193
197
177
143
111
89
86
96
107
113
102
78
58
44
43
48
54
59
55
38
13
-8
-25
-20
-6
6
6
-11
-33
-46
-38
-22
-6
-9
-24
-36
-52
-52
-46
-34
-30
-34
-34
-40
-39
-46
-48
-47
-36
-16
-2
5
-8
-18
-21
-11
-2
2
2
-3
1
-4
-4
-3
-4
0
4
17
22
22
16
8
5
0
6
9
12
13
2
-12
-25
-33
-33
-37
-52
-70
-82
-87
-81
-77
-78
-77
-92
-98
-96
-82
-60
-51
-51
-57
-55
-41
-10
14
13
6
5
21
52
74
73
54
28
30
57
84
92
71
40
32
43
60
70
64
45
40
53
72
84
78
63
55
59
75
89
84
69
53
45
50
63
67
54
35
17
7
4
1
-9
-27
-46
-54
-60
-69
-85
-101
-108
-113
-107
-105
-105
-110
-123
-123
-120
-117
-109
-106
-100
-96
-91
-80
-73
-75
-74
-69
-58
-39
-27
-19
-15
-9
-4
6
19
32
38
42
56
69
82
97
105
113
124
133
148
156
159
163
160
167
171
170
165
158
152
148
144
139
132
124
108
92
82
76
64
45
23
1
-10
-12
-23
-37
-53
-71
-83
-92
-88
-89
-99
-110
-115
-111
-106
-109
-111
-118
-121
-118
-113
-101
-107
-113
-118
-123
-113
-109
-105
-112
-127
-130
-128
-118
-119
-123
-132
-145
-145
-140
-133
-130
-130
-125
-116
-103
-82
-61
-46
-28
-17
0
23
40
53
61
73
86
99
108
114
121
129
138
150
157
159
162
165
170
172
169
164
167
175
175
183
188
190
200
198
196
193
182
182
176
170
159
140
124
107
85
62
39
26
15
-2
-16
-27
-35
-46
-56
-63
-67
-64
-68
-74
-77
-82
-84
-84
-83
-84
-88
-91
-94
-102
-108
-107
-109
-106
-111
-118
-125
-139
-153
-174
-186
-192
-199
-204
-212
-223
-234
-242
-251
-257
-257
-255
-247
-244
-251
-257
-264
-257
-248
-241
-238
-247
-250
-248
-234
-215
-199
-179
-157
-126
-95
-69
-48
-20
17
53
93
134
171
201
231
260
300
340
382
427
465
503
541
567
580
597
612
630
637
637
630
613
598
577
552
523
489
462
433
400
361
322
276
232
187
137
89
46
-2
-50
-96
-145
-190
-234
-265
-293
-323
-343
-373
-399
-421
-439
-440
-450
-459
-471
-482
-491
-511
-534
-557
-571
-581
-585
-583
-581
-566
-553
-532
-501
-471
-427
-370
-320
-271
-225
-183
-139
-98
-63
-29
7
26
26
18
2
-6
-4
-1
-2
-5
-9
-10
-12
-12
1
34
72
105
131
161
199
241
286
334
385
431
476
511
542
567
583
609
630
639
642
627
608
588
564
546
533
514
485
447
401
361
335
312
296
268
237
200
153
104
60
21
-13
-42
-69
-98
-127
-169
-208
-245
-277
-291
-296
-292
-292
-302
-317
-339
-365
-389
-399
-400
-394
-396
-418
-449
-492
-526
-551
-569
-562
-550
-537
-535
-551
-560
-562
-548
-522
-478
-421
-365
-316
-281
-251
-224
-190
-132
-71
-6
42
74
97
108
129
148
173
195
207
214
213
215
210
207
199
202
216
226
247
264
286
309
331
355
372
402
430
454
480
496
506
513
511
501
475
436
410
390
373
353
325
284
232
178
121
68
24
-16
-51
-79
-102
-122
-147
-179
-217
-253
-274
-277
-250
-205
-169
-142
-149
-176
-195
-206
-182
-136
-77
-30
-15
-29
-74
-114
-149
-162
-142
-118
-93
-91
-113
-153
-207
-248
-278
-276
-254
-238
-231
-256
-288
-324
-347
-327
-290
-242
-207
-183
-166
-147
-110
-62
-6
40
82
123
150
177
201
207
208
206
207
213
210
205
198
193
185
182
185
185
189
183
177
174
175
188
196
190
177
155
142
126
119
122
109
102
93
77
68
56
44
30
13
0
-14
-31
-48
-64
-81
-96
-105
-115
-124
-135
-146
-156
-153
-151
-147
-145
-146
-142
-141
-138
-136
-131
-127
-124
-117
-112
-100
-88
-78
-64
-54
-34
-4
27
56
82
99
114
129
132
132
126
116
111
99
83
56
29
2
-17
-31
-39
-34
-25
-10
1
5
18
38
50
73
98
118
141
144
145
148
141
134
129
122
110
91
57
13
-27
-63
-86
-99
-118
-130
-144
-161
-163
-169
-156
-139
-120
-87
-70
-48
-43
-41
-28
-27
-7
2
3
3
-14
-27
-46
-51
-47
-38
-16
-7
8
18
22
28
34
46
56
64
67
70
68
57
48
34
24
17
12
6
-5
-14
-24
-29
-27
-20
-8
6
12
14
20
26
30
39
48
50
48
40
34
26
13
6
2
-6
-12
-21
-34
-45
-53
-60
-64
-60
-61
-55
-55
-48
-35
-31
-22
-21
-9
4
20
37
48
57
61
70
72
70
64
53
46
38
31
23
7
-10
-25
-37
-41
-44
-50
-51
-52
-47
-29
-17
-7
8
19
21
27
34
48
59
59
60
55
45
41
23
11
6
-6
-5
-13
-20
-22
-30
-30
-33
-32
-21
-21
-18
-11
-8
3
8
10
15
9
2
-8
-15
-15
-14
-15
-11
-6
-3
-3
-11
-18
-24
-21
-17
-15
-7
-6
-5
1
-1
1
1
3
7
9
8
11
12
6
8
11
18
25
24
19
12
10
9
3
1
-1
0
0
-7
-10
-10
-12
-10
-7
-5
-1
0
1
0
-5
-5
-3
4
5
-2
-7
-16
-21
-19
-17
-9
-5
-3
-8
-10
-9
-7
-2
-6
-11
-18
-15
-11
-3
9
8
11
16
20
23
19
19
18
20
31
30
28
26
21
26
26
27
27
19
17
10
3
2
1
4
6
1
1
6
7
2
-3
-8
-11
-8
-5
-7
-8
-11
-9
4
7
11
11
9
14
9
12
8
4
-3
-8
-14
-21
-22
-21
-18
-20
-18
-18
-21
-12
-6
-7
-4
-2
5
11
11
8
4
-4
-17
-19
-22
-29
-33
-47
-53
-53
-55
-50
-56
-61
-54
-49
-43
-40
-35
-23
-22
-19
-16
-16
-8
-4
0
3
12
16
13
12
7
4
5
17
26
35
47
54
59
61
69
80
90
103
104
102
104
96
86
79
71
59
53
45
35
34
29
27
21
12
16
14
13
25
24
30
33
30
31
26
25
27
23
19
16
11
9
8
6
-4
-7
-10
-16
-17
-23
-25
-30
-38
-37
-41
-40
-45
-50
-52
-60
-64
-71
-77
-83
-92
-104
-114
-124
-141
-155
-171
-185
-196
-201
-201
-207
-201
-191
-186
-177
-167
-149
-124
-101
-74
-47
-23
6
34
60
82
100
114
122
131
139
146
165
171
177
181
186
189
181
172
159
149
140
130
121
108
101
90
86
83
77
77
69
66
63
60
60
57
57
55
49
45
43
34
28
25
23
21
17
14
12
15
17
20
18
18
22
15
16
15
10
13
12
5
2
-6
-12
-26
-38
-49
-67
-86
-104
-122
-127
-132
-141
-149
-156
-155
-151
-139
-126
-117
-97
-88
-74
-55
-42
-25
-21
-17
-17
-20
-23
-30
-42
-56
-71
-87
-98
-100
-106
-114
-116
-110
-97
-90
-73
-51
-33
-8
13
39
65
89
111
120
130
143
151
165
166
162
161
149
139
130
122
126
127
127
130
118
109
102
98
116
131
142
151
145
144
150
152
163
166
164
153
130
108
86
67
52
39
21
-9
-51
-97
-122
-131
-137
-134
-141
-158
-175
-195
-198
-184
-163
-152
-149
-166
-187
-205
-224
-217
-214
-202
-194
-205
-213
-234
-243
-238
-215
-179
-156
-142
-137
-143
-138
-123
-86
-32
9
41
46
37
37
38
61
91
113
127
123
112
98
91
94
101
110
115
117
119
117
112
117
131
152
177
198
217
224
230
240
246
255
268
275
276
270
252
233
209
192
180
158
144
121
99
78
54
40
22
14
0
-25
-40
-65
-79
-94
-119
-140
-169
-196
-224
-248
-263
-276
-291
-303
-317
-324
-327
-326
-320
-315
-307
-294
-279
-258
-238
-220
-198
-179
-162
-133
-113
-91
-74
-61
-40
-11
8
20
35
46
66
80
93
106
109
116
117
113
116
120
122
121
122
124
129
133
131
137
141
150
155
155
160
163
170
172
169
173
171
169
168
163
157
146
138
127
119
102
84
64
44
28
19
9
-7
-29
-54
-82
-111
-133
-149
-157
-151
-148
-158
-175
-203
-220
-222
-211
-190
-167
-148
-145
-150
-151
-148
-124
-95
-64
-38
-29
-22
-23
-14
6
28
56
76
85
85
79
79
89
104
112
112
109
104
93
95
96
97
105
108
107
104
98
89
87
89
86
79
71
58
46
33
14
-3
-15
-29
-41
-58
-69
-83
-99
-109
-120
-128
-139
-144
-152
-160
-160
-159
-148
-142
-138
-128
-115
-104
-94
-69
-46
-18
1
19
41
54
64
71
85
98
109
112
105
100
95
92
91
90
97
101
101
98
84
70
61
56
61
62
60
53
32
18
6
-5
-5
-9
-15
-19
-26
-35
-44
-52
-54
-52
-50
-57
-57
-57
-62
-56
-52
-44
-41
-51
-53
-48
-42
-39
-32
-24
-17
-9
0
12
13
15
22
28
36
40
38
41
40
39
38
39
39
37
