-115
-87
-92
-113
-109
-81
-43
-51
-48
-42
-59
-41
-20
26
62
14
7
25
41
20
-61
-43
1
13
30
35
56
49
-11
-47
-66
-80
-75
-88
-73
-53
-48
-6
20
10
-22
-37
15
59
62
15
-21
-13
4
26
14
4
6
-9
-20
-54
-76
-61
-52
-35
-26
-10
22
28
57
75
53
36
6
10
13
-49
-80
-62
9
76
70
82
116
144
152
115
105
98
79
63
38
24
2
-2
15
13
22
22
30
47
14
-50
-111
-112
-69
-64
-77
-70
-43
-16
-38
-66
-62
-51
-20
-18
-33
-41
-57
-51
-48
-51
-35
-25
-25
-44
-79
-89
-85
-69
-50
-46
-43
-76
-92
-72
-49
-26
-11
23
71
68
30
-8
-20
7
32
73
113
114
98
79
100
131
118
85
50
14
-26
-57
-51
-7
28
65
132
171
168
96
28
9
1
18
29
60
94
87
84
63
58
51
28
40
34
18
-5
-26
-9
-26
-47
-53
-66
-66
-140
-214
-218
-181
-97
-71
-99
-138
-167
-152
-158
-147
-130
-71
26
83
121
93
41
5
-8
-1
-12
-20
-15
30
44
32
24
20
38
4
-13
-12
8
22
-1
12
10
40
68
64
64
35
40
45
48
44
31
24
1
0
-19
-9
3
13
43
45
64
56
51
31
-21
-49
-49
0
39
57
70
94
135
135
104
54
0
-44
-70
-64
-31
14
40
42
40
33
32
10
-11
-22
-58
-73
-105
-131
-122
-130
-114
-105
-89
-64
-64
-59
-96
-123
-125
-112
-81
-81
-83
-91
-77
-48
-24
8
15
16
-22
-58
-62
-43
6
11
36
63
104
150
137
135
88
54
44
26
66
66
82
113
133
200
207
184
123
48
25
-16
-20
-20
5
71
77
83
51
33
50
41
46
31
35
9
-50
-101
-140
-119
-111
-106
-101
-121
-119
-119
-97
-54
-26
-13
-40
-75
-123
-182
-209
-190
-95
4
49
43
12
-8
-36
-40
-4
67
123
121
109
93
93
79
75
97
125
156
145
126
98
68
43
24
24
2
-16
-35
-29
-4
-11
-6
-15
-10
-2
-32
-65
-108
-110
-97
-88
-49
-6
61
97
73
30
-18
-25
-38
-63
-71
-68
-49
-44
-30
-20
-5
16
15
29
28
20
-8
-45
-71
-96
-101
-105
-88
-58
-42
-32
-21
-1
14
23
26
36
42
25
8
-2
14
20
30
53
71
87
59
26
24
24
51
73
81
94
78
65
44
20
7
-14
-10
-10
-17
-14
-6
8
27
12
-18
-42
-59
-50
-52
-48
-40
-35
-21
-24
-23
-25
-31
-13
-9
7
15
21
49
56
66
66
39
25
15
5
2
-1
6
13
5
-1
-24
-16
-7
-20
-25
-52
-53
-56
-62
-52
-50
-11
11
18
22
0
-2
-15
-22
-27
-45
-35
-31
-21
-7
-2
18
42
31
19
7
-14
0
-12
-3
-6
-41
-47
-91
-78
-51
-24
41
46
67
65
45
50
4
2
9
6
20
-29
-31
-31
-25
21
28
59
49
23
27
23
56
76
95
96
58
7
-37
-64
-60
-19
19
77
114
118
102
59
42
10
-16
-12
-14
17
30
37
45
38
41
33
29
46
34
18
-15
-66
-80
-102
-88
-68
-42
-5
-14
-19
-32
-66
-88
-140
-180
-186
-180
-155
-148
-128
-86
-51
7
25
13
-5
-50
-67
-109
-131
-98
-62
45
94
100
114
72
77
44
18
43
52
112
102
56
42
22
56
88
94
80
65
71
69
59
43
50
58
72
53
6
-27
-56
-21
19
65
105
83
60
28
10
10
-12
10
24
23
27
-7
1
10
31
50
24
49
50
76
86
34
14
-12
-8
-47
-83
-97
-89
-71
-104
-108
-142
-117
-105
-132
-122
-145
-99
-111
-106
-76
-92
-31
-18
-21
-62
-97
-68
-63
-40
-36
-58
-31
16
5
-2
-18
-1
5
-29
-13
-42
-52
-29
4
21
-4
40
46
53
82
98
100
106
163
166
163
145
127
105
115
133
62
29
43
109
99
31
23
5
62
84
42
8
-14
37
14
0
37
50
50
14
-22
-30
-28
-2
16
8
38
18
-22
-44
-60
-41
-103
-127
-89
-57
-3
-8
6
-13
-16
-9
-84
-68
-29
-38
-49
-75
-47
-14
-16
-47
-128
-115
-93
-112
-39
-25
7
9
-51
-69
-131
-96
-62
-47
-7
-40
-25
-51
-63
-4
-27
-59
-62
-25
15
21
22
13
-7
9
-1
-11
76
95
78
64
80
101
57
93
100
80
109
111
150
135
115
129
100
90
52
67
124
110
102
73
75
84
13
-22
-18
14
6
-44
-10
13
-37
-93
-96
-79
-105
-113
-105
-91
-60
-77
-83
-72
-66
-90
-113
-81
-57
-16
22
4
-1
13
22
-18
-39
-7
-13
-1
-17
-17
12
36
52
19
29
21
-43
-71
-39
5
36
64
42
35
33
16
-5
-33
-7
-15
15
50
58
91
64
15
-34
-37
32
51
40
0
-11
-3
-70
-85
-63
-47
-59
-81
-41
-40
-25
-29
-82
-49
-25
-34
-25
1
8
13
58
63
9
-3
4
22
98
121
112
115
70
18
11
30
93
165
140
46
24
53
40
-17
-53
2
42
92
50
-35
-14
-81
-89
-73
-122
-119
-87
21
20
-3
-14
-106
-127
-113
-142
-195
-146
-80
15
139
134
33
-130
-141
-113
-59
39
8
102
180
184
156
46
33
-33
-70
-34
16
93
108
118
133
152
90
-28
-91
-87
-61
-33
31
66
110
117
6
-49
-39
-43
-68
-63
-71
-75
-11
16
59
11
-113
-155
-161
-126
-172
-172
-143
-188
-85
-50
-116
-113
-159
-143
-62
-35
-21
-1
128
216
177
140
15
-40
56
137
223
282
242
178
108
65
68
26
68
103
129
186
87
29
-24
11
77
50
121
112
105
90
5
-16
-81
-73
-79
-69
50
92
53
-34
-66
-78
-87
-117
-185
-188
-141
-163
-181
-111
-83
-58
-118
-188
-229
-252
-166
-187
-99
20
20
65
10
35
6
-14
70
27
85
106
119
150
162
166
74
83
35
-12
1
12
23
-14
61
56
54
91
28
-39
-115
-88
-81
3
166
137
114
41
-19
-23
-59
25
49
100
139
15
59
39
-56
-15
23
123
67
8
32
-91
-54
-62
-122
-41
-36
-18
-90
-139
-141
-169
-88
-24
12
59
17
-101
-112
-30
62
45
57
129
53
36
2
-68
-66
-18
90
81
45
56
42
56
38
-73
-166
-171
-161
-65
19
21
46
2
-74
-129
-164
-159
-169
-116
15
128
146
129
157
120
4
-153
-89
21
45
150
193
248
180
91
91
44
67
75
82
87
104
192
230
210
155
23
-153
-247
-214
-191
-199
-143
-33
109
105
-97
-205
-252
-244
-184
-58
213
311
266
153
-1
-22
-67
-105
-122
-70
70
108
13
-104
-47
42
44
-10
-73
-19
23
37
-8
-52
-17
-63
-76
-65
-89
-33
-14
-70
-100
-60
47
58
23
42
-6
0
29
-15
-1
-24
12
51
-8
-12
-58
-60
-113
-193
-106
-25
62
61
-19
-8
58
169
185
150
153
97
101
57
6
12
-35
-42
-44
-3
29
1
45
-4
-50
-52
-81
-86
-111
-59
-6
34
65
5
-12
-23
-30
-18
-11
-30
-28
47
110
146
146
134
88
61
48
-40
-75
-61
-21
-1
-80
-156
-176
-115
-60
-80
-37
3
42
96
73
67
66
88
64
6
21
12
77
120
56
28
-10
-38
-41
-52
-48
-53
-56
-65
-113
-146
-130
-97
-58
-17
-2
21
42
82
80
42
51
6
-7
-11
-51
-50
-23
30
33
19
13
-32
-45
-73
-109
-85
3
104
144
110
30
-49
-103
-82
-25
66
186
266
280
212
165
154
160
169
98
63
41
8
-19
-98
-158
-200
-229
-209
-152
-92
-87
-151
-257
-336
-327
-205
-42
104
159
131
57
-37
-62
-22
63
144
157
156
170
149
92
27
-22
-62
-92
-121
-145
-186
-245
-315
-355
-378
-408
-407
-393
-339
-259
-119
74
238
363
445
531
592
635
668
612
545
430
331
275
212
211
201
218
178
104
68
-41
-160
-293
-305
-165
-11
100
27
-116
-268
-379
-408
-478
-532
-614
-730
-813
-857
-611
-38
702
1372
1792
2155
2482
2775
2932
2858
2683
2367
1874
1114
103
-1023
-2187
-3297
-4281
-5029
-5381
-5315
-4949
-4446
-3882
-3184
-2298
-1263
-199
726
1483
2113
2611
2988
3140
3082
2859
2520
2170
1749
1347
987
727
614
449
261
-57
-438
-811
-1264
-1694
-2145
-2398
-2372
-2119
-1670
-1287
-846
-356
201
810
1224
1538
1753
2019
2415
2808
3185
3349
3273
2985
2530
2108
1728
1307
726
-102
-1009
-1731
-2135
-2253
-2335
-2438
-2407
-2167
-1608
-915
-365
9
174
228
154
-89
-258
-409
-345
-148
-60
123
225
461
684
767
807
561
418
140
-410
-1128
-2052
-2602
-2924
-2916
-2952
-3294
-3373
-3039
-1470
986
3730
5682
6520
6983
7020
6932
6069
4836
3410
1971
229
-2301
-4472
-6535
-8209
-10167
-11720
-12069
-11326
-9348
-7738
-5689
-3417
-542
2484
4925
7200
8268
9188
9204
8620
7554
6336
5624
4588
3686
2196
1165
830
843
342
-958
-2008
-3068
-3724
-4704
-5370
-5429
-5085
-4619
-4481
-3159
-900
1722
3722
4905
6052
6908
7368
6939
6205
5532
4666
3484
2246
1497
1037
482
-682
-2044
-3266
-4114
-4784
-5564
-6158
-6836
-7059
-6906
-6162
-4779
-3256
-1730
-887
-146
617
1590
2508
2712
2449
1812
1436
1193
1143
983
639
400
206
275
293
527
615
489
-54
-1061
-1788
-2277
-2239
-2072
-1642
-995
-358
579
1299
1954
2438
2694
2606
2187
2086
1944
1761
1335
608
57
-279
-258
-448
-615
-988
-2081
-3337
-4101
-2882
127
3605
5550
5467
5542
6187
6708
5770
3715
1926
216
-1865
-5023
-8015
-9834
-11252
-12751
-13865
-13031
-9950
-5662
-1482
1924
5022
7923
10150
11330
11489
10829
9473
7474
4988
2402
368
-1022
-2211
-3514
-4660
-5004
-4535
-3812
-3684
-3927
-4008
-3894
-3849
-3750
-2696
-868
1035
2235
3149
4761
6864
8260
7747
6150
4481
3026
1486
-179
-1428
-2152
-2485
-2837
-2765
-1851
-658
-97
-396
-1040
-1686
-2121
-2283
-2343
-2286
-1969
-1410
-468
875
2459
3536
3643
2730
1129
-282
-1380
-2241
-3326
-4272
-4579
-4166
-2905
-1352
457
2144
3405
3905
3575
3197
2769
2082
729
-917
-1920
-2165
-1656
-977
-88
945
1516
1578
1010
636
353
-364
-1426
-2617
-3016
-2587
-1737
-1041
-591
-118
490
685
220
-468
-1691
-3037
-4331
-3608
597
5879
9575
9768
8976
9323
9025
7082
2964
-446
-2357
-5030
-8346
-11806
-12960
-12687
-13196
-13493
-12563
-8695
-3382
1080
4727
7591
10237
12312
13046
13006
11836
9375
6420
2930
159
-2036
-4023
-5613
-7914
-9534
-9746
-8127
-5049
-2646
-669
774
1829
2949
3861
5445
6984
7260
6279
4705
4460
5129
4601
2233
-1046
-3128
-4361
-5750
-6420
-5856
-4355
-3661
-3610
-2070
1060
4035
4443
3133
2134
1612
1271
494
188
361
355
158
10
915
2058
2180
698
-1664
-3573
-4704
-4999
-4898
-4242
-3123
-1676
144
2143
4404
5766
5734
4549
2727
1269
-176
-1474
-2838
-4200
-4725
-4732
-3885
-2646
-1505
-409
-109
-421
-1014
-939
-80
326
58
-577
-548
324
1584
2642
2988
3120
2265
718
-762
-1757
-2016
-3537
-5266
-4478
976
9075
12868
11513
8483
6761
5135
445
-4503
-6772
-6605
-7001
-9477
-10638
-9185
-7535
-7875
-9033
-7944
-4016
557
4457
7941
11328
14174
14820
14339
13666
11688
7797
1788
-3833
-8065
-10678
-11223
-11255
-10855
-10197
-8100
-4029
31
3209
5008
6380
7106
6457
6042
6618
7645
7138
4583
2104
1035
991
-419
-4030
-7523
-9265
-9743
-9965
-9046
-5660
-1407
1291
3064
6263
10824
13115
10891
6447
2296
-957
-3809
-5735
-5635
-4649
-3787
-3221
-2025
255
2232
2801
1175
-1377
-3352
-4126
-3532
-2325
-309
1745
3030
3607
3755
4119
3542
1548
-1142
-3903
-5362
-5507
-4580
-3168
-2344
-1460
-807
186
1902
2825
3196
2132
118
-1319
-2298
-1918
-1501
-1493
-1132
-884
-333
277
765
1291
1528
593
-614
-2201
-3632
-1167
5524
13902
16539
11870
7061
4363
2756
-2575
-9966
-13128
-12389
-9843
-9151
-8342
-6025
-5647
-7544
-10528
-9409
-3300
3388
8586
11545
14979
18247
18917
18526
16355
11713
4403
-4619
-11616
-16063
-17717
-16590
-14580
-11596
-8218
-3874
1754
6117
8406
8619
7998
7335
6463
6784
7815
8666
8271
5610
2780
965
-249
-2889
-8322
-12980
-15231
-15487
-13632
-10041
-3845
1961
5032
8096
12661
17431
17851
12875
6631
919
-4190
-8210
-9916
-8975
-7637
-7385
-6924
-4613
-902
1684
1465
-528
-2239
-2626
-1870
-471
1433
3591
4896
4841
4509
5026
5624
4299
1182
-1816
-3322
-3463
-3462
-3177
-2473
-1704
-1145
-1402
-1185
-416
-3
128
-964
-1413
-796
-255
585
-305
-794
-268
183
1273
437
129
257
-683
-2408
-5037
-1720
7063
15080
16001
9592
5353
3853
1584
-4464
-11150
-11791
-9996
-8917
-9377
-9031
-7042
-8403
-12129
-14158
-10781
-2947
4741
11515
17499
22286
23951
22103
19010
15132
8637
-1271
-11407
-17837
-19619
-18754
-16714
-13699
-9530
-4138
1268
6056
8946
9649
9036
7565
7025
7600
9529
11746
11587
9014
4465
750
-1296
-4168
-8365
-13334
-16144
-16523
-15388
-11215
-4615
2268
5448
5436
7033
10816
13777
12093
7517
3971
923
-2215
-5000
-5608
-4475
-5382
-8079
-9548
-7769
-4096
-2126
-1725
-1170
-8
1330
2196
3271
4412
4238
2445
652
840
2690
4360
4773
4274
3461
2444
1606
925
-54
-1715
-4021
-5896
-6725
-6174
-4588
-2914
-1588
-1070
-585
204
1120
1509
545
-217
-628
-563
-283
-589
-659
-1857
-564
6797
16167
20905
14997
5626
124
-4333
-9578
-16129
-16624
-11120
-7646
-7089
-8893
-7962
-6653
-9250
-11956
-11282
-4097
4390
10502
16106
21921
26646
25729
20436
13916
7063
-851
-10030
-17273
-20547
-19953
-17104
-13365
-9625
-5556
-1724
1306
3875
5897
8392
9748
10161
11185
13502
17000
17965
15438
10090
3846
-1479
-6888
-11891
-15919
-17858
-17461
-15466
-10469
-2521
5354
9186
8455
7639
8983
9972
7851
3785
1208
-331
-2707
-5073
-4771
-2430
-2429
-5378
-7937
-6871
-4043
-3081
-3477
-3816
-3280
-3260
-3905
-2912
-427
1887
2092
663
575
2188
3824
4300
3605
3471
3398
2281
1294
874
1970
2452
602
-1963
-4262
-3937
-3655
-4621
-5745
-7365
-6577
-6334
-4423
-364
2651
6620
5602
3535
1939
3395
14314
22697
25533
19046
9375
6141
725
-5224
-13322
-17955
-15998
-15475
-14450
-14091
-12057
-11009
-14206
-16210
-12249
-1159
10184
18337
23114
25769
25695
22047
18049
12806
5198
-5355
-15648
-20966
-20819
-16974
-13069
-10705
-9533
-7851
-5708
-3730
-1228
2007
6363
9365
10699
12245
13749
14986
12820
7223
1285
-3842
-5893
-6607
-7072
-6712
-6998
-6551
-5678
-3571
274
2447
1900
-231
160
4810
9945
12045
10702
7673
3416
-1608
-5954
-7399
-6795
-7138
-7654
-6959
-3272
2009
5409
7199
6736
4583
1539
-2156
-3956
-4581
-5276
-5974
-6271
-4557
-1624
1217
3353
4342
4159
3480
3348
4513
6429
6587
5491
3095
433
-1707
-4833
-5618
-6239
-6857
-6561
-7484
-5710
-5092
-6042
-7082
-9214
-3428
9433
22017
27206
20346
12785
9129
4559
-843
-7613
-9575
-7979
-9810
-12528
-15890
-17838
-20408
-26073
-28236
-22331
-8203
7251
18245
25698
30986
32295
28194
21106
12830
5032
-3684
-12858
-18698
-19884
-16848
-13167
-11698
-10966
-9464
-7384
-4496
-927
4529
10382
13012
14315
15813
18256
18967
14309
7052
-727
-6144
-8690
-9685
-8657
-7545
-6663
-6643
-6551
-4266
-1049
1050
263
-794
1467
6558
11511
13430
12503
9286
3877
-2088
-6434
-7550
-6977
-6715
-6272
-5042
-2397
-70
581
-179
-2573
-4651
-5612
-4525
-1533
1276
3760
4779
4572
3770
2963
2544
890
-1827
-4188
-3906
-1423
722
1831
2635
3419
2550
-249
-3181
-3364
-2890
-3745
-5012
-5847
-3577
-2565
-2653
-2525
10
10230
18264
19923
13683
4928
2134
-1503
-4185
-6092
-4496
-276
-1714
-5770
-12389
-17589
-22172
-27290
-27806
-21421
-7000
7817
18737
25205
28452
28533
23637
16378
8602
2219
-3564
-7147
-7241
-4518
-1748
-3154
-7631
-13158
-15596
-15610
-14348
-10017
-2984
5954
11930
14929
17705
19679
19199
13884
6341
343
-3571
-5252
-5441
-4808
-4383
-6424
-9349
-10325
-8878
-5874
-3630
-1174
2721
7537
13001
16608
17326
14218
7445
-428
-7337
-10496
-10321
-8380
-6087
-4053
-1875
-846
-551
-966
-1584
-2587
-4168
-3990
-2057
976
2593
2076
1306
309
-393
-1360
-1660
-387
925
2013
3043
3845
4661
3927
1694
-130
-2277
-3321
-4537
-5732
-5345
-5046
-3793
-4347
-5361
-4501
1772
12595
18151
16200
7314
1814
-137
-2604
-2728
-2231
4012
6966
4120
-2281
-11829
-18277
-26027
-29792
-27650
-18022
-2793
9844
19662
23790
24323
20494
13437
7172
3446
2370
837
-1155
-2607
-463
974
-1349
-6921
-13900
-16889
-18147
-15110
-6785
3249
12283
15237
14955
14243
12391
9705
5738
2201
956
461
670
1370
796
-950
-5349
-10004
-12294
-11652
-8302
-5042
-1651
1687
6160
10238
11590
10369
6249
1751
-2823
-5703
-5769
-4277
-2534
-1926
-1576
-1120
52
1071
1507
862
-248
-259
-399
-572
-1617
-2372
-1826
-1571
-966
-573
384
2086
2793
2588
2238
2066
1491
-243
-2330
-2674
-2582
-2090
-2208
-2048
-770
-2061
-3548
-6207
-2320
8975
16189
16779
7005
944
537
-2038
-3326
-6453
-2248
3081
2393
-49
-6342
-10481
-16518
-24079
-25307
-17858
-3797
8794
15480
17189
16666
11501
5390
1592
1913
6464
7204
6519
5128
4446
3640
-2899
-10681
-17016
-19078
-17525
-14131
-6899
2071
8727
10451
9910
10416
12054
11777
9121
6929
5837
5851
5901
5770
4519
-300
-7875
-13514
-14138
-10426
-5681
-2795
-667
179
489
1447
1917
2505
1528
-168
-171
1396
5049
7902
7262
3416
-2647
-7742
-10214
-10101
-7433
-4261
-2449
-1741
-1833
-1737
-1404
-1732
-1279
-433
1251
4014
6813
9711
10294
8802
5484
1783
-339
-1753
-1822
-2143
-2521
-2858
-3686
-4644
-5666
-5181
85
9817
15055
12820
4597
-771
-120
-1465
-1133
-502
3344
8281
5578
521
-8482
-16853
-22555
-27298
-24005
-13947
-486
10260
14089
13009
9607
4633
26
-1172
377
5829
10384
11802
11036
5952
-56
-8631
-17381
-20751
-18472
-10503
-2638
2603
6014
6268
4107
881
-1084
147
3106
6326
9610
12119
14179
14399
11197
5755
-992
-6245
-8484
-8550
-5647
-2277
-192
-216
-3327
-4278
-2844
-1046
-431
-2250
-1701
-208
1019
2553
3306
4255
2828
73
-1246
-1172
-244
-912
-2942
-4317
-4724
-4262
-3723
-2693
-901
683
1328
498
-184
-825
-790
-24
752
3395
5292
5880
4709
1394
-546
-967
-507
-666
-1181
2374
12232
19081
15590
4824
-6277
-8640
-9354
-9636
-4617
1750
9345
8176
223
-6761
-14509
-20061
-23922
-21116
-9058
3965
11398
12510
9867
5016
-1249
-6563
-5204
2497
9587
12929
11715
8685
4642
-2924
-9938
-12845
-10826
-6076
-2246
1234
3511
2424
-3295
-10436
-13886
-11495
-4163
4278
12287
17559
18050
14859
9260
4373
1220
-201
1666
5464
9502
11622
9547
4360
-3108
-10695
-14436
-13988
-9630
-4379
-2364
-1810
-2769
-3386
-3443
-4702
-3562
-1133
2588
6256
7385
7105
4131
168
-2784
-4682
-4191
-2707
-1786
-1741
-4153
-5622
-6453
-6421
-4049
-3018
-82
1745
3943
7275
6090
5499
1842
-511
294
-1121
575
2657
10697
19597
17147
7365
-4287
-6279
-2852
-1841
-1739
-822
3353
3012
-3201
-12468
-19284
-21434
-22333
-17009
-5928
7741
15640
13085
7557
2869
748
737
4134
10771
15293
13832
7522
2403
-1420
-6063
-10730
-13053
-9935
-5163
-2905
-3494
-4863
-6030
-9165
-11599
-9131
235
11206
16254
16246
12780
8327
3566
-282
88
2134
3594
2537
2217
4099
4113
1809
-4056
-7542
-7015
-3623
3733
8599
10260
6127
-2096
-7974
-11034
-9042
-5725
-2940
-679
-609
-121
-16
-548
-1540
-3210
-2853
-1003
1354
3299
3141
2035
-430
-2361
-3103
-3113
-772
-882
-1799
-1718
-2433
-429
-444
-2500
-2911
-4200
-2982
-1248
-1879
2469
13077
21444
20035
8300
-725
1041
5359
6897
6425
7426
8040
1161
-11040
-21849
-27176
-27673
-25522
-18408
-4598
6029
6202
-116
-8046
-8656
-3972
2111
13946
25288
29850
25313
14301
5297
646
-2145
-3399
-1268
2180
2769
-2180
-9983
-15424
-17004
-16480
-14980
-9432
-923
4733
6155
4423
3042
3667
4712
7283
12188
15640
14563
10347
6026
4594
4879
2370
-483
-2597
-4848
-3431
-493
1173
787
-3183
-6794
-8383
-9080
-8384
-6955
-6708
-6828
-6691
-6262
-3894
-1193
1566
3197
3494
4348
4179
3972
3262
1560
1723
1660
178
-442
-1824
-2982
-2892
-4273
-2086
461
-408
-1719
-5865
-7102
-5586
-5111
566
11328
20156
18970
6501
-4175
-2990
3833
9728
11753
11882
13456
8348
-2547
-13507
-20828
-21136
-20518
-17677
-8854
-472
818
-5868
-14724
-17074
-11135
-2988
6843
17273
22192
19520
10756
3329
2348
5184
7723
9211
9610
7883
3679
-2962
-7629
-7492
-5591
-4194
-4822
-5082
-4592
-6705
-9476
-11382
-10596
-5456
1964
9758
14550
12915
7002
1479
271
5262
10373
12826
12734
8597
7191
7209
5388
3664
-685
-4060
-6747
-10014
-11413
-11345
-10497
-11417
-11195
-8362
-5197
-3244
-5165
-8265
-8455
-5166
-472
3559
7377
8386
7141
4255
376
-283
599
910
1795
3563
5747
7292
6996
3823
-221
-4239
-8106
-4933
5159
12118
9124
-2213
-10684
-6814
-67
2613
4641
6936
9587
6124
-2442
-8667
-10728
-7837
-4967
-1663
3680
4625
-264
-9602
-16938
-15992
-9097
-1461
4444
7350
6554
1488
-4905
-6607
-3458
3458
10094
11868
11430
8038
2141
-2431
-5031
-3456
1201
4136
3755
763
-3783
-7071
-6553
-2338
2666
5090
5171
3133
683
-1141
-2872
-1427
3764
9219
11044
8548
2272
-2633
-837
3515
8812
11544
9189
5440
166
-4949
-8586
-7803
-4464
-2383
-776
-3061
-6834
-10167
-13645
-14207
-11803
-7954
-4654
-1878
-1658
-2795
-2136
-1218
240
1784
3356
4338
5243
5465
6062
6932
5676
4464
1773
521
2952
8183
12690
7636
-1901
-6864
-1838
8357
11522
8212
3126
21
-3479
-8659
-12278
-12658
-9081
-7132
-6893
-4927
-3211
-3787
-7300
-10129
-7068
-443
4134
4841
3328
2222
702
-1234
485
5438
9580
9661
4568
451
-303
-444
-27
548
1491
1562
-873
-4393
-6871
-6858
-6026
-4814
-1822
2346
6051
6567
3056
-1891
-3771
-2441
226
5656
10134
11400
10157
3993
292
2654
6925
11298
10720
7025
3809
1123
-317
-1825
-1224
-58
-1527
-3403
-5903
-8005
-8772
-10793
-12542
-11700
-9725
-7972
-7043
-6409
-6379
-5814
-4722
-2702
1211
3904
4619
3014
2220
2690
2988
4868
5166
5655
5990
7676
13793
14670
8293
-2360
-8660
-2009
6731
9427
7306
3595
1135
-3163
-10544
-15197
-12560
-6913
-4118
-4363
-4792
-5225
-8695
-13454
-13804
-6686
3139
7538
6824
4197
976
-1180
-1751
1235
7046
11131
11650
8866
5084
2340
645
373
1324
2240
2307
833
-2121
-5229
-8177
-9220
-7068
-3153
-414
-565
-1169
-1612
-2417
-2626
-1994
2146
8606
11891
12442
10312
5218
1311
474
3436
7996
9589
6841
2455
338
-746
-769
338
107
360
373
-1370
-2177
-2568
-3269
-3755
-5616
-8589
-11776
-12996
-12221
-10455
-6829
-5051
-5266
-6280
-8174
-7369
-4581
-1954
802
2962
4467
4968
5938
13538
21728
20657
10711
-1930
-1120
10417
16854
14970
7112
2174
-689
-5257
-9636
-12659
-10591
-8503
-10524
-11798
-9992
-8435
-9415
-12010
-11917
-4379
2755
2659
-492
-2327
-1470
724
2883
5364
9071
10442
7029
3198
3265
5682
6709
6727
6323
6409
5562
1672
-236
1255
2217
776
-2708
-5814
-6847
-6308
-5505
-4756
-4225
-4500
-5943
-7536
-7880
-5700
-188
5721
9349
10259
10575
11210
10145
9043
7795
7291
8974
8503
6688
5279
2293
-103
-918
-1304
-1715
-3757
-6955
-10153
-11550
-10900
-9276
-5987
-3876
-4112
-6065
-8685
-10387
-9879
-6879
-4515
-2350
-2495
-4191
-4737
-5702
-2520
5264
13650
15445
8535
2310
3209
11267
16952
15270
11427
9956
9793
6290
832
-4319
-5601
-4987
-7072
-8557
-9228
-10748
-14356
-17332
-16023
-11165
-6487
-5558
-5558
-4240
-2753
-3126
-3300
-63
4784
9087
10295
9642
10257
10525
8546
6212
6311
7651
6988
4011
1543
2174
4338
3426
-128
-2234
-2055
-922
-268
-96
-67
185
-762
-4523
-7558
-8372
-6846
-2339
1423
2794
1850
-1651
-5273
-4944
213
6216
9694
9524
6571
3882
3197
3354
5575
8811
9349
7778
4227
-364
-3964
-6118
-6692
-6571
-5857
-5706
-7862
-10331
-12872
-14640
-13147
-9795
-5980
-3532
-3513
-5487
-6936
-5069
-677
7152
13453
10614
2747
-2355
1093
10624
16182
14131
10139
9830
9465
5941
1215
-1244
234
1157
-284
-2190
-1864
-2240
-7461
-11431
-10576
-6810
-4073
-6162
-9006
-8846
-7067
-6219
-6125
-4598
-2810
-2157
-2129
-921
2934
8007
9774
8188
7425
7068
6533
6142
6710
9159
10690
8986
4928
1841
1254
1077
660
-494
-2622
-3924
-4123
-4675
-4908
-4394
-4632
-3913
-2648
-1986
-789
-657
-1306
-1364
456
3196
4155
4089
2518
346
88
802
2369
4830
5272
3475
1887
629
-523
-960
-767
-1307
-2234
-3238
-4752
-5255
-5144
-5538
-5808
-5346
-4373
-3952
-4583
-5906
-7855
-8549
-6921
-3030
3740
8392
6199
-695
-4844
-1289
6720
12657
11551
7654
6367
7160
7255
5679
4764
3812
3408
2245
272
621
-54
-2183
-4696
-6540
-6050
-5784
-6128
-7011
-7187
-5820
-4973
-5392
-7060
-7393
-5822
-3272
-408
1165
2495
3043
2923
3486
4936
7111
7632
6280
4753
4331
5414
6433
5900
4402
3809
4341
4717
2525
-373
-1309
-1861
-1349
-1665
-2505
-1192
-1878
-4702
-6240
-5216
-2580
-979
189
442
1076
2553
945
-573
644
2151
3506
4516
4306
3463
2730
96
-2951
-3255
-2323
-1537
-963
-1386
-2844
-4790
-7530
-9169
-7754
-4296
-1335
-1062
-2849
-5403
-6757
-6707
-5249
-576
5720
9360
6012
-1713
-5607
-1309
7009
9944
6197
2187
2783
6159
6405
3240
1529
2839
3882
2670
415
-477
-44
-871
-2092
-1538
-52
-275
-3608
-6194
-5362
-3491
-2938
-5110
-7949
-7969
-5963
-3517
-821
935
270
-1813
-2695
-855
3470
7486
8210
7019
6377
5411
4136
4026
4672
6220
7351
6616
5485
4301
2656
-386
-2910
-2223
125
2483
1067
-4342
-8585
-8904
-5143
-1507
415
800
-619
-1009
-1483
-1929
-66
1984
3005
3813
3886
2494
718
-490
-621
535
1129
-375
-2295
-3115
-3938
-4681
-4966
-4243
-2632
-2500
-2853
-3944
-5429
-5280
-5525
-4131
-1842
-1496
-217
1518
3162
1191
-3649
-3495
2580
10764
12692
5431
-1293
-652
4741
7631
6361
3583
1839
179
-2778
-3940
-2055
1102
1161
-1895
-2750
-1845
-1582
-2728
-4181
-3068
70
1218
-1769
-4950
-5058
-3099
-1441
-1045
-1609
-2229
-2083
-2200
-1646
743
2469
3193
3146
2676
2559
3532
4868
5446
6395
7147
7245
5771
3032
1349
4
1647
4480
5658
5720
1502
-4842
-8040
-5015
805
3237
1943
-3913
-8022
-6071
-3050
225
3128
3477
1634
-167
-1313
-1693
308
3043
4117
3527
2032
-984
-3517
-4162
-3991
-2027
-1086
-2132
-4536
-8061
-8883
-8207
-6504
-2505
-146
-514
-2965
-6601
-6885
-1380
5211
7213
2915
-1959
-1513
3166
7703
6797
3575
4276
6269
6527
3958
1076
481
635
465
133
72
-617
-3036
-5313
-4074
-521
1004
-600
-4475
-6890
-5196
-2633
-1689
-1600
-1288
-743
-477
-944
-1640
-682
1941
3218
3015
2817
2186
1696
1028
-278
494
3061
4224
3360
1605
848
2187
3390
3666
4191
3194
1781
1148
452
1896
2876
739
-1197
138
3766
3692
-619
-6257
-8287
-2662
3328
4406
2596
-700
-3676
-4177
-2146
852
4022
4975
2515
-678
-1865
-1729
-1719
-966
-38
657
699
-1430
-5353
-7877
-6574
-3692
-1331
-714
-3011
-6117
-8598
-8858
-5301
771
6032
6518
1309
-5351
-6980
-702
8768
13350
10205
4268
1603
3033
4489
4129
3458
3235
2676
1007
-1246
-2877
-3824
-4721
-4287
-2105
-839
-2165
-5868
-8479
-6467
-2109
329
-333
-1926
-2984
-3290
-2405
-534
2142
4374
3677
1015
-469
28
1788
3386
3809
3906
3732
3037
1837
426
385
1895
2816
2211
1520
146
-274
1384
1765
2546
2104
-992
-2679
-1674
2848
5847
4602
771
-3101
-1639
2069
3263
2053
211
-910
-1231
-81
945
1483
1792
359
-1913
-2541
-1919
-2071
-2238
-2227
-1533
98
-64
-2239
-4745
-5195
-3021
-1133
-911
-3089
-6273
-7663
-6837
-4463
-2094
-738
-682
-808
-1253
-2399
-1599
1296
5751
8934
7497
3779
1267
3191
7196
8521
7011
3889
2277
2276
1230
-143
-494
-49
213
-1478
-4692
-6261
-6293
-5547
-3658
-2474
-2125
-2996
-5386
-6624
-5324
-1982
633
1101
275
-1172
-1137
670
3586
6177
5959
3222
-212
-1200
1178
4057
5644
5450
3608
1183
-582
-1680
-1753
96
2507
3833
2902
95
-2119
-2369
-412
2537
4170
2996
-433
-2981
-2209
1253
4729
5572
3757
1362
-531
-1182
140
2204
3329
2288
-754
-3822
-5119
-4604
-3922
-3356
-2579
-2125
-2684
-4227
-5373
-5553
-4474
-3025
-2733
-2631
-2584
-2744
-2739
-2640
-2058
-2148
-2437
-1785
257
4535
5904
2161
-1358
-1208
3368
7817
8493
6691
4987
5643
5534
4254
3935
3928
4537
4210
2403
667
-638
-2150
-3760
-4055
-2762
-1544
-2827
-5692
-7437
-7156
-5291
-3588
-2807
-3155
-4426
-5660
-5896
-3866
-681
1928
3336
2859
1586
705
494
986
1747
2952
4329
4458
2569
-17
-864
625
2636
3326
2528
1264
182
-34
1598
4420
6420
5279
1179
-1524
-487
2039
3674
3833
3310
3098
2804
1168
-481
-229
682
1175
1082
304
-782
-2053
-3144
-3558
-2883
-1732
-2118
-3588
-4468
-5006
-4968
-4972
-5473
-5322
-4655
-4030
-3692
-3516
-2904
-2198
-2356
-2825
-2719
-1876
-1029
-1005
-295
1828
4522
5347
2504
-427
591
5090
9236
10337
7787
4078
3200
4323
5029
5069
4542
2820
1113
52
-1286
-917
-87
-1198
-2696
-3688
-3949
-4252
-5160
-5826
-6131
-5959
-5556
-5652
-5334
-4499
-4418
-4488
-3972
-2767
-768
1166
1877
1219
354
303
1244
2957
4469
4839
4448
3537
2636
2539
2361
1909
1837
2862
4975
6193
5469
3548
2176
2145
3258
4947
6206
6485
4893
2686
1294
1177
2465
3117
2452
705
-1535
-2902
-2988
-2738
-2700
-2459
-2754
-3681
-4881
-6009
-6424
-6002
-5295
-5197
-5057
-5389
-6295
-6020
-4944
-3610
-2401
-2105
-2685
-3482
-3829
-3462
-1907
12
480
-443
-799
-622
50
2109
3389
4906
6141
4480
2568
2432
5592
9307
10840
10316
7014
4892
3789
2295
2962
4926
5746
3744
24
-3295
-4276
-3038
-2188
-2873
-4150
-5290
-6851
-7476
-6884
-6169
-5513
-5986
-7298
-7456
-5888
-4634
-4749
-5065
-4109
-2107
-299
455
258
885
1552
1384
1618
3026
4969
5777
5372
4526
4869
6669
7889
7316
6099
5684
5776
6540
7211
7431
7265
6126
4631
3491
3865
4278
2900
686
-1029
-1366
-1402
-2179
-3408
-3892
-3764
-4174
-5539
-7013
-6998
-6864
-6723
-5897
-5226
-4697
-5167
-6442
-7361
-6669
-4797
-3686
-3025
-2397
-2148
-2136
-2178
-2342
-1763
-175
617
450
250
435
1191
1734
1473
1130
1862
3301
3982
3880
4064
5293
7632
8704
7381
5664
5181
6426
7890
8255
6728
4918
4291
2991
1671
683
-298
-1360
-2810
-4413
-5617
-5162
-4952
-6323
-8001
-8776
-8727
-8726
-8980
-9779
-9136
-7187
-6048
-5771
-5977
-5638
-4900
-3942
-2624
-959
949
2456
3594
4360
4924
5197
5509
6354
7703
9126
9831
9929
9175
8366
8257
8312
8264
7903
7657
7145
6194
5054
3758
2676
1798
607
-467
-674
-1679
-3773
-5751
-6862
-6474
-5470
-5334
-6434
-7490
-7948
-7871
-7318
-6142
-5006
-4682
-4698
-5586
-5803
-4683
-3528
-2313
-1716
-1633
-1924
-2294
-2297
-1824
-679
319
741
754
860
1033
1257
1803
2413
3407
4311
4443
4410
4853
5821
6657
6693
6179
5446
4901
4835
4594
5277
6497
6067
4521
2068
207
597
1979
2563
1250
-874
-2929
-4584
-5482
-6096
-6137
-5544
-5571
-6915
-8352
-9535
-10294
-10163
-9632
-7723
-5561
-5161
-5950
-6815
-5807
-3085
-345
1451
2143
2575
2787
3026
4110
6123
7987
9360
10006
9503
8953
8179
7491
7693
8512
9399
8847
7028
4990
3529
3310
3265
2150
551
-693
-1580
-2083
-2783
-3534
-3748
-3862
-4389
-5371
-6064
-6311
-6599
-6943
-7049
-6432
-5028
-4191
-4619
-4987
-4889
-4082
-2741
-1936
-1498
-1417
-1637
-2015
-1727
-447
361
601
406
297
840
1552
2021
2234
3117
4070
4614
4747
4274
4340
4813
5450
5878
5539
5049
4234
3378
2955
2854
2958
2322
833
-449
-1004
-811
-437
-754
-1558
-2228
-2809
-3260
-3451
-3565
-3683
-4018
-4442
-4270
-3694
-3314
-3783
-4686
-4511
-3433
-2560
-2530
-2861
-2322
-1160
-243
81
231
997
1459
996
826
1363
2542
3787
3961
3835
4038
3757
2864
2023
2294
3526
4429
4033
2344
830
100
-111
610
1910
2431
1462
-876
-3121
-3382
-2287
-970
55
245
-501
-2493
-4700
-5243
-3408
-267
1788
1472
-291
-1920
-2569
-1882
-492
564
1039
578
-691
-1713
-1846
-1218
-231
450
320
-232
-813
-1064
-545
620
1997
2705
2256
1212
479
815
2333
4275
5347
4838
3217
1632
1239
2109
3178
3284
2174
363
-1400
-1832
-1188
-758
-979
-2340
-3792
-4466
-4789
-4580
-4531
-4642
-4605
-5076
-5385
-5194
-4540
-3370
-2519
-2225
-2115
-1519
-282
925
1888
2750
3506
4246
5159
5813
6411
6918
6402
5643
5418
5582
5789
5259
4025
2761
1930
1177
-110
-1370
-2069
-2454
-2538
-2754
-3326
-3832
-4605
-5433
-5610
-4806
-3354
-2577
-2949
-4034
-4841
-4709
-4007
-3026
-2078
-1131
-498
-449
-435
-248
337
1125
1553
1704
1759
1892
2345
2957
3354
3319
2862
2313
2102
2265
2399
2463
2253
1563
1088
1056
1310
1706
1544
977
913
1367
1884
2028
1622
930
576
683
905
1366
1367
553
-590
-1586
-1591
-1103
-981
-1631
-2738
-3217
-3389
-3437
-3534
-3791
-3896
-4341
-4729
-4697
-3994
-2804
-2269
-2145
-1824
-1245
-628
-210
291
1127
2229
2950
2941
2924
3233
3592
4182
4912
5547
5749
5164
4250
3833
4432
5123
4809
3488
1684
547
339
473
385
-322
-1534
-3099
-4344
-4718
-4239
-3542
-3734
-4758
-5845
-6147
-5448
-4557
-3914
-3599
-3312
-2906
-2658
-2516
-2587
-2545
-2069
-1292
-154
851
1307
1109
590
523
1086
2168
3031
3169
2794
2288
2225
2468
2718
2677
2346
2129
1957
1955
2220
2480
2407
1965
1565
1640
2227
2566
2151
1521
1258
1282
1218
909
223
-462
-875
-1284
-1349
-1140
-1194
-1682
-2365
-2778
-3011
-2914
-2875
-3229
-3132
-2722
-2328
-1958
-1690
-1592
-1750
-1653
-1308
-595
684
1559
1746
1810
2019
2219
2507
3082
3454
3556
3398
2764
2355
2483
2630
2443
2052
1878
1726
1512
1174
630
424
424
245
-89
-615
-1198
-1786
-2279
-2533
-2763
-3014
-3076
-3029
-3078
-3438
-3832
-3812
-3434
-2966
-3073
-3578
-3739
-3569
-3058
-2367
-1667
-1270
-1172
-1091
-1100
-681
-35
328
716
1140
1400
1583
2082
2857
3562
3808
3336
2737
2912
3746
4267
4249
3970
3770
3855
3779
3317
2715
2353
2184
1902
1641
1299
653
-166
-1164
-2053
-2415
-2435
-2454
-2698
-3219
-4029
-4883
-5199
-4922
-4298
-3698
-3677
-3966
-3883
-3315
-2394
-1453
-787
-344
106
796
1550
2317
3033
3547
4094
4484
4548
4356
4061
4030
4236
4372
4179
3690
3055
2351
1690
1091
601
240
-121
-644
-1229
-1806
-2368
-2598
-2526
-2361
-2193
-2336
-2797
-3255
-3278
-2542
-1366
-390
-220
-769
-1337
-1599
-1365
-720
-49
337
16
-826
-1354
-1015
-173
275
109
-299
-550
-656
-891
-986
-592
81
572
678
522
216
-133
-212
145
765
1178
922
639
859
1247
1676
1896
2072
2398
2425
2067
1617
1541
1686
1519
1209
943
787
768
455
-200
-694
-1138
-1665
-2159
-2487
-2402
-2187
-2171
-2633
-3394
-3892
-4102
-3804
-2968
-2143
-1682
-1752
-2048
-1958
-1393
-664
-143
212
752
1452
2129
2548
2584
2669
2927
3271
3614
3594
3277
2940
2830
3091
3558
3747
3209
2172
1195
692
785
1215
1481
1303
700
-122
-592
-513
-322
-424
-815
-1321
-1760
-2013
-2145
-2116
-2039
-2123
-2305
-2416
-2377
-2359
-2400
-2496
-2614
-2522
-2216
-1802
-1422
-1239
-1214
-1095
-780
-426
-102
81
158
467
1129
1778
2005
1885
1810
2015
2306
2329
2170
2055
1819
1395
1163
1348
1648
1671
1310
908
742
499
-60
-750
-1156
-1129
-944
-905
-1181
-1513
-1570
-1445
-1487
-1776
-2033
-2031
-1645
-1099
-725
-593
-558
-416
-121
450
1025
1163
977
694
508
621
873
848
652
619
578
388
75
-397
-931
-1142
-1044
-959
-840
-933
-1306
-1449
-1262
-983
-720
-515
-545
-708
-654
-527
-274
345
910
1134
1248
1329
1260
1243
1355
1532
1978
2302
1991
1514
1480
1730
1935
1985
1725
1174
689
498
525
798
738
-203
-1142
-1529
-1528
-1350
-1165
-833
-676
-676
-898
-1397
-1311
-942
-605
-59
337
533
418
300
267
99
115
-56
-201
-54
-171
-397
-731
-964
-914
-807
-519
-546
-827
-1119
-1420
-1182
-868
-657
-480
-502
-206
175
291
91
-163
-38
243
765
1050
802
935
1282
1604
1825
1616
1124
662
757
839
838
954
496
1
-381
-580
-561
-584
-535
-809
-1001
-1275
-1657
-1534
-1297
-936
-910
-1151
-996
-776
-732
-931
-1054
-839
-475
-117
-87
-300
-220
-157
-70
397
721
934
871
544
389
515
863
673
544
778
874
1062
870
592
496
695
1041
969
854
440
225
469
716
1188
1448
1457
1046
518
471
826
1313
1239
817
237
-93
-69
-169
-283
-498
-487
-836
-1533
-1906
-2155
-1845
-1772
-1898
-1768
-1822
-1797
-2287
-2569
-2149
-1701
-1050
-714
-434
-116
-23
445
939
1383
1841
1737
1466
1649
2145
2673
2793
2407
1908
1461
1317
1044
745
1022
1072
892
482
-335
-882
-1370
-1733
-1835
-1713
-1274
-1159
-1418
-1716
-1933
-1802
-1403
-1138
-1313
-1703
-1827
-1667
-1171
-469
51
152
-193
-458
-494
-55
771
1007
875
761
668
781
1007
1151
1138
1203
1207
941
628
452
348
495
760
733
701
676
579
325
186
576
1113
1563
1232
545
371
606
1362
1716
1672
1432
819
568
274
166
358
141
-146
-702
-1294
-1581
-2052
-2211
-2129
-2238
-2332
-2749
-3008
-2705
-2421
-2206
-2353
-2383
-1909
-1600
-1109
-645
-504
-248
-30
336
941
1608
2003
1916
1832
1684
1557
1830
2325
2710
2703
2362
1731
1203
1145
1115
1131
1110
774
354
106
148
80
-107
-140
-169
-166
-317
-728
-1107
-1126
-899
-699
-437
-485
-1002
-1481
-1611
-1305
-826
-471
-532
-842
-867
-963
-1069
-841
-648
-456
-365
-414
-471
-407
10
164
109
89
-208
-243
70
536
952
1013
946
729
691
975
1071
1159
1234
1070
964
984
1248
1558
1570
1329
773
403
416
563
798
776
500
-67
-715
-883
-797
-794
-1075
-1498
-1624
-1555
-1437
-1526
-1793
-1754
-1680
-1730
-1622
-1385
-1092
-987
-935
-706
-374
131
404
374
487
690
853
848
880
1110
1224
1323
1242
1044
1030
887
775
800
978
1209
1031
581
155
-30
158
347
438
460
260
148
101
68
297
370
387
505
572
598
142
-255
-324
-423
-325
-455
-702
-834
-1079
-1070
-986
-920
-968
-1464
-1735
-1538
-1039
-493
-480
-738
-1062
-1307
-1160
-890
-531
-206
-150
-117
-57
197
467
367
285
315
632
1128
1194
1082
934
994
1291
1375
1461
1386
1094
757
405
441
643
702
458
-105
-458
-562
-516
-446
-528
-598
-793
-1027
-1141
-1066
-645
-321
-319
-581
-899
-919
-932
-822
-389
154
645
588
205
62
156
383
410
491
906
1206
1210
945
803
952
931
720
686
1004
1368
1308
864
522
544
675
716
648
531
396
105
-144
-174
-75
111
108
-132
-515
-1048
-1415
-1561
-1491
-1175
-1001
-1086
-1455
-1967
-2074
-1769
-1348
-1057
-1096
-1253
-1361
-1325
-1012
-566
-231
-177
-255
-171
181
541
575
414
253
326
665
943
1153
1127
869
596
234
172
394
698
1029
1015
909
753
519
486
487
674
853
762
592
271
67
8
-41
-20
-213
-446
-540
-518
-365
-393
-514
-565
-583
-549
-582
-536
-270
41
254
267
138
5
-141
-170
-30
180
380
348
135
-110
-324
-339
-248
-87
62
112
260
457
674
767
641
563
484
506
572
582
771
821
779
711
628
762
666
452
338
350
628
527
119
-368
-918
-1065
-1028
-697
-328
-543
-979
-1422
-1406
-1014
-885
-808
-847
-907
-966
-1183
-1093
-819
-578
-448
-448
-309
-218
-234
-219
-57
330
560
473
162
-97
-34
162
418
583
558
448
272
376
798
1169
1333
1029
535
150
-223
-297
-224
-111
66
-25
-68
-103
-257
-332
-595
-770
-832
-954
-846
-708
-502
-330
-458
-593
-719
-724
-550
-328
58
449
691
779
759
795
880
923
891
859
826
821
912
1155
1610
1948
1986
1736
1268
939
750
702
779
736
589
313
49
-39
-10
48
-6
-193
-469
-733
-933
-983
-800
-574
-489
-736
-1170
-1459
-1641
-1638
-1536
-1345
-1016
-870
-783
-657
-538
-436
-626
-857
-890
-782
-485
-250
-48
122
114
88
43
91
194
232
339
445
537
523
362
200
-5
-93
10
238
480
457
267
45
-105
-86
0
191
310
208
-42
-281
-277
-178
-123
-155
-245
-226
-168
-76
-1
14
-10
-120
-170
-133
-37
88
148
158
75
-40
51
415
899
1177
1068
838
711
760
947
1148
1424
1657
1704
1595
1351
1124
953
917
1084
1219
1127
743
341
215
253
259
56
-280
-663
-1122
-1520
-1758
-1763
-1625
-1492
-1441
-1515
-1692
-1914
-2075
-2174
-2228
-2198
-1967
-1475
-989
-722
-730
-788
-719
-618
-460
-264
-12
219
329
422
520
626
681
700
820
918
896
773
702
830
958
991
902
718
600
491
467
472
427
390
322
297
192
26
-30
36
116
-43
-237
-204
31
221
79
-100
-100
15
33
-178
-300
-280
-188
-129
-99
47
127
62
-96
-106
60
170
189
138
206
269
320
451
642
895
924
870
830
873
1052
1169
1296
1259
1109
916
665
514
321
236
223
124
-124
-551
-800
-871
-913
-1077
-1340
-1486
-1588
-1702
-1840
-1845
-1665
-1442
-1370
-1528
-1677
-1684
-1445
-1147
-939
-757
-642
-489
-421
-340
-131
73
226
225
260
321
344
406
513
740
863
838
837
870
947
909
790
763
823
997
1169
1240
1177
946
715
590
558
597
655
767
787
575
231
-52
-98
-107
-216
-336
-418
-446
-584
-727
-689
-566
-513
-641
-801
-865
-855
-820
-705
-500
-242
30
187
219
47
-188
-214
-58
283
588
836
1019
899
691
572
717
1003
1056
965
794
694
695
725
877
925
679
234
-236
-476
-493
-426
-240
-130
-235
-533
-956
-1152
-1198
-1194
-1079
-976
-752
-643
-713
-774
-876
-832
-810
-848
-828
-878
-878
-884
-826
-590
-348
-202
-245
-363
-410
-377
-281
-135
125
479
790
944
961
919
846
706
571
574
710
897
984
986
993
938
877
700
446
236
6
-1
115
324
583
552
361
-49
-465
-667
-777
-605
-391
-230
-214
-459
-602
-644
-543
-404
-416
-438
-526
-538
-409
-199
114
315
368
324
248
295
412
588
779
861
918
917
911
919
836
803
790
802
763
549
293
-11
-232
-369
-418
-321
-258
-253
-408
-609
-733
-794
-712
-659
-599
-590
-694
-755
-813
-728
-550
-402
-285
-341
-504
-686
-797
-685
-448
-172
68
122
56
-139
-305
-277
-182
1
125
203
317
331
391
413
406
433
379
409
420
443
485
449
489
492
500
469
336
272
244
341
493
545
479
190
-183
-485
-610
-506
-352
-277
-357
-545
-734
-866
-840
-709
-553
-477
-522
-512
-421
-208
85
331
517
495
335
157
36
149
322
509
676
740
893
1023
1127
1191
1077
968
824
717
699
594
508
347
138
24
-102
-175
-326
-534
-602
-611
-456
-328
-342
-426
-673
-857
-992
-1115
-1156
-1267
-1278
-1188
-1049
-783
-602
-439
-339
-320
-162
-15
154
241
200
240
273
347
389
335
305
266
323
479
637
729
670
511
332
201
159
213
267
248
131
-37
-85
57
327
568
624
524
370
226
118
29
-34
-100
-279
-533
-763
-833
-719
-601
-562
-640
-748
-716
-527
-166
180
298
193
-61
-188
-129
9
186
319
476
581
564
542
565
652
652
568
620
822
1012
985
846
851
912
822
501
134
-49
-98
-92
-58
-14
-46
-250
-456
-466
-301
-181
-284
-508
-667
-675
-555
-413
-335
-441
-772
-1180
-1489
-1567
-1460
-1311
-1167
-1053
-933
-835
-778
-702
-618
-503
-444
-423
-358
-273
-144
-64
34
162
227
259
223
276
449
647
890
1091
1312
1488
1547
1591
1525
1420
1234
942
726
545
483
507
512
562
512
412
305
163
133
104
104
106
-30
-163
-325
-444
-481
-577
-670
-819
-972
-987
-890
-622
-303
-57
166
275
336
360
313
306
294
289
296
286
317
330
347
389
430
458
382
239
145
133
242
389
501
515
353
111
-135
-312
-413
-552
-704
-858
-1019
-1113
-1161
-1118
-1007
-938
-905
-917
-942
-968
-1044
-1087
-1043
-906
-691
-519
-394
-334
-374
-396
-366
-226
-49
35
102
147
242
375
404
433
425
422
515
610
809
998
1044
975
731
569
594
741
1006
1118
1030
789
441
275
260
377
547
605
616
449
229
120
121
278
303
156
-70
-317
-434
-541
-596
-533
-449
-331
-295
-310
-273
-219
-113
-49
-80
-120
-183
-146
9
207
385
383
264
78
-94
-155
-141
-11
144
232
238
135
64
11
-111
-267
-377
-263
-28
113
122
5
-108
-255
-418
-450
-358
-189
-144
-187
-171
-96
-21
-89
-214
-341
-500
-650
-739
-591
-362
-246
-291
-465
-521
-607
-739
-827
-827
-543
-242
14
228
367
539
481
290
150
170
468
719
925
1056
1117
1215
1157
1088
964
797
692
563
601
656
654
618
447
308
82
-225
-459
-616
-615
-648
-739
-775
-815
-835
-960
-1136
-1189
-1204
-1182
-1169
-1082
-814
-558
-345
-255
-232
-175
-194
-162
-42
170
429
556
641
713
770
810
748
706
712
725
811
918
1049
1104
977
802
637
536
473
409
463
561
598
534
366
247
150
21
-80
-145
-103
-69
-115
-179
-276
-321
-401
-505
-568
-681
-791
-924
-1006
-951
-897
-839
-840
-893
-904
-982
-1019
-947
-765
-472
-310
-256
-227
-210
-79
46
195
405
538
678
726
703
755
780
874
939
894
852
705
620
580
474
412
205
-28
-232
-475
-551
-578
-514
-412
-485
-572
-732
-853
-828
-822
-678
-524
-397
-253
-259
-212
-185
-174
-83
-84
14
87
141
340
452
646
744
688
717
600
596
638
623
785
770
749
689
492
501
453
473
522
372
300
143
27
55
55
219
357
364
274
-25
-248
-315
-284
-136
-53
-13
-58
-288
-548
-771
-827
-715
-631
-600
-665
-791
-898
-981
-932
-820
-743
-732
-805
-811
-767
-672
-478
-252
-8
88
39
-8
-3
134
274
427
647
813
901
825
712
697
697
748
757
754
782
723
669
569
464
393
270
214
145
11
-141
-295
-280
-217
-241
-315
-421
-424
-434
-541
-599
-539
-307
-95
-62
-69
-47
51
140
133
147
170
168
129
18
-37
-48
-41
16
47
40
-34
-128
-107
-55
-42
-49
-22
119
174
70
-42
-73
17
51
2
21
71
132
81
-30
-36
8
78
119
134
130
13
-137
-232
-235
-192
-196
-192
-169
-166
-240
-352
-361
-274
-175
-117
-94
-67
-53
-77
-96
-74
-26
10
30
71
114
138
144
166
203
235
251
257
282
288
239
161
102
106
136
169
180
154
131
96
46
-15
-78
-70
-19
30
50
30
24
16
-2
-18
-20
16
41
17
-21
-47
-66
-93
-133
-146
-118
-83
-71
-64
-40
-14
0
-4
22
97
152
136
67
-2
-30
-49
-59
-55
-42
-44
-107
-187
-243
-267
-267
-268
-249
-210
-174
-170
-192
-211
-210
-184
-134
-79
-17
20
23
5
-14
11
46
75
76
32
-7
-52
-72
-56
-26
32
59
73
82
78
124
195
289
378
397
398
352
303
293
277
316
335
329
333
279
251
200
152
143
110
125
106
50
-8
-119
-198
-272
-324
-314
-317
-296
-293
-322
-337
-382
-394
-375
-336
-255
-208
-184
-194
-224
-214
-179
-91
2
66
111
113
127
155
193
249
269
264
235
197
200
198
190
162
97
37
-20
-29
7
66
136
162
153
101
32
-9
-27
-18
7
26
29
-1
-38
-70
-82
-70
-59
-67
-106
-174
-240
-289
-309
-295
-278
-279
-323
-403
-471
-505
-478
-405
-308
-211
-146
-124
-129
-132
-114
-68
10
96
183
244
278
288
288
298
330
401
492
580
630
631
584
510
439
385
361
360
358
332
276
204
125
45
-28
-78
-106
-121
-134
-159
-205
-263
-312
-341
-325
-287
-253
-238
-251
-276
-277
-237
-176
-119
-83
-84
-89
-88
-72
-43
-29
-29
-43
-51
-31
34
117
174
179
121
23
-78
-122
-80
47
202
305
333
269
141
-5
-87
-55
60
195
275
283
221
112
-10
-100
-142
-153
-169
-182
-182
-176
-165
-168
-192
-235
-310
-376
-390
-345
-273
-217
-188
-185
-173
-142
-86
-19
25
37
25
20
43
94
149
176
160
136
127
132
155
169
153
103
66
65
104
163
212
237
223
181
114
56
27
36
81
139
181
188
149
82
26
5
32
79
112
104
62
1
-60
-107
-146
-161
-168
-162
-144
-127
-107
-101
-104
-104
-106
-98
-72
-44
-22
-15
-11
-7
-8
-4
6
23
41
58
76
95
99
91
77
74
82
87
96
98
96
81
51
33
22
16
15
5
-14
-44
-68
-83
-94
-110
-135
-156
-163
-152
-134
-115
-115
-121
-127
-130
-106
-81
-45
-23
-19
-11
-8
11
34
70
88
93
92
72
58
35
29
28
21
18
-3
-27
-52
-77
-83
-65
-31
-2
2
-10
-31
-35
-13
21
59
75
78
62
54
59
61
73
85
105
111
101
92
69
54
37
39
44
51
52
35
21
-6
-13
-17
-28
-35
-54
-53
-53
-56
-57
-68
-73
-80
-75
-62
-48
-35
-19
-12
-10
-5
3
14
30
57
86
88
70
47
32
22
15
11
5
3
-14
-38
-55
-66
-57
-45
-34
-19
-14
-22
-41
-52
-56
-47
-39
-18
13
33
34
15
3
1
-3
7
37
67
68
41
9
-21
-50
-68
-53
-20
17
50
59
51
43
39
43
58
79
84
56
10
-24
-46
-50
-45
-29
-19
-20
-39
-72
-80
-71
-43
-11
20
36
30
11
-13
-20
-22
-6
2
5
0
-26
-53
-85
-93
-100
-84
-63
-38
-18
-18
-13
-24
-6
17
52
85
93
100
81
79
74
81
99
110
116
106
99
72
50
28
17
15
19
32
20
19
-13
-40
-59
-70
-44
-41
-17
-10
-1
-5
-29
-36
-46
-29
-15
13
25
12
-6
-38
-55
-77
-75
-61
-40
-25
-44
-69
-105
-118
-106
-71
-23
11
28
13
-6
-23
-17
8
41
85
107
108
84
45
26
31
60
83
99
98
83
64
48
43
38
34
26
23
12
-1
-22
-50
-55
-56
-50
-54
-58
-44
-38
-38
-46
-52
-36
-15
0
7
3
4
-2
-5
-6
-2
21
42
50
22
-30
-64
-51
7
53
63
28
-24
-57
-69
-53
-25
-1
14
5
-32
-81
-120
-119
-97
-73
-55
-57
-59
-59
-64
-68
-73
-69
-43
-5
28
39
31
24
34
56
99
126
146
155
151
158
159
163
161
145
135
109
98
105
86
70
34
1
0
-14
8
8
-11
-29
-79
-80
-79
-54
-20
-35
-26
-52
-56
-45
-62
-43
-71
-68
-53
-57
-27
-52
-57
-84
-119
-100
-110
-83
-89
-101
-84
-92
-49
-39
-26
1
-7
14
20
35
60
62
81
92
102
120
119
108
94
80
89
110
130
144
117
80
43
9
10
17
32
40
29
6
-39
-69
-96
-109
-92
-80
-46
-48
-65
-88
-144
-168
-184
-168
-115
-77
-38
-36
-48
-64
-76
-61
-35
1
38
61
74
77
71
66
62
55
65
70
79
95
87
91
75
69
77
62
63
38
11
7
-17
-1
18
29
44
11
-10
-56
-107
-105
-116
-82
-46
-34
-11
-40
-59
-71
-97
-81
-89
-82
-68
-89
-72
-61
-36
5
6
24
22
13
39
57
105
149
170
187
156
141
124
127
175
204
257
267
244
215
135
104
77
74
106
107
123
90
22
-52
-139
-174
-186
-159
-126
-119
-119
-164
-200
-225
-236
-212
-203
-168
-153
-164
-155
-175
-161
-148
-140
-123
-158
-175
-195
-182
-122
-79
-20
-14
-33
-54
-96
-76
-51
8
77
85
92
64
53
77
113
187
229
246
245
204
176
170
192
227
239
232
172
91
26
-21
-22
-6
20
34
1
-36
-83
-118
-109
-90
-54
-32
-38
-63
-105
-126
-128
-108
-72
-51
-54
-89
-124
-125
-89
-14
83
173
216
203
155
106
83
95
128
169
207
214
205
192
178
180
184
180
160
116
66
23
-6
-12
-1
8
-4
-45
-120
-206
-274
-297
-260
-184
-117
-76
-82
-140
-210
-272
-304
-284
-232
-179
-147
-149
-169
-196
-214
-203
-169
-119
-76
-55
-46
-40
-27
-7
25
61
81
76
46
26
31
53
94
146
192
225
214
182
151
137
153
177
213
242
236
220
191
157
124
86
66
51
49
61
72
73
66
37
-6
-48
-82
-96
-104
-95
-70
-58
-57
-66
-76
-89
-107
-127
-136
-128
-127
-116
-92
-63
-35
-25
-22
-42
-78
-108
-117
-92
-55
-14
24
45
31
0
-20
-31
-17
10
39
69
82
83
76
62
45
23
8
5
11
27
50
76
100
101
82
58
27
-1
-26
-30
-18
3
27
54
82
102
103
73
28
-18
-63
-75
-76
-70
-57
-63
-73
-86
-104
-104
-93
-71
-43
-26
-21
-26
-45
-64
-72
-66
-51
-46
-34
-20
3
28
61
89
111
118
90
53
14
-16
-33
-34
0
51
91
122
127
113
80
40
11
-3
2
16
35
47
46
33
24
17
20
28
26
30
17
-5
-38
-76
-90
-90
-70
-45
-31
-20
-30
-47
-68
-86
-70
-52
-23
4
2
2
-28
-57
-81
-107
-83
-56
-16
35
53
68
57
15
-27
-76
-92
-88
-84
-57
-50
-39
-25
-39
-34
-50
-52
-42
-47
-23
-15
0
20
18
44
57
69
106
123
150
157
153
170
160
170
177
181
210
208
211
195
144
114
63
44
48
46
71
61
50
32
-17
-44
-90
-115
-116
-139
-122
-133
-141
-133
-167
-156
-162
-157
-133
-152
-136
-141
-146
-116
-109
-78
-60
-47
-18
-19
-7
-2
-4
19
22
24
22
9
16
16
10
13
3
16
5
-7
-10
-43
-43
-54
-50
-25
-19
27
44
56
66
51
66
55
43
36
12
28
43
69
101
99
113
114
98
89
58
52
67
73
88
87
88
93
71
47
12
-10
0
5
12
8
-2
4
2
-9
-31
-58
-65
-68
-78
-78
-85
-68
-58
-68
-67
-85
-78
-75
-79
-68
-77
-53
-34
-45
-35
-52
-55
-55
-73
-63
-68
-56
-23
-13
10
23
33
51
52
56
47
44
49
40
35
25
29
32
36
30
11
-3
-21
-15
3
18
38
49
53
56
58
59
61
62
57
52
49
42
44
54
53
44
32
8
-15
-43
-54
-54
-51
-32
-35
-34
-32
-40
-29
-24
-11
-1
-7
-12
-19
-20
-14
-10
3
3
-5
-11
-25
-35
-53
-67
-73
-73
-66
-47
-38
-27
-8
-2
8
9
19
23
18
20
15
21
22
18
26
21
21
12
3
10
0
2
-2
-7
-11
-19
-14
-12
4
30
50
73
75
73
57
29
24
16
7
-2
-11
-2
8
12
13
4
-8
-17
-34
-31
-10
13
42
53
56
47
17
6
-10
-12
3
4
21
21
22
31
21
21
1
-19
-33
-69
-72
-70
-58
-32
-37
-32
-43
-50
-48
-69
-70
-77
-80
-60
-50
-19
9
19
28
12
-4
-18
-35
-34
-24
4
25
37
51
54
63
66
48
37
23
14
12
13
21
18
15
22
21
21
16
2
7
1
8
23
35
54
43
37
27
5
-12
-27
-25
-15
-2
5
4
-4
-7
-3
3
11
19
29
24
5
-15
-28
-28
-31
-26
-15
-6
-4
-19
-18
-24
-32
-28
-24
-5
5
15
11
-4
10
16
20
10
-8
-14
-32
-40
-37
-25
3
13
12
10
-11
-16
-13
-10
-2
1
6
2
-4
1
-7
-1
10
18
25
11
2
-3
-4
-2
-5
5
12
13
12
0
11
7
1
-5
-23
-22
-27
-25
-16
-10
12
29
35
28
12
4
2
-5
-1
13
29
37
36
46
51
51
46
29
21
13
1
-6
-2
12
17
12
-6
-20
-28
-37
-35
-39
-36
-32
-32
-28
-30
-32
-36
-45
-51
-55
-53
-48
-38
-20
-9
-2
-1
-19
-33
-39
-34
-27
-31
-25
-16
-8
-8
-13
8
21
30
29
23
26
24
20
17
18
31
42
46
40
38
37
31
21
23
36
45
51
48
51
66
67
58
51
48
57
58
56
52
52
61
59
51
39
20
7
-10
-9
5
5
1
-15
-30
-39
-65
-76
-79
-90
-81
-76
-67
-65
-85
-84
-94
-105
-95
-85
-50
-43
-45
-41
-58
-42
-33
-30
-13
-26
-26
-31
-45
-35
-26
0
33
45
52
36
20
18
9
16
26
39
66
64
68
75
72
68
51
58
49
45
41
22
31
17
17
28
20
33
27
22
17
-3
13
17
25
31
7
3
-26
-41
-35
-35
-2
4
2
-8
-39
-52
-72
-76
-60
-46
-22
-21
-26
-23
-38
-33
-31
-43
-31
-40
-31
-17
-22
9
11
21
33
8
19
7
18
39
34
66
75
86
93
77
82
67
60
62
55
64
68
59
56
43
21
-6
-25
-27
-37
-39
-36
-34
-32
-47
-72
-89
-101
-86
-82
-82
-70
-73
-58
-58
-82
-86
-94
-80
-51
-32
-9
-6
-12
-19
-36
-23
0
30
69
82
86
68
48
39
32
49
61
62
54
24
16
0
-2
11
5
7
-9
-5
22
34
51
45
19
-6
-20
-5
22
39
44
29
28
29
18
15
2
-12
-17
-21
-2
14
13
11
-8
-19
-26
-27
-27
-28
-15
-8
-10
-10
-25
-36
-46
-45
-29
-20
-6
-10
-16
-9
1
9
20
27
25
