-32
-23
-35
-23
-20
-11
0
2
13
15
30
37
46
49
45
50
46
43
34
32
35
28
24
14
7
7
2
-1
-1
-5
-5
-1
1
7
10
18
27
26
28
29
26
31
31
27
18
4
1
-7
-18
-22
-33
-36
-42
-41
-34
-36
-35
-34
-34
-32
-26
-23
-19
-12
-7
1
-4
-2
3
2
10
12
16
18
13
12
10
11
4
-2
-7
-10
-7
-7
-6
-4
-5
-2
2
1
7
17
29
34
39
46
50
55
50
46
40
32
29
18
9
5
1
5
5
6
9
10
9
12
12
14
14
11
12
5
2
-1
-4
-11
-17
-22
-28
-36
-43
-47
-64
-72
-78
-88
-85
-82
-74
-69
-64
-59
-61
-61
-64
-58
-43
-33
-22
-15
-3
9
18
25
31
35
41
45
44
42
39
33
30
26
28
29
21
20
17
15
20
13
11
10
12
20
20
29
35
44
48
47
53
41
36
28
24
24
25
39
38
39
37
26
26
15
6
3
-6
-7
-11
-16
-17
-15
-14
-24
-25
-30
-31
-28
-38
-34
-39
-39
-33
-36
-25
-25
-27
-29
-32
-27
-24
-19
-18
-16
-14
-16
-11
-9
0
1
4
7
1
13
13
13
12
7
12
6
9
7
1
-2
-2
-1
-5
-3
-2
-7
-1
0
0
2
0
5
-4
1
8
8
12
19
26
27
26
29
28
18
11
6
2
5
7
10
7
-3
-9
-12
-14
-12
-11
-11
-12
-15
-22
-17
-11
-15
-9
-8
-3
1
0
0
-2
1
-3
-4
-4
-3
2
1
4
2
2
10
10
11
10
7
1
-1
0
-2
4
7
6
6
8
4
-3
-5
-6
-2
2
3
10
11
12
7
5
7
8
8
3
5
3
1
1
2
3
4
4
5
4
3
3
6
5
3
0
-4
0
-3
-6
-15
-20
-19
-19
-15
-12
-14
-19
-19
-24
-20
-20
-26
-31
-36
-35
-30
-30
-31
-27
-23
-20
-15
-13
-7
0
3
8
17
23
29
32
41
43
42
45
43
44
35
30
25
14
18
13
13
17
14
19
17
16
16
11
8
1
4
12
10
11
16
13
12
17
17
17
15
5
-4
-10
-15
-27
-29
-37
-37
-32
-43
-42
-43
-41
-35
-34
-24
-23
-18
-13
-4
4
-2
11
13
20
28
21
25
16
10
6
4
7
1
-3
-17
-26
-31
-38
-36
-39
-32
-25
-21
-15
-15
-8
-2
0
8
17
33
39
44
47
45
50
44
41
34
30
27
21
24
19
18
18
11
5
-9
-10
-16
-23
-29
-34
-31
-36
-31
-33
-35
-34
-33
-25
-27
-27
-24
-29
-19
-16
-10
9
8
7
9
6
6
1
-1
-4
-6
-13
-14
-6
6
20
15
11
13
11
13
22
32
30
27
18
18
23
24
31
26
21
17
16
23
27
37
34
35
31
21
21
18
19
17
12
3
-8
-2
-11
-6
2
-2
8
2
-1
-7
-15
-10
-17
-20
-24
-20
-22
-30
-30
-33
-35
-40
-53
-64
-71
-76
-67
-60
-52
-46
-48
-48
-45
-37
-24
-17
-16
-2
5
7
11
13
23
35
46
57
65
61
53
46
40
47
44
38
33
15
2
-5
-13
-8
-10
-19
-33
-51
-56
-59
-53
-41
-31
-27
-25
-15
-5
14
36
50
61
59
57
61
64
71
71
63
48
35
35
38
37
27
14
-4
-16
-26
-23
-10
-12
-10
-22
-27
-24
-20
-16
-12
-14
-19
-24
-27
-19
-8
0
-5
-12
-16
-23
-28
-39
-47
-45
-43
-42
-36
-31
-13
2
21
36
33
32
29
23
29
33
36
35
24
12
3
-6
-13
-23
-38
-46
-50
-39
-19
-2
8
11
3
-3
-7
-8
-1
8
21
34
47
51
43
27
14
15
24
42
59
70
78
68
59
37
14
-1
-20
-34
-39
-38
-34
-34
-52
-92
-125
-151
-155
-143
-123
-92
-68
-59
-67
-96
-129
-140
-125
-75
5
91
146
156
128
100
110
137
196
253
296
354
377
384
372
317
236
104
-28
-113
-129
-98
-85
-116
-237
-388
-528
-626
-607
-545
-498
-482
-516
-507
-413
-265
-104
1
43
43
67
164
341
564
727
779
755
719
759
853
933
973
918
824
744
690
701
726
705
612
416
191
10
-109
-185
-268
-392
-577
-777
-962
-1103
-1141
-1171
-1231
-1331
-1490
-1568
-1545
-1438
-1272
-1118
-1008
-937
-874
-766
-583
-339
-82
137
309
445
576
712
842
943
999
1010
1005
1020
1064
1122
1146
1103
972
779
564
346
148
-28
-180
-301
-400
-472
-525
-590
-671
-777
-890
-1011
-1133
-1228
-1244
-1111
-788
-287
253
673
824
696
377
82
34
314
851
1465
1958
2201
2183
1963
1596
1119
594
119
-172
-200
30
337
486
298
-243
-973
-1669
-2129
-2326
-2366
-2356
-2306
-2161
-1855
-1421
-981
-737
-780
-1038
-1306
-1333
-1015
-412
278
851
1215
1402
1524
1648
1782
1862
1841
1752
1679
1735
1932
2207
2444
2552
2515
2355
2113
1795
1408
955
486
105
-109
-139
-71
-52
-194
-546
-1054
-1618
-2155
-2593
-2862
-2933
-2811
-2561
-2292
-2101
-2069
-2173
-2326
-2402
-2298
-2030
-1673
-1314
-988
-680
-350
2
331
583
745
881
1038
1258
1527
1797
2039
2174
2178
2073
1917
1781
1684
1614
1545
1471
1401
1308
1157
909
576
207
-150
-428
-595
-657
-667
-704
-811
-951
-1062
-1128
-1185
-1272
-1338
-1333
-1230
-1077
-913
-740
-568
-433
-421
-520
-584
-444
-97
298
578
778
1018
1296
1426
1220
790
489
589
1037
1535
1839
1918
1845
1644
1286
794
306
-58
-292
-488
-668
-697
-569
-505
-842
-1642
-2549
-3094
-3090
-2772
-2506
-2464
-2503
-2390
-2011
-1452
-925
-599
-519
-576
-551
-234
400
1165
1795
2159
2340
2494
2692
2861
2888
2754
2529
2294
2135
2107
2199
2342
2425
2351
2110
1716
1223
676
124
-320
-602
-733
-802
-882
-999
-1163
-1390
-1731
-2152
-2548
-2793
-2828
-2731
-2579
-2390
-2160
-1896
-1692
-1613
-1608
-1558
-1381
-1074
-722
-416
-182
44
329
642
890
1011
1045
1060
1088
1111
1155
1267
1424
1557
1582
1472
1274
1064
921
851
808
730
613
494
397
303
181
2
-265
-594
-886
-1032
-1015
-944
-922
-958
-1000
-1030
-1048
-1070
-1077
-1030
-922
-790
-766
-840
-763
-368
179
533
698
1018
1518
1729
1320
646
356
673
1316
1970
2467
2713
2703
2512
2092
1284
242
-492
-565
-311
-267
-366
-194
140
-86
-1215
-2632
-3477
-3567
-3319
-3118
-3018
-2880
-2575
-1971
-1179
-597
-507
-821
-1153
-1223
-936
-255
710
1629
2159
2309
2417
2681
2941
2952
2729
2471
2300
2219
2193
2267
2452
2645
2716
2564
2194
1716
1229
711
120
-479
-916
-1106
-1096
-1015
-1010
-1187
-1626
-2223
-2738
-3015
-3080
-3067
-2997
-2806
-2474
-2140
-1985
-2042
-2177
-2175
-1932
-1549
-1223
-1033
-866
-553
-44
484
797
814
697
704
922
1274
1572
1766
1923
2054
2142
2073
1847
1556
1324
1288
1433
1617
1634
1444
1224
1079
951
659
88
-587
-1148
-1421
-1435
-1387
-1414
-1608
-1796
-1906
-1930
-1934
-2035
-2102
-2132
-2144
-2243
-2214
-1627
-292
1621
3518
4967
5361
4472
2588
748
-55
107
958
1986
3386
4857
5682
5331
3375
553
-2498
-4515
-5060
-4518
-3298
-2272
-1454
-1681
-3154
-5355
-7061
-7040
-5957
-4390
-3290
-2326
-982
659
2542
3569
3755
3045
2398
2661
3690
5500
6950
7829
7658
6577
5195
3626
2564
1651
1023
518
77
-55
-440
-1035
-2112
-3275
-4215
-4979
-5288
-5391
-5078
-4621
-4123
-3597
-3307
-3083
-2894
-2309
-1431
-663
-225
-83
208
724
1320
1802
2148
2390
2651
2755
2639
2254
1696
1379
1130
1095
959
735
483
67
-19
-59
12
-250
-879
-1396
-1846
-1842
-1727
-1384
-897
-572
-210
5
247
361
288
425
713
1106
1374
1360
1440
1428
1298
1092
671
421
-112
-604
-878
-939
-519
-545
-687
-1109
-1427
-1329
-1576
-1894
-2597
-2665
-1436
1113
4706
7485
8040
5530
1261
-2429
-4196
-4034
-2774
-612
2217
4743
5498
3839
417
-3338
-6180
-7243
-6343
-4125
-1631
-159
-176
-1843
-4485
-6857
-7842
-6458
-3363
564
4039
5913
6089
4714
3377
2982
3561
4474
4741
5018
5561
6638
7400
6634
4433
1159
-1301
-2412
-2134
-1199
-583
223
519
419
-1067
-3741
-5948
-6870
-5461
-3473
-1749
-670
-101
484
-68
-1314
-3026
-4032
-3815
-2616
-325
1635
2823
2445
1333
363
-627
-914
-826
430
2154
3390
3904
3089
2025
852
166
-64
-467
-587
-497
208
875
928
370
-763
-1965
-3113
-3541
-3226
-2347
-1330
-510
321
529
253
-577
-1374
-1389
-1010
121
1136
1775
1917
1229
646
-277
-1237
-1915
-2053
-957
579
1627
1736
867
-145
-734
-1567
-1984
-2162
-1399
362
1244
2677
4202
6972
9786
9590
7724
3438
-20
-2515
-4486
-4127
-3483
-918
1078
1804
1618
-795
-2917
-5791
-7618
-7705
-6198
-2783
-644
-343
-2534
-5366
-7022
-7374
-5975
-3477
485
4701
7704
8140
6158
3648
2078
2483
3783
5153
5904
6093
6319
6126
5342
3312
510
-1858
-2933
-2296
-921
358
1129
1176
623
-733
-2701
-4502
-5468
-4917
-3252
-1418
-125
197
77
-381
-1184
-2283
-3405
-3618
-2722
-924
726
1444
1194
168
-795
-1635
-1864
-1235
177
2350
4049
4926
4547
3100
1528
79
-391
-197
106
305
-31
-321
-523
-991
-1549
-2500
-3177
-3011
-2536
-1291
-417
305
1166
1111
1266
455
-2
275
244
971
639
649
681
336
485
-355
-889
-1625
-2114
-1847
-1450
-343
534
970
620
-259
-1070
-1739
-2559
-3398
-2932
314
6503
12637
15154
12186
5702
-1015
-6051
-9095
-10127
-8281
-3956
1020
3719
3252
-42
-4568
-8780
-11368
-10549
-6971
-1429
3289
5616
5111
1717
-2244
-5769
-6589
-4116
960
7415
11841
12900
10392
6357
3323
1587
918
629
1056
2884
5582
7791
7930
5279
900
-3223
-5572
-5554
-3950
-1469
1486
3908
4647
2558
-1862
-6318
-8814
-8528
-6223
-3415
-852
906
1498
1032
-857
-3338
-5369
-5926
-4194
-1490
1136
2433
2301
1391
-338
-2057
-3324
-3004
-902
2130
4994
6440
6348
4570
1963
-738
-2480
-2723
-1953
-336
824
1626
1528
462
-803
-2656
-3364
-3203
-1996
-80
977
2212
2626
2769
2281
618
-758
-1960
-1848
-1026
-11
959
1331
1205
110
-1588
-3553
-4419
-4272
-3120
-1661
-567
784
727
-126
-2357
-3753
-1754
2897
9858
14265
15219
11953
5651
-794
-7127
-9816
-9319
-5238
79
3699
5397
3776
315
-5360
-10725
-13096
-11291
-6017
-1237
1484
1321
-274
-2480
-4612
-5183
-3598
585
5434
9077
10084
8475
5734
2989
1637
1471
1906
2541
2914
3719
4689
5286
4835
2751
88
-2237
-3119
-2417
-872
1209
3162
4557
4502
2435
-1006
-4321
-5755
-5052
-3136
-1390
-531
-234
-651
-1722
-3653
-5704
-6421
-5508
-2856
-232
1440
1576
80
-1689
-3567
-4046
-3170
-1005
2147
4804
6821
6838
5098
2226
-660
-2050
-2190
-1440
-809
-572
-298
37
81
-582
-2006
-3002
-2628
-1240
511
1880
3072
4008
4178
3570
2334
780
-851
-2258
-2349
-1166
73
766
589
167
-391
-1475
-3018
-4248
-4805
-4486
-3473
-2746
-2059
-2397
-1867
1355
7697
15444
17448
13448
5827
-533
-4017
-8163
-9498
-6970
-252
4999
4803
3270
1039
-1509
-7874
-14187
-14353
-8693
-1395
708
-486
-2712
-4496
-6156
-7947
-6303
-1098
6670
13020
14856
11871
5478
76
-1859
-266
2154
3204
3400
3801
4869
5088
3917
1724
-397
-1428
-1464
78
2133
3928
4599
3946
2680
393
-2110
-4053
-3861
-1668
944
2475
2216
1157
-487
-2090
-4007
-5664
-6517
-6210
-4290
-1860
454
952
-291
-2752
-5171
-6076
-5290
-2088
2162
6219
8360
8157
6329
3192
-270
-3474
-4798
-3927
-1918
-331
-235
-947
-1800
-2207
-2324
-2264
-1307
170
2099
3618
4290
4841
4085
2689
56
-2548
-3543
-4249
-2924
-1428
668
2675
2174
1168
-1787
-4287
-6054
-7462
-6935
-6927
-5562
-3718
-759
4600
10863
17356
18711
14089
5388
-2227
-5708
-7284
-5825
-1702
5289
10476
9699
5026
-1023
-5996
-11339
-15295
-14008
-7276
504
3591
1531
-2864
-6517
-9626
-11236
-9144
-2928
6203
13438
15965
13056
6128
-1104
-5965
-6418
-3404
609
3904
5640
6247
6126
4769
1771
-1956
-5025
-5054
-1641
3476
8260
10319
9762
6860
2398
-1993
-5321
-5902
-3586
373
4394
6358
5544
2519
-1856
-5966
-8753
-9416
-7857
-5087
-1677
777
1521
149
-3081
-6053
-7992
-7668
-4740
107
5442
8760
9119
6620
2987
-584
-3312
-4584
-4632
-3392
-1684
-83
295
-691
-2169
-3559
-3143
-1407
1001
3986
5769
7199
7893
6950
5590
2673
125
-1592
-2442
-1614
-1590
-474
-318
-33
711
-1058
-1962
-4720
-6564
-7371
-8215
-6010
-2539
5012
12373
16255
14262
5336
-3351
-10023
-11930
-9501
-4169
4157
10939
13221
10421
5009
-949
-7720
-14135
-16350
-11785
-3125
3147
2985
-1477
-6717
-10265
-11410
-9943
-4449
3943
12410
17793
17349
11836
3448
-3974
-7147
-6357
-3060
116
2476
4577
5923
6037
3818
-438
-4961
-7509
-6123
-711
6423
11812
12818
9361
3467
-2457
-6551
-8279
-6436
-1639
4424
9480
10583
8411
3419
-2021
-6157
-8517
-7761
-5523
-1796
1069
1900
837
-2726
-6068
-8915
-8898
-5592
-371
5589
8945
9810
7878
4204
278
-3430
-5037
-4410
-2595
-497
-33
-710
-1726
-3848
-4953
-6043
-5526
-2756
-99
3949
5997
6584
5848
3232
2124
575
-263
-540
-1048
119
271
-342
-1438
-3634
-4667
-5541
-6005
-5304
-3334
2668
11284
18067
17709
8677
-2002
-9399
-12726
-13662
-12162
-5181
4419
10721
10715
7546
4516
-230
-7535
-13482
-11556
-2286
5150
4595
-2308
-9234
-12061
-12577
-11295
-7211
309
10044
17012
19018
15237
7857
1674
-1152
664
3864
4809
3634
1651
1001
1126
-115
-2932
-6186
-7830
-6332
-2220
2772
6281
6856
5039
2054
-604
-2181
-2764
-2175
-898
896
2643
3188
2288
-228
-2505
-3376
-2784
-1085
143
1552
2221
1447
-1177
-5644
-9152
-10840
-9567
-5756
-279
5814
9298
9331
6151
2360
141
-869
-342
797
2439
3798
2790
139
-3445
-6312
-7225
-6829
-4780
-1779
1288
3251
4172
4320
3988
3477
1969
1052
809
1575
2426
2447
2264
-407
-3644
-7774
-9995
-7827
-5425
-3159
-3237
-1142
6281
15429
20174
14077
2601
-7966
-12915
-13159
-11684
-5632
2413
8137
7630
3526
1628
966
-2345
-8757
-10568
-3822
5752
8796
1869
-8411
-14830
-15821
-13315
-8457
-968
8381
16016
18249
14033
5955
-1524
-4481
-1168
5468
11479
13160
9665
4088
-1347
-4662
-6470
-7548
-7121
-4907
-489
3870
6143
5456
2414
-545
-2537
-3116
-2930
-2333
-1127
257
1365
1470
979
-166
-1516
-2511
-2880
-1751
19
1442
1569
433
-1178
-2862
-4068
-5195
-5656
-4497
-1328
3453
7443
8386
6169
2834
415
-243
290
1442
3332
4894
5061
2693
-1626
-5934
-9038
-9397
-7579
-4357
-656
1240
1085
17
-476
459
1346
1154
690
1243
2579
2673
1222
-1474
-3837
-5222
-6616
-5972
-316
11110
21351
21619
10408
-4405
-12322
-14079
-13320
-10347
-2969
7549
12147
7719
-835
-6358
-8763
-11838
-12995
-7513
4208
12801
10538
-828
-12566
-17912
-16588
-10631
-2589
6552
14166
17254
14239
6012
-2425
-6721
-4089
4007
12806
18321
17680
11772
3607
-3732
-7973
-9341
-8189
-4568
752
6016
8106
5832
753
-4834
-8686
-9636
-6710
-271
6255
9283
7237
1966
-3195
-7332
-9567
-9140
-5750
286
5684
7862
6282
1868
-3611
-8546
-11201
-10342
-6050
-739
3532
6167
7152
6186
2958
-973
-3309
-2261
537
2927
4335
4322
3762
1884
-991
-3028
-3075
-1115
1086
2364
2473
2287
1183
-995
-3115
-4050
-2875
-633
1710
3231
3649
2511
284
-1739
-3504
-5243
-6616
-5548
832
11937
19960
16961
3151
-11924
-17720
-14805
-9191
-3692
2712
8797
8237
833
-7076
-9674
-8741
-9481
-9268
-2812
8604
14665
7849
-7838
-21044
-23551
-17121
-6690
4143
13908
20617
20580
12671
357
-9166
-10551
-3357
8544
19247
24331
21902
12681
728
-8112
-11080
-8613
-3828
638
4967
7704
7256
3133
-2835
-7298
-8563
-6223
-1501
4812
9658
9376
4366
-2897
-7855
-8711
-7409
-4770
-1445
1886
3290
1590
-2506
-6839
-8615
-8646
-7297
-5057
-3381
-2088
-1446
-954
901
3775
6293
7701
7686
6550
4655
2351
-133
-1687
-2089
-2376
-2637
-2871
-2978
-2331
-2194
-2607
-2370
-1423
751
2763
4568
5365
4703
2925
395
-760
-496
273
1141
1012
-136
-156
2764
9828
16379
15339
5148
-7572
-14228
-12778
-7307
-1734
2894
5622
3461
-3831
-10437
-12815
-11773
-11106
-10515
-5150
5047
12379
8776
-5068
-19917
-25551
-19728
-7775
4435
13209
16757
14434
6585
-2578
-7408
-4632
4331
14728
21905
22864
17704
8587
-663
-5854
-5505
-1564
2432
3429
1817
-526
-2752
-4350
-5671
-5849
-3860
-374
3560
6300
7119
6151
3510
186
-2317
-2424
-497
1185
662
-1764
-3775
-3819
-2684
-1834
-1961
-3006
-3793
-4676
-6166
-8009
-9115
-7406
-3319
930
2900
2922
2878
3264
4092
4268
4578
5916
6829
6256
3618
440
-1483
-2578
-3458
-4384
-4074
-2685
-1657
-1118
-1554
-1259
-496
-909
-1431
-1765
-290
2338
3712
4108
5238
10102
15167
14754
6828
-5005
-11655
-11464
-7159
-1967
1948
4506
3362
-1707
-7918
-11486
-11235
-9560
-7285
-3777
1035
4189
1291
-7822
-17220
-19639
-12926
-1032
8773
12687
11089
5769
-825
-6608
-8641
-5139
2851
11868
17853
18689
14022
6557
411
-1170
2699
8496
11931
10173
3879
-3280
-7945
-8249
-5693
-2875
-1332
-964
-504
42
-450
-2597
-4889
-4815
-913
5596
10547
10583
5166
-2208
-6388
-5481
-1227
2175
2768
1194
-1352
-3777
-6441
-8597
-9251
-7567
-3695
799
4158
4347
1861
-1851
-4631
-3883
-246
4424
7456
6334
3048
60
-1146
-335
38
167
229
410
352
-1939
-4432
-6069
-4686
-223
2762
3875
1183
-2023
-993
4704
14902
20874
17871
6785
-5121
-9013
-7245
-2639
87
1416
2044
-1686
-6675
-10555
-10064
-8106
-8936
-9804
-7483
-838
2579
-2070
-12340
-20851
-20375
-12324
-895
8297
12186
10566
5081
-714
-4064
-2594
2734
10026
16033
17798
15217
9231
3311
-23
886
5244
9676
11181
7378
960
-4134
-5650
-4180
-2775
-1877
-1384
-982
-1432
-3391
-5608
-7115
-6763
-3852
1605
7287
9447
5900
-1022
-5801
-5291
-327
4399
5968
4225
441
-3241
-6596
-8481
-8409
-6241
-2050
2220
5394
5559
2537
-2151
-6747
-7658
-4236
2295
8450
9408
5808
-543
-5891
-7503
-6918
-3748
-273
2674
4916
4079
1757
-2127
-5078
-4680
-2785
135
1813
3809
8450
13900
16046
10266
545
-5715
-4469
1987
7320
10233
10422
6395
-2673
-12365
-15347
-10591
-3525
-1816
-4669
-6197
-5476
-5762
-11150
-18829
-21261
-14866
-3540
5304
7867
5040
-115
-5726
-9884
-9264
-1475
10629
19763
20860
14304
6206
1427
544
3239
8075
13546
16021
11982
3438
-4382
-7000
-4723
-1684
-75
-40
-1197
-2853
-4640
-5016
-3756
-2300
-1439
-1360
-638
493
1059
786
-150
24
1296
2986
3261
786
-2699
-5315
-4798
-2268
-406
179
-299
-166
28
-912
-2687
-4065
-3498
-1815
242
1826
2665
2744
676
-1918
-3327
-2200
1242
3234
2890
-3
-3051
-4346
-5165
-4331
-3178
-130
2981
2621
2038
3334
10997
17859
14502
2872
-8251
-5974
3844
10858
10724
6055
3576
-2248
-9516
-12916
-7693
2422
3257
-4376
-13116
-13192
-7893
-8301
-14599
-21067
-16877
-4891
6180
9919
5297
-440
-5391
-6701
-4051
2907
12386
17804
16245
8446
1830
582
4457
9765
12913
14401
13181
9731
4160
-631
-1953
-536
1670
1486
-236
-3119
-6184
-8365
-9249
-7294
-4654
-3433
-4563
-6868
-7325
-5349
-1945
1090
2298
2126
1553
1472
2047
1671
426
-568
4
2703
4870
4990
3026
-373
-3332
-5046
-4673
-1714
820
451
-3230
-7766
-8228
-5411
-1832
179
-114
42
-564
-1843
-2620
-1620
2068
4515
4146
1661
-189
-385
-249
1505
6393
14236
16609
9081
-3431
-10467
-4972
3863
9803
10346
8774
6242
-1438
-7190
-7670
-861
4173
113
-5888
-8922
-5716
-6032
-13716
-23223
-25482
-15799
-4291
2159
-230
-4763
-6472
-6003
-3478
-426
6190
12104
14753
13007
9226
9143
10970
13889
15785
17029
17593
15043
9444
3075
1080
3283
5781
4497
-887
-6475
-10367
-11805
-11444
-8939
-5555
-4338
-6216
-10059
-11520
-9496
-5866
-2668
-785
804
1673
1884
953
-282
-1216
-2031
-918
2129
5497
6548
4191
991
230
1891
4208
5079
3886
1788
-928
-2099
-2477
-2509
-2525
-4567
-5231
-6067
-6656
-5834
-7152
-7634
-8587
-7825
-4361
-1441
2666
5803
11532
16147
13407
5591
-3071
-1485
8091
15603
14958
7912
2966
-127
-1659
-1728
1150
5556
3370
-4835
-12180
-11338
-5181
-4315
-12382
-23639
-25828
-16605
-4377
1469
-1916
-7832
-11425
-10703
-7129
-1717
5713
11524
13739
11799
9161
9352
12024
14780
15204
15300
15869
16163
14196
9818
6782
6698
8175
7459
4048
-143
-3223
-4826
-6822
-8025
-8331
-9128
-11028
-13575
-13888
-11227
-7649
-5813
-6119
-6125
-5107
-2643
-181
88
-398
-643
1138
4145
5655
4755
2704
2940
4678
6506
6839
5346
3997
2998
1906
1498
2178
1323
-1475
-5521
-7482
-5331
-2125
-1727
-6236
-11706
-15678
-15706
-12020
-7472
-1180
5474
10792
8663
-115
-7179
-5170
8174
17531
18049
12150
6333
4415
15
438
4819
13310
15132
3906
-7086
-11651
-4036
-64
-5800
-16961
-23978
-17623
-9987
-5277
-8566
-12768
-12793
-10871
-6652
-4193
235
2722
3103
2406
3309
9698
16452
20695
18550
14094
11195
10967
13185
14001
14645
14561
13891
11430
6549
2495
961
1777
1469
-1086
-4816
-7646
-8902
-10387
-11591
-12457
-12256
-12090
-12329
-11876
-10511
-7946
-7409
-8318
-9088
-7563
-3271
-80
1467
1311
3004
7033
10385
11536
8893
6303
6040
7720
10523
11670
10451
7075
2216
-1466
-2200
-1166
-438
-2465
-6387
-10355
-13607
-14665
-15171
-13252
-9651
-5777
-346
1189
-1501
-6132
-6905
330
9087
13351
10476
6453
4620
2447
2665
5678
11795
15359
9765
759
-3929
-184
3793
199
-9336
-16983
-14698
-7901
-3298
-5160
-10443
-13910
-15684
-14663
-12083
-6424
-341
2291
1706
-284
1276
5322
9450
12114
13739
16344
17964
17192
14000
11913
13288
16375
17765
14485
10103
6226
3518
2784
1845
1873
394
-4324
-9835
-12950
-10643
-7312
-6158
-9390
-15507
-17380
-16022
-11526
-6660
-5103
-5383
-7989
-9790
-9667
-5884
946
6254
9182
8097
5088
3651
4636
7266
9994
10957
9929
8362
5968
3596
1802
1372
2000
1962
42
-4234
-8482
-10419
-10280
-9039
-7284
-6119
-3630
-3631
-7907
-11121
-9778
-734
6274
5345
-928
-5157
-1210
2716
5585
6223
7053
8943
6093
3236
2154
5518
7269
1815
-6504
-12122
-7803
-288
2940
-1601
-9543
-12899
-12018
-8052
-5150
-3132
-2246
-3045
-4689
-5483
-1899
3027
7646
9396
8904
9663
10295
10463
9650
10176
13193
16355
16833
12810
8984
7353
6674
6826
6430
6072
4767
209
-5965
-8817
-6928
-4503
-4535
-7333
-11048
-11597
-10854
-10688
-9368
-8065
-7019
-7469
-8659
-9201
-7649
-3400
-197
2328
3316
2700
3217
5005
7464
8644
8599
7032
6455
7517
7083
6313
3801
928
-539
-1466
-1678
-3397
-4527
-6351
-7826
-6692
-6887
-3723
-2691
-6877
-11181
-13042
-5146
3156
5062
-1399
-9069
-6671
-1338
5453
7789
6636
5706
1200
-1364
-1414
4411
9941
7133
-1316
-10568
-9564
-2121
3735
2440
-4864
-8434
-8105
-4625
-2468
-2705
-2383
-2086
-1200
-520
1766
4635
6560
6347
4395
4572
6328
8159
7779
6660
7327
9760
12006
10951
9336
7893
7312
7154
5554
5267
4968
3140
-259
-2931
-2361
-1799
-2720
-7265
-11774
-11324
-9623
-7334
-6751
-7598
-8729
-11125
-13136
-13889
-10044
-3880
641
2524
1715
924
1987
4447
6655
8119
8407
8809
9497
10170
9489
6408
3379
866
1023
2677
2417
-399
-5509
-7887
-6539
-3738
-1825
-1747
-2587
-7133
-11789
-11554
-4432
4283
3621
-5265
-12509
-9384
-1362
4074
3981
198
-740
-2065
-2014
-557
2709
5540
1492
-4681
-8779
-4242
4354
7267
2112
-6548
-8474
-4476
1513
3699
1812
371
-774
-604
500
3126
6008
6993
5840
3772
3545
4802
5639
5273
4908
6163
8215
9304
8218
5121
3377
3571
4343
5792
5481
3504
112
-3352
-4045
-3313
-568
-287
-2925
-4944
-8023
-8778
-8548
-7947
-7244
-7641
-7899
-8552
-7194
-5564
-4547
-3278
-1542
1540
3811
5404
5275
4435
4852
5121
6309
8222
9037
8668
7044
5092
3696
3747
3634
1756
-980
-4330
-5499
-3877
-2262
-1180
-1583
-5088
-10292
-13042
-9034
-1573
2247
-2181
-10124
-11709
-6643
-961
2663
1859
-231
-2407
-4481
-2802
1452
5725
3436
-4214
-10872
-10432
-2022
5101
4892
-1905
-7483
-7088
-2739
1952
3320
3400
2838
2315
2857
5167
8377
9844
8633
5890
5938
8590
10857
10434
6697
3910
3615
5397
8040
7418
5048
2087
-215
246
610
277
-825
-2592
-3275
-3189
-1119
-51
-1369
-3797
-7175
-7571
-6444
-4657
-4136
-6150
-8196
-9399
-7255
-3702
-1940
-2246
-3370
-2419
-161
2693
4504
5003
5961
5948
4957
4194
4356
4899
5515
4688
3750
3814
3738
1841
-1839
-4790
-5129
-3235
-458
16
243
490
-2880
-7812
-11125
-6945
387
3008
-2690
-11265
-11273
-6338
-1377
692
-1340
-1522
-3076
-4668
-5228
-2953
1432
1114
-2776
-8069
-7000
-621
4222
3240
-3619
-6499
-4033
1318
5057
4241
2693
878
630
1819
5660
10574
12529
10335
6233
5516
8073
11339
11699
8727
6463
6077
8423
9978
8663
6097
3078
1969
1967
1566
574
-1151
-2899
-5346
-6314
-5439
-5288
-5357
-7809
-9753
-9896
-8564
-6817
-7483
-7955
-8260
-7357
-4670
-3246
-3016
-2557
-606
2556
5028
5457
3525
2443
3684
6016
8005
8208
6620
4212
2307
1548
1512
2949
2939
1175
-1866
-4457
-3307
-2072
-1132
-2577
-2407
-239
-1964
-5650
-9252
-6014
464
1253
-3563
-9614
-7499
-3519
-954
-1154
-3583
-1672
-2420
-3833
-5400
-3427
1461
1510
-2480
-8522
-7498
-1002
3852
2409
-4589
-7176
-5527
-785
2474
2548
2499
1589
1675
2705
6746
12168
14293
12165
7830
6121
8349
12008
13344
11602
9023
6923
6269
5362
3908
2797
2201
2052
1245
-680
-2913
-4067
-4601
-4789
-4017
-3905
-4370
-5763
-7555
-8100
-7333
-5792
-6215
-7731
-8787
-8610
-5813
-2585
-2123
-3297
-3165
-680
3932
6840
5919
4016
4516
7007
9479
10574
9666
7817
5747
3863
2984
3323
4141
2099
-1466
-4227
-4791
-4316
-5379
-7328
-8345
-4010
-1864
-4583
-9280
-10276
-4154
528
-229
-6318
-8692
-4526
-1939
-23
-1240
-938
-218
-3790
-6666
-7623
-1723
3141
846
-6406
-11553
-7108
904
5791
2304
-4228
-5900
-4232
493
3409
4332
3903
2073
1258
2510
7021
10733
10968
8074
5792
6998
9872
12203
11653
9631
7826
5991
5935
6687
7302
6985
4906
2108
-392
-1286
-1512
-2229
-2906
-3600
-4362
-4956
-6291
-7992
-8004
-6938
-6137
-6206
-7328
-8750
-8655
-6346
-3450
-1278
-1218
-1978
-1657
670
4118
5317
5306
5287
6344
8249
8620
7829
6945
7095
6676
5781
4861
4080
4157
2232
-364
-2310
-4156
-4045
-4253
-4417
-4827
-6098
-6360
-7479
-9070
-10732
-9966
-5896
-3036
-4014
-7858
-9973
-7248
-3155
-1042
-1569
-3439
-2709
-1601
-1032
-835
-492
1370
598
-2328
-5242
-4470
109
3319
2289
-2488
-4800
-3463
66
2516
1463
-47
-600
1283
4276
7594
9829
9199
6993
4784
5358
8684
12207
12901
10415
7776
7455
8180
7479
5952
5182
5888
5992
3559
-129
-2516
-1652
-791
-1420
-2626
-5006
-5768
-6822
-7939
-6998
-4919
-3310
-6188
-10280
-11294
-8131
-2626
-624
-2563
-4924
-3905
-267
3135
4694
3877
3333
3687
4644
6588
8111
8116
6620
4264
3044
4212
5669
5725
4006
382
-2169
-3249
-3384
-1999
-2133
-3076
-5358
-6868
-5187
-4828
-5625
-7552
-7669
-5393
-4800
-6364
-9163
-8428
-5010
-3051
-2415
-4222
-4512
-3078
-2504
-2082
-1896
309
1867
98
-3260
-4639
-721
4064
4298
-333
-4674
-3840
431
3809
3130
586
-458
743
3117
5161
6938
7614
6429
4832
4479
6590
8905
9139
7948
6713
7237
8039
7930
7126
5842
5449
4794
3433
2069
1454
2274
1773
-172
-2809
-4849
-4902
-4856
-4608
-4815
-5943
-7720
-9291
-9036
-6873
-4414
-4442
-5417
-5987
-4829
-1749
608
2415
2877
2640
2339
3074
6075
8514
9094
7470
5139
4501
5309
5798
5272
4076
2312
222
-2053
-3346
-3280
-2341
-2678
-4745
-7044
-8608
-7402
-5046
-3351
-4416
-8057
-10201
-9321
-5441
-2527
-2738
-4529
-5883
-5711
-3976
-1117
518
1493
692
-1090
-1243
53
2677
3144
859
-2219
-2947
-114
2790
2970
-344
-3286
-3481
-905
2620
3337
2033
669
714
2089
3205
3950
4732
5421
5108
4254
4094
5285
6796
6546
5367
4641
5249
6658
6807
6097
5162
4882
5012
4168
3170
2249
1397
532
-612
-1196
-1204
-1836
-3311
-4855
-5482
-4896
-4779
-5612
-6761
-7259
-6261
-4532
-2909
-2135
-1939
-2019
-1900
-908
744
2854
4117
3987
3079
2364
3064
4459
5260
4628
2777
1062
231
321
419
26
-1288
-3522
-5573
-6752
-6393
-5576
-5499
-6237
-7348
-7515
-6748
-5967
-5495
-4880
-3908
-3089
-3059
-3042
-1796
650
2691
2717
2112
2047
3199
4439
4229
3299
2188
2332
2820
2752
1969
566
17
-100
166
-178
-1199
-1370
-760
223
188
-1338
-2228
-676
1781
2812
1372
-422
606
3297
4783
3829
1898
1524
2935
4352
4768
4498
4136
3880
3483
3560
4239
4788
4595
3401
2423
2527
2903
2624
1793
1081
945
754
-155
-1435
-2366
-2300
-2099
-2550
-3430
-4110
-3876
-3170
-2813
-3103
-3275
-2803
-2122
-1898
-1953
-1549
-782
26
240
-265
-1065
-1803
-1928
-1187
-213
-383
-2225
-4569
-5401
-4275
-2279
-1342
-2719
-4954
-6459
-6237
-4403
-2358
-1162
-1546
-3008
-4224
-3767
-1338
1446
2863
2392
1480
1613
2719
4138
5011
5388
5521
5235
5118
5454
5837
5671
4543
3118
2290
1932
1898
1771
983
-42
-1564
-3182
-4056
-4216
-3531
-3090
-3882
-5396
-6149
-5487
-4127
-3276
-3585
-3534
-3037
-2167
-970
-194
1086
1898
2052
2240
2428
3391
4549
5405
5963
6367
6519
6511
6749
7243
8102
8149
7198
6193
5723
6307
6712
6049
4615
2828
1711
1311
989
517
-342
-1522
-2694
-3593
-3977
-3909
-4191
-5036
-5898
-6171
-5738
-5587
-6065
-6609
-6579
-6098
-6126
-7015
-7858
-7507
-6239
-5104
-5127
-6047
-6655
-6500
-5451
-3935
-2471
-1504
-1390
-1869
-1950
-1072
609
2374
3101
3021
2584
2630
3572
4620
5289
5083
4720
4937
5666
6472
6553
5845
4600
3427
2863
3000
3470
3405
2165
23
-2049
-2996
-2740
-2389
-2774
-4147
-5430
-5868
-5799
-5379
-5172
-4933
-4481
-4096
-3548
-2912
-2066
-1201
-523
332
1336
2274
2896
3401
4325
5604
6697
7135
7249
7604
8114
8517
8542
8333
8207
8052
7707
7222
7019
7026
6698
5679
4117
2953
2745
2840
1859
-297
-2290
-2949
-2196
-1633
-2508
-4527
-6362
-7106
-7158
-6791
-6553
-6866
-7680
-8878
-9635
-9437
-8412
-7578
-7758
-8298
-8533
-8090
-7378
-6864
-6337
-5634
-4843
-4707
-4904
-4361
-2908
-1051
71
148
-159
10
1144
2753
4254
5013
4821
4271
4219
5270
6729
7541
7110
5849
5319
5919
6879
7240
6496
5187
3895
3161
3217
3503
3062
1300
-1116
-2774
-2908
-2531
-2991
-4358
-5736
-6263
-6251
-6210
-6064
-5443
-4404
-3675
-3525
-3342
-2512
-1276
-169
740
1701
2683
3230
3243
3541
4815
6469
7347
6949
6268
6449
7434
8446
8653
8244
7689
7139
6670
6263
6098
5821
5030
3879
2777
2323
2203
1604
214
-1557
-2734
-3160
-3325
-3725
-4640
-5605
-6314
-6899
-7435
-8021
-8439
-8570
-8513
-8393
-8654
-9074
-9223
-9011
-8308
-7717
-7471
-7426
-7355
-6641
-5465
-4144
-3266
-2990
-2584
-1952
-1067
-138
628
1318
1782
2201
2783
3675
4753
5231
4856
4377
4722
6185
7656
7931
7017
5980
5955
6592
7180
7176
6347
5373
4399
3591
2916
2031
1322
447
-466
-1375
-2510
-3159
-3803
-4377
-4858
-5295
-5026
-4820
-4752
-5147
-5535
-4850
-3629
-2202
-1766
-1948
-1646
-472
1485
2491
2367
1685
1711
3130
4842
6172
6393
5947
5415
5215
5817
6771
7411
7002
5830
4904
4915
5469
5757
5174
3797
2284
940
403
547
755
229
-1441
-3175
-4038
-3903
-3768
-4484
-5626
-6467
-6746
-6876
-7152
-7417
-7590
-7989
-8616
-8980
-8428
-7255
-6587
-6828
-7501
-7326
-6152
-4853
-4055
-3863
-3470
-2848
-2213
-1576
-797
412
1426
1845
1734
1744
2498
3635
4670
5209
5368
5470
5541
5773
6239
6791
7139
6906
6249
5754
5698
5926
5892
5381
4584
3681
2974
2467
2259
2220
2008
1387
291
-678
-1310
-1497
-1523
-1817
-2255
-3112
-4105
-5002
-5259
-4456
-3541
-3236
-4140
-5420
-5725
-4816
-3095
-1782
-1206
-1189
-1241
-711
398
1901
3006
3208
2714
2355
2911
4230
5463
5762
5173
4282
3868
4083
4567
4861
4490
3671
2733
2260
2304
2285
1817
752
-239
-871
-1261
-1814
-2700
-3395
-3820
-3933
-4197
-4739
-5267
-5695
-5829
-6032
-6321
-6605
-6705
-6407
-6054
-5841
-5880
-5876
-5491
-4864
-4250
-3843
-3512
-3003
-2270
-1298
-210
736
1387
1685
2057
2743
3620
4424
4782
4998
5190
5376
5550
5491
5484
5394
5212
5058
4817
4608
4173
3610
3250
3155
3243
3052
2495
1892
1532
1575
1870
2071
1786
829
-367
-1055
-992
-498
-319
-880
-1985
-3156
-3631
-3275
-2490
-2063
-2580
-3566
-4293
-4054
-2958
-1848
-1370
-1829
-2639
-2927
-2325
-1091
-124
120
-88
-260
-31
417
933
1508
1864
1864
1503
1282
1612
2199
2635
2434
1831
1293
1141
1586
1963
1974
1604
1141
1022
889
823
741
611
373
-333
-1040
-1467
-1484
-1551
-2151
-2931
-3522
-3633
-3666
-3894
-4152
-4351
-4356
-4336
-4213
-3917
-3660
-3602
-3734
-3649
-3044
-2064
-1234
-917
-962
-863
-252
661
1499
1990
2271
2527
2794
3195
3648
4268
4728
4780
4475
3938
3813
4026
4465
4694
4406
3961
3353
3043
2926
2926
2975
2647
2108
1339
741
463
357
383
289
120
-277
-805
-1171
-1086
-575
-142
-89
-455
-789
-839
-494
-35
-6
-466
-1282
-1794
-1882
-1737
-1726
-2269
-3100
-3991
-4257
-3814
-3218
-3159
-3965
-4771
-4824
-3897
-2660
-1947
-1952
-2417
-2612
-2137
-1013
108
512
180
-322
-258
361
1042
1345
1310
1299
1462
1754
2074
2311
2378
2232
1992
1982
2303
2673
2654
2096
1376
920
821
801
658
441
226
-52
-481
-831
-864
-611
-456
-600
-835
-877
-761
-844
-1116
-1287
-1101
-738
-655
-823
-901
-579
-9
381
566
717
949
1177
1375
1739
2276
2625
2467
2011
1796
2015
2285
2211
1882
1699
1786
1865
1789
1669
1699
1789
1695
1400
1116
1020
1006
916
716
529
356
-16
-642
-1252
-1454
-1199
-922
-1004
-1392
-1821
-2104
-2245
-2168
-1860
-1564
-1577
-1975
-2404
-2500
-2303
-2210
-2497
-2994
-3303
-3240
-3055
-3071
-3359
-3757
-4121
-4357
-4316
-3848
-3101
-2570
-2593
-3009
-3226
-2868
-2009
-1017
-216
335
645
850
1072
1453
2026
2608
3143
3612
4092
4542
4747
4674
4461
4394
4600
4940
5190
5184
4916
4519
4240
4190
4243
4055
3415
2645
2197
2201
2269
1928
1189
387
-271
-863
-1440
-1854
-1947
-1960
-2214
-2710
-3166
-3266
-3165
-3151
-3276
-3340
-3171
-2905
-2752
-2774
-2792
-2762
-2699
-2528
-2172
-1566
-961
-553
-302
-44
390
906
1457
2053
2658
3096
3148
2932
2687
2628
2643
2513
2243
1926
1702
1486
1157
766
376
4
-392
-777
-1006
-1072
-1181
-1526
-2083
-2544
-2741
-2853
-3154
-3662
-4000
-3829
-3233
-2657
-2449
-2532
-2602
-2449
-2067
-1538
-966
-467
-175
-84
-17
112
170
-9
-322
-454
-217
230
534
473
88
-268
-222
303
970
1202
843
369
440
1212
2059
2342
2024
1596
1522
1777
2128
2446
2665
2692
2447
2140
2112
2387
2564
2278
1706
1388
1568
1880
1820
1395
1001
904
958
926
837
800
786
585
208
-25
20
161
79
-253
-554
-691
-776
-959
-1143
-1145
-1037
-1002
-1123
-1185
-1061
-896
-893
-1085
-1198
-1085
-833
-648
-639
-680
-662
-577
-487
-440
-397
-329
-234
-109
36
123
61
-182
-475
-643
-665
-686
-872
-1215
-1581
-1854
-1994
-2045
-2064
-2139
-2306
-2447
-2419
-2199
-1972
-1934
-2018
-2029
-1889
-1732
-1686
-1646
-1497
-1271
-1105
-956
-619
-104
307
437
609
1258
2297
3124
3324
3226
3414
4001
4524
4597
4362
4111
3962
3842
3709
3662
3495
2907
1931
1020
716
832
780
197
-692
-1400
-1847
-2156
-2455
-2626
-2704
-2944
-3360
-3701
-3550
-2988
-2462
-2274
-2283
-2073
-1560
-908
-358
50
358
593
891
1321
1896
2357
2504
2447
2456
2732
3096
3368
3507
3638
3797
3809
3615
3289
3082
3015
2953
2762
2356
1834
1182
469
-185
-636
-888
-1175
-1651
-2260
-2744
-3049
-3343
-3752
-4165
-4275
-4118
-4003
-4216
-4689
-5047
-5076
-4786
-4354
-3946
-3712
-3744
-3892
-3791
-3163
-2242
-1546
-1320
-1291
-1032
-525
-34
283
545
884
1191
1345
1452
1694
2034
2218
2153
2077
2250
2587
2788
2736
2606
2565
2534
2412
2271
2242
2313
2269
2013
1699
1535
1518
1480
1354
1237
1225
1233
1130
949
859
935
1070
1127
1095
1072
1119
1219
1288
1263
1145
995
901
912
951
849
506
29
-346
-501
-540
-691
-1062
-1553
-1968
-2171
-2197
-2216
-2358
-2643
-2944
-3067
-2970
-2785
-2700
-2782
-2904
-2898
-2684
-2350
-2062
-1919
-1887
-1813
-1554
-1074
-508
-73
132
214
389
766
1225
1611
1908
2147
2336
2426
2416
2424
2519
2625
2587
2382
2145
1999
1889
1660
1313
1011
870
769
492
52
-291
-363
-294
-382
-732
-1140
-1402
-1477
-1474
-1502
-1530
-1576
-1719
-1932
-2076
-2019
-1812
-1644
-1595
-1547
-1399
-1148
-896
-733
-631
-530
-327
48
551
981
1101
949
827
1022
1453
1774
1810
1719
1781
2004
2134
2038
1838
1743
1818
1936
2020
2064
2025
1821
1453
1113
1013
1125
1181
962
534
134
-99
-216
-352
-544
-773
-1062
-1384
-1675
-1823
-1860
-1976
-2265
-2610
-2814
-2835
-2814
-2877
-2966
-2967
-2864
-2731
-2607
-2431
-2206
-1994
-1799
-1527
-1123
-684
-362
-161
75
396
730
980
1204
1507
1819
1950
1824
1696
1830
2165
2354
2179
1830
1606
1615
1686
1658
1536
1376
1175
949
832
880
956
874
638
481
539
664
600
322
90
82
231
316
224
55
-77
-121
-120
-109
-91
-74
-74
-84
-77
-58
-79
-148
-181
-87
85
142
-19
-284
-395
-255
-29
55
-111
-395
-584
-594
-467
-337
-305
-406
-602
-755
-778
-683
-597
-595
-677
-790
-843
-872
-864
-842
-858
-923
-1017
-1024
-932
-847
-863
-939
-929
-795
-650
-597
-580
-488
-337
-247
-247
-207
-35
148
180
79
40
176
349
398
337
309
332
290
169
124
282
501
499
223
-46
-10
267
481
430
240
142
211
364
480
528
517
453
414
485
674
837
822
696
668
862
1147
1258
1135
983
1058
1371
1691
1787
1596
1308
1143
1227
1466
1620
1506
1138
738
496
421
343
122
-206
-507
-661
-724
-858
-1174
-1589
-1893
-1903
-1667
-1468
-1528
-1802
-2042
-2056
-1872
-1645
-1482
-1363
-1241
-1146
-1084
-1026
-932
-791
-611
-361
-77
119
98
-72
-132
77
426
615
522
333
304
444
586
595
514
469
487
518
522
508
472
416
357
345
388
421
358
175
-4
-49
47
154
130
-39
-238
-325
-280
-225
-270
-399
-489
-456
-338
-265
-314
-454
-572
-550
-392
-194
-98
-131
-207
-205
-74
106
233
262
245
275
403
580
688
639
480
388
481
711
855
766
512
307
307
440
537
503
378
242
139
104
129
174
156
45
-87
-115
-19
103
154
141
160
242
342
400
432
511
663
843
954
954
871
746
663
635
651
639
512
293
44
-143
-260
-388
-581
-820
-1025
-1130
-1165
-1224
-1403
-1657
-1852
-1897
-1784
-1640
-1600
-1695
-1808
-1800
-1644
-1431
-1289
-1238
-1187
-1047
-858
-741
-735
-733
-576
-264
45
164
76
-36
33
338
744
1054
1136
1043
944
1008
1255
1527
1645
1566
1452
1475
1653
1826
1796
1554
1290
1209
1316
1467
1506
1385
1154
897
713
639
649
664
608
470
291
98
-106
-282
-373
-336
-263
-300
-485
-706
-820
-810
-761
-745
-747
-741
-753
-812
-883
-866
-752
-633
-601
-640
-632
-527
-417
-407
-466
-472
-370
-235
-197
-268
-309
-244
-128
-114
-239
-356
-345
-220
-111
-103
-160
-205
-216
-210
-187
-139
-95
-115
-195
-236
-165
-31
16
-96
-263
-330
-233
-98
-72
-167
-264
-262
-183
-135
-171
-225
-223
-168
-110
-88
-55
0
23
4
-32
4
135
279
337
302
250
253
321
387
413
407
403
429
464
477
467
458
472
526
607
680
735
767
809
876
954
1018
1042
1059
1089
1127
1144
1092
988
880
788
733
672
559
387
173
-15
-144
-239
-324
-446
-608
-758
-856
-882
-875
-890
-962
-1045
-1052
-963
-827
-758
-786
-832
-799
-667
-527
-472
-492
-496
-423
-286
-162
-124
-170
-234
-238
-141
-4
81
49
-66
-156
-142
-44
39
41
-20
-60
-40
6
0
-94
-215
-275
-217
-88
1
-45
-233
-449
-577
-553
-445
-393
-459
-590
-698
-732
-738
-790
-873
-938
-920
-822
-705
-640
-647
-682
-672
-554
-350
-126
55
169
275
402
572
775
976
1154
1297
1411
1525
1674
1849
2000
2065
2036
1958
1915
1944
2015
2042
1936
1723
1483
1301
1210
1150
1045
856
612
378
211
124
72
0
-123
-285
-444
-556
-604
-617
-644
-729
-856
-980
-1068
-1105
-1126
-1170
-1246
-1325
-1353
-1310
-1238
-1208
-1236
-1281
-1250
-1110
-904
-697
-561
-504
-464
-403
-297
-153
-13
112
206
269
307
303
271
221
184
181
165
141
96
24
-39
-106
-185
-288
-389
-456
-490
-503
-533
-602
-684
-746
-770
-755
-757
-796
-855
-883
-844
-762
-669
-616
-607
-601
-575
-497
-386
-256
-124
-12
89
173
253
362
502
666
818
953
1081
1220
1378
1528
1653
1750
1833
1912
1991
2035
2035
2006
1963
1937
1918
1874
1783
1628
1443
1272
1121
992
857
693
510
310
102
-108
-302
-476
-619
-732
-840
-964
-1123
-1275
-1385
-1450
-1473
-1490
-1524
-1569
-1605
-1615
-1595
-1563
-1537
-1505
-1463
-1398
-1323
-1247
-1174
-1102
-1007
-889
-752
-613
-490
-384
-282
-176
-57
54
154
245
319
395
452
487
504
507
510
528
544
553
552
536
507
473
443
402
360
310
259
211
148
87
20
-46
-101
-156
-215
-276
-326
-357
-374
-376
-362
-343
-316
-281
-244
-184
-104
-4
108
218
337
438
527
628
742
873
993
1083
1134
1171
1218
1272
1313
1325
1296
1228
1149
1080
1039
1016
951
836
684
541
451
393
342
258
133
-23
-191
-331
-433
-503
-591
-736
-905
-1078
-1206
-1291
-1367
-1437
-1533
-1623
-1691
-1718
-1698
-1679
-1670
-1688
-1691
-1632
-1516
-1365
-1239
-1156
-1100
-1028
-887
-689
-469
-277
-163
-88
-2
146
368
608
789
876
911
941
1022
1147
1284
1391
1430
1422
1390
1368
1353
1342
1311
1246
1165
1059
939
816
683
549
405
247
98
-33
-143
-242
-353
-465
-562
-613
-614
-575
-535
-519
-520
-507
-436
-299
-135
-5
73
113
166
269
403
529
611
648
660
667
675
677
686
687
673
631
552
452
353
282
237
211
165
62
-70
-188
-260
-300
-353
-447
-556
-647
-710
-754
-802
-880
-1002
-1130
-1215
-1244
-1252
-1284
-1350
-1421
-1449
-1420
-1373
-1348
-1363
-1374
-1320
-1176
-972
-776
-626
-533
-448
-318
-135
74
268
432
580
745
929
1100
1208
1233
1220
1229
1294
1394
1472
1469
1379
1255
1161
1127
1093
1002
846
670
549
502
482
410
267
90
-61
-121
-106
-86
-120
-211
-295
-315
-270
-204
-172
-173
-183
-164
-92
10
112
179
211
244
289
356
432
489
531
548
562
570
560
544
512
475
423
365
306
243
185
118
26
-86
-192
-287
-365
-441
-531
-635
-739
-836
-916
-979
-1037
-1100
-1177
-1239
-1269
-1273
-1263
-1264
-1279
-1283
-1267
-1220
-1144
-1065
-989
-917
-852
-763
-639
-509
-383
-270
-168
-45
125
310
473
586
647
690
758
840
905
941
927
899
889
890
894
850
727
564
436
404
457
519
523
448
340
261
243
267
293
289
250
234
265
349
401
367
261
140
104
161
259
309
263
161
65
25
26
19
-15
-67
-82
-49
14
61
58
28
4
17
86
169
249
315
367
411
434
446
437
421
411
410
414
403
367
288
184
63
-56
-156
-248
-331
-415
-499
-588
-663
-721
-751
-735
-718
-692
-654
-619
-569
-514
-476
-463
-471
-471
-457
-449
-462
-515
-614
-735
-862
-979
-1059
-1096
-1083
-1042
-997
-940
-900
-873
-836
-768
-620
-395
-131
105
250
330
382
454
535
624
725
833
953
1040
1052
988
910
877
901
960
1010
1017
978
924
860
788
718
638
559
469
386
328
294
260
205
126
36
-37
-75
-88
-68
-12
67
152
210
200
139
79
69
119
206
271
293
276
230
164
78
-13
-85
-123
-121
-94
-85
-110
-175
-252
-327
-366
-377
-380
-344
-310
-284
-282
-310
-325
-325
-305
-267
-229
-196
-171
-158
-159
-164
-174
-175
-191
-211
-226
-238
-237
-238
-253
-278
-315
-353
-361
-353
-335
-323
-324
-320
-307
-289
-268
-240
-197
-131
-46
35
91
130
160
191
223
257
285
307
318
344
360
331
291
232
191
187
202
225
239
227
190
136
81
58
70
97
126
135
119
99
66
38
15
3
4
26
83
130
172
191
182
174
182
214
275
354
440
511
535
519
485
454
456
484
530
572
579
551
483
385
285
197
127
76
19
-59
-166
-296
-439
-574
-671
-739
-778
-829
-895
-948
-1015
-1066
-1110
-1159
-1167
-1169
-1178
-1188
-1237
-1278
-1284
-1283
-1246
-1215
-1181
-1120
-1057
-980
-893
-780
-646
-483
-304
-132
29
176
313
441
571
704
842
975
1079
1135
1152
1157
1162
1189
1241
1290
1334
1364
1369
1340
1285
1231
1182
1147
1122
1086
1048
991
879
696
457
220
32
-78
-150
-226
-319
-455
-626
-830
-1002
-1082
-1055
-961
-864
-794
-741
-704
-688
-688
-658
-555
-377
-181
-23
89
172
228
248
253
299
429
604
755
843
858
830
755
650
587
610
715
786
726
534
288
71
-88
-176
-179
-122
-95
-192
-423
-679
-843
-869
-782
-656
-541
-479
-517
-664
-858
-987
-984
-874
-727
-627
-607
-683
-831
-973
-1045
-997
-846
-668
-526
-441
-398
-381
-366
-314
-225
-98
41
167
255
288
293
266
230
217
240
301
379
433
442
410
358
322
318
370
473
591
685
715
683
612
559
553
587
653
715
735
688
567
392
222
113
99
188
312
397
395
307
198
122
110
172
275
396
511
589
617
572
465
329
195
105
72
88
120
122
63
-68
-250
-428
-532
-534
-442
-307
-204
-170
-209
-296
-385
-435
-424
-351
-248
-149
-87
-102
-187
-300
-402
-450
-440
-399
-352
-335
-354
-402
-468
-526
-570
-583
-574
-555
-522
-492
-464
-450
-452
-465
-483
-503
-516
-510
-493
-464
-437
-408
-376
-349
-319
-290
-256
-200
-117
-10
117
252
366
463
535
584
640
691
750
819
887
946
961
946
898
834
778
732
701
668
630
575
487
390
295
228
201
194
185
160
116
58
-5
-50
-51
-15
46
111
153
162
144
114
99
102
128
155
164
146
81
-17
-127
-232
-312
-368
-406
-444
-503
-575
-671
-768
-833
-856
-826
-767
-699
-631
-570
-524
-484
-433
-358
-263
-143
-10
108
194
246
268
269
265
271
291
327
366
392
402
388
357
316
283
287
305
339
369
362
322
238
142
58
10
13
30
42
21
-60
-183
-308
-383
-379
-311
-201
-105
-70
-102
-192
-290
-340
-311
-208
-70
50
114
98
18
-74
-125
-97
-7
117
226
273
233
136
38
-17
7
93
202
290
325
285
194
94
37
39
88
167
237
276
266
203
115
32
-12
-18
11
47
65
49
-11
-97
-184
-250
-282
-294
-312
-337
-381
-423
-461
-485
-482
-464
-440
-433
-434
-429
-413
-373
-304
-231
-165
-104
-70
-56
-36
-7
50
128
214
299
363
403
412
397
374
346
328
326
346
382
399
376
319
240
160
101
86
121
191
263
302
287
232
165
128
138
199
286
348
370
335
259
173
104
81
100
148
204
222
199
147
71
13
-22
-34
-19
-10
-6
-12
-37
-81
-139
-204
-262
-308
-337
-353
-359
-375
-393
-423
-452
-466
-478
-471
-455
-429
-392
-369
-343
-320
-297
-269
-248
-235
-245
-272
-309
-355
-394
-418
-426
-428
-430
-444
-478
-517
-545
-549
-513
-441
-341
-233
-135
-52
4
55
109
176
270
377
478
560
606
627
620
608
613
619
631
634
622
604
581
542
499
450
412
388
363
342
315
295
284
267
242
198
152
117
106
120
149
175
173
143
97
49
24
31
67
104
124
111
58
-11
-70
-93
-83
-51
-36
-61
-115
-192
-253
-286
-282
-242
-203
-183
-193
-235
-271
-284
-268
-213
-151
-89
-43
-34
-52
-87
-121
-135
-134
-117
-100
-102
-116
-162
-225
-283
-344
-383
-390
-384
-352
-310
-287
-273
-269
-264
-241
-197
-139
-70
-13
23
43
50
63
82
99
118
135
150
166
171
180
191
190
184
174
172
175
182
190
189
177
153
125
106
93
82
71
70
67
61
50
33
19
9
11
29
58
89
124
143
160
172
163
165
164
175
197
200
192
176
151
111
69
23
-13
-26
-45
-58
-80
-99
-109
-114
-100
-80
-59
-32
-8
6
6
3
-9
-19
-22
-22
-19
-26
-48
-80
-114
-143
-160
-164
-146
-111
-86
-70
-74
-80
-76
-67
-49
-37
-30
-22
-26
-31
-37
-51
-70
-84
-87
-83
-71
-50
-29
-23
-25
-21
-9
12
40
65
88
102
101
93
77
58
44
38
40
37
31
4
-36
-77
-105
-99
-88
-61
-45
-40
-40
-56
-68
-70
-59
-43
-22
6
25
36
23
8
4
9
31
63
92
107
113
104
99
98
96
99
91
90
91
96
107
114
114
99
84
69
67
76
79
79
73
53
26
-3
-22
-30
-29
-13
2
6
6
-10
-29
-43
-43
-30
-13
0
1
-14
-46
-83
-115
-134
-129
-112
-101
-97
-115
-130
-143
-150
-128
-97
-67
-45
-25
-5
5
2
-13
-29
-35
-28
-23
-25
-32
-53
-65
-70
-74
-77
-83
-87
-77
-61
-36
-16
-13
-5
3
8
14
17
21
42
63
75
76
66
57
51
52
59
75
91
105
110
113
117
113
109
100
97
99
98
102
109
113
116
113
100
82
60
35
14
2
-6
-9
-10
-12
-19
-31
-44
-65
-78
-79
-67
-42
-23
-13
-18
-28
-40
-50
-54
-60
-60
-50
-46
-35
-31
-32
-31
-39
-41
-36
-34
-24
-3
16
30
39
38
35
17
-4
-16
-32
-38
-37
-33
-22
-19
-27
-38
-52
-56
-49
-34
-15
12
37
49
53
50
42
28
13
2
-1
-3
-7
-13
-25
-38
-44
-43
-40
-24
1
28
54
70
85
94
87
81
67
48
44
31
14
-12
-46
-70
-82
-77
-67
-62
-63
-83
-103
-115
-107
-76
-38
2
32
44
45
39
37
43
61
85
106
118
119
109
94
79
70
73
77
86
93
103
120
129
148
161
157
152
130
108
90
79
77
61
29
-11
-56
-102
-136
-152
-143
-124
-115
-119
-132
-146
-150
-146
-126
-98
-76
-57
-52
-67
-85
-110
-132
-141
-141
-141
-127
-124
-121
-103
-89
-69
-47
-30
-15
-3
7
25
45
69
95
101
101
89
70
59
58
58
61
69
68
60
43
23
13
9
19
37
51
59
58
42
23
8
-2
-2
1
2
0
-15
-51
-92
-110
-110
-88
-58
-32
-12
-5
6
21
37
77
114
141
160
160
155
148
135
123
110
97
87
74
63
50
36
22
8
-2
-5
0
10
29
43
39
17
-18
-54
-83
-100
-94
-79
-66
-73
-100
-141
-182
-202
-202
-177
-141
-120
-114
-123
-144
-151
-151
-133
-103
-71
-44
-24
-10
-6
-4
-5
1
10
23
47
65
82
90
88
75
56
53
65
94
123
135
135
122
103
88
87
102
122
134
139
138
126
108
96
99
94
88
71
45
23
8
7
13
18
18
10
-5
-21
-35
-33
-25
-21
-16
-21
-34
-49
-60
-65
-64
-61
-59
-69
-77
-83
-88
-85
-81
-73
-69
-68
-71
-79
-83
-87
-82
-69
-59
-45
-38
-33
-33
-39
-46
-45
-32
-14
2
16
21
22
17
7
-5
-15
-20
-20
-17
-21
-27
-44
-62
