48
61
66
71
79
88
97
102
111
114
112
112
110
116
114
110
110
102
92
85
84
82
72
64
55
42
29
21
22
20
14
6
6
7
3
-2
-8
-16
-25
-33
-33
-36
-40
-44
-53
-58
-69
-79
-80
-89
-90
-89
-93
-98
-101
-100
-99
-101
-101
-96
-89
-90
-90
-86
-85
-84
-83
-79
-65
-55
-42
-27
-16
-3
8
15
24
38
47
59
63
67
74
73
81
85
87
85
83
82
80
83
76
74
77
76
74
65
56
54
50
49
46
53
59
58
57
50
49
53
49
51
53
46
42
40
38
32
25
16
10
5
-9
-20
-30
-36
-39
-40
-42
-45
-50
-55
-54
-52
-57
-59
-61
-65
-67
-76
-80
-81
-83
-86
-87
-90
-97
-97
-93
-96
-96
-94
-96
-93
-100
-97
-92
-86
-78
-73
-70
-67
-57
-51
-43
-30
-19
-5
4
13
24
37
47
53
65
70
80
88
96
106
120
137
143
156
158
166
178
177
178
175
172
173
168
165
159
155
149
133
120
108
95
80
62
45
31
19
3
-12
-28
-39
-45
-54
-66
-76
-85
-92
-97
-106
-114
-127
-141
-152
-159
-165
-170
-170
-174
-178
-185
-188
-182
-175
-168
-163
-156
-149
-137
-129
-117
-100
-86
-69
-58
-45
-30
-20
-5
1
9
21
26
42
47
54
64
65
83
87
91
99
101
108
113
118
121
122
129
126
134
134
132
139
134
137
130
117
112
93
86
72
62
60
43
43
30
11
8
-12
-8
-8
-14
-3
-16
-22
-39
-54
-55
-72
-69
-76
-82
-79
-101
-96
-106
-109
-100
-112
-93
-99
-93
-77
-84
-63
-64
-54
-38
-44
-24
-31
-28
-17
-22
3
0
12
18
5
22
13
16
13
5
21
17
27
22
11
14
-3
4
11
10
27
24
19
5
2
6
15
38
42
51
52
49
56
54
62
74
85
93
92
87
79
74
70
59
56
55
46
31
9
-9
-26
-35
-37
-34
-31
-29
-42
-52
-55
-60
-50
-45
-36
-24
-29
-31
-41
-50
-46
-40
-32
-22
-20
-29
-45
-54
-54
-48
-42
-38
-42
-51
-63
-73
-70
-66
-52
-41
-35
-32
-33
-25
-12
8
28
44
53
53
57
64
75
89
99
105
103
99
84
69
60
49
52
46
32
22
3
-9
-14
-12
-3
1
1
-4
-15
-18
-21
-25
-23
-21
-23
-26
-30
-31
-33
-32
-28
-22
-14
-10
-16
-22
-22
-18
-10
-6
-7
-4
-7
-8
-7
-10
-6
-3
5
4
2
5
4
9
8
6
9
8
8
4
3
-1
0
-4
-3
2
4
6
-1
3
3
5
8
8
21
22
24
27
22
21
12
10
8
4
6
3
-3
-7
-9
-13
-19
-21
-21
-13
-5
3
1
-3
-7
-13
-14
-14
-13
-8
-2
-2
-9
-9
-11
-12
-14
-12
-8
-6
-6
-7
-6
-2
0
3
6
7
4
0
-4
-8
-10
-6
-2
3
11
15
9
6
11
16
20
21
25
22
15
15
16
17
16
20
19
18
13
8
6
3
5
12
18
16
10
8
3
-3
-5
0
0
-2
0
-10
-18
-25
-19
-12
-16
-15
-16
-11
-17
-28
-33
-31
-29
-29
-31
-28
-25
-23
-30
-31
-28
-25
-18
-10
3
6
7
8
8
11
6
10
17
23
25
15
16
8
4
6
3
12
18
16
10
4
5
5
13
22
27
34
36
21
14
7
2
4
9
17
18
19
13
13
17
20
24
23
21
12
4
0
1
7
6
13
6
-7
-20
-38
-41
-41
-38
-36
-27
-21
-31
-45
-56
-47
-39
-32
-18
-14
-12
-21
-22
-14
-15
-7
-2
8
17
23
28
29
32
25
24
21
16
12
8
14
18
6
4
6
8
5
5
5
1
4
1
7
16
20
22
19
10
18
24
21
14
13
18
19
13
7
3
1
9
18
12
2
-5
-8
-4
-7
-18
-19
-12
-16
-24
-27
-29
-30
-39
-34
-24
-18
-23
-32
-23
-15
-15
-18
-14
-8
-21
-38
-47
-45
-36
-30
-32
-37
-26
-5
-16
-41
-35
-9
21
30
25
46
60
48
18
8
38
50
44
44
68
90
56
10
-2
20
17
-4
24
64
76
43
5
-2
-1
7
13
37
78
89
80
52
20
25
44
35
23
41
69
64
11
-28
-31
-18
-30
-56
-35
13
26
-23
-57
-43
-33
-47
-69
-46
10
33
0
-33
-42
-46
-78
-129
-123
-72
-13
-2
-41
-74
-102
-156
-191
-165
-95
-39
-24
-28
-53
-94
-161
-187
-121
-51
-16
23
45
14
-58
-120
-98
-23
39
93
157
160
75
-30
-83
-38
24
76
161
286
300
134
4
1
18
30
95
219
360
397
211
13
8
36
-18
36
212
345
375
258
17
-88
-34
-74
-74
144
303
285
239
76
-130
-125
-91
-188
-116
96
96
28
-9
-180
-280
-209
-295
-378
-163
-5
-54
-71
-132
-277
-282
-289
-391
-252
27
62
9
18
-92
-202
-171
-175
-132
109
264
196
122
51
-58
-52
-27
-68
80
325
271
73
79
89
-48
-99
-39
62
194
209
86
83
114
-43
-123
3
60
40
138
156
34
45
61
-66
-73
40
22
4
83
57
-24
-8
-28
-74
-37
-24
-32
35
19
-97
-78
-40
-116
-106
-30
-79
-96
-30
-90
-192
-131
-74
-155
-174
-74
-38
-120
-186
-146
-59
-95
-172
-66
63
12
-38
-10
6
48
62
26
69
213
203
63
70
168
179
123
137
225
289
277
171
115
183
182
138
174
213
243
250
164
39
66
186
91
-49
63
156
39
-49
6
15
-53
-20
-15
-67
-75
-6
78
-70
-219
-40
89
-83
-213
-70
38
-44
-107
-193
-161
29
-52
-308
-252
39
73
-238
-403
-230
-55
-228
-483
-238
125
-20
-399
-436
-137
-68
-350
-418
-48
185
-123
-357
-192
-86
-97
-124
-127
63
273
69
-213
-65
89
40
119
166
56
194
323
-46
-222
201
400
86
-82
142
344
153
-193
-72
353
311
-71
-22
369
374
-30
-147
213
390
99
-66
288
510
166
-56
129
284
206
8
42
351
408
74
-86
179
256
-73
-110
189
243
108
-11
-44
32
-20
-191
-171
-19
38
-21
-98
-115
-166
-199
-204
-343
-291
-34
-103
-239
-152
-178
-249
-259
-359
-326
-116
-127
-316
-237
-43
-168
-385
-262
-66
-140
-217
-245
-152
60
-102
-340
-79
143
-128
-219
-12
1
17
56
-23
39
192
102
-98
50
178
54
133
347
290
131
247
190
62
204
183
167
364
495
231
82
429
299
-14
105
291
336
254
264
104
190
240
-182
-4
314
176
-4
50
142
-131
-4
-5
-198
156
75
-172
-47
122
-65
-240
57
-188
-272
80
-90
-94
-13
-84
-265
-273
-139
-330
-201
-99
-187
-52
-261
-335
-205
-280
-471
-354
-5
-252
-286
-92
-252
-268
-199
-190
-343
-171
52
-275
-267
141
165
-216
-179
110
-15
-274
-19
144
198
298
151
79
181
139
-189
4
366
373
400
362
203
359
82
-152
61
593
438
217
765
499
126
58
186
70
356
566
532
699
417
215
275
-117
-150
364
298
354
285
375
147
-390
-248
-146
-431
-235
20
-157
-8
-219
-846
-367
-179
-1045
-620
-367
-247
-300
-819
-333
-287
-545
-734
-630
-305
-222
-410
-449
162
190
-555
-258
197
-236
-336
95
293
214
300
9
253
323
-174
-131
505
457
61
298
447
256
-10
219
29
51
590
134
-43
606
-11
-34
295
-30
-161
291
513
-2
75
62
379
-63
-431
241
351
46
229
181
205
235
-230
-110
334
163
-20
334
339
143
-41
83
-73
-84
31
200
-106
-30
320
-174
-148
-388
-170
-35
-247
-534
-73
401
-633
-363
69
-155
-619
-638
127
-292
-306
-158
-157
251
-473
-464
-434
-42
40
-418
-10
92
383
-395
-719
116
-110
-204
-51
297
434
-116
242
-320
-218
-27
142
271
92
656
477
138
204
-229
56
525
251
51
797
768
110
490
-192
49
398
-49
-35
423
619
92
-203
346
-473
-529
419
-123
-586
500
232
-433
-281
-264
-247
-53
-256
-355
224
67
-225
-528
67
-214
-89
-114
-312
307
480
-539
-373
523
232
-358
-95
384
349
71
-247
-195
405
399
-369
-214
408
518
-720
-476
377
7
-338
-392
-153
50
18
-625
-585
32
-37
-477
-663
293
532
-671
-627
147
54
-159
-31
160
340
234
9
78
236
475
-203
302
491
627
309
262
418
-112
137
526
618
433
-18
780
220
-298
202
522
438
-367
181
702
202
-263
-654
112
523
-289
-823
454
678
-916
-1118
-9
526
-571
-713
-83
188
-341
-736
-905
-135
67
-432
-571
392
-168
-614
-781
-465
-186
-295
-204
-148
273
-256
-461
-159
-393
-121
-374
-110
557
203
-414
22
719
-277
-182
395
569
625
-231
829
906
510
564
287
945
709
543
365
660
1123
380
734
382
227
383
-43
545
-128
22
377
121
-404
-876
347
-246
-1128
-454
70
17
-1077
-710
-364
-473
-640
-1473
211
303
-1092
-526
83
-401
-670
-249
-540
45
128
-201
-170
395
22
-562
-127
673
-439
-343
629
141
65
121
-11
147
255
-95
-223
400
566
-401
52
516
292
-98
272
247
85
367
142
422
199
508
-199
43
1125
98
-315
597
451
-98
-225
534
493
-574
-179
185
390
90
-731
93
478
-868
-846
802
60
-380
-129
25
333
-729
-260
-186
-72
117
-76
74
357
-393
-557
-186
97
-444
-158
-277
469
407
-835
-398
60
-117
-849
157
409
211
-459
-464
-82
273
-394
-8
-107
15
347
-124
-288
250
636
-455
-346
592
650
-176
23
332
705
-55
221
79
612
14
-505
702
542
19
-202
596
29
-833
346
63
-5
221
-251
362
-485
-326
-157
129
375
-290
100
-142
250
-526
-443
720
64
-159
255
125
27
-72
-438
-176
486
247
-459
350
625
-545
-876
214
94
-296
342
-15
-340
256
-419
-754
281
113
-522
-15
201
-138
-223
-32
-467
-100
593
-613
-423
1039
-162
-1083
349
398
-498
132
284
-141
120
-297
-244
396
-11
127
59
316
501
-149
-280
496
-274
220
448
12
623
536
-367
-103
-79
-178
180
319
607
311
93
-465
-308
72
-96
-219
373
327
362
-381
88
-322
-334
-431
-18
676
-400
628
-225
-552
58
-491
373
-430
-326
733
-252
-37
-339
-8
141
-577
41
246
225
-491
-305
312
212
-86
15
-228
4
148
209
-536
658
426
-723
303
258
169
-633
-41
187
129
175
265
-527
159
-382
-299
775
111
-347
239
95
-655
215
-61
-301
111
830
-163
-399
451
-304
-1237
448
689
-208
190
292
156
-692
-401
30
443
44
64
-173
214
968
-1010
-436
722
43
-706
563
719
-418
-98
-133
238
354
-477
-57
356
292
-552
-143
651
388
-338
-673
784
-107
56
51
50
405
-613
404
242
-433
-355
-143
786
-191
-383
-319
-122
363
-425
-386
655
-105
-1176
-228
1196
5
-644
-448
121
782
-629
-641
259
761
-204
-980
70
258
-14
-128
-591
372
363
-609
-643
403
473
-689
-567
1009
706
-897
63
384
154
36
-935
1112
1288
-130
-554
119
870
-206
-304
301
990
126
-192
358
390
18
-548
127
586
193
25
79
510
-368
-713
1123
432
-326
-8
-687
96
414
-427
64
1281
-285
-1051
248
329
-690
-812
255
652
-278
376
79
-880
-476
-617
-773
255
853
-318
-526
387
-29
-743
-616
-742
-156
10
138
-387
557
1132
-913
-1511
-273
561
13
-354
204
59
-335
-19
438
868
-427
-510
-67
59
-288
-90
1182
649
123
-101
-431
263
619
-429
35
136
149
386
943
-349
-386
1236
102
-1089
-60
1110
110
-796
-28
513
1138
-198
-946
952
206
-1031
-1165
1154
1346
-1114
-198
1116
358
-891
-121
105
-260
-581
-457
1333
518
-376
383
421
-333
-998
-478
608
-281
-467
584
732
912
-704
-841
373
-413
-921
-115
90
-252
550
942
-31
-599
-1645
-1286
-112
746
819
-814
411
-150
-1370
-843
71
-258
-891
469
709
288
-292
-1000
-749
-884
128
532
475
1248
186
-739
-502
580
-119
-744
1087
818
409
1190
554
264
21
83
-94
668
938
106
1032
1434
-77
-305
601
-64
-1293
182
832
1099
1131
-815
112
3
-1090
-595
744
436
-466
-204
213
610
-471
-209
124
-651
-797
-484
228
256
-607
268
202
-353
-433
-975
-700
-551
-1168
0
900
-296
-176
956
-414
-2400
-1023
-250
289
861
799
941
520
-245
-1306
-355
226
-1164
610
1921
874
296
-346
-493
-880
-1184
-906
467
1544
363
341
3
-852
-1015
-853
-233
-94
884
1136
333
-34
8
808
-446
-1411
610
1239
179
117
1316
1116
-450
-1058
-206
436
-160
-282
1328
1876
-478
-1292
890
267
-1338
108
1043
660
509
550
842
736
-1030
-1775
589
1267
213
1013
967
-206
-613
-882
-743
-137
-50
47
669
506
-426
-514
-943
-1289
-1090
-360
214
-202
253
42
-1236
-1220
-1138
-649
12
-559
-645
306
560
-1001
-1193
-5
-248
-292
-216
-199
609
-146
-290
573
274
-29
45
294
299
176
-157
-76
889
430
470
897
221
-405
58
164
-455
737
1158
705
892
255
-337
320
-79
-283
356
984
1217
987
617
127
-100
-349
-689
-66
248
443
1154
1342
477
-875
-1278
-959
-361
103
247
464
1077
219
-711
-630
-1030
-1247
-986
-584
793
1192
317
-11
-604
-1805
-1771
-835
-239
-12
544
989
467
121
-1166
-2014
-1232
-645
37
1188
1414
694
291
-275
-846
-1155
-1322
-212
862
1320
1521
810
54
-810
-1323
-1124
-404
451
761
1107
980
286
-408
-1035
-1319
-766
61
775
1093
992
878
-43
-895
-587
-15
212
492
782
859
1062
672
-150
-117
-80
-66
394
547
714
1071
513
-169
-89
-385
-533
-129
200
497
639
374
171
-146
-847
-560
-129
-266
-592
-477
-30
239
484
-20
-629
-808
-994
-1043
-486
295
263
-93
411
189
-553
-1292
-1802
-1110
-146
401
506
926
955
624
241
-247
93
354
577
1336
1540
1497
1191
677
434
660
873
409
91
-152
29
-63
-343
-567
-1369
-2478
-3205
-2878
-2631
-2848
-2650
-2447
-2392
-2105
-2229
-2161
-2322
-2267
-1571
-376
796
1164
1688
1893
1375
1394
2099
3110
3548
3586
3829
3994
4037
3249
2350
1827
1567
1477
1851
2243
2078
788
-182
-120
-431
-506
-721
-585
-269
-164
-135
-384
-416
-937
-1291
-1036
-108
889
354
151
-132
-835
-840
-732
-786
-1038
-764
-826
-726
-558
-1250
-2068
-2727
-2670
-2081
-2123
-1939
-1662
-2222
-2681
-2957
-2609
-1720
-574
1061
1668
2190
3537
5441
6019
2299
-831
-1028
-26
823
815
2628
3354
1093
-1194
-1795
-1807
-4674
-7384
-6336
-2586
55
-964
-1618
-3611
-7341
-8969
-7689
-3008
304
1640
2861
3801
4667
3492
2480
2429
2558
4505
7987
11506
11801
9450
6685
3768
2288
1902
2547
3417
3189
2872
2292
1077
-1246
-3843
-5817
-6881
-5737
-3337
-1286
-1017
-1778
-2818
-4279
-4329
-3689
-2594
-1133
61
1512
2512
2339
173
-1778
-2164
-1566
224
1504
2073
1879
806
-28
-990
-2211
-2537
-2010
-1330
-265
940
1069
63
-1300
-2363
-2186
-1010
651
1724
1580
756
-385
-892
-1053
-1085
-1319
-858
691
964
1250
874
-404
-1899
-3680
-3023
-1916
-1
1170
463
327
-1153
-1309
-761
537
2989
5220
9370
10322
7290
2266
-1788
-1957
-2528
-1658
1135
4518
5549
2016
-979
-4442
-8961
-12387
-11143
-4463
607
1664
-1077
-5289
-9316
-12701
-11540
-6816
-1149
3210
5649
7927
8350
6198
3050
1356
2465
5694
10511
14150
14573
11705
6675
2510
185
-180
465
1085
1691
1609
1064
-544
-3392
-6659
-8833
-8222
-5766
-1967
1167
1734
512
-2863
-4705
-3965
-2945
-489
1573
3370
4272
3332
2151
-649
-3131
-4492
-3823
-692
1711
2760
655
-2186
-4450
-6613
-6333
-5252
-2836
-585
858
2255
1320
-381
-2691
-3165
-1044
1553
5191
6618
6028
4236
1345
-620
-1851
-1145
148
1505
3245
3195
1498
-952
-3171
-4353
-3995
-2991
-1290
653
836
62
-1695
-3473
-4692
-5176
-3209
803
5739
9297
12071
13055
8581
665
-5424
-5170
-1697
1017
3455
6130
7681
4349
-1433
-6756
-11223
-14002
-13353
-5718
3852
7307
2721
-6131
-13480
-17086
-15440
-8746
191
7351
10019
9797
8394
5253
397
-2922
-1652
4036
11585
16601
16947
12028
3832
-2977
-5768
-3851
-453
2227
4253
4501
2795
-574
-4377
-7919
-9686
-8455
-3613
3472
7891
6992
1484
-3216
-5616
-5677
-2883
9
4152
6025
5623
3809
-650
-4652
-9281
-9610
-5256
551
4502
2778
-835
-5990
-8588
-8999
-7701
-3543
-871
2962
4729
4261
2436
-1806
-3355
-2639
1284
6435
9682
9878
6206
1577
-2213
-3487
-2661
-399
1971
4112
4551
2591
1052
-2376
-4945
-5293
-3299
1014
2663
3526
1392
-1634
-3364
-4760
-3198
-2925
-1238
380
2514
6661
7885
9580
6772
1707
-2567
-4622
-888
-112
-304
-543
1166
4241
2117
-1039
-6887
-11997
-14059
-11120
-1284
5282
5299
-1306
-9213
-13670
-14360
-10044
-4058
2531
7121
9352
10458
8492
3950
-1512
-3294
442
7516
14476
16510
12782
5767
-1043
-4548
-4160
-1800
282
1592
2097
1754
-64
-3762
-7584
-9804
-8214
-4176
1168
6178
6882
4045
-953
-3306
-2521
-539
2311
4007
6284
6606
5260
2588
-1465
-4224
-6113
-3512
345
3589
3736
-683
-4351
-7690
-7616
-6414
-4846
-1683
488
2690
2235
650
-865
-2840
-2213
7
3710
7054
7360
5022
975
-2407
-4233
-3745
-1359
1581
3497
3901
2809
-43
-2846
-5375
-4745
-1669
975
3231
2159
475
-2390
-5417
-6541
-6489
-3377
-1401
2369
6966
10051
11633
7508
988
-6161
-7566
-3170
876
3648
2690
2586
2517
-201
-3451
-7506
-10898
-12245
-7529
2180
9308
8109
-1425
-11718
-16492
-14808
-8703
-578
6427
9838
9651
7407
4551
992
-2284
-2771
2479
11144
17489
18040
12146
3605
-3712
-6681
-4319
430
4150
5025
3440
574
-3128
-6872
-9564
-9878
-6773
-1709
3736
6797
5767
1573
-3313
-4912
-3547
-238
2946
4687
5953
5121
2709
-1107
-4071
-5527
-5571
-1901
1471
3607
2256
-2253
-5797
-7729
-6385
-4667
-2410
31
1526
2916
1834
94
-1686
-2718
-1072
2201
6399
8118
6784
3149
-1149
-3074
-3510
-2236
-440
595
2241
2302
895
-1309
-4526
-5180
-4708
-1729
2330
3528
3311
465
-1995
-3093
-4008
-3671
-3532
-1774
1870
8501
15493
15341
8717
-1530
-7724
-7142
-4450
-1022
1957
5308
7007
5060
1325
-5398
-13394
-18902
-17030
-4182
10066
15429
8989
-4918
-16964
-22131
-18646
-8987
1707
9228
11953
11597
8574
2615
-4508
-9334
-6904
3678
15954
22529
19323
9404
-1223
-8270
-8235
-3231
3204
7043
6686
4969
1712
-2515
-7442
-11327
-10567
-6073
1452
7436
8363
4504
-2734
-7115
-7052
-3193
1494
4550
6371
6016
4586
800
-3271
-6371
-7184
-3673
1163
5896
5405
872
-4319
-7711
-6362
-4312
-1584
336
1522
2772
2290
1178
-1009
-2685
-2687
294
5678
9951
10166
5529
54
-3894
-4903
-3651
-1258
1622
2703
2558
1002
-887
-2784
-5413
-5562
-3419
564
4447
4364
2106
-1981
-5543
-6884
-7248
-6021
-3054
4554
13331
17409
13092
2709
-6453
-12084
-11573
-6677
839
7492
9405
8110
3783
-3438
-13375
-20899
-20095
-8630
7007
16614
15860
4148
-10526
-21424
-23306
-15107
-2536
9068
14763
15425
11570
4689
-3452
-10256
-9720
-1164
12141
22191
23382
15980
3226
-7460
-11465
-8102
-213
6587
9560
8990
4989
-802
-6666
-11279
-12065
-8811
-1542
5609
8540
6979
574
-5357
-9038
-9224
-4207
1293
6229
8255
7247
4521
-717
-5007
-7826
-6328
-1310
3389
7012
5769
2011
-2162
-5396
-6494
-5743
-2500
691
3163
3024
1513
-332
-2881
-4003
-3663
-21
4112
7497
8557
4871
636
-3689
-4399
-2063
89
3180
4521
5063
3041
-1111
-4227
-6334
-4448
-964
2519
4620
2265
-1187
-4993
-7536
-9332
-8869
-1911
8419
17301
15885
5760
-4708
-11875
-12292
-9820
-4257
3512
8999
10609
6614
-482
-10624
-20315
-23101
-14472
2532
16304
18331
7942
-6825
-19271
-22831
-16957
-5851
6210
13226
15871
13785
7976
-590
-8774
-10363
-4105
9063
21006
24980
19626
7135
-4964
-11290
-9882
-3107
4322
9131
9955
7531
3300
-2205
-7401
-10604
-10205
-3574
5558
11906
11816
4396
-3955
-9931
-10576
-6823
-2034
3165
5606
6793
5626
1615
-3611
-8781
-10009
-6702
439
5703
6744
3460
-1866
-4523
-5758
-4483
-2560
-228
2234
3165
3529
1248
-1607
-4199
-5333
-2667
1498
5473
6295
3258
-1930
-5492
-5953
-4250
-602
895
1950
1441
150
649
-1014
-1303
-2911
-879
3606
4579
4198
-2054
-5487
-8510
-6603
3936
15803
23308
13694
-63
-9472
-10211
-7204
-8757
-4301
2030
9723
11150
6354
-1764
-15636
-26610
-27557
-9990
12512
24635
18117
-529
-16405
-24787
-21055
-11778
808
10255
13746
14202
11861
7598
-2715
-12527
-14092
-2064
15951
27394
27277
16135
2483
-8377
-11039
-6829
-32
4822
5922
6175
5717
4045
-1843
-8598
-12276
-8296
1440
9937
13550
8520
-30
-7603
-10121
-7698
-3857
68
2655
5099
5233
2956
-2943
-9390
-12430
-9589
-992
5513
6676
509
-6856
-9567
-7617
-3084
-674
1104
2487
4597
5551
3724
-92
-5086
-7010
-3911
3453
9700
10144
4758
-2193
-6908
-7808
-5606
-2351
1578
3469
4529
3881
1171
-1567
-5296
-5292
-2111
2727
7144
6489
3175
-2132
-6440
-6191
-693
9926
17861
16498
7112
-2861
-6940
-7629
-8688
-7636
-2007
6445
10815
8614
1676
-9618
-20811
-26064
-17156
1603
16327
18227
6627
-7630
-18327
-21816
-17340
-7753
3903
11816
14409
13383
9405
2088
-6691
-12086
-7558
5456
18875
25634
21825
11474
-1004
-9725
-10852
-6305
907
5021
5510
4544
2578
-342
-5806
-11028
-11909
-6204
3382
10387
12268
7607
420
-5462
-8300
-6035
-2247
1986
4667
5630
5391
2086
-2526
-8549
-11154
-8770
-3168
2373
2754
412
-3369
-5182
-5603
-5644
-3883
-1978
1370
4072
5970
6614
4342
586
-2407
-1957
1032
3874
4810
4382
2541
-443
-3060
-4095
-3096
-2046
-1000
496
2280
3504
3216
1784
-280
-1363
-1965
-1384
-420
-126
1553
4341
10467
15583
13625
4319
-7215
-11637
-9774
-5545
-2119
1197
4123
4053
1320
-3325
-8444
-15966
-20491
-16257
-2620
12660
17022
8964
-6062
-18194
-22041
-16598
-5491
5471
11839
11556
8660
5070
1661
-2658
-6297
-4851
2343
12804
20184
20566
14298
3941
-5666
-9450
-6430
697
6099
6265
3562
350
-1668
-3839
-6321
-7371
-6080
-2187
2021
5276
5766
3202
-1157
-4605
-4362
-1154
2900
4767
4261
1790
-902
-2609
-2897
-1693
-1334
-1503
-2885
-4160
-4424
-4000
-2217
-1109
-673
-760
-920
-607
-677
-731
127
1687
3791
5295
5250
4230
1840
-392
-1749
-2048
-1099
-414
-361
-390
-153
289
158
-1363
-1753
-1237
631
3120
3225
2954
473
-1000
261
4144
11982
17073
16057
6781
-3587
-8508
-8806
-6888
-6356
-2671
1748
3964
1852
-4866
-12129
-19773
-22656
-17174
-4501
7583
10583
3583
-7236
-15133
-17465
-13472
-5990
3434
10026
11758
10568
7786
5577
1303
-2933
-2926
3460
13911
20255
19180
12300
4577
-661
-3253
-3210
-1026
1135
1364
214
-644
-326
-1919
-5434
-7809
-7309
-4083
-1075
811
2188
2409
841
-674
-497
1406
3212
3123
1395
530
288
-495
-371
-1080
341
808
-1617
-4380
-8210
-7191
-4451
-754
2172
1709
1461
-307
-1148
-1343
-1313
-417
474
2074
4902
7722
8333
6112
1000
-2870
-4051
-2016
1354
2279
1646
-1194
-2651
-2822
-3322
-3328
-4817
-4049
-1769
682
2636
1419
372
1312
6648
13206
14270
9504
1397
-3564
-5521
-6880
-5619
-1648
3925
6284
4501
808
-4918
-13378
-21647
-22067
-11736
2761
10238
7113
-3769
-14695
-20216
-19206
-11559
-2998
4197
7827
9612
10958
9235
5030
-1656
-4954
-969
9232
20774
26328
23660
15111
5497
-1440
-3616
-1855
1837
3798
3459
2524
1261
-144
-4786
-10899
-14833
-14470
-9076
-2694
1866
3527
2194
-797
-3420
-3653
-545
2902
4200
3599
3230
4965
5353
3172
-1452
-5370
-5891
-4892
-2599
-839
314
-338
-3462
-6280
-6699
-4381
-2140
-1494
-848
826
1847
1304
-790
-939
1456
3386
4310
3030
2300
2392
2270
2377
2232
1783
327
-1215
-1715
-604
-476
-1878
-3517
-4100
-2377
1270
7666
13032
13279
7213
-130
-2972
-2817
-1895
-1977
-34
3641
5952
6058
3183
-1216
-8069
-14588
-15540
-9065
453
4766
1291
-6197
-11786
-13667
-12824
-10989
-8178
-5028
-2463
344
3076
6071
6811
4396
1325
557
4041
9596
14109
15986
15585
13545
11139
8786
6716
4492
1286
-1158
-1398
1392
4532
4389
-9
-6888
-12275
-14661
-13828
-10727
-6665
-3355
-2296
-2461
-2406
-1674
-1896
-3405
-4213
-2705
832
4529
7262
8391
6527
1682
-3515
-5637
-2837
1590
4505
4696
2707
597
-2071
-4186
-4896
-4050
-2169
-677
273
1059
1462
471
-1545
-3966
-4467
-2673
265
3301
4451
4370
3040
2091
2240
2659
3111
2255
1063
-385
-354
3242
8360
11478
9235
3940
162
-1789
-3746
-6016
-6248
-2798
1977
4710
4989
2507
-2811
-10421
-16631
-15589
-7333
2453
6082
2236
-4109
-8184
-8692
-7962
-6718
-5342
-3915
-2931
-1663
1375
4364
4703
1249
-2257
-1878
1871
5499
7055
7908
9313
10828
10944
10447
9538
7777
4568
959
320
2880
6496
7738
5461
1406
-2926
-6740
-9101
-9251
-7454
-5542
-5169
-4781
-3502
-1953
-2536
-5857
-8751
-9064
-5969
-1413
2647
4966
4310
854
-3346
-4872
-2303
2365
5252
4973
3245
2085
1807
1416
326
-685
-1141
-609
1269
3286
4402
2349
-2326
-6309
-7150
-4043
-510
806
318
-588
-877
-854
-1165
-1072
-496
-52
1175
2450
3756
4603
5137
6925
8409
8604
6813
4386
2404
558
-454
-409
1192
2580
3200
3336
2662
579
-4232
-9396
-11839
-10509
-6910
-4335
-4007
-5209
-7035
-8097
-7841
-6602
-5154
-5372
-6290
-5901
-2847
2099
5136
4945
2395
219
752
3282
6405
8277
8171
7249
6711
7473
8690
8327
6070
2943
1362
2299
4456
6104
5505
3227
434
-1408
-1751
-1602
-1769
-3052
-4408
-4921
-4361
-3277
-3017
-3487
-4575
-5683
-6046
-5689
-4363
-2792
-1986
-1928
-2440
-2382
-1065
256
748
-271
-1518
-1202
123
1806
2436
2042
1141
72
-81
657
1914
2649
2566
1721
383
-1078
-2324
-2385
-1797
-1057
-632
-269
692
1363
1239
118
-1248
-1741
-1508
-556
1272
3790
6571
7956
7159
5093
2988
1949
1405
1207
1963
3613
5523
6120
5137
3481
1826
300
-1303
-2593
-3157
-3165
-3534
-4696
-6503
-8103
-8511
-7660
-5870
-4493
-4325
-5455
-7149
-7785
-6776
-4129
-1157
1151
2484
2469
1631
483
194
1095
2312
3305
4146
5477
6895
7082
5563
3237
1796
1939
2790
3632
4258
4830
5115
4395
2916
1382
203
-836
-1541
-1308
18
1489
1586
42
-2590
-5119
-6702
-6703
-5217
-3909
-3578
-4022
-4352
-4013
-4179
-5163
-5633
-4609
-2089
242
1485
1758
1065
355
-403
-265
1224
2671
3850
4158
3904
3265
2213
1369
600
404
324
520
1430
1942
1711
565
-762
-1717
-2115
-1718
-959
506
1989
3138
4241
4577
4256
3294
2084
1328
1074
1485
2254
3304
4362
4611
4038
3095
2173
1112
-397
-1885
-2594
-2674
-2986
-3897
-4812
-5446
-6263
-7485
-8118
-7217
-5737
-5085
-5893
-6592
-5540
-3311
-1289
-736
-1015
-1138
-660
360
1613
3118
4262
4621
4098
3383
3183
3537
3878
3996
3912
3666
3622
3443
3703
4109
4262
3716
2567
2022
1562
1090
153
-446
261
1394
1566
140
-1596
-3170
-4484
-5691
-5880
-4837
-3576
-2847
-3152
-3708
-4462
-4823
-4972
-4339
-2611
-1011
890
2374
2880
2364
1222
282
-209
651
2276
3479
3568
2472
1053
290
288
-94
-576
-413
118
418
163
-643
-1346
-1259
-954
-959
-875
-25
1711
4157
5869
5633
4228
2738
1830
1178
794
1041
2067
3691
4794
5074
4692
3586
1826
-39
-1107
-1429
-1511
-1878
-2675
-3380
-4076
-4923
-5990
-6827
-6862
-6977
-7323
-7544
-6874
-5045
-3421
-2564
-2261
-1760
-1062
-626
-224
478
1882
3371
4457
4941
4863
4537
3736
2840
2265
2532
3379
3993
4304
4308
4333
3843
2729
1796
1362
1320
1194
1308
1829
1966
1110
-170
-1022
-1553
-2198
-3185
-3621
-3145
-3153
-4051
-4572
-4426
-3780
-3003
-3129
-3130
-2817
-2565
-2190
-1842
-722
454
1520
2301
2004
957
13
-571
-471
1127
2010
1975
1467
-2
-683
-785
-805
-1286
-1474
-754
395
1813
2056
1541
-125
-1665
-1598
13
3868
6433
6509
5370
3409
2021
517
-1111
-1350
-8
2388
4764
6230
6446
4792
1749
-1165
-2236
-1105
447
1275
576
-1399
-3217
-4544
-5338
-5872
-6336
-6541
-6520
-6300
-5954
-5414
-4827
-4757
-4677
-3929
-2782
-1408
-260
725
1647
2081
2192
2652
3895
5044
5426
5071
4488
4383
4496
4672
4410
4173
4345
4532
4481
3321
1831
626
5
-203
-521
-545
-206
202
-338
-1289
-2178
-3003
-3318
-3276
-2766
-2279
-2480
-3507
-4410
-3841
-2490
-1792
-1717
-1789
-1726
-1799
-1457
-578
486
1253
-167
-1965
-2344
-1479
441
869
407
-552
-1395
-1005
-755
-265
-213
-471
-822
-341
1065
1847
2440
1527
319
377
1555
3830
5464
6168
5559
4229
3015
1756
892
487
670
1389
3254
5546
6632
5705
2859
-283
-2175
-2143
-1108
61
639
-222
-1991
-3496
-4290
-4752
-5366
-6339
-7102
-7283
-6740
-5846
-5013
-4281
-4032
-3942
-3641
-3024
-2388
-1719
-872
197
1640
3173
4448
5082
5120
4569
3927
3634
4158
5316
6186
6387
5599
4837
4390
4021
3495
2326
926
-333
-705
-402
192
389
-575
-1981
-3293
-3969
-4039
-3570
-3050
-3138
-3457
-3893
-3851
-3084
-2210
-1944
-2276
-2250
-1585
-421
652
980
447
-264
-172
394
1078
1370
772
-100
-829
-1308
-1501
-1262
-983
-1037
-956
-558
-28
-67
-332
-643
-798
-102
1221
3456
5557
6509
5770
4108
3054
1696
282
-242
1068
3788
5854
6520
5736
4379
2078
-997
-3094
-3091
-1382
-338
-562
-1623
-2863
-3737
-4726
-5407
-5416
-5391
-6116
-6912
-6595
-5189
-3748
-3403
-3716
-3711
-3273
-2897
-2572
-1300
666
1916
2441
3186
4650
6107
6340
5413
4702
5166
6096
6579
6208
5296
4325
3382
2834
2713
2727
2194
638
-1296
-2123
-1521
-550
-109
-742
-2049
-3582
-4536
-4071
-2799
-1927
-2260
-3155
-3495
-2781
-1531
-516
-118
-816
-1865
-2269
-1449
106
987
912
236
-162
186
1069
1770
1627
708
-728
-1416
-1281
-914
-763
-1603
-2213
-2573
-2618
-1798
-869
1019
3113
4113
4038
2855
1967
1603
878
181
413
2212
4879
7003
7637
6958
4812
1221
-1983
-3500
-2498
-439
164
-769
-2950
-5231
-6993
-8467
-8956
-8880
-8932
-8894
-8088
-5734
-2725
-1102
-1393
-2484
-2774
-1511
488
2841
5186
6638
7352
7512
7908
8865
8781
7410
5648
4885
6012
7166
7170
5847
3476
1493
-30
-828
-880
-1386
-2582
-4069
-4522
-3314
-1864
-1742
-3344
-5547
-6932
-6898
-5682
-3777
-1987
-1257
-1555
-1911
-1206
528
1946
2338
2181
2410
3483
4795
5371
4627
2720
426
-972
-591
769
1579
679
-1873
-4057
-4991
-5101
-4803
-5101
-4853
-3261
39
5536
9422
9426
5601
-77
-2987
-3496
-2842
-838
1876
5201
7353
7287
5449
1672
-4469
-10849
-13578
-10411
-2913
2501
2684
-1467
-7452
-11539
-13648
-13503
-11118
-8475
-5942
-3410
-48
3817
5482
3585
-89
-1958
222
5373
10824
14890
16622
16032
13855
11307
9808
8636
6841
5222
5253
7944
10692
10128
5699
-1618
-8656
-13252
-14564
-11861
-7721
-4760
-3958
-4923
-5633
-6334
-7870
-9667
-10176
-7578
-2600
2477
5560
5886
4003
986
-981
-599
2520
6700
9229
9939
8987
7345
5471
2759
179
-1387
-1842
-1646
-1178
-970
-1288
-2979
-5837
-8186
-10155
-10685
-8709
-2011
8210
14419
12926
5315
-1699
-5021
-6979
-7251
-4234
2792
9252
11794
10981
7223
59
-11315
-20554
-20550
-10666
1799
7138
3943
-4610
-13646
-19904
-22340
-19924
-14366
-8543
-3317
2396
8003
10731
7677
714
-3894
-1827
6994
17416
25035
27921
25376
19640
13310
9154
7531
5823
3485
2287
4485
8782
9810
5151
-4331
-14175
-19306
-19339
-14662
-7827
-2553
-818
-2434
-4640
-5801
-6039
-6821
-7366
-5084
560
7577
11783
11501
7334
1323
-3212
-4460
-1252
5094
9968
10891
8209
4089
771
-2704
-6486
-9032
-8153
-4417
-1099
429
-981
-3699
-7586
-11916
-12958
-8791
2760
15080
19714
15891
7660
2382
-715
-4584
-6317
-3074
3921
9302
10654
8349
2111
-9261
-22865
-29360
-23654
-9349
2189
3015
-3932
-13681
-20980
-23850
-22402
-16071
-8115
-1432
4369
10373
15569
16094
9824
1410
-1321
5336
17476
27170
30754
28161
20873
12432
6042
3731
4169
3352
856
-190
2515
6591
5217
-3312
-14253
-21285
-20334
-13937
-5436
2172
4887
2377
-2276
-4449
-2721
-109
499
239
3256
9521
14814
14951
9495
1681
-5514
-8703
-6338
260
7323
9416
5723
-482
-5742
-8514
-10542
-12109
-11290
-7597
-2881
-203
-554
-3090
-7239
-11554
-13788
-10843
1008
17407
26593
22593
10046
303
-2793
-5084
-7032
-4316
3597
10697
11937
8599
2042
-8661
-22935
-32316
-27627
-10195
6672
10050
1138
-12101
-22125
-25412
-22507
-13512
-2719
4492
7775
9911
12520
12548
6893
-1032
-3461
4084
17781
28494
31080
26271
16642
6256
-17
411
4748
7662
6570
4105
4017
4172
813
-6941
-15801
-19378
-16085
-8318
251
5555
5409
-224
-6791
-9264
-6430
-1215
2552
5011
7550
10267
10368
6194
229
-4534
-5932
-4509
-849
4403
9061
9643
4547
-2091
-6865
-7884
-6598
-5640
-3552
-403
1787
520
-3038
-6700
-8993
-8341
-4225
6282
17318
20026
12768
567
-5780
-6612
-6547
-5251
-1667
4400
7373
5243
-322
-8385
-18527
-27759
-27254
-14900
2456
11963
6110
-8556
-23045
-29128
-25111
-14352
-596
8956
11371
9427
7060
5511
2604
-1926
-3264
3065
15185
26506
29784
24364
14238
3504
-2253
-749
5890
12359
12965
9323
5578
2181
-1430
-6751
-11917
-12822
-9274
-3170
2327
4772
3603
-615
-5359
-6855
-3393
2305
6754
8605
8768
8078
5830
2398
-1285
-3295
-2193
-360
819
986
-786
-2673
-4653
-5947
-5346
-4899
-3517
-2542
-2714
-2502
-3356
-4575
-6305
-6558
-3978
-1051
1076
3806
10998
16928
14721
5966
-2654
-3013
-187
217
410
2106
5125
4327
-15
-4343
-9771
-18089
-25113
-21924
-8077
6681
9386
-1128
-15194
-25722
-27308
-20382
-8190
4928
11052
9379
5186
2286
1265
-1248
-4009
-1244
7835
19252
25432
22018
12669
2574
-3955
-3619
2787
10801
15019
11776
4584
-653
-2839
-3884
-5821
-7524
-5997
-787
4111
5512
3249
-1087
-4243
-4172
-535
4882
8874
9065
6752
4389
3339
3497
2803
1173
-522
-1237
-594
-703
-1820
-3123
-3906
-3292
-2559
-1888
-2097
-3155
-4361
-5357
-3512
-264
1587
717
-2071
-4207
-4361
-1847
4118
12661
16308
10701
220
-7279
-7163
-4891
-4274
-2736
746
4219
3888
-2
-6267
-15039
-24170
-26224
-15857
1452
13073
9357
-4776
-19199
-26110
-22808
-11928
1654
12375
14936
10659
6212
2400
-79
-2888
-2995
4114
14838
23880
24412
16088
4296
-4491
-6451
-1002
7690
13428
12913
6910
794
-3746
-6577
-8354
-9060
-7084
-3077
1489
4325
3579
-349
-4446
-5223
-2293
3071
7120
7456
5624
3452
2317
1035
543
889
1396
1751
748
-980
-2178
-2328
-1274
611
1634
1479
-710
-3045
-4280
-4046
-3000
-1958
-313
1328
1502
-2156
-5323
-5214
1471
12030
15645
10994
2066
-3996
-5365
-6890
-7429
-3790
2370
5954
4746
592
-5415
-14103
-24139
-25547
-14109
3455
13230
5783
-10562
-24612
-28842
-23388
-11953
887
10180
11993
8090
4405
1556
-368
-2099
421
9763
21213
27142
23094
12330
1833
-2850
-997
6334
13537
15628
11227
3487
-1610
-3205
-3219
-3777
-4632
-3939
-1898
-441
-1161
-3702
-5743
-5312
-1485
3691
7573
7854
3845
-1042
-3335
-1937
1072
4008
5064
4921
3271
-1080
-6184
-10255
-9774
-3786
3711
7943
6649
295
-6578
-10931
-10862
-6426
-745
3228
3656
1963
-1804
-4341
-4217
923
10195
14582
12351
5963
976
-1060
-4149
-6867
-4758
1299
6609
7589
3061
-5801
-17093
-26223
-24366
-11467
3779
10354
1617
-14149
-27105
-29768
-21888
-8895
2969
9471
9416
5975
3099
162
-2140
-2380
3397
14587
25356
28368
21654
9379
-833
-3282
1930
11592
17776
15826
7435
-1700
-5961
-5273
-3687
-2643
-1909
-936
50
-1138
-4015
-7059
-7490
-4314
1631
7965
10776
8450
1995
-3316
-4195
-749
3829
7256
8541
7272
3699
-2180
-7530
-10388
-8115
-1294
5988
9222
5491
-2957
-11275
-14344
-11327
-4912
1425
3722
3009
-908
-4391
-5529
-2803
5205
11326
11625
5725
-84
-2556
-3218
-4946
-5269
-877
4813
7528
5390
-1294
-10985
-20738
-23669
-15581
-1361
9434
6848
-7513
-23299
-30733
-26388
-13641
-1459
6091
7530
3962
61
-2146
-2219
-1497
2157
9814
20329
27347
24662
13419
963
-2755
2122
12296
20685
21463
14060
2140
-6189
-8178
-3767
177
2066
2111
825
-758
-4109
-7359
-9828
-7441
-1181
6432
11540
10797
4863
-2890
-6286
-5012
-229
4573
7247
7410
5064
1003
-4454
-8297
-8621
-4447
2824
8187
7816
2043
-5799
-11734
-12787
-9183
-2432
3543
4860
403
-5021
-6290
-1483
7253
11679
9155
1669
-2860
-2369
-807
-1011
-2125
160
2649
3467
1479
-3319
-10337
-18171
-18300
-10033
2271
8160
1702
-12329
-25912
-30137
-24541
-10453
1325
6526
3443
-3069
-6012
-6568
-3910
-1550
4215
12086
19882
23427
18899
9690
-234
-1908
4027
14702
23525
23785
16212
3492
-5510
-8253
-4071
2021
6270
7401
4975
1386
-4873
-9446
-11096
-7094
262
7013
11401
10264
5428
-1846
-5199
-3416
1473
6158
7995
7751
5146
1625
-2829
-5841
-6198
-2346
3363
6715
5621
-830
-7538
-11332
-10276
-7072
-3160
-884
-1399
-4006
-8508
-9631
-7429
-70
8289
11645
7937
-742
-6694
-8269
-6322
-3768
728
6328
7722
4961
-1724
-9018
-15808
-18709
-12768
-987
10352
11255
727
-14407
-25825
-27132
-18863
-5392
5110
8766
4894
-2557
-7826
-9068
-6564
-1178
6923
14852
19358
17521
10348
2155
-1807
764
7469
15592
20008
17958
10764
1820
-3978
-4736
-1116
4165
8733
9595
6337
590
-5019
-7456
-4984
1808
8005
10322
8449
4103
-416
-3088
-2574
42
2655
3219
2880
2636
1787
-491
-3677
-5402
-3740
1342
6331
7478
3651
-2760
-7699
-8269
-4593
-689
1204
332
-1621
-4338
-7294
-7806
-5921
296
6414
8213
3498
-5106
-11249
-12685
-9843
-5443
-851
2996
2710
-1388
-7321
-13222
-17281
-16668
-9070
1100
9248
8286
-1586
-13581
-21872
-20413
-11625
-217
7483
8417
4468
-1705
-5898
-7176
-4789
262
6832
12975
15378
13163
6644
-493
-2838
1172
9186
15879
17510
13936
7553
1768
-1090
-55
4354
9058
10401
8170
4235
489
-1940
-3045
-1313
3580
8921
10886
7937
2641
-2003
-3410
-1859
1326
4536
5325
3244
-838
-4573
-6344
-6400
-4964
-1643
2712
6184
5398
254
-5284
-7597
-5199
-1301
1494
2578
2375
926
-2266
-5721
-8507
-8060
-5247
-738
4942
7690
4559
-4653
-13377
-14536
-8413
-1442
1222
-114
-1294
-2861
-5315
-8490
-11228
-12181
-9658
-3273
4148
8364
3313
-7564
-17856
-20990
-14783
-4761
3497
5345
2238
-2518
-6169
-7471
-6885
-3871
961
6555
10900
12198
8619
2474
-2129
-868
6766
15060
19380
17011
10441
4479
2909
5479
8762
10401
10237
9338
7385
4663
1773
475
708
2532
5848
8005
6570
1552
-3371
-4790
-2161
1106
2575
1858
204
-1111
-2427
-3917
-4876
-3595
-342
3352
5801
5648
2781
-1769
-5009
-4753
-1703
1797
2958
1615
-719
-3948
-7716
-10766
-12269
-10062
-5292
-818
1988
1529
-1460
-6700
-11609
-11988
-7246
-569
3536
3465
1732
-404
-3444
-6963
-8662
-7401
-3546
1554
4785
4884
60
-8547
-16098
-18631
-13952
-4945
2305
3893
11
-6154
-10951
-12722
-10655
-4597
2314
6996
8265
6796
4056
1497
1018
4280
10488
15633
17365
16102
13897
12046
10231
9143
9660
11898
13759
12713
8975
4354
1176
329
1319
3171
4209
2817
-814
-4344
-5842
-5134
-3597
-2033
-246
1111
741
-1451
-3352
-3631
-1774
708
2702
4669
6040
6111
3677
-51
-2562
-1965
643
2884
3463
1583
-2486
-7352
-10772
-10691
-8148
-6184
-6326
-8617
-10332
-10624
-8953
-5845
-3010
-1586
-2795
-4200
-4048
-2903
-2173
-2101
-602
3163
6582
6554
2572
-3032
-7185
-7227
-3748
854
3673
1848
-3451
-9581
-13866
-14771
-13098
-10201
-6585
-3157
-1978
-4016
-8205
-11262
-9899
-4396
3562
11160
14843
13229
8550
5753
8390
14310
19163
21068
20662
19818
17851
14894
11936
10147
10400
11046
11209
9765
6217
690
-5177
-8702
-8327
-4866
-2207
-1846
-3642
-5775
-7089
-7522
-6415
-3771
-517
1332
1887
1141
-314
-1607
-2318
-857
2451
5660
7202
6044
2746
-921
-3722
-4379
-2796
-74
1700
379
-3686
-8755
-12082
-12617
-11071
-8631
-7068
-6551
-6585
-6640
-6557
-6462
-5714
-3807
-1197
993
2327
2377
1389
5
-1422
-1327
-273
1256
2408
1765
-588
-3400
-4407
-3639
-2497
-3332
-5362
-7113
-8826
-9514
-9530
-8163
-5792
-3646
-1412
46
-369
-2251
-3293
-932
4633
9873
12880
13081
11887
10770
10196
11062
12569
14190
14963
15065
14298
12523
9717
6316
4665
5143
6944
7448
5483
2610
544
-43
55
856
2168
3110
2502
762
-691
-883
-480
-1048
-2031
-2929
-2756
-2039
-2202
-3839
-6730
-9153
-10023
-8374
-5642
-3794
-4579
-7613
-10073
-10310
-8622
-7198
-6280
-5409
-4190
-3243
-3211
-3570
-3771
-3729
-3448
-1946
375
2368
2727
1273
-462
-1159
-1141
-712
-81
113
137
-258
-1033
-1716
-2113
-2559
-2830
-3025
-3166
-2364
-1536
-1396
-2009
-2860
-2874
-1428
1160
3458
4200
2603
667
961
3649
6737
8200
7736
6241
4772
3501
3278
3918
4390
3638
1806
474
141
148
-555
-1589
-2118
-1503
-691
-96
405
862
1971
3330
5214
7049
8269
8298
7962
8357
9689
11717
12366
11456
9068
6988
6716
7423
7625
5633
2259
-985
-2808
-3367
-3803
-5575
-8827
-12012
-13799
-13739
-13260
-13205
-13354
-13291
-12929
-12182
-11278
-10465
-9175
-7336
-4625
-2177
-1344
-1776
-2233
-1522
-434
642
1234
1501
1583
605
-350
-876
-627
-116
-320
-888
-1366
-1376
-1387
-1443
-1621
-1244
-755
-446
605
1912
3183
3138
2181
2132
3242
4817
5806
6197
6254
6030
5429
5019
4971
4777
4022
2667
1402
496
-120
-802
-1490
-2197
-2948
-3472
-3588
-2904
-1775
-838
-168
685
1849
2835
3276
3536
4619
6498
8418
9510
9472
8720
7624
7105
7726
9273
10190
9266
6748
4187
2972
2138
1077
-579
-2154
-3258
-4692
-6537
-8367
-9478
-10190
-10464
-10462
-10079
-9758
-10327
-10681
-10003
-8146
-6267
-5445
-5130
-4487
-3522
-2925
-2923
-3279
-3142
-2517
-2017
-1665
-1799
-2199
-2851
-3791
-4321
-4061
-3251
-2234
-1056
-189
185
-309
-1092
-832
467
2183
3486
4342
4934
5496
5811
5807
5753
5560
5592
6141
7498
8575
8413
6495
3812
2201
1522
1657
1557
1399
1057
329
-811
-2260
-2913
-3065
-2316
-1328
95
1665
2498
2348
1344
1026
1968
3938
5457
5995
5581
4921
4679
4934
5657
5865
5086
3477
2344
2002
1776
814
-783
-1982
-2736
-3286
-3933
-4206
-4115
-4286
-5008
-5772
-5833
-5700
-5987
-6574
-6269
-4782
-3335
-2998
-3644
-3988
-3640
-3011
-2650
-2500
-2414
-2542
-2832
-3036
-2997
-3438
-4723
-6286
-6838
-6219
-5464
-5207
-5163
-4617
-4175
-4100
-3804
-2534
-604
627
1263
2416
4348
6019
6534
6269
6390
7244
8212
8870
9185
9089
8518
7511
6340
5579
5336
4936
4100
3179
2633
2499
1790
44
-1744
-2378
-1725
-518
509
863
637
-52
-790
-604
487
1718
2427
2565
2529
2600
2603
2299
2148
2158
2167
2231
2226
1854
575
-1453
-3218
-3732
-3537
-3682
-4142
-4491
-4382
-4201
-4287
-4517
-4656
-4631
-4131
-2633
-581
1067
1575
1027
452
599
1104
1265
799
78
-363
-576
-1079
-2005
-3110
-4635
-6407
-7721
-8040
-7569
-7374
-7921
-8487
-8406
-8180
-8133
-7897
-6879
-5022
-3129
-1593
-164
1441
2835
3835
4611
5598
7140
8704
9856
10567
10902
10736
10142
9189
8465
8389
8265
7655
6670
5789
5146
4494
3295
1918
1114
763
915
1205
1306
1130
804
548
665
1103
1098
775
354
173
315
531
554
218
-500
-1731
-2867
-3759
-4429
-5082
-5656
-5969
-6052
-6134
-6724
-7498
-8019
-7795
-6805
-5388
-4057
-3173
-2840
-3036
-3022
-2190
-409
1723
3536
4782
5568
5936
5691
5047
4451
4293
4577
4954
4946
4117
2199
-533
-3151
-4688
-4875
-4329
-4102
-4898
-6568
-8480
-9782
-9871
-8787
-7249
-6060
-5371
-4776
-3854
-2851
-2031
-1095
425
2553
4666
6052
6431
6237
5930
5866
6273
6951
7533
7491
6640
5295
4184
3759
4035
4779
5362
5293
4508
3621
3105
3037
3070
3052
3369
4014
4652
4789
4266
3257
2392
2287
3067
4238
4681
3888
2114
81
-1732
-3150
-4231
-5180
-6001
-6777
-7474
-8280
-9366
-10605
-11540
-11820
-11480
-10680
-9852
-9190
-8761
-8217
-7065
-5349
-3508
-2037
-1014
-173
652
1514
2593
3910
5201
5850
5527
4668
3875
3464
3241
2969
2783
2841
2994
2777
1729
52
-1394
-1853
-1085
226
968
674
-377
-1306
-1495
-1124
-443
480
1589
2640
3057
2626
1871
1405
1524
2024
2509
2831
2857
2475
1805
1037
353
-77
-114
363
1119
1620
1534
968
373
11
26
640
1743
2961
3812
3960
3488
2705
2027
2084
3097
4516
5513
5484
4499
2940
1167
-410
-1360
-1537
-1261
-1258
-2028
-3441
-4982
-5971
-6211
-6040
-5799
-5690
-5689
-5689
-5680
-5561
-5205
-4704
-4184
-3788
-3583
-3461
-3240
-2738
-2089
-1704
-1873
-2440
-2899
-2916
-2680
-2554
-2670
-2882
-2862
-2435
-1751
-1203
-1186
-1727
-2259
-2080
-997
422
1377
1563
1373
1525
2296
3398
4498
5457
6350
7290
8157
8656
8652
8320
8025
8010
8076
7923
7547
7009
6276
5349
4401
3557
2789
2069
1510
1260
1083
477
-585
-1595
-2091
-1998
-1672
-1440
-1298
-1271
-1499
-2010
-2556
-2669
-2057
-1074
-409
-450
-1082
-1971
-2904
-3649
-3877
-3377
-2550
-2281
-3105
-4708
-6093
-6549
-6098
-5348
-4812
-4654
-4776
-4871
-4688
-4077
-3141
-2088
-1160
-368
287
735
1069
1459
2105
2883
3452
3486
3131
2790
2691
2823
2866
2557
1838
892
82
-312
-537
-1119
-2128
-3131
-3705
-4001
-4453
-5175
-5726
-5792
-5547
-5161
-4684
-4083
-3524
-3059
-2435
-1287
306
1823
2903
3548
3967
4242
4547
5160
6290
7637
8527
8597
8093
7607
7532
7957
8637
9317
9705
9590
9067
8385
7755
7185
6759
6501
6348
5987
5110
3843
2575
1654
900
47
-1023
-2201
-3400
-4679
-5966
-7083
-7942
-8789
-9771
-10781
-11438
-11612
-11584
-11692
-12019
-12358
-12520
-12229
-11357
-9887
-8308
-7222
-6767
-6474
-5627
-4169
-2541
-1215
-95
1000
2007
2749
3141
3402
3718
4155
4638
5217
5671
5776
5516
5091
4914
5065
5381
5578
5543
5101
4293
3380
2638
2374
2428
2495
2367
2087
1694
1241
827
539
552
738
893
889
691
278
-426
-1333
-2144
-2461
-2314
-2025
-1923
-2108
-2457
-2905
-3287
-3330
-2744
-1633
-412
479
984
1321
1670
2167
2804
3657
4557
5325
5849
6150
6348
6335
6102
5659
5224
4961
4823
4707
4394
3708
2741
1810
1197
895
422
-481
-1706
-2862
-3703
-4358
-4841
-5249
-5693
-6436
-7472
-8299
-8546
-8295
-8015
-7933
-7834
-7566
-7293
-7150
-7018
-6618
-6090
-5744
-5617
-5437
-4904
-4284
-3816
-3461
-2952
-2174
-1426
-832
-257
431
1200
1983
2838
3837
4745
5300
5518
5746
6296
6935
7384
7434
7194
6917
6722
6749
6938
7089
6894
6228
5291
4424
3840
3517
3249
2865
2320
1618
925
244
-354
-712
-695
-339
34
167
22
-120
-124
50
464
1096
1727
1919
1481
625
-173
-783
-1286
-1705
-2024
-2313
-2881
-3780
-4664
-5114
-5177
-5189
-5336
-5442
-5219
-4811
-4509
-4352
-4059
-3430
-2585
-1862
-1460
-1237
-986
-621
-174
363
1033
1737
2174
2150
1844
1603
1581
1661
1719
1756
1763
1528
871
-69
-915
-1419
-1669
-1851
-2070
-2327
-2653
-3083
-3517
-3716
-3594
-3213
-2635
-1912
-1133
-559
-375
-469
-476
-108
616
1487
2234
2703
2861
2754
2522
2340
2332
2595
3057
3470
3601
3426
3158
3029
3068
3156
3272
3503
3864
4223
4414
4331
3962
3462
3160
3348
3928
4327
4056
3209
2285
1637
1152
639
128
-275
-625
-1092
-1757
-2557
-3423
-4277
-4880
-4967
-4561
-4077
-3963
-4297
-4714
-4811
-4487
-3890
-3250
-2674
-2204
-1871
-1668
-1507
-1278
-964
-633
-395
-242
-103
-12
-80
-358
-744
-1172
-1630
-2161
-2663
-2947
-2990
-3021
-3364
-4039
-4749
-5036
-4686
-3922
-3208
-2852
-2713
-2430
-1840
-1083
-351
358
1175
2076
2897
3540
4049
4470
4793
5088
5459
5957
6387
6521
6444
6403
6453
6332
5843
5244
4945
5015
5047
4675
4018
3423
3017
2622
2074
1457
942
619
481
424
271
-122
-711
-1255
-1589
-1772
-1937
-2094
-2211
-2378
-2749
-3294
-3805
-4120
-4242
-4239
-4107
-3933
-3876
-4044
-4245
-4113
-3560
-2848
-2301
-1963
-1664
-1288
-917
-628
-335
72
562
1023
1397
1681
1834
1810
1680
1613
1689
1756
1646
1304
805
279
-207
-609
-1031
-1651
-2501
-3332
-3783
-3782
-3602
-3524
-3531
-3467
-3300
-3130
-2915
-2471
-1751
-937
-251
331
902
1394
1634
1655
1775
2220
2866
3403
3676
3731
3621
3328
2948
2741
2836
3016
2933
2573
2244
2163
2119
1774
1165
659
549
756
1029
1212
1264
1166
930
732
732
876
941
879
921
1132
1238
937
323
-166
-289
-212
-219
-368
-574
-815
-1055
-1140
-984
-764
-740
-957
-1202
-1308
-1308
-1242
-1023
-666
-420
-529
-887
-1149
-1118
-928
-782
-694
-644
-665
-789
-946
-1058
-1162
-1325
-1517
-1637
-1717
-1890
-2208
-2553
-2771
-2817
-2766
-2696
-2633
-2612
-2623
-2607
-2453
-2099
-1571
-1009
-560
-290
-169
-71
114
493
1084
1734
2202
2328
2196
2063
2067
2195
2373
2547
2643
2573
2380
2219
2223
2350
2462
2537
2637
2755
2784
2685
2552
2466
2445
2461
2520
2605
2583
2375
2063
1835
1761
1725
1586
1346
1070
727
300
-188
-674
-1148
-1648
-2082
-2305
-2314
-2340
-2594
-3024
-3453
-3788
-4034
-4122
-3937
-3591
-3400
-3533
-3819
-3957
-3867
-3684
-3448
-3081
-2618
-2229
-1990
-1765
-1418
-1032
-753
-541
-228
217
636
924
1138
1372
1612
1784
1913
2058
2182
2228
2227
2329
2612
2955
3214
3343
3388
3360
3184
2895
2675
2658
2764
2764
2490
1990
1436
940
558
311
172
17
-284
-709
-1108
-1401
-1655
-1935
-2137
-2092
-1812
-1544
-1513
-1676
-1824
-1816
-1695
-1526
-1300
-994
-667
-410
-253
-167
-145
-192
-180
51
503
942
1098
975
787
715
733
761
781
820
846
780
640
461
246
-5
-212
-227
-49
117
35
-294
-650
-838
-811
-662
-502
-476
-674
-1021
-1294
-1333
-1248
-1253
-1415
-1624
-1769
-1871
-1962
-1995
-1951
-1886
-1869
-1855
-1735
-1539
-1350
-1185
-962
-649
-318
33
449
937
1317
1425
1406
1541
1954
2434
2682
2606
2338
2074
1973
2087
2284
2300
1969
1474
1207
1308
1538
1602
1457
1286
1197
1169
1239
1467
1743
1822
1631
1398
1351
1407
1330
1109
933
870
761
467
104
-181
-445
-792
-1130
-1264
-1214
-1225
-1458
-1777
-1998
-2122
-2247
-2316
-2184
-1916
-1752
-1849
-2079
-2162
-2010
-1750
-1542
-1427
-1381
-1391
-1418
-1340
-1072
-735
-607
-778
-1032
-1079
-894
-692
-617
-616
-643
-746
-917
-1032
-1007
-981
-1097
-1269
-1285
-1097
-881
-767
-748
-753
-765
-699
-377
207
801
1116
1191
1309
1618
1992
2254
2407
2551
2727
2904
3086
3243
3266
3096
2849
2746
2859
3014
3055
3020
2996
2948
2781
2536
2364
2307
2209
1958
1644
1372
1105
757
345
-52
-460
-960
-1509
-1929
-2117
-2216
-2407
-2729
-3073
-3327
-3474
-3523
-3470
-3339
-3199
-3088
-2993
-2891
-2777
-2661
-2517
-2279
-1920
-1502
-1157
-983
-943
-918
-810
-556
-158
318
725
899
806
577
410
405
526
685
807
852
778
582
316
62
-124
-217
-190
-37
157
251
208
88
2
16
136
353
623
854
981
1033
1101
1182
1230
1221
1189
1206
1285
1394
1464
1406
1221
1010
896
911
949
915
838
795
794
766
718
707
750
796
790
772
770
737
657
607
692
847
859
599
197
-114
-239
-263
-288
-347
-440
-604
-880
-1175
-1373
-1426
-1373
-1289
-1213
-1205
-1335
-1585
-1806
-1824
-1619
-1368
-1224
-1225
-1301
-1394
-1495
-1568
-1543
-1390
-1173
-1001
-949
-992
-1083
-1177
-1236
-1216
-1099
-953
-859
-855
-884
-900
-923
-951
-944
-824
-611
-405
-254
-141
12
244
523
817
1093
1323
1516
1707
1925
2162
2379
2523
2584
2575
2547
2536
2533
2513
2446
2349
2279
2254
2258
2251
2176
2025
1812
1618
1520
1546
1634
1613
1382
988
590
325
204
156
79
-96
-381
-728
-1048
-1284
-1464
-1629
-1773
-1827
-1782
-1764
-1884
-2132
-2344
-2377
-2215
-1968
-1767
-1689
-1734
-1803
-1758
-1577
-1345
-1182
-1089
-982
-829
-645
-512
-448
-402
-338
-224
-102
-54
-119
-266
-386
-412
-364
-334
-409
-579
-769
-861
-855
-835
-842
-875
-845
-713
-544
-400
-350
-373
-374
-250
69
518
923
1130
1152
1114
1137
1265
1463
1706
1962
2161
2244
2199
2068
1899
1738
1635
1640
1747
1863
1872
1712
1432
1118
863
750
804
966
1107
1106
911
588
275
84
69
167
281
289
141
-117
-399
-613
-711
-698
-608
-501
-452
-498
-627
-771
-849
-816
-694
-576
-543
-610
-745
-865
-895
-861
-811
-809
-856
-915
-979
-1033
-1092
-1154
-1188
-1187
-1186
-1270
-1480
-1788
-2073
-2206
-2156
-1993
-1867
-1885
-2047
-2247
-2351
-2270
-2014
-1664
-1305
-989
-721
-508
-351
-220
-54
235
680
1221
1735
2096
2251
2267
2265
2351
2575
2870
3172
3417
3519
3443
3207
2904
2661
2572
2626
2717
2707
2508
2142
1724
1361
1111
953
837
738
625
439
135
-279
-699
-970
-1007
-878
-789
-892
-1175
-1469
-1583
-1475
-1248
-1082
-1058
-1109
-1111
-984
-780
-640
-631
-702
-754
-727
-672
-672
-766
-912
-1030
-1079
-1055
-1003
-975
-1003
-1074
-1136
-1134
-1053
-919
-784
-700
-699
-760
-837
-878
-866
-841
-853
-906
-971
-1022
-1067
-1135
-1230
-1318
-1346
-1299
-1192
-1068
-946
-824
-680
-488
-274
-46
171
390
641
909
1181
1397
1558
1689
1812
1969
2129
2267
2364
2422
2487
2561
2611
2615
2557
2461
2376
2312
2275
2239
2159
2021
1829
1615
1413
1235
1081
932
787
639
475
290
70
-163
-379
-544
-638
-690
-749
-865
-1041
-1230
-1364
-1403
-1389
-1383
-1448
-1586
-1735
-1836
-1862
-1848
-1846
-1885
-1947
-1999
-1999
-1949
-1870
-1767
-1641
-1474
-1292
-1134
-1024
-949
-842
-656
-399
-138
25
43
-27
-88
-63
25
113
150
124
95
74
54
4
-84
-172
-226
-194
-99
1
53
27
-40
-93
-69
43
182
270
296
329
433
613
767
800
715
633
721
1000
1359
1610
1640
1517
1391
1413
1575
1789
1954
2030
2079
2080
2034
1917
1769
1690
1694
1766
1775
1636
1375
1097
914
791
662
440
154
-101
-281
-412
-610
-899
-1224
-1483
-1619
-1715
-1860
-2102
-2359
-2512
-2533
-2496
-2507
-2597
-2713
-2746
-2659
-2497
-2340
-2225
-2121
-1972
-1747
-1490
-1254
-1052
-868
-667
-455
-258
-100
21
141
256
366
451
476
469
465
509
592
677
748
802
843
861
863
867
924
1070
1270
1441
1504
1444
1324
1262
1320
1491
1685
1798
1772
1630
1478
1384
1361
1374
1369
1334
1273
1189
1063
872
637
423
290
263
281
255
147
-59
-291
-469
-567
-586
-567
-542
-534
-566
-651
-776
-896
-963
-943
-846
-742
-692
-731
-835
-961
-1065
-1101
-1072
-987
-872
-799
-792
-880
-1036
-1162
-1203
-1118
-954
-810
-753
-816
-927
-1023
-1051
-991
-887
-766
-681
-649
-657
-699
-723
-705
-633
-510
-387
-305
-297
-326
-332
-279
-135
45
216
333
371
395
460
625
875
1126
1324
1417
1443
1486
1590
1777
1964
2077
2084
1992
1911
1881
1914
1987
2000
1952
1820
1635
1460
1309
1218
1160
1091
988
819
602
377
177
27
-80
-167
-263
-372
-476
-569
-648
-727
-802
-855
-879
-865
-842
-843
-873
-931
-1001
-1058
-1094
-1121
-1148
-1188
-1248
-1305
-1369
-1439
-1480
-1498
-1477
-1427
-1378
-1326
-1283
-1247
-1212
-1159
-1071
-966
-850
-763
-704
-657
-613
-567
-515
-452
-396
-355
-330
-325
-309
-276
-225
-157
-86
-10
50
101
158
236
346
467
583
691
792
887
957
1020
1096
1169
1235
1278
1318
1350
1380
1414
1436
1472
1501
1518
1533
1531
1540
1547
1563
1591
1607
1617
1582
1506
1416
1318
1241
1166
1083
990
857
694
508
311
133
-32
-183
-331
-480
-654
-849
-1034
-1223
-1362
-1462
-1548
-1592
-1666
-1729
-1778
-1831
-1800
-1770
-1706
-1620
-1591
-1532
-1523
-1503
-1432
-1382
-1256
-1166
-1104
-1040
-1061
-1031
-1007
-953
-817
-751
-658
-634
-667
-631
-643
-556
-450
-384
-258
-242
-204
-160
-131
21
135
289
438
498
601
648
744
903
1038
1223
1340
1425
1495
1509
1569
1624
1695
1780
1809
1816
1788
1732
1693
1645
1603
1567
1505
1438
1359
1276
1199
1111
1020
918
801
700
609
511
428
326
202
70
-86
-216
-329
-423
-496
-597
-701
-830
-977
-1093
-1200
-1253
-1297
-1359
-1410
-1500
-1589
-1661
-1726
-1728
-1720
-1689
-1640
-1611
-1561
-1525
-1467
-1372
-1257
-1090
-924
-774
-641
-547
-462
-374
-273
-151
-41
50
98
105
98
76
71
89
119
157
169
160
126
81
64
72
110
179
237
284
296
281
287
313
384
482
575
658
694
686
684
703
761
863
975
1071
1132
1148
1141
1154
1203
1292
1405
1495
1543
1543
1506
1475
1468
1485
1519
1536
1504
1419
1290
1128
967
824
700
581
431
253
29
-237
-510
-768
-979
-1151
-1292
-1436
-1597
-1783
-1986
-2179
-2325
-2390
-2387
-2341
-2290
-2263
-2253
-2244
-2197
-2077
-1894
-1663
-1425
-1209
-1026
-877
-743
-592
-419
-223
-23
156
292
374
416
432
447
484
540
601
655
675
666
638
600
578
571
575
582
575
557
521
489
459
433
414
397
391
388
385
390
389
389
394
398
404
412
431
456
483
511
533
547
561
578
603
637
686
750
817
878
925
954
969
982
995
1019
1052
1071
1071
1040
971
880
772
653
538
421
296
153
-17
-212
-425
-629
-818
-969
-1093
-1196
-1287
-1387
-1485
-1566
-1621
-1636
-1605
-1550
-1480
-1414
-1367
-1320
-1283
-1246
-1197
-1137
-1062
-989
-931
-889
-870
-859
-845
-819
-777
-720
-644
-566
-488
-418
-361
-306
-249
-167
-65
50
171
284
382
481
572
657
756
853
954
1056
1143
1223
1295
1352
1404
1437
1452
1460
1457
1441
1411
1373
1315
1243
1147
1036
931
819
727
648
570
493
404
308
204
112
45
14
2
-9
-27
-70
-129
-186
-236
-274
-289
-298
-312
-351
-416
-498
-575
-636
-673
-690
-700
-721
-759
-811
-862
-894
-893
-865
-819
-768
-731
-718
-714
-697
-652
-576
-474
-371
-299
-259
-234
-205
-158
-85
-1
72
110
112
78
29
-15
-42
-46
-42
-50
-93
-164
-241
-310
-335
-312
-262
-200
-149
-116
-86
-52
3
87
186
284
372
442
494
519
537
554
565
590
619
652
678
665
624
560
496
458
460
494
532
552
529
458
372
310
289
307
346
366
342
273
174
70
0
-21
-11
11
-1
-56
-133
-216
-258
-253
-209
-144
-94
-66
-65
-80
-88
-61
12
99
185
230
223
183
122
84
85
114
143
132
73
-35
-149
-242
-286
-282
-286
-308
-393
-530
-664
-793
-857
-873
-875
-881
-938
-1021
-1125
-1214
-1250
-1241
-1182
-1110
-1043
-1004
-990
-960
-907
-797
-657
-499
-325
-175
-41
66
167
282
406
562
711
856
965
1023
1069
1093
1129
1169
1218
1268
1281
1276
1232
1170
1122
1071
1053
1044
1033
1017
969
907
831
763
714
680
665
640
604
536
448
349
232
133
46
-32
-105
-199
-297
-419
-544
-662
-775
-850
-905
-926
-933
-952
-973
-1004
-1017
-1008
-967
-890
-806
-730
-679
-643
-603
-550
-471
-375
-284
-215
-177
-163
-153
-141
-122
-82
-49
-36
-41
-66
-92
-102
-96
-77
-53
-34
-28
-40
-68
-95
-107
-88
-41
17
62
87
89
84
94
132
201
287
358
392
402
399
412
450
501
567
618
633
612
555
504
480
486
508
520
505
459
386
310
257
228
222
226
205
157
78
-23
-116
-188
-247
-290
-325
-382
-451
-521
-591
-634
-649
-640
-611
-585
-560
-544
-538
-522
-486
-426
-339
-251
-183
-130
-98
-78
-41
16
98
181
236
255
240
204
175
180
209
249
270
254
200
123
55
18
25
52
82
86
53
0
-56
-84
-69
-16
56
111
128
100
54
19
22
79
159
238
286
279
237
188
166
196
263
343
392
395
352
288
247
246
293
362
419
437
402
326
247
195
183
198
212
199
138
33
-100
-227
-320
-371
-405
-439
-486
-560
-647
-735
-796
-823
-821
-781
-731
-690
-665
-657
-647
-632
-591
-529
-452
-356
-283
-235
-215
-205
-187
-157
-104
-41
24
68
78
69
60
69
100
147
202
240
251
239
220
214
236
286
343
390
410
402
378
357
361
384
425
462
482
478
452
414
376
355
353
355
355
335
300
250
192
146
116
105
94
71
47
17
-15
-45
-65
-69
-63
-50
-44
-46
-51
-59
-58
-46
-21
6
14
11
-4
-21
-28
-25
-3
19
33
28
-5
-47
-85
-102
-101
-86
-69
-72
-96
-141
-182
-205
-209
-186
-160
-139
-145
-181
-217
-254
-266
-254
-230
-209
-211
-236
-282
-329
-366
-380
-363
-343
-328
-331
-349
-374
-386
-379
-358
-322
-287
-259
-234
-213
-187
-157
-118
-74
-32
11
60
102
154
204
247
294
336
377
417
459
506
558
596
628
644
658
678
690
710
731
744
749
737
703
661
616
572
528
474
412
340
263
180
97
18
-64
-150
-237
-317
-378
-423
-459
-490
-535
-584
-632
-663
-674
-669
-642
-612
-589
-589
-596
-584
-543
-466
-383
-309
-248
-218
-201
-175
-126
-46
48
129
182
198
187
170
162
171
189
208
201
176
123
57
1
-37
-44
-41
-34
-31
-48
-64
-71
-59
-34
2
38
56
62
58
61
65
73
85
75
53
23
-5
-26
-45
-50
-50
-45
-36
-27
-9
21
69
124
181
244
296
338
379
413
445
478
493
494
484
456
417
368
318
266
208
150
85
14
-59
-123
-178
-226
-257
-281
-307
-330
-357
-381
-396
-410
-423
-430
-433
-423
-420
-418
-409
-398
-378
-355
-321
-286
-257
-224
-192
-157
-128
-104
-81
-59
-43
-28
-18
-9
-3
3
5
5
13
22
34
47
62
85
113
143
176
208
240
269
294
312
328
337
336
332
325
309
287
260
221
180
141
104
67
34
2
-19
-28
-26
-10
10
41
70
108
152
197
248
292
337
368
390
405
404
392
369
336
300
247
197
146
92
41
-7
-42
-80
-113
-137
-169
-196
-219
-246
-277
-307
-344
-373
-401
-430
-451
-490
-519
-534
-544
-550
-560
-562
-553
-545
-538
-535
-544
-539
-521
-504
-492
-490
-486
-472
-457
-436
-413
-385
-341
-294
-248
-196
-142
-88
-29
32
86
138
195
246
302
350
398
449
487
528
573
616
670
713
740
772
799
838
875
884
888
886
885
887
867
850
832
813
810
782
747
711
670
648
615
572
527
474
419
360
288
217
139
58
-25
-109
-188
-268
-353
-435
-518
-597
-667
-727
-781
-831
-877
-919
-952
-977
-990
-997
-990
-965
-946
-915
-882
-856
-821
-784
-743
-696
-647
-597
-546
-499
-456
-414
-380
-345
-313
-287
-258
-225
-186
-148
-113
-84
-58
-27
-7
20
52
89
136
186
234
279
313
341
365
395
434
483
532
570
591
602
602
595
603
622
643
656
662
647
618
599
586
593
608
623
638
633
620
584
535
500
475
457
429
397
349
274
192
114
52
0
-38
-78
-117
-169
-239
-309
-376
-420
-446
-453
-447
-444
-447
-464
-486
-493
-495
-478
-447
-422
-391
-380
-385
-391
-394
-388
-372
-346
-324
-303
-296
-302
-311
-313
-297
-274
-241
-207
-171
-153
-143
-136
-126
-101
-77
-42
-13
2
5
3
0
-4
-3
0
10
13
8
1
-18
-29
-30
-27
-16
-15
-16
-21
-18
0
24
60
98
134
165
194
225
261
306
350
393
429
455
474
487
502
515
530
547
555
554
551
539
520
501
473
447
416
378
338
285
224
161
100
34
-27
-83
-141
-192
-244
-291
-332
-365
-389
-405
-416
-426
-436
-438
-443
-443
-441
-443
-430
-421
-412
-402
-392
-385
-387
-384
-388
-388
-381
-383
-375
-372
-371
-366
-364
-350
-333
-310
-280
-252
-220
-187
-145
-103
-58
-12
31
83
126
163
207
241
278
307
327
348
364
375
381
382
387
395
402
406
399
394
392
382
379
369
347
333
317
301
287
264
249
236
218
198
179
161
151
143
124
100
77
50
22
-1
-23
-48
-78
-108
-137
-162
-183
-199
-222
-243
-266
-280
-281
-282
-281
-281
-275
-265
-263
-258
-248
-238
-222
-213
-207
-190
-173
-146
-118
-89
-68
-50
-27
3
35
69
95
110
115
116
113
109
109
108
103
91
74
59
46
35
35
34
27
13
1
-2
2
10
15
16
9
-1
-6
-8
-2
4
-2
-14
-25
-30
-30
-29
-20
-17
-15
-14
-8
3
17
40
55
72
88
105
123
131
145
150
151
153
154
149
132
121
104
86
66
38
21
5
-8
-15
-25
-37
-53
-66
-80
-91
-100
-110
-116
-114
-114
-113
-111
-113
-111
-106
-97
-90
-90
-86
-82
-76
-66
-58
-49
-36
-28
-20
-10
-2
8
18
16
18
22
18
21
16
16
15
7
4
-2
-3
-10
-21
-37
-48
-52
-55
-50
-54
-59
-54
-58
-52
-46
-42
-35
-36
-33
-22
-11
-1
13
28
46
66
87
105
123
133
146
158
168
188
193
195
199
202
210
212
213
210
207
210
213
205
196
187
176
168
154
145
134
117
101
83
59
37
9
-16
-37
-62
-85
-105
-125
-155
-188
-218
-244
-256
-277
-294
-303
-319
-333
-351
-364
-369
-375
-371
-366
-351
-348
-343
-336
-327
-299
-266
-240
-210
-191
-165
-138
-114
-81
-52
-22
11
37
61
82
98
112
123
133
142
148
153
157
164
167
175
180
175
177
178
181
184
177
170
168
158
148
135
118
109
93
80
64
45
36
24
18
13
6
-3
-11
-16
-14
-12
-10
-2
5
16
24
25
31
38
41
46
55
56
61
62
53
48
39
40
38
30
31
28
27
24
16
14
4
-7
-17
-28
-33
-36
-43
-47
-52
-53
-59
-70
-70
-75
-84
-86
-94
-99
-110
-128
-128
-135
-145
-142
-146
-144
-140
-139
-130
-127
-119
-109
-104
-91
-75
-64
-52
-36
-28
-20
-10
-6
2
8
16
29
39
46
60
70
87
106
120
143
164
180
199
209
220
237
244
248
253
260
264
260
244
225
203
187
164
128
98
56
21
-21
-66
-108
-157
-194
-233
-267
-293
-313
-335
-341
-338
-334
-320
-303
-276
-242
-200
-163
-123
-86
-50
-9
23
56
90
115
138
156
169
174
175
174
171
170
162
149
136
116
95
72
56
32
5
-13
-35
-44
-61
-69
-72
-71
-64
-60
-46
-33
-15
2
17
32
38
43
47
47
46
41
33
23
9
0
-9
-20
-36
-44
-50
-50
-48
-51
-45
-42
-34
-26
-20
-12
0
12
21
27
37
46
57
62
66
73
76
85
89
92
95
100
105
106
102
93
80
68
61
48
32
9
-11
-30
-48
-59
-80
-95
-111
-125
-131
-148
-169
-176
-181
-180
-175
-173
-164
-157
-153
-138
-126
-113
-93
-84
-72
-58
-49
-30
-14
1
13
21
34
44
51
61
64
67
69
73
81
87
96
96
99
100
99
106
107
102
95
87
89
90
81
84
83
73
72
67
62
55
40
29
19
13
8
0
-7
-17
-25
-28
-33
-29
-27
-22
-18
-15
-9
-5
3
7
12
18
12
20
18
12
7
-4
-10
-23
-32
-41
-47
-49
-56
-58
-58
-60
-59
-57
-50
-42
-33
-26
-26
-23
-19
-14
-13
-8
-12
-13
-12
-14
-13
-16
-16
-24
-32
-35
-41
-47
-48
-44
-41
-39
-40
-35
-26
-24
-22
-17
-6
4
4
6
13
19
19
22
30
38
45
49
57
56
54
50
44
44
41
42
47
56
65
65
66
63
58
53
44
39
32
18
11
10
5
1
-1
-5
-7
-12
-20
-17
-16
-12
-11
-14
-11
-11
-9
-10
-10
-12
-16
-14
-13
-13
-12
-19
-24
-29
-33
-34
-36
-38
-38
-37
-36
-29
-25
-25
-19
-17
-16
-11
-4
-6
-3
-4
-5
2
1
7
10
6
10
7
2
-2
-9
-10
-17
-25
-24
-23
-25
-33
-34
-31
-29
-27
-22
-16
-5
6
12
20
28
33
38
42
46
49
55
56
53
52
51
46
41
38
42
42
44
43
42
42
40
39
28
29
25
17
14
3
0
-8
-16
-17
-24
-28
-30
-31
-32
-41
-48
-55
-54
-48
-45
-43
-46
-41
-39
-38
-29
-32
-27
-23
-23
-20
-16
-9
-7
-5
-1
0
5
6
9
11
11
12
10
10
8
2
-2
-6
-12
-16
-15
-17
-19
-23
-25
-17
-13
-10
-5
5
9
15
17
19
27
30
37
39
45
52
50
49
46
44
42
41
37
29
25
17
12
7
4
3
6
3
-1
2
-3
-2
-5
-6
-5
-7
-1
-4
-9
-10
-12
-10
-10
-12
-9
-9
-19
-23
-24
-21
-16
-18
-19
-15
-14
-9
-13
-13
-12
-12
-6
-10
-4
1
0
2
-7
-6
-8
-10
-7
-8
-7
-14
-15
-17
-17
-6
-7
-4
-4
-6
3
2
6
9
2
9
5
4
6
-1
3
3
3
7
4
11
13
11
8
4
9
9
11
16
15
13
9
11
14
14
16
16
16
17
14
14
12
16
19
11
12
12
10
9
7
3
-2
-8
-12
-13
-12
-12
-16
-17
-12
-10
-7
-5
-7
-6
-15
-20
-19
-26
-22
-21
-21
-18
-15
-10
-9
-8
-9
-12
-8
-10
-11
-5
-5
4
6
3
8
10
11
16
18
17
17
17
18
20
22
19
18
23
23
24
14
13
14
4
-1
-8
-14
-13
-12
-10
-9
-10
-9
-7
-1
-2
-6
-9
-12
-9
-11
-13
-18
-24
-25
-24
-22
-17
-13
-9
1
5
3
-2
-4
0
4
8
6
8
10
11
12
15
16
15
16
16
21
17
15
11
6
5
3
-2
-3
3
5
3
3
7
14
16
18
28
37
40
40
32
33
28
23
23
15
14
7
-4
-8
-22
-30
-39
-47
-49
-50
-44
-44
-44
-44
-47
-44
-42
-35
-37
-36
-35
-41
-41
-45
-43
-40
-34
-27
-26
-27
-27
-19
-15
-10
-4
6
12
13
20
24
31
28
27
32
34
37
39
38
50
50
54
59
57
64
57
55
54
47
54
57
60
66
62
55
48
42
45
50
44
40
39
35
24
17
11
10
8
10
16
13
11
9
7
5
4
0
0
-8
-21
-31
-37
-44
-52
