-44
-37
-39
-42
-36
-47
-43
-41
-42
-36
-35
-32
-29
-27
-22
-20
-13
-10
-4
4
2
10
11
15
27
28
40
45
49
54
49
54
54
64
70
69
74
67
64
64
59
59
55
51
46
42
36
34
32
23
19
17
13
9
1
-5
-9
-7
-5
-8
-11
-18
-27
-27
-28
-26
-30
-29
-29
-39
-32
-37
-40
-30
-37
-26
-30
-37
-23
-26
-17
-13
-18
-9
-16
-10
-5
-11
-1
-9
-12
-2
-9
-3
-2
-14
-9
-13
-8
-2
-13
-7
-12
-14
-3
-6
1
-2
-5
3
0
5
7
3
8
8
11
18
15
16
18
21
19
11
8
7
10
15
10
7
9
10
14
11
10
14
9
10
6
1
2
2
3
1
-1
-2
-13
-10
-11
-16
-6
-12
-9
-8
-10
6
1
9
17
10
19
13
9
13
2
6
5
4
6
-4
-7
-12
-15
-17
-21
-21
-19
-17
-13
-12
-10
-7
-11
-4
-3
-3
-1
-7
-5
-5
-2
2
3
4
7
13
12
11
10
10
11
19
18
17
17
5
10
9
10
15
6
13
11
13
21
16
21
11
7
5
-4
-5
-11
-18
-16
-27
-27
-30
-36
-26
-30
-29
-23
-22
-9
-5
-1
4
2
4
4
6
8
7
3
0
-6
-9
-14
-17
-16
-12
-9
-4
1
2
3
6
10
15
17
10
9
8
7
-1
2
2
4
14
6
14
12
9
17
8
12
8
4
9
2
2
4
2
2
-2
3
2
-1
6
1
5
6
4
4
-2
4
3
5
5
-5
0
-8
-14
-10
-14
-11
-11
-7
-2
1
13
16
23
30
28
24
20
24
27
19
15
10
0
0
-5
-14
-19
-32
-36
-37
-42
-41
-48
-46
-44
-38
-33
-33
-25
-25
-17
-15
-20
-13
-10
-1
5
8
14
17
21
17
12
16
10
15
12
8
11
9
9
6
2
5
7
4
5
9
11
16
18
19
26
25
28
21
19
28
29
34
26
31
34
29
30
19
22
20
15
15
10
18
11
7
4
-1
4
0
-6
-8
-15
-16
-23
-34
-34
-40
-40
-47
-52
-50
-58
-49
-47
-52
-44
-46
-35
-28
-28
-18
-26
-17
-9
-13
2
-2
2
9
-3
4
-2
-1
11
-3
6
1
-1
14
6
14
13
14
24
19
27
28
25
29
24
36
37
37
46
38
46
50
47
45
35
32
27
18
20
17
18
13
3
-1
-2
-5
-7
-3
-5
-2
0
1
7
-5
-3
-13
-24
-24
-36
-30
-34
-46
-37
-43
-41
-39
-46
-38
-48
-48
-44
-52
-42
-47
-44
-35
-45
-32
-24
-26
-19
-20
-8
1
2
8
9
11
20
20
24
29
25
30
30
30
39
37
35
38
36
37
39
30
34
31
23
26
18
22
25
13
14
4
9
19
16
24
16
16
12
5
12
2
9
6
1
3
-6
0
-6
-9
-7
-13
0
-5
-5
-5
-16
-10
-11
-8
-5
-11
-9
-13
-10
-8
-10
-10
-18
-24
-19
-20
-20
-10
-18
-11
-10
-14
3
-6
-1
-4
-15
-2
-14
-7
-13
-21
-13
-23
-16
-20
-24
-21
-30
-19
-10
-8
0
1
4
12
11
13
15
18
26
22
29
27
23
34
26
35
33
27
36
20
22
19
7
6
-9
-15
-13
-13
-10
-6
-9
-5
-2
-9
4
3
5
12
0
14
13
12
18
9
21
11
3
10
-2
6
-1
-1
3
-9
4
-2
3
13
-1
18
7
4
13
-10
10
2
-12
-2
-25
-12
-18
-29
-20
-41
-32
-38
-45
-34
-53
-45
-42
-43
-26
-35
-26
-14
-18
-5
-6
2
10
5
19
17
20
24
15
25
14
14
15
12
16
-2
-4
-8
-8
-4
-8
-1
-3
0
13
8
10
17
15
23
18
9
9
5
12
14
11
11
6
9
8
3
13
16
19
26
21
26
27
21
21
13
9
4
3
4
0
5
1
-2
-1
-6
-1
-6
-12
-2
-7
-10
-8
-12
-10
-11
-21
-26
-32
-34
-30
-33
-27
-21
-22
-17
-19
-14
-9
-19
-16
-14
-12
-6
-12
-8
-9
-4
5
-1
8
4
7
10
0
11
9
10
11
6
12
4
4
7
6
7
4
8
7
11
15
14
10
12
17
18
24
19
21
22
16
18
10
12
13
7
11
2
4
-1
-1
-1
-7
3
4
8
9
7
8
8
6
7
14
16
23
20
18
22
13
12
7
3
5
-6
-3
-7
-15
-12
-26
-25
-27
-33
-28
-43
-44
-48
-50
-34
-38
-29
-32
-45
-38
-44
-36
-38
-46
-42
-46
-37
-30
-24
-17
-17
-10
-6
-3
9
14
21
28
34
44
44
42
44
40
40
33
38
41
34
32
22
20
14
13
25
16
20
25
20
29
30
35
43
37
41
40
40
52
47
48
42
36
44
32
28
17
2
2
-22
-24
-31
-44
-36
-42
-29
-27
-27
-17
-20
-8
-2
3
10
6
4
-5
-15
-25
-31
-48
-62
-71
-89
-88
-104
-105
-92
-98
-76
-70
-57
-33
-33
-13
-3
8
25
17
28
29
25
41
27
26
26
17
24
17
21
13
3
14
13
25
30
34
46
39
36
36
19
14
11
7
18
25
32
33
24
26
21
29
38
35
40
29
26
20
1
2
-19
-9
-6
-10
7
-10
-3
-13
-26
-17
-30
-17
-15
-20
-20
-32
-41
-50
-47
-41
-42
-41
-32
-29
-28
-28
-35
-16
-6
5
19
13
30
24
23
30
23
33
18
13
7
0
5
-3
-3
-10
-19
-14
-7
3
8
8
4
4
5
13
20
15
9
2
-5
-7
-5
-13
-14
-17
-17
-3
-1
8
5
-10
-7
-3
14
30
32
39
32
32
47
60
76
74
67
68
68
83
90
83
68
48
43
44
44
27
-1
-28
-49
-49
-52
-60
-79
-109
-120
-120
-111
-104
-120
-135
-145
-140
-119
-113
-103
-102
-107
-87
-69
-46
-25
-24
-17
-7
11
37
56
60
60
70
83
98
106
104
91
89
99
100
99
85
65
56
47
49
43
21
7
-14
-20
-12
-16
-8
-22
-33
-26
-32
-12
-14
-13
-19
-36
-18
-5
18
26
18
10
12
24
32
49
38
36
31
33
49
38
42
12
-10
2
-7
4
-12
-30
-30
-47
-33
-37
-44
-36
-59
-54
-55
-57
-45
-60
-55
-50
-55
-39
-42
-47
-48
-61
-52
-39
-32
-20
-30
-27
-17
-19
4
-4
-3
3
-9
15
7
29
43
33
59
43
60
78
75
96
82
81
85
74
93
77
62
62
39
41
35
25
20
-6
-6
-3
-2
7
-11
-16
-11
-13
1
-6
-1
4
-4
14
3
8
11
-1
6
-5
0
9
0
4
-7
-8
3
-5
-3
-19
-37
-29
-51
-53
-59
-78
-71
-94
-89
-80
-100
-99
-113
-111
-89
-92
-80
-70
-77
-59
-53
-39
-18
-30
-15
-16
-15
12
5
11
5
-12
7
-4
-7
-17
-49
-36
-36
-23
-6
-15
-1
-4
17
56
86
132
151
167
188
214
250
268
271
283
298
314
320
306
279
255
215
192
178
135
117
66
9
-7
-59
-78
-120
-184
-183
-219
-213
-224
-270
-267
-298
-282
-264
-264
-228
-213
-163
-119
-100
-66
-65
-42
1
52
118
126
103
97
104
139
150
121
91
44
34
24
16
15
-67
-132
-206
-220
-161
-195
-224
-297
-287
-186
-181
-190
-310
-327
-240
-169
-19
-15
-28
-100
-188
-76
52
203
182
-1
-91
-91
41
119
61
-40
-178
-218
-163
-80
40
-8
-137
-204
-182
51
206
247
233
151
269
386
537
673
650
702
677
739
884
877
898
820
781
857
795
727
550
380
349
253
212
64
-152
-323
-528
-530
-543
-591
-722
-950
-958
-903
-779
-757
-819
-803
-745
-605
-547
-448
-365
-259
-193
-189
-64
21
111
23
-35
86
194
212
19
-104
-30
7
-33
-171
-295
-194
-245
-286
-390
-455
-248
-309
-318
-379
-138
242
145
-51
11
584
857
534
220
751
1410
1315
783
535
1082
1055
692
454
722
908
46
-636
-934
-464
-435
-997
-1453
-1843
-1720
-1876
-1803
-1695
-1528
-1398
-1490
-1297
-969
-287
116
357
391
678
1306
1708
2022
1988
2276
2476
2509
2484
2443
2566
2338
2068
1794
1715
1469
1057
674
316
98
-248
-441
-729
-1116
-1479
-1585
-1825
-2128
-2244
-2013
-1397
-1817
-2398
-2921
-2794
-1868
-1314
-801
-1045
-1315
-1676
-1579
-860
-66
748
374
-87
-389
156
951
1156
1130
505
381
390
852
1356
1354
992
284
105
255
915
1222
1041
680
353
537
720
1016
1058
1043
851
698
819
819
948
803
699
608
404
290
119
-26
-34
75
3
-89
-490
-935
-1133
-560
961
1324
-28
-2130
-2498
-679
855
1331
644
-121
-1212
-2426
-2101
-411
1253
575
-1679
-3154
-2820
-1471
-953
-1360
-2196
-2826
-3061
-2578
-1709
-1188
-1227
-1849
-1984
-1594
-585
601
1104
1129
811
1259
2196
2890
3257
3194
3341
3463
3631
3901
3917
3669
3118
2742
2762
2794
2426
1656
787
201
40
50
-61
-567
-1425
-2207
-2478
-2177
-1964
-2167
-2637
-3010
-2291
-1541
-1727
-2421
-2993
-2207
-915
-77
-192
-306
-136
-436
-106
370
1471
2237
1497
615
519
1520
2004
1606
542
-54
356
479
402
-55
-629
-1197
-1687
-1799
-1411
-870
-1157
-1867
-2326
-1993
-1147
-575
-550
-793
-448
-188
409
1162
1189
1465
1098
1029
1763
2353
2526
1802
1103
686
1500
1999
1716
1078
-366
-707
-695
17
398
-60
-1059
-2382
-2019
-1324
-291
-235
-1264
-1993
-2434
-1516
146
2075
2246
335
-1782
-2034
499
3161
4169
3158
1402
-38
-702
223
2082
3412
2448
-361
-2402
-2302
-784
-72
-1029
-2556
-3816
-4110
-3668
-3029
-2481
-2780
-3580
-3950
-3506
-2363
-1237
-650
-399
-207
344
1189
2016
2697
3107
3665
4118
4523
4776
4688
4697
4395
4243
4372
4233
3798
2860
1802
1261
1129
913
447
-447
-1310
-2276
-2922
-2942
-2996
-1894
-2024
-3353
-4244
-5455
-4199
-2400
-1759
-1679
-2316
-2739
-2591
-1575
-813
495
725
-217
-547
-81
1571
2384
2260
819
103
393
849
1960
1977
1642
627
-160
-493
-81
495
359
188
-707
-678
-635
-177
-11
-379
-309
-627
61
296
436
269
-48
160
546
1108
1119
1144
436
371
564
1010
1430
952
869
228
46
357
1822
3176
2042
-645
-2612
-1130
1582
2803
1733
165
-803
-2119
-2867
-2404
-118
1000
-1018
-4168
-5607
-4025
-2530
-2582
-3917
-4836
-4663
-4681
-4153
-3424
-2458
-1957
-2529
-2471
-1541
71
1569
1989
2196
2953
3943
4768
5102
5321
5993
6580
6732
6482
6309
6378
5994
5330
4824
4635
4275
3139
1661
558
132
-107
-734
-1141
-1650
-3103
-4638
-5376
-4998
-3960
-3559
-4631
-5028
-4780
-5116
-4648
-4572
-3833
-2316
-2032
-2337
-1946
-600
453
1009
333
333
1533
2435
2869
2601
2758
2507
2164
1345
886
1571
1809
1570
450
-264
-529
-571
-694
-1017
-917
-927
-1155
-1769
-1645
-1186
-627
-264
-952
-917
-475
-61
413
298
502
1100
1390
1026
728
610
876
1304
1048
1252
893
455
-3
-510
183
1040
2401
2449
1346
-857
-2339
-1286
427
2544
1946
320
-1523
-2620
-1908
-974
728
488
-937
-3293
-4236
-2970
-1678
-1046
-2857
-4304
-5277
-4687
-3050
-1829
-856
-1622
-2257
-2464
-1233
717
2055
2719
2421
2532
2798
3957
5256
6018
6379
5705
5373
5371
5619
5752
5325
4827
4239
3871
3127
2203
1269
418
-19
-531
-905
-1549
-2305
-3164
-3964
-4255
-4379
-4137
-4156
-4242
-4125
-4695
-5193
-5270
-4855
-3245
-2163
-2126
-2336
-2594
-2073
-782
597
1289
1439
845
601
1502
2784
3626
3120
1949
774
857
1696
2422
2616
1618
161
-944
-903
-215
638
622
-495
-1397
-1626
-1172
-209
3
-281
-693
-1222
-1059
-1080
-318
-72
-57
8
-497
86
500
982
394
224
13
538
1850
1572
2883
3188
3562
2520
632
372
970
3351
3588
3567
2362
744
-510
-1877
-948
-359
540
-1164
-3606
-4688
-5341
-4504
-5115
-5916
-6926
-7086
-6583
-6062
-5286
-5482
-5163
-4912
-3930
-2308
-861
731
1458
2308
2895
4072
5527
6722
7640
7720
8138
8283
8713
8748
8240
8209
7893
7607
6658
5229
4022
3114
2423
1546
705
-410
-1559
-3133
-4389
-4843
-5082
-4970
-5606
-6635
-6839
-7172
-6886
-6351
-6212
-5366
-5009
-4923
-4537
-3849
-2545
-1243
-525
-388
-35
573
1531
2308
2770
3061
3135
3126
2738
2630
2898
3369
3534
3088
1926
757
61
-61
656
1079
988
-148
-1296
-2264
-2134
-808
-274
-12
-1211
-2146
-2362
-1809
-593
398
665
-553
-1291
-1797
-755
397
723
889
1240
3943
5186
3899
-37
-1762
1076
4747
6879
5471
3674
998
-1001
-1416
424
3830
3694
-24
-5490
-7155
-4416
-1727
-2209
-6142
-9077
-10194
-9086
-7003
-4974
-4106
-5910
-8249
-9127
-6851
-2492
713
1684
717
-196
885
3449
6457
8659
9352
8583
7665
7580
8962
10855
11506
10817
9258
7775
6749
5920
5063
4394
3649
2681
1241
-958
-2462
-3366
-3533
-3548
-4331
-4901
-6605
-8131
-8485
-8190
-6570
-5564
-5725
-6595
-7182
-6875
-5342
-2849
-1527
-416
-1051
-2413
-1828
221
3114
4305
3913
2336
1480
2037
3090
4662
5134
4358
2704
1606
1135
1838
2557
1947
1020
170
89
-663
-561
-951
-1333
-691
-1782
-1734
-1526
-1286
-1462
-1788
-1136
-802
291
-1294
-2852
-2203
588
5107
6349
3289
-2321
-3958
-965
3602
7277
6890
4495
495
-2540
-2617
1150
5651
5642
1256
-4460
-5904
-3333
-820
-2069
-5489
-7815
-9037
-8374
-6974
-5519
-5253
-7225
-8999
-8272
-5218
-2161
-966
-1592
-1965
-851
1819
4467
5846
6241
5928
5991
7198
8839
10426
10462
8801
7848
8031
9126
9379
7962
5686
3765
3280
3748
3792
2401
386
-1774
-3093
-3317
-2933
-3230
-4646
-6425
-7866
-7193
-6134
-5431
-5653
-6522
-6964
-6465
-4515
-3460
-2076
-1590
-2324
-2403
-1683
394
1841
2307
1305
933
1999
2901
3695
3498
3063
2855
3285
3206
2642
2140
1011
542
334
1033
972
-208
-1470
-2999
-2120
-1393
-760
-1208
-2601
-3031
-3800
-2277
-1601
-763
-965
-2084
-190
2225
5232
3341
-461
-2531
-895
4185
6113
6078
3158
837
-737
-1142
1633
3861
4506
696
-3626
-4809
-2952
-529
-2052
-5137
-8399
-9116
-7791
-6100
-4233
-4386
-5972
-8428
-8619
-5346
-852
2414
1890
-132
-1268
427
4444
7800
9595
8811
7410
6643
7488
9525
10958
11033
9194
7553
6716
6727
6647
5208
3227
1505
808
433
-317
-1579
-2211
-3344
-4898
-6250
-7985
-7732
-6993
-6831
-6914
-7124
-7488
-7631
-6962
-6756
-5195
-3657
-2996
-2335
-1775
-784
-254
909
1384
2192
3623
4239
4896
5072
5098
4873
5364
5596
5323
5110
4249
3967
3384
2315
1028
78
271
148
-691
-2260
-3891
-3887
-2921
-2326
-2612
-3670
-4768
-4971
-4193
-2688
508
2488
2097
-542
-3964
-3211
418
4601
6271
4764
2377
340
-89
765
3196
4615
3365
-389
-3831
-3714
-2137
-868
-2725
-6429
-8827
-9307
-7722
-5696
-4671
-5780
-7604
-8934
-8018
-4496
-1315
765
1064
634
1074
2457
4822
7355
9243
9715
9618
9214
9410
10089
10570
11511
11723
11153
9436
7046
5428
5140
5626
5165
3490
914
-1674
-2337
-2547
-3879
-4934
-7500
-9308
-9299
-9724
-9248
-8989
-9710
-11096
-11107
-10545
-9263
-6923
-6635
-6177
-4863
-3447
-2471
-1070
-336
214
2276
3512
4978
6485
7037
6596
6728
7542
8316
9628
9745
8794
7127
6102
4709
4586
5333
3519
1694
-787
-2146
-1525
-602
-1097
-3305
-5177
-6951
-6649
-3904
-239
1473
-301
-4986
-8830
-6420
-1259
2877
3532
804
-2300
-3327
-2482
-326
2875
3595
1230
-2635
-4384
-2795
-570
-417
-4008
-7142
-8131
-7071
-5228
-5095
-5963
-7827
-8987
-8196
-5584
-2476
-873
-1252
-2218
-1129
1914
5698
8330
8672
8132
8064
9304
11266
12920
13464
12760
11831
11495
11655
11683
10827
8960
7193
5726
5293
4740
3803
2727
-736
-3326
-5466
-6595
-5965
-6816
-8543
-10600
-11331
-12160
-11995
-11682
-12277
-11393
-11386
-11181
-10307
-8073
-6901
-6402
-5853
-5805
-3014
113
1999
2631
2849
3058
4366
6919
8298
8822
8691
8008
7800
8481
8898
8285
7130
5888
3807
3600
4108
2697
2412
732
-820
-1061
-1731
-3463
-2230
1122
2358
2383
-3720
-7929
-6050
-1256
3938
3561
1180
-2843
-4637
-3698
-1353
2717
3278
27
-5603
-7079
-4916
-1339
-606
-5556
-9415
-11010
-9374
-6330
-4939
-5626
-8342
-10641
-10954
-7491
-3067
-317
152
-1393
-1497
-98
3486
7362
10008
11197
9926
8704
8797
10536
13403
14910
14751
13183
11326
9606
8731
8866
9422
9000
7592
5784
2860
998
-957
-2163
-1711
-2011
-4116
-7360
-9954
-11348
-9848
-8584
-9384
-10649
-13118
-14051
-12929
-9915
-7545
-6729
-8015
-10453
-10363
-7425
-2532
973
1764
-65
-1568
-188
2741
6268
8234
8579
7387
6181
6132
7298
9425
9668
8311
5638
4701
5063
5235
5418
3501
1754
310
-631
1902
4796
5595
2384
-3825
-6831
-4419
329
3541
3040
-271
-3260
-4826
-4781
-1773
1395
2061
-851
-5515
-6785
-5090
-2262
-2814
-6626
-9752
-10701
-9232
-6884
-5460
-6150
-7700
-10069
-11162
-8656
-4839
-1419
-778
-2252
-2916
-1382
2372
5701
7654
8138
8160
8581
9790
11297
12539
13164
12652
12214
12091
11912
11204
9572
7795
8226
9270
7415
4100
-407
-2545
-810
467
-799
-3706
-6731
-9893
-10066
-8929
-7812
-6624
-8261
-11907
-13475
-10640
-7960
-5534
-5529
-8091
-7979
-6085
-3509
-1200
670
361
-267
892
2191
4361
5736
5512
3683
3708
4822
4949
5750
3819
2074
1565
2307
3298
3088
2671
-370
-1560
-251
3927
7805
7489
3039
-4121
-4088
-241
5596
8892
6253
2095
-2290
-2640
-1086
3037
5345
2906
-2030
-6539
-6110
-3999
-1957
-4731
-9381
-11816
-12495
-10166
-8587
-7809
-8898
-11016
-12167
-11581
-8289
-4965
-2759
-2537
-2254
-1089
885
4124
6065
7887
9051
10106
11746
12693
13310
12364
11777
12264
13847
14598
13420
10631
8093
8254
7204
6344
4170
1212
3
-1527
-2825
-4189
-5085
-7521
-9291
-10129
-10647
-9769
-10172
-11592
-12451
-10513
-9488
-8981
-8911
-10095
-8361
-5051
-2235
-578
-57
-627
-487
1801
4507
7126
8854
8047
5893
4909
5898
7649
8787
7825
4314
2310
1022
1695
3556
3270
2134
-36
1060
2843
3700
732
-4407
-4938
-3088
1694
3245
2473
446
-2764
-3725
-3688
1196
4247
3648
-1081
-6070
-5123
-2078
518
-2909
-7797
-10809
-10286
-6191
-3615
-2913
-5890
-9818
-11858
-9568
-3871
63
979
-2097
-4625
-4248
-488
4849
7498
8263
6733
5352
5911
7903
10611
12395
12525
10961
9435
8242
8088
8991
10158
8829
5460
2776
269
507
1378
593
-1247
-3306
-6247
-8120
-7191
-6929
-5791
-5866
-8770
-10867
-10167
-8766
-7243
-5506
-6161
-6124
-4681
-3471
-2073
-372
637
699
1546
2482
3148
4627
5237
3905
3625
3792
3700
3694
3099
1211
-102
-169
-863
-640
-537
-123
2317
5123
5466
1302
-4301
-5868
-1551
4846
7838
6059
1607
-2079
-3359
-800
5004
8934
6735
-540
-7159
-6833
-1301
2978
52
-7319
-13052
-13481
-9722
-5351
-3034
-5153
-9362
-13294
-12787
-7298
-1346
1343
-51
-3040
-4054
-930
3965
7456
8814
8214
7829
8402
10188
12264
13689
14360
13927
13167
13038
11606
11616
11529
8468
6927
4487
2365
2030
275
-2157
-3633
-5015
-7825
-9235
-10476
-11610
-11225
-11929
-13595
-14492
-12802
-12945
-12599
-11381
-11650
-9277
-5759
-3734
-2233
-443
101
2087
5751
7752
9150
10156
9958
9171
9137
9052
8797
9521
8938
5778
2629
291
-721
-218
1179
3326
4259
3277
-4508
-11982
-11950
-6181
1718
2774
-1867
-7879
-10137
-8679
-5250
1004
3995
2889
-3005
-7560
-5595
736
5764
2114
-4330
-9068
-8321
-3653
-50
1586
-354
-3979
-7384
-7348
-3288
1701
5280
4741
2060
-577
-583
2426
5847
8663
9782
8780
6326
4345
4136
6743
10231
11697
10996
8109
5444
5302
4548
5285
6407
4943
3459
417
-2898
-3151
-1097
-939
-2296
-4154
-8364
-9838
-9203
-8005
-5823
-4480
-6924
-11046
-11680
-11095
-7769
-2978
-471
-477
-1321
-3300
-3901
629
5509
8227
7887
5420
3038
3380
5602
6474
7688
6689
3769
780
-1332
-1458
-1218
1170
4116
5485
4021
-4158
-11708
-11353
-4226
3415
4689
270
-6634
-10765
-10686
-5793
1692
5337
2139
-6977
-11477
-8170
139
4727
172
-6672
-11105
-9532
-5205
-730
1810
252
-4599
-8463
-6578
-766
5838
8359
5913
2633
1418
4060
8174
11594
12223
10887
8770
6617
7334
9923
12169
12236
10293
8281
6761
8743
8468
4250
1715
-1196
-375
2411
1807
-1719
-5210
-7690
-9711
-7272
-5171
-5939
-7574
-11259
-14663
-12504
-6689
-6056
-7055
-10219
-13516
-10509
-4347
427
2369
2020
-1488
-2297
1610
6909
10712
11806
9132
4511
5484
7777
9003
10314
7820
3604
1884
1750
1865
3285
4740
4172
3228
-9
-5692
-7706
-6297
-3066
-1740
-2595
-4629
-7882
-8960
-9782
-7306
-3817
-2603
-4684
-9049
-9003
-6863
-3646
-4395
-7334
-9540
-9359
-6639
-4861
-2679
-1905
-2373
-3418
-2683
177
2795
5284
5368
5621
7217
9111
10707
11157
10547
9594
10095
11184
12219
12605
11419
9428
7505
7960
9146
10880
10920
4214
-399
-3068
-2739
1887
2947
23
-4312
-7200
-9724
-8046
-4864
-5066
-5952
-9107
-12429
-11662
-5909
-4454
-5647
-7568
-11452
-9620
-3931
612
2140
2210
-812
-2120
1829
5702
8288
9353
8388
5704
5635
6105
5804
6281
6013
4246
2034
899
-1281
-1941
1170
4107
5238
2167
-5972
-11460
-9860
-3629
1644
1727
-2505
-8577
-12182
-11463
-5476
885
2708
-2052
-10918
-13719
-9232
-1531
1053
-2854
-10240
-14526
-11614
-5991
-387
1173
-1322
-6144
-8094
-4309
1163
7737
10010
6940
3831
3427
6880
12497
16178
15183
12395
10189
9581
11466
14377
15591
14269
11608
8831
9718
10131
7684
4112
-1491
-2299
-930
-569
-1809
-4698
-7677
-10921
-10972
-10888
-9735
-8286
-10288
-13770
-13891
-11453
-10067
-7735
-9423
-11352
-9411
-5594
-1446
1739
3643
2472
2883
5116
7609
9991
11683
10877
9229
10877
10768
10246
9470
6340
4474
4198
4372
3401
4208
5574
5284
2466
-5142
-9206
-7883
-3410
-1177
-3893
-6815
-9756
-10883
-12063
-10348
-6566
-4452
-5454
-10830
-12295
-10382
-6418
-6289
-9757
-11117
-10959
-8484
-7067
-5457
-4830
-4476
-4580
-3796
264
3293
5573
5840
6071
7990
10888
14101
14967
14373
13393
13756
13780
14770
15332
14007
12915
11591
10733
12506
13690
9544
5970
1431
-1763
-386
-259
-1275
-3798
-5566
-9304
-11283
-10528
-11520
-10851
-11106
-12668
-13743
-11303
-11970
-12833
-10971
-11414
-9215
-6686
-4784
-3395
-1015
945
1553
4391
6822
8260
9605
10015
9299
10166
11565
10909
10891
10395
8598
6661
4603
3195
4083
7702
9761
8320
2242
-5513
-7680
-4893
680
2965
154
-5566
-10841
-13046
-11460
-5629
-2448
-3100
-9138
-14804
-14810
-10429
-5357
-7144
-11542
-15983
-16243
-11575
-6149
-3867
-5873
-9307
-11759
-7842
-926
4585
6991
5490
3148
2995
7067
12525
17011
17274
14003
11086
11338
14462
17175
17417
14824
11932
12494
14535
12500
10097
6838
3484
3947
3551
1365
-1046
-3320
-7218
-8331
-6139
-6349
-7751
-11702
-16201
-16015
-9951
-8125
-11285
-14097
-17441
-16062
-10187
-4604
-2434
-2310
-4976
-7530
-3559
4503
10957
12016
8839
3846
4460
10120
13885
14427
11533
7409
4920
5976
7818
9034
9102
9004
8375
4717
601
-2814
-2567
663
2530
1465
-1998
-5899
-10599
-11720
-8513
-4616
-2928
-6593
-12113
-15257
-12588
-8563
-9058
-11606
-15152
-16537
-14722
-11193
-8082
-6726
-7884
-10576
-9648
-5480
-518
2850
4720
5367
5929
8655
11415
14647
16753
16650
15797
14985
15462
16783
17348
15924
15013
15405
14895
11945
7982
5308
4499
5956
5230
1742
-1420
-4845
-8046
-9193
-8060
-7322
-7174
-10204
-15490
-16492
-13009
-9798
-9598
-11566
-14815
-15044
-11482
-7033
-3330
-1199
-1579
-4282
-4352
-695
5578
10309
10853
7857
4719
5848
8245
10330
11319
10079
6902
4449
4064
5378
8507
9945
8893
4799
147
-2105
-1393
2220
3753
2526
-87
-3097
-5935
-7475
-6462
-4668
-3030
-3852
-7270
-9967
-10349
-9128
-9858
-11287
-12598
-12776
-11307
-11076
-11013
-11035
-10658
-9640
-7561
-4920
-3839
-2797
-1029
1857
4421
6473
8415
10141
11757
12175
12822
13561
14720
15442
14572
13337
12726
15008
16007
13149
9091
4893
4480
6506
7449
5525
1676
-2087
-6185
-6836
-5165
-4146
-4467
-7609
-12588
-14168
-10281
-8001
-7874
-9978
-12888
-13228
-9874
-5997
-4097
-2380
-3422
-4421
-3193
245
3915
6264
7009
5019
5036
6905
8563
8712
8166
7229
6168
6525
6111
6116
6035
5692
6672
6524
3911
-430
-3130
-1328
2035
3108
1438
-1861
-4849
-6476
-6684
-4949
-2928
-2651
-5277
-9074
-10647
-9152
-7727
-9308
-11793
-12603
-11380
-9583
-9941
-11129
-11561
-10688
-7776
-5423
-4333
-4120
-3549
-906
2449
5359
7856
9455
9529
9482
10881
13608
16044
16321
13955
11852
12841
14815
15863
13784
9346
6103
5014
5718
6201
5684
3429
-209
-4015
-6501
-6322
-4961
-4812
-7202
-10141
-12008
-11359
-10100
-10599
-11075
-10953
-9489
-7432
-6305
-6106
-5165
-3558
-1840
-303
1126
3014
4082
4866
4981
5640
7600
8848
7994
6224
5576
5168
6234
6665
5769
5774
4459
3374
4623
4981
2678
-854
-2780
-767
2157
2479
106
-2186
-2892
-3959
-5031
-4498
-2570
-1843
-3223
-6349
-8049
-7102
-7451
-9230
-10605
-9232
-6787
-6377
-8283
-10167
-10245
-8662
-5786
-4175
-2697
-2102
-2618
-1729
594
4074
7551
8967
7402
6142
7009
10047
12400
12612
11287
9354
9421
9890
10757
10776
9005
5976
3228
2435
2889
4241
3523
1051
-2423
-5381
-6507
-6019
-4912
-5515
-6674
-8692
-10185
-10720
-10581
-9613
-8284
-6504
-5748
-5329
-5083
-4248
-2413
-50
1775
2799
3824
4546
5227
5665
6740
7568
7791
7555
6425
5572
5634
5520
4437
4121
3713
2755
1578
1840
3443
2639
-994
-5564
-5526
-1415
1339
554
-1758
-3277
-5257
-6543
-5750
-1830
1109
-304
-5373
-9736
-8226
-4802
-3196
-4801
-7017
-8065
-8081
-6729
-5140
-3077
-2338
-3496
-5569
-4596
-786
2688
5054
4728
3861
4379
6800
8983
9953
10469
10425
9795
8606
8398
8802
10361
10679
8562
6286
3954
2531
1607
1548
1714
486
-1505
-3717
-5988
-7330
-7536
-7488
-7029
-7415
-8949
-10655
-11236
-10725
-9902
-8357
-7344
-7044
-6900
-5960
-4443
-2640
-465
618
1223
2018
3284
5386
7483
8347
8064
7088
6837
7742
8249
8907
7982
5751
4669
3138
2312
3150
4361
3842
1540
1062
878
-648
-3386
-4875
-1995
1951
1673
-3344
-6218
-5290
-2816
-1135
-1286
-1210
-2385
-4616
-7096
-6225
-2331
-162
-2419
-8097
-10665
-8969
-4146
-471
-926
-4358
-7825
-7365
-3806
987
4208
4660
2468
523
1348
5139
10300
11690
8767
5203
4504
6438
9493
11244
10682
8749
5437
3579
4226
6703
7749
5221
1465
-1421
-2315
-2409
-2536
-3452
-4572
-5920
-7923
-9260
-10027
-9656
-8831
-9098
-10000
-10311
-9763
-8633
-7940
-7179
-5931
-5149
-4303
-3549
-1197
1935
3366
3850
3599
3965
5879
7534
8393
8996
8788
8057
6842
6004
6026
5768
5493
4726
3865
3607
2905
1370
-143
809
3539
3917
-50
-5427
-6319
-2305
1630
1445
-894
-2212
-3519
-5015
-5057
-1796
1694
1747
-2184
-6406
-6001
-3686
-2633
-3461
-4406
-5125
-5623
-5311
-5132
-4096
-3079
-2166
-1724
-1561
-1207
-353
2090
3977
4146
3608
3650
3450
3350
4225
6245
8154
7155
4746
2923
3362
5869
8276
9114
7594
3284
-1725
-2981
-632
2857
4144
1890
-2343
-6408
-7674
-6104
-3121
-1284
-2560
-6183
-8915
-8982
-7332
-5398
-4629
-5606
-7242
-7597
-6325
-4040
-2029
-556
82
-243
-524
-344
1808
5083
6804
6455
5222
4180
3908
4515
5465
6995
7827
6351
3034
498
978
3191
5156
5606
4214
978
-2607
-3089
504
4449
3965
-950
-5696
-5799
-2277
547
1698
1341
-564
-2860
-4588
-3614
-12
2487
1276
-2529
-5302
-5445
-3580
-1631
-1618
-3603
-5126
-4828
-3253
-2392
-3525
-3751
-2222
-1048
-2066
-3514
-2829
-629
1082
539
-250
332
1379
1876
2526
3776
5084
5793
4636
2866
2324
3750
5962
7098
5515
2938
2012
2103
2681
2594
2730
2967
2330
566
-1717
-2161
-1739
-2072
-3222
-4163
-4441
-4730
-5448
-6052
-5950
-5500
-5348
-5128
-4214
-3591
-3064
-2793
-2073
-625
120
937
1566
1656
2093
2884
3988
5018
4980
4937
5264
5701
6248
5692
4624
3185
2372
2918
3723
3818
1635
-1069
-2173
-1639
-192
192
-290
-379
-690
-2186
-4424
-4695
-1608
1962
2426
-675
-3650
-3431
-952
1557
2390
1498
421
-630
-1064
-231
709
1488
695
-1743
-4389
-5517
-3530
-1004
-1215
-4286
-7687
-8317
-5686
-3432
-3205
-4014
-4401
-4204
-4435
-3965
-2962
-1064
623
793
571
548
1095
2037
3963
6044
6825
6305
5402
5041
5606
6288
6213
5900
5276
4381
3239
2230
1626
1142
854
363
-832
-2248
-3139
-3376
-3081
-3071
-3586
-4212
-4315
-3768
-3321
-3133
-2986
-2369
-1199
-182
145
314
1303
2858
3677
3561
3620
4248
5145
5394
4400
3445
3290
3326
3304
3160
2926
2525
1599
218
-747
-822
-732
-900
-1419
-2329
-2985
-3360
-4019
-4181
-3227
-2323
-2168
-2883
-3446
-2408
-186
1362
737
-617
-1274
-914
861
2843
3565
2850
1256
-412
-662
831
2290
2302
1138
-495
-1679
-2052
-2524
-3038
-3266
-3443
-4429
-5825
-5927
-5286
-4669
-4447
-4794
-4501
-3677
-3575
-3708
-2929
-1371
-390
-796
-1280
-732
499
1562
1773
1875
2460
2832
2717
2655
3000
3639
4156
3876
3226
2728
2645
3239
3637
3859
4142
4043
3309
2301
2436
4112
5944
6222
4404
2109
1741
2926
4478
5450
4350
1989
-110
-572
860
2662
3077
1231
-1317
-2972
-3272
-2205
-709
-319
-1860
-4489
-6551
-6648
-4846
-2967
-2802
-4123
-5979
-6952
-5687
-3066
-684
-346
-1707
-2940
-3157
-1490
748
2039
2084
830
-322
-242
880
2094
2229
1801
1536
1276
1197
900
763
880
762
276
-563
-827
-956
-1258
-1634
-2039
-1698
-1391
-1550
-1904
-2599
-2650
-1981
-1516
-1053
-1090
-1588
-2083
-2643
-2260
-1354
-614
-384
-1444
-2374
-2003
-1081
-237
165
-54
-405
-327
34
680
1477
1703
1465
1417
2032
3051
3770
4536
5063
4905
4763
4731
5497
7037
7432
6455
4958
3953
4361
5492
6217
5665
3816
1784
761
1210
2236
2361
821
-1775
-3963
-4610
-3655
-2625
-3023
-4825
-6999
-7899
-7148
-5711
-4394
-4145
-4958
-5973
-6285
-5190
-3194
-1487
-1101
-1717
-2165
-1913
-672
798
1650
1873
1572
1360
1458
1935
2596
2810
2813
2468
1886
1882
1985
1921
1666
1122
844
773
647
455
343
236
-238
-980
-1499
-1609
-1759
-1985
-2381
-2780
-2822
-3184
-3766
-4118
-4148
-3684
-3176
-2768
-2742
-3142
-3285
-3036
-2200
-893
205
552
134
-324
-134
1365
3714
5138
5115
4321
3718
4204
5673
7252
7752
7082
5894
4689
4786
6173
7171
6798
4891
2696
1997
3005
4196
3771
2029
285
-1038
-1404
-1115
-1186
-1709
-2872
-4475
-5499
-5497
-4809
-4407
-4771
-5557
-6336
-6321
-5592
-5067
-4780
-4544
-4499
-4736
-4935
-4409
-3327
-2575
-2561
-2879
-2576
-1325
-178
122
279
684
936
1171
1679
2354
2997
3149
2643
2202
2514
3284
3789
3858
3461
2723
2484
2859
2936
2594
2024
1356
949
577
120
-341
-886
-1279
-1544
-1622
-1454
-1782
-2431
-2571
-2349
-1964
-1585
-1358
-1158
-911
-667
-594
-376
457
1559
2336
2707
2656
2538
3253
4428
5076
5117
4530
3803
3785
4165
4318
4109
3441
2414
1434
1005
1214
1487
1065
-337
-2007
-2777
-2404
-1882
-2104
-3029
-4130
-4770
-4753
-4458
-4060
-3825
-4021
-4326
-4360
-3805
-3138
-3032
-3080
-3046
-2693
-1971
-1670
-1728
-1754
-1679
-1249
-851
-727
-675
-577
-298
-182
-341
-417
-238
224
654
736
519
248
233
639
1358
1808
1828
1688
1522
1634
1650
1648
2080
2386
2397
1813
1104
1145
1281
1357
1170
754
728
749
759
680
402
158
175
567
734
576
368
379
720
961
1289
1534
1595
1660
1512
1916
2786
3219
3116
2563
2233
2339
2647
2874
2518
2006
1633
1329
1207
983
674
330
-48
-541
-1155
-1341
-1377
-1795
-2427
-2929
-3085
-3295
-3797
-4279
-4233
-3595
-3359
-3915
-4415
-4321
-3844
-3365
-3016
-2805
-2676
-2608
-2623
-2449
-2005
-1574
-1366
-1155
-889
-883
-853
-678
-523
-342
-293
-225
55
413
565
363
243
376
588
895
1234
1487
1577
1488
1274
1266
1673
2083
2248
2260
2195
2039
1793
1598
1562
1890
2408
2433
1742
825
318
530
1222
1610
1327
793
173
-431
-537
106
1014
1338
864
55
-176
517
1224
1499
1530
1368
1105
890
967
1243
1512
1504
1020
614
513
446
415
499
565
389
-35
-578
-881
-647
-234
-216
-633
-1097
-1322
-1277
-1227
-1307
-1184
-806
-774
-1419
-2108
-2052
-1359
-920
-1207
-1831
-2096
-1933
-1884
-1938
-1803
-1536
-1502
-1820
-2032
-1860
-1369
-1017
-1080
-1329
-1495
-1282
-792
-387
-381
-734
-942
-735
-255
102
135
75
78
108
125
171
422
883
1172
971
524
346
633
1133
1494
1554
1381
1183
1020
988
1334
1911
2227
2079
1651
1322
1417
1751
1944
1890
1779
1804
1763
1600
1404
1209
1330
1577
1564
1302
856
546
454
454
474
205
-165
-490
-806
-823
-766
-863
-1167
-1679
-1910
-1785
-1336
-891
-1054
-1479
-1849
-1843
-1322
-747
-230
-49
-186
-376
-614
-455
-2
429
738
518
-8
-500
-589
-149
39
-157
-578
-996
-1016
-1028
-1043
-947
-910
-992
-1411
-1629
-1351
-1057
-916
-1068
-1165
-929
-703
-581
-587
-494
-226
-92
65
131
52
130
322
641
813
683
482
345
604
1066
1382
1509
1182
794
802
1160
1642
1690
1463
1312
1276
1372
1241
1111
1214
1306
1296
1059
912
948
899
745
483
396
475
441
307
68
-174
-440
-738
-856
-767
-570
-564
-942
-1495
-1913
-1862
-1380
-851
-605
-844
-1361
-1682
-1494
-765
48
438
259
-193
-328
7
600
1141
1324
1146
704
350
481
1017
1489
1328
622
16
-134
145
437
459
238
-267
-831
-1135
-1022
-630
-518
-899
-1507
-1923
-1831
-1457
-1156
-1145
-1470
-1761
-1739
-1424
-1009
-786
-690
-619
-643
-656
-575
-246
233
493
516
429
425
544
709
1022
1354
1493
1371
1126
1089
1276
1572
1821
1821
1571
1169
987
1256
1674
1862
1595
1134
834
758
892
1028
1046
909
567
191
-147
-366
-404
-374
-343
-534
-1021
-1647
-2121
-2078
-1625
-1218
-1306
-1876
-2413
-2498
-2017
-1302
-745
-557
-756
-1004
-948
-381
451
987
1054
822
692
837
1146
1527
1760
1729
1328
785
699
1147
1651
1511
714
3
-119
312
692
606
162
-431
-876
-959
-679
-328
-326
-716
-1241
-1556
-1560
-1401
-1195
-1010
-936
-1083
-1354
-1544
-1563
-1331
-827
-304
-84
-281
-710
-908
-584
124
751
879
553
62
-95
329
946
1302
1253
948
638
497
690
1182
1661
1741
1210
561
508
1004
1490
1526
1177
812
611
539
466
471
643
717
500
33
-438
-614
-408
-49
13
-311
-714
-999
-1080
-1018
-914
-708
-494
-530
-908
-1259
-1108
-613
-188
-98
-345
-532
-448
-247
-69
47
130
126
57
23
27
138
333
392
294
179
125
168
249
310
325
254
91
-142
-239
-40
193
133
-230
-587
-654
-446
-185
-103
-223
-432
-674
-752
-530
-205
-42
-166
-406
-519
-478
-351
-239
-150
-86
-167
-344
-426
-314
-66
113
140
47
-27
73
312
569
764
824
797
753
730
866
1177
1521
1608
1289
874
763
1058
1429
1452
1160
795
489
301
233
401
619
473
-130
-878
-1140
-782
-323
-303
-873
-1512
-1732
-1532
-1196
-1088
-1180
-1311
-1438
-1455
-1293
-928
-579
-534
-717
-801
-535
-58
299
438
444
434
473
629
946
1224
1286
1197
1139
1212
1216
1103
1038
1085
1163
975
590
339
274
299
175
-91
-306
-542
-771
-1002
-1166
-1117
-1111
-1232
-1459
-1709
-1717
-1616
-1424
-1245
-1212
-1194
-1306
-1303
-1047
-682
-303
-256
-377
-396
-209
208
507
667
729
746
847
941
1131
1386
1578
1665
1604
1542
1505
1489
1545
1632
1705
1584
1248
900
708
703
718
639
441
120
-279
-655
-776
-643
-488
-582
-965
-1298
-1392
-1238
-1070
-1045
-1031
-992
-878
-835
-852
-760
-576
-316
-172
-108
-20
66
156
157
241
427
624
699
576
483
501
675
830
858
804
692
665
706
792
801
690
569
508
551
534
444
320
189
54
-171
-356
-410
-336
-361
-666
-1110
-1435
-1446
-1304
-1224
-1339
-1579
-1789
-1944
-1960
-1872
-1701
-1533
-1504
-1519
-1532
-1395
-1156
-940
-696
-520
-309
-104
47
261
499
829
1118
1221
1230
1213
1442
1856
2163
2228
1951
1688
1655
1834
2129
2190
1981
1538
1052
836
863
1021
999
651
175
-243
-427
-420
-359
-307
-386
-588
-828
-975
-902
-740
-573
-489
-499
-497
-539
-513
-393
-182
106
209
187
89
52
225
378
532
567
491
463
351
326
361
401
480
376
217
82
-4
29
-6
-70
-145
-321
-487
-688
-820
-799
-840
-920
-1154
-1427
-1528
-1617
-1564
-1554
-1582
-1553
-1678
-1724
-1755
-1643
-1345
-1158
-959
-904
-822
-646
-523
-256
-20
293
607
743
833
839
966
1147
1340
1547
1654
1736
1671
1541
1457
1496
1646
1736
1715
1518
1270
1050
922
947
1025
1032
786
424
88
-62
23
65
52
-112
-332
-496
-659
-633
-533
-409
-325
-418
-468
-482
-432
-308
-245
-129
-21
16
19
-45
-21
51
86
124
101
128
169
88
-22
-149
-201
-114
-29
30
-35
-230
-398
-507
-391
-156
-66
-147
-438
-640
-606
-469
-297
-330
-460
-602
-734
-707
-673
-584
-536
-627
-736
-852
-816
-707
-596
-524
-545
-567
-614
-608
-503
-310
-111
-27
-67
-132
-41
161
401
527
525
545
596
755
906
959
967
925
960
1039
1109
1139
1051
951
839
788
827
835
793
624
416
291
250
270
229
119
-11
-111
-145
-140
-105
-114
-152
-208
-232
-155
-65
18
24
-16
-5
41
144
205
202
162
99
73
76
85
85
48
-42
-149
-270
-328
-323
-344
-383
-531
-671
-756
-807
-773
-819
-844
-912
-1010
-1018
-1073
-987
-928
-944
-949
-1055
-935
-764
-588
-445
-558
-567
-551
-360
0
187
345
276
195
287
443
770
940
950
884
780
868
965
1028
994
847
805
804
858
834
657
493
355
391
489
510
451
237
97
65
127
284
300
242
118
11
70
149
242
230
114
66
36
112
178
142
111
38
48
84
96
125
75
46
41
41
79
49
-8
-74
-120
-84
-59
-80
-169
-334
-451
-467
-411
-348
-411
-590
-789
-924
-898
-803
-718
-740
-901
-1068
-1179
-1143
-1013
-910
-865
-917
-982
-990
-928
-802
-672
-555
-465
-384
-303
-222
-100
55
204
323
400
480
601
741
875
936
942
969
1025
1117
1180
1181
1159
1089
1024
976
950
969
941
875
767
629
565
509
467
435
355
322
248
144
71
-7
-8
-12
-62
-96
-168
-190
-194
-223
-203
-200
-168
-167
-220
-199
-158
-80
-47
-88
-80
-53
9
56
46
71
81
73
62
36
84
108
48
-56
-179
-175
-148
-177
-265
-428
-509
-552
-579
-584
-650
-679
-759
-876
-933
-976
-907
-882
-936
-995
-1094
-1071
-1037
-1008
-930
-917
-826
-795
-783
-663
-545
-304
-148
-73
42
107
296
453
603
791
866
970
988
1015
1124
1150
1218
1195
1156
1176
1076
1021
914
830
843
761
723
629
503
449
336
322
310
278
271
173
161
161
165
209
191
246
300
323
344
278
275
305
333
404
382
343
268
144
123
113
152
154
-15
-143
-298
-356
-307
-375
-391
-528
-691
-753
-884
-830
-831
-888
-921
-1099
-1083
-1053
-1009
-915
-1016
-1007
-1034
-1021
-885
-882
-790
-817
-863
-773
-751
-586
-537
-545
-495
-527
-392
-318
-236
-115
-114
-2
40
124
266
312
447
502
613
772
815
911
894
952
1098
1169
1293
1226
1146
1129
1098
1230
1250
1215
1109
859
771
718
783
850
670
468
195
74
144
154
193
47
-162
-309
-443
-342
-235
-166
-186
-394
-489
-517
-395
-193
-138
-106
-215
-314
-287
-217
-21
77
38
-69
-227
-226
-135
-31
37
-55
-183
-304
-353
-286
-224
-188
-253
-401
-520
-580
-523
-441
-412
-469
-603
-701
-732
-655
-549
-488
-507
-640
-738
-751
-637
-458
-368
-361
-442
-496
-457
-346
-177
-43
6
5
-10
37
153
290
411
465
485
486
505
548
598
685
718
713
653
564
572
607
688
715
615
491
340
330
424
528
590
470
306
169
163
317
438
479
343
134
31
51
221
346
336
206
10
-61
-8
146
271
231
96
-97
-181
-120
-1
103
38
-125
-315
-433
-362
-240
-142
-179
-360
-514
-584
-485
-317
-232
-261
-415
-532
-531
-427
-281
-229
-280
-385
-473
-466
-390
-302
-258
-296
-356
-408
-418
-364
-320
-261
-236
-250
-251
-298
-277
-222
-147
-33
-22
-23
-57
-85
4
92
211
269
222
204
176
271
406
477
513
404
351
360
430
589
603
581
470
366
411
445
572
577
482
394
253
304
343
396
415
249
171
53
53
140
106
120
-29
-150
-168
-211
-91
-98
-139
-179
-328
-309
-316
-274
-187
-239
-223
-290
-324
-267
-281
-189
-172
-190
-190
-286
-278
-295
-282
-219
-266
-280
-373
-448
-428
-421
-330
-318
-357
-395
-463
-407
-336
-243
-164
-191
-197
-205
-136
-19
42
98
80
91
151
210
310
335
346
360
365
456
510
544
540
475
468
468
521
562
531
492
394
349
331
315
332
289
257
188
123
114
83
132
143
146
160
93
102
77
101
162
147
176
109
55
44
14
80
60
23
-33
-133
-129
-159
-167
-199
-314
-345
-413
-427
-419
-487
-480
-556
-592
-569
-591
-508
-517
-517
-492
-507
-399
-359
-293
-245
-261
-194
-180
-93
-37
-27
18
-16
32
65
103
150
109
113
88
102
153
156
183
144
116
120
114
152
150
153
156
138
149
135
123
101
82
111
142
172
157
101
53
28
87
154
204
202
135
86
59
110
193
258
275
227
165
143
181
247
317
301
262
207
161
207
216
260
247
176
160
77
104
114
106
150
68
74
31
-12
42
-9
46
29
-21
0
-110
-94
-116
-150
-92
-214
-232
-301
-394
-328
-442
-441
-492
-615
-566
-674
-634
-633
-729
-671
-812
-777
-743
-783
-636
-756
-733
-730
-791
-578
-607
-510
-461
-559
-389
-397
-248
-95
-129
30
6
107
272
283
456
455
502
612
602
743
775
782
835
783
833
856
829
845
758
712
709
644
652
576
469
430
334
342
319
235
194
79
56
67
44
75
8
-40
-34
-46
31
45
23
23
-26
18
68
86
116
57
16
-26
-61
-46
-76
-106
-182
-267
-337
-398
-407
-438
-445
-495
-544
-554
-590
-522
-512
-485
-436
-475
-379
-366
-298
-176
-181
-56
-67
-36
59
43
201
202
231
292
206
304
282
312
387
300
354
285
258
308
233
288
227
175
192
93
125
92
59
91
8
29
7
-39
-2
-52
-28
-17
-59
-41
-94
-100
-85
-108
-83
-103
-144
-156
-188
-190
-180
-196
-196
-223
-242
-223
-227
-207
-212
-221
-192
-189
-148
-132
-127
-103
-110
-70
-40
-13
20
3
5
5
17
61
73
81
74
38
38
51
60
94
67
35
18
-5
37
59
78
98
67
73
81
105
166
184
207
203
182
198
213
249
290
294
285
259
226
225
232
239
241
206
160
128
101
106
103
91
86
46
30
1
-7
7
-14
-9
-39
-57
-50
-59
-39
-48
-61
-64
-82
-78
-84
-95
-103
-112
-116
-138
-164
-179
-191
-201
-212
-229
-251
-265
-274
-275
-273
-286
-296
-300
-300
-282
-259
-242
-236
-229
-213
-183
-143
-104
-75
-66
-58
-47
-21
14
37
52
42
29
31
33
44
39
23
17
3
16
12
5
5
-8
19
27
42
64
63
97
121
152
179
186
205
226
244
274
300
324
350
344
334
310
299
326
338
351
315
260
229
189
186
167
144
121
79
62
45
39
25
3
-30
-54
-52
-39
-17
-31
-38
-53
-73
-80
-116
-110
-119
-118
-111
-135
-113
-135
-158
-188
-234
-207
-205
-188
-189
-207
-185
-203
-215
-247
-255
-222
-217
-198
-223
-225
-193
-176
-154
-148
-123
-118
-121
-138
-118
-41
31
111
120
78
11
-21
-7
11
107
156
161
139
109
159
163
123
30
23
95
57
-24
-127
150
820
1024
202
-1114
-1599
-893
345
1000
698
165
-170
-167
63
192
-73
-449
-364
209
1237
2000
1456
-122
-1598
-1908
-839
790
1606
1499
1100
732
285
-403
-1002
-911
113
1156
1649
1641
1224
559
-364
-1194
-1394
-519
784
1792
2151
1539
712
2
-842
-1738
-1439
154
1355
1323
230
-740
-1276
-1828
-2264
-2161
-1451
-779
188
570
-711
-2296
-2513
-1646
-1448
-1637
-963
742
1595
411
-941
-1104
-569
-280
252
1027
1616
1885
1495
832
78
-315
-198
393
1076
1342
1551
1287
290
-816
-1268
-979
-413
153
377
245
-127
-769
-1473
-1690
-1426
-791
241
816
563
-66
-486
-464
-222
152
558
1183
1773
1676
1183
634
209
206
684
1403
1882
1793
1142
353
-209
-324
-96
226
384
338
323
59
-499
-1235
-1645
-1247
-487
174
224
-362
-1002
-1256
-1289
-1262
-961
-404
232
531
294
-319
-890
-1123
-822
114
924
1161
883
332
-51
-193
-98
63
255
477
555
502
284
-163
-732
-1072
-895
-290
175
85
-360
-705
-754
-744
-747
-663
-376
63
332
328
93
-227
-330
-81
444
911
945
633
358
420
683
747
614
493
584
789
761
613
448
314
299
351
477
420
112
-10
190
308
-14
-449
-365
69
257
-17
-420
-429
-177
40
93
-56
-213
-313
-256
-9
353
554
251
-244
-382
-111
51
-205
-475
-371
-82
15
-218
-693
-1175
-1461
-1339
-873
-423
-297
-581
-918
-1150
-1310
-1362
-1195
-600
116
446
249
-235
-597
-672
-408
116
649
1002
1063
908
664
419
219
6
-17
446
1243
1698
1247
365
-171
-189
7
155
431
771
947
881
576
178
-215
-291
70
573
886
896
727
425
97
16
214
392
383
302
359
434
325
170
53
46
80
96
124
20
-117
-176
-100
92
254
289
28
-391
-665
-658
-437
-175
103
263
121
-290
-748
-979
-887
-540
-59
285
297
21
-434
-837
-1054
-929
-454
-32
135
-83
-568
-1040
-1329
-1191
-839
-567
-475
-600
-735
-894
-974
-904
-865
-757
-539
-159
206
152
-231
-654
-694
-190
471
926
949
652
311
29
48
368
714
927
948
955
885
629
359
234
393
659
914
1103
1093
903
559
249
160
437
1004
1411
1322
827
346
150
222
440
637
672
556
445
370
238
-78
-413
-508
-308
127
442
389
-87
-692
-931
-755
-331
33
195
139
-218
-634
-804
-581
-182
-22
-70
-214
-365
-484
-563
-416
-233
-260
-437
-585
-492
-361
-372
-459
-617
-687
-642
-519
-404
-506
-666
-755
-761
-572
-349
-169
-200
-482
-610
-590
-372
-72
85
202
65
-15
49
19
9
-46
249
649
695
512
107
-29
89
287
624
756
776
639
343
252
236
322
436
460
650
774
749
503
2
-180
-88
276
663
651
571
310
107
-58
-331
-253
-74
296
605
510
285
-213
-488
-408
-154
239
296
251
148
-10
-19
-175
-335
-395
-254
188
447
362
-34
-499
-587
-463
-233
18
90
68
-122
-362
-501
-672
-644
-410
-180
77
26
-248
-516
-742
-583
-421
-264
-31
0
202
151
-109
-343
-592
-410
-152
314
617
355
110
-265
-454
-441
-308
64
280
437
265
-122
-259
-331
-261
-48
212
337
320
416
457
385
228
12
40
417
954
1148
957
670
318
255
395
629
804
699
615
376
302
255
-67
-173
-235
23
241
117
-169
-769
-902
-721
-473
-205
-373
-488
-538
-486
-391
-660
-819
-835
-637
-171
-13
-84
-365
-639
-585
-412
-134
-92
-293
-324
-190
114
299
107
-239
-439
-279
109
400
436
254
29
-15
118
223
288
247
192
256
276
274
164
68
137
174
228
183
62
74
109
204
268
208
139
41
66
224
272
255
192
171
341
407
344
196
22
95
164
304
434
355
300
71
-72
-99
-89
106
108
105
2
-124
-54
-114
-150
-313
-414
-245
-96
63
-17
-254
-366
-378
-216
-73
-107
-198
-316
-299
-62
46
2
-188
-429
-323
-178
-10
25
-214
-207
-212
-83
37
-176
-239
-348
-218
85
122
174
-49
-197
-95
-92
72
51
0
128
123
232
130
-93
-117
-131
102
290
292
262
56
-50
-83
-117
-47
7
130
248
196
37
-161
-297
-242
-125
-16
66
-4
-55
-138
-240
-226
-260
-163
-50
24
114
41
-8
-73
-89
9
115
280
343
333
250
185
208
250
352
360
359
333
282
315
276
292
250
171
181
114
146
134
72
45
-80
-111
-127
-128
-78
-123
-140
-178
-202
-201
-260
-267
-256
-205
-133
-134
-146
-166
-143
-76
-52
-40
-55
-53
25
97
134
113
23
-15
-19
20
71
43
27
-19
-53
-42
-83
-83
-118
-120
-85
-89
-42
-85
-100
-95
-120
-97
-146
-145
-130
-105
-39
-52
-58
-96
-147
-174
-168
-95
-39
9
11
-8
-1
5
29
13
34
91
143
217
213
176
162
155
169
182
234
300
304
279
230
175
172
161
111
97
134
184
166
73
-13
-73
-40
2
-16
-41
-74
-83
-95
-96
-90
-116
-137
-177
-190
-136
-68
-36
-100
-154
-177
-162
-107
-89
-76
-61
-34
-29
-53
-47
-56
-44
-32
-42
-24
-7
53
74
62
62
-2
0
35
86
151
139
124
76
53
74
66
75
49
26
22
15
30
3
-21
-30
-55
-40
-50
-63
-53
-64
-52
-59
-66
-49
-65
-56
-52
-79
-70
-71
-39
1
-7
-12
-45
-45
-10
3
32
10
-4
12
6
18
-7
-29
-18
11
70
90
71
32
-9
-8
27
66
94
98
88
91
66
37
7
-22
10
53
96
99
37
-4
-43
-45
2
21
54
52
32
28
-16
-42
-65
-62
3
29
59
40
-24
-40
-75
-67
-64
-61
-20
-17
4
-22
-58
-66
-79
-51
-28
3
15
2
4
-7
1
2
1
11
20
32
36
38
26
14
0
2
1
9
21
4
7
-13
-24
-18
-17
13
6
0
-20
-45
-31
-36
-3
1
-10
-10
-35
-19
-22
-20
-9
-19
0
3
20
33
22
26
8
16
22
19
43
38
48
54
34
18
-9
-13
-12
-8
8
14
19
3
-18
-25
-26
-22
-17
-15
-4
15
30
20
-16
-43
-31
-6
14
17
7
0
-1
-17
-32
-27
-13
13
8
-2
-1
-12
2
-2
0
19
15
14
-13
-29
-16
-11
5
-3
-9
12
-1
-13
-48
-66
-22
15
51
39
7
8
-2
12
20
25
53
62
78
71
45
28
14
28
52
68
77
57
21
4
-4
6
7
-3
6
3
-4
-19
-51
-60
-65
-59
-51
-69
-53
-49
-55
-53
-81
-78
-68
-62
-45
-43
-33
-24
-30
-28
-27
-24
-13
-8
9
25
20
22
13
18
27
23
32
21
38
54
42
44
11
4
7
7
28
13
5
7
-3
13
12
2
-4
-12
5
19
25
17
-3
-3
2
6
8
1
1
9
20
21
6
-8
-6
8
33
49
37
28
3
11
29
23
41
17
28
49
43
65
38
27
24
17
56
48
44
48
23
41
12
-13
-29
-61
-23
-19
-17
-29
-88
-106
-132
-120
-105
-119
-113
-132
-127
-121
-144
-153
-162
-141
-102
-94
-102
-134
-157
-145
-122
-99
-87
-75
-64
-50
-46
-45
-76
-64
-34
5
71
45
79
49
59
90
68
122
72
138
146
165
192
134
179
164
230
223
216
207
179
226
238
282
261
270
222
222
219
211
249
203
226
177
160
151
108
118
89
71
66
37
21
-8
-55
-70
-108
-108
-107
-129
-122
-164
-188
-219
-251
-250
-268
-268
-271
-283
-291
-323
-353
-374
-378
-365
-349
-348
-355
-361
-360
-354
-353
-350
-339
-321
-284
-244
-221
-201
-201
-174
-138
-100
-48
-32
4
38
67
106
118
141
177
212
256
273
283
297
302
340
361
372
399
380
391
382
363
389
361
375
371
343
354
301
290
268
237
252
216
210
178
132
116
58
48
38
20
34
0
-12
-44
-83
-89
-114
-104
-101
-97
-83
-101
-111
-138
-159
-156
-149
-129
-115
-115
-133
-155
-185
-199
-199
-188
-171
-167
-167
-201
-234
-260
-276
-251
-238
-212
-210
-220
-220
-236
-216
-201
-166
-126
-102
-76
-78
-64
-53
-31
8
42
89
100
111
100
90
112
116
158
170
186
192
161
166
135
152
169
171
195
162
164
134
111
117
89
114
109
107
102
62
57
26
25
30
26
45
36
33
19
6
-2
-12
0
2
23
23
13
6
-33
-35
-47
-38
-18
-28
-2
-25
-34
-44
-68
-48
-60
-40
-34
-48
-48
-80
-77
-80
-69
-49
-51
-24
-25
-25
-27
-32
-13
4
33
42
41
20
1
5
-1
23
34
41
39
12
-2
-24
-29
-27
-21
-4
-8
-14
-31
-43
-43
-42
-29
-22
-6
-5
-11
-17
-32
-33
-35
-26
-12
-1
5
-3
-5
-5
-7
-7
2
7
17
20
18
23
19
23
20
20
27
29
38
37
34
33
32
31
22
19
19
16
16
7
6
-4
-11
-10
-15
-8
-8
-1
-3
-6
-4
-15
-14
-16
-12
-8
-3
8
6
8
5
-2
0
-4
1
2
6
11
14
14
9
15
14
19
34
40
44
42
36
28
33
43
42
46
45
40
43
31
19
13
0
8
6
5
1
-16
-23
-49
-63
-69
-79
-69
-84
-81
-85
-94
-90
-103
-95
-100
-94
-91
-90
-73
-83
-68
-69
-63
-50
-48
-29
-32
-17
-6
-1
14
8
23
29
39
54
62
77
74
83
83
88
95
91
96
97
106
94
89
90
83
87
78
79
68
59
56
37
36
21
16
9
-3
-7
-17
-17
-21
-21
-13
-8
-1
-3
-5
-2
-2
-1
1
0
0
-2
-5
-4
-8
-8
-7
-9
-8
-18
-25
-32
-34
-36
-35
-34
-35
-42
-49
-54
-63
-71
-84
-84
-96
-100
-103
-107
-100
-105
-96
-100
-94
-75
