-33
-3
20
34
29
-4
-20
-28
-31
-21
-11
-3
11
39
64
80
82
70
59
31
-9
-25
-1
61
119
136
114
59
10
-13
-17
16
42
48
45
25
19
-11
-53
-66
-63
-15
7
12
26
22
28
-2
-24
-17
-17
-6
-16
-22
-8
-9
7
11
8
17
0
-17
-33
-35
-13
-18
6
42
45
55
29
16
11
-17
-8
-10
-8
4
17
60
72
40
-23
-78
-65
-13
33
48
10
-27
-48
-47
-16
0
17
12
-19
-43
-52
-24
-4
-5
-5
-7
-24
-64
-99
-80
-33
-5
-1
9
20
13
11
10
29
29
-2
-20
-30
2
30
21
-10
-66
-84
-75
-52
-18
-9
2
0
-21
-18
-2
35
59
63
73
62
43
22
11
44
69
68
60
56
77
70
18
-31
-54
-49
-33
-4
54
91
76
29
-5
7
23
35
42
30
17
11
11
34
21
-4
-21
-41
-30
-15
10
39
26
6
-11
-44
-76
-127
-148
-125
-89
-38
10
33
13
-49
-102
-129
-146
-156
-157
-144
-126
-98
-64
-55
-79
-121
-144
-116
-57
6
66
125
171
167
122
78
56
40
25
36
85
146
204
209
154
89
39
11
3
27
66
94
90
54
30
26
7
-66
-150
-168
-97
12
80
96
93
61
0
-64
-93
-61
-12
-17
-45
-44
22
104
127
81
4
-62
-102
-103
-32
93
189
195
107
0
-74
-123
-161
-167
-121
-26
74
130
139
105
29
-75
-171
-192
-131
-34
57
109
141
131
69
-9
-71
-76
-31
16
65
100
111
100
50
-5
-60
-107
-152
-171
-124
-50
17
48
36
-14
-90
-175
-203
-149
-56
30
86
121
125
92
41
-10
-17
6
25
42
44
65
83
73
67
53
18
-39
-96
-126
-126
-84
-4
57
102
115
81
16
-43
-65
-78
-50
-4
15
17
4
-19
-49
-55
-45
-40
-4
23
24
39
46
39
19
-4
10
36
72
98
81
47
7
-18
-12
13
39
39
18
-13
-53
-65
-73
-81
-75
-64
-45
-40
-18
11
13
22
43
60
68
64
60
31
-15
-5
6
-10
-5
-18
-42
-52
-22
19
4
8
-3
-50
-47
-21
-2
3
-11
-26
-70
-60
-12
11
71
107
86
56
24
5
-21
-31
8
6
2
6
-25
-26
-35
-17
21
23
46
26
-11
-25
-55
-50
-43
-40
-23
-45
-35
-12
10
62
74
81
66
26
18
-1
-10
-15
-26
-9
-15
-18
-17
-46
-64
-89
-100
-74
-47
15
53
52
40
-1
-12
-9
10
48
65
83
93
92
101
99
101
99
77
75
66
74
103
107
104
76
19
-41
-107
-144
-132
-87
-10
36
50
31
-35
-73
-96
-97
-77
-88
-101
-113
-127
-129
-136
-126
-108
-88
-45
-10
28
54
65
68
44
23
-11
-47
-51
-55
-39
-15
-18
-9
-8
4
35
53
72
78
71
65
53
32
14
-10
-25
-24
-20
6
48
91
127
135
118
81
36
24
31
48
71
53
17
-31
-62
-64
-56
-25
12
42
51
36
12
-26
-56
-76
-88
-84
-77
-61
-39
-35
-39
-41
-38
-21
-7
17
43
57
72
62
34
3
-23
-23
-20
-14
-6
-13
-14
-22
-21
-4
14
27
28
13
-13
-33
-40
-37
-23
-19
-22
-23
-25
-23
-5
5
18
32
28
32
24
20
14
-6
-5
-10
-6
0
-8
-7
-24
-40
-48
-37
-14
1
14
19
5
-21
-43
-63
-57
-40
-19
18
30
46
44
39
30
11
20
26
36
42
34
52
59
64
75
75
85
84
84
77
68
60
46
34
14
-2
-17
-25
-23
-28
-30
-38
-37
-30
-24
-2
-5
-19
-28
-53
-79
-114
-142
-149
-129
-99
-65
-40
-18
0
7
16
15
22
11
-6
-25
-76
-107
-146
-175
-172
-164
-110
-57
-1
68
97
120
106
62
27
-18
-39
-46
-45
-16
10
47
71
82
116
134
160
169
152
153
122
96
69
40
37
27
41
56
49
49
21
-8
-13
-10
10
23
45
54
57
54
26
7
-11
-16
-11
-32
-51
-75
-87
-81
-65
-24
1
22
31
15
-5
-49
-78
-82
-83
-72
-64
-49
-23
-7
13
20
25
42
42
43
40
23
1
-38
-68
-80
-80
-54
-31
-7
12
15
13
0
-14
-31
-50
-57
-62
-69
-81
-89
-75
-67
-52
-39
-30
-12
-7
20
43
60
67
39
3
-43
-69
-57
-30
9
42
58
72
82
97
121
137
149
126
87
58
25
18
16
31
62
62
67
65
47
36
13
-1
-12
-36
-42
-61
-61
-44
-51
-42
-60
-78
-74
-85
-73
-67
-43
10
17
44
50
41
66
49
49
29
10
46
43
57
45
9
12
-35
-66
-84
-96
-53
-32
-14
-8
-48
-64
-88
-107
-103
-106
-63
-31
-5
22
18
30
21
9
-8
-53
-63
-60
-29
15
36
64
74
79
58
38
53
75
88
72
55
32
8
-6
-42
-42
-17
14
51
54
72
77
71
62
5
-51
-89
-82
-56
-44
-30
-13
25
47
43
18
-1
15
20
16
9
15
39
44
21
-33
-77
-99
-93
-58
-17
16
57
87
100
75
28
28
2
-30
-83
-136
-106
-95
-68
-79
-98
-69
-88
-83
-81
-56
-6
-20
-41
-62
-61
-18
19
47
75
79
66
48
15
18
28
33
49
45
60
82
119
143
120
95
61
58
66
60
67
74
99
93
57
5
-49
-65
-41
12
36
21
-10
-10
34
40
-24
-106
-111
-62
-68
-106
-130
-66
18
-9
-72
-95
-27
25
-11
-70
-82
-50
-50
-80
-115
-85
-43
-41
-38
-56
-35
-6
17
29
4
-15
-35
-42
-64
-59
-1
72
128
105
91
105
110
83
21
6
-7
-19
-21
-12
40
67
68
61
51
33
-11
-21
25
76
82
67
55
54
15
-66
-75
-5
98
127
128
147
149
110
-1
-84
-74
-54
-77
-122
-116
-57
6
3
-18
5
19
0
-81
-115
-103
-93
-100
-168
-182
-163
-147
-120
-115
-97
-88
-49
-12
30
107
122
104
41
-2
-67
-185
-208
-162
-17
90
42
-34
-27
19
-15
-110
-124
12
147
158
81
43
85
29
-21
-8
-19
3
8
151
347
378
261
149
296
381
106
-176
-192
28
130
-64
-169
1
203
158
-65
-82
95
151
97
-5
-50
-6
-49
-112
-113
-92
-68
-86
-72
-23
-34
-30
19
46
120
106
40
68
115
107
-29
-48
64
115
147
26
-51
21
18
-78
-154
-25
73
85
57
-131
-194
-103
-74
-132
-141
-80
-48
-20
-99
-275
-283
-140
-178
-272
-269
-216
-87
-83
-138
-151
-93
5
-95
-115
-25
23
73
-44
-79
2
52
149
118
47
103
114
92
116
146
174
195
264
188
22
101
128
147
258
224
211
299
396
273
127
137
104
197
250
190
195
296
385
224
138
11
-66
3
-84
-112
-175
-143
-132
-280
-329
-335
-303
-426
-416
-249
-173
-304
-492
-457
-385
-267
-365
-580
-467
-213
-11
-296
-444
-223
-64
-123
-419
-377
-213
-12
124
-46
-65
214
526
236
-290
-53
46
-133
-204
-53
103
233
222
-14
14
289
145
104
157
344
633
594
478
747
966
462
-62
241
471
357
222
185
589
964
730
327
292
447
628
283
-435
-404
298
304
-328
-555
-364
-480
-479
-734
-1113
-881
-579
-506
-551
-529
-393
-378
-201
-55
-293
-190
22
200
399
329
129
162
326
187
-123
47
179
189
490
341
190
288
207
-18
-60
-119
-27
-131
41
220
285
62
-187
-188
-265
-436
-352
-292
89
218
-90
-142
-298
-159
66
80
-116
67
418
107
-257
117
191
-19
-100
90
26
-173
-45
1
-110
-86
-80
-185
9
171
19
-199
-195
-95
14
-26
-232
-122
278
172
71
168
63
215
267
-24
-125
179
232
269
364
204
-28
92
131
16
-15
135
247
249
288
187
36
48
100
-80
-189
-92
-66
-82
57
-96
35
215
-90
-380
-100
188
-147
-290
92
164
56
35
-213
-176
-268
-75
-136
-265
-272
-101
137
5
-324
-331
-375
-319
-349
-491
-314
-216
-25
-116
-132
-230
-261
-221
-133
-108
108
63
67
526
512
147
-94
338
497
7
126
262
204
422
269
122
169
290
116
-240
293
323
64
197
315
259
249
-77
-176
187
418
422
-87
214
804
522
-97
-479
-50
278
30
-277
-682
-16
496
-232
-1020
-480
374
-124
-354
-403
-460
-248
-219
-513
-554
-254
215
-96
-229
-187
-363
-253
-216
-450
218
216
150
623
256
-150
50
129
-308
-213
599
365
105
467
192
-145
-333
-42
-14
-221
270
299
4
314
30
-341
-555
-322
-65
-116
-151
-49
-41
681
302
-549
-174
143
308
252
-72
141
260
784
567
-295
-308
553
831
131
-359
203
881
466
135
72
-195
674
377
-624
-530
-316
117
-460
-433
-204
-344
232
156
-578
-680
-84
157
-758
-663
161
207
-395
-329
83
-309
-363
-203
-331
-196
454
-75
-429
228
-216
-507
-337
-303
-425
-215
355
-85
63
20
-327
502
398
15
262
705
829
217
14
231
398
470
54
165
777
857
177
51
170
509
396
-101
-56
674
530
-278
67
499
-208
-200
69
-124
-196
121
-89
-683
-301
22
228
-320
-528
-81
411
-614
-1126
-241
111
-362
-249
-43
385
65
-524
-556
-58
-179
-341
62
155
-160
-165
164
15
-129
-449
-50
215
471
-490
-682
393
170
-477
-327
132
187
-128
0
-50
-307
-132
306
-73
63
201
-27
523
56
-136
-314
41
727
187
-28
87
581
589
-341
38
231
219
149
175
470
-56
165
150
186
313
23
243
-149
203
561
303
-365
-67
281
493
415
-379
-390
355
622
84
-890
-647
737
473
-594
-614
131
-82
108
-395
-489
-346
559
-253
-595
60
-235
-404
-279
-36
-295
-268
-27
-149
-100
51
-380
-205
-55
25
-78
-159
-346
-39
-229
149
-247
-606
-110
12
317
-664
-415
369
-187
-13
-152
-174
17
-135
584
-424
-184
524
253
84
-186
424
324
319
516
73
420
899
487
-36
254
625
454
173
247
456
481
371
313
58
444
335
-150
-29
466
62
-590
343
64
-412
-353
-257
92
-516
-525
-59
132
-181
-747
4
109
-560
-582
-309
-204
-250
-216
-318
-117
419
168
-562
-502
380
-51
-807
-535
110
83
145
301
89
88
-27
-128
-201
-494
-228
197
518
44
181
267
101
-25
-268
-301
-249
-62
189
352
133
99
185
147
65
142
41
-152
-249
-62
214
258
-126
-93
622
243
-36
-429
35
667
526
-22
-37
972
420
-367
15
-219
134
141
-268
442
276
492
-233
-96
506
-142
-143
-38
-19
294
-510
-291
-253
-194
-53
-441
-137
495
-134
-421
276
350
27
-396
507
-67
-23
312
-455
-262
457
-531
-274
301
227
-294
-744
312
53
-382
-481
-422
-17
294
-717
-930
-665
-375
62
-781
-642
-3
0
325
-465
-523
669
176
256
-45
-250
77
193
-40
124
364
477
819
140
294
572
890
706
52
420
766
179
-136
-138
-157
75
129
-423
-315
289
876
114
23
730
-100
-423
62
39
-377
-209
225
-174
-652
-461
-461
268
18
-301
161
278
308
-329
-455
104
299
-296
353
152
-160
56
-169
-223
-664
73
689
-199
-367
444
-8
-504
-500
-290
149
83
-157
55
16
307
-161
-802
527
363
58
181
312
637
-192
-611
-113
-94
556
20
-719
347
625
-127
-662
-81
577
-73
-343
-7
-283
-30
-126
-177
-195
-37
351
-197
-435
214
162
-77
-110
270
371
92
-115
47
164
37
-328
-90
132
87
207
-413
317
817
-88
-396
-56
252
-14
-314
-437
162
763
-219
-547
84
263
-274
-305
361
338
323
266
434
164
-124
-440
-174
87
-273
-289
-155
444
128
-517
-20
-344
49
378
-438
97
463
342
30
-444
-153
326
-217
-292
228
113
-37
280
-60
-315
242
123
50
145
499
-12
-74
-17
-133
-435
-518
-224
63
302
11
280
-197
267
-215
-532
-373
-182
112
26
-424
182
-105
-475
-221
142
-435
-337
504
-201
-131
-402
-115
68
33
-301
94
213
95
391
-84
21
570
370
316
201
899
942
483
343
-113
247
-265
-1052
-155
-29
328
371
543
528
-43
385
-621
-218
173
83
957
370
548
511
97
-214
-423
-102
119
5
427
342
175
296
-525
-216
-280
-500
-496
-704
-491
-574
-564
-846
-690
378
230
-244
310
722
187
-488
-534
-446
-654
-464
-254
-231
400
53
-350
733
92
-183
479
890
521
152
775
89
-230
-312
-888
65
30
-767
-414
254
405
-275
450
541
592
160
-69
589
-290
-355
-192
-183
308
-221
-832
-602
816
-28
-653
985
765
-188
169
400
-206
-736
-410
334
-115
-9
-268
34
191
67
-231
-249
82
-14
348
350
227
-478
12
25
-789
-161
-587
108
512
528
-221
-122
451
-240
-694
-296
314
267
122
460
321
4
-45
66
429
337
105
205
1160
878
-35
-159
1249
662
-359
300
263
-30
-153
-129
103
-169
334
127
-50
154
-358
-586
-517
-425
-1126
-686
-389
-838
-907
-820
-538
-484
-276
-598
-186
416
31
-629
-12
-220
-706
-169
-416
-704
-90
-164
-292
356
52
275
340
522
-65
297
904
-150
-26
1242
783
240
504
-30
204
947
231
-518
859
1315
105
-107
416
99
-4
29
-311
-22
264
-397
-439
-50
-101
-342
-228
221
164
-46
110
380
732
-30
-266
366
512
431
-638
-239
371
-223
-113
262
187
-81
-61
652
292
-697
-448
217
335
-221
-1004
-609
166
-617
-857
-413
-299
12
-299
-376
-460
-116
95
-485
80
464
-352
-496
510
-150
-770
453
772
-25
-220
-128
121
176
-93
-108
0
446
-271
-223
354
-34
250
-71
140
-364
-285
148
-214
477
782
51
-105
25
-54
-34
-25
468
118
596
344
-208
280
-18
-177
-267
118
171
-63
968
297
-504
513
515
-60
-569
101
569
364
35
-383
392
549
-198
-290
211
641
-129
-1029
150
169
-533
-86
278
0
77
-15
-1018
-974
-349
-722
-621
283
-418
-582
518
40
-916
-876
-478
355
178
172
-59
715
1056
-253
-27
148
-318
-464
793
782
-831
113
650
-509
226
492
338
156
597
747
261
1133
307
-339
522
-344
-1042
-691
-337
-348
-333
258
336
486
58
-193
-43
82
268
-229
207
693
41
-254
-380
-456
-377
-270
-626
-645
176
102
-264
92
361
-70
-37
-245
-1125
-1613
58
831
346
378
420
838
151
-820
-1106
-684
502
388
281
777
699
-499
-558
443
-126
-629
62
763
1093
918
545
-11
-225
125
-240
205
213
-636
-4
704
-2
-73
-356
-458
-460
45
-46
245
846
531
-38
-598
-303
-451
-466
-502
-658
605
1173
555
-250
-399
-96
-395
377
173
80
719
691
75
-663
-247
-88
-604
-520
223
502
119
-230
-137
-57
622
173
-664
-553
-235
-98
-313
-18
113
390
403
-644
-408
398
-382
-436
-100
-141
169
461
41
-75
363
6
-257
-396
-652
-55
603
334
85
716
705
-340
-103
-333
-1074
105
294
-325
-33
294
390
326
-222
-766
-330
103
358
639
545
164
219
439
-17
-259
-425
-99
959
833
301
303
76
-300
-252
-259
-606
223
491
-45
342
199
-652
-374
-242
-888
-880
-356
426
464
-186
-209
199
-234
-930
-294
-105
-399
304
636
574
136
-53
-152
-438
21
-49
127
796
283
439
401
-560
-459
-551
-599
-21
62
273
851
512
-659
-727
-255
-279
-320
228
774
459
558
401
-78
-160
194
328
320
715
640
483
510
598
205
-323
-216
-92
12
-66
-268
-175
-67
-104
-238
-493
-779
-1034
-394
485
-256
-589
-49
-55
-304
-613
-812
-579
-167
86
523
459
-9
-456
-209
28
-487
-335
-33
503
474
-266
-14
241
-61
-708
-804
120
311
296
704
601
412
353
64
-60
142
456
460
368
587
228
-111
-302
-288
13
178
757
625
15
34
276
145
-232
197
293
-434
-312
101
252
98
-753
-741
-266
-102
275
286
606
569
359
401
-300
-609
-505
-440
-213
-37
349
376
-123
-188
-70
113
119
151
355
240
405
535
-112
-795
-562
-634
-942
-652
-388
-66
-179
-298
-54
326
295
-416
-666
-547
-119
136
-98
-357
-429
-88
-145
-314
-423
-847
-525
252
640
1056
1260
1056
515
251
326
-16
-272
-128
142
200
385
263
-244
-801
-1318
-1151
-833
-456
-206
-106
-103
-65
-75
-509
-476
-227
119
605
921
1346
1260
758
713
1032
879
590
876
1265
1337
1172
990
662
444
301
179
236
467
754
772
167
-365
-488
-1036
-1145
-910
-869
-573
-174
-68
-365
-665
-926
-1417
-1094
-424
220
800
474
661
209
-875
-1089
-1327
-1062
-788
-387
348
-83
-339
-573
-1214
-1488
-1668
-1031
-411
-200
-383
-1000
-297
-179
-796
-1736
-2880
-1887
-911
713
2138
2800
5016
6069
5356
3030
836
1703
2445
3514
4518
4627
4221
1311
-1576
-4857
-7539
-8691
-8042
-5070
-3181
-1904
-1567
-2836
-3673
-4528
-4094
-2771
-618
2437
4506
6245
6453
5529
4069
2567
1875
2002
3135
4040
4337
4090
2841
1063
-1367
-3503
-4287
-3794
-2645
-1729
-1087
-1531
-2382
-3232
-3922
-3819
-3772
-2604
-482
974
2539
2747
2478
2648
2467
3252
4076
5023
5868
5054
3794
2609
932
-775
-1682
-1820
-1859
-1794
-2204
-2530
-3409
-5116
-5842
-5746
-4832
-3373
-1814
-515
-248
-298
-301
-305
75
679
1754
2873
3835
4324
3804
2943
1955
878
28
-89
408
575
248
-130
-1058
-1990
-2295
-2585
-2602
-3019
-2920
-1609
-912
-590
-609
-758
-994
-891
207
639
978
901
830
2406
3387
4793
6925
7831
7254
3351
702
563
-408
-282
-1277
-911
284
-1631
-3438
-7867
-11583
-12657
-12977
-9297
-4899
-1155
970
910
706
99
267
1319
3438
6843
10041
12242
11987
10101
6860
3176
918
289
911
1674
1760
920
-931
-3141
-4951
-7591
-8845
-7879
-5954
-3418
-1762
-767
-568
-1009
-762
-36
1224
2072
3179
5162
6455
6565
5542
4142
2682
1832
1538
2056
2545
1392
-1172
-4106
-5712
-6083
-6695
-6291
-4987
-3971
-2906
-2527
-2617
-3332
-4138
-3211
-1316
1396
3662
3990
4110
3640
3098
3032
2792
2485
2562
3150
3479
3718
3032
1181
-646
-2125
-2538
-2491
-2369
-2120
-2568
-2726
-2940
-3051
-2685
-2844
-2649
-2044
-677
1158
1526
1582
1507
1641
1802
2047
2475
2525
2507
2010
1243
131
-1143
-2387
-1736
-443
1032
4017
5675
4611
878
-3035
-2756
-1810
-685
341
652
2698
1707
-1423
-6059
-10786
-12193
-11405
-6623
-751
2991
4582
3355
1607
214
-426
30
1823
5326
8234
9722
8757
5712
2279
-1454
-3202
-3022
-1659
140
1101
1433
486
-1667
-4325
-6428
-6872
-5236
-2478
623
2879
3480
2966
1342
323
574
1107
1879
2851
4340
5586
5202
3429
1254
-195
-727
-390
646
1739
1095
-1066
-2563
-3656
-4232
-4837
-5059
-3774
-2592
-1190
281
530
34
-1385
-2149
-1182
-64
1130
2196
2956
3048
1838
974
422
-748
-1234
-694
671
1987
1813
1027
-481
-1778
-2272
-2200
-1571
-1441
-1447
-1334
-902
-952
-1950
-2631
-3002
-2531
-749
1052
2482
2289
1568
1171
1385
915
560
588
1388
3234
2224
948
-1197
-4218
-4681
-3991
-117
7237
10449
10277
3561
-1882
-1732
-2440
-979
-397
2149
6921
6615
3017
-4750
-14087
-18164
-19051
-12924
-5300
645
4057
3096
1119
-1395
-3979
-4116
-2081
3330
10132
14418
15800
12922
7771
1901
-2188
-3111
-1287
1288
3495
4738
3964
1065
-3565
-8410
-10486
-10006
-6007
-916
2714
4055
3092
1303
-129
-545
-771
677
2408
5046
7560
7322
5918
2215
-1187
-2129
-2431
639
2438
1046
-888
-3909
-4762
-5073
-5961
-5085
-3834
-1934
694
1582
1377
-312
-2241
-2268
-1225
1246
3165
3234
2843
1949
824
-296
-1398
-2142
-1854
-974
319
1347
584
-681
-2131
-3008
-2662
-2162
-1185
-716
-979
-772
-869
-1116
-1407
-2078
-996
136
1215
1946
1015
1173
90
168
732
217
1910
1611
2686
2226
-209
14
-2056
-2596
-2642
-740
6464
10708
9847
4307
-1613
-2062
-1293
-1191
133
1776
4348
5089
572
-5902
-14066
-19605
-19193
-13959
-4614
2514
5341
5046
2893
1237
-242
-401
2354
6669
12164
15384
14990
12006
6002
246
-3566
-4819
-3670
-2601
-1263
-141
-873
-2736
-5955
-8469
-8640
-7187
-3774
-90
3338
5490
5104
3569
2551
2724
2667
2455
2755
3609
4647
4416
2729
1055
-940
-2371
-2187
-1080
475
-693
-3143
-5033
-6258
-4994
-4011
-2534
-932
-233
1092
1868
1710
1142
-101
-458
808
2138
3549
2921
1290
-400
-1898
-2397
-2602
-2638
-2168
-1354
-359
697
624
-349
-1642
-3056
-2779
-868
460
1539
1065
525
125
-1126
-1266
-1556
-1199
-330
178
1659
2383
1761
1012
-812
-2055
-1597
-537
1313
1528
469
-93
-1379
-2156
-2668
-118
6709
11621
11264
5989
1931
1893
1804
-600
-2649
-1536
1423
2735
-862
-6878
-14251
-20038
-21231
-17108
-8003
43
4279
5331
5301
5161
4346
3626
4629
8023
12335
15463
15886
12773
6981
190
-4718
-6235
-5829
-5070
-4632
-3791
-3133
-3381
-5397
-7812
-8523
-7265
-3573
1004
4934
7784
8093
6908
5744
4882
4024
2743
2060
2299
3488
3780
2883
-41
-4335
-7099
-7074
-3885
-806
-839
-2685
-4242
-4669
-3846
-3501
-2670
-1085
357
2365
3971
4520
3359
605
-1462
-1760
-262
1137
1337
689
-206
-409
-903
-901
-1091
-1447
-1093
-570
1795
4099
4303
2894
143
-1142
-1215
-845
-462
-619
-956
-904
-90
155
-73
-2084
-3394
-2902
-1805
76
350
379
317
-837
-1348
-1936
-1700
-1501
-2513
-2357
-2038
-720
1568
4971
9911
10995
7240
1725
-1602
-164
273
-617
-461
621
2540
-713
-7186
-13836
-19101
-20071
-17070
-9208
879
7759
9207
7574
5385
4722
4990
6131
9553
13385
16426
16745
13095
6642
-1139
-6699
-8646
-6894
-4355
-3186
-3056
-4409
-5076
-6498
-7767
-7764
-6417
-2199
2395
6186
8930
9653
8685
6957
5149
4184
3038
1537
1616
1850
1696
363
-2925
-5505
-8045
-8756
-7017
-4134
-803
-89
-1255
-3145
-4388
-4557
-3884
-2203
234
3063
4972
5561
4624
2106
-611
-2317
-2192
-724
481
752
299
-447
-1117
-1409
-1312
-497
-223
-62
452
1631
2962
2832
1941
341
-528
-476
-986
-829
-979
-1202
-566
-1094
-241
-291
-666
-680
-2555
-2233
-1570
469
2100
738
-501
-2443
-1426
308
343
-411
-970
3619
10203
14837
12499
5569
-442
-2908
-2519
-3057
-2205
-1388
98
-615
-5250
-11141
-18649
-22436
-21986
-16033
-5330
3918
10235
11162
9587
7477
5526
5550
7582
11095
13889
15330
14416
11959
6020
-2817
-10783
-15477
-13905
-9610
-4953
-1984
-2215
-3747
-6171
-7179
-6787
-4656
-483
4874
11003
14869
15359
12891
9141
6113
3889
2418
2226
2262
1369
-669
-3519
-5718
-7969
-9774
-9651
-7256
-3336
-1046
-510
-1324
-2775
-2738
-1919
159
2280
2895
3925
4312
3521
2357
-502
-2432
-3335
-3995
-2461
-1775
-1433
-1359
-2503
-2103
-2051
-2122
-1057
98
2796
4807
4987
4918
3205
1360
-259
-1562
-818
-418
18
302
-438
-694
-1745
-2760
-3396
-3881
-2922
-891
863
1649
1100
-193
16
-450
-906
-1643
-3332
-607
4520
12404
17021
12408
5173
-2511
-4171
-2719
-2535
-1192
-918
373
-57
-4277
-10897
-18236
-22918
-22539
-16626
-7271
2717
8317
10211
9965
8601
8217
6913
7611
10337
13679
16848
16599
13797
7962
-284
-8158
-13379
-14349
-11952
-8931
-6469
-4953
-5019
-5942
-7475
-7553
-5238
-959
4395
9678
13686
14696
13440
10201
7362
5385
3893
4417
4199
3416
1360
-2482
-5856
-9888
-12172
-11178
-8091
-3744
-1339
-1091
-1519
-2631
-3046
-2352
-709
2154
4705
6612
7569
6236
3474
-376
-4007
-5510
-5313
-3165
-1240
-1155
-1731
-3044
-3799
-4062
-4640
-3620
-1478
1169
4473
6024
6514
5527
2722
1100
-111
235
1212
983
697
-789
-1899
-3173
-4485
-5017
-5055
-3200
-2042
-953
-401
-607
-157
-1150
-1496
-1869
-1685
1869
8824
16639
18371
12368
3442
-1294
-1590
-1046
-147
1229
4569
5388
1203
-6384
-15710
-22753
-26639
-24488
-16014
-5466
2871
6057
6419
5190
3524
2462
3337
7391
12354
17110
19509
18649
14206
6397
-1493
-7255
-9614
-9517
-8075
-5846
-3541
-2684
-4297
-7487
-10853
-11711
-9675
-4421
2721
9451
14181
14684
12908
9908
7298
5541
3898
3737
4039
5067
5826
4775
997
-5293
-10383
-11901
-9951
-7596
-6479
-5525
-4541
-3495
-3012
-2790
-1986
-1153
250
2871
6072
8616
8422
5747
2008
-1729
-4177
-5517
-5339
-4247
-3167
-1744
-1373
-2039
-3537
-5365
-5093
-3315
47
4154
6246
6430
4564
2741
2231
1641
1057
1020
1949
3261
3418
1083
-1809
-4955
-6702
-5721
-4426
-2044
-1801
-2767
-3182
-4532
-3968
-2242
2803
10208
14723
14911
10652
6247
3477
1411
-261
-861
414
1968
2004
-1345
-6815
-13481
-19419
-21586
-19510
-12603
-4687
1251
4172
4003
3421
2929
3612
5208
7206
9726
12083
14403
14625
12098
6846
834
-3526
-6517
-7670
-7935
-6254
-3528
-1739
-1637
-4184
-7244
-9840
-9722
-6088
-487
5247
9081
11205
11447
10141
7576
4723
2836
2288
3481
5778
7415
6724
2956
-2402
-6116
-7614
-7086
-6376
-6641
-6559
-6634
-5613
-4016
-2865
-2497
-3585
-3531
-1388
2239
5367
6154
5636
4287
2605
1357
301
-191
-700
-1613
-1438
-948
-897
-1700
-3620
-4664
-4519
-3294
-849
1132
2017
1882
1296
1329
1541
1695
2249
3388
4202
4324
3348
1296
-459
-2517
-3572
-3427
-3049
-1757
-2571
-4847
-5810
-3056
4521
10313
10329
5951
1866
1224
1688
1131
265
1728
3952
4329
542
-6153
-12173
-17707
-20369
-19102
-12909
-3583
3067
5399
3748
1016
-802
-1546
-290
3545
8803
13158
15156
14719
13149
9548
3637
-2239
-5944
-5616
-3456
-1815
-577
-1033
-2999
-6451
-10196
-11227
-10027
-7101
-2784
1681
6465
10125
11689
11655
9295
6412
4332
3487
4713
6326
7951
7979
5313
2181
-63
-887
-1857
-4410
-6869
-7696
-7336
-5960
-4940
-4904
-5555
-7633
-8513
-7479
-5062
-1536
825
2604
3685
3833
3678
2728
1690
1269
1556
2111
2260
1986
1429
500
-963
-2546
-2909
-2421
-1791
-1090
-1018
-856
-1295
-2319
-2556
-2642
-2399
-1864
-905
986
2980
3792
3312
1568
-1093
-3088
-4345
-2807
2523
9075
13939
13064
7884
2693
-982
-2432
-3003
-2307
515
3325
3952
961
-4991
-12075
-18772
-22694
-21241
-14386
-5559
1441
5124
6470
6082
3637
661
-578
1351
5687
9793
13022
15199
15461
13240
7900
1790
-2538
-4472
-3737
-1919
-147
599
-849
-3740
-7008
-9844
-11779
-12928
-12785
-9998
-4859
1203
6304
8738
8966
6786
3648
2168
3258
7153
10773
12545
12680
11009
8991
6149
2720
-530
-3740
-5665
-6230
-5707
-4186
-2957
-3121
-4718
-7473
-9570
-10125
-10213
-9507
-8172
-5428
-1448
1671
3642
4110
3356
2027
882
1334
3865
7013
8810
8625
6575
4092
1526
-890
-2309
-2938
-2404
-1789
-1569
-1495
-2004
-2658
-4031
-5259
-5282
-4421
-3070
-2546
-2588
-2713
-2334
-96
4294
9388
11668
9746
5530
2803
2938
4090
5043
4924
4533
3643
1192
-2379
-6881
-11281
-14953
-17630
-17782
-14835
-10044
-5392
-2820
-1901
-1855
-2856
-3541
-2527
1428
6970
11211
13532
14138
13739
12219
9577
6986
5070
3572
2830
3220
4304
4858
2670
-1088
-4599
-6856
-7114
-7447
-7499
-7372
-7303
-5888
-4225
-2181
-676
-978
-1553
-1563
105
3304
5730
6723
6766
6986
8470
10305
10787
8943
5037
647
-1571
-817
1503
3287
2065
-1186
-4423
-6740
-7730
-8642
-9465
-9497
-8731
-7438
-6212
-5340
-4900
-4863
-4914
-4081
-1632
1911
5048
6739
7013
6664
6637
6775
6908
6788
5828
4224
2222
408
-340
-602
-1129
-1995
-3884
-5901
-7288
-7677
-6561
-5882
-5240
-3013
824
4943
6428
5284
3962
3306
2793
2444
2896
5330
8095
8134
5515
1339
-2350
-5815
-10274
-13710
-14125
-11173
-6805
-3723
-2177
-1783
-3381
-6012
-8032
-7432
-3613
632
4508
7639
9744
10580
9165
6820
4895
3940
3506
3527
4601
6682
8212
7104
3892
283
-2204
-4104
-5818
-6848
-6765
-5394
-4077
-2362
-747
-12
-445
-2366
-3582
-3409
-1931
162
1833
3711
5568
7136
7366
5563
2845
78
-1195
-708
1171
3986
5707
5585
3757
1397
-517
-2337
-4135
-5427
-5279
-4206
-2915
-2130
-2085
-2371
-3593
-4969
-5500
-4646
-2520
-625
477
1014
1155
1097
900
942
1868
3437
4587
4703
3619
2278
1442
649
90
-392
-425
219
-78
-1178
-2357
-2453
-655
614
667
177
-275
271
270
-223
167
1010
2295
2627
1861
1063
-411
-2474
-4651
-5897
-4981
-3134
-1880
-1576
-2372
-3602
-5083
-6156
-5511
-3839
-2287
-1811
-2138
-1737
-171
2236
4315
5074
4449
3520
3242
3715
4713
5299
5379
4776
3939
3821
3879
3338
1306
-1532
-3736
-4398
-3528
-1749
51
481
-503
-2425
-3745
-3678
-2923
-1778
-683
829
2763
4639
5566
4967
3300
1255
-12
-579
-320
713
1854
2785
2804
2094
1197
-13
-1309
-2215
-2558
-2022
-1291
-621
159
290
-90
-1186
-2392
-2821
-2768
-1802
-574
488
914
444
-133
-734
-813
-872
-710
-215
218
905
912
813
793
649
830
672
358
97
-71
-30
-74
-375
-165
730
1849
2578
2033
987
-292
-1300
-1629
-1359
-257
911
1744
1341
-617
-2899
-4625
-5271
-5296
-5105
-3817
-1798
-168
532
47
-517
-1200
-2087
-1956
-1077
42
233
-655
-967
-265
889
1587
1305
984
1111
1385
1923
2300
2740
2862
2170
1603
1348
1613
1515
818
514
769
1216
854
-229
-1147
-1388
-1539
-1823
-1800
-958
497
1032
830
524
934
1705
1591
1323
1265
1492
1159
118
-85
925
2114
2062
949
148
79
-123
-802
-1251
-798
134
525
177
-423
-981
-1959
-3021
-3289
-2228
-421
372
228
18
123
312
-452
-1272
-1163
-507
244
646
1146
1985
1955
882
-182
-480
241
844
774
870
897
710
151
-242
817
2371
2839
1676
-35
-353
578
1320
1194
654
282
-354
-1622
-2788
-2985
-2984
-4107
-6143
-7039
-5631
-3324
-1987
-2031
-2299
-2160
-2055
-1792
-1063
34
831
672
610
1534
2881
3645
2748
1139
256
168
701
1015
1078
1251
1171
1009
906
739
416
-269
-861
-635
344
1523
2218
2083
1335
387
-304
-389
141
891
1530
1812
1702
1555
1473
1439
1126
625
682
1333
2101
2140
1552
1168
893
492
-300
-1040
-1059
-655
55
697
848
475
-480
-1340
-1890
-2333
-2530
-2452
-1841
-1161
-832
-946
-1469
-2045
-2643
-2728
-2390
-1806
-1087
-679
-254
-241
-315
83
550
1054
1043
877
1183
1308
1310
1233
1140
1239
1061
1426
2605
3568
3819
3146
2903
3477
3779
3558
2601
1553
369
-1380
-2832
-3577
-3711
-4078
-5347
-6526
-6622
-5721
-4478
-3645
-2942
-2189
-2063
-2464
-2913
-2443
-1017
74
780
1326
2309
3514
3892
3513
2575
1868
1572
1306
960
636
805
1256
1453
922
-40
-922
-1500
-1464
-793
494
1527
1617
1074
575
774
1224
1393
1335
1051
701
332
121
675
1604
1986
1450
27
-1023
-1222
-977
-183
610
1469
1918
1490
980
551
311
-176
-974
-1456
-1266
-592
-37
201
-104
-295
-357
-542
-656
-1173
-1349
-1318
-1303
-771
-323
-117
-700
-2041
-2677
-2497
-2071
-1649
-1379
-555
499
629
100
-654
-992
-858
-811
105
2383
4914
6291
5498
3668
2806
2829
2954
2843
2885
4032
5069
4490
2662
323
-1454
-3104
-5140
-6483
-6957
-6617
-5962
-5862
-6093
-6263
-6072
-5716
-5674
-5223
-3729
-2125
-1270
-665
823
3300
5169
5691
5393
4638
3849
3225
3197
3619
3874
3906
3481
2704
2089
1829
1219
-405
-2140
-2597
-1618
-445
90
76
-171
-470
-918
-1298
-1563
-1776
-1749
-1517
-884
659
2559
3422
2464
308
-1314
-1921
-1748
-836
152
1140
1535
1204
1131
1288
1199
-98
-2002
-2898
-2634
-1392
150
1255
1416
993
357
-845
-1575
-1197
-534
-310
188
1767
3023
3338
2899
1165
-1006
-2138
-2118
-1615
-744
502
893
-249
-1565
-2341
-2150
-290
2295
4055
3901
2715
1850
1481
1664
1912
2942
4947
5986
4818
2131
-233
-2239
-4613
-6711
-8020
-7832
-5938
-3937
-3335
-4021
-4785
-5595
-7432
-9122
-8786
-6681
-4418
-2962
-1316
1355
3764
4386
3401
2583
2755
3446
4645
6517
8573
9622
9263
7822
5865
4432
3311
1851
454
109
1328
2478
2139
947
-431
-1494
-2784
-4576
-5525
-5415
-4593
-3716
-2860
-1140
432
842
-163
-1756
-2079
-1457
-550
480
1542
2942
3464
2655
1489
523
333
109
-694
-1121
-1181
-1072
-1282
-1947
-1958
-1464
-1070
-1025
-1397
-1648
-1873
-1999
-1684
-761
861
2314
2831
2384
1778
1564
911
-35
-486
371
3457
7846
11564
12057
8526
4033
1013
-221
-367
379
2759
5022
4632
1404
-3233
-7673
-11933
-15859
-17895
-16758
-12436
-7085
-3674
-3205
-4332
-5390
-6535
-7796
-7216
-3576
1467
5211
7177
8522
9163
7888
4626
1471
632
2038
4115
5905
7438
8337
7624
4972
1373
-1488
-2609
-2213
-1254
-26
1761
3633
4309
2903
363
-1829
-3211
-3703
-3011
-651
2552
4672
4988
4175
3284
2394
834
-848
-1331
-241
1196
1531
1102
821
402
-1242
-4016
-5892
-5517
-3891
-2975
-3170
-3446
-3648
-4412
-5805
-6767
-6441
-5429
-4527
-3787
-2717
-1209
4
517
857
1727
3284
4712
5331
5401
4900
3654
2208
3042
8301
15197
17983
14121
7612
4002
3231
2218
810
1764
5414
7070
3196
-4187
-10984
-15592
-19374
-22250
-21422
-15773
-8208
-3844
-4692
-7503
-8820
-8677
-8754
-8041
-3582
3563
8840
10100
9772
10422
10444
7633
3527
1770
3698
7093
9595
10779
10636
8484
3703
-2305
-6342
-6824
-5162
-3640
-2791
-1287
709
1021
-1455
-5347
-7539
-6592
-3776
-361
3017
6010
7526
6476
4561
4327
6083
7660
7002
5368
4882
5455
5580
4104
1823
-255
-2344
-4296
-5442
-5248
-4605
-5440
-7818
-10164
-11088
-10813
-10646
-10466
-9536
-7702
-5812
-4826
-4021
-2636
-735
1032
2364
4187
6385
7651
7092
5217
3713
3670
6268
11980
18059
19694
14701
7414
3553
3241
3212
2125
2533
5145
5650
1317
-6473
-13998
-18758
-21512
-21552
-17701
-10986
-3817
-643
-2760
-6859
-9500
-9019
-6901
-3824
1649
8171
12139
11886
9455
7553
5905
3228
741
781
3380
6231
7347
6660
4857
1836
-2731
-7308
-9105
-7047
-2954
-119
260
-211
-356
-672
-2381
-5008
-6070
-3981
316
4583
7652
8777
7488
4417
1803
2879
7029
10428
10960
8918
6575
4412
1232
-1668
-2953
-2536
-1589
-1785
-2069
-1901
-2880
-6017
-10739
-13748
-13062
-10233
-7124
-4931
-3041
-1645
-2267
-4094
-5451
-4795
-2826
-1336
793
4329
7961
9067
6010
1205
-2309
-2585
2109
10386
17771
18830
12456
4811
1094
850
1093
965
3101
6730
6865
1288
-7708
-15051
-18560
-19985
-19039
-14580
-7135
-340
525
-3954
-8792
-10404
-8354
-4763
427
7661
13408
14280
10550
6280
4634
4053
3209
3380
5823
9204
10530
8969
5739
1653
-3345
-8184
-10343
-8222
-2852
1848
2499
-761
-4718
-6011
-5249
-4701
-4388
-2521
1784
5798
7181
6432
4512
2233
161
664
5295
11005
13671
11294
6095
1647
-1208
-2447
-2680
-2253
-1321
-1237
-2033
-3400
-5512
-8255
-11741
-14062
-13160
-9729
-5759
-3549
-3362
-3612
-3837
-3812
-3317
-2412
-488
1924
3871
5577
6579
6785
6184
4495
3048
1855
2164
6896
14288
18912
15152
5481
-771
-1315
358
690
915
4717
7622
4332
-4952
-15410
-20279
-20530
-18808
-14717
-8847
-2359
-494
-5036
-10768
-13426
-11044
-6028
-282
7030
13783
16557
12943
5723
1240
1186
3499
5864
8514
11880
12739
9730
4786
456
-2428
-5200
-6654
-5195
-1423
2792
4273
1796
-3378
-7707
-7975
-5109
-1499
1609
4731
7273
7063
4452
1384
-450
-1046
-470
3264
9164
13155
11801
5578
-678
-4223
-4891
-3253
-727
1656
2185
-10
-3790
-7949
-10988
-12253
-12146
-10243
-6999
-4526
-4505
-6884
-8692
-7866
-5801
-3373
-1398
450
2230
2481
2076
1667
1991
3107
3606
4007
4366
4941
7862
13002
17531
16386
8783
2103
887
3451
5033
4488
5731
7770
6371
-810
-11399
-18954
-21051
-18932
-14456
-9120
-3477
-989
-4068
-10167
-14779
-14483
-10342
-3802
4252
11260
14550
12063
6089
813
-1054
972
4606
8688
12193
13057
10215
4652
-392
-3452
-5483
-5935
-3824
-76
2601
2621
918
-1828
-4767
-5645
-2777
2111
5161
5113
3827
3535
4217
4677
4620
4136
4260
5804
8494
10589
9438
5452
1193
-1089
-991
119
1474
1479
-1082
-4952
-8038
-9299
-9980
-11001
-11588
-11102
-9785
-8529
-8627
-10229
-11291
-10106
-6599
-2887
-598
824
880
25
-945
-1088
1257
4376
6777
7515
6129
4368
2657
4028
9938
15244
14930
8532
3572
4372
6058
5245
2719
2860
5449
4821
-550
-8682
-14499
-15567
-14473
-12138
-8866
-5082
-3182
-5730
-9710
-11137
-8962
-4628
23
4897
9019
10509
8445
4065
531
104
2600
5805
8550
10236
9226
5328
373
-2669
-3678
-4587
-4533
-2914
-614
828
454
-863
-3393
-6075
-5775
-2107
2536
5251
5617
5397
4918
3861
2768
2147
2593
4574
7542
10698
12133
10085
5991
1999
182
795
2094
3442
3056
207
-3197
-5726
-6999
-8554
-10615
-11446
-10894
-9513
-8478
-8967
-10659
-11945
-10659
-7311
-4489
-3064
-2646
-2643
-3216
-3826
-2417
1014
4800
7024
6947
5528
3460
3027
6790
13265
16812
13248
6506
4231
6777
8415
6351
3713
4537
6180
3978
-2505
-10296
-14252
-13422
-10750
-8126
-6155
-4496
-4827
-8544
-12106
-12040
-8445
-3203
1745
5939
8087
7331
4731
1330
-846
49
3936
8252
10234
9698
7387
3839
51
-2797
-4512
-5186
-4567
-2843
-1303
-794
-817
-2165
-5433
-8258
-7092
-2017
2121
3085
3081
4062
5546
5471
4148
3119
3076
4885
7966
10898
12231
10749
7552
4431
2671
3013
4018
3791
1661
-1684
-4134
-5237
-6372
-7927
-9184
-9309
-8796
-8771
-9217
-9869
-10387
-10012
-7912
-4834
-2893
-2427
-2710
-2908
-3064
-3433
-2075
1288
5131
7794
7809
6396
4047
1433
1596
6339
14027
17801
13613
6591
3097
3851
4305
2789
2859
5308
6648
3242
-4251
-11387
-15092
-14962
-12564
-9240
-5543
-3340
-4445
-8704
-12642
-12488
-8712
-3460
1406
5260
7734
7266
4226
479
-1339
472
4424
8202
9807
9126
7051
3858
340
-2887
-4813
-4864
-3367
-619
2005
2867
626
-4305
-8459
-8527
-4465
149
2025
1920
2452
3877
3949
1853
-196
231
3033
6791
10495
12973
12631
9048
4732
2339
2480
3846
4364
3554
1633
-403
-2074
-4613
-7639
-9468
-9029
-7388
-6766
-7295
-8841
-11103
-12173
-10480
-6501
-3506
-3185
-3559
-3507
-2905
-2204
-1401
762
3426
5813
7333
7188
6529
5002
2986
2995
7039
14382
18383
14606
6950
2113
2372
3881
4146
4566
6015
6025
2236
-4003
-10010
-13376
-14075
-12921
-10158
-7273
-5628
-6945
-10873
-13576
-12457
-8410
-4318
-1076
2357
5095
5053
2234
-487
-738
973
3566
6230
8101
8307
6183
2786
139
-931
-812
-534
-155
1745
4214
4212
722
-3858
-5281
-3121
-274
1502
2073
2754
3467
3183
1636
-677
-1648
-718
1608
4919
8353
11066
10351
6158
1914
-228
-41
554
1247
3063
4561
3802
223
-4686
-8443
-9802
-8913
-6639
-4475
-4033
-5653
-8156
-9893
-9933
-8823
-7661
-6403
-4947
-3408
-2145
-1920
-1939
-1096
809
3045
4493
5358
5956
6023
5246
4323
4769
6950
10632
13953
14064
10609
6045
4386
6031
7333
6856
5638
5233
5022
2636
-2028
-7502
-11218
-11669
-10439
-9460
-9498
-9441
-8875
-9441
-11020
-11867
-10998
-8788
-6373
-3599
-452
1487
1723
1054
524
947
1897
2673
2976
3162
4446
6240
6421
4602
2618
2350
3073
3406
3899
5022
6076
5868
4322
2986
2290
1737
1354
881
779
1068
767
137
-327
69
1482
2439
2802
3141
2993
1576
-1207
-3295
-3101
-1431
121
519
97
-1357
-3606
-5122
-5676
-5487
-5206
-5070
-4174
-3309
-3277
-3969
-5546
-7165
-8128
-8087
-6745
-4797
-2819
-1077
218
855
728
114
-572
-137
1906
4501
6844
8148
8585
8180
6043
3624
3349
5891
9733
11963
11271
8732
5740
3837
3380
3410
3259
3069
2938
1772
-786
-4244
-7009
-8427
-9160
-9052
-8308
-7377
-6989
-7731
-9248
-10317
-10136
-8482
-5895
-3308
-1416
-712
-1126
-1788
-1828
-1426
-449
846
2367
3495
3853
3947
3755
3537
3187
3390
4400
5903
7639
8874
8822
6973
4302
2448
2345
3398
4251
4171
3389
2373
1405
591
-62
-192
123
447
737
985
1200
1009
-378
-2583
-4461
-4619
-3048
-1550
-1796
-4116
-6494
-7381
-6709
-5530
-4837
-4398
-4299
-4858
-6120
-7151
-6909
-5663
-4259
-3008
-1700
-513
-470
-1705
-2935
-2993
-1262
1603
4498
6784
7754
7359
6152
4810
4679
5971
7581
8564
8375
7632
6189
3974
2030
1334
2122
2796
2618
1881
1021
800
908
861
9
-1953
-3301
-3130
-2123
-1844
-3407
-5619
-7332
-7643
-6548
-4980
-3914
-4108
-4904
-5217
-4651
-3462
-2444
-2380
-2928
-2970
-1427
919
2007
1424
313
-23
545
1652
3039
3959
3933
3310
2896
2899
2799
2710
3182
4221
5337
5822
5125
3291
1321
585
1348
2431
2958
3379
4134
4271
2869
614
-820
-411
596
912
662
159
-634
-2356
-4532
-5605
-5146
-4297
-4636
-6211
-7501
-7261
-5373
-3391
-2954
-3748
-4904
-5359
-4727
-3630
-2002
-481
437
1313
2056
2304
1551
522
668
2085
4243
6031
7034
7111
5868
4478
3519
2813
2406
1886
1573
1649
1746
1726
1247
27
-1556
-2571
-2811
-2490
-1792
-1075
-337
45
-371
-1072
-1457
-1584
-1490
-1288
-1236
-1327
-1901
-2688
-2733
-2348
-2302
-2786
-3274
-2570
-746
1007
1736
1272
310
-328
-148
473
966
989
448
-271
-783
-692
-117
263
228
274
866
1391
1159
626
675
1473
2268
2767
3427
4328
4859
4524
3723
3064
2917
3247
3659
4149
4532
4182
2668
360
-1085
-632
343
-162
-2158
-3837
-4100
-3653
-3758
-4731
-5905
-6893
-7476
-7094
-6000
-4894
-4228
-4257
-3950
-2593
-1097
-365
-684
-950
56
1704
2869
3241
3343
3545
3646
3525
3074
2345
1681
1643
2709
4177
4842
4346
2742
307
-2015
-3014
-2057
-284
347
-401
-1583
-2408
-2991
-3746
-3920
-2517
389
3223
3883
2214
101
-968
-915
-619
-140
1065
2238
2551
1788
370
-814
-1599
-1425
-84
1603
2883
2580
897
-992
-2136
-1965
-1728
-2000
-2302
-2342
-2116
-2577
-3578
-4292
-4497
-4023
-3160
-1826
106
1830
2885
3021
2533
2202
1625
1005
1151
2512
4842
6053
5342
3646
2136
1948
2473
2982
3044
2637
2809
3110
2616
1137
-795
-2049
-2796
-2854
-1621
-167
-189
-2146
-4035
-4040
-2966
-2176
-1990
-1832
-1647
-1676
-1513
-1372
-1718
-2400
-2673
-1906
-822
-222
-302
-1098
-1933
-1929
-564
1478
2725
2678
1478
-149
-1126
-1007
33
780
624
275
-69
-530
-1206
-1533
-871
284
1111
1371
1386
1557
1733
1800
2030
2573
3677
4429
4496
4007
3104
2418
1546
793
663
967
1383
1079
-228
-1575
-2627
-3051
-2734
-2049
-1094
-1190
-2520
-4064
-4978
-4983
-5066
-5288
-4872
-3615
-1906
-672
-431
-876
-1796
-2624
-2704
-1804
117
2168
3415
3463
2456
1292
654
561
746
1141
2065
3287
3868
3413
2291
1326
882
875
1653
3008
4297
4807
3937
2382
1222
1040
1693
2268
2527
2598
2096
954
-387
-1213
-1355
-1502
-1627
-1400
-1199
-1560
-2690
-3942
-4477
-4223
-3470
-2613
-2372
-2967
-3804
-4279
-4159
-3585
-2950
-2250
-1488
-1273
-1348
-1085
-626
-187
-3
57
740
1748
2213
2304
2039
1725
2175
3194
4237
5004
5012
4645
4426
4116
4065
4552
5092
5357
5267
4583
3689
2503
685
-1040
-2132
-2513
-2551
-2938
-3762
-4606
-5633
-6798
-7327
-6800
-5478
-4008
-3120
-2921
-3073
-3621
-4295
-4829
-4889
-3982
-2405
-1090
-681
-837
-1229
-1640
-1778
-1442
-56
1939
3324
3686
2997
2111
1889
1944
2085
2544
3448
4470
4990
4734
4193
3892
3714
3819
4468
5203
5595
5513
4836
4035
3120
1904
1138
888
907
1148
1082
518
-621
-2241
-3504
-3840
-3412
-2942
-2828
-3221
-4318
-5396
-6183
-6502
-6096
-5878
-5800
-5529
-5111
-4122
-3246
-3052
-3148
-2938
-1849
-133
1571
2567
2854
2932
2979
3436
4050
4332
4517
4412
4204
4199
3908
3486
3101
2838
3000
3423
3659
3480
3014
2339
1741
1407
1137
1175
1544
1517
1117
207
-714
-857
-977
-1406
-2129
-2804
-3173
-3579
-4183
-4570
-4616
-4745
-5313
-6079
-6088
-5243
-4037
-3852
-4808
-5581
-5739
-5187
-4941
-4961
-4468
-3652
-2858
-2009
-746
549
1205
1129
1613
3333
5542
6955
6983
6485
6141
6451
6859
6906
6866
6618
6387
5923
5266
4782
4397
4037
3704
3505
3228
2622
1843
1192
730
311
-435
-1394
-2251
-2996
-3270
-3087
-3017
-3471
-4314
-4888
-4611
-3928
-3731
-3987
-4304
-4337
-3838
-3003
-2201
-1677
-1722
-2130
-2016
-1324
-469
155
146
60
366
744
943
794
498
636
1203
1813
2135
1983
1471
988
880
1098
1575
1982
2022
1833
1495
1274
1376
1572
1693
1696
1569
1445
1317
1087
926
995
1076
946
589
70
-336
-836
-1487
-1905
-2119
-2165
-2359
-3022
-3896
-4618
-4977
-5003
-4921
-4717
-4278
-3729
-3380
-3140
-2600
-1902
-1271
-915
-705
-133
619
1351
2169
2857
3271
3422
3300
3136
3067
3118
3405
3803
3961
3789
3567
3259
2862
2544
2192
1842
1470
1157
1301
1511
1284
920
609
387
235
84
157
440
580
656
878
822
275
-276
-482
-193
291
192
-449
-1131
-1627
-1640
-1536
-2002
-2741
-3275
-3571
-3492
-3248
-3199
-3239
-3293
-3215
-2766
-2298
-2295
-2404
-2166
-1496
-386
575
951
1116
1204
1402
1893
2352
2747
2960
2609
2029
1816
1918
1922
1512
805
465
547
331
-289
-1030
-1599
-1654
-1439
-1161
-698
-342
-321
-503
-570
-184
589
1200
1343
1406
1564
1704
1755
1492
1227
1155
892
538
155
-284
-712
-1321
-1919
-2107
-1965
-1888
-2050
-2332
-2560
-2615
-2550
-2373
-2102
-2038
-2177
-2251
-2139
-1716
-1026
-318
198
501
762
1170
1617
1935
2349
3027
3864
4586
4815
4574
4181
3974
4176
4426
4211
3463
2531
1900
1727
1787
1690
1159
217
-740
-1239
-1335
-1440
-1849
-2454
-2768
-2618
-2334
-2356
-2938
-3700
-4107
-3989
-3461
-2797
-2136
-1617
-1384
-1405
-1426
-1186
-758
-400
-187
-3
298
602
513
-20
-709
-1119
-964
-582
-329
-382
-648
-771
-784
-609
-160
563
1497
2094
2231
2049
1744
1659
1724
2052
2602
3102
3411
3264
2776
2149
1661
1545
1604
1715
1720
1545
1175
531
-206
-815
-1162
-1275
-1320
-1481
-1831
-2181
-2348
-2368
-2505
-2849
-3112
-3036
-2709
-2542
-2628
-2749
-2798
-2742
-2779
-2629
-2072
-1263
-416
92
537
1006
1436
1932
2418
3114
3699
3851
3629
3076
2590
2207
1924
1781
1434
914
280
-233
-434
-689
-1039
-1445
-1651
-1372
-976
-736
-875
-1317
-1576
-1577
-1226
-638
-93
322
384
392
717
1285
1827
1835
1546
1514
1853
2459
2676
2300
1527
545
-116
-480
-562
-478
-515
-589
-910
-1284
-1476
-1532
-1381
-1352
-1379
-1287
-1167
-875
-582
-236
169
302
271
130
157
539
995
1464
1691
1715
1775
1802
1836
1611
1135
734
418
271
37
-371
-722
-1076
-1373
-1794
-2372
-2817
-3182
-3364
-3331
-3073
-2570
-2328
-2595
-3166
-3615
-3393
-2638
-1709
-887
-447
-176
35
354
947
1638
2409
3152
3878
4577
4913
4783
4292
3872
3799
3827
3780
3507
3011
2299
1281
236
-622
-1142
-1251
-1192
-1053
-1136
-1609
-2258
-2844
-2921
-2521
-1966
-1485
-1330
-1307
-1293
-1368
-1487
-1793
-2075
-1976
-1489
-755
-355
-552
-992
-1422
-1538
-1352
-986
-382
161
539
788
850
926
901
755
737
886
1443
2098
2465
2619
2502
2447
2470
2549
2958
3285
3459
3415
3054
2740
2305
1917
1638
1274
1104
970
811
396
-391
-964
-1281
-1339
-1347
-1638
-1997
-2643
-3491
-4148
-4507
-4340
-3949
-3625
-3509
-3766
-4018
-4066
-3728
-3084
-2500
-1852
-1387
-1109
-738
-368
138
441
461
636
968
1466
1887
2090
2061
1775
1647
1730
1915
1977
1773
1801
1947
2045
2187
2085
1857
1582
1454
1706
1968
2084
1976
1706
1387
1028
954
1074
1230
1414
1419
1360
1107
595
132
-384
-781
-989
-1252
-1549
-2094
-2718
-3207
-3624
-3848
-4041
-4218
-4312
-4378
-4179
-3798
-3405
-3029
-2819
-2571
-2249
-1855
-1270
-755
-250
358
983
1657
2112
2391
2675
2842
3145
3581
4001
4322
4220
4054
3972
3777
3556
3169
2926
2794
2507
2321
2048
1623
1000
256
-106
-209
-198
-234
-564
-1014
-1529
-1819
-1852
-1995
-2258
-2615
-2749
-2447
-1873
-1298
-1155
-1419
-1756
-1921
-1861
-1730
-1514
-1267
-1059
-895
-833
-866
-1038
-1222
-1172
-849
-285
309
786
1044
1044
979
930
978
1124
1334
1631
1889
2030
1972
1747
1553
1443
1460
1519
1531
1525
1393
1153
838
434
37
-370
-690
-856
-989
-1166
-1510
-2001
-2519
-2927
-3048
-2890
-2528
-2146
-1945
-1956
-2095
-2126
-1979
-1740
-1511
-1368
-1208
-1010
-734
-328
109
500
703
710
718
869
1254
1813
2351
2738
2847
2705
2457
2265
2265
2376
2483
2510
2439
2240
1838
1314
903
756
789
813
689
474
235
11
-152
-293
-392
-445
-421
-354
-406
-667
-1127
-1574
-1796
-1816
-1826
-1960
-2129
-2140
-1975
-1798
-1751
-1870
-1996
-1973
-1757
-1373
-1011
-813
-839
-1052
-1196
-1113
-770
-273
192
755
1391
1978
2432
2617
2790
3022
3290
3584
3752
3924
4001
3845
3542
3127
2770
2401
1955
1623
1383
1219
903
337
-217
-762
-1268
-1809
-2384
-2695
-2749
-2590
-2465
-2671
-3093
-3608
-3895
-3844
-3684
-3542
-3569
-3664
-3676
-3598
-3355
-3005
-2657
-2406
-2257
-2028
-1601
-1050
-538
-144
151
374
499
514
573
776
1096
1412
1598
1687
1744
1858
2066
2355
2659
2808
2759
2625
2678
2984
3304
3395
3155
2869
2696
2592
2424
2051
1700
1458
1345
1295
1113
935
734
493
255
-69
-299
-460
-592
-584
-580
-551
-636
-995
-1380
-1722
-1822
-1715
-1637
-1485
-1394
-1347
-1346
-1466
-1434
-1289
-1093
-944
-994
-1000
-916
-767
-598
-618
-703
-833
-993
-1083
-1132
-985
-712
-494
-370
-352
-311
-302
-388
-438
-291
108
542
797
852
794
709
591
542
694
996
1307
1433
1402
1361
1321
1260
1110
982
950
902
766
535
397
381
282
34
-275
-402
-366
-370
-449
-545
-508
-461
-536
-702
-901
-1047
-1230
-1378
-1324
-1095
-881
-941
-1202
-1415
-1395
-1184
-918
-640
-422
-257
-202
-160
-71
-2
12
-113
-156
-74
57
149
100
112
187
333
489
630
828
968
1078
1143
1224
1323
1352
1402
1518
1749
1968
2004
1889
1725
1622
1589
1517
1391
1215
1026
909
875
894
794
481
62
-279
-440
-510
-599
-754
-883
-927
-918
-931
-1028
-1168
-1311
-1347
-1265
-1090
-900
-885
-997
-1142
-1083
-777
-489
-405
-581
-811
-905
-933
-1012
-1148
-1290
-1326
-1287
-1233
-1150
-1169
-1344
-1664
-1946
-1949
-1678
-1321
-1066
-937
-899
-891
-860
-738
-445
-60
278
523
686
851
1034
1188
1397
1658
1903
2086
2147
2194
2236
2211
2248
2363
2505
2570
2414
2256
2170
2083
2027
1920
1946
2013
1913
1747
1443
1178
919
580
396
253
149
-7
-277
-394
-519
-690
-928
-1294
-1435
-1463
-1396
-1269
-1339
-1377
-1535
-1771
-1909
-2112
-2178
-2296
-2494
-2498
-2448
-2253
-2192
-2401
-2508
-2562
-2377
-2108
-1958
-1619
-1291
-926
-635
-619
-521
-413
-217
134
460
921
1283
1430
1535
1554
1717
1911
2021
2242
2433
2693
2839
2740
2644
2513
2498
2484
2312
2081
1732
1417
1196
1040
997
872
608
290
-63
-300
-497
-702
-858
-981
-943
-909
-999
-1236
-1601
-1820
-1862
-1733
-1520
-1417
-1399
-1470
-1542
-1538
-1547
-1558
-1606
-1654
-1590
-1435
-1192
-999
-928
-941
-1000
-978
-862
-706
-537
-354
-101
225
535
776
956
1093
1167
1155
1139
1289
1642
2068
2391
2571
2665
2634
2446
2221
2146
2231
2236
2009
1753
1673
1714
1593
1154
604
143
-173
-388
-541
-620
-746
-1013
-1296
-1406
-1299
-1221
-1419
-1784
-2028
-1968
-1710
-1459
-1276
-1129
-1018
-994
-1026
-1009
-926
-767
-570
-350
-119
-1
-36
-165
-307
-400
-470
-535
-535
-459
-373
-322
-371
-500
-668
-840
-834
-610
-277
-12
43
-3
-56
-75
-15
144
424
683
751
635
508
523
618
658
640
659
781
910
933
889
848
843
843
855
924
1018
1072
1050
1029
1055
1061
957
720
480
383
433
537
505
294
-18
-342
-585
-782
-903
-894
-849
-764
-678
-678
-788
-1137
-1564
-1782
-1708
-1380
-1052
-835
-709
-802
-1052
-1336
-1453
-1200
-764
-272
142
352
461
433
435
624
907
1238
1423
1487
1576
1595
1587
1463
1277
1176
1084
1053
1022
923
778
504
260
156
126
137
26
-136
-232
-284
-240
-212
-232
-277
-363
-363
-304
-254
-231
-326
-459
-603
-726
-749
-724
-631
-537
-525
-585
-755
-914
-992
-1010
-923
-836
-752
-695
-716
-724
-779
-874
-943
-1002
-923
-725
-494
-259
-151
-91
-17
83
277
460
663
900
1082
1247
1313
1319
1308
1229
1206
1190
1181
1173
1050
892
707
559
505
445
437
433
392
340
203
67
-37
-121
-124
-100
-40
-1
-71
-182
-316
-376
-342
-300
-237
-222
-190
-105
-65
-30
-61
-107
-137
-240
-264
-306
-395
-456
-551
-501
-441
-462
-496
-626
-678
-716
-774
-762
-801
-752
-702
-683
-556
-493
-403
-388
-453
-402
-352
-182
12
143
303
290
252
235
177
240
261
300
397
407
500
552
605
770
870
1026
1057
957
937
870
939
1074
1182
1345
1284
1113
931
755
780
806
890
990
951
904
713
459
187
-120
-237
-301
-319
-331
-433
-461
-527
-573
-642
-868
-1108
-1426
-1632
-1658
-1586
-1417
-1408
-1481
-1599
-1777
-1906
-2079
-2171
-2170
-2087
-1874
-1689
-1535
-1486
-1485
-1401
-1257
-982
-629
-230
209
608
962
1213
1364
1487
1649
1897
2190
2435
2584
2624
2608
2630
2673
2723
2728
2612
2433
2171
1885
1641
1386
1233
1097
951
814
509
172
-270
-726
-978
-1151
-1077
-1029
-1120
-1272
-1683
-2027
-2339
-2524
-2409
-2256
-1953
-1712
-1640
-1640
-1860
-2030
-2101
-2020
-1665
-1307
-932
-695
-629
-543
-535
-426
-238
-29
294
566
859
1114
1228
1297
1261
1246
1300
1380
1534
1666
1762
1829
1838
1853
1846
1799
1728
1606
1485
1364
1247
1164
1069
1016
942
817
661
386
128
-117
-334
-405
-522
-600
-712
-936
-1052
-1253
-1375
-1420
-1546
-1500
-1541
-1535
-1449
-1493
-1371
-1344
-1315
-1194
-1227
-1090
-988
-854
-563
-430
-209
-102
-111
-35
-110
-66
-4
27
202
251
344
377
268
243
104
50
55
8
82
49
38
41
-40
1
-16
4
46
21
71
72
124
232
326
473
579
664
722
732
763
798
868
961
1047
1109
1136
1137
1115
1086
1054
1028
1009
991
958
909
844
782
732
663
596
488
374
274
168
114
24
-59
-174
-357
-513
-705
-822
-892
-966
-995
-1115
-1270
-1485
-1740
-1919
-2060
-2086
-2053
-2009
-1950
-1957
-1978
-2002
-2017
-1955
-1847
-1671
-1449
-1249
-1047
-882
-734
-559
-378
-130
133
414
718
971
1237
1454
1645
1828
1939
2078
2184
2288
2416
2496
2594
2617
2585
2519
2350
2203
2011
1823
1684
1488
1328
1099
834
590
288
71
-139
-326
-450
-624
-756
-930
-1109
-1236
-1378
-1440
-1499
-1539
-1530
-1547
-1536
-1543
-1551
-1514
-1461
-1331
-1171
-1036
-915
-876
-870
-886
-883
-771
-619
-427
-279
-222
-222
-290
-325
-286
-159
28
189
302
338
343
347
377
460
560
669
765
833
870
868
847
811
783
763
762
776
798
794
767
716
634
566
517
499
506
519
533
520
467
383
273
181
128
123
143
133
94
-10
-140
-264
-390
-457
-504
-538
-573
-646
-708
-800
-877
-937
-1016
-1052
-1112
-1179
-1251
-1353
-1389
-1413
-1375
-1269
-1157
-987
-836
-705
-578
-478
-370
-278
-178
-67
14
100
162
214
309
433
615
844
1088
1331
1548
1743
1879
1959
1992
1971
1901
1802
1687
1549
1410
1274
1170
1091
1028
983
923
850
758
654
540
399
243
67
-105
-266
-402
-524
-643
-756
-853
-923
-982
-1033
-1108
-1202
-1301
-1387
-1441
-1473
-1474
-1464
-1460
-1467
-1493
-1503
-1473
-1384
-1240
-1088
-968
-919
-948
-1000
-1023
-972
-843
-672
-496
-347
-219
-96
31
181
349
520
706
869
984
1032
1025
1008
1019
1081
1169
1258
1313
1324
1289
1221
1138
1039
966
936
958
1004
1025
986
874
732
603
510
442
396
355
318
252
136
-13
-170
-279
-328
-307
-238
-168
-108
-99
-134
-204
-292
-374
-461
-511
-522
-512
-495
-508
-538
-581
-648
-716
-798
-860
-876
-895
-885
-889
-893
-873
-913
-948
-1003
-1013
-925
-842
-674
-499
-321
-149
-89
13
121
250
428
556
762
952
1065
1119
1045
1021
1012
993
1022
1009
1059
1066
945
800
616
532
512
478
483
422
333
191
-28
-140
-200
-185
-128
-136
-88
-110
-216
-334
-480
-456
-369
-286
-180
-212
-236
-321
-478
-547
-660
-677
-692
-766
-746
-807
-833
-859
-960
-934
-907
-805
-649
-562
-406
-340
-309
-243
-217
-86
21
127
287
425
619
754
817
868
868
891
904
882
895
916
947
979
947
877
762
642
588
578
619
684
705
681
584
449
327
212
143
76
-17
-118
-243
-346
-420
-477
-495
-516
-559
-623
-694
-727
-728
-707
-672
-651
-654
-679
-721
-745
-740
-711
-661
-606
-539
-457
-396
-335
-265
-198
-130
-80
-43
-9
13
38
72
136
242
358
455
503
507
498
477
490
542
619
682
663
575
420
255
127
45
24
16
6
-38
-138
-261
-392
-484
-519
-512
-458
-382
-320
-285
-290
-317
-330
-313
-251
-148
-32
64
126
164
195
242
323
435
566
700
795
843
852
828
790
747
700
632
527
393
249
104
-10
-81
-114
-130
-170
-242
-349
-475
-574
-631
-621
-556
-472
-394
-380
-434
-530
-639
-682
-650
-545
-383
-248
-134
-92
-118
-155
-204
-199
-160
-107
-9
63
134
185
181
162
100
51
40
62
158
260
365
436
422
386
281
193
155
146
236
310
382
441
389
344
242
137
116
67
109
120
90
73
-51
-146
-277
-399
-410
-440
-380
-334
-333
-295
-368
-413
-470
-519
-438
-374
-215
-63
17
110
62
41
6
-27
114
261
525
767
889
1006
911
798
669
499
519
514
597
714
703
745
628
473
364
171
116
42
-31
-5
-120
-186
-297
-489
-569
-778
-908
-983
-1109
-1074
-1143
-1155
-1142
-1274
-1283
-1390
-1468
-1475
-1563
-1460
-1402
-1283
-1057
-924
-665
-544
-463
-319
-307
-156
-77
20
226
302
493
626
754
998
1105
1282
1402
1463
1576
1556
1590
1594
1551
1564
1499
1516
1559
1598
1687
1681
1656
1550
1383
1248
1097
983
817
612
387
121
-88
-268
-331
-319
-315
-294
-378
-476
-623
-831
-970
-1112
-1142
-1117
-1098
-1008
-993
-1006
-1081
-1252
-1363
-1430
-1387
-1256
-1158
-1046
-1028
-1096
-1178
-1279
-1258
-1146
-973
-712
-490
-291
-188
-233
-291
-408
-477
-426
-315
-27
284
554
776
808
787
649
456
373
316
436
612
781
1013
1084
1081
955
721
580
446
439
550
699
919
1024
1036
961
758
549
324
155
119
161
266
379
443
449
354
157
-69
-287
-443
-491
-466
-372
-257
-231
-258
-371
-547
-675
-814
-854
-812
-732
-560
-468
-379
-331
-374
-362
-399
-355
-249
-147
48
182
324
417
416
429
361
331
308
266
308
310
349
364
314
285
181
94
-6
-122
-171
-234
-241
-219
-191
-123
-107
-89
-91
-126
-111
-108
-63
23
84
177
210
197
176
61
-2
-60
-95
-21
5
125
226
254
329
263
230
176
81
95
24
6
-5
-102
-130
-245
-320
-358
-453
-424
-424
-381
-297
-274
-185
-167
-132
-82
-92
-43
-66
-86
-119
-207
-240
-304
-327
-322
-328
-283
-260
-225
-186
-175
-158
-144
-116
-68
-11
27
61
101
131
183
228
295
381
441
500
518
529
543
564
633
710
803
860
874
847
753
651
525
428
372
340
369
372
358
288
132
-32
-245
-433
-558
-664
-689
-695
-681
-655
-663
-671
-706
-758
-811
-860
-872
-823
-724
-617
-515
-443
-390
-337
-291
-232
-174
-111
-28
53
137
209
268
292
310
332
343
366
355
339
332
326
362
395
435
478
478
462
428
404
385
373
405
477
560
606
620
594
515
409
282
189
171
187
225
239
213
137
-37
-237
-444
-618
-729
-807
-813
-786
-757
-754
-809
-861
-935
-1015
-1040
-994
-862
-715
-566
-410
-303
-234
-219
-193
-137
-96
-37
27
117
200
228
270
313
363
411
421
455
494
544
593
613
661
707
713
687
660
678
695
658
616
594
579
515
410
327
290
252
159
70
17
4
-16
-83
-101
-112
-152
-215
-309
-314
-297
-320
-333
-383
-371
-388
-452
-462
-483
-437
-421
-429
-367
-353
-314
-316
-323
-267
-274
-257
-252
-256
-188
-172
-163
-140
-139
-81
-44
10
142
236
359
420
418
462
383
335
268
158
172
84
65
50
-15
45
-19
4
42
5
98
70
116
145
52
56
-80
-152
-182
-261
-173
-198
-152
-84
-93
46
75
176
288
280
354
278
202
130
-29
-51
-113
-98
-6
9
100
120
118
138
76
88
93
91
123
70
49
0
-79
-78
-103
-71
-5
21
78
82
71
61
2
-4
-16
-40
-25
-58
-71
-82
-136
-154
-203
-213
-193
-216
-191
-211
-206
-176
-188
-142
-139
-117
-106
-167
-177
-228
-248
-231
-232
-139
-57
28
110
117
169
178
179
197
183
230
249
255
254
197
176
135
99
99
68
66
54
41
52
29
22
23
49
94
107
103
63
25
-16
-76
-111
-159
-142
-74
-12
64
87
102
117
109
121
79
32
7
-41
-44
-59
-71
-44
-56
-27
-4
-22
-19
-92
-146
-168
-219
-188
-185
-162
-91
-72
3
14
-7
22
-6
38
46
20
23
-46
-42
-21
-11
49
26
15
10
-12
23
13
19
19
-17
-30
-81
-121
-119
-103
-33
32
66
86
60
39
46
41
45
33
25
66
121
191
234
208
164
103
68
71
65
90
99
105
130
117
112
61
-16
-59
-117
-129
-133
-123
-79
-57
-28
-40
-76
-96
-128
-126
-132
-145
-134
-135
-118
-108
-86
-45
-26
8
25
32
40
18
8
-10
-35
-44
-70
-71
-63
-65
-48
-52
-50
-28
-9
33
64
74
66
20
-41
-91
-111
-78
-21
29
77
83
64
36
12
26
40
77
105
103
101
78
67
72
64
64
47
29
34
43
71
93
95
94
73
57
57
60
80
91
90
73
31
-22
-69
-90
-94
-71
-54
-32
-18
-28
-20
-28
-41
-47
-68
-70
-75
-62
-47
-50
-54
-76
-87
-95
-95
-82
-71
-38
-27
-20
-2
-2
18
15
26
42
11
-2
-36
-57
-39
-28
6
10
-3
-12
-55
-69
-69
-50
15
40
78
102
87
96
66
55
51
33
51
50
63
93
88
90
63
32
33
35
57
66
54
31
-5
-28
-34
-37
-35
-45
-61
-73
-95
-104
-106
-98
-70
-52
-28
-10
-3
11
8
8
6
-2
-19
-29
-8
8
16
14
7
4
9
17
42
66
68
54
16
-19
-50
-81
-72
-39
-3
6
-24
-67
-96
-113
-114
-88
-42
21
59
73
72
64
42
-1
-34
-42
-33
-20
7
54
97
120
97
64
21
-18
-47
-67
-42
-1
34
47
42
42
22
8
17
37
78
87
85
80
47
46
24
11
33
18
19
17
20
36
-7
-29
-35
-34
-4
-7
2
2
-24
-58
-102
-98
-71
-39
-5
19
29
-5
-36
-66
-81
-76
-101
-106
-99
-72
-10
32
77
92
62
15
-48
-74
-75
-58
-19
1
14
17
32
58
57
48
25
-3
-20
-42
-30
16
60
87
73
40
11
-33
-56
-47
-16
26
39
62
79
62
13
-63
-120
-143
-139
-105
-48
24
61
43
9
-26
-41
-56
-75
-76
-67
-48
-47
-40
-12
7
13
-7
-21
-8
5
31
76
129
156
136
99
66
44
28
28
67
103
115
107
77
69
58
47
48
42
49
33
3
-3
-1
15
4
-20
-29
-39
-35
-42
-26
7
7
-9
-57
-83
-95
-122
-113
-82
-14
41
39
18
-22
-40
-41
-48
-21
13
40
47
27
31
55
52
49
27
12
14
-10
-25
-44
-51
-37
-68
-77
-73
-86
-94
-127
-124
-91
-78
-47
-44
-40
-23
-54
-57
-66
-66
-31
-30
6
39
61
81
48
37
37
34
49
37
46
84
105
128
126
131
141
98
39
-23
-42
4
37
75
109
105
86
17
-44
-59
-46
8
45
77
114
111
91
38
-1
19
24
36
31
1
-11
-63
-95
-101
-102
-85
-118
-132
-124
-141
-135
-161
-161
-133
-134
-104
-92
-61
-13
6
42
55
59
46
-4
-35
-57
-57
-11
35
95
148
156
147
96
51
32
30
70
127
192
250
259
218
129
35
-42
-84
-34
79
208
288
280
207
82
-55
-185
-266
-243
-190
-117
-63
-49
-49
-114
-196
-262
-328
-352
-367
-367
-313
-234
-124
-44
-9
-19
-89
-163
-224
-234
-175
-56
96
220
270
267
200
119
66
25
65
161
272
361
369
342
283
200
150
114
106
114
122
149
153
142
140
132
162
184
148
90
9
-47
-67
-54
6
59
95
79
-21
-146
-255
-301
-265
-196
-119
-76
-98
-169
-282
-375
-401
-356
-250
-140
-84
-76
-120
-195
-259
-300
-276
-180
-68
58
136
148
139
77
33
17
5
79
155
220
282
276
279
238
166
129
62
60
82
112
200
226
246
213
110
49
-56
-84
-54
-21
87
109
110
76
-26
-71
-162
-197
-181
-187
-119
-110
-100
-73
-97
-69
-97
-121
-117
-140
-70
-31
25
88
67
104
87
74
105
74
117
130
119
126
61
58
52
33
74
55
45
42
-18
-16
-37
-53
-15
-35
-14
-24
-58
-36
-54
-23
19
28
61
48
27
7
-38
-49
-79
-104
-89
-86
-45
-34
-40
-35
-102
-143
-187
-217
-170
-161
-106
-80
-100
-90
-115
-91
-51
-23
20
8
-16
-41
-62
-32
25
83
152
176
155
120
67
57
84
122
180
213
211
196
147
102
76
44
32
2
-34
-58
-94
-94
-97
-98
-74
-65
-37
-40
-45
-27
-21
19
30
46
63
50
53
28
24
38
52
73
61
37
17
0
8
26
44
64
50
29
8
-11
-12
0
27
44
52
39
12
-19
-49
-47
-50
-32
-16
-15
-2
-33
-58
-72
-80
-37
-19
-2
15
-4
-4
-27
-45
-31
-48
-44
-54
-84
-93
-122
-120
-110
-111
-97
-101
-104
-100
-102
-78
-38
3
49
51
44
35
18
30
36
45
44
21
21
1
-4
35
59
103
109
87
88
58
51
52
54
87
91
85
81
54
40
19
-2
0
-3
9
0
-10
-20
-30
-19
-23
-12
-7
-7
5
-13
-29
-44
-30
1
18
40
28
8
-5
-23
-16
-10
5
32
37
27
2
-28
-19
-17
5
19
2
13
5
16
24
9
15
8
9
-3
-36
-41
-44
-31
-13
-21
-21
-30
-38
-44
-74
-77
-77
-72
-43
-45
-22
17
34
57
39
19
8
-13
-11
-32
-35
-37
-49
-30
-43
-49
-50
-59
-43
-46
-37
-15
-5
15
6
15
34
44
72
58
37
18
-2
23
30
56
75
58
59
29
25
30
45
80
79
91
82
67
81
77
102
120
116
136
128
122
105
73
65
39
11
-7
-45
-58
-66
-84
-85
-114
-120
-115
-118
-90
-86
-88
-81
-101
-103
-115
-116
-91
-80
-51
-43
-46
-32
-40
-17
-11
-8
9
7
19
0
-23
-36
-61
-54
-46
-26
4
21
33
14
-7
-23
-35
-33
-28
-15
12
32
50
50
35
26
11
15
25
35
51
60
52
40
13
-8
-6
-7
8
5
1
13
-4
-7
5
16
52
69
70
60
28
18
8
21
49
67
80
63
47
36
30
18
0
-3
-6
6
26
46
56
43
29
-9
-36
-59
-79
-74
-75
-50
-20
-12
-3
-16
-26
-42
-51
-32
-25
-15
-2
-9
-5
-17
-35
-48
-64
-58
-57
-53
-46
-66
-80
-91
-100
-83
-86
-82
-79
-93
-83
-86
-71
-48
-39
-24
-29
-23
-11
10
56
86
117
113
79
68
37
43
61
75
113
109
120
116
89
84
41
23
24
29
71
100
140
163
170
169
142
137
114
87
69
39
48
65
70
66
23
-22
-72
-106
-113
-109
-84
-64
-57
-65
-86
-116
-155
-188
-214
-197
-160
-112
-50
-15
5
-13
-53
-89
-122
-116
-84
-27
39
86
120
108
79
31
-19
-35
-38
-10
29
60
86
89
75
41
-6
-57
-97
-107
-91
-48
-4
5
-18
-69
-106
-117
-98
-52
-21
1
-3
-16
-4
3
29
32
13
21
