-39
-41
-24
-37
-24
-28
-40
-26
-33
-25
-13
-23
-15
-14
-16
-7
-14
-5
4
-3
5
9
9
17
10
10
14
15
26
31
31
38
42
45
50
52
58
48
39
41
31
25
16
3
11
7
0
5
-8
-10
-15
-42
-43
-47
-46
-38
-48
-41
-39
-43
-30
-30
-21
-9
-12
-3
6
12
22
13
15
17
12
25
18
27
33
17
29
23
18
33
12
21
29
18
39
25
28
46
23
44
48
33
53
21
20
27
-1
21
13
-13
1
-21
-34
-26
-48
-38
-35
-62
-37
-54
-67
-53
-89
-71
-74
-89
-52
-73
-59
-52
-72
-52
-57
-42
-21
-30
-23
-14
-20
-17
-12
-20
1
6
10
37
19
37
53
35
66
54
59
85
64
88
97
95
124
117
120
123
105
103
88
74
58
52
38
23
22
0
1
-15
-25
-20
-51
-39
-55
-73
-54
-89
-77
-74
-97
-76
-103
-100
-98
-123
-101
-119
-112
-96
-121
-97
-101
-98
-73
-77
-52
-39
-27
3
13
35
58
73
88
100
117
125
149
152
158
178
159
179
174
161
179
143
149
127
87
97
39
39
25
-28
0
-49
-54
-43
-101
-72
-96
-103
-71
-102
-66
-61
-69
-33
-45
-28
-20
-32
-8
-8
-15
-12
-26
-41
-48
-78
-101
-104
-135
-136
-151
-165
-138
-159
-144
-132
-140
-95
-99
-79
-39
-40
-3
11
19
56
63
78
110
112
125
141
132
157
159
140
160
141
147
160
114
124
113
86
103
61
66
66
27
45
14
9
25
-17
-10
-23
-34
-20
-52
-47
-41
-61
-44
-45
-44
-25
-43
-45
-35
-50
-37
-40
-46
-25
-40
-39
-32
-47
-27
-29
-27
-12
-23
-15
-17
-19
-8
-11
-14
-11
-17
-12
-7
-20
-12
-20
-24
-7
-21
-11
4
-6
10
9
4
28
12
12
26
9
29
21
20
40
19
30
27
16
37
16
17
18
-9
5
-4
-5
16
-3
6
3
-17
-1
-11
-4
8
3
17
11
6
9
7
13
11
4
-8
-8
-3
-4
0
-9
-16
-16
-21
-28
-24
-21
-32
-28
-42
-39
-29
-38
-21
-24
-19
-5
-21
-6
3
8
21
14
24
33
24
27
27
22
23
20
18
17
21
20
22
17
12
18
11
13
13
9
13
3
6
13
3
2
-8
-13
-8
-15
-17
-10
-12
-7
-4
-9
-2
-6
-14
-9
-15
-13
-8
-18
-14
-12
-9
-2
-6
-7
-2
0
7
10
8
16
15
13
19
17
24
25
13
14
10
5
6
-10
-12
-10
-15
-13
-19
-21
-16
-18
-19
-15
-17
-19
-12
-11
-6
-2
-5
-1
-3
-3
6
2
7
12
6
9
7
4
9
3
4
11
8
9
8
8
12
9
6
6
5
7
6
6
5
3
12
14
10
14
14
5
5
7
6
8
6
7
4
-3
-2
-3
-13
-12
-13
-17
-11
-22
-23
-24
-37
-31
-40
-44
-37
-40
-36
-42
-39
-27
-24
-20
-16
-8
-2
10
12
13
20
15
26
28
29
45
33
35
32
28
39
28
33
32
23
27
17
16
15
14
13
11
12
7
13
12
12
18
9
20
21
14
18
5
16
14
8
15
2
8
-2
0
7
1
7
-4
-1
1
-11
-14
-28
-29
-32
-35
-33
-42
-39
-46
-53
-49
-58
-51
-53
-49
-42
-61
-45
-39
-38
-20
-28
-16
-7
-13
3
3
7
20
14
16
20
17
26
32
21
23
25
18
23
11
12
17
1
12
7
-6
2
-13
-12
-3
-12
-1
-1
-6
11
16
21
40
36
55
72
62
78
72
77
93
82
103
102
104
113
91
99
94
89
89
67
57
39
25
3
-20
-25
-46
-53
-76
-91
-89
-114
-115
-127
-143
-133
-144
-136
-127
-129
-117
-116
-118
-102
-97
-93
-72
-72
-56
-45
-54
-30
-28
-18
2
-2
17
27
31
45
45
49
50
43
48
53
46
56
46
39
49
33
55
58
46
64
39
48
51
38
54
34
42
44
30
44
24
19
20
1
1
-17
-30
-31
-45
-47
-42
-46
-44
-43
-46
-38
-35
-33
-21
-25
-14
-12
-20
-4
-21
-17
-6
-17
6
-4
-4
9
-3
15
14
6
16
9
11
14
2
6
9
0
11
3
-2
4
-14
-2
1
0
18
3
13
25
17
37
28
25
38
24
30
34
23
26
19
3
12
4
-5
-4
-26
-19
-21
-39
-32
-39
-29
-16
-27
-17
-14
-7
9
11
20
18
14
10
-3
-1
-7
-8
-8
-14
-11
-15
-17
-16
-20
-13
-7
2
4
-6
-10
-10
-12
-8
1
4
10
8
3
6
-6
-9
-7
-10
-2
3
8
9
14
17
9
16
17
16
15
6
13
8
9
12
1
1
-11
-16
-10
-13
-1
-3
-7
-4
-6
3
0
6
16
12
14
6
10
20
12
20
18
16
26
17
9
1
-17
-18
-27
-36
-21
-25
-22
-15
-34
-22
-21
-32
-13
-24
-23
-12
-18
-8
-12
-6
9
-4
-3
0
-5
-1
-14
-14
-9
-13
-10
-10
-11
-6
-4
-5
-1
-4
2
10
6
13
12
20
27
30
45
50
63
74
86
86
80
87
79
89
88
84
86
68
76
63
43
43
12
2
-14
-33
-31
-58
-70
-85
-117
-116
-131
-142
-134
-148
-137
-137
-140
-120
-124
-104
-89
-79
-56
-55
-38
-28
-26
-17
-27
-21
-24
-25
-18
-34
-24
-29
-44
-37
-49
-41
-28
-40
-25
-8
1
30
44
59
86
103
125
150
169
194
215
226
239
248
246
256
260
252
243
207
189
174
141
130
88
60
52
5
-2
-30
-72
-67
-108
-128
-126
-166
-160
-185
-210
-207
-240
-237
-232
-229
-209
-222
-207
-178
-160
-128
-108
-78
-42
-15
15
40
61
85
101
96
102
110
100
103
87
73
81
68
59
49
18
15
0
-18
-6
-24
-30
-27
-53
-36
-32
-32
-14
-25
-8
-2
-3
7
9
28
28
29
28
30
45
42
41
41
24
31
27
21
34
20
23
23
11
30
20
19
26
3
15
10
9
23
-2
1
-9
-16
-7
-28
-26
-31
-46
-41
-49
-42
-40
-50
-38
-36
-28
-10
-14
-5
-2
-3
7
5
16
29
18
18
14
4
18
-1
-10
-8
-40
-39
-49
-57
-41
-57
-61
-63
-68
-53
-44
-33
-19
-17
-8
10
14
34
49
44
55
60
60
77
68
59
64
41
48
49
27
43
27
24
41
19
34
36
27
49
36
33
33
16
25
18
14
20
5
4
-6
-23
-21
-33
-32
-29
-36
-34
-43
-37
-33
-40
-36
-45
-46
-44
-51
-45
-50
-59
-50
-52
-49
-30
-35
-22
-10
-16
3
3
5
18
5
17
16
5
17
6
2
-1
-16
-8
-19
-27
-23
-33
-20
-18
-24
-7
-7
5
25
17
39
49
51
68
60
73
78
67
65
49
48
45
28
31
18
12
9
-11
0
-3
-12
-9
-27
-15
-1
-15
-5
-15
-15
5
-4
6
8
0
6
-2
6
14
-3
-2
-5
0
14
6
4
6
-6
1
2
-1
7
-15
-17
-14
-28
-19
-38
-40
-29
-35
-28
-36
-44
-35
-45
-43
-30
-35
-28
-29
-27
-7
-11
-11
-7
-15
-2
-9
-11
5
-4
4
9
8
25
25
20
18
16
18
20
21
25
34
31
32
32
26
35
19
17
23
11
20
8
7
10
-9
-4
-17
-16
-5
-22
-22
-27
-29
-10
-6
-1
-6
-23
-15
4
31
54
52
43
35
32
54
73
78
68
38
29
35
41
46
15
-12
-29
-48
-37
-33
-22
-16
-40
-63
-77
-61
-44
-39
-40
-36
-13
-21
-38
-39
-33
-9
-26
-57
-45
-18
29
37
29
41
9
-20
-68
-84
-38
-38
-37
-36
-19
28
-16
-95
-145
-151
-94
-75
-66
-47
-75
-96
-112
-74
61
136
127
105
77
140
199
183
234
260
304
373
346
372
306
107
-37
-166
-106
37
35
-2
-173
-380
-480
-612
-594
-506
-503
-476
-516
-472
-308
-225
-170
-204
-258
-200
-111
70
263
410
508
493
522
582
604
619
549
535
601
660
754
754
684
586
396
281
212
148
131
57
38
55
3
-60
-208
-371
-488
-594
-613
-590
-549
-477
-433
-400
-364
-357
-359
-380
-417
-394
-324
-234
-115
-22
95
223
281
312
303
319
416
511
600
635
596
502
353
259
210
174
106
-84
-231
-315
-338
-313
-424
-563
-698
-837
-856
-889
-911
-896
-955
-958
-931
-910
-836
-825
-820
-767
-760
-749
-711
-548
-91
501
978
1159
945
642
500
600
954
1285
1517
1718
1902
2165
2297
2005
1312
418
-195
-216
185
693
864
488
-223
-1003
-1548
-1767
-1847
-1884
-1963
-2019
-1892
-1599
-1190
-839
-739
-859
-1062
-1099
-801
-275
287
694
875
975
1098
1283
1486
1535
1426
1278
1257
1522
1941
2297
2399
2179
1869
1638
1521
1472
1312
1040
740
492
430
451
391
162
-260
-679
-1013
-1298
-1508
-1663
-1684
-1608
-1589
-1647
-1818
-2074
-2278
-2413
-2428
-2365
-2338
-2203
-1908
-1507
-1081
-893
-907
-938
-886
-558
-82
319
628
766
859
1047
1195
1340
1399
1264
1178
1129
1155
1296
1262
1178
1104
972
1002
971
836
692
318
46
-76
-144
6
-4
-99
-212
-579
-803
-986
-1117
-980
-962
-819
-584
-524
-330
-290
-318
-277
-437
-332
16
372
735
630
368
353
475
845
925
579
351
386
1134
2155
2515
2152
1153
445
595
882
915
459
99
792
2054
3054
2903
1287
-618
-1836
-1909
-1184
-813
-969
-1291
-1460
-1365
-1724
-2803
-4132
-5076
-4980
-4119
-3207
-2702
-2684
-2503
-1789
-840
-133
-146
-648
-948
-630
390
1558
2268
2493
2451
2564
2919
3095
2892
2308
1711
1644
2091
2817
3368
3369
3063
2641
2325
2137
1788
1305
719
208
39
125
370
477
202
-315
-933
-1444
-1772
-2062
-2296
-2512
-2652
-2614
-2489
-2302
-2209
-2304
-2558
-2904
-3087
-2980
-2551
-1925
-1373
-947
-606
-265
114
388
509
561
661
930
1304
1632
1851
1966
2070
2198
2214
2037
1782
1531
1380
1314
1149
970
756
570
563
461
134
-426
-1151
-1654
-1814
-1729
-1411
-1129
-1006
-970
-1142
-1381
-1669
-1961
-1958
-1709
-1081
-201
502
864
559
-47
-455
-600
-273
139
364
474
413
831
2112
4089
6235
7122
6079
3576
1076
98
357
936
1278
1763
3041
4546
5179
3687
-167
-5105
-8829
-9312
-6903
-3738
-2099
-2328
-3316
-4420
-5387
-6379
-7134
-7064
-6013
-3760
-756
1802
3432
4153
4444
4619
4004
3079
2627
3068
4798
6569
7673
7536
5833
3983
2358
1105
-39
-1586
-2432
-2369
-1685
-747
-640
-1440
-2936
-4541
-5124
-4815
-4032
-2890
-1619
-243
678
784
523
148
-231
-542
-586
-190
582
1474
2215
2671
2214
839
-751
-1988
-2249
-2024
-1691
-1056
-500
176
702
665
356
-528
-1301
-1278
-644
654
1762
2415
2774
2579
2153
1529
796
351
221
356
646
656
585
530
248
-100
-906
-1642
-2067
-2275
-1913
-1664
-1373
-1406
-1703
-1630
-1465
-929
-573
-209
297
709
1031
754
496
320
617
1002
837
692
252
483
783
654
472
-490
-722
-644
-673
-860
-1950
-1115
2657
8534
13144
11824
5820
-1011
-4311
-3596
-2459
-2270
-2295
256
5499
9607
8454
343
-10181
-16710
-15624
-8944
-2819
-366
-1077
-2021
-2049
-3155
-5992
-9191
-9162
-4210
3117
9048
10652
8752
6008
4170
3333
2072
334
-605
744
3959
6515
6382
3224
-1010
-4494
-6221
-6069
-4753
-2586
-385
1607
3041
3347
2673
897
-913
-1816
-1317
975
3731
6129
7148
6223
4269
1394
-1110
-2802
-3747
-3401
-2598
-1173
-161
-477
-1756
-3883
-5403
-6198
-6135
-5018
-3333
-1042
819
1860
1828
958
199
-10
837
1957
2700
2769
2358
2242
1916
1107
-315
-1908
-2481
-2122
-1020
199
798
987
611
165
-97
-277
-214
-59
352
769
951
649
83
-297
-414
-64
49
4
-233
-739
-903
-1355
-1659
-1964
-2393
-2045
-1432
-227
826
808
390
-651
-1070
-567
281
1623
1982
1944
1867
1701
1142
-1584
-4345
-3604
3244
13064
17882
13958
4141
-3388
-5251
-4571
-5407
-7920
-6510
957
10867
15592
10229
-1940
-13715
-18221
-15033
-8649
-3685
-1256
863
3200
3830
208
-5901
-9737
-7999
-1486
5216
9315
10170
9086
7551
5534
3124
-194
-3690
-5248
-3673
498
4257
4971
2696
-814
-3437
-4571
-4770
-4444
-3507
-1515
1353
4015
5192
4364
1988
-878
-2889
-3182
-1859
243
1906
2977
3523
3190
1951
-401
-2667
-3795
-3708
-2364
-1139
-507
-560
-1062
-1064
-1277
-1982
-2968
-3266
-1708
752
2707
3027
2240
1607
1584
2050
1939
1262
110
-909
-840
-215
837
1078
438
63
60
1092
1915
1984
1682
905
598
37
-1039
-2200
-3166
-2876
-1938
-1116
-839
-1225
-1452
-1358
-1209
-1207
-1529
-1837
-1322
-579
164
357
-499
-739
-1254
-1130
-264
122
1463
1439
1292
1415
821
1429
698
-525
-2238
-2867
2167
10540
17991
17429
8861
-237
-5409
-5884
-7291
-10297
-10283
-4253
7122
15669
15481
6625
-6292
-15348
-17606
-14623
-9508
-5504
-1309
3199
5588
4372
-1541
-7468
-9132
-5740
1698
8068
11359
11451
9514
7915
5777
2366
-2250
-6616
-7704
-4819
56
3811
3732
916
-1661
-2356
-1243
-591
-717
-231
1698
4450
5909
5368
3212
1039
-800
-2183
-2625
-2802
-1892
-457
1266
2847
2506
570
-2219
-3926
-4063
-3506
-3099
-3458
-2934
-1762
-25
1139
-127
-2120
-4139
-4356
-2593
-1101
189
1041
2179
3446
3455
2040
-305
-2451
-3658
-3335
-1707
368
1888
2385
2162
2173
2486
2282
1918
985
1008
2151
2401
1831
-277
-1575
-1167
-870
-895
-2308
-3270
-3076
-2194
-356
452
871
903
850
1735
1214
396
-803
-2033
-1825
-2339
-1975
-1265
-47
2204
2700
2250
279
-1170
-2043
-4068
-4356
-697
9578
20114
22546
15909
4407
-3936
-8666
-11992
-14084
-13208
-6454
4466
15070
19144
13487
295
-13674
-20662
-19385
-13591
-7936
-3429
2069
7294
8198
3337
-3915
-7761
-6364
-2041
3107
7728
11081
11889
10349
7830
4520
-209
-6424
-10651
-9980
-5188
346
2726
2520
1919
1772
1979
989
-568
-939
267
2650
4389
4872
4295
2635
322
-2450
-4843
-6261
-6311
-4773
-2065
684
2154
2016
579
-1244
-2898
-4027
-4217
-3639
-2360
-573
1485
3276
3669
2467
422
-1157
-1382
-1010
-528
-134
649
2298
3328
3018
1293
-938
-2037
-2496
-2490
-1884
-1139
-155
786
1150
1533
1903
1572
1524
1613
1812
1705
608
-822
-1790
-1246
-971
-660
-428
-997
-609
-598
188
1010
789
631
-281
585
718
-340
-347
-2039
-2270
-2990
-4986
-3906
-3093
-845
578
-955
-35
3130
10901
16901
14992
8330
-995
-4913
-6352
-8632
-9852
-10120
-3268
6744
15434
18171
10559
-1098
-12440
-16604
-14092
-10985
-7954
-5205
427
5928
6160
1861
-3545
-4921
-2659
751
4845
7911
9241
8628
6965
6298
4903
758
-4809
-8936
-8405
-4771
-1981
-946
-1405
-817
1335
2705
3233
1782
-6
19
1146
4447
6615
6618
5210
1843
-255
-2504
-4246
-4352
-3834
-1337
441
1019
421
-1210
-2009
-3014
-3553
-4241
-4570
-3151
-1011
2192
4034
3846
2229
-303
-889
-463
899
1944
1413
1133
-13
-911
-1609
-2836
-3055
-3672
-3903
-3363
-2802
-1045
128
714
1539
1985
2656
2404
1049
-705
-1844
-2320
-2603
-1916
-1378
-386
903
888
94
-467
-498
413
2011
2064
1973
1979
1105
656
-73
-620
-989
-1217
-1842
-2602
-1934
-1233
-551
356
3304
10867
18673
19324
11156
-377
-8336
-11522
-13177
-13744
-10879
-3072
6874
15220
19065
14346
1758
-13513
-22311
-19885
-11967
-4291
234
3821
6805
5722
1529
-3762
-6503
-5371
-1151
6068
12613
14995
12465
7849
4203
802
-3742
-8521
-10297
-7597
-2401
1692
2782
1783
390
187
787
1013
770
236
380
1802
3125
4322
4822
3039
78
-3992
-6591
-6342
-5139
-2826
-628
1885
3246
2897
1730
-783
-2718
-5792
-7585
-6926
-5743
-2977
-1125
1252
3219
3131
2132
695
1688
3680
5639
6414
5106
3556
1359
-651
-2054
-3528
-4518
-5021
-4892
-2976
-693
1354
2878
2495
2367
1322
74
205
-181
336
-516
-2108
-2758
-3898
-3228
-2967
-2109
-301
2
1143
1026
1290
1268
-87
117
-910
245
651
-1063
-537
-1785
-721
-109
-2645
-2739
754
12387
23988
25027
15472
552
-7626
-11116
-15252
-17463
-15980
-6544
6175
15817
20281
13796
-2378
-19973
-27979
-21919
-11431
-3991
658
6276
11824
10565
3352
-4514
-7657
-4597
1309
9470
16562
18103
14408
8446
4362
1457
-3879
-10516
-13664
-9759
-1378
4884
6046
2812
-1420
-3723
-4242
-2552
-606
1237
2874
4473
8633
10426
8954
3412
-4719
-7863
-8783
-7291
-4956
-3044
265
1940
2803
739
-2658
-6570
-9986
-8315
-5098
-900
1533
1806
3169
3170
1994
-1121
-3858
-3147
-171
4425
7375
8178
7513
4963
2833
882
-1301
-3507
-6186
-6883
-4595
-1298
1420
1220
-476
-713
224
2661
4086
3439
2584
1587
639
-564
-2372
-5123
-6742
-7117
-6426
-3794
-2718
-1573
22
1765
3491
2863
1239
-1429
-2104
-1617
-1465
-643
-3164
-4572
-1090
9241
23267
27058
18383
3824
-5441
-7555
-10436
-13924
-14042
-6649
5082
14581
19258
14254
-1539
-21048
-31159
-24718
-10472
-453
2563
4143
7265
7582
2085
-5761
-10165
-8104
-939
9241
18312
20857
14909
5135
-1262
-2153
-2718
-5915
-8358
-5903
1755
7847
8178
3627
-2649
-6432
-7203
-4692
-433
3360
5889
6690
7432
8499
7148
2464
-3389
-7386
-5462
-1129
2464
4938
4451
3430
939
-2611
-5384
-7884
-8629
-8357
-5899
-2669
-306
607
-1160
-2001
-2469
-2185
-1517
-1373
549
2796
4884
5903
5084
3747
2086
651
-281
-1665
-3605
-5254
-5774
-3801
-1534
233
1119
1581
3453
3710
2650
596
-2132
-1785
-1195
-629
1136
1004
634
-1540
-5559
-6816
-6712
-5521
-2800
-53
2661
2461
-657
-3263
-5032
-4467
-326
9551
22766
27465
19883
5235
-6154
-9915
-12298
-13731
-11215
-2696
8898
16718
18760
11715
-5051
-23824
-32562
-24326
-7934
4177
7518
6907
7249
5011
-653
-6585
-8621
-3292
5378
14467
21230
20055
11782
16
-8511
-9670
-8667
-7821
-6981
-3529
3111
6591
4573
-2167
-8689
-9806
-6064
1046
7848
11592
11964
9939
6904
3399
-822
-6241
-9546
-8839
-3697
3465
7680
8117
4602
431
-2154
-3194
-2643
-3371
-3583
-2433
87
3426
2931
-616
-5219
-8021
-6755
-3952
-662
2461
5283
7588
7631
5202
966
-2782
-4259
-3871
-1869
-780
-707
-887
-1506
-1002
-1042
-2179
-3053
-3645
-2649
-191
998
1870
1734
635
1465
1316
967
-772
-4156
-5169
-5497
-3615
-2442
-3554
-3912
-4257
-1711
-352
-2991
-3390
2488
17020
28550
25648
12045
-2978
-9415
-11223
-13040
-10815
-4341
6609
15502
18674
15976
3151
-15151
-30264
-30349
-14737
1829
10603
9202
4022
-1066
-7676
-11820
-12019
-7300
1225
10866
20795
26151
22160
9873
-3680
-9616
-7609
-3206
-271
759
3098
4931
2945
-3221
-11242
-15046
-13549
-7324
1304
9190
15219
15466
11190
4894
-319
-2542
-4639
-4943
-2852
2496
8147
8614
4675
-2904
-8942
-11586
-11416
-6813
-1601
3534
6242
5356
3181
-1246
-5345
-7949
-7528
-2601
3372
8674
10620
9025
6250
2083
-1580
-4068
-4168
-1107
2072
4080
3531
1044
-1544
-4341
-6515
-7540
-6651
-3827
-241
2462
2885
1750
-1289
-4153
-4439
-3176
-35
1680
1766
727
-2602
-5149
-7354
-6784
-5633
-5529
-2195
4775
17439
24440
18379
4115
-10093
-12700
-10150
-6862
-2918
1759
9612
13338
13827
8872
-3435
-17805
-28435
-22950
-6622
8269
13560
7435
549
-5891
-10834
-12184
-10169
-1249
9425
18078
23007
20617
12568
845
-7776
-7747
-1391
5882
8405
7072
4158
571
-4222
-10909
-15861
-16584
-12112
-3686
4741
10911
12447
7844
456
-5335
-5714
-1466
2549
5037
6417
8608
9405
6218
814
-5610
-8417
-8267
-6328
-1840
1354
2612
23
-4382
-6854
-7033
-4889
-3003
148
4220
7847
9964
7834
3634
-1060
-3298
-1648
1948
6199
7973
7497
5171
1402
-1589
-4486
-6009
-5961
-4795
-1937
-287
-142
-2175
-4960
-5885
-5554
-3732
-2772
-2521
-2225
-2091
-975
-731
-581
-2164
-5013
-4218
2569
15070
21037
14470
439
-11427
-12792
-10949
-8463
-4108
1275
8340
10984
10667
6562
-4496
-17372
-25051
-17898
-1611
11063
13704
6066
-4013
-13368
-18552
-16068
-6456
7149
17420
22524
22964
18753
10563
-773
-8515
-7367
1210
11393
15848
13482
6693
-1059
-7054
-11468
-12906
-10956
-6320
67
5945
9497
9021
2728
-6213
-11324
-8956
-708
7075
10673
9802
6623
2932
-1679
-5434
-8215
-8499
-5012
-94
4302
5108
909
-6857
-13353
-14672
-10429
-2667
3214
6137
6800
5057
2826
-74
-3038
-4399
-3391
1168
6743
11247
11691
7403
2602
-2824
-5347
-5330
-3986
22
3288
5024
3816
876
-2767
-5946
-7022
-7031
-3209
331
2306
1927
-2053
-5880
-9850
-7515
2719
14567
19762
12000
1232
-4139
-4799
-5244
-7809
-6233
-235
5521
7323
5344
209
-10898
-24655
-30313
-20518
-1111
12585
13167
4213
-5646
-11549
-13482
-9425
-713
9769
17843
20616
19818
15175
7445
-1367
-5481
-1232
7427
14231
13854
9257
3919
-1214
-6160
-10506
-10711
-6389
78
4444
5951
5254
2295
-2238
-7199
-7204
-1989
4471
6934
4369
1076
-641
-636
-1339
-2282
-1874
-850
645
717
127
-699
-3402
-7156
-10645
-10373
-6261
-1338
1942
1774
409
-895
-2036
-2037
-2123
-998
1711
4641
7384
8071
7585
5541
2879
119
-2052
-604
462
1496
157
-1833
-1664
-3057
-3515
-5011
-4244
-1786
-664
959
330
-306
520
6140
14965
16505
8504
-5199
-11934
-8901
-3741
179
1268
2957
2825
747
-2222
-6064
-10676
-17792
-19844
-12611
-667
6709
3318
-6255
-14817
-17198
-13465
-4788
5896
13233
15148
12138
7438
3875
1142
249
1718
7349
15179
19589
17759
8408
-3021
-10856
-12187
-7142
219
6429
8007
5807
1107
-3431
-5409
-6471
-4742
-438
6655
12416
12845
8123
694
-3131
-3390
-141
4576
6541
6080
2743
-1305
-3984
-6306
-7916
-9223
-8489
-5712
-1990
739
-444
-3857
-7202
-7052
-3102
1711
4803
5117
3605
1284
152
623
2258
3833
2794
845
-579
-441
114
-344
-2041
-4538
-5644
-5929
-5117
-4064
-3802
-3638
-3624
-3251
2021
12242
19543
15910
2397
-8669
-7885
-180
5155
5291
4792
5020
3775
104
-5044
-9473
-14816
-18970
-15914
-4707
6414
6127
-5799
-19595
-24974
-20134
-10144
1318
11432
17092
16030
9571
1462
-3010
-1860
3661
11749
19211
23351
20157
9603
-3077
-11444
-11252
-6618
-1313
2964
5265
4518
-594
-7335
-11359
-9439
-4635
478
5181
8309
9595
6467
1206
-1605
-187
4291
7991
9589
9322
7593
4637
528
-2654
-3901
-3501
-2960
-3166
-3695
-4270
-5057
-6772
-7725
-6474
-3566
-279
1016
176
-813
-1264
-830
1131
4330
7181
7952
5455
1043
-1468
-1745
-1031
216
823
1060
189
-2470
-5479
-7184
-7876
-8155
-3528
6211
13933
11246
-1448
-12021
-11916
-3709
2814
5864
7069
7189
6167
1938
-2956
-7445
-11647
-13123
-8741
1543
9032
4984
-9396
-23594
-27205
-19604
-7288
3189
8956
8333
3159
-2751
-5854
-2709
4432
11778
17054
19468
20232
16578
8826
795
-2362
1812
7264
9797
7296
1660
-3910
-8587
-11084
-10446
-6760
-2566
-339
-1108
-3228
-5366
-6936
-6912
-3050
3777
9923
12177
9565
5327
2846
2772
4795
6615
7230
6324
3821
567
-2629
-4686
-5319
-5558
-5524
-4522
-3583
-3310
-5156
-8273
-9176
-6491
-1194
4849
7727
7524
4561
849
-1611
-1858
641
3079
4844
2332
-1521
-4872
-5627
-4307
-2529
102
5073
11635
12241
4721
-6406
-10761
-5996
2015
6116
6324
4881
2728
-292
-2651
-4349
-6043
-8853
-10590
-7462
-1192
1504
-4424
-15144
-21965
-19476
-10578
-1320
4958
6337
3038
-2620
-5892
-3230
3203
9718
13103
14474
14831
13764
9701
4783
3220
6670
12175
13460
9291
2405
-3600
-6429
-5564
-2076
1804
2067
-2025
-7773
-11363
-10882
-9124
-7677
-6261
-3421
407
2365
1506
-826
-1262
596
3677
6959
8762
8479
4996
-631
-4233
-3039
1781
6347
7267
4819
1250
-1547
-3151
-2138
224
2249
2890
777
-483
-299
-280
-830
-2457
-2354
-529
736
244
-2239
-4789
-7049
-8617
-6299
-1709
6035
10695
7066
-1922
-9742
-9168
-2289
4140
5818
4479
2771
2017
1876
2196
651
-2325
-6294
-8022
-5392
-1644
-1528
-7637
-15748
-19598
-16756
-8896
-1989
1205
99
-3775
-5631
-3931
859
5968
8854
10329
11682
12989
14369
14499
14505
14151
13527
12232
10287
7730
5239
2472
-137
-1336
-1787
-1054
-2250
-4974
-7943
-9604
-8927
-7211
-5704
-4972
-5221
-5385
-4850
-3122
-1744
-1470
-1560
-1838
-539
2064
4256
5344
4232
2161
1413
2923
5650
6838
5364
1875
-527
-841
-341
-207
-819
-1472
-1187
44
1081
1080
-133
-1515
-3046
-3749
-2681
-803
609
-105
-2850
-2966
-198
3689
6817
4105
-2503
-8494
-8787
-3030
3131
5119
1964
-2896
-5094
-4881
-1156
648
-1510
-5258
-7503
-4741
-722
-795
-6955
-14500
-16641
-12380
-4503
947
1580
-1546
-6444
-8361
-5785
834
6072
7185
5165
3823
6053
10534
14276
15073
14093
13280
12899
12658
11148
9485
7793
6528
5727
5869
6076
3788
-58
-3964
-4602
-2441
-1677
-3566
-7600
-10357
-10016
-8613
-6979
-6279
-5523
-4980
-4639
-3627
-2850
-2650
-3540
-3640
-850
3762
7448
8170
6633
4233
3534
4775
6022
6596
5474
3567
2174
1667
2065
2160
1108
-289
-2115
-3173
-3902
-3987
-3510
-3430
-4709
-6350
-5866
-2990
2150
4242
408
-5177
-7685
-4701
65
1649
673
-1322
-1888
-2726
-1859
-261
-877
-2463
-5690
-5948
-3952
-3856
-7508
-13804
-16088
-13437
-6835
-1246
-519
-1658
-4449
-5213
-2813
1659
5731
6494
5684
5102
6690
8726
9097
8743
8826
10139
10915
10518
8133
5957
5681
6673
8178
8440
7769
5772
3076
918
-85
552
511
-931
-2951
-4102
-2985
-1861
-1139
-1381
-2500
-2868
-4039
-4428
-3488
-2335
-1839
-3094
-4568
-4919
-3897
-2336
-692
839
1979
2778
3394
3976
4480
4965
4542
4072
4464
5172
6152
5189
2896
1349
6
235
-500
-2473
-4543
-6259
-4603
-2429
848
2334
-1089
-6820
-12271
-10342
-4085
-565
-1447
-5999
-7189
-5429
-2483
-1163
-3035
-4294
-6076
-5203
-3369
-3069
-4615
-9792
-13733
-14041
-8483
-1370
1208
-484
-4456
-5218
-2345
1924
5493
6928
6969
6317
6741
8168
10038
11309
11156
10697
10341
10151
8914
6647
4959
4141
5003
6457
7035
6138
3494
544
-1805
-2110
-1533
-1687
-2608
-3272
-2322
-758
-537
-2103
-4721
-6441
-5837
-3301
380
2383
1586
-1359
-4199
-3598
-442
2692
3968
2719
861
177
1013
2342
3053
2843
1597
1489
3078
5347
6944
6532
4935
2852
1297
551
147
303
130
887
705
-201
-64
-1970
-4296
-7335
-7987
-5014
-4232
-6711
-11165
-12467
-8898
-4211
-1082
-3171
-6775
-10081
-11298
-8211
-5223
-3836
-6941
-11950
-14843
-13018
-6038
-893
945
-190
-2368
-1842
272
3809
6670
7347
6703
5835
7100
10432
13393
14015
12791
10664
9332
7849
5863
5589
6216
7282
7613
6772
5592
3530
2120
1321
1058
1838
1281
-680
-3055
-5326
-6018
-5563
-5460
-5327
-5082
-4204
-3203
-2142
-1815
-2899
-4209
-4616
-2693
429
3196
4549
4608
4295
4239
5169
5468
4384
3392
2197
1943
2746
4283
5485
4628
2347
-185
-1186
-392
860
926
717
2346
3525
4660
4295
346
-3293
-5776
-3309
975
1673
-1866
-8138
-10764
-9985
-7330
-5782
-8302
-10216
-11911
-10864
-7447
-6511
-8789
-14389
-17863
-17143
-11545
-5226
-3778
-5798
-8759
-8326
-3787
1755
5914
6631
5937
5402
6974
11001
15222
17468
16581
13574
11011
10580
10310
10223
10154
9289
8295
6381
4671
3567
2956
2713
1675
821
-671
-2093
-3430
-4869
-4882
-5120
-5531
-6023
-6440
-5306
-3419
-2221
-3209
-4860
-6385
-6353
-3729
-434
2650
3259
2361
1896
1823
3318
5329
6210
5882
4277
2766
3346
5408
7548
8509
7191
5399
3096
1603
2033
2560
2556
2305
2358
1544
1520
1089
-1310
-4245
-5792
-3784
-2101
-3683
-6734
-9127
-8292
-6555
-5822
-6403
-7314
-6828
-6600
-5440
-5173
-7313
-11140
-14863
-14827
-10912
-5991
-5272
-9224
-13040
-12933
-7385
-1417
1807
1922
-30
-552
1838
6979
12506
16151
15540
12183
10137
11371
14374
15063
13297
10490
8449
8883
9635
9316
6927
3721
1519
-41
-425
-1432
-2565
-3064
-3496
-3500
-4324
-5699
-7671
-8691
-6893
-4146
-2386
-4091
-7830
-10460
-9553
-4479
981
3600
2067
-854
-1714
1072
5900
9129
8993
5815
3542
3836
5814
7904
8564
7515
5706
4623
3480
3262
4123
4157
3891
3947
3182
1636
1446
1638
504
-1464
-2720
-1697
-2163
-5289
-9339
-12091
-10897
-8117
-6015
-6067
-7917
-9659
-10713
-9356
-7500
-7244
-9204
-12321
-13358
-11364
-6750
-4196
-5633
-8275
-8961
-5590
-1427
1149
1546
171
-74
1604
5516
10039
12663
12603
10540
9658
11008
12524
12586
11489
9934
8431
8231
8602
8541
7165
5188
4236
3707
3053
1536
-589
-2232
-2499
-1937
-2433
-4043
-6412
-7641
-6318
-4154
-3224
-4622
-7444
-10256
-11430
-9181
-4479
-304
1564
761
-1050
-1116
1032
3721
5463
5959
6165
6297
6409
6990
7563
7672
7586
7732
8249
8172
7176
5366
3641
3658
4680
4609
4033
3156
689
-2635
-5062
-4479
-3598
-4932
-7317
-10060
-10325
-8493
-7164
-6847
-7737
-8505
-9182
-8122
-6440
-7138
-10035
-13781
-14863
-12948
-8841
-5530
-5776
-7028
-7663
-6374
-3886
-1850
185
1523
2795
4119
5673
8034
9980
10386
9366
8829
10235
11600
11159
9308
7739
6561
5289
5368
5106
4533
4311
3972
3744
2909
1538
-323
-2165
-2603
-1008
1383
1831
-734
-4878
-7000
-4952
-2115
-1451
-3348
-6714
-8947
-8507
-5411
-1880
-150
17
-1288
-1889
-369
2048
4302
5343
5764
6017
6382
6878
7521
7868
7464
7666
8307
8726
8634
7349
5717
4915
5219
5671
4427
3232
3307
2955
889
-2074
-3598
-4724
-7232
-10036
-11152
-9803
-7281
-6484
-7662
-9259
-10385
-10994
-10079
-8957
-9818
-11187
-12504
-12776
-11348
-8656
-6282
-6431
-7748
-8048
-5672
-1953
99
440
111
255
1809
5073
8733
11149
11193
9423
8104
8753
9762
9376
8177
6850
5960
5303
5205
5378
5484
5244
4043
2631
1336
833
583
-947
-2406
-2304
-1282
-565
-1390
-3276
-4954
-5009
-3746
-3493
-3929
-4547
-5393
-5287
-3899
-1976
-534
110
-10
294
1887
3767
4588
3829
2775
2465
3702
6210
8291
8991
8161
6703
6068
6720
7522
7560
6658
5142
3917
4140
4754
3885
3100
3187
2158
-1294
-4966
-5950
-5461
-5832
-7642
-9450
-9258
-8165
-7160
-6466
-7060
-7681
-8533
-8913
-8413
-8488
-8668
-9587
-10533
-10306
-8101
-5328
-4563
-4934
-4805
-2842
-923
-555
-448
360
2397
4808
7352
8873
9188
9024
8224
7990
8444
8765
7474
5326
4134
4016
4868
4848
3995
2575
568
-484
-522
329
1055
625
-1336
-4208
-5465
-4102
-1637
-303
-1241
-3648
-5088
-4404
-3288
-2494
-2264
-3164
-4346
-4323
-2366
7
1027
545
-554
-364
1837
4107
4844
4212
3415
3749
5150
6997
8534
9112
8460
7018
6316
6870
7318
6552
4766
2908
2932
4131
4311
2391
-1107
-2681
-1952
-1643
-3400
-5475
-6074
-6925
-8574
-9099
-7566
-5373
-4541
-4964
-5657
-6152
-6201
-6118
-5738
-6348
-7566
-7846
-7203
-5576
-3767
-2122
-1914
-3319
-4062
-2904
2
1659
1467
1328
1536
2590
4081
5619
6926
7312
7006
6538
5928
5200
4445
3673
3675
4291
3600
2092
994
1314
2822
3143
1900
-598
-2296
-2218
-1609
-698
-1273
-2835
-3585
-3946
-3724
-3290
-2873
-3273
-4014
-3660
-3723
-3641
-2887
-2559
-1812
-485
325
190
-53
58
934
2514
3389
3652
4025
4782
5258
5720
6658
7247
7380
7110
7038
7093
7007
6271
4994
4070
2562
1088
927
857
535
42
-1467
-3113
-3668
-3441
-4503
-5846
-4905
-3736
-3907
-4890
-5724
-5360
-4135
-3350
-3882
-4805
-5290
-5384
-3853
-1992
-2592
-4526
-5962
-5653
-3730
-1940
-741
-769
-2108
-2912
-1903
74
953
824
724
532
946
2016
2995
3761
3798
2940
1772
1373
1963
2408
2596
2657
2317
2039
1977
1772
1863
2561
3292
3373
1929
315
450
1075
1264
441
-1636
-2617
-1793
-774
-474
-992
-2100
-3175
-2706
-1286
-972
-1498
-2564
-3443
-2203
245
1489
1532
1146
649
1158
2375
3187
4171
4822
4584
4774
5496
6208
6704
6374
5352
4448
4173
3634
2170
744
-349
-1026
-1214
-1658
-2269
-2849
-3461
-4142
-4463
-3364
-1728
-1464
-3355
-4858
-3492
-1649
-1349
-2647
-3906
-3070
-1444
-575
-724
-1379
-2331
-2975
-1958
-783
-866
-1718
-2674
-3099
-2636
-1620
-1146
-1896
-3706
-4925
-4585
-3519
-2747
-2619
-2687
-2682
-1725
-316
485
803
643
829
1250
1832
2706
3430
3905
3650
3059
2691
2864
3659
4094
3695
2932
2511
2686
2992
3404
3656
3093
2295
1782
1424
1576
1792
1040
7
-379
-732
-785
98
472
-297
-1237
-2068
-2519
-1466
515
1297
1041
426
-142
190
910
1492
2071
2578
2691
2560
2504
2070
1605
1609
1435
962
688
364
-277
-980
-1675
-2119
-1934
-1599
-1870
-2089
-1927
-2007
-1824
-1295
-1192
-858
93
-119
-1240
-1376
-773
-131
261
-29
-587
-142
557
595
697
224
-692
-767
-882
-1900
-2668
-2827
-3163
-3759
-4402
-4844
-4945
-5526
-6430
-6215
-5624
-5645
-5645
-5002
-4028
-3089
-1932
-1284
-1284
-1372
-1144
-404
466
1515
2346
2542
2286
2145
2427
2828
3267
3676
4383
5196
5833
6550
6711
6237
5850
5976
6426
6645
6563
6242
5878
5753
5418
4390
3197
2290
2164
3114
3661
2768
1222
50
-336
-75
198
-409
-1676
-2572
-2829
-2886
-2980
-3064
-3221
-3330
-3354
-3643
-3720
-3074
-2452
-2170
-2064
-2063
-1679
-1356
-1685
-1938
-1751
-1372
-854
-572
-723
-936
-831
-150
746
1265
1203
1092
1564
2065
2235
2097
1199
-102
-793
-824
-664
-640
-1131
-1484
-1588
-2690
-3802
-3797
-3644
-3778
-4353
-4596
-4155
-4043
-4280
-4852
-5383
-5857
-6431
-6352
-6290
-6488
-6117
-5198
-4603
-4321
-3360
-2174
-904
621
1820
2733
3276
3414
3693
4746
6210
7018
7131
7091
7121
7319
7806
8313
8730
9116
8841
7751
7013
7308
8168
8921
8601
7376
6287
5657
5163
4168
3141
2521
1925
1406
749
236
193
-388
-1621
-2800
-3842
-4696
-5167
-4976
-4824
-5334
-5764
-6239
-6629
-6549
-6648
-6452
-5725
-5273
-5116
-4994
-5113
-5339
-4581
-3197
-2464
-1634
-595
-358
-344
-106
196
1014
1710
1264
786
1362
2403
3081
2885
1889
747
702
1241
1152
1208
710
-737
-1370
-1026
-286
491
318
-537
-905
-1118
-1496
-1557
-1779
-2655
-3326
-3281
-3452
-4058
-4578
-5048
-5252
-5256
-5164
-4729
-4576
-4855
-4472
-2958
-1366
-633
-151
592
1482
2390
3137
3850
4525
4896
4872
4909
5431
6253
6923
6976
6548
6335
6908
7763
7946
7666
7125
6778
7002
6894
6734
6631
5803
5010
4402
3735
3488
2957
1447
30
-347
-427
-505
-525
-1204
-1961
-2247
-3112
-4163
-4499
-5196
-6365
-6976
-7314
-7481
-7246
-7304
-7937
-8409
-8409
-7983
-6712
-5410
-5005
-4889
-4914
-4395
-2811
-1143
-105
59
220
909
1634
2269
2327
1981
1896
2160
2719
3163
3098
2639
2184
1700
1236
1425
2121
2504
2119
1196
533
335
-38
-522
-562
-420
-264
-234
-542
-1050
-1500
-1304
-685
-411
-940
-2053
-2593
-2498
-2385
-2395
-2623
-2866
-3089
-3134
-2621
-2018
-2072
-2230
-1658
-912
-450
-59
518
1373
2143
2792
3395
3977
4424
4412
4683
5353
5763
6175
6156
5757
5896
6360
6794
6831
6427
6112
5737
5279
4886
4536
4435
4046
3155
2344
1652
992
378
48
-229
-663
-861
-1758
-3181
-3687
-3909
-4236
-4631
-5785
-7035
-7473
-7771
-8407
-8923
-9377
-9851
-9689
-8984
-8406
-7812
-7145
-6548
-5696
-4742
-3886
-2927
-2091
-1456
-676
347
1209
1608
2021
2595
3180
3981
4398
4166
4154
4414
4577
4823
4911
4563
4331
4352
3925
3322
3231
3121
2740
2255
1509
1309
1778
1734
1390
1301
1071
988
1438
1558
1134
874
677
605
694
372
-90
-587
-1807
-3095
-3273
-2944
-3021
-3250
-3244
-3060
-3130
-3382
-3266
-2917
-2736
-2604
-2016
-1093
-511
-251
-15
395
1197
2260
3065
3241
3166
3228
3371
3801
4426
4710
4774
4749
4359
3984
3775
3485
3401
3108
2206
1641
1499
982
184
-479
-680
-514
-508
-913
-1765
-2714
-3363
-3704
-4025
-4460
-4627
-4778
-5013
-5176
-5790
-6282
-6238
-6428
-6487
-6000
-5840
-6113
-5923
-5366
-4573
-3499
-3027
-2814
-1932
-933
-124
914
1901
2405
2974
3909
4965
5894
6263
6267
6433
6687
6687
6605
6648
6456
6127
5963
5647
5348
5189
4536
3722
3154
2550
2111
1540
580
-407
-1265
-1697
-1763
-1946
-2470
-3153
-3463
-3255
-2989
-2941
-2915
-2858
-2850
-2500
-1832
-1483
-1440
-1458
-1461
-1227
-898
-721
-857
-1508
-2359
-2365
-1276
-578
-732
-1231
-1625
-1058
-341
-2
190
-220
-699
-923
-703
-46
363
661
663
412
638
1004
1142
1161
952
811
928
1070
1147
782
198
-191
-505
-458
-307
-145
-1
-391
-843
-1108
-1246
-1122
-743
-341
-129
230
176
-220
-302
-555
-585
-360
-480
-739
-812
-833
-1112
-903
-481
-575
-302
-186
-558
-241
279
480
794
933
832
1015
1453
1974
2652
3088
2975
2817
2880
3009
3409
3876
4017
4051
3979
3649
3338
3176
2975
2637
2172
1734
1339
962
499
-347
-954
-1019
-1216
-1498
-1869
-2600
-3084
-2972
-3039
-3421
-3462
-3404
-3432
-3572
-4040
-4186
-3851
-3734
-3799
-3826
-3869
-3663
-3193
-2809
-2588
-2539
-2503
-2094
-1353
-755
-343
-123
-264
-303
128
901
1415
1284
1049
1134
1492
1699
1762
1854
1695
1585
1664
1910
2213
2023
1568
1290
1205
1193
1151
1097
939
817
660
317
88
-89
-280
-333
-451
-618
-725
-992
-1202
-1128
-958
-789
-747
-601
-391
-173
192
205
148
392
864
1535
2003
2276
2124
2056
2444
2483
2762
3172
3055
3126
3388
3355
3388
3753
3716
3400
3325
2842
2386
2487
2100
1400
1124
626
213
422
110
-675
-1134
-1719
-2245
-2303
-2469
-2924
-2977
-2927
-3387
-3608
-3784
-4263
-4266
-4279
-4590
-4612
-4633
-4981
-5235
-5028
-4853
-4769
-4537
-4711
-4725
-4147
-3984
-4125
-4045
-3901
-3528
-2732
-2012
-1707
-1148
-495
-72
1008
2292
3022
3698
4107
4289
5000
5885
6364
6605
6720
6762
6962
7168
6998
6569
6070
5475
5049
4730
4391
4125
3556
2858
2276
1535
907
167
-927
-1797
-2442
-3118
-3764
-4297
-4706
-4960
-5116
-5476
-5806
-5825
-5747
-5545
-5260
-4920
-4401
-3815
-3303
-2983
-2629
-2005
-1497
-1190
-856
-462
165
975
1636
2141
2805
3498
4093
4827
5461
5912
6280
6295
6101
6010
6011
6028
5985
5798
5374
4855
4363
3877
3455
2952
2244
1542
1087
597
-148
-873
-1569
-2174
-2656
-3352
-4171
-4727
-5108
-5645
-6132
-6531
-6997
-7001
-6735
-6740
-6607
-6457
-6503
-6297
-5902
-5501
-5019
-4626
-4368
-3966
-3246
-2501
-1955
-1414
-960
-423
456
1148
1679
2205
2386
2694
3208
3575
4036
4272
4114
3950
3925
4077
4229
4281
4136
3785
3625
3436
3063
2928
2764
2424
2146
1758
1367
1232
1134
820
449
230
153
192
300
284
134
19
-152
-322
-223
-23
69
40
-157
-323
-275
-174
-68
56
125
173
144
29
-83
-171
-288
-452
-547
-552
-554
-629
-854
-1175
-1337
-1320
-1306
-1282
-1388
-1566
-1593
-1602
-1521
-1361
-1265
-1103
-883
-568
-200
26
27
-152
-187
11
348
643
606
420
289
329
528
714
824
759
623
469
337
389
513
516
337
111
-91
-147
1
-98
-380
-616
-956
-1194
-1267
-1348
-1421
-1310
-1290
-1550
-1564
-1547
-1621
-1484
-1556
-1698
-1496
-1272
-1263
-1260
-1301
-1387
-1088
-614
-220
302
681
746
869
1119
1381
1826
2228
2384
2580
2769
2823
2846
2817
2675
2554
2590
2710
2815
2817
2472
1867
1570
1527
1535
1635
1448
1053
727
399
81
-100
-95
-293
-506
-592
-880
-925
-924
-1146
-1258
-1367
-1518
-1752
-1827
-1794
-1786
-1595
-1744
-2113
-2282
-2404
-2273
-1944
-1666
-1606
-1649
-1590
-1492
-1153
-766
-659
-581
-438
-273
3
269
329
397
503
542
624
617
541
448
357
361
330
377
292
0
-164
-290
-294
-218
-278
-441
-585
-547
-465
-309
-133
-178
-130
40
238
625
1015
1192
1225
1226
1159
1143
1254
1287
1319
1387
1359
1289
1230
1140
1021
998
1010
1001
1065
1030
938
934
867
810
769
595
459
432
409
407
313
85
-172
-318
-320
-334
-338
-444
-736
-883
-940
-991
-879
-847
-948
-1049
-1209
-1401
-1455
-1399
-1249
-998
-893
-942
-1080
-1198
-1126
-958
-745
-645
-599
-444
-327
-189
-151
-332
-463
-491
-398
-176
-13
-32
-138
-198
-248
-221
-141
-152
-198
-226
-261
-302
-360
-494
-695
-799
-835
-928
-970
-1014
-1017
-827
-588
-388
-225
-32
185
415
711
896
1006
1203
1434
1745
2057
2145
2024
1945
2056
2303
2603
2725
2652
2630
2672
2742
2829
2807
2637
2419
2224
2098
2072
1967
1615
1110
612
242
24
-246
-673
-1169
-1576
-1806
-1954
-2169
-2499
-2862
-3166
-3367
-3417
-3374
-3340
-3405
-3569
-3621
-3440
-3148
-2936
-2886
-2821
-2532
-2102
-1743
-1543
-1432
-1246
-910
-567
-262
52
288
469
690
999
1363
1673
1819
1872
2119
2529
2786
2851
2781
2689
2805
3064
3184
3179
3085
2802
2561
2513
2399
2236
2013
1553
1161
905
511
53
-359
-801
-1220
-1492
-1804
-2168
-2387
-2651
-2903
-2923
-2881
-2849
-2770
-2705
-2648
-2455
-2202
-2006
-1702
-1377
-1154
-940
-756
-520
-176
160
397
517
610
702
843
1009
1059
1111
1156
1131
1153
1159
1086
1044
1017
969
1016
1106
1046
940
884
848
938
1055
992
874
869
854
867
945
859
742
705
588
535
523
434
324
177
51
-73
-220
-290
-378
-477
-505
-647
-865
-994
-1121
-1140
-1024
-1010
-1073
-1190
-1369
-1437
-1390
-1271
-1136
-1109
-1136
-1197
-1260
-1220
-1130
-1045
-980
-992
-1045
-1086
-1063
-975
-895
-807
-781
-744
-593
-452
-240
-14
134
365
611
920
1280
1494
1705
1875
2023
2330
2547
2688
2774
2676
2640
2617
2588
2607
2451
2299
2128
1870
1746
1476
1128
900
579
392
229
-141
-451
-844
-1229
-1385
-1571
-1700
-1834
-2122
-2276
-2373
-2394
-2246
-2230
-2223
-2181
-2215
-2078
-1892
-1767
-1537
-1389
-1253
-1036
-909
-743
-559
-433
-236
-55
127
344
480
615
736
841
1012
1109
1105
1106
1084
1112
1196
1218
1249
1280
1204
1088
946
823
804
797
742
674
591
498
365
161
-54
-229
-372
-524
-713
-917
-1110
-1244
-1335
-1429
-1515
-1618
-1736
-1779
-1736
-1581
-1332
-1114
-934
-771
-605
-387
-206
-74
102
348
715
1078
1301
1379
1308
1274
1367
1510
1697
1794
1743
1665
1532
1421
1392
1316
1235
1155
1062
1046
998
850
675
512
447
504
531
448
306
132
-39
-165
-284
-416
-500
-595
-754
-914
-1100
-1279
-1386
-1483
-1524
-1488
-1468
-1474
-1473
-1465
-1434
-1325
-1237
-1147
-980
-857
-703
-488
-338
-170
-50
-33
56
188
352
547
656
727
768
784
794
795
833
877
934
974
966
967
904
802
685
551
516
465
384
320
204
113
-50
-268
-420
-538
-566
-614
-668
-657
-734
-792
-886
-1031
-1018
-1052
-1061
-991
-1022
-966
-947
-1001
-919
-862
-806
-709
-668
-525
-297
-132
38
177
254
370
436
496
645
727
830
911
905
1027
1045
1021
1052
947
996
1026
933
955
837
778
795
680
674
560
384
325
228
276
311
187
47
-152
-247
-205
-194
-205
-269
-383
-389
-324
-305
-287
-396
-541
-493
-380
-185
-48
-156
-248
-298
-234
6
156
223
210
142
224
360
482
555
493
480
567
689
828
829
736
672
641
695
745
674
508
294
126
57
-20
-177
-423
-706
-914
-1022
-1126
-1243
-1411
-1614
-1715
-1770
-1772
-1745
-1817
-1852
-1855
-1814
-1655
-1578
-1537
-1499
-1471
-1309
-1122
-944
-795
-728
-626
-468
-250
-1
216
374
512
688
890
1128
1326
1458
1568
1637
1733
1835
1889
1928
1922
1895
1879
1844
1803
1731
1615
1498
1411
1330
1247
1138
938
739
550
365
243
80
-91
-268
-479
-631
-771
-872
-979
-1133
-1250
-1376
-1390
-1305
-1242
-1188
-1240
-1311
-1242
-1093
-858
-644
-589
-563
-489
-328
-37
177
255
283
285
438
682
876
1004
976
952
1028
1126
1265
1281
1190
1117
1039
1066
1098
1031
913
682
490
367
225
133
-35
-234
-390
-592
-742
-886
-1077
-1187
-1292
-1389
-1407
-1505
-1565
-1546
-1551
-1472
-1442
-1471
-1416
-1395
-1299
-1115
-1016
-900
-858
-876
-790
-694
-552
-387
-317
-230
-149
-86
39
127
232
368
465
629
794
953
1132
1219
1298
1360
1410
1548
1659
1750
1822
1804
1801
1792
1745
1696
1568
1430
1345
1263
1232
1131
921
654
334
102
-56
-222
-366
-575
-761
-888
-1055
-1202
-1424
-1664
-1772
-1817
-1730
-1592
-1544
-1498
-1549
-1588
-1511
-1445
-1273
-1062
-838
-539
-351
-208
-107
-65
78
243
450
718
923
1122
1245
1268
1262
1190
1141
1163
1224
1340
1400
1337
1211
1024
868
746
612
530
451
382
323
203
69
-97
-312
-522
-722
-892
-994
-1108
-1233
-1308
-1404
-1466
-1549
-1708
-1769
-1835
-1835
-1720
-1628
-1422
-1257
-1168
-1034
-983
-829
-631
-425
-78
236
573
856
1018
1173
1279
1415
1575
1771
1997
2195
2320
2316
2281
2152
2019
1902
1736
1702
1596
1500
1366
1081
882
554
295
100
-123
-197
-370
-494
-657
-890
-1055
-1312
-1442
-1547
-1603
-1558
-1628
-1623
-1676
-1741
-1716
-1742
-1672
-1584
-1474
-1311
-1175
-1031
-919
-839
-778
-685
-563
-417
-230
-85
72
179
229
317
340
397
478
513
621
673
714
780
745
767
753
715
761
757
814
867
846
857
827
799
796
775
769
751
719
694
653
582
501
396
289
216
126
63
-10
-117
-179
-269
-277
-234
-223
-159
-131
-84
-13
25
121
225
318
444
523
568
604
545
499
482
435
454
423
338
290
158
44
-72
-268
-388
-531
-694
-779
-932
-1070
-1183
-1378
-1474
-1558
-1650
-1650
-1722
-1731
-1682
-1696
-1614
-1565
-1544
-1422
-1353
-1224
-1050
-954
-800
-691
-613
-448
-349
-218
-39
72
252
395
501
677
777
909
1061
1151
1325
1451
1575
1743
1814
1934
2021
2053
2131
2121
2141
2169
2124
2123
2051
1944
1854
1678
1505
1309
1065
864
624
389
192
-42
-246
-462
-708
-905
-1118
-1304
-1427
-1561
-1621
-1675
-1744
-1757
-1832
-1880
-1896
-1925
-1855
-1781
-1681
-1537
-1458
-1352
-1262
-1201
-1061
-939
-765
-539
-351
-120
59
190
337
414
548
701
851
1071
1211
1320
1406
1383
1372
1319
1241
1216
1149
1118
1116
1043
975
836
621
450
278
170
136
76
23
-56
-195
-319
-472
-636
-750
-865
-907
-895
-911
-910
-974
-1082
-1136
-1197
-1179
-1092
-1033
-911
-782
-670
-496
-404
-359
-308
-314
-210
-46
118
347
491
582
679
675
691
695
643
682
728
813
957
1007
1017
951
811
716
605
538
536
528
571
600
591
554
442
306
179
106
120
180
233
232
173
60
-72
-223
-338
-384
-419
-443
-477
-518
-541
-591
-693
-797
-874
-893
-838
-775
-693
-607
-601
-599
-603
-559
-420
-310
-208
-113
-20
117
216
290
362
410
444
486
535
611
680
696
688
677
668
653
583
491
431
381
349
281
204
160
85
-13
-122
-223
-272
-335
-423
-518
-594
-611
-642
-691
-748
-805
-821
-840
-848
-819
-785
-751
-754
-756
-698
-610
-522
-466
-432
-356
-263
-160
-20
102
210
291
324
410
508
609
712
747
790
830
847
881
908
934
958
952
930
916
871
836
789
704
653
581
528
513
446
404
327
204
128
27
-44
-95
-173
-197
-217
-250
-277
-333
-397
-439
-472
-479
-451
-454
-427
-392
-384
-333
-335
-340
-326
-350
-308
-281
-272
-239
-265
-274
-291
-322
-314
-344
-365
-385
-414
-404
-405
-382
-370
-378
-365
-370
-352
-321
-298
-252
-223
-185
-137
-85
-23
30
73
110
155
198
276
363
423
496
511
515
531
518
549
551
549
568
542
552
536
487
451
378
308
250
189
145
103
45
-5
-52
-117
-146
-192
-243
-269
-348
-389
-426
-477
-470
-509
-548
-566
-617
-609
-605
-617
-579
-583
-574
-532
-521
-463
-392
-353
-248
-175
-102
34
96
214
328
382
514
568
637
751
773
866
917
918
997
988
1009
1067
1017
1033
992
909
925
837
780
755
627
577
493
367
352
242
143
88
-85
-151
-217
-337
-348
-466
-564
-603
-729
-712
-711
-743
-679
-741
-767
-742
-794
-721
-680
-690
-636
-692
-715
-696
-723
-686
-690
-723
-725
-754
-775
-764
-761
-772
-735
-726
-711
-642
-632
-550
-472
-450
-341
-304
-237
-109
-53
61
138
174
257
294
356
435
502
553
586
606
601
637
655
708
772
758
793
765
754
792
783
853
852
830
831
765
760
733
698
679
613
554
478
412
359
334
312
225
166
85
32
39
3
28
2
-40
-35
-65
-37
-18
-6
17
-16
-27
-43
-46
-26
-23
-11
-44
-68
-124
-166
-183
-245
-252
-292
-310
-319
-373
-384
-453
-504
-545
-573
-552
-562
-507
-494
-488
-462
-486
-426
-419
-389
-303
-288
-221
-203
-194
-165
-182
-153
-147
-150
-157
-188
-199
-208
-201
-195
-208
-230
-262
-266
-261
-238
-188
-174
-139
-125
-105
-24
-10
39
62
36
101
105
184
274
274
336
285
253
268
229
275
277
275
289
242
246
229
211
210
167
149
116
110
134
141
154
126
95
60
51
66
84
142
163
198
223
233
287
306
358
389
401
469
484
536
585
585
623
604
590
603
571
580
574
539
535
480
428
400
329
306
264
196
162
78
30
-19
-101
-145
-241
-317
-388
-476
-528
-620
-676
-748
-822
-860
-940
-980
-1016
-1042
-1043
-1061
-1037
-1037
-1027
-1013
-1011
-950
-918
-864
-813
-781
-714
-697
-638
-578
-531
-438
-379
-282
-205
-112
-3
78
201
275
388
464
529
651
679
778
840
874
969
956
1014
1027
1006
1041
992
1015
981
949
923
849
827
715
696
614
537
521
378
392
284
220
224
74
109
-9
-83
-81
-230
-206
-282
-335
-319
-427
-434
-499
-567
-568
-640
-655
-664
-690
-659
-661
-666
-651
-661
-642
-615
-602
-555
-522
-469
-418
-370
-299
-262
-207
-185
-156
-100
-78
-1
41
81
140
132
167
167
151
168
154
186
214
237
256
244
246
234
229
242
262
310
348
369
382
356
358
387
413
461
447
445
443
434
482
484
504
478
390
354
316
372
428
418
380
235
150
108
125
232
260
271
201
93
48
-18
-2
25
8
-1
-88
-157
-210
-290
-326
-426
-525
-601
-693
-689
-691
-698
-711
-811
-879
-967
-1007
-965
-937
-851
-814
-791
-754
-765
-713
-703
-675
-599
-575
-488
-420
-342
-237
-218
-210
-246
-301
-265
-200
-74
52
90
109
78
79
139
204
331
430
521
626
684
778
825
844
899
927
1008
1090
1152
1199
1161
1114
1042
978
964
954
982
994
968
904
762
610
453
358
371
411
473
457
357
207
-1
-158
-254
-256
-192
-156
-121
-182
-306
-447
-638
-720
-757
-731
-609
-560
-495
-536
-675
-752
-860
-829
-725
-630
-454
-398
-393
-434
-557
-588
-605
-562
-423
-316
-227
-214
-264
-322
-369
-388
-365
-271
-191
-92
-21
-29
-13
-91
-129
-97
-119
-12
24
50
143
65
48
-18
-130
-72
-107
-64
44
12
71
19
-104
-102
-170
-135
5
66
183
257
205
216
183
116
193
227
311
456
445
460
438
332
326
301
296
406
424
435
490
384
357
357
315
445
460
477
538
443
435
388
315
355
328
297
270
161
67
-10
-104
-127
-141
-172
-167
-206
-234
-264
-319
-312
-315
-300
-244
-201
-150
-113
-108
-123
-123
-122
-115
-79
-57
-26
-9
-22
-29
-57
-81
-97
-110
-110
-112
-100
-104
-121
-126
-131
-142
-147
-146
-143
-142
-137
-142
-152
-152
-165
-176
-174
-184
-187
-177
-196
-207
-209
-245
-249
-244
-249
-213
-217
-222
-218
-254
-241
-257
-248
-196
-193
-119
-82
-78
-19
-13
8
49
79
139
202
263
303
356
378
377
411
392
429
467
484
554
547
580
581
539
557
490
480
500
487
533
531
518
512
470
409
362
320
289
311
304
323
302
223
199
82
33
12
-81
-32
-79
-130
-136
-289
-330
-427
-532
-515
-608
-585
-600
-687
-649
-751
-766
-765
-833
-746
-786
-760
-689
-729
-613
-611
-595
-485
-521
-417
-370
-369
-211
-187
-73
51
43
168
198
211
323
328
411
494
462
508
499
461
505
453
422
428
346
346
315
234
236
134
64
60
-29
2
-13
-82
-48
-131
-139
-116
-178
-114
-144
-162
-85
-124
-59
-31
-98
-57
-133
-137
-73
-127
-81
-116
-182
-142
-188
-160
-114
-158
-139
-155
-150
-55
-4
45
83
56
79
150
202
311
373
370
417
410
446
508
484
505
470
429
453
402
394
359
270
229
138
76
43
-20
-57
-120
-169
-197
-242
-247
-273
-266
-255
-289
-268
-294
-290
-225
-229
-160
-118
-132
-74
-109
-118
-92
-136
-92
-82
-100
-58
-91
-102
-110
-158
-155
-171
-178
-147
-150
-124
-105
-125
-105
-117
-116
-86
-80
-30
5
14
31
8
4
-7
-39
-16
-19
0
35
33
53
36
10
0
-35
-35
-26
-10
27
32
41
24
-7
-20
-59
-48
-19
9
72
89
108
117
112
143
153
178
221
238
287
325
349
368
344
329
310
291
312
315
318
310
274
257
217
191
155
109
94
38
10
-19
-64
-68
-138
-173
-208
-274
-270
-309
-333
-353
-411
-411
-442
-466
-469
-514
-521
-535
-531
-488
-461
-421
-406
-371
-308
-234
-126
-50
16
79
110
193
254
309
368
342
339
331
316
358
345
327
294
223
226
206
196
200
136
112
68
51
83
66
70
37
0
2
-18
8
10
-11
-22
-60
-69
-76
-85
-86
-120
-150
-186
-201
-192
-193
-183
-189
-194
-179
-168
-130
-96
-58
-19
-3
35
75
118
165
174
186
193
196
211
202
173
157
123
84
51
-5
-21
-38
-71
-74
-91
-85
-91
-120
-128
-139
-122
-106
-91
-53
-19
7
-2
-20
-29
-21
-3
4
29
41
60
79
71
83
74
59
54
21
50
84
122
163
135
138
108
60
53
27
74
98
88
101
64
55
25
-30
-32
-47
-32
-18
-37
-12
-21
-39
-42
-79
-60
-43
-51
-29
-43
-34
-21
-39
-33
-58
-87
-93
-120
-102
-79
-65
-42
-51
-60
-63
-68
-74
-67
-55
-51
-22
-5
14
25
-3
-9
-29
-37
-8
-13
6
22
-2
7
3
-10
6
-14
-14
2
-13
11
29
20
48
29
23
46
28
59
57
32
45
28
49
71
59
79
57
32
40
14
29
36
23
51
42
45
47
14
20
0
-18
-2
-7
10
19
-5
-17
-49
-73
-75
-82
-61
-35
-37
-50
-77
-107
-111
-126
-120
-87
-83
-56
-50
-64
-54
-80
-78
-43
-35
16
33
30
70
54
74
92
62
98
125
157
203
174
166
162
131
131
102
106
164
155
147
116
78
92
52
6
-7
8
63
58
17
-14
-40
-50
-96
-132
-121
-93
-70
-115
-153
-135
-135
-136
-179
-205
-163
-148
-144
-149
-157
-114
-104
-132
-134
-124
-74
-24
-18
26
68
78
86
52
53
89
104
130
136
147
164
143
111
84
57
42
30
17
7
-2
-36
-86
-118
-158
-173
-171
-173
-156
-168
-178
-168
-193
-182
-179
-182
-120
-106
-96
-69
-69
-13
-11
-37
15
18
53
99
77
139
164
139
161
131
163
214
195
235
229
218
235
174
181
206
202
226
183
171
200
172
176
166
161
203
170
122
116
87
89
69
14
28
16
-19
-25
-74
-64
-47
-97
-96
-122
-136
-98
-116
-102
-89
-103
-90
-119
-122
-102
-113
-95
-99
-110
-98
-114
-108
-107
-104
-88
-96
-89
-93
-95
-82
-93
-95
-90
-85
-69
-69
-70
-48
-47
-38
-27
-34
-10
-11
-23
-7
-18
-13
1
-16
-1
-3
-16
21
18
28
44
14
24
18
13
44
36
54
67
44
59
37
15
31
12
36
42
34
63
48
57
51
36
63
66
82
93
86
98
93
97
97
89
87
88
101
92
103
102
91
102
70
75
71
45
76
50
52
66
26
51
36
20
32
-14
-8
-6
-30
-17
-37
-39
-36
-60
-76
-98
-118
-142
-150
-160
-163
-152
-171
-167
-172
-194
-186
-208
-202
-184
-195
-168
-175
-182
-176
-196
-178
-176
-159
-129
-130
-113
-116
-109
-102
-97
-65
-61
-19
2
18
51
35
72
71
79
122
109
154
166
167
197
183
202
195
193
210
199
224
222
213
204
182
171
133
128
111
94
98
71
68
42
17
13
-26
-17
-39
-56
-43
-78
-54
-61
-68
-45
-87
-65
-77
-88
-50
-71
-29
-17
-24
0
-24
-5
-15
-17
9
-4
27
13
0
2
-39
-38
-54
-62
-43
-65
-64
-75
-102
-106
-127
-132
-120
-118
-99
-72
-67
-45
-40
-51
-24
-20
1
26
26
54
54
51
52
41
61
59
70
79
56
66
49
38
44
19
34
35
33
49
32
39
33
22
34
32
48
63
51
68
60
40
53
37
56
80
72
88
54
39
38
8
33
24
35
48
11
14
-28
-43
-36
-57
-28
-41
-54
-60
-102
-108
-111
-107
-87
-80
-87
-108
-119
-131
-120
-97
-83
-59
-69
-83
-86
-110
-100
-78
-67
-36
-27
-29
-16
-39
-30
-2
9
46
53
63
83
68
83
84
91
127
129
141
139
118
124
114
108
111
102
101
92
76
66
52
41
36
15
11
11
1
5
-6
-1
8
-8
1
-5
-13
2
-11
0
12
-1
13
-8
-22
-18
-38
-32
-39
-52
-48
-71
-73
-82
-107
-104
-111
-107
-99
-108
-91
-93
-98
-81
-89
-76
-69
-61
-37
-39
-9
5
3
15
8
22
36
47
70
75
81
76
71
77
85
95
95
98
88
64
55
30
11
2
0
8
-2
-2
-8
-26
-31
-42
-26
-13
-13
15
15
27
44
33
51
44
50
66
58
81
65
41
26
-14
-18
-44
-62
-51
-78
-74
-84
-116
-102
-123
-129
-128
-137
-100
-87
-63
-26
-17
17
17
11
27
22
34
35
38
53
44
47
43
35
40
36
43
57
59
71
67
60
55
41
49
52
65
84
82
93
84
60
45
11
-2
-6
-13
-1
-6
-7
-7
-37
-48
-62
-77
-59
-64
-67
-56
-69
-71
-65
-69
-58
-53
-41
-18
-16
-9
-8
-12
2
0
-1
14
15
24
26
15
11
0
1
1
-3
6
-1
-4
-2
-8
-8
-10
-15
-13
-7
-7
-7
-12
-13
-7
-11
0
13
17
30
27
27
34
28
35
41
33
31
27
18
15
4
-2
1
-5
13
13
7
11
-15
-11
-13
-23
-2
-13
-14
-9
-14
-4
-9
-7
-9
-20
-21
-22
-10
-1
-5
1
-2
-3
0
-10
-6
-2
-5
-1
-3
-1
-4
-7
-13
-16
-6
-2
1
-14
-23
-30
-34
-8
3
14
26
10
12
0
7
36
39
64
81
85
87
67
60
43
38
60
62
75
71
36
13
-16
-27
-14
-19
-11
-27
-50
-49
-68
-76
-84
-94
-85
-86
-71
-50
-50
-58
-68
-85
-82
-69
-66
-44
-36
-31
-14
-15
-4
7
5
15
27
45
70
78
74
68
65
67
74
74
64
50
26
15
14
8
-4
-24
-38
-34
-34
-38
-35
-55
-53
-56
-58
-16
-23
-21
-14
-43
-17
-23
-17
13
-12
-4
-17
-31
-6
-9
15
23
7
36
44
54
74
73
102
122
153
192
199
214
204
205
228
228
260
268
259
251
212
222
194
150
134
85
75
37
-10
-36
-101
-126
-166
-206
-230
-285
-298
-322
-343
-332
-353
-351
-360
-374
-357
-352
-323
-303
-285
-254
-238
-195
-172
-159
-128
-118
-79
-39
-1
31
36
42
46
61
90
112
113
112
109
107
119
129
132
131
122
125
135
161
186
189
193
199
222
254
268
272
271
279
284
285
287
269
235
199
162
137
104
55
2
-54
-94
-119
-154
-175
-198
-231
-248
-256
-235
-214
-221
-218
-211
-199
-177
-165
-153
-140
-136
-120
-111
-100
-64
-58
-55
-41
-33
4
19
20
38
40
68
89
88
108
112
123
142
140
160
172
157
161
151
146
163
141
122
109
79
81
58
20
14
-25
-51
-64
-91
-78
-87
-114
-120
-141
-124
-106
-123
-105
-104
-106
-74
-89
-64
-34
-67
-59
-66
-55
-17
-38
-45
-38
-49
-28
-33
-53
-27
-34
-38
-22
-27
7
11
-6
16
17
29
45
30
43
57
45
39
19
12
36
15
-2
4
0
23
11
-18
-4
-2
9
15
0
27
49
43
44
40
57
69
33
5
4
26
51
38
34
49
55
64
52
40
54
49
50
57
55
66
55
25
9
-2
1
10
6
4
-9
-17
-30
-52
-60
-63
-56
-41
-41
-37
-34
-44
-47
-52
-47
-37
-35
-32
-25
-25
-25
-34
-43
-31
-36
-42
-42
-44
-20
-9
-11
-4
-8
-10
-10
-9
1
20
38
46
48
53
57
49
24
6
11
20
27
21
7
9
0
-21
-37
-51
-42
-30
-27
-23
-21
-22
-27
-41
-52
-44
-30
-8
10
14
28
33
32
30
26
27
21
12
21
34
33
35
26
16
17
12
10
7
1
12
19
16
13
5
5
-5
-20
-9
-7
-5
-3
-13
-9
-9
-17
-19
-21
-7
12
14
17
16
12
16
-1
-1
2
-2
13
7
4
11
-9
-20
-30
-31
-18
-23
-20
-14
-14
-3
-11
-18
-13
-21
-16
-16
-16
3
1
3
10
1
12
15
4
11
14
21
30
19
23
27
19
16
6
-4
6
7
6
14
11
14
14
3
3
4
11
16
16
18
21
26
24
15
14
6
0
0
-13
-3
-2
-9
-7
-24
-26
-27
-30
-15
-15
-13
-3
-17
-22
-34
-47
-39
-46
-40
-31
-29
-16
-17
-26
-19
-23
-26
-24
-30
-19
-22
-27
-20
-16
-4
-11
-28
-30
-22
-13
-10
-4
2
11
11
5
14
28
37
45
40
38
42
37
35
31
40
47
44
43
34
33
48
49
44
46
32
32
28
21
33
30
31
29
12
20
12
-3
3
-18
-10
-8
-27
-14
-32
-29
-20
-31
-10
-19
-22
-9
-20
-13
-20
-28
-25
-23
-15
-12
-5
-11
-14
-9
-13
-8
-10
-9
-8
-10
-11
-18
-10
-8
-12
-15
-21
-13
-16
-15
-4
-11
-6
-5
-14
-14
-18
-7
-11
-15
-16
-25
-15
-14
-8
-4
-10
-8
-7
-8
-3
2
-3
8
16
20
24
2
5
4
1
17
13
32
38
27
31
10
17
25
17
27
21
27
24
11
16
9
9
15
6
12
13
6
4
-8
-7
1
-2
1
-2
7
1
-6
-3
-12
-4
-5
-12
-6
-6
-3
-6
-17
-2
0
6
12
3
18
14
8
9
-4
5
7
4
3
-3
4
1
-9
-9
-2
7
5
-2
-5
-6
-9
-11
-16
-24
-13
-11
-13
-13
-23
-21
-23
-23
-16
-14
-10
-17
-17
-13
-12
-10
-18
-22
-16
-6
3
5
1
-3
-3
2
4
3
11
17
15
18
13
7
2
-5
-2
6
13
16
17
12
17
22
19
24
20
25
29
22
22
12
5
8
6
6
2
-9
-12
-16
-13
-7
-9
0
-2
-2
-1
-4
-2
-5
-15
-6
-6
-10
2
-11
-9
-4
-13
2
-1
2
20
19
22
15
5
3
-7
-3
0
0
6
-2
-13
-22
-23
-11
-4
4
1
-9
-17
-25
-27
-31
-27
-17
-13
-15
-19
-29
-38
-34
-25
-7
5
14
17
10
13
8
16
31
26
31
27
14
18
7
14
24
14
20
11
7
11
-2
-5
-6
-6
1
-3
-9
-14
-25
-20
-14
-17
3
10
10
18
3
1
3
-6
11
11
8
16
-1
10
13
2
18
12
17
27
3
7
-1
-9
-4
-16
-11
-15
-23
-19
-23
-21
-19
-11
-19
-15
-8
-19
-4
-6
2
24
14
25
24
22
45
38
43
44
36
46
41
33
37
33
33
31
19
17
3
0
12
7
11
5
-11
-3
-22
-22
-12
-32
-19
-31
-39
-29
-50
-40
-57
-72
-54
-81
-80
-83
-95
-73
-95
-91
-83
-107
-74
-82
-82
-50
-65
-34
-35
-43
-9
-19
-4
13
11
42
50
70
93
80
86
76
79
104
107
124
131
128
125
115
108
108
120
134
138
139
124
109
86
63
56
42
44
38
17
-5
-41
-66
-99
-121
-119
-132
-130
-139
-171
-172
-188
-194
-169
-174
-145
-109
-106
-69
-50
