-191
-171
-156
-138
-119
-96
-76
-43
-13
5
30
54
79
97
109
132
149
159
170
174
172
170
162
162
159
156
156
150
148
145
140
131
118
111
109
108
101
102
97
91
89
81
82
73
60
52
47
41
36
36
34
25
16
3
-8
-17
-26
-37
-48
-55
-60
-60
-61
-56
-48
-38
-30
-27
-18
-7
1
1
-2
-6
-14
-25
-34
-52
-71
-90
-110
-135
-160
-174
-190
-204
-207
-213
-211
-204
-197
-185
-170
-151
-135
-117
-95
-75
-52
-31
-10
8
23
35
52
71
84
95
104
114
128
141
150
159
160
162
167
176
178
182
182
178
184
182
179
175
165
163
162
157
153
147
137
128
114
99
79
66
59
42
26
14
5
1
-5
-14
-24
-42
-63
-83
-96
-107
-118
-129
-142
-154
-161
-172
-182
-196
-211
-213
-218
-220
-222
-231
-232
-237
-250
-249
-245
-246
-242
-240
-237
-233
-231
-217
-199
-179
-156
-137
-109
-85
-68
-50
-24
3
34
63
90
116
137
160
189
216
240
256
277
294
303
323
336
352
362
364
369
363
353
346
332
311
294
273
255
228
198
173
144
114
82
56
24
-4
-31
-61
-86
-106
-120
-134
-143
-152
-165
-174
-181
-183
-180
-186
-190
-188
-185
-181
-172
-163
-154
-147
-138
-133
-132
-131
-125
-126
-129
-128
-135
-134
-133
-138
-141
-148
-148
-147
-142
-138
-137
-139
-126
-112
-97
-77
-63
-45
-27
-8
11
30
56
77
96
113
121
134
146
148
158
165
172
171
162
161
156
149
145
139
136
139
139
136
127
118
112
104
99
88
80
73
62
54
41
36
26
14
5
-5
-15
-28
-41
-54
-67
-72
-74
-70
-69
-69
-67
-57
-52
-47
-37
-23
-12
0
14
19
27
36
33
30
20
2
-11
-30
-52
-69
-89
-107
-124
-142
-145
-145
-148
-147
-145
-137
-124
-114
-93
-71
-48
-26
-11
14
35
54
67
69
80
82
84
91
91
94
90
85
71
60
57
49
37
24
22
22
18
14
11
9
8
8
14
24
29
33
35
32
37
39
46
54
59
68
69
67
67
65
56
46
37
22
14
-2
-14
-26
-40
-44
-55
-61
-68
-82
-84
-89
-95
-102
-107
-98
-98
-92
-81
-69
-57
-53
-44
-35
-34
-28
-22
-16
-3
-1
2
4
2
11
9
7
7
2
0
1
-5
-6
-2
-1
5
8
13
21
21
23
29
31
35
39
42
53
52
56
68
75
86
89
89
89
83
80
74
73
70
61
57
49
44
36
28
25
17
11
5
-2
-8
-14
-22
-33
-46
-62
-80
-93
-109
-122
-134
-144
-144
-144
-133
-124
-120
-104
-86
-72
-54
-34
-18
-3
15
33
48
63
67
71
72
70
71
65
54
44
34
23
17
13
9
1
-4
-6
-4
0
-6
-8
-7
-1
7
5
9
17
26
29
26
31
35
33
27
17
19
14
2
3
5
8
10
11
14
14
9
13
15
16
21
18
14
20
15
15
8
-8
-10
-21
-28
-33
-36
-36
-37
-40
-46
-44
-39
-34
-32
-29
-25
-25
-24
-23
-23
-23
-21
-17
-13
-11
-5
1
8
6
2
2
2
3
6
9
12
22
28
31
37
35
36
33
30
31
30
31
29
24
14
3
-4
-10
-16
-23
-30
-33
-39
-42
-37
-31
-26
-19
-13
-12
-9
-6
-4
1
7
11
14
22
31
41
48
50
52
51
47
45
42
35
22
9
-1
-6
-12
-15
-17
-20
-25
-29
-29
-29
-24
-19
-19
-16
-12
-3
2
4
2
-2
-7
-10
-12
-18
-17
-18
-15
-14
-21
-18
-25
-23
-18
-20
-16
-23
-18
-10
-8
-9
-14
-11
-13
-15
-12
-14
-12
-13
-10
-13
-14
-6
-2
9
17
24
34
33
42
45
44
49
46
46
46
43
43
41
38
33
26
20
10
6
3
1
-4
-7
-10
-13
-12
-13
-12
-13
-11
-13
-13
-6
-3
-2
-7
-11
-11
-11
-12
-11
-11
-9
-7
-2
1
-1
6
14
14
10
7
9
6
3
-5
-9
-10
-17
-22
-30
-36
-38
-42
-40
-44
-44
-44
-48
-49
-49
-43
-36
-33
-27
-20
-7
5
9
11
15
16
12
15
19
23
29
28
30
30
33
42
49
50
51
51
48
48
48
49
47
40
43
50
54
53
46
51
51
48
43
33
25
13
5
2
0
-6
-13
-18
-23
-24
-24
-31
-37
-38
-37
-37
-39
-42
-44
-50
-55
-55
-56
-62
-68
-72
-76
-81
-80
-86
-87
-84
-80
-71
-71
-69
-63
-60
-50
-36
-24
-10
0
0
6
9
16
27
30
36
42
46
51
56
58
61
68
75
82
87
88
82
77
76
76
75
73
66
61
57
53
36
24
17
8
6
0
0
2
-3
-12
-21
-24
-33
-40
-42
-42
-33
-26
-16
-5
-10
-10
-6
-3
7
13
19
15
5
-7
-17
-20
-16
-11
-7
-10
-17
-20
-24
-28
-27
-19
-9
-7
-5
-14
-22
-22
-25
-22
-16
-6
0
-9
-18
-29
-33
-33
-33
-18
-2
5
-2
-9
-7
-8
-4
2
11
18
16
10
-3
-8
-15
-14
0
15
25
22
11
4
-2
1
8
12
21
29
30
22
21
25
26
25
27
32
32
32
28
24
22
21
27
35
37
39
33
15
8
-4
-2
6
4
2
-7
-19
-26
-24
-22
-29
-36
-40
-32
-25
-32
-36
-37
-37
-29
-26
-18
-10
-16
-29
-38
-36
-36
-37
-29
-10
5
3
-9
-15
-7
1
-2
-1
9
13
3
-9
-2
3
7
0
0
12
13
12
8
2
4
6
4
6
12
16
21
18
13
23
26
21
26
35
47
44
38
47
57
59
54
52
46
37
24
13
4
-3
-12
-25
-28
-24
-25
-29
-36
-44
-44
-46
-58
-62
-59
-50
-44
-47
-31
-24
-21
-14
-11
8
6
0
11
18
28
21
27
36
24
14
3
9
11
-9
-10
-10
-5
-16
-27
-16
-28
-37
-51
-51
-31
-29
-27
-25
-19
-13
-19
-8
10
12
17
24
33
42
38
43
44
43
54
57
61
63
48
50
42
32
41
40
31
8
10
16
5
-1
-2
5
-4
-24
-32
-22
-12
-30
-37
-18
-9
-17
-33
-31
-16
-16
-28
-37
-26
-23
-37
-50
-43
-19
-16
-28
-37
-20
-4
-33
-50
-16
22
9
-20
-2
37
33
7
23
66
86
59
40
60
76
53
29
45
67
55
29
17
8
-13
-28
-32
-29
-41
-44
-52
-80
-111
-114
-77
-46
-45
-54
-41
-29
-62
-90
-72
-36
-1
12
19
37
47
25
2
13
25
47
78
73
64
66
42
11
15
26
19
27
41
30
3
-37
-67
-22
7
-26
-11
45
64
14
-35
-20
29
48
1
23
112
83
13
11
17
15
17
29
46
54
22
10
35
-39
-111
-9
71
-8
-56
14
45
-39
-121
-86
57
70
-47
-23
72
18
-94
-77
-2
25
1
-41
-15
16
-74
-130
-82
-66
-73
-61
-50
-59
-78
-94
-112
-94
-71
-59
-4
-21
-53
-24
-34
-45
-63
-22
66
86
77
54
101
146
82
79
152
204
168
110
129
123
72
45
86
116
60
45
91
79
-75
-128
20
-12
-155
-131
-10
10
-132
-131
-67
-32
-47
-128
-19
33
10
-12
-37
10
10
62
64
16
128
133
87
12
-47
52
-20
-125
-90
-3
63
-81
-99
34
-4
-59
-130
-57
3
-109
-106
-139
-40
27
-162
-109
73
119
-31
-74
158
130
-46
-105
13
170
2
-86
111
241
130
-55
30
92
18
-60
-113
34
85
-16
-98
-40
54
-75
-106
-71
15
127
11
-46
4
3
-70
-120
-46
-15
71
139
-1
-4
36
-60
-88
-94
-47
84
127
104
44
54
28
-63
2
-12
77
237
70
9
66
-49
-129
-56
54
6
100
141
-134
-53
-44
-178
-83
-42
73
89
22
-137
-137
116
-128
-179
118
201
102
-147
-40
65
-33
-172
-81
374
136
-158
52
126
-86
-365
-105
167
191
24
-137
197
193
-329
-424
78
210
-133
-32
223
141
0
-46
-207
-73
158
-54
-46
248
117
-249
20
140
-349
-111
313
11
-106
141
72
-164
-3
-136
-227
263
54
-287
227
338
-335
-281
390
53
-312
103
158
143
2
-259
15
315
52
-304
214
450
-51
-85
-186
69
346
-253
-352
333
498
-227
-281
191
63
53
-188
-324
284
380
-337
-298
431
116
-333
-69
64
-40
91
2
-170
200
83
-208
-183
-4
61
-95
61
-24
134
59
-320
-42
42
-68
-250
4
152
-135
-137
-40
92
-123
-145
-63
26
-22
-312
31
99
-133
-255
19
309
-383
-324
221
130
-146
-355
298
302
-310
-119
-54
315
122
-342
186
363
312
-445
-181
781
-186
-277
302
596
202
-317
550
56
-12
186
-84
479
76
249
5
16
137
-379
213
-40
-29
133
44
131
-376
113
-20
-259
120
63
237
-141
290
195
-130
215
177
272
-25
186
456
69
61
123
169
292
-86
-226
219
556
-466
-539
589
340
-867
-434
517
-312
-563
-317
-173
-88
-431
-823
-548
-7
-603
-1037
-215
-201
-652
-741
-362
-491
-590
-425
-379
-344
-352
66
-310
-351
-301
229
94
-449
293
353
391
50
-84
612
528
485
-303
768
1352
-146
154
733
850
50
135
768
617
482
88
417
810
55
77
352
758
301
-243
596
568
-118
-171
328
451
-186
-7
349
-121
161
-275
-222
-53
-161
-373
-118
-18
-451
-353
-275
-339
-556
-619
-119
-211
-883
-275
-120
-563
-753
-318
-428
-363
-368
-663
-274
170
-725
-769
-47
41
-371
-639
17
270
-12
-557
21
489
-135
56
182
230
594
232
199
307
630
514
110
574
684
455
449
520
403
661
648
138
445
852
190
58
593
523
158
280
451
230
98
301
-226
226
154
-192
29
27
130
-650
-441
161
-461
-785
-229
10
-505
-619
-464
-509
-127
-820
-853
15
-25
-626
-650
19
-16
-597
-287
-92
401
-177
-251
134
61
-156
-51
102
283
38
95
112
-151
-221
-285
461
-297
-349
607
9
-314
-632
187
116
-678
83
27
450
-113
-511
-67
201
97
-431
-104
932
163
-259
-173
475
608
-693
332
730
672
23
0
877
375
10
311
681
595
271
569
554
250
259
467
441
190
91
565
610
-256
-89
93
355
-307
-326
9
-205
281
-534
-813
95
-186
-294
-1078
-373
156
-465
-656
-709
72
-219
-590
-857
-128
290
-672
-831
-75
757
-699
-872
403
64
-111
-583
-206
472
14
-586
-256
821
-342
-533
272
394
-269
-719
624
445
-350
-116
277
212
286
-385
-85
848
430
-343
219
753
161
-238
353
476
114
378
328
364
409
161
8
424
427
-102
35
1090
309
-404
479
427
-202
-398
648
-141
280
161
169
-291
-334
375
-644
-232
-3
145
-339
-175
-528
-446
256
-429
-924
310
-84
-433
-625
83
-269
-658
195
-448
10
89
-409
-135
199
-21
-562
-232
277
-63
345
-305
73
495
-855
20
223
-471
174
335
729
-365
43
1
-645
426
-278
-89
582
840
-135
-334
375
-579
-720
809
126
402
510
581
-425
-1010
727
-491
38
524
771
562
138
-105
-351
-458
121
228
755
540
569
-90
-394
207
-1128
190
271
506
396
42
155
-553
-495
-870
-79
916
-190
42
298
-54
-599
-618
-158
149
594
-286
127
1083
-240
-953
-554
694
349
-255
512
326
254
-719
-479
37
298
54
-459
238
685
-548
-821
-529
119
-115
-677
680
249
-737
-228
-692
-77
-520
164
27
-229
818
-839
40
210
-652
-547
823
673
-227
684
336
-576
385
-173
-251
1013
237
-20
214
944
-413
-1063
615
299
-418
104
814
-211
-633
651
-621
-523
755
-53
-36
220
11
-759
568
335
-1266
914
1281
-1065
-334
1225
-531
-729
381
291
377
667
-565
-166
1145
-751
-1016
528
680
421
-645
156
539
-292
-582
-871
762
45
-998
108
533
481
-1100
-725
112
-419
-341
-57
428
222
57
-181
-341
341
-54
-881
791
265
805
71
359
281
-432
-120
-166
359
726
37
214
426
411
-516
-598
105
-294
87
-386
864
187
-498
-371
-88
-421
-623
-59
-449
549
159
-487
507
-178
-283
-35
162
-394
384
514
-399
331
802
-199
41
-358
-123
-42
-107
-168
-472
705
-444
-1026
297
-601
-750
-484
-226
420
-960
75
-487
-54
-636
-184
801
-247
317
-202
729
515
-357
925
527
705
258
605
1181
-12
934
192
868
712
83
779
276
190
-459
369
591
-152
-377
-146
-80
-440
-1092
-294
521
-310
-998
-206
337
-871
-1090
-93
8
-67
195
-181
-104
-135
-219
-1060
600
526
-41
478
-175
259
30
-706
-97
454
353
610
15
-99
-79
-65
-309
-118
742
302
-189
109
-145
-667
13
12
-461
75
721
-100
-276
-202
-442
-220
-132
-568
493
1089
-242
-644
432
284
-717
50
46
167
730
285
320
238
-276
-621
-175
-102
-396
355
898
-244
120
-544
-964
-89
-1387
135
309
298
242
213
227
-1030
-912
-237
-173
676
97
1473
1007
-453
-366
-271
595
-179
482
1189
990
1210
-753
551
979
-593
334
-218
1586
636
-328
-401
-24
1144
-711
-379
375
-519
213
-696
-203
-372
708
-37
-1505
711
-603
-324
-927
-325
43
-588
447
-1125
-135
21
-1533
-965
-153
360
-444
-324
342
-1068
-432
-397
-1086
619
97
-289
-65
1092
-58
-1194
692
-899
-95
842
122
1566
-121
-53
379
-219
497
-800
893
1440
-68
361
841
739
-615
-136
774
-249
554
819
237
1000
465
-270
24
179
-826
-304
1950
209
-473
1070
590
-752
-1298
50
1131
-233
-478
576
904
415
-1495
-887
1312
-232
-1329
-120
1505
77
-2069
-613
-461
360
-1000
-1342
622
-237
-1176
-1394
-398
-339
-1340
-550
-295
362
-830
-608
267
-1237
-520
639
280
14
205
361
-26
1088
-209
-39
1081
766
750
539
692
330
1071
100
479
1035
236
185
59
120
670
-95
-331
441
1170
-684
-492
162
142
249
-488
491
107
609
-1143
-528
514
-126
385
23
-429
511
445
-144
-875
972
172
-1520
1066
1003
-1086
-1317
488
-86
-693
536
-83
-1
244
-976
-443
57
274
-1883
372
1313
-797
-859
-735
421
177
-214
-79
-459
552
-401
-293
-89
269
29
-1424
186
635
-65
57
75
445
-361
420
70
-1173
900
162
-906
752
570
-135
241
341
-264
-696
446
264
327
674
-163
616
-34
-449
-533
221
1050
-740
14
1555
413
-953
-1162
718
164
-973
529
1165
806
-903
-1144
929
672
-1291
-523
1665
1116
-1182
-203
1460
-159
-2077
451
1244
6
-449
157
285
-404
-292
-701
571
1310
-1520
-857
984
85
-1595
-70
2240
-500
-756
-660
-723
682
-707
-123
457
675
-76
-995
52
-19
-950
-353
267
616
322
-22
26
-331
-484
-1373
66
976
461
1329
-182
-978
-258
-267
135
-186
1210
250
-39
883
19
-62
-881
147
305
302
754
449
805
-633
-517
-19
7
165
186
945
7
-543
235
-11
281
-574
-705
509
403
-732
-75
644
-540
-372
-341
-99
-21
70
-634
-558
479
-234
-280
194
-100
158
-149
-501
-217
653
25
-568
895
947
336
-1291
-453
632
387
285
-157
519
663
-426
-475
-20
379
-338
-1225
596
1024
422
-368
-1623
-665
510
-106
-876
1019
784
-1292
-414
357
-144
-1052
-585
131
1108
1645
-685
-906
199
-569
-482
984
784
-122
767
477
-245
-407
-191
353
321
311
134
761
197
-783
12
239
475
163
-119
434
-125
-477
322
405
160
98
-253
115
367
186
43
-92
304
362
144
270
289
113
217
-423
-199
621
280
-94
-250
-149
-136
-414
-728
-393
217
-370
-863
-367
-327
-1026
-613
-261
-662
-371
128
-127
-610
-860
-1169
-197
361
-232
-148
-16
1022
-99
-1101
-662
-91
486
378
767
270
-1
-80
67
436
-124
-709
-301
806
926
660
706
-126
-624
-332
28
271
291
218
807
931
365
-44
45
-229
-662
260
941
991
807
175
64
201
201
-248
154
246
-26
555
879
358
-136
249
36
-183
21
-183
93
347
334
869
53
-305
-380
-484
-3
-212
414
353
-340
-590
-459
-76
-545
-1221
-804
-82
-144
-416
-97
-851
-1366
-1032
-642
-32
-225
-782
-354
-59
-526
-422
-208
-343
-699
-217
435
691
102
-300
-113
241
641
222
182
488
343
364
546
881
773
-325
-155
1222
1259
1115
918
245
363
396
745
848
432
363
393
757
187
-203
-461
-1090
-797
-870
-728
-798
-1309
-1623
-2054
-1345
-1536
-1923
-2050
-2020
-1139
-1143
-1158
-659
-279
-776
-805
384
972
1039
1268
1251
1777
1981
1879
2567
2632
1724
1601
2531
2575
1478
1510
2107
1450
720
730
472
371
192
-309
37
320
-165
-631
-941
-707
-576
-904
-909
-624
-242
-826
-754
-39
-155
-1105
-1776
-602
148
-631
-1125
-970
-650
-954
-955
295
971
-348
-1765
-1107
-187
297
268
763
2938
4930
4658
2157
130
-1015
-2403
-2515
-1250
1338
2507
881
-538
-1857
-3359
-6985
-9131
-6830
-3924
-2241
-2385
-1802
-2599
-6696
-8811
-8180
-5390
-3072
-1647
1985
4575
4438
3066
2599
2604
2420
4822
7957
10404
11440
10404
10034
9276
7258
5194
4451
4408
3447
3462
3043
1604
-1051
-4042
-4560
-5426
-5907
-5990
-5128
-3822
-4540
-3906
-4167
-4682
-4616
-4447
-1880
-539
779
1145
307
1466
1297
1366
1769
2050
3135
3062
4006
4499
3832
2912
974
-112
-598
-125
-53
-757
-1018
-1982
-3197
-4043
-4023
-4166
-4315
-3806
-2778
-988
-939
-1364
-948
-713
-369
-991
-732
-457
187
1730
2706
4920
4470
3981
5666
6590
6509
1149
-1617
-1080
-524
885
-982
569
241
-3446
-5413
-6408
-5557
-9301
-11404
-8118
-3641
-2201
-5801
-5977
-6464
-8742
-8777
-5952
-76
1913
2507
5059
7160
7919
5563
4993
6487
7361
9733
12269
13950
12591
8979
6477
4630
3999
2866
1475
872
280
224
612
-31
-2074
-4053
-6155
-6064
-4960
-4619
-4186
-3435
-1694
-1050
-443
-408
-1375
-1906
-2279
450
2947
4279
4069
2481
1548
-1064
-1496
-2109
-2829
-1422
-1127
515
1358
-617
-3071
-5051
-4872
-3882
-2085
-181
26
884
395
-1191
-2124
-3600
-3359
-2686
-1254
954
1576
1554
-451
-1183
-590
-430
639
730
2577
3243
3779
4741
4071
3847
626
2116
5994
7390
5855
44
-279
-458
-2225
-3059
-3671
-1410
-3563
-4594
-3105
-2798
-5403
-12557
-11963
-7547
-3740
-3244
-4769
-2649
-5269
-6975
-5643
-2799
788
66
2997
7762
10325
10621
7455
6360
6557
8082
11156
12762
12758
10735
7548
5054
3259
1115
-1127
-2705
-2849
-1612
-539
-715
-1970
-4247
-7216
-8414
-6794
-5160
-4314
-3391
-1596
399
775
311
-669
-1829
-2481
-440
3490
5843
5645
3469
1847
210
-1597
-2804
-3339
-2563
-1668
-479
270
-665
-3244
-6124
-6460
-4742
-2574
-279
566
798
1348
229
-965
-1647
-1731
-821
399
2492
3084
2360
1277
-183
-20
492
1398
1906
971
524
1440
3639
5932
5036
3830
6477
8159
6854
825
-4152
-3451
-3341
-2419
-865
1741
987
-4856
-7709
-7357
-6450
-10193
-11586
-6261
-430
1681
-2849
-5559
-7655
-11168
-10116
-5677
1236
4588
3952
5001
5976
5671
3827
2221
4041
7589
11658
14789
14267
11096
5793
1604
624
962
1873
1237
17
115
-415
-1738
-4666
-5591
-3751
-2446
-989
-1126
185
-403
-2319
-1630
-324
1883
1809
2020
2875
3079
1859
-1584
-510
452
904
623
-1085
-1347
-5196
-6689
-7166
-6489
-4170
-4432
-3702
-3802
-3879
-4507
-5338
-3553
-2295
205
3595
5419
6156
3240
893
346
462
2197
2177
2952
4020
3587
2749
360
-1608
-2004
-860
1628
1574
1427
1503
2537
3708
4905
8907
11167
8897
372
-4375
-1595
-784
-3300
-5230
-1165
4158
469
-4694
-8477
-10645
-15764
-17888
-7277
3892
5833
-1754
-7161
-8274
-10360
-12260
-9500
-1831
4823
7360
9159
10217
6721
-535
-4170
-192
7894
14449
16699
15103
11459
6023
990
-1425
-1350
-146
911
3122
4220
2126
-3341
-8115
-9152
-5024
366
2350
3138
474
280
-360
-2332
-1275
-435
2906
4525
6146
6825
2040
-2784
-7271
-3854
779
1878
1175
-3853
-5594
-9038
-9241
-8306
-8625
-5417
-3752
-602
272
-1756
-4163
-6752
-4427
68
5447
9094
7884
5207
2108
417
930
1891
1777
2296
3650
4271
4542
953
-3651
-5653
-4591
-930
1707
4564
4670
2719
1144
417
2770
6801
11770
12631
7537
657
-1570
-897
-4177
-8064
-5559
292
813
-2057
-4171
-7118
-14454
-21454
-14230
-1577
4642
70
-4875
-4764
-8366
-11136
-10776
-4729
1671
4458
8378
11138
10010
3176
-2992
-1405
4490
11037
14821
14963
11990
7708
2723
-246
-1214
-1284
172
1829
3187
2918
-434
-4358
-7459
-6696
-271
3567
5227
2850
-20
1249
-359
562
1558
2293
3612
2465
4443
2989
-581
-6279
-8535
-3296
-1153
358
-3705
-6746
-8738
-11261
-9695
-9237
-5027
-2887
-2893
-1708
-1034
877
-1379
-2655
-337
4775
9814
8767
6055
3366
1163
178
880
2427
2266
1171
-891
-330
722
-1139
-3324
-4478
-1821
93
816
1213
1336
3797
3255
6158
13547
17819
13892
200
-6039
-3722
-1279
-3262
-4704
1653
4484
-501
-6352
-8665
-11418
-18605
-18641
-5271
8501
9328
391
-5915
-9243
-11967
-13175
-7931
975
6541
9304
10256
8844
2497
-5657
-8015
-2060
7884
14969
16883
13391
7062
2080
-560
-1605
-1208
333
2913
5009
4504
1109
-4044
-8290
-8080
-3519
1790
5300
3588
965
-1089
-2629
-1512
-204
2242
2942
3778
4700
3033
475
-5100
-5697
-4872
-2687
-420
-2414
-4426
-9225
-9653
-9255
-7899
-4106
-1859
1412
755
120
1005
781
516
987
5198
9833
10309
6446
2594
-531
-1093
-101
693
1087
-344
139
-318
-1235
-3418
-5986
-5324
-2990
200
1834
1077
1090
2751
6766
11213
15881
16066
9651
-632
-5689
-2999
-1848
-3524
-3897
832
2616
-1666
-8754
-12792
-15389
-19792
-15029
-1625
9916
8657
-1217
-6047
-9204
-10980
-10610
-5272
3977
9343
11747
11711
8088
417
-7105
-8114
-1198
8119
13936
15547
11951
6240
281
-2880
-2501
-1243
931
2495
4090
4290
140
-4717
-7890
-7107
-431
4084
6569
4580
-253
-795
-2608
-1441
931
2455
4099
3606
5510
3774
-203
-5648
-9023
-4447
-2484
709
-1120
-4971
-8145
-11951
-9243
-8206
-4593
-2414
-1507
572
463
1867
356
-466
1582
4753
9328
9896
6879
3600
-1570
-2925
-1907
-1463
281
-1551
-983
-656
-2189
-2597
-5187
-4305
-4435
-2896
974
3683
7486
6112
9712
16221
20117
15862
1547
-4551
-3782
-1428
-759
-428
3740
2100
-4133
-8305
-10086
-12963
-20063
-20107
-6888
8200
11748
3889
-4356
-9383
-12990
-11486
-4545
3779
9114
8974
9783
10727
6708
-2003
-9174
-6501
3136
11776
15106
13761
9387
2240
-4145
-5475
-2282
490
647
170
2520
3482
-814
-6468
-8706
-4414
-340
1911
2548
1341
1029
-1978
-2966
-1061
1039
2596
2210
4065
4860
2886
-2019
-5256
-2827
-1158
-317
-2644
-5132
-7398
-9838
-8477
-6934
-4444
-3863
-4602
-2904
-250
893
-457
-1292
81
3942
7345
8538
6923
3652
234
-1821
-674
-196
-24
-1536
-1275
1822
2262
427
-3200
-5034
-3058
-442
2152
3731
6380
8844
14439
21758
22392
14091
-571
-5910
-2829
-917
-257
1407
4605
3007
-4471
-8803
-12670
-18458
-24556
-20410
-3935
9163
9843
2643
-4254
-10629
-14975
-13265
-3882
5757
9936
10539
10195
10253
4763
-3925
-8391
-6163
1986
9127
12928
12514
7272
-74
-5129
-5954
-3820
-2245
-1663
-353
1868
2484
29
-3952
-5828
-2602
739
1930
754
-541
1476
865
-268
-362
572
1656
1131
2590
3207
2473
-2143
-4174
-325
792
1775
-2394
-5823
-7970
-9957
-7244
-4913
-774
-432
-3684
-4383
-2412
708
225
-1039
1654
6294
9350
8821
6610
5559
2458
-530
-593
920
230
-3155
-3684
-802
1823
955
-1969
-2892
-3216
-2032
-2033
-626
4542
11492
22119
26458
22172
7666
-5410
-8236
-5725
-2390
747
6365
8303
4693
-1924
-10096
-19060
-30023
-30582
-16522
2480
13079
8161
-524
-9329
-16877
-19250
-13741
-2007
7509
11622
12877
13734
10325
1221
-8141
-8966
-1744
6427
12167
13479
11840
4961
-2420
-4886
-3810
-2745
-4067
-4106
-1032
2485
2312
-882
-2348
-2877
327
3776
4199
3273
-454
531
2838
3549
3560
1874
1731
506
1397
2133
824
-371
-3802
6
3280
3438
359
-6901
-9467
-11407
-6965
-2564
-554
-645
-5252
-6205
-4853
-2338
-1705
-1372
1675
6314
10244
9839
6913
3765
-344
-1583
-627
841
1931
-1002
-1861
-1083
-1299
-1907
-4191
-4684
-5052
-5351
-2720
2645
13564
22246
24490
16695
4935
-2434
-7176
-7690
-5544
1449
9204
9657
6309
-146
-9589
-21353
-31855
-28207
-12734
2196
7962
5708
234
-7841
-16997
-19922
-13397
-2129
8206
13399
16831
17274
11524
1890
-6354
-5623
1938
10471
15102
15765
13217
6532
-1868
-6503
-5785
-3259
-3092
-4319
-1899
204
-1207
-5195
-6949
-4924
-692
4301
5947
7281
3788
542
401
192
2455
2973
4343
5252
5952
4628
756
-1786
-7056
-4894
-430
2419
3818
-1500
-4979
-9523
-9525
-7068
-5642
-3652
-4814
-4180
-1878
-1612
-2966
-3394
-2860
264
3747
6359
8228
6893
3680
961
-218
-1332
-309
-446
-436
-405
-1819
-2117
-4553
-5217
-5767
-5377
-997
7260
18383
21984
16908
6385
-164
-1318
-3824
-2491
1553
9297
10750
5818
3121
-2963
-11969
-24334
-26169
-14192
-1641
2277
-1333
-4664
-8817
-14164
-18091
-14442
-6576
22
4893
9394
14968
14448
8266
591
-1354
3381
9034
14303
16786
17125
11951
4353
117
-735
-661
-3415
-7088
-7151
-3536
-1806
-3390
-5993
-6530
-5115
-3687
-1690
1484
4020
3514
2514
2574
3630
4674
4755
5014
6123
5853
3625
2314
1020
87
-773
-2924
-3225
-2721
-2893
-4414
-6160
-6248
-6981
-8491
-9698
-8547
-5715
-5223
-5543
-4070
-1412
1557
1654
1882
3704
4522
4432
2815
3525
4379
4626
4614
1687
1333
-127
-1302
-2168
-6637
-6088
-4088
1060
9541
15296
16078
7490
-1501
-4876
-3396
-1588
-1600
2988
9183
11379
7887
2665
-3000
-12620
-20779
-19190
-6942
5420
6588
-725
-8087
-14633
-18709
-18285
-13546
-5235
-140
2032
6189
10406
10362
3986
-1858
340
8148
15059
18136
18853
18290
13880
7296
4683
5367
4813
82
-5025
-4694
-2972
-3678
-6592
-9040
-8829
-9313
-9701
-8038
-5301
-2247
-545
497
1840
2705
1887
1948
3428
4929
6456
5358
4848
5022
4417
3530
-193
-4230
-5942
-5504
-3247
-136
1037
-1499
-7183
-12247
-12653
-9536
-6899
-6813
-5284
-1475
2191
4135
2635
763
-580
-1155
543
4894
9189
10211
9362
6421
3535
2155
-414
-2693
-4481
-4340
783
10187
17046
14834
4415
-6520
-10811
-10258
-7328
-3671
2926
8095
7773
6781
3808
-1963
-11877
-19463
-15237
-2993
7473
9487
6269
114
-9145
-18414
-21105
-16152
-7914
-1885
590
4376
6234
4362
-387
-4607
-4279
-338
6418
13891
20851
23217
19042
11907
6815
5903
6780
6102
3396
1882
891
-145
-2633
-5267
-7090
-9589
-11166
-11598
-8574
-4492
-3272
-3806
-3945
-3478
-3159
-2752
-809
2943
4971
4820
4398
5256
5978
5188
3816
2444
1365
130
-499
-107
1181
716
-2752
-6709
-8911
-8358
-6899
-6037
-6269
-5880
-4973
-3679
-363
1532
906
-1416
-3070
-527
3595
6881
7376
6073
4660
2637
2660
2859
5596
10960
12843
11460
6883
3068
644
-5118
-10422
-10581
-3976
2329
3324
2044
-778
-5913
-13569
-18059
-14833
-7425
-3190
-1258
1468
2547
-316
-7204
-11279
-9876
-6531
-3849
-1162
4034
7993
7786
3623
438
465
1338
2337
4417
9832
14575
15667
14358
13159
12429
9456
5006
2941
4873
6130
4732
2264
1020
374
-4258
-10632
-14387
-13311
-9409
-6672
-5072
-3148
-2116
-3566
-4846
-4742
-3362
-2569
-2613
1132
7200
10665
8410
2869
-19
-92
892
2462
5040
6982
5214
182
-2908
-3002
-4662
-8385
-11443
-10131
-5928
-3751
-3959
-5074
-7202
-9179
-8921
-5525
-882
381
-484
-483
2330
5889
6009
4057
2187
4209
9935
14756
15198
10905
5262
687
-1532
-2162
-1040
1518
2880
3370
3487
3251
972
-5224
-11681
-13441
-9866
-4541
-1254
-305
-1271
-4019
-6688
-7152
-5189
-3315
-4011
-5220
-3376
454
3301
3148
366
-1820
-2814
-2623
-378
3185
6595
8060
8659
10277
12113
12398
10343
7581
6433
6690
7840
9695
10956
9939
6127
1119
-3563
-6200
-7465
-8081
-7481
-6585
-5373
-4611
-4751
-6161
-8289
-9495
-9774
-8243
-5365
-2144
711
2101
2019
755
-845
-1389
217
3446
6117
6838
6341
4831
2251
-994
-3569
-4851
-5735
-6499
-6314
-4928
-3113
-3024
-5506
-7982
-9217
-8373
-5591
-2551
-65
1561
1697
1671
3511
6729
10577
12151
10226
7910
6890
6760
5177
2970
1942
3439
5762
6033
6125
4768
1096
-3797
-7098
-6064
-3516
-3177
-4676
-5730
-4916
-3904
-3805
-3543
-3781
-3850
-3785
-3518
-2180
-1470
-2011
-2905
-2919
-1524
-345
-1341
-3875
-4541
-2855
359
3384
4685
5623
5577
5241
6138
7729
8568
7635
5856
5952
8537
10407
9725
6784
3659
1606
81
-1476
-2533
-2344
-2547
-3804
-5200
-5542
-4666
-5036
-6942
-8232
-7660
-5991
-4944
-4025
-2546
-1096
-590
-308
77
663
713
96
914
2051
3050
3745
3845
3295
1143
-2457
-5494
-6202
-5728
-4626
-3897
-4097
-4992
-5941
-6214
-5530
-3990
-3000
-1740
313
3225
7650
10835
10795
7973
5507
5194
5673
6170
5705
6044
7344
7666
6882
5899
3661
656
-2788
-5083
-5094
-4116
-3468
-4767
-6011
-6964
-7222
-6852
-5649
-4141
-3710
-4385
-4804
-3891
-1951
-326
-21
234
388
-14
-1161
-2238
-2561
-1704
-25
1585
2821
3423
3146
2934
2756
2723
2934
3103
4144
5797
7758
8308
8006
7055
5567
4669
3313
2716
2597
2649
3002
2063
876
-748
-2496
-3671
-5331
-5580
-5237
-4435
-3648
-3800
-3927
-4406
-4484
-3637
-2198
-1339
-1882
-2578
-1485
214
1585
1982
1760
929
-149
-1074
-1204
-684
-1444
-3714
-6213
-6399
-5751
-4809
-4241
-4156
-3371
-3623
-4175
-3910
-1246
3065
5554
5649
4485
4553
4856
4642
4235
4711
7183
9573
11011
10995
10153
7467
2700
-1591
-3030
-2042
-1174
-1441
-2456
-3043
-4327
-6847
-9259
-10176
-9458
-8588
-7652
-5863
-3817
-2819
-3032
-3151
-1939
145
1247
1332
1969
3445
4312
3627
2810
3023
4592
5866
6274
6378
4810
2349
289
-309
1528
3538
4717
5385
5196
4328
2813
1231
575
1101
2202
3220
3462
3131
2230
999
-1327
-3119
-3287
-3249
-3443
-4287
-4662
-4108
-3625
-3553
-3526
-3735
-4376
-4802
-4635
-3959
-2222
-371
1714
2359
1072
-112
-1076
-1425
-2028
-2338
-1798
-2003
-2571
-2723
-2467
-2744
-4299
-6022
-6701
-5017
-1935
2480
5293
3978
1333
-920
-950
-259
191
2440
6112
9668
11067
10664
9621
7225
4121
1659
1066
1951
3142
3491
2921
1521
-1149
-3738
-5707
-6763
-7171
-8027
-9370
-9663
-8073
-5734
-4292
-4208
-4495
-4109
-3322
-2172
803
3634
4801
4966
5177
6929
8151
7612
6583
5964
5732
5258
5195
5137
4950
3934
1872
977
1065
1664
1522
303
-570
-958
-866
-959
-585
581
1218
1059
-40
-685
-837
-1684
-2627
-3386
-3357
-2905
-2583
-2094
-2111
-2815
-4390
-6261
-6128
-4879
-2930
-922
-546
-350
-491
-764
-788
-786
-553
-1039
-1427
-1623
-1007
-332
-1172
-2771
-4193
-4631
-4562
-2969
-4
3185
3385
683
-1477
-2068
-1356
-1967
-1916
398
4148
7615
9285
10226
9105
5646
2021
578
1882
3946
4717
4647
4434
3265
1103
-1687
-3734
-4853
-6271
-7793
-8302
-6746
-4570
-3886
-4791
-5866
-5912
-5727
-5428
-3963
-1324
1532
3541
5047
7016
8100
7453
6205
5947
7435
8664
8887
8970
9487
9274
6534
3138
1034
369
-231
-1656
-2233
-1476
-915
-2082
-3650
-4666
-5838
-6698
-6765
-4751
-1823
-505
-900
-1508
-1613
-1984
-2322
-2004
-1183
-856
-1242
-1751
-1198
-656
-1607
-3016
-4030
-3569
-2753
-1819
-950
-730
-525
-1289
-1758
-1412
-1203
-1060
-1614
-1824
-1018
315
1500
2966
4785
5022
3388
564
-1623
-2503
-2986
-2690
-1043
1534
3415
4252
5077
4926
2826
-492
-2209
-693
1811
3596
4152
4092
3021
555
-1972
-3397
-2958
-2550
-3737
-4962
-4799
-3340
-2055
-2343
-3423
-4313
-5184
-5877
-5530
-3678
-1143
664
1861
3819
5977
7004
6223
4808
4848
6106
8042
9811
11807
13541
12667
9856
6333
4477
3854
1960
-219
-1421
-484
602
378
-822
-3580
-7226
-11463
-13550
-11761
-8699
-6549
-5888
-5051
-4101
-4299
-4447
-3638
-1718
44
658
1953
4255
5647
5135
3314
2078
1145
-41
-950
-1060
-116
-373
-2143
-3973
-4802
-4675
-5251
-6420
-6609
-4472
136
5247
8371
8071
4353
-153
-3619
-4690
-3000
-143
3531
6060
7739
8621
6836
2567
-3269
-6984
-6832
-3855
-96
2603
3799
1716
-3154
-7566
-9481
-8976
-7721
-6749
-4962
-1942
785
2144
2006
648
-1546
-3100
-2829
-317
3894
7033
8252
8575
8463
8347
7674
5707
3744
2991
3327
5114
8436
12032
13024
10047
3619
-2791
-5431
-5530
-3609
-674
2063
3607
3098
1154
-2074
-4985
-8773
-11143
-9373
-5144
-408
1052
-607
-4754
-8708
-10524
-10316
-6410
-1680
1562
3843
5298
5751
4935
2341
-355
-826
1278
3925
5676
6673
5356
2148
-1965
-5477
-7477
-7720
-6334
-2819
3200
6414
5216
1109
-3156
-5542
-7734
-8151
-5162
747
5473
7303
7603
5650
778
-7522
-13217
-11752
-5574
626
3200
3728
1587
-3718
-10145
-14569
-14496
-11983
-9472
-5519
1334
7074
8866
5480
469
-1431
-1101
1749
6815
13407
18539
19739
17754
14821
12059
8349
4579
2533
4436
7784
10848
12663
10937
6449
-2385
-12148
-17191
-16621
-12071
-7236
-4006
-3043
-3415
-4774
-7679
-9759
-10929
-10442
-6376
-413
6491
11184
11448
7268
1046
-2487
-3135
-229
5063
9398
12146
11864
8471
4578
-27
-4887
-8047
-8334
-5018
-1818
-403
-2672
-6801
-10158
-13156
-12033
-7330
2848
12239
13961
10260
3127
-94
-2736
-5723
-4967
-223
7214
9122
7938
5567
396
-8662
-19633
-21726
-15483
-6213
-2055
-3142
-4793
-10347
-17158
-22225
-20586
-14219
-8360
-4361
513
8232
12924
12137
6432
3580
4989
9688
16315
22159
28114
28462
23711
17434
13481
10467
6369
1738
-249
3209
6040
6692
2867
-2871
-9729
-16880
-19896
-18449
-11839
-6608
-4261
-4237
-5327
-6571
-8890
-9370
-7449
-2414
2997
7750
11396
12086
9116
3057
-1523
-1922
1961
7016
10969
13233
12057
7207
1123
-3157
-4530
-4296
-3794
-1790
589
992
-1561
-6564
-10598
-13462
-15270
-13324
-6694
5367
16166
17289
10079
350
-4407
-5185
-5573
-3257
2569
9430
11109
8226
4599
-1823
-13421
-26295
-28267
-17111
-2785
4657
2419
-3801
-13552
-24706
-30409
-26933
-16309
-6043
645
5967
11278
12006
6495
-1652
-4537
1867
11925
22125
29327
32536
29245
19811
10401
5785
6175
6440
6639
8192
10745
10423
4745
-3184
-10807
-16002
-18803
-16998
-10190
-2571
868
-1459
-6277
-10350
-11701
-10353
-5980
1002
7968
11714
12121
10408
7412
3695
-547
-2167
390
5561
9216
9619
7827
2728
-3944
-10255
-12352
-8454
-4269
-1600
-631
-662
-2021
-6289
-10283
-11305
-9073
-6156
-1606
7059
18332
24321
18233
7078
-1527
-3026
-1518
-917
4386
10698
12285
6299
-2026
-7428
-13929
-23525
-29718
-22765
-9211
262
-498
-7193
-13836
-23263
-29899
-28358
-16530
-2143
5919
8977
10564
11346
7023
-56
-3372
2576
13229
22725
28749
29508
26315
16109
4904
-218
1582
5268
5596
4737
3905
2977
-2435
-8638
-11379
-11570
-10111
-9057
-4267
2578
5862
3465
-1066
-2002
26
2745
5454
8356
11217
11318
8090
5656
4220
2492
-950
-3829
-3075
-1212
192
-1953
-4035
-4200
-6555
-8905
-9920
-7564
-4416
-4228
-4686
-4239
-2070
-1999
-3815
-3536
-1237
587
1040
4092
11105
20264
21060
12495
3939
-930
392
-371
-761
2559
5417
5112
-1529
-5495
-8833
-15334
-24257
-26055
-14224
-1769
3522
-3180
-11632
-18335
-24612
-24672
-17797
-4214
4951
7805
7363
7682
6922
1115
-4198
-3900
6694
18341
25849
26610
20874
12316
1573
-3174
-780
6104
9251
7267
4619
2504
909
-3950
-8253
-10473
-9477
-6847
-2809
2439
4006
1293
-4747
-7044
-3508
2572
6813
8330
8904
8632
8822
8246
7867
5546
1582
-2190
-3153
214
2449
2612
-205
-2435
-3066
-4321
-4732
-5229
-4686
-5049
-6010
-5735
-3590
-2075
-3664
-4753
-5048
-3049
-2192
-1715
2731
10131
18211
17152
10374
3787
544
660
-1850
-1393
1265
4898
4304
-660
-3074
-9032
-17300
-25345
-23039
-9584
1229
3067
-5284
-13145
-19149
-22264
-19453
-10693
691
5992
7779
7860
9267
7698
1371
-2562
348
11320
21105
25656
22292
13889
4374
-3095
-2795
2061
7396
6627
2238
-1357
-3482
-5722
-8789
-8960
-8111
-4748
-3073
-809
2705
818
-3560
-7513
-4665
2127
8674
11222
9423
7684
4032
2705
3722
6413
6344
2569
-610
-3115
-2168
-1997
-3296
-3681
-1939
-373
-90
134
-877
-2372
-4433
-4404
-2028
2725
4168
1220
-827
-2257
-2710
-2769
360
7167
17031
19933
11988
2224
-5417
-6583
-7512
-6355
-1541
3317
5789
-772
-6273
-11654
-19260
-25981
-25604
-11012
4492
11465
4201
-7974
-16950
-23038
-20978
-12013
2149
11028
12056
9738
7600
5905
22
-4924
-3587
7246
19324
25755
25072
16437
5922
-4031
-6161
279
8366
10880
5621
176
-2872
-4403
-6195
-7849
-7745
-5495
-4001
-3321
-1137
-1887
-4877
-8394
-7886
-1895
4926
8487
6182
2940
-282
-177
3414
7965
10451
7379
2361
-3556
-5413
-4126
-2444
464
3179
5617
4795
2672
-1054
-4759
-5919
-5768
-2652
2911
6277
4267
845
-3521
-6845
-7499
-5168
3787
16955
23592
16323
3672
-5829
-7940
-6817
-6104
-1034
4567
7193
2246
-3650
-8331
-17619
-27614
-30041
-16311
1919
11050
5400
-7725
-18604
-26184
-24966
-14759
1248
12185
12738
9288
7037
6642
2842
-1958
-1361
8767
21382
28142
27933
20102
8546
-2318
-5149
2212
12331
15467
8913
357
-5014
-7835
-8946
-8495
-6709
-3705
-3009
-4557
-4293
-4801
-7550
-10108
-9187
-3074
4088
7663
6076
2705
-703
-2916
-554
5718
11284
10725
5000
-2947
-8374
-8336
-6016
-1396
3943
6010
3836
-296
-3866
-6533
-7699
-7326
-3569
3447
8550
7203
1452
-3738
-7662
-8671
-4469
5152
18779
27450
21716
7087
-5290
-10322
-8798
-5516
-212
6382
9718
5583
-3234
-10977
-19317
-27939
-30358
-18834
20
12394
9978
-4309
-18410
-27351
-27737
-17723
-1044
12280
15724
11485
6513
4177
1050
-1609
-802
8118
20461
27421
27377
20066
9298
-374
-3844
1965
12544
18039
13633
3789
-4752
-8606
-8875
-6538
-3602
-903
140
-2232
-4921
-7356
-10032
-11158
-9160
-3341
3773
7269
5588
1259
-2957
-4669
-2723
3410
10469
12351
8185
-571
-8719
-11365
-9534
-4041
2949
6881
5912
124
-6156
-9689
-10528
-9344
-5619
597
6084
6962
1795
-4960
-9412
-10804
-7476
1513
13768
25262
26494
15062
-169
-9362
-9277
-3635
2255
7750
11280
8908
636
-8651
-16394
-22447
-27240
-23728
-8892
5974
11024
718
-15020
-26614
-29253
-22027
-7262
9032
16742
15189
7670
2735
1209
1156
3074
7887
18458
26813
28936
22574
11727
2934
-1913
1108
8898
16757
16923
8224
-2913
-10641
-11575
-9456
-5508
-2076
103
-257
-3881
-6823
-9136
-9165
-7546
-3640
3038
7835
8711
5597
1336
-1686
-1511
1625
6996
11325
8877
1665
-7325
-13200
-13135
-8684
-2002
2412
3001
-2131
-8612
-12390
-12787
-10766
-7469
-2143
2675
5348
2626
-3058
-7039
-8432
-5908
1270
12245
23481
27818
20214
4526
-7431
-9766
-4915
1591
6180
9044
7852
352
-9273
-17142
-21693
-24860
-23996
-13069
1321
10681
5267
-9024
-21715
-26618
-20258
-8689
7008
16705
17806
11709
3962
1477
633
3788
7304
15385
24885
27830
23827
12378
3141
-1859
-189
6674
13395
16136
9443
-1386
-10262
-12105
-8619
-3863
101
1072
460
-3116
-7171
-9076
-9009
-6121
-2675
1575
5666
6457
4041
-112
-2866
-1890
2202
7212
10779
8938
1858
-7270
-13825
-13691
-8222
-462
4177
4232
-788
-8574
-13573
-14899
-11310
-5489
416
4576
5441
2392
-3272
-7795
-8269
-5031
747
8244
15491
22029
21028
11071
-3637
-11835
-8197
-782
6321
6755
5011
1537
-6642
-12631
-17448
-18189
-20233
-19457
-9425
1680
8971
416
-12974
-22006
-22719
-12415
-2388
10428
14695
11754
6904
2163
4223
5083
7232
9335
15254
23559
25150
20411
10852
3182
1338
4865
11998
16595
14382
6062
-3748
-8512
-7150
-4764
-2656
-1597
-1282
-2174
-5280
-6868
-8197
-8182
-6394
-3315
1204
4082
4839
2796
728
307
1495
4633
7467
8334
4746
-1714
-7831
-10772
-8512
-3449
540
1739
5
-4958
-10339
-12985
-11690
-7658
-2809
441
1515
840
-3053
-6657
-8159
-5509
-666
3298
8941
12536
15076
13323
6977
379
-5295
-4590
-355
4038
4223
278
-2993
-7030
-10396
-14098
-16801
-16272
-15852
-10253
-2331
2659
-63
-10492
-17410
-18327
-10911
-1645
5690
10080
9177
7466
5348
4512
4662
5850
9222
14179
20491
24160
22050
14132
5903
3507
6869
13057
15944
13799
8097
1298
-2223
-2537
-1999
-1979
-3406
-4126
-3347
-3071
-3886
-6508
-8682
-8803
-6571
-2065
756
1734
786
-668
-227
1624
4668
5330
3826
13
-3914
-4741
-5028
-3476
-1473
-377
-140
-2312
-4644
-7544
-9213
-8255
-5835
-1600
508
-533
-3407
-6344
-6530
-5404
-3157
-374
1428
4762
7163
8466
9712
7817
3894
-1154
-3617
-1387
1787
2519
-550
-3089
-4010
-6234
-9692
-13861
-15503
-14886
-10288
-3255
1476
1367
-7214
-14951
-16904
-13074
-4872
1820
6343
7562
7067
5625
3335
1911
2345
6249
13523
21148
25030
23520
15767
7492
5098
8158
14360
17813
16642
11975
5886
1409
-1779
-3937
-5166
-4549
-2221
-31
-659
-4568
-8917
-13000
-13562
-10127
-4666
896
2381
1370
-1455
-2760
-926
1092
3188
2771
1385
342
-941
-2151
-2894
-2585
-2151
-1556
-1550
-1867
-3283
-5503
-6881
-6361
-3647
-1477
-995
-1944
-2984
-3249
-2815
-2095
-1069
692
1771
2615
2420
2470
4540
5757
5045
835
-3656
-4399
-2743
-1239
-2341
-3638
-4464
-6047
-8076
-9758
-9159
-8148
-6233
-4040
-2110
-1349
-4762
-7628
-9296
-8389
-4661
-1210
3113
5299
5398
3760
284
-1029
1182
7111
14185
18954
19744
16653
11745
8550
9635
13324
16461
17011
15810
13393
9230
4478
-406
-3561
-2942
-376
2911
3330
-1111
-7525
-13931
-16721
-14735
-9003
-2178
813
-615
-4304
-7481
-7473
-5478
-2502
30
1015
1596
1079
43
-1699
-3628
-3949
-2438
604
3657
4435
2093
-1847
-4733
-4842
-2950
-172
1476
1692
973
-875
-2553
-4046
-4864
-4329
-3094
-2469
-3136
-3450
-1727
1744
3833
1954
-2159
-5409
-5191
-2665
-412
236
-588
-485
253
842
626
-1652
-5355
-7866
-6049
114
4851
3718
-2333
-9659
-12897
-10887
-4904
878
2660
1092
-1928
-2663
-1221
1969
5870
8251
10334
12669
15621
17516
16133
12841
11071
12830
17060
20085
18473
12786
5935
1947
1561
2553
3348
2090
-847
-4795
-9061
-11555
-12505
-11745
-9735
-8240
-7567
-8456
-9287
-9033
-8796
-8656
-8559
-7339
-4307
-776
1708
1522
-913
-3095
-3068
191
4174
6899
7187
4543
1519
-364
50
1697
3173
3745
3025
2116
322
-1750
-4197
-6640
-7455
-6823
-5692
-6299
-7288
-7975
-7394
-4431
-1347
922
99
-3369
-5980
-5219
-1233
3257
7031
9643
10001
7502
2476
-2408
-3908
-1255
4139
9179
10039
4937
-2692
-8941
-11005
-9593
-6735
-3389
-1010
1135
1516
-27
-3506
-6798
-5788
-177
8339
14753
16664
13748
8709
6420
8364
12096
14328
14762
13813
12574
9852
5751
2048
-810
-1767
-418
2665
4726
2712
-3741
-11191
-15259
-13446
-8399
-4165
-3090
-5668
-9307
-12731
-14178
-12503
-8843
-5045
-2598
-1307
-929
-1895
-4004
-5727
-5011
-1501
3190
6739
7673
6129
3193
1057
811
2781
5710
7520
6830
3476
-768
-4516
-6364
-6225
-4630
-2802
-2656
-4671
-7942
-10686
-11589
-10721
-8256
-4302
-303
3480
5165
3647
614
-2110
-1225
2981
8136
12415
14069
12561
8229
3134
436
925
3907
7491
9230
8475
4445
-961
-5307
-7055
-5359
-1858
1385
2830
2166
-206
-3414
-6761
-7551
-4460
433
4394
4704
2724
349
-1183
-1345
-736
1079
2862
4513
5597
5192
4399
3274
2671
3296
4530
5913
6543
5578
3473
749
-2063
-3847
-4276
-3027
-1746
-2152
-3779
-5807
-6869
-7553
-8123
-7926
-7072
-5812
-5057
-5112
-6492
-8342
-8999
-7283
-3227
494
2594
2764
979
-1227
-2358
-1444
936
3110
4360
4679
3887
1749
-1189
-3684
-4413
-3006
-280
2156
2319
789
-1254
-3002
-3105
-2459
-1122
675
1751
3107
4385
4881
4558
3095
2042
2800
4970
7558
8908
8095
6812
6050
6146
6949
7250
7322
6789
5941
5315
4443
3524
2118
841
469
101
-618
-2016
-4133
-5786
-6550
-6862
-7125
-8219
-9998
-10971
-10860
-9712
-8178
-7150
-6191
-5350
-4064
-2496
-1020
117
68
-184
79
1573
3452
4303
3880
2555
1937
2057
2922
3686
3343
2313
1132
890
1529
2280
2190
1118
-336
-1079
-543
238
518
-524
-2092
-3132
-3433
-2485
-1335
-913
-1310
-1916
-1726
-1113
-1265
-2489
-3827
-4124
-2835
-749
814
1045
-66
-1298
-1319
-80
1484
2282
1621
565
209
776
2105
2712
2418
2001
1921
2905
4277
4792
4265
3290
3398
5361
7582
8506
7713
6098
5117
5153
5810
6296
6217
5631
4794
3861
2319
255
-1668
-2817
-2920
-2994
-3827
-5774
-8186
-9615
-9822
-9045
-8485
-8690
-9236
-9839
-9932
-9475
-8417
-7246
-6283
-5401
-4499
-3552
-2971
-2765
-2669
-2200
-926
1108
2916
3586
3188
2554
2513
3006
4139
5632
6725
6629
5552
4567
3863
3427
2913
2818
3362
3745
3805
2949
1593
287
-613
-691
-637
-565
-851
-1436
-1950
-2092
-1586
-1269
-1197
-1206
-871
-336
-273
-181
-68
151
539
1024
1698
1704
1109
880
1186
1729
1614
1255
1163
867
758
965
2329
3749
3824
3041
1866
1650
1886
2173
2777
3181
3085
2209
962
499
790
1122
1346
1152
1056
455
-696
-1792
-2472
-2464
-2471
-2498
-2705
-2978
-3506
-4268
-5263
-6249
-6714
-6236
-4983
-4082
-4265
-5847
-7595
-8344
-7479
-5779
-4482
-4083
-4057
-3698
-3546
-3565
-3550
-2394
-113
2269
3886
4186
3621
2387
1461
1495
2514
4074
5307
5934
5792
4682
3124
2028
2052
3116
4375
5149
5070
4470
3657
2982
2499
2328
2805
3654
4299
4119
3402
2386
1510
1359
2106
3380
3921
3180
1902
811
268
324
673
925
292
-844
-1647
-1646
-1100
-1102
-1621
-2365
-2838
-2610
-2255
-2374
-3081
-3984
-4208
-3539
-2590
-2042
-2265
-2771
-3018
-2952
-2793
-2435
-1535
-227
983
1461
1295
861
324
88
99
386
844
1174
1410
1220
544
-639
-1861
-2363
-1770
-663
-271
-983
-2573
-4023
-4877
-5006
-4543
-4289
-4297
-4287
-3888
-3317
-3229
-3829
-4698
-5168
-4647
-2835
-606
877
1025
330
-187
-270
113
853
1875
3055
4099
4948
5323
5174
4748
4574
5035
5975
7187
8171
8615
8367
7649
6953
6458
6512
7000
7443
7187
5971
4697
3950
3811
3680
2863
1512
-39
-880
-877
-728
-1029
-2133
-3077
-3515
-3618
-3583
-4044
-4638
-5355
-5922
-5872
-5610
-5229
-5247
-5589
-5752
-5707
-5522
-5603
-5637
-5189
-4127
-2980
-2429
-2453
-3065
-3593
-3497
-2671
-1431
-751
-536
-206
314
674
391
42
508
1859
3394
4222
3952
2995
2280
2475
3591
4612
4633
3760
2761
2343
2341
1936
644
-1226
-2757
-3091
-2573
-2158
-2720
-4289
-5988
-7125
-7289
-6804
-6203
-5859
-5585
-4747
-3230
-1461
-349
-94
-100
404
1912
4037
6108
7399
7659
7506
7612
8250
9033
9346
9278
9066
8938
9036
9079
8949
8304
7093
5773
4592
3854
3362
3008
2728
2083
994
-702
-2511
-3742
-4242
-3975
-3488
-3152
-3203
-4003
-5228
-6271
-6575
-6186
-6004
-6331
-6693
-6646
-6163
-5854
-6031
-6538
-7139
-7328
-6754
-5585
-4495
-4170
-4543
-4939
-4917
-4422
-3592
-2636
-1609
-757
-222
-77
-241
-89
641
1966
3289
4023
4387
4564
5143
6024
6648
6654
5681
4509
3927
4169
4872
5113
4520
3276
1847
624
-337
-1204
-1880
-2159
-1984
-1485
-1246
-1655
-2752
-4088
-4874
-4804
-3969
-2793
-1770
-1163
-1082
-1216
-1146
-798
-207
673
2000
3546
4695
5180
5075
4759
4622
4912
5698
6366
6317
5564
4652
4139
3956
3913
3769
3309
2526
1597
1076
1219
1782
2198
1920
994
-53
-758
-1025
-1122
-1358
-1723
-2217
-2701
-2957
-3074
-3247
-3799
-4651
-5398
-5856
-5970
-5956
-6025
-6323
-6924
-7626
-8013
-7853
-7302
-6771
-6643
-6632
-6413
-5771
-4767
-3718
-2617
-1709
-951
-170
789
1925
2806
3296
3465
3759
4321
5007
5583
5704
5546
5133
4730
4383
3919
3513
3041
2824
2868
2953
3099
2875
2548
2144
1665
1542
1511
2005
2797
3453
3948
3572
2857
2097
1746
2198
2628
2899
2675
2071
1457
615
-216
-1002
-1695
-2070
-2438
-2769
-3261
-4001
-4536
-4881
-4790
-4626
-4521
-4378
-4299
-3918
-3367
-2512
-1624
-985
-494
-119
347
638
791
1076
1651
2510
3236
3709
3847
3610
3371
3283
3527
3745
3476
2997
2359
1838
1221
346
-439
-1239
-1801
-2269
-2768
-3334
-4170
-4843
-5068
-4764
-4209
-3839
-3683
-3757
-3918
-4079
-4116
-3883
-3536
-3105
-2632
-2070
-1503
-1253
-1441
-1961
-2313
-2193
-1616
-836
-128
508
981
1385
1724
2010
2299
2477
2859
3603
4646
5699
6226
6294
6043
5698
5635
5849
6330
6668
6428
5817
5076
4563
4290
3891
3391
2731
2077
1617
1100
489
-468
-1552
-2273
-2613
-2661
-2983
-3588
-4092
-4253
-3924
-3604
-3512
-3698
-4040
-4176
-4168
-3889
-3511
-3198
-2992
-3206
-3557
-3922
-3873
-3245
-2545
-1898
-1739
-1743
-1649
-1551
-1258
-1174
-989
-560
1
686
793
495
61
-211
117
590
1230
1848
2250
2701
2862
2882
2785
2629
2892
3351
3803
3945
3641
3276
2910
2394
1678
843
139
-244
-577
-1047
-1682
-2389
-2718
-2694
-2530
-2437
-2715
-3060
-3236
-2985
-2202
-1335
-518
52
326
331
62
176
935
2107
3093
3277
3000
2512
2144
2249
2627
3183
3335
2963
2527
2011
1520
935
524
692
943
969
612
30
-430
-969
-1382
-1469
-1303
-960
-934
-1210
-1543
-1912
-2028
-2024
-1871
-1496
-1215
-923
-743
-622
-442
-519
-628
-658
-519
-210
-184
-283
-362
-464
-675
-1190
-1599
-1550
-1263
-1117
-1333
-1622
-1599
-1373
-1125
-889
-784
-863
-1217
-1638
-1657
-1386
-1009
-667
-393
-115
-274
-788
-1199
-1091
-324
417
859
928
621
328
125
360
916
1262
1465
1516
1767
2192
2374
2511
2507
2613
3017
3481
4063
4257
4005
3735
3538
3634
3615
3346
3191
3057
2953
2546
1665
695
-181
-599
-556
-566
-920
-1739
-2689
-3294
-3652
-3881
-3988
-4045
-3885
-3689
-3665
-3854
-4408
-4848
-4760
-4166
-3346
-2916
-2774
-2596
-2258
-1584
-844
-179
303
533
992
1726
2494
2963
2925
2891
3006
3112
3081
2736
2391
2163
2046
2200
2353
2269
1834
1196
864
767
594
235
-277
-551
-577
-611
-745
-1142
-1605
-1927
-2073
-1925
-1722
-1550
-1365
-1271
-1116
-997
-980
-947
-949
-736
-274
246
691
769
625
533
624
1026
1422
1591
1536
1338
1321
1375
1225
744
-28
-559
-558
-174
191
28
-626
-1431
-1954
-1859
-1341
-776
-480
-502
-615
-749
-932
-1116
-1178
-995
-647
-312
-136
-166
-361
-542
-502
-214
203
497
611
689
796
960
1094
1151
1179
1081
919
841
923
1145
1281
1285
1206
1060
887
723
722
874
961
857
636
571
703
830
761
439
71
-194
-213
61
399
550
370
92
15
119
197
46
-180
-222
-46
178
243
107
-208
-629
-969
-1065
-883
-560
-326
-261
-391
-724
-1106
-1295
-1144
-790
-576
-666
-932
-1167
-1274
-1329
-1412
-1529
-1621
-1570
-1302
-959
-825
-1016
-1345
-1434
-1151
-703
-322
-129
-89
-143
-151
53
390
650
747
878
1213
1549
1591
1318
1058
1104
1410
1723
1809
1581
1112
612
323
307
358
169
-367
-1092
-1758
-2263
-2599
-2707
-2578
-2373
-2449
-2913
-3429
-3556
-3183
-2547
-1890
-1263
-630
-19
552
1122
1678
2091
2361
2770
3520
4417
5035
5187
5157
5245
5438
5558
5530
5407
5167
4795
4453
4309
4258
3940
3269
2488
1859
1384
875
344
-54
-311
-616
-1155
-1915
-2741
-3442
-3815
-3821
-3648
-3681
-4166
-4881
-5476
-5737
-5687
-5485
-5136
-4762
-4547
-4567
-4767
-4860
-4728
-4382
-3830
-3183
-2598
-2321
-2348
-2402
-2240
-1826
-1323
-777
-153
428
775
836
843
1049
1447
1927
2437
2950
3308
3334
3090
2846
2831
3007
3201
3293
3212
2899
2444
2115
2055
2094
1926
1527
1267
1332
1493
1434
1086
763
709
913
1224
1386
1292
983
643
503
555
661
722
755
834
856
630
212
-83
34
449
711
536
37
-433
-659
-689
-660
-666
-751
-920
-1151
-1392
-1592
-1772
-1891
-1850
-1606
-1288
-1132
-1199
-1319
-1287
-1072
-790
-499
-172
123
288
295
215
152
131
239
513
830
935
707
367
165
103
15
-171
-354
-458
-503
-532
-627
-909
-1418
-1915
-2059
-1843
-1576
-1545
-1722
-1891
-1989
-1978
-1823
-1523
-1212
-1108
-1165
-1216
-1150
-999
-815
-528
-151
150
264
247
248
358
564
893
1320
1741
2018
2094
2086
2088
2122
2183
2240
2309
2367
2393
2418
2420
2366
2204
1969
1811
1822
1970
2095
2054
1865
1642
1547
1606
1705
1686
1466
1163
971
992
1102
1078
796
341
-68
-333
-493
-663
-905
-1169
-1457
-1783
-2150
-2521
-2803
-2990
-3062
-3070
-3137
-3278
-3431
-3424
-3262
-3176
-3284
-3486
-3473
-3127
-2605
-2143
-1946
-2013
-2173
-2144
-1726
-1101
-580
-364
-296
-91
229
517
641
676
735
837
1003
1213
1371
1360
1176
1005
1021
1158
1294
1372
1466
1606
1721
1813
1893
1941
1900
1824
1905
2210
2578
2765
2705
2513
2307
2135
2017
1965
1939
1888
1838
1853
1899
1768
1321
688
175
15
156
338
348
115
-255
-598
-800
-850
-871
-953
-1079
-1162
-1138
-1075
-1068
-1145
-1256
-1350
-1423
-1485
-1523
-1523
-1503
-1496
-1507
-1531
-1563
-1589
-1578
-1534
-1502
-1537
-1611
-1604
-1426
-1147
-976
-1045
-1314
-1600
-1678
-1448
-1022
-665
-609
-850
-1129
-1196
-1004
-683
-350
-47
204
354
386
377
389
442
561
787
1092
1335
1320
1035
670
407
314
378
568
784
862
706
412
188
133
214
415
761
1181
1487
1540
1424
1337
1398
1591
1803
1975
2083
2110
2129
2180
2238
2199
1980
1668
1451
1441
1557
1614
1480
1215
908
604
333
91
-107
-285
-460
-609
-747
-941
-1220
-1517
-1729
-1797
-1809
-1865
-1988
-2124
-2216
-2223
-2108
-1910
-1756
-1771
-1910
-2048
-2066
-1961
-1784
-1554
-1333
-1197
-1174
-1236
-1293
-1283
-1171
-935
-607
-270
-26
100
138
115
87
154
413
833
1188
1282
1129
908
798
817
895
989
1077
1110
1033
799
412
-18
-266
-170
185
499
470
116
-316
-595
-636
-499
-230
116
465
735
833
747
548
380
397
650
1029
1352
1492
1438
1269
1102
1031
1070
1163
1239
1259
1240
1184
1068
920
795
751
757
707
530
246
-39
-204
-224
-203
-287
-533
-843
-1053
-1139
-1169
-1259
-1444
-1607
-1667
-1617
-1528
-1538
-1654
-1776
-1795
-1665
-1474
-1312
-1191
-1074
-941
-829
-756
-682
-544
-304
-10
233
352
356
327
349
445
585
717
862
1030
1170
1195
1044
780
542
440
487
566
532
293
-122
-567
-941
-1180
-1303
-1344
-1335
-1319
-1328
-1382
-1449
-1458
-1359
-1127
-768
-354
58
421
699
897
1054
1221
1440
1714
2011
2280
2467
2571
2607
2583
2502
2381
2265
2195
2196
2218
2183
2015
1718
1372
1064
858
733
632
492
285
35
-223
-469
-707
-957
-1221
-1469
-1653
-1770
-1858
-2003
-2235
-2495
-2676
-2693
-2585
-2453
-2396
-2459
-2553
-2566
-2447
-2189
-1902
-1660
-1507
-1446
-1407
-1330
-1131
-831
-466
-133
92
230
300
389
513
687
905
1130
1340
1486
1542
1499
1413
1375
1441
1601
1776
1869
1806
1617
1385
1183
1077
1047
1030
982
859
690
476
239
4
-194
-285
-273
-175
-82
-79
-167
-327
-439
-457
-376
-240
-119
-26
27
53
42
-34
-151
-246
-236
-66
215
472
572
463
225
22
7
210
529
791
861
724
473
231
69
-12
-56
-97
-136
-177
-224
-347
-581
-884
-1145
-1231
-1120
-910
-755
-767
-927
-1105
-1193
-1154
-1048
-980
-991
-1045
-1068
-1026
-953
-902
-919
-977
-1012
-969
-834
-637
-400
-128
162
427
604
674
689
762
998
1398
1849
2185
2278
2140
1882
1642
1508
1487
1536
1594
1597
1510
1309
1016
687
382
167
61
69
137
202
198
69
-165
-435
-644
-737
-714
-626
-533
-478
-474
-518
-599
-705
-793
-822
-761
-635
-504
-437
-459
-531
-627
-689
-714
-714
-668
-608
-532
-470
-464
-507
-579
-626
-592
-476
-330
-206
-142
-137
-160
-179
-155
-96
-28
33
55
33
-21
-75
-99
-83
-61
-78
-160
-311
-465
-550
-532
-438
-318
-249
-258
-305
-354
-357
-294
-156
47
285
519
680
742
717
674
712
874
1129
1356
1461
1433
1325
1232
1200
1220
1245
1245
1227
1207
1193
1164
1089
962
834
755
741
757
750
706
629
570
534
490
413
302
189
90
11
-42
-85
-121
-164
-223
-331
-511
-740
-957
-1087
-1098
-1027
-959
-961
-1054
-1224
-1417
-1580
-1670
-1660
-1561
-1421
-1311
-1292
-1392
-1557
-1703
-1754
-1662
-1491
-1321
-1211
-1208
-1270
-1352
-1388
-1339
-1214
-1035
-845
-678
-564
-500
-449
-376
-257
-97
75
236
387
523
667
819
967
1105
1217
1311
1386
1460
1551
1674
1826
1954
2049
2088
2071
2020
1940
1850
1774
1735
1730
1745
1715
1594
1390
1146
932
786
717
706
710
682
593
429
228
39
-87
-118
-76
-25
-38
-135
-298
-469
-598
-670
-694
-700
-706
-731
-788
-864
-953
-1024
-1060
-1063
-1038
-1020
-1006
-991
-970
-930
-889
-855
-820
-777
-696
-609
-539
-516
-545
-577
-582
-545
-492
-457
-465
-534
-635
-734
-798
-804
-750
-667
-591
-582
-651
-766
-870
-870
-740
-523
-306
-186
-212
-344
-480
-535
-453
-240
31
287
444
469
388
267
232
351
617
954
1245
1406
1416
1333
1240
1214
1298
1478
1697
1875
1961
1920
1768
1584
1440
1402
1472
1581
1654
1598
1399
1116
849
698
665
684
654
500
242
-48
-278
-388
-418
-432
-497
-624
-769
-920
-1047
-1152
-1214
-1212
-1153
-1065
-1010
-1011
-1075
-1177
-1256
-1268
-1188
-1053
-904
-798
-781
-852
-985
-1097
-1125
-1043
-879
-716
-629
-634
-713
-815
-893
-911
-847
-717
-541
-377
-272
-259
-333
-440
-506
-455
-293
-64
148
253
243
159
65
43
130
305
517
688
764
726
625
544
563
711
922
1111
1191
1146
1021
901
868
955
1111
1262
1327
1260
1099
901
768
756
851
997
1097
1087
957
748
549
445
473
607
768
868
821
641
391
152
19
17
104
194
198
69
-191
-498
-773
-941
-965
-901
-818
-816
-935
-1130
-1357
-1523
-1569
-1490
-1318
-1142
-1043
-1044
-1130
-1244
-1307
-1264
-1115
-902
-702
-578
-550
-604
-687
-752
-756
-690
-584
-483
-419
-401
-424
-456
-457
-418
-332
-219
-108
-13
55
115
200
321
475
628
753
826
842
828
817
852
939
1050
1149
1166
1094
959
783
645
581
602
678
751
774
713
577
399
251
186
236
381
559
710
765
716
601
475
422
473
614
794
936
974
892
731
554
422
365
383
438
468
437
322
130
-97
-316
-471
-538
-541
-515
-520
-593
-743
-939
-1126
-1239
-1264
-1225
-1167
-1149
-1189
-1286
-1406
-1503
-1545
-1525
-1473
-1417
-1387
-1391
-1402
-1400
-1357
-1274
-1165
-1045
-920
-798
-687
-559
-415
-250
-55
143
339
501
623
719
812
916
1044
1193
1336
1432
1448
1389
1298
1207
1179
1217
1276
1303
1239
1085
884
708
611
594
621
642
615
535
433
339
272
238
243
271
309
331
313
252
142
36
-23
-15
38
79
49
-61
-217
-353
-394
-347
-249
-174
-178
-227
-289
-331
-324
-302
-268
-247
-234
-207
-199
-216
-286
-393
-486
-532
-483
-388
-294
-252
-301
-393
-477
-492
-408
-270
-146
-98
-150
-260
-364
-403
-375
-321
-276
-268
-298
-352
-409
-458
-492
-508
-478
-398
-293
-209
-209
-289
-395
-435
-349
-170
19
116
91
-16
-112
-125
-40
109
244
317
319
274
221
189
197
248
333
429
525
586
581
533
472
449
508
653
839
982
1021
936
792
702
724
865
1046
1135
1089
928
747
640
630
692
743
733
636
487
330
187
72
-34
-113
-168
-232
-325
-482
-687
-892
-1048
-1106
-1091
-1061
-1074
-1158
-1290
-1408
-1454
-1415
-1317
-1205
-1126
-1082
-1060
-1035
-985
-909
-809
-707
-588
-450
-314
-197
-134
-104
-71
-13
101
250
388
468
480
458
439
457
518
594
645
660
656
659
673
667
625
563
524
540
609
678
682
594
461
347
314
365
440
477
436
339
227
146
132
155
191
218
211
181
130
57
-12
-47
-26
45
122
158
116
12
-101
-170
-147
-65
39
98
76
-19
-160
-275
-319
-279
-203
-148
-149
-235
-372
-519
-639
-682
-667
-606
-543
-528
-567
-653
-744
-798
-775
-673
-544
-422
-362
-347
-348
-353
-317
-242
-131
-11
104
199
244
257
241
233
267
346
459
549
602
595
541
484
433
424
434
470
503
502
474
385
273
168
109
123
176
230
230
166
55
-43
-86
-65
13
101
172
186
145
80
19
4
32
119
211
277
285
213
109
0
-46
-22
37
104
116
78
-4
-85
-127
-128
-75
-13
47
67
42
-3
-68
-109
-121
-99
-68
-69
-103
-189
-303
-415
-498
-521
-526
-515
-528
-584
-664
-767
-840
-879
-866
-818
-781
-746
-741
-758
-768
-759
-705
-620
-508
-388
-269
-153
-51
39
128
232
359
505
663
796
897
946
962
986
1018
1075
1146
1198
1218
1191
1105
994
896
841
840
878
907
889
806
660
514
413
384
418
472
493
434
299
122
-38
-128
-152
-130
-112
-158
-265
-426
-596
-714
-769
-757
-723
-698
-710
-766
-833
-884
-881
-824
-727
-627
-555
-520
-529
-557
-573
-557
-496
-420
-359
-349
-386
-461
-549
-615
-642
-620
-580
-552
-567
-623
-697
-762
-777
-727
-618
-487
-371
-300
-280
-273
-253
-170
-28
147
338
483
565
590
598
637
711
828
959
1064
1128
1142
1128
1094
1079
1079
1086
1093
1082
1061
1013
948
876
798
731
685
663
657
651
614
546
464
387
354
362
401
444
456
418
329
235
161
133
155
194
206
163
45
-121
-289
-405
-449
-447
-434
-468
-581
-750
-936
-1082
-1144
-1138
-1092
-1056
-1080
-1162
-1280
-1396
-1447
-1426
-1336
-1220
-1134
-1105
-1137
-1197
-1234
-1193
-1072
-899
-715
-582
-520
-514
-523
-494
-393
-224
-26
149
257
290
259
232
256
349
489
631
736
774
752
710
693
724
796
902
1005
1070
1091
1062
1022
985
974
1014
1070
1123
1137
1094
1002
875
764
691
655
656
646
600
497
350
190
48
-35
-55
-37
-9
-13
-57
-134
-221
-277
-282
-227
-140
-59
-12
-31
-102
-177
-227
-227
-183
-138
-109
-132
-201
-301
-388
-445
-460
-440
-421
-416
-452
-514
-587
-650
-676
-664
-622
-586
-569
-581
-615
-646
-669
-649
-592
-516
-430
-377
-351
-359
-384
-391
-374
-312
-222
-138
-76
-64
-95
-151
-195
-195
-143
-53
37
95
105
66
14
-20
-4
75
190
314
398
429
415
383
381
430
522
637
742
802
810
783
751
740
762
810
849
865
848
792
728
674
631
608
586
541
467
371
271
193
145
123
108
79
15
-85
-195
-298
-355
-370
-357
-345
-363
-427
-525
-635
-727
-767
-759
-718
-673
-660
-684
-742
-819
-870
-879
-832
-745
-659
-594
-571
-593
-637
-665
-649
-578
-476
-364
-283
-249
-251
-267
-262
-214
-123
-9
108
195
244
264
268
285
336
411
514
608
676
706
697
692
695
730
787
848
894
901
886
842
803
788
786
811
817
810
765
687
603
518
470
439
425
400
339
260
147
38
-57
-114
-142
-164
-186
-237
-297
-374
-453
-507
-548
-561
-563
-559
-569
-601
-632
-674
-704
-718
-726
-716
-711
-700
-695
-697
-704
-708
-702
-682
-644
-616
-581
-550
-523
-476
-441
-394
-334
-276
-214
-166
-117
-74
-23
31
84
144
188
239
262
267
276
285
320
350
388
417
419
402
364
343
321
321
339
353
361
333
302
256
219
209
217
250
274
282
260
228
208
199
223
261
310
347
357
347
304
274
263
280
323
356
386
370
330
273
216
190
183
204
214
213
187
123
48
-16
-47
-55
-43
-32
-39
-60
-117
-174
-218
-242
-230
-222
-206
-210
-240
-289
-341
-365
-387
-370
-346
-334
-330
-362
-381
-405
-421
-397
-362
-320
-287
-277
-285
-294
-289
-270
-228
-188
-155
-129
-116
-114
-129
-133
-136
-126
-102
-86
-68
-69
-76
-85
-97
-101
-93
-68
-44
-22
-13
-10
-12
-17
3
26
55
80
94
102
100
115
132
159
183
199
216
219
222
230
243
261
280
296
313
331
336
342
350
359
377
389
408
416
425
422
399
382
363
353
343
335
323
290
242
193
147
106
74
43
17
-16
-58
-106
-161
-216
-266
-302
-327
-354
-380
-416
-449
-477
-501
-514
-517
-514
-510
-504
-493
-477
-461
-437
-406
-374
-337
-302
-266
-222
-184
-145
-110
-71
-27
14
52
81
108
139
164
189
208
220
228
224
222
214
204
198
185
169
154
136
119
108
96
86
79
79
81
79
76
80
84
90
91
95
104
110
114
112
121
120
119
114
105
99
91
81
71
63
45
28
4
-18
-35
-48
-54
-62
-65
-72
-83
-94
-103
-100
-98
-98
-97
-99
-95
-92
-90
-86
-84
-76
-72
-68
-61
-50
-48
-49
-40
-35
-28
-19
-13
-8
-3
-1
5
12
21
34
39
48
52
56
67
69
68
68
71
69
62
60
54
47
38
19
5
-11
-26
-31
-41
-56
-65
-71
-72
-71
-69
-62
-56
-49
-39
-28
-15
-3
3
14
31
41
52
58
63
70
73
73
71
74
76
73
69
65
63
57
47
44
37
29
15
1
-2
-7
-6
-9
-14
-24
-32
-37
-46
-41
-41
-39
-42
-45
-48
-53
-53
-57
-56
-54
-57
-57
-53
-48
-46
-45
-43
-39
-33
-31
-26
-19
-16
-13
-10
-11
-13
-11
-6
3
10
8
5
9
11
10
13
18
25
24
26
23
19
19
18
14
8
9
8
8
5
1
1
1
5
11
9
12
20
27
32
30
36
45
54
54
54
61
67
73
75
78
75
69
67
69
68
73
74
70
67
58
52
45
39
30
20
12
-1
-18
-26
-31
-41
-52
-60
-70
-75
-79
-89
-92
-97
-98
-103
-113
-116
-122
-124
-129
-131
-131
-135
-136
-135
-129
-121
-111
-101
-91
-85
-73
-58
-49
-35
-24
-10
3
17
32
42
51
60
66
71
79
81
83
85
90
99
96
90
91
85
86
81
72
70
58
55
56
53
50
47
44
39
36
35
39
41
40
38
31
35
38
39
43
39
36
38
43
50
51
46
41
32
31
30
27
23
17
15
9
1
-6
-14
-24
-26
-30
-34
-33
-43
-51
-55
-58
-59
-62
-68
-76
-71
-77
-82
-84
-90
-90
-97
-102
-104
-110
-113
-119
-119
-112
-105
-102
-104
-100
-92
-86
-74
-59
-49
-41
-33
-22
-11
-1
5
16
28
39
53
59
68
72
73
83
87
94
104
106
110
110
107
107
110
109
105
105
103
102
99
96
94
88
86
78
68
58
53
50
48
41
37
34
29
27
18
10
5
1
2
-6
-7
-11
-19
-22
-30
-32
-36
-43
-48
-52
-60
-64
-72
-85
-94
-102
-105
-105
-107
-101
-97
-98
-95
-102
-102
-100
-98
-94
-92
-86
-77
-65
-54
-44
-26
-17
-5
6
17
33
41
49
53
57
62
64
64
64
58
50
48
49
42
36
27
20
13
5
1
0
-2
-4
-9
-6
2
5
12
22
33
41
52
65
77
90
97
107
118
129
135
136
137
127
123
118
109
103
88
76
66
55
42
32
27
17
12
7
1
-4
-13
-24
-34
-44
-56
-70
-89
-111
-126
-140
-162
-185
-206
-227
-239
-257
-277
-288
-299
-307
-313
-319
-322
-314
-307
-300
-285
-273
-239
-205
-180
-147
-120
-81
-35
13
56
97
145
187
221
254
294
334
358
381
395
412
437
440
442
434
425
419
409
391
372
355
334
317
287
257
232
202
177
147
116
91
61
31
8
-9
-30
-48
-68
-86
-100
-116
-126
-139
-149
-147
-148
-151
-153
-158
-166
-172
-179
-182
-185
-190
-193
-200
-205
-208
-213
-215
-222
-222
-231
-232
-229
-230
-220
-213
-209
-205
-208
-208
-207
-212
-207
-204
-203
-201
-197
-189
-185
-179
-176
-163
-143
-124
-102
-83
-53
-26
-6
20
41
64
87
105
129
143
157
167
175
178
176
179
180
183
182
184
185
177
170
168
171
175
183
186
194
201
213
232
241
251
256
265
271
274
276
266
257
246
230
211
189
160
130
105
76
41
11
-21
-47
-74
-99
-107
-125
-138
-141
-151
-144
-140
-137
-129
-115
-102
-91
-73
-61
-48
-38
-33
-30
-36
-41
-50
-60
-68
-88
-103
-129
-158
-177
-201
-223
-237
-252
-258
-261
-265
-265
-257
-243
-222
-203
-178
-150
-128
-99
-67
-39
-13
13
37
52
68
76
84
88
83
87
89
88
82
69
60
46
39
30
20
15
9
9
10
11
16
21
29
41
47
58
66
70
89
98
104
108
110
122
128
130
126
131
134
133
131
123
125
124
122
124
116
106
99
98
97
87
78
67
62
57
47
41
33
26
19
5
-5
-17
-35
-42
-60
-74
-84
-100
-110
-122
-136
-144
-146
-150
-149
-148
-145
-141
-140
-132
-119
-112
-101
-90
-78
-62
-53
-46
-39
-33
-24
-15
-12
-7
-2
5
7
15
25
24
25
25
21
18
12
7
7
-1
-3
-3
1
5
0
4
4
4
6
3
6
5
11
14
18
22
20
25
30
36
40
38
40
43
49
50
54
55
58
62
53
48
51
47
47
44
38
28
13
7
3
-1
-3
-5
-12
-21
-27
-34
-34
-32
-32
-30
-30
-30
-30
-29
-25
-21
-16
-12
-11
-11
-10
-7
-3
-1
-2
-4
-5
-5
-1
-1
-6
-6
-8
-9
-9
-8
-3
1
4
8
12
13
10
8
5
4
0
1
-2
-12
-8
-5
0
0
-3
2
6
3
1
1
6
14
15
10
9
8
9
8
8
8
9
8
1
0
3
1
-9
-14
-15
-16
-10
-9
-13
-11
-13
-16
-16
-9
-1
-2
1
0
-1
-2
-1
2
1
7
8
12
20
23
22
23
23
20
22
17
21
23
15
13
9
10
9
6
9
3
0
-4
-5
-8
-17
-19
-24
-23
-27
-24
-20
-27
-23
-24
-24
-18
-22
-22
-22
-22
-13
-12
-11
-11
-11
-13
-16
-20
-22
-22
-30
-32
-34
-32
-30
-28
-24
-22
-20
-20
-20
-13
-2
3
9
14
19
21
27
34
39
46
48
51
63
77
91
105
112
123
136
138
142
141
149
151
142
141
133
126
117
100
84
66
47
32
14
-2
-24
-45
-64
-86
-104
-126
-137
-150
-165
-169
-183
-183
-183
-192
-190
-186
-183
-177
-169
-154
-138
-132
-118
-104
-94
-76
-66
-47
-33
-23
-9
-9
4
17
23
38
44
54
62
68
74
74
73
75
71
71
66
58
58
51
46
38
29
29
25
25
25
18
15
10
6
4
4
2
-3
-10
-12
-10
-11
-12
-10
-5
0
5
