-55
-59
-54
-49
-53
-49
-45
-39
-33
-37
-32
-31
-26
-18
-17
-6
-8
-4
5
5
18
14
20
22
21
27
20
24
19
30
38
40
57
50
55
53
50
64
56
57
56
55
57
46
45
37
29
24
26
32
24
29
22
13
10
-2
3
-3
-5
-4
-11
-4
-8
-6
-9
-24
-26
-34
-33
-37
-45
-49
-59
-60
-72
-80
-88
-101
-105
-116
-121
-119
-122
-116
-112
-113
-111
-109
-100
-92
-85
-78
-70
-55
-41
-27
-15
-1
17
32
50
70
94
113
128
144
159
178
188
197
208
210
216
207
198
193
182
176
164
152
138
123
106
86
70
52
40
24
3
-12
-29
-41
-44
-52
-65
-76
-85
-90
-90
-91
-101
-104
-105
-111
-110
-113
-116
-118
-123
-125
-128
-138
-140
-139
-133
-125
-126
-123
-121
-112
-101
-96
-79
-71
-53
-42
-28
-11
-3
16
22
40
54
61
76
80
91
96
96
102
95
94
92
94
86
76
76
70
74
65
64
60
51
58
49
51
44
36
37
29
34
31
31
26
15
21
11
10
4
1
4
-6
2
-9
-12
-14
-24
-16
-25
-20
-25
-28
-24
-28
-18
-24
-22
-27
-26
-23
-34
-31
-43
-41
-45
-50
-47
-62
-54
-60
-50
-47
-48
-40
-48
-38
-43
-36
-27
-29
-18
-17
-8
-4
2
15
16
26
30
33
44
44
53
58
60
65
66
68
66
67
66
61
55
45
44
38
36
33
22
17
4
-2
-4
-8
-16
-27
-23
-25
-27
-31
-37
-35
-43
-44
-46
-51
-50
-51
-54
-52
-48
-39
-37
-29
-22
-11
-2
3
15
15
20
26
26
30
26
27
27
23
22
13
9
11
7
9
10
5
3
-4
-9
-10
-13
-17
-20
-15
-15
-12
-16
-18
-17
-17
-9
-5
1
6
9
10
11
16
14
21
28
24
30
22
19
16
8
11
-2
2
6
5
7
-1
3
3
2
3
0
4
-4
-3
-8
-11
-12
-19
-16
-18
-10
-6
-6
-4
-3
-3
-6
-2
0
-1
4
-1
-2
-5
-7
-7
-10
-7
-9
1
7
7
8
6
9
3
2
-2
-2
-3
-4
2
-2
-2
-3
-4
3
9
8
6
6
7
10
11
10
11
10
16
17
13
11
0
-3
-8
-10
-8
-15
-12
-13
-14
-6
-7
-3
-7
-10
-4
-8
-7
-10
-12
-6
-4
-4
-9
-7
-5
-8
-10
-7
-11
-10
-2
-3
-1
-2
-2
1
3
5
1
6
12
8
5
7
4
9
11
11
13
14
11
7
1
-1
4
4
9
9
6
6
-4
-1
3
3
7
5
4
10
15
13
16
20
22
23
18
11
6
-1
-3
-5
-10
-14
-15
-20
-22
-25
-26
-29
-27
-27
-27
-24
-22
-16
-14
-16
-14
-14
-11
-8
-14
-9
-6
-5
1
5
13
12
12
8
5
13
13
12
10
12
9
8
10
5
7
2
-1
3
9
15
11
11
10
11
11
9
9
4
8
12
14
17
12
10
6
3
3
-3
-10
-13
-12
-9
-6
-7
-5
-4
2
10
8
11
4
-3
-4
-11
-11
-15
-7
-3
-8
-9
-11
-12
-15
-13
-11
-10
-7
-10
-6
-10
-8
-5
-3
-1
-11
-10
-11
-8
-5
-8
-5
-6
-1
-3
-6
-4
-3
5
3
2
6
-1
1
0
-1
2
4
11
9
12
14
11
14
8
12
14
13
18
15
18
18
16
15
15
15
12
12
5
7
4
1
-3
-5
-9
-6
-5
-6
-3
-10
-6
-4
-5
-2
-6
-5
-5
-6
-1
-4
-2
-3
-1
-1
-6
-1
1
5
4
2
-1
-6
-2
-8
-4
-4
-9
-7
-10
-13
-14
-10
-9
-12
-7
-6
-11
-11
-17
-22
-22
-23
-20
-20
-17
-12
-6
1
-5
-3
-6
-1
8
8
15
15
18
13
5
5
6
9
10
7
7
8
5
2
3
5
4
6
7
12
16
13
21
21
26
29
24
30
26
35
40
35
41
33
29
22
12
22
13
16
15
7
10
-3
-4
-12
-10
-10
-17
-13
-25
-24
-33
-44
-38
-43
-39
-43
-45
-37
-47
-45
-45
-47
-38
-38
-30
-27
-27
-22
-26
-25
-25
-24
-19
-25
-25
-21
-19
-5
-3
4
2
1
13
10
15
12
21
32
28
35
30
28
37
35
39
36
42
38
37
39
35
36
33
39
42
40
39
34
30
24
21
19
13
11
7
6
0
-7
-7
-18
-15
-18
-25
-23
-28
-27
-27
-29
-22
-22
-24
-25
-26
-25
-22
-20
-17
-14
-16
-17
-18
-14
-12
-12
-9
-12
-12
-13
-15
-13
-13
-5
0
2
-2
0
3
3
9
6
7
10
12
16
13
17
14
7
8
3
3
4
7
11
9
7
0
0
5
5
3
-1
1
6
7
5
2
2
5
4
13
14
14
16
13
16
16
21
20
11
5
1
0
2
1
2
-2
-8
-9
-8
-9
-9
-7
-8
-9
-8
-13
-18
-20
-19
-21
-17
-13
-14
-11
-11
-10
-6
-9
-7
-5
-6
-3
-1
5
8
4
5
5
3
1
0
1
-3
-3
-3
-4
0
1
4
2
2
-2
-1
4
3
5
7
6
5
0
-3
-2
3
7
8
5
3
1
0
5
13
20
24
22
21
21
19
16
6
-2
4
16
32
42
30
16
5
-3
0
1
9
24
54
84
94
82
41
11
15
43
88
119
143
154
132
91
36
-16
-73
-113
-111
-89
-70
-94
-172
-280
-390
-458
-473
-457
-391
-331
-273
-228
-220
-226
-246
-251
-218
-123
30
205
343
393
379
339
298
302
358
454
549
625
661
658
607
503
379
264
205
219
278
348
341
231
73
-92
-230
-328
-402
-428
-434
-443
-439
-452
-526
-676
-862
-1010
-1043
-968
-834
-700
-624
-620
-639
-651
-647
-619
-569
-431
-217
20
247
389
429
383
338
392
523
704
854
987
1089
1129
1134
1053
937
813
726
766
876
978
999
910
788
631
474
361
287
257
244
281
364
398
301
38
-269
-469
-539
-491
-396
-313
-328
-485
-695
-915
-1117
-1324
-1471
-1438
-1260
-1027
-901
-931
-1101
-1388
-1612
-1603
-1322
-927
-613
-388
-222
-112
-77
-109
-116
-27
182
526
955
1313
1426
1306
1090
949
951
1059
1216
1330
1379
1354
1275
1155
961
715
485
362
378
464
522
463
268
21
-197
-334
-397
-439
-474
-482
-443
-405
-419
-520
-698
-878
-989
-980
-879
-773
-719
-734
-778
-834
-909
-979
-1043
-1055
-993
-856
-663
-502
-411
-414
-458
-466
-416
-283
-126
31
186
327
463
556
586
567
532
555
660
834
1020
1146
1182
1128
1049
986
950
957
997
1082
1191
1276
1284
1167
959
741
595
564
610
675
700
622
444
178
-129
-423
-668
-799
-817
-772
-767
-885
-1132
-1454
-1732
-1876
-1843
-1674
-1442
-1209
-1033
-925
-889
-898
-888
-793
-549
-175
261
637
857
912
866
814
809
871
983
1109
1216
1270
1241
1107
877
601
365
231
184
172
119
-21
-247
-494
-698
-830
-902
-946
-977
-1013
-1041
-1052
-1044
-1023
-978
-901
-788
-656
-529
-419
-327
-245
-142
-17
117
233
304
344
357
360
374
393
428
450
439
398
328
257
195
153
132
121
114
109
112
106
89
71
50
51
70
117
194
280
363
428
484
540
595
652
712
783
840
882
910
920
919
905
873
815
750
671
582
484
374
264
151
31
-97
-225
-349
-466
-568
-662
-733
-785
-831
-877
-923
-949
-965
-960
-928
-872
-811
-770
-746
-728
-710
-682
-632
-572
-496
-430
-379
-332
-312
-299
-265
-209
-145
-73
9
82
127
140
160
189
222
264
314
389
435
425
392
361
337
294
266
276
279
247
183
110
44
-16
-68
-81
-67
-68
-85
-87
-69
-49
-13
63
168
262
333
388
446
486
525
594
691
763
781
748
675
563
434
341
284
247
165
41
-110
-304
-521
-726
-866
-949
-991
-1009
-1022
-1051
-1111
-1173
-1208
-1189
-1124
-1018
-871
-711
-553
-412
-271
-124
10
140
268
428
587
728
875
1005
1125
1188
1219
1230
1221
1197
1154
1149
1142
1125
1088
1025
958
827
673
515
402
318
223
169
115
53
-105
-285
-419
-542
-610
-669
-611
-567
-574
-610
-694
-709
-792
-806
-762
-665
-525
-493
-440
-480
-510
-570
-601
-525
-484
-366
-337
-280
-276
-344
-347
-376
-281
-246
-181
-105
-91
-64
-150
-150
-155
-145
-111
-98
-25
-46
-71
-115
-141
-132
-125
-43
55
154
197
225
251
251
261
321
458
590
716
810
869
851
767
703
674
702
715
768
834
807
714
527
357
187
10
-43
-61
-26
-62
-186
-277
-478
-670
-841
-927
-881
-909
-835
-778
-777
-813
-954
-964
-969
-923
-783
-598
-343
-213
-108
5
62
156
251
430
694
858
1025
1164
1226
1238
1127
1161
1177
1136
1197
1171
1232
1083
895
798
558
443
200
176
148
-55
-80
-290
-366
-626
-806
-806
-997
-948
-1017
-904
-897
-1033
-946
-988
-891
-971
-914
-705
-675
-549
-493
-269
-203
-262
-133
-17
43
-65
24
248
291
237
209
331
391
224
76
142
225
125
38
180
259
127
52
2
-14
-110
-230
-155
-32
36
-54
-46
-3
-155
-272
-356
-268
-173
-113
15
126
219
23
-93
-36
7
104
166
341
491
585
559
468
489
405
332
412
541
569
567
612
533
421
302
104
12
-72
-180
-229
-245
-339
-561
-462
-401
-596
-863
-1198
-1070
-790
-629
-778
-840
-390
-290
-321
-529
-598
-252
-1
329
334
637
895
945
1105
755
715
855
1217
1493
1452
1531
1288
1396
1237
854
622
394
608
716
841
270
-87
94
-272
-600
-968
-919
-832
-703
-663
-1098
-803
-955
-1342
-1381
-1222
-1052
-1323
-834
-521
-591
-675
-865
-614
-407
-271
-401
-309
229
200
261
279
417
333
19
348
510
450
222
283
662
304
-162
-132
167
146
-339
-443
-209
155
-220
-689
-386
-88
-322
-709
-442
-11
-54
-167
-292
-12
304
52
-194
-52
446
550
55
-45
458
794
327
-157
132
615
598
15
65
513
516
132
13
411
532
280
89
401
736
384
-32
181
641
598
213
27
376
712
381
-90
-141
299
385
-38
-123
133
255
-51
-182
-181
-226
-94
-271
-268
145
162
-256
-333
121
61
-230
-335
-325
101
312
86
-231
-37
131
-185
-346
-342
-173
-290
-180
-36
-322
-376
-497
-515
-483
-366
-519
-586
-125
-158
-291
-433
-451
-305
-251
-239
-332
12
-9
-156
23
-29
-115
-84
95
38
97
103
167
244
105
172
88
255
54
-24
269
161
106
-201
166
174
-42
45
-219
217
-32
-68
22
-142
149
-125
297
181
4
345
89
421
192
96
346
426
693
322
432
410
261
479
160
368
460
277
274
169
176
-286
-219
67
-178
-107
-215
-288
-284
-531
-652
-606
-296
-305
-573
-405
-301
-410
-620
-663
-344
-258
-107
-77
-34
152
-134
-118
122
241
244
335
663
701
600
256
313
718
491
341
629
770
557
353
177
169
321
91
-181
131
256
-282
-326
-245
-571
-618
-365
-378
-627
-552
-506
-409
-521
-722
-526
-306
74
-290
-551
-89
60
-74
-273
3
200
290
92
-20
69
99
422
-151
105
690
123
50
134
302
186
33
148
317
365
-31
85
169
225
58
-133
177
120
303
-42
-221
281
-44
-82
-71
137
246
-123
190
14
-291
-54
84
-13
54
201
-183
-70
119
-153
-250
93
360
-94
-10
74
-147
36
58
-194
111
108
-483
99
-133
-427
-225
-425
92
-439
-444
-516
-430
189
-899
-686
-141
-85
-350
-636
44
-197
-88
-315
-355
253
70
104
-183
528
593
-362
340
528
303
375
482
457
407
778
155
254
797
337
294
505
470
62
412
454
-174
425
288
-123
174
139
99
-54
172
37
-107
199
-183
-185
197
39
-176
-73
154
-128
-257
-152
-151
-127
-302
-288
-203
-261
-228
-565
-383
-135
-421
-326
-411
-254
-54
-273
-306
-171
-8
-180
-75
83
57
-123
112
394
-139
99
256
-47
393
-25
-94
218
203
-99
-184
214
-5
-189
-135
-99
72
-300
-121
75
-68
-63
-265
313
168
-272
348
349
334
241
203
595
431
474
182
596
685
147
398
317
291
140
33
323
-268
44
-256
-173
-300
-598
-486
-347
-537
-839
-630
-402
-827
-629
-823
-382
-453
-550
-546
-518
151
-476
-483
130
-5
23
-12
203
-23
174
495
-314
387
404
250
157
150
447
-28
247
295
155
467
217
489
123
134
315
347
181
62
587
341
117
165
-69
139
128
-88
-152
333
265
-336
-301
148
-103
-378
33
105
63
177
35
-74
175
447
139
247
678
650
457
482
549
489
755
524
352
668
624
246
0
335
165
-177
-49
-277
-62
-294
-755
-581
-465
-497
-1018
-757
-641
-682
-767
-1241
-661
-405
-766
-1137
-607
-207
-789
-677
-620
-198
-50
-586
-490
-59
336
-627
-489
336
9
-180
-171
193
-92
200
-113
-402
303
237
-70
102
332
457
-30
395
192
205
720
357
463
862
686
416
575
871
430
668
809
801
1020
147
715
671
660
-157
312
1036
207
-64
197
380
140
-161
-568
-27
561
-587
-849
-64
135
-654
-1070
-492
-345
-365
-1100
-1032
-352
-77
-1164
-1252
-110
-346
-725
-681
-507
-27
-44
-380
-560
190
546
-350
-130
399
306
304
155
190
76
621
298
-232
494
541
369
-87
19
390
134
284
-139
278
652
-7
-36
-60
391
18
84
257
263
741
230
-189
384
334
142
274
433
644
517
323
139
404
332
35
344
469
361
239
199
34
80
-59
-281
-64
120
-113
-328
-145
-338
-584
-410
-851
-479
-412
-619
-620
-619
-571
-921
-1021
-782
-769
-758
-852
-483
-672
-820
-725
-883
-353
-637
-574
-236
166
-123
-452
84
291
121
89
224
838
755
354
119
1125
709
-2
656
645
880
548
202
409
744
432
-339
315
683
547
10
50
674
221
265
-63
132
889
451
228
317
603
702
-192
309
142
524
437
-325
657
109
-66
-519
-156
-118
-864
363
-329
-440
-11
-571
-345
-1152
-105
-528
-652
383
-450
-148
-180
-503
-452
-512
-223
-311
215
266
-318
241
-159
-350
-477
109
271
-96
563
250
188
218
-565
-28
578
-156
324
339
449
179
-312
-121
-225
150
25
-14
181
100
-63
-604
-194
-126
-404
96
-149
349
-318
-230
8
-480
-65
138
-137
237
464
-146
-200
454
-294
-13
515
128
338
478
232
-10
152
254
271
50
499
281
6
305
74
-262
-8
275
-37
-43
136
-714
91
-202
-639
-371
-453
118
-589
-650
-716
-191
-574
-1014
-336
-419
-188
-749
-577
17
-533
-384
-289
-91
254
8
-8
113
338
242
414
220
813
687
515
934
500
716
763
920
987
698
1036
827
671
1201
149
846
668
1237
2
181
1240
333
68
-217
266
672
-446
-348
-281
462
-393
-1252
-303
-548
-616
-1539
-298
-404
-1060
-893
-918
-904
-1189
-1303
-934
-576
-560
-906
-296
-1079
-297
-1319
-825
-166
-383
-236
-160
330
-342
-351
-375
-402
301
90
303
139
805
410
-432
146
121
650
89
419
1328
402
522
139
293
518
285
699
946
895
623
776
478
-21
283
607
887
661
230
1113
545
185
-410
158
810
23
76
1042
324
191
-438
388
-155
-36
190
-469
1050
-80
-283
-317
23
-20
-1020
538
-589
-207
40
-876
-355
-791
-332
-812
-736
-201
-953
-375
-1076
-987
-683
-909
-510
-908
-321
-493
-1053
-630
-427
-947
-354
-219
-148
46
-75
-456
-76
-101
-322
283
146
889
367
-35
974
357
348
127
602
797
872
838
1119
288
555
1129
470
85
689
511
1669
1068
-732
1037
1609
46
-948
629
1571
176
-546
1088
868
-60
-362
-541
-186
815
-816
-530
602
-11
-820
-496
-651
-1156
-421
-739
-557
-814
-386
-300
-1604
-608
-956
-1389
-309
-817
-894
448
-800
-1176
-291
-272
-632
-401
20
-500
805
-306
34
-321
57
931
-762
539
805
-213
1107
-275
259
699
385
266
523
1250
-282
839
300
318
867
284
652
481
642
797
-321
843
170
397
664
247
319
622
537
-576
180
830
-311
278
649
-59
400
-11
73
-387
434
-121
-94
750
-196
-387
156
184
-1160
-454
137
-762
-6
-426
-1140
-273
-422
-1343
-1500
-141
-649
-1058
-408
-881
-708
-537
-844
-1507
-150
-56
-585
-449
116
155
-149
-675
-543
303
308
-302
62
1170
92
211
-48
-337
775
-10
174
663
765
514
110
482
333
94
305
568
940
519
1107
420
234
309
-52
927
723
320
1053
558
315
103
190
429
225
313
369
1190
200
-297
382
22
-221
-241
639
628
-272
175
-844
356
-334
-928
-665
320
-247
-512
-782
-1226
-15
-712
-1865
-954
-66
-319
-1812
-866
-369
-1065
-714
-1843
292
-724
-593
-932
-533
809
-917
-902
224
377
-599
-72
1378
-51
-101
353
807
706
-59
641
859
1491
276
35
1465
1635
-776
236
2153
411
1317
-42
622
1289
558
131
-578
1924
798
-332
177
847
649
-603
151
12
-237
1025
-596
-251
336
-213
-782
-916
47
-585
-77
-464
-1045
-24
-333
-1391
-867
-133
-274
-1439
-123
-192
-997
-38
-972
-944
70
-354
-543
133
-203
-422
-831
231
-472
-194
609
-688
-177
560
218
-1361
344
782
-759
989
-22
171
234
293
376
-919
1027
460
685
974
-280
771
326
714
175
-84
1712
1090
-231
461
1551
157
-46
974
314
961
430
-171
472
936
859
-742
-600
631
-163
279
195
-1069
145
-61
-235
-700
-456
-807
-965
-127
-565
-862
-380
187
-1611
-1999
688
-1235
-470
-388
-1420
123
-38
-1125
-2161
1468
342
-2656
142
825
-1112
-740
1166
-1005
-655
655
-1134
874
855
-226
-877
664
1230
-1214
851
2225
150
-310
1014
1159
368
690
634
1333
2061
354
-86
720
1587
362
-557
1307
1155
324
56
-465
622
-18
-1111
-725
550
1285
-1379
-1248
244
-106
-1051
-1863
41
1105
245
-1287
-1150
1056
-544
-1201
328
1092
277
-1123
659
1021
-40
-796
-850
2217
1541
-1229
-805
1055
1341
-632
-1220
-407
1629
2292
-2413
-1563
1503
-234
-1129
-88
-130
-867
833
-669
-2429
289
954
-1992
-2470
1289
990
-1420
-660
-1032
280
735
-1687
-955
2056
1878
-1402
-1981
1929
2061
-764
-48
422
187
1733
899
-1119
909
973
-508
749
-734
524
803
-194
-393
-1184
909
215
-82
-1335
-336
-342
-1339
2047
-581
-1046
-784
-771
-127
-216
648
-1753
89
977
-1237
-547
-575
257
-571
186
390
-840
2236
-120
-1366
1370
979
-255
-395
2037
2447
658
-510
304
1979
1267
54
-29
2119
1369
-1213
78
1101
633
-556
-917
-517
260
-218
-1961
-867
-768
-861
-935
-1196
-675
-1423
-1437
-263
-966
-1594
-157
1136
-143
-715
572
363
1478
-347
-321
2899
2242
800
1000
2237
849
45
2919
1376
421
1636
786
1544
1204
-999
-1123
2201
229
-3183
958
1025
-2369
-1433
-240
-1613
-2378
-486
-2543
-1144
711
-2723
-2181
114
-1794
-2565
-136
492
-1268
-1098
-543
-1428
958
1476
-2311
-523
1674
-759
-665
1709
-242
-276
1762
-26
-1217
-105
2284
201
-387
-136
505
1144
463
-265
187
2027
-458
-1127
1821
2338
-354
-1864
1422
1940
-850
-637
1338
1243
-119
-1151
-975
1542
1465
-1364
-1144
1761
1308
-80
344
88
-46
790
45
477
2055
1719
-193
-799
451
67
213
487
174
-21
-353
-1286
-1466
-741
-820
-1821
-1590
-1684
-1753
-1489
-1922
-2084
-2402
-1699
-930
-1538
-1580
-486
-666
-1060
-448
283
459
812
634
395
1803
1930
1242
1824
1867
1603
2834
2740
1897
2323
2934
2744
2087
2044
2016
2081
1710
1544
1715
2378
836
-405
-260
63
128
-409
-358
-1030
-1181
-2239
-2583
-175
-674
-3208
-3234
-1667
-493
-1885
-2301
-1439
-1783
-1673
-1460
-1623
-591
-321
-1140
-1354
-641
-84
-25
-174
-805
-252
-292
271
765
-32
341
-505
-1019
409
765
844
-626
-644
-279
-399
125
-55
-29
-511
-694
-439
-733
-983
147
323
-1315
-1114
680
1232
-971
-1341
1356
1862
976
-280
1055
2849
2522
842
963
3256
2919
1428
1245
2551
2719
1420
874
635
1286
733
-976
-342
505
-777
-2389
-1929
-1006
-1165
-2036
-3004
-1777
-1219
-2421
-2736
-1541
-501
-1588
-1784
-484
-201
-358
-604
40
1316
915
653
721
1609
2270
1844
2106
2127
2097
2308
2170
2185
2020
2174
2932
2480
1306
588
684
1383
1153
-404
-771
528
240
-1461
-2835
-2481
-777
-1586
-2782
-2829
-2853
-3050
-3042
-1832
-1211
-2404
-4095
-2753
-141
-392
-1408
-1466
-318
-519
-471
1064
1122
1071
-312
-622
2094
2621
679
312
1869
1818
760
903
1617
1638
240
-802
1133
2360
1631
-462
-793
-242
-1287
-920
619
2170
361
-2241
-2504
-488
1239
266
-721
-836
-476
1040
815
285
469
3
-126
99
1123
1780
985
-540
-729
303
178
-247
-456
-986
-1574
-1818
-1677
-1346
-1091
-1998
-3185
-2923
-1708
-1690
-1740
-1628
-1777
-1646
-1636
-723
304
420
-458
-13
1018
1225
2218
1996
1855
2775
2655
2838
3424
3563
3252
3731
4301
3989
3576
3503
3322
3365
3357
2857
2763
2757
1312
582
940
374
21
126
-24
-1780
-3491
-3287
-1724
-1720
-2974
-3799
-4008
-3618
-3655
-3394
-3658
-4332
-2831
-1787
-2432
-3607
-2864
-716
-287
-1501
-2508
-642
833
1092
849
355
118
345
906
1046
1468
1297
775
837
1692
1136
-205
-58
8
1398
1642
476
366
64
-778
-910
1381
2143
662
-1424
-1254
622
1247
588
71
507
323
-418
-75
791
1012
249
-865
-900
-294
-170
-937
-767
-1118
-1733
-1846
-2055
-1327
-1046
-2261
-2836
-1513
-623
-1348
-1884
-1685
-792
-11
-264
-473
118
665
709
569
1483
2600
2338
1818
1454
2469
3664
3838
3738
2994
2917
3452
3621
3570
3546
3349
2763
2971
2662
1798
2029
2019
1006
7
90
287
-342
-1656
-2800
-1740
-1316
-3121
-3931
-3816
-4164
-4095
-3072
-3191
-3582
-3909
-4790
-3716
-2024
-1546
-2814
-3067
-1103
-1008
-1038
-405
368
931
-812
-1332
907
2633
2442
1122
639
915
1804
2476
1756
1760
1132
757
1893
2383
2239
850
131
381
1264
2684
1236
-818
-607
895
1647
770
134
46
-84
-976
-1577
-39
816
-353
-1889
-2733
-1482
-1392
-2434
-2166
-2646
-3329
-3491
-3253
-2467
-2304
-2850
-3468
-3087
-2507
-2308
-1811
-1316
-365
-399
-762
20
498
1497
1829
1818
2708
3294
3462
3448
3970
4308
4548
5181
5339
5267
5182
5517
5113
4206
4583
4736
4997
4411
2798
2121
2420
2160
565
96
-398
-1113
-1330
-2480
-3085
-3447
-4198
-5206
-5701
-5371
-5625
-5867
-5272
-5152
-6257
-6397
-5303
-4479
-3407
-3409
-4109
-2826
-1391
-1097
-696
215
700
599
1165
1742
2243
3188
3484
2355
2393
3923
3718
3411
3042
2231
2831
3764
3484
1635
2053
3122
2275
1326
279
979
2115
1722
-495
-829
1366
433
-893
-1005
-667
-703
-1945
-1858
-1717
-1369
-2399
-3871
-2865
-2626
-3535
-4640
-4249
-3031
-3296
-3703
-4292
-4112
-3374
-3344
-3034
-2023
-611
-1209
-1952
-1205
-370
1153
1813
2064
2128
2361
2609
2476
4306
5172
4808
4871
4788
4860
4910
6396
6508
5540
5612
4798
4816
5652
5660
4393
3841
3293
1680
2012
1738
620
-254
-1278
-1861
-2902
-2966
-4123
-5602
-5323
-6234
-6736
-6049
-5850
-6621
-7559
-7887
-7411
-5011
-3862
-5327
-5856
-4802
-3370
-2345
-1103
-605
-1181
-168
961
1266
2614
3492
3067
3116
4275
4892
4847
5032
4744
4362
4808
5861
5860
4765
3444
2508
3553
4824
4075
2819
1891
842
-26
154
882
698
-691
-2836
-3596
-2653
-2673
-4064
-5005
-4680
-5340
-6650
-6234
-5484
-5372
-6212
-7122
-6569
-4989
-4486
-5323
-4638
-3193
-2579
-2572
-2067
-735
71
893
1258
1595
3283
4331
3948
3981
4993
6149
7143
7111
6010
5971
7291
8772
8806
7627
6267
5258
6638
7794
6579
5610
4982
3421
1814
2185
2712
1941
331
-2159
-3519
-3040
-2297
-4090
-5873
-5506
-7077
-8442
-7365
-7024
-7277
-7614
-8789
-9059
-7115
-6149
-7069
-6348
-5151
-5150
-4541
-3284
-2722
-2315
-617
1
-55
1523
1451
1791
3822
4395
4285
4434
4903
4434
5588
7285
6494
5595
4485
4758
5570
6165
5554
3501
4218
3596
1708
1448
2236
2231
-117
-784
-1655
-1951
-2174
-3965
-3740
-4062
-4666
-6312
-6904
-5195
-5988
-6485
-6767
-6693
-5952
-5955
-5829
-5588
-3258
-2982
-4102
-2859
-2006
-531
315
994
1804
2206
3388
3258
4322
6080
6487
6464
6430
7387
7447
8327
9014
8241
8489
7733
6999
7353
7934
7243
5858
5304
3821
2986
2673
1891
650
-872
-1716
-3223
-3672
-3756
-5559
-6548
-7487
-8779
-8423
-7487
-7897
-9003
-8883
-8712
-8694
-7877
-7338
-6791
-5609
-4604
-5168
-4931
-2995
-2219
-1081
327
68
-344
847
2732
3500
4332
4359
3472
4553
6313
6621
6181
5778
5069
5439
6974
6914
5920
5661
4724
2985
2735
3634
3398
2508
1258
-936
-1219
-755
-2201
-3164
-3231
-4039
-5677
-5808
-5248
-5442
-5789
-6796
-7255
-6603
-5721
-6048
-5684
-4240
-4472
-4531
-3583
-2676
-2073
-1079
7
573
1641
2330
2191
2701
4587
5891
6165
6636
6496
6297
7257
8480
8809
8855
7799
6609
7312
7901
7682
6779
5735
4296
2900
2951
2663
1772
319
-1308
-2827
-3360
-3473
-5124
-5857
-6772
-8204
-8016
-7780
-8043
-8885
-9233
-9191
-8796
-7418
-7187
-7191
-6806
-6282
-5007
-3624
-2301
-1948
-1539
-866
-46
1066
1908
3798
4579
4685
4885
4286
4721
6416
7863
7332
7032
6142
4882
6002
6462
5998
5731
5461
3623
1691
1729
1587
1960
1285
-597
-1863
-2328
-3391
-5207
-3957
-3439
-5299
-6564
-7320
-6403
-5701
-6417
-7291
-6599
-5181
-5811
-5922
-4533
-3082
-2521
-2731
-2022
-1242
428
1487
1144
2648
4064
4205
4099
4977
6210
7032
7488
6836
7352
8518
9158
8081
7080
7752
7248
7372
7319
6208
5331
4492
2908
1470
1819
799
-740
-2011
-3497
-4098
-4813
-5546
-7471
-8379
-8137
-9493
-9524
-8509
-8187
-8658
-9377
-9660
-9138
-6770
-6105
-6168
-4484
-3834
-3609
-3097
-1425
-7
655
1314
1161
2249
3452
4613
5222
5761
6041
4110
5286
7805
8053
7188
5533
5271
6280
6827
5629
5124
5906
4492
1816
1029
2434
2381
309
-1150
-2222
-1879
-2858
-5831
-5151
-3827
-5609
-7969
-7867
-6038
-5749
-6663
-7797
-6917
-5173
-5807
-6154
-4357
-1788
-1679
-3003
-2392
-922
1170
2432
2331
3337
4997
5287
4671
5620
7540
8782
8860
8169
8391
9798
11016
9781
7883
7476
7200
7393
7491
6477
5340
4091
1242
-1115
-574
-330
-1760
-3917
-5969
-7128
-7701
-8532
-9873
-9839
-10633
-13383
-13251
-11142
-9525
-9060
-9977
-10910
-10244
-7572
-5943
-4202
-1644
-1265
-2053
-1385
454
2460
4771
5517
4687
4909
5952
6504
8166
9308
7924
7094
7576
8495
8278
7189
5728
4269
5478
5725
4342
3728
2770
1275
-1131
-1149
-657
-343
-1432
-4851
-6186
-5681
-5599
-7055
-7603
-6944
-8809
-10002
-9245
-7808
-5712
-5912
-6763
-6848
-5301
-4570
-3611
-298
1553
1602
1569
1599
2545
4479
6515
7435
8775
9541
7746
7446
8030
9447
11285
11736
10666
8848
9952
10071
8124
7526
5991
5838
6174
4121
2518
1757
1363
-2051
-3934
-3516
-4673
-5606
-7886
-8774
-9350
-9250
-10805
-12805
-10938
-12924
-15187
-12334
-10096
-7576
-7686
-9712
-10136
-7661
-3771
-3051
-234
2159
1255
228
492
2495
5660
8117
6587
4464
5633
5364
5657
7824
9116
8697
5883
5515
5595
6284
5801
2240
1971
3846
3153
619
280
1198
-1000
-3659
-4259
-2594
-921
-3442
-6268
-7014
-4813
-6506
-9798
-7772
-6765
-7994
-9487
-8915
-5961
-4444
-5016
-6437
-4848
-2192
-2961
-1016
2581
4786
4223
3351
4135
5560
8997
9730
9460
11393
11421
9923
9360
9935
11319
12575
12309
9881
8711
10165
10024
7894
6574
4629
3117
3141
1775
180
61
-1391
-5511
-7697
-7491
-7883
-8062
-9579
-11147
-12006
-11683
-13020
-13994
-11982
-12330
-14192
-12313
-9523
-6547
-4827
-5856
-6220
-4498
-985
344
2925
6386
6138
4161
3605
4468
6350
9080
8743
6612
6642
5180
3853
5320
7266
7747
5365
3106
2506
2444
2441
-204
-1866
277
1337
-973
-3015
-2409
-2170
-3332
-5170
-5320
-2102
-2364
-5697
-7537
-5351
-3704
-7234
-8959
-7339
-5934
-6365
-7310
-5370
-1560
-907
-4255
-5261
-1209
1183
1605
2818
4963
6961
6161
4554
4808
7914
10347
10115
10129
11006
10198
8199
7673
8341
10186
11370
9662
7183
6366
6468
5700
4773
2855
991
1100
245
-1337
-2645
-3062
-4480
-7308
-8179
-8782
-8140
-8355
-10216
-10866
-10007
-9321
-10854
-11087
-10854
-10669
-8736
-7194
-4327
-1556
-1385
-2528
-3192
-796
2124
4390
6703
7613
6691
4777
3540
3462
5533
7071
6117
5443
3603
1645
1039
1880
3108
2714
1905
1672
1493
86
-3686
-5718
-3249
524
816
-763
-1646
-2446
-3470
-4878
-4043
-879
96
-1469
-3315
-3099
-2789
-4244
-4749
-4668
-4432
-5088
-5078
-2678
-266
369
-1479
-3490
-2900
-1227
808
3131
5548
6314
4668
2768
1597
3233
6355
8099
9680
9868
7881
5391
3818
4656
6466
8889
9774
8355
5532
2613
2972
3594
3893
3037
667
607
-537
-2685
-3345
-3211
-3139
-4905
-6328
-7674
-7247
-6708
-8358
-8178
-7024
-6536
-7484
-7909
-7605
-8000
-5756
-4011
-1798
1528
914
-594
-723
342
1977
4347
6807
6495
5827
4434
1743
1399
2092
2449
2198
2055
705
-932
-301
-269
-209
-725
-2410
-1923
-1083
-52
-1596
-4043
-2835
-1744
-1158
-1381
-1031
753
1796
1462
-860
-811
-595
-1382
-681
206
2081
621
-1676
-3397
-5435
-4660
-4636
-2451
1472
2001
272
-2987
-4159
-3817
-2906
-665
2465
6056
5930
2821
-310
-1500
1186
3972
6805
9376
8666
6762
4000
2645
4229
6323
8026
8013
7145
6809
6256
5502
3894
904
-1028
-278
772
1768
2157
104
-2348
-4981
-8448
-9132
-7088
-5051
-3216
-3611
-5309
-7175
-8978
-9526
-9199
-7053
-4096
-1489
1272
1980
324
-2235
-3603
-1947
1348
4624
6742
6604
4679
1616
-1229
-1714
-829
104
1051
1259
659
-449
-1430
-2054
-2071
-3218
-3697
-1393
428
1870
-755
-4003
-3345
-2664
-687
21
1195
3473
3602
2834
632
176
-521
-639
671
2523
4621
1657
-1053
-3247
-4832
-3822
-4994
-2240
1617
2475
1390
-2898
-4549
-4989
-4674
-2587
459
4310
4695
2779
2
-1532
-640
483
3867
6919
7978
6916
4434
4562
5175
5483
5500
5241
7094
8311
8401
8309
6400
3373
-136
-1583
150
2515
4025
3122
742
-1969
-5765
-7964
-7908
-6686
-4634
-3637
-3615
-4422
-6232
-8516
-9953
-9455
-7351
-3618
-286
1834
2059
-449
-2640
-3676
-2386
921
3119
4209
3959
2955
1517
-705
-2742
-3648
-3031
-2012
-1104
-365
560
501
-1497
-4270
-6376
-5817
-3086
607
2333
1255
-708
-2717
-2347
-1065
614
2805
4675
5870
4928
4137
2633
1199
803
987
2812
3252
2857
1525
276
-818
-3099
-3908
-3386
-881
950
1089
-34
-3006
-4772
-5564
-3493
-310
993
1197
38
-152
180
756
1730
2905
3689
3212
3572
4617
6524
7670
6665
5373
4330
4610
5937
7933
8941
6846
3236
455
171
2005
3481
3136
1790
-390
-3076
-4370
-4239
-3732
-3930
-5109
-5632
-4402
-2867
-3636
-5605
-6185
-6768
-6566
-3800
-1381
83
117
-2181
-3666
-2624
-1404
-2424
-3436
-2643
-1187
-156
-721
-3179
-5410
-5587
-6177
-6081
-4346
-3631
-3029
-3133
-3278
-2799
-3963
-5153
-4704
-2590
716
3287
4642
5150
4057
2345
2218
3985
7166
9527
9973
9962
9443
8698
8045
7856
7603
6303
5250
4830
5561
6673
6271
4389
1661
-1039
-3270
-4415
-4191
-3207
-3003
-4170
-5810
-7533
-8753
-9158
-9125
-8589
-7249
-6112
-5559
-4887
-3893
-2673
-1595
-762
-399
129
1042
2111
3893
5674
6855
6982
6220
5967
6234
6582
6863
6822
6618
6581
6300
5508
5123
4667
3412
1850
676
471
595
484
-655
-1924
-2505
-3198
-3686
-4618
-5035
-5269
-6045
-6257
-6057
-5391
-5419
-6087
-7864
-9285
-8534
-7773
-6648
-5758
-5795
-6525
-6931
-6252
-5509
-3570
-2220
-2508
-2794
-2766
-2049
-902
868
2023
2290
2494
2576
3738
4915
5621
6827
8045
9220
9545
8749
7757
7452
7568
7572
8578
10003
10458
9595
7742
6146
4746
3546
2831
2421
2396
1750
206
-1267
-2454
-3863
-6007
-8009
-8736
-8451
-8226
-8281
-8085
-8330
-8932
-9717
-10222
-8865
-6930
-5627
-4595
-3870
-2838
-1384
269
1918
3004
2878
1807
1795
3749
6568
8698
9333
8572
7196
6537
6617
7481
8198
7700
6946
6143
6078
6097
5282
3990
1428
-685
-1751
-1510
183
290
-920
-3112
-6116
-7650
-7188
-6168
-6512
-7595
-9069
-9310
-7604
-6966
-6989
-7970
-8952
-8728
-8463
-6424
-5002
-4681
-3294
-2826
-2726
-3012
-3247
-2012
-1029
1
1122
1976
3654
4590
4492
3806
3791
4864
5897
7754
8365
8526
8534
8077
8207
7182
6854
6244
5757
6574
6848
6965
6144
5448
4754
3405
2088
406
-744
-1306
-1734
-2033
-2902
-4062
-5256
-6521
-7534
-8665
-9223
-8876
-8146
-7585
-7445
-7283
-7063
-6374
-5715
-5431
-5159
-4697
-3187
-783
2029
4024
4423
4238
3555
3056
3892
6095
8666
10274
10820
10300
9377
8542
7316
6548
6249
6447
7072
7444
7281
5777
3184
185
-2239
-3761
-4027
-3541
-2956
-2496
-3218
-4644
-7253
-9899
-12557
-13447
-11746
-9336
-5395
-5247
-7538
-10236
-11793
-10299
-10183
-8050
-5624
-2118
750
492
837
-2637
-4281
-4357
-1101
4689
6171
7455
6329
6776
5701
3831
4029
4044
6435
6529
7703
8104
7865
7624
5745
5952
5573
6403
6031
4811
3330
1677
1921
2102
3752
3887
2830
1266
-795
-1742
-2442
-2823
-3655
-3856
-3400
-2856
-2732
-4455
-6942
-9085
-10356
-10028
-8081
-5299
-3547
-3506
-4866
-5806
-5430
-4623
-3147
-1831
-243
1269
2477
4117
5004
5557
5632
5525
6022
6919
8097
8332
8265
8470
8581
8677
7831
6265
4704
4118
4916
5706
5332
2761
-969
-3293
-4197
-4157
-4010
-4539
-5740
-7615
-8728
-8834
-8345
-8344
-9741
-11389
-11765
-10328
-8632
-7137
-5984
-5744
-6100
-6239
-5069
-2807
-443
628
943
1952
3224
4465
5622
6638
6595
5819
5132
4620
5311
6272
6361
5897
5095
4166
3696
4509
5342
5535
5610
5176
5115
4791
2922
434
-871
-478
264
1001
1548
1566
1019
-444
-1839
-3074
-4496
-6221
-7051
-5803
-4391
-4201
-5518
-7088
-8406
-9648
-9857
-8940
-6921
-5802
-5484
-4212
-2123
-76
33
-172
458
1890
3966
5715
7874
9521
10132
10115
10237
11011
11146
10864
10521
10057
9359
8325
7418
7421
7866
7446
5833
2841
-1059
-5050
-7440
-7702
-7250
-7115
-7866
-8666
-9169
-9900
-11147
-12923
-14464
-15692
-15436
-12866
-9217
-6218
-5401
-6078
-6742
-6281
-4584
-1950
1665
4569
5807
5741
6027
7334
8571
9395
9116
8283
7265
5937
5526
5784
6062
5465
4505
4506
4680
4783
4506
4422
4935
4781
3135
-67
-2589
-2748
-1531
-69
737
891
600
-504
-1816
-2890
-4168
-5690
-7552
-7753
-7231
-6952
-6328
-6234
-6102
-8291
-11524
-12882
-11538
-7745
-5410
-3295
-1643
-343
1009
1608
3562
4533
5134
5564
6884
9836
11490
12826
13398
14247
14506
13021
11718
10730
10748
10568
10592
10798
10211
7771
3335
-666
-3722
-5676
-7317
-7973
-7783
-7897
-8649
-10080
-10697
-12085
-13905
-15651
-16200
-15046
-13953
-11918
-10257
-8659
-8179
-8555
-6925
-3935
135
3056
5257
6907
7450
7915
7905
8992
9538
9029
8070
7298
7442
6226
5036
4285
4323
4919
4515
4878
5382
6022
5084
2177
-550
-3259
-4031
-4497
-4115
-2681
-1630
42
-468
-1330
-2646
-4591
-5701
-7787
-7992
-8405
-8451
-7506
-7104
-5728
-6961
-8368
-8931
-8283
-6314
-6396
-5593
-4384
-1799
1595
3791
6490
8114
9377
10024
10563
11511
11303
10943
10682
11160
11985
12153
12268
12569
12880
12590
11244
9298
6350
2508
-493
-2316
-2961
-4013
-5140
-5039
-4754
-4569
-6169
-7999
-9423
-10953
-12057
-13204
-12213
-11074
-9947
-8617
-8015
-7082
-7281
-6328
-4340
-1735
558
1289
3364
5372
6780
7000
6525
6323
5411
4173
2546
1938
1880
1786
1793
2489
3126
3431
4278
4645
4922
2891
15
-2107
-2881
-2801
-4964
-5774
-4980
-1813
1043
835
375
-1743
-3207
-5678
-7436
-7224
-8265
-8536
-9410
-8206
-7367
-7966
-6810
-5457
-2786
-3284
-4769
-4126
-2144
1033
2126
4635
7543
9743
11320
12009
14063
14590
14120
12978
12293
11951
10194
9368
9584
10721
11194
10710
10036
7993
4110
-151
-2762
-4280
-6227
-8939
-9616
-8112
-6341
-5369
-5055
-4650
-5614
-7259
-8976
-9045
-8662
-9169
-8755
-8124
-6406
-5270
-3400
197
2777
4252
4251
5147
6379
6193
4553
2814
2935
2821
2162
1335
849
311
-1278
-2054
-1502
-785
-357
1
1022
1674
-603
-3217
-3782
-2759
-2984
-5719
-6129
-4099
-1555
-1627
-2564
-1327
-991
-1884
-4986
-5651
-5135
-6467
-7325
-8653
-7604
-8473
-9471
-7324
-4756
-2330
-3392
-2836
-1046
277
1401
2300
6677
9241
10315
10991
12593
15760
16006
16513
16805
16330
14524
12014
11455
10851
10542
10008
10119
9110
5288
1533
-833
-1638
-4208
-7678
-8897
-8734
-8937
-9842
-9127
-7575
-7079
-7942
-8846
-7820
-7078
-6921
-6623
-6539
-6356
-6949
-5146
-1067
2220
4436
6013
8657
10118
9688
8555
7558
6303
3480
1236
-50
-524
-1701
-2960
-2350
-1411
-1245
-1491
21
1624
1076
-2228
-5399
-6235
-7403
-8849
-10707
-9500
-6616
-5357
-4351
-3833
-1587
-1431
-3063
-4673
-6126
-6508
-9212
-10301
-10346
-9810
-9302
-9356
-6158
-3802
-2037
-1383
137
2934
3072
3538
4015
6119
7779
8728
11844
14425
16339
16555
17781
19927
20042
18752
16322
14662
12153
9725
9167
8970
8092
4989
2704
1617
-222
-2910
-6262
-7930
-9338
-10681
-11115
-10713
-9866
-10609
-10691
-9902
-8287
-6894
-6843
-6579
-7658
-8013
-7767
-6488
-3909
-1946
1358
4530
7911
10223
11535
12622
11619
10030
7192
5068
2920
788
-196
-1721
-2063
-2019
-469
1732
3375
4902
5189
3848
-11
-3497
-5762
-7630
-10457
-12779
-11794
-9574
-7745
-6994
-4872
-2888
-2996
-4556
-6219
-6826
-9999
-13559
-15769
-16284
-16032
-16189
-13193
-9161
-5645
-3258
-426
3240
4522
4831
5089
6618
7769
8387
10332
12415
14303
15450
17761
20366
21317
21092
20657
20030
17220
14158
12702
11975
9547
5528
2421
376
-1287
-3283
-4787
-6131
-7438
-8877
-9438
-8989
-9606
-10280
-10946
-10744
-10988
-10730
-8621
-7262
-6446
-6823
-5977
-4772
-3730
-1622
498
3568
5208
6865
8632
9952
10165
8771
8527
7336
5792
3556
1826
624
-1624
-2149
-2018
-427
1416
3438
5714
5468
4011
1953
1072
-562
-4696
-8059
-9480
-9044
-9031
-9191
-7358
-5844
-5374
-5339
-5077
-4456
-6324
-8879
-11138
-13672
-16242
-18596
-17450
-15442
-13624
-11254
-7408
-1985
599
2756
5152
7726
9231
8562
9046
9368
10198
11246
13170
15424
16074
16989
17875
19354
19303
18125
17563
15982
13165
8737
5033
2531
57
-2400
-5077
-7237
-8376
-8129
-7159
-6441
-6456
-7115
-7914
-8560
-9379
-9692
-9275
-8973
-8544
-8589
-8042
-7045
-5493
-2351
364
2784
4859
7023
9258
10305
10509
9951
8932
7117
4893
2926
1378
-199
-1545
-1972
-1517
-458
1249
4091
5799
5857
4453
3262
2814
543
-2562
-6148
-7664
-8220
-8695
-7849
-6789
-4775
-4471
-3687
-3011
-3220
-3738
-6105
-7190
-10185
-13555
-15998
-16854
-15251
-15125
-13451
-10804
-6642
-2387
520
4565
7355
9486
9613
8953
8773
8179
9085
10087
11020
11483
12180
13937
15381
16424
16509
16502
15986
13848
10886
7385
3976
515
-2847
-5562
-8289
-9836
-9506
-8216
-6729
-5982
-5402
-4939
-4893
-5499
-6629
-6979
-7447
-8449
-9265
-9494
-8289
-6569
-4207
-1239
1439
4766
7579
9829
11447
11421
10787
8906
6889
4739
2351
722
-1316
-2322
-2743
-2320
-800
999
3849
5410
5904
5324
4198
3609
1987
-472
-4126
-6887
-8293
-8924
-8584
-8192
-6688
-5756
-4885
-3852
-3107
-2305
-3387
-4568
-6837
-9965
-12465
-14198
-13738
-13834
-13522
-11734
-8354
-3594
-170
3676
7470
10235
11600
11450
11977
11944
11652
11255
10257
9837
9332
9828
11111
12199
12949
12842
13533
13902
12693
10096
6237
2489
-1569
-5520
-9270
-12097
-12773
-12828
-12129
-10767
-8680
-6266
-4961
-3865
-3327
-3109
-3443
-5042
-6364
-7645
-8514
-8650
-7568
-4670
-1535
2073
5758
9241
12340
13753
14175
13110
11015
8469
5157
2181
-818
-2992
-4509
-5396
-5052
-3757
-320
3171
5935
6988
6383
6229
4779
2615
-1353
-5434
-7931
-10504
-11643
-12670
-11432
-9433
-8075
-5505
-4146
-1879
-1509
-2143
-2646
-5686
-7948
-11038
-12262
-12857
-14189
-13042
-11426
-7103
-3256
1066
6860
10810
14818
16131
17478
17975
16376
15583
13406
12095
9885
8240
8765
9010
9955
9701
10942
12412
12172
11273
8464
6097
2161
-2572
-7086
-11892
-14554
-16730
-17164
-16470
-15132
-12431
-10319
-7449
-5406
-3752
-2152
-1983
-2022
-3764
-5495
-6939
-7915
-7042
-5801
-3087
192
4051
8259
11776
14689
15484
15302
13932
11456
8146
4043
825
-2348
-4683
-6004
-6026
-3940
-1344
1721
4081
5823
7331
7721
7468
4717
651
-3032
-6439
-8693
-11453
-12908
-13172
-13329
-11774
-10087
-7041
-4593
-3432
-2313
-3258
-4399
-6620
-8183
-8925
-11153
-12429
-13089
-11209
-8376
-5426
-415
4370
9481
13315
16793
20115
21199
21535
20325
18875
16359
13191
11436
9790
8585
6735
6299
7767
8909
9734
9170
8396
6753
3911
899
-3202
-7449
-11678
-15270
-17327
-18566
-18463
-17312
-15473
-12840
-10328
-7068
-3819
-2007
-1324
-2160
-3029
-4229
-5211
-5157
-5372
-4597
-3275
-488
3361
6767
9891
11576
13103
13365
12259
10533
7834
4884
905
-2205
-4308
-5091
-4094
-2439
83
1844
3604
5426
6972
7545
5521
2765
-81
-2609
-5232
-7950
-9800
-11489
-12839
-13273
-12271
-10306
-8261
-6509
-4945
-4422
-4853
-5202
-5474
-5855
-7556
-8915
-9128
-8415
-6718
-4621
-755
3021
6549
10290
14181
18310
20595
22410
23015
22212
20422
17862
16208
13655
10803
7887
6015
5895
5502
5643
5341
4806
3814
1953
206
-2768
-5766
-8454
-11208
-13510
-15787
-16807
-16930
-16603
-15297
-13704
-11088
-8566
-6759
-4954
-4210
-3694
-3726
-3255
-2336
-2564
-2142
-1185
900
2643
3566
5090
6360
7722
7802
7558
7177
5918
4282
2105
833
-576
-1493
-1229
-357
779
905
1617
2955
4150
4386
2879
1367
9
-1419
-3040
-5127
-6710
-8149
-9299
-9514
-9303
-8317
-7712
-7367
-6644
-6436
-5866
-5876
-5869
-5917
-6600
-6190
-5592
-3861
-1995
-335
2107
4075
6925
9779
12866
15587
16911
18381
19038
19617
19523
18818
17948
15662
13118
10206
8311
7219
5518
4005
2237
1189
352
-550
-1456
-3431
-5396
-7480
-9467
-10999
-12284
-13076
-13802
-14118
-13741
-12808
-11312
-9810
-8718
-7784
-7232
-6659
-5733
-4448
-3261
-2754
-1543
387
2570
4257
5210
6079
6330
6562
6392
5841
4795
2906
1200
-208
-818
-1195
-1309
-719
20
830
1397
2097
2865
3453
3225
1752
-368
-1917
-2557
-3589
-5117
-6959
-8025
-8565
-8676
-7569
-6479
-5356
-5361
-5151
-4288
-4343
-4544
-5704
-5817
-6147
-7012
-6419
-5235
-2333
-424
1649
4436
6859
10529
13230
16171
17453
17519
18339
18408
19035
17942
16859
15760
13685
12211
10064
9280
7932
6112
4512
2182
892
-654
-1367
-2725
-5326
-7419
-9222
-9833
-11041
-12390
-13354
-14081
-13886
-13496
-12161
-10556
-9303
-8444
-8047
-7427
-6744
-5889
-4941
-4138
-3022
-1235
935
2941
4375
5602
6769
7534
7673
6892
5615
3928
2068
279
-1149
-1928
-2361
-2235
-1755
-565
861
2075
2739
2503
2438
1762
704
-1073
-2838
-3758
-5339
-6528
-8020
-8560
-8400
-8330
-7050
-6497
-5297
-4559
-3655
-2280
-2740
-2978
-4217
-4435
-4439
-5033
-4236
-4015
-2322
-776
1571
4977
7522
11136
13562
15926
17204
17857
19420
19419
18877
16800
15225
14362
12911
11704
9673
8457
7070
5580
4247
2517
1353
-175
-1469
-3449
-5775
-7400
-8448
-9259
-10916
-12166
-12997
-13239
-13378
-13298
-12529
-11909
-10830
-10097
-8863
-7791
-7083
-5877
-4821
-3105
-2098
-562
1481
3068
4560
5278
6755
7584
7694
7108
5615
4409
2709
1427
-271
-1949
-3075
-3814
-3539
-3264
-2081
-653
838
1504
952
864
303
-521
-2493
-4367
-5326
-6479
-6808
-7337
-7097
-6731
-6232
-4616
-3446
-1806
-953
-114
601
-158
-655
-1423
-1146
-1372
-2609
-3005
-3030
-1315
630
2998
5492
7219
9762
12052
14642
16400
17179
17714
16898
15969
14469
13234
12088
10100
8350
6392
5252
4441
3713
3186
1810
327
-1060
-1907
-3051
-5023
-6904
-8354
-9647
-11089
-12060
-12669
-12993
-13562
-13750
-13281
-12461
-11116
-10257
-9031
-7997
-6783
-4939
-3346
-1598
-660
976
2860
4185
5523
6517
8085
8506
8169
7526
6658
6024
4419
2923
968
-1013
-2634
-3757
-3794
-4224
-4165
-3506
-2190
-1084
-1263
-1384
-1471
-1514
-2400
-3854
-4644
-5048
-5106
-5304
-5485
-5161
-4216
-2585
-1106
-310
337
1086
2190
2785
2259
1429
454
-35
-866
-1786
-1935
-1715
-520
533
1989
3839
6020
9142
11279
12800
13293
13864
14887
14732
14128
12378
11042
9841
8077
6582
4711
3857
3012
2120
1344
202
-116
-546
-1191
-2856
-5161
-6613
-7691
-8669
-10398
-12395
-14096
-15285
-15457
-15056
-14191
-13171
-11927
-10335
-8593
-6703
-4680
-2465
-595
509
1342
2768
4646
6051
6741
7154
7711
8229
8466
8275
7643
6629
5300
3688
1775
-282
-2278
-3737
-4947
-6096
-6789
-6742
-5623
-4530
-3792
-3402
-3199
-2152
-1289
-776
-1187
-1978
-1656
-1429
-798
-934
-1018
-289
125
1628
2281
3297
3981
3779
4171
2950
2510
1436
565
70
-1838
-2061
-2627
-1651
-711
-321
1403
2215
4838
6655
8445
9994
10215
11554
11235
11351
10396
9045
8259
6051
4830
2733
1904
1480
722
787
-306
-241
-754
-795
-996
-2675
-4106
-6779
-8388
-10350
-12088
-13341
-14990
-14941
-14994
-13669
-12339
-10713
-8363
-6712
-4100
-2433
-290
1283
2225
3454
3888
5366
5966
6730
7225
7161
7540
7074
7374
6857
6088
5020
3227
1974
-64
-1633
-3707
-5764
-7059
-8278
-8321
-8498
-7718
-6229
-4658
-2757
-1791
-145
1517
2714
3303
2816
3155
3237
3350
3470
3044
3162
2637
2934
3547
3713
3876
2950
3042
2811
2164
1479
-12
-605
-2397
-3892
-4839
-5561
-4872
-4849
-3701
-2735
-1243
1550
3726
6309
7114
8103
9061
9127
9170
7714
7168
5956
4424
3114
1718
1989
1872
2327
2347
1961
2002
1435
1182
-290
-2044
-3984
-6181
-8039
-10188
-11524
-12713
-13479
-13863
-13627
-12228
-10416
-8184
-6307
-4464
-2717
-887
957
2114
2894
3219
3673
3899
4091
4549
5007
5463
5387
5504
5617
5644
5305
4337
3295
1679
193
-1268
-2586
-3917
-5648
-6510
-6772
-6232
-5610
-4992
-3354
-1298
1278
3161
4389
5700
6731
7758
7641
6923
6394
5816
5390
4211
3221
2884
2754
2993
2712
2496
2185
1591
1199
11
-1644
-3785
-5769
-6994
-8476
-9623
-10340
-10178
-9324
-8657
-7356
-5670
-3438
-1159
600
2273
3389
4612
5648
6221
6413
6108
6222
6208
6076
5775
5457
5578
5480
5552
5427
5262
4910
3956
2778
986
-706
-2596
-4582
-6589
-8544
-9557
-10291
-10516
-10799
-10598
-9533
-8298
-6789
-5879
-4663
-3416
-2286
-1308
-883
14
754
1715
2420
2913
3755
4493
5661
6284
6603
6671
6697
6858
6220
5323
4124
3233
2253
947
-177
-1253
-1781
-2258
-2429
-2421
-2281
-1745
-1050
-114
765
1836
2887
3741
4177
4623
5127
5292
5120
4444
4187
3543
2889
2126
1129
511
-754
-1185
-1882
-2510
-3064
-4143
-4279
-5568
-6435
-7522
-8559
-8906
-10400
-10696
-11417
-11306
-10719
-10400
-8824
-8093
-5971
-3732
-1181
1469
2866
5333
7049
9072
10218
10670
11491
11031
10890
9830
9197
8611
7446
6814
5526
5129
4461
3796
3044
1534
502
-1227
-2759
-4589
-6392
-7768
-9533
-10649
-11565
-11520
-11036
-10327
-8972
-7584
-5682
-3987
-2002
-63
1465
2886
3895
5188
6077
6818
7502
8135
9049
9506
9890
9924
9886
9827
9238
8322
6822
5327
3730
1814
-241
-2357
-3904
-5116
-6114
-6896
-7369
-7173
-6520
-5648
-4883
-4197
-3083
-1640
-351
343
549
1080
1758
1997
1737
1321
1688
2249
2447
2267
1782
1768
1397
806
-149
-1550
-2674
-4404
-5940
-7835
-9738
-10908
-12041
-12254
-12792
-12790
-12122
-11018
-8985
-7590
-5717
-4083
-1994
472
2192
4084
5195
7054
8774
10134
11434
12079
13454
13903
14163
13915
13289
12996
11492
9963
7592
5280
3260
867
-989
-3362
-4999
-6297
-7375
-7906
-8607
-8388
-8253
-8082
-7888
-7690
-6810
-6127
-5140
-4110
-2783
-1100
530
2503
4274
6135
7881
9532
10946
11519
11681
11354
10942
10158
8764
7115
5018
3026
978
-907
-2467
-4016
-5176
-6362
-7310
-7951
-8387
-8416
-8700
-9052
-9470
-9737
-9542
-9230
-8492
-7532
-6293
-4624
-2674
-154
2421
4748
6673
7860
8803
9251
9190
8529
6822
5032
3076
1473
121
-1515
-2543
-3699
-4121
-4348
-4666
-4509
-5100
-5254
-6182
-7299
-8187
-9455
-9768
-10872
-11376
-11503
-10898
-8839
-7138
-4383
-1966
1158
4643
7486
10553
12131
13866
14663
14912
14827
13633
13036
11511
10278
8736
7321
6889
5966
5705
4730
4256
4073
3583
3450
2256
1568
477
-535
-1468
-3018
-3777
-4818
-5115
-5509
-5851
-5405
-4957
-3721
-3076
-2266
-1355
-541
382
418
640
529
472
133
-660
-1109
-1730
-1844
-2263
-2751
-3285
-3839
-3719
-3877
-3996
-4533
-4860
-4775
-4882
-4748
-4814
-4430
-4137
-3972
-3599
-3202
-2413
-1935
-1493
-1206
-869
-231
450
1188
1545
1986
2586
3446
4148
4617
5094
5355
5547
5258
5175
4936
4470
3753
2652
2045
1164
618
-141
-1111
-1871
-2929
-3192
-3832
-4410
-5084
-5856
-5944
-6526
-6453
-6452
-6115
-5539
-5368
-4366
-3537
-1993
-589
665
2216
3354
5314
6910
8622
9953
10898
12245
12848
13582
13638
13651
13467
12519
11666
10228
9180
7753
6115
4424
2376
912
-776
-2142
-3788
-5404
-6555
-7759
-8513
-9578
-10158
-10573
-10857
-10930
-11198
-10836
-10582
-9974
-9541
-9096
-8205
-7424
-6104
-5208
-4040
-2833
-1608
-46
898
2035
2652
3333
3859
3786
3730
3093
2775
2156
1418
764
23
-157
-567
-799
-1085
-1139
-791
-657
-438
-489
-248
131
471
821
895
1178
1397
1673
1841
1864
1983
2053
2221
2304
2491
2783
3247
3756
4098
4362
4413
4582
4494
4163
3543
2672
2074
1290
724
53
-521
-781
-1178
-1069
-1132
-1001
-956
-1179
-1096
-1474
-1629
-2084
-2568
-2873
-3493
-3630
-3912
-3701
-3246
-2718
-1775
-1081
158
1323
2538
3594
4154
4896
5187
5455
5279
4891
4577
3931
3439
2685
2151
1647
1142
849
415
162
-270
-634
-1106
-1772
-2481
-3418
-4317
-5524
-6678
-7722
-8606
-9220
-9831
-10001
-9971
-9526
-8756
-7814
-6577
-5467
-4157
-2869
-1523
-203
882
2010
2893
3818
4668
5414
6107
6505
6884
7041
7040
6897
6579
6219
5570
4808
4012
3290
2636
1836
1040
256
-406
-937
-1416
-1811
-2193
-2446
-2491
-2310
-1954
-1527
-983
-347
369
1156
1965
2740
3337
3784
4154
4438
4667
4776
4774
4681
4463
4247
4035
3793
3438
2875
2250
1494
661
-243
-1254
-2300
-3517
-4664
-5666
-6443
-7008
-7507
-7738
-7814
-7625
-7286
-6818
-6205
-5694
-5099
-4613
-4046
-3417
-2822
-2109
-1589
-967
-360
363
1210
1899
2684
3237
3805
4238
4506
4774
4680
4489
3947
3317
2635
1785
1029
99
-646
-1360
-1879
-2107
-2251
-2071
-1919
-1610
-1339
-1070
-725
-587
-465
-619
-701
-751
-778
-661
-584
-210
210
780
1392
1966
2644
3123
3535
3705
3767
3772
3603
3368
2983
2656
2374
2160
2006
1865
1835
1823
1852
1823
1715
1541
1271
920
447
-74
-641
-1190
-1728
-2212
-2553
-2782
-2843
-2825
-2699
-2481
-2213
-1896
-1625
-1360
-1158
-991
-860
-767
-676
-609
-516
-430
-336
-267
-199
-140
-57
27
41
45
-31
-7
21
50
73
-33
-24
-122
-185
-312
-488
-587
-870
-1097
-1443
-1670
-1817
-2045
-2231
-2565
-2659
-2683
-2598
-2478
-2460
-2262
-2131
-1902
-1750
-1586
-1345
-1257
-1153
-1174
-991
-652
-240
236
645
1298
2063
2978
3824
4518
5177
5638
6024
6116
6036
5832
5444
4969
4273
3638
3074
2620
2231
1759
1423
1140
1006
808
456
82
-417
-858
-1465
-2116
-2752
-3373
-3784
-4218
-4438
-4538
-4415
-4073
-3740
-3219
-2708
-2018
-1335
-741
-137
336
926
1359
1738
2014
2177
2423
2503
2579
2515
2415
2333
2141
1988
1681
1417
1111
730
353
-190
-655
-1208
-1762
-2343
-2989
-3449
-3876
-4083
-4229
-4266
-4090
-3869
-3436
-3046
-2582
-2096
-1656
-1149
-795
-369
-27
330
704
927
1242
1404
1637
1805
1876
2032
2023
2162
2209
2293
2443
2494
2675
2654
2638
2498
2230
1978
1497
1070
533
68
-318
-721
-922
-1134
-1153
-1156
-1142
-1049
-1055
-982
-1040
-1146
-1316
-1594
-1806
-2123
-2393
-2669
-2911
-2997
-3078
-2996
-2865
-2610
-2197
-1778
-1201
-657
-38
620
1225
1881
2398
2950
3432
3835
4200
4399
4626
4731
4804
4798
4682
4620
4425
4286
4038
3749
3486
3091
2742
2216
1674
1046
321
-410
-1293
-2094
-2944
-3672
-4314
-4874
-5178
-5379
-5279
-5059
-4662
-4113
-3528
-2800
-2162
-1496
-954
-509
-136
57
235
242
254
200
130
126
101
218
303
485
637
769
902
892
874
652
379
-36
-523
-976
-1497
-1872
-2229
-2399
-2423
-2316
-2005
-1656
-1162
-695
-204
228
558
852
989
1100
1076
1036
995
923
929
905
970
1055
1165
1288
1348
1412
1400
1338
1207
1000
797
558
319
118
-59
-144
-178
-166
-89
-14
119
241
342
413
428
451
440
440
427
419
457
501
596
680
759
828
838
826
725
567
369
121
-119
-364
-552
-675
-717
-657
-518
-271
29
380
729
1051
1335
1539
1679
1712
1672
1555
1395
1197
979
770
554
381
202
45
-128
-322
-523
-788
-1067
-1408
-1757
-2116
-2473
-2784
-3078
-3285
-3430
-3490
-3466
-3398
-3242
-3037
-2801
-2545
-2298
-2019
-1735
-1445
-1145
-849
-510
-152
215
595
948
1305
1601
1843
2019
2091
2103
1993
1805
1536
1187
846
467
126
-172
-427
-555
-654
-646
-586
-510
-339
-228
-61
76
184
355
448
649
831
1078
1404
1704
2145
2504
2927
3297
3568
3830
3878
3910
3755
3500
3165
2689
2244
1665
1145
597
57
-404
-905
-1293
-1711
-2052
-2360
-2653
-2839
-3036
-3107
-3152
-3100
-2972
-2786
-2477
-2156
-1727
-1308
-836
-377
29
425
696
961
1094
1194
1222
1164
1105
929
785
546
302
25
-317
-624
-1027
-1354
-1739
-2074
-2386
-2697
-2874
-3078
-3127
-3167
-3099
-2946
-2771
-2441
-2151
-1713
-1310
-861
-377
35
532
899
1323
1658
1972
2292
2511
2796
2958
3164
3274
3347
3393
3310
3242
3001
2766
2421
2042
1658
1203
819
377
48
-291
-553
-767
-981
-1083
-1229
-1251
-1290
-1257
-1149
-1034
-802
-599
-282
13
346
714
1022
1375
1633
1912
2112
2268
2392
2411
2418
2310
2192
2003
1770
1515
1197
908
555
225
-138
-508
-867
-1285
-1661
-2103
-2500
-2904
-3295
-3609
-3928
-4113
-4285
-4344
-4329
-4261
-4078
-3907
-3635
-3394
-3104
-2803
-2535
-2208
-1951
-1624
-1319
-990
-623
-287
112
459
841
1181
1485
1773
1955
2122
2190
2213
2177
2084
1997
1880
1822
1774
1779
1837
1909
2038
2147
2265
2339
2365
2345
2243
2105
1904
1692
1457
1216
1011
816
681
567
489
448
416
406
374
342
291
220
150
54
-35
-121
-193
-235
-262
-259
-245
-215
-168
-129
-84
-63
-63
-79
-122
-169
-232
-295
-361
-429
-476
-511
-524
-521
-521
-506
-514
-525
-553
-620
-699
-838
-994
-1178
-1372
-1553
-1750
-1903
-2044
-2135
-2173
-2175
-2113
-2033
-1896
-1741
-1569
-1398
-1235
-1060
-920
-780
-684
-600
-524
-461
-378
-299
-172
-29
152
351
566
801
1019
1243
1415
1566
1679
1744
1791
1797
1799
1773
1738
1696
1639
1588
1517
1451
1354
1247
1134
985
849
673
489
292
70
-139
-362
-541
-697
-804
-837
-825
-716
-564
-344
-79
205
518
791
1072
1301
1491
1641
1719
1788
1800
1807
1788
1732
1692
1608
1537
1432
1299
1155
957
748
477
172
-157
-517
-882
-1262
-1625
-1968
-2286
-2548
-2780
-2977
-3121
-3246
-3328
-3390
-3428
-3435
-3443
-3394
-3347
-3252
-3114
-2958
-2712
-2461
-2121
-1749
-1343
-878
-435
50
490
909
1305
1613
1895
2084
2217
2304
2313
2302
2238
2149
2062
1946
1860
1764
1663
1581
1456
1357
1220
1057
902
699
527
330
159
29
-101
-144
-185
-156
-74
24
200
362
568
779
969
1181
1337
1499
1621
1701
1753
1746
1724
1637
1524
1380
1188
983
752
517
279
35
-202
-426
-643
-844
-1029
-1204
-1363
-1507
-1623
-1739
-1825
-1897
-1960
-1990
-2008
-1984
-1943
-1871
-1765
-1629
-1454
-1262
-1048
-833
-602
-383
-199
-28
98
185
222
201
138
32
-104
-263
-438
-600
-749
-880
-983
-1073
-1127
-1166
-1195
-1196
-1199
-1181
-1157
-1113
-1039
-953
-818
-649
-434
-173
118
434
752
1072
1365
1624
1853
2025
2159
2248
2306
2341
2349
2357
2339
2324
2307
2269
2231
2162
2075
1952
1796
1611
1380
1143
895
650
429
221
61
-70
-157
-201
-226
-214
-208
-195
-194
-213
-250
-322
-409
-529
-660
-796
-933
-1052
-1154
-1218
-1243
-1228
-1176
-1099
-995
-888
-775
-666
-577
-494
-440
-405
-387
-392
-400
-427
-453
-476
-506
-531
-571
-613
-666
-738
-814
-918
-1030
-1158
-1287
-1404
-1531
-1630
-1716
-1775
-1782
-1750
-1648
-1497
-1294
-1039
-741
-399
-44
327
696
1042
1369
1652
1881
2048
2149
2193
2189
2142
2060
1956
1843
1723
1605
1487
1371
1246
1118
979
824
658
478
287
90
-104
-281
-433
-544
-611
-625
-585
-497
-359
-182
25
245
450
645
821
965
1057
1095
1098
1060
982
875
758
632
500
364
228
87
-55
-195
-360
-536
-729
-940
-1160
-1398
-1625
-1841
-2035
-2198
-2323
-2394
-2412
-2372
-2276
-2137
-1951
-1741
-1510
-1267
-1029
-797
-569
-343
-131
80
286
486
687
885
1087
1277
1445
1598
1718
1802
1848
1845
1803
1719
1604
1466
1316
1167
1022
880
750
630
507
393
275
142
-3
-155
-316
-477
-623
-756
-854
-916
-940
-917
-845
-728
-580
-411
-228
-47
116
255
366
442
482
486
467
437
401
358
332
315
310
317
322
319
303
264
192
94
-35
-178
-335
-502
-660
-808
-920
-1004
-1058
-1071
-1059
-1023
-977
-924
-873
-833
-797
-779
-762
-749
-733
-704
-662
-599
-523
-428
-325
-216
-106
-4
87
152
211
245
265
281
293
318
350
408
487
596
720
840
966
1077
1162
1212
1231
1221
1178
1116
1040
969
905
862
844
847
874
903
930
935
913
848
744
598
417
233
32
-153
-313
-434
-499
-519
-483
-401
-278
-145
-11
105
183
215
179
92
-56
-251
-473
-706
-918
-1096
-1231
-1318
-1347
-1327
-1270
-1173
-1057
-941
-831
-734
-674
-643
-637
-660
-692
-743
-794
-830
-850
-840
-810
-753
-678
-590
-492
-399
-306
-228
-158
-109
-82
-71
-74
-76
-83
-82
-69
-36
17
80
169
270
391
512
631
755
855
957
1035
1091
1134
1151
1167
1169
1165
1163
1158
1171
1182
1204
1239
1269
1302
1315
1325
1308
1272
1218
1121
1007
866
703
531
341
164
-2
-151
-270
-359
-417
-453
-457
-451
-441
-430
-441
-457
-492
-549
-614
-690
-765
-831
-888
-916
-917
-891
-845
-788
-723
-664
-616
-589
-587
-615
-667
-742
-834
-931
-1025
-1103
-1160
-1194
-1191
-1163
-1103
-1027
-940
-850
-770
-692
-628
-578
-534
-491
-443
-389
-315
-222
-110
8
137
265
376
471
534
571
584
571
550
524
506
504
531
589
668
780
907
1042
1174
1288
1385
1448
1479
1477
1448
1399
1341
1293
1253
1234
1246
1289
1349
1413
1471
1510
1513
1470
1379
1226
1024
782
514
242
-30
-282
-505
-689
-834
-942
-1019
-1075
-1114
-1152
-1193
-1247
-1312
-1378
-1461
-1549
-1629
-1697
-1741
-1760
-1742
-1692
-1610
-1503
-1361
-1198
-1032
-855
-689
-533
-396
-286
-198
-152
-134
-146
-176
-212
-257
-306
-341
-360
-367
-363
-350
-327
-308
-292
-280
-266
-251
-238
-227
-206
-167
-114
-41
55
173
309
455
613
772
924
1074
1214
1339
1452
1543
1624
1692
1749
1791
1806
1807
1784
1739
1678
1599
1508
1406
1284
1160
1031
899
769
636
513
387
258
135
17
-98
-207
-309
-408
-495
-574
-643
-693
-730
-772
-808
-833
-854
-879
-910
-941
-978
-1018
-1052
-1090
-1126
-1151
-1171
-1178
-1166
-1136
-1093
-1040
-977
-912
-839
-770
-702
-639
-585
-533
-493
-454
-418
-392
-365
-348
-328
-307
-286
-264
-247
-227
-201
-175
-147
-117
-79
-39
4
57
111
172
231
287
348
406
463
524
578
627
679
728
783
833
876
918
952
977
996
1003
997
979
953
914
868
808
745
673
598
522
450
395
344
303
277
266
265
270
280
297
320
344
360
366
368
366
357
340
322
301
269
236
199
154
107
56
-8
-78
-160
-249
-344
-446
-545
-650
-752
-842
-929
-1000
-1059
-1112
-1151
-1181
-1198
-1211
-1218
-1225
-1227
-1223
-1221
-1221
-1220
-1215
-1201
-1184
-1162
-1136
-1098
-1042
-977
-895
-800
-697
-587
-469
-345
-220
-90
42
176
303
440
571
703
838
963
1086
1200
1311
1413
1504
1577
1625
1655
1664
1646
1601
1536
1451
1347
1230
1108
980
846
716
584
464
359
260
176
100
33
-22
-70
-103
-126
-146
-158
-171
-171
-171
-163
-156
-152
-149
-145
-139
-135
-138
-153
-163
-176
-191
-213
-243
-266
-301
-332
-368
-401
-431
-467
-496
-534
-562
-591
-623
-646
-676
-700
-728
-744
-761
-777
-782
-784
-767
-747
-716
-676
-633
-571
-507
-429
-352
-272
-192
-113
-33
39
111
171
229
279
316
343
362
384
390
395
399
395
398
394
393
387
379
377
369
365
364
366
362
356
355
354
355
351
350
359
360
360
361
355
350
340
330
323
312
298
286
267
247
229
214
204
197
197
200
199
198
204
208
203
202
198
189
178
157
135
105
70
44
12
-27
-71
-121
-169
-218
-271
-324
-379
-433
-485
-538
-587
-630
-664
-692
-711
-715
-710
-699
-680
-651
-614
-571
-527
-479
-434
-392
-354
-329
-305
-289
-284
-282
-289
-294
-308
-327
-342
-363
-380
-380
-375
-359
-339
-306
-260
-205
-133
-49
43
144
256
358
465
571
668
766
840
912
976
1021
1060
1086
1104
1114
1110
1103
1080
1049
1010
956
892
816
738
645
542
434
320
207
90
-26
-140
-242
-328
-408
-466
-517
-554
-568
-582
-580
-564
-545
-508
-472
-439
-400
-369
-330
-288
-257
-226
-197
-173
-156
-142
-132
-126
-123
-118
-116
-120
-123
-124
-126
-128
-135
-143
-148
-160
-161
-168
-172
-167
-163
-150
-142
-129
-116
-109
-94
-87
-75
-63
-60
-57
-62
-69
-76
-85
-92
-92
-94
-98
-91
-82
-71
-57
-44
-29
-6
17
38
64
85
114
138
158
184
208
233
252
274
298
323
348
363
374
376
373
373
357
340
306
267
232
181
138
88
42
-8
-54
-90
-130
-148
-179
-197
-206
-219
-212
-211
-197
-182
-168
-147
-135
-112
-107
-91
-82
-82
-67
-81
-78
-89
-106
-111
-140
-155
-179
-197
-204
-224
-216
-221
-208
-194
-190
-157
-144
-110
-80
-47
-3
16
60
81
113
141
158
198
210
237
250
261
273
261
277
261
262
255
231
233
191
186
161
136
135
91
100
80
75
87
67
92
75
83
99
76
98
79
78
78
63
79
51
54
42
13
20
-14
-21
-43
-75
-79
-126
-127
-153
-190
-199
-251
-258
-290
-316
-319
-367
-372
-392
-401
-398
-424
-414
-425
-411
-401
-408
-394
-396
-380
-376
-367
-359
-355
-321
-304
-276
-246
-219
-172
-140
-101
-60
-30
16
54
93
137
177
219
253
279
317
352
395
434
460
492
514
547
562
568
577
565
573
563
544
531
510
495
468
446
420
395
384
368
355
344
336
336
332
346
351
354
365
369
382
388
390
383
370
357
324
288
244
188
135
72
8
-66
-146
-216
-294
-367
-438
-504
-560
-622
-674
-724
-771
-811
-856
-890
-924
-950
-968
-992
-1011
-1019
-1026
-1018
-1006
-1001
-981
-953
-919
-878
-839
-788
-725
-659
-587
-510
-429
-335
-242
-143
-43
53
155
252
346
434
515
594
653
700
741
777
805
819
829
821
812
808
799
792
779
765
750
734
717
708
701
688
686
676
664
658
647
637
622
606
584
559
539
510
473
432
387
337
289
239
183
132
74
17
-42
-105
-164
-224
-283
-342
-400
-459
-516
-569
-620
-662
-708
-743
-775
-803
-819
-833
-838
-833
-827
-818
-797
-770
-744
-711
-677
-642
-604
-565
-522
-477
-433
-389
-345
-302
-255
-212
-171
-135
-99
-56
-11
36
73
112
149
182
213
238
264
293
320
348
378
404
433
459
482
509
532
552
571
587
602
606
608
605
603
595
588
579
561
548
537
523
504
483
461
439
411
388
362
329
297
264
228
182
142
103
56
12
-38
-84
-132
-181
-228
-272
-321
-380
-425
-471
-513
-549
-585
-612
-642
-663
-677
-690
-694
-691
-681
-669
-654
-634
-610
-579
-558
-534
-507
-481
-465
-445
-426
-408
-388
-377
-360
-339
-317
-289
-260
-230
-196
-162
-121
-77
-37
8
59
105
155
205
249
300
347
392
440
484
524
562
598
628
653
677
689
698
706
706
704
700
689
680
661
638
619
595
571
547
520
495
470
440
414
391
368
348
333
304
283
269
247
229
203
175
147
117
93
62
29
-5
-49
-95
-143
-189
-245
-300
-361
-422
-478
-546
-600
-653
-704
-750
-804
-839
-869
-899
-921
-941
-954
-959
-961
-960
-943
-924
-908
-877
-844
-804
-760
-721
-673
-621
-564
-508
-453
-388
-324
-261
-193
-128
-67
4
71
141
210
277
343
407
468
523
575
624
674
717
755
788
811
831
846
861
866
868
874
862
850
833
811
789
760
733
706
673
636
594
549
508
465
426
389
352
313
272
231
191
152
110
71
38
3
-29
-64
-96
-121
-151
-178
-195
-213
-230
-243
-260
-275
-297
-313
-329
-354
-376
-395
-419
-446
-472
-491
-513
-532
-551
-567
-588
-613
-635
-656
-670
-683
-695
-706
-719
-722
-714
-712
-706
-688
-672
-641
-603
-563
-514
-455
-388
-314
-240
-161
-80
1
81
153
222
286
350
404
451
490
523
544
554
559
557
557
550
540
527
520
513
494
481
465
458
451
444
448
451
461
464
469
477
478
482
480
480
475
460
441
417
389
354
317
271
217
172
117
63
7
-49
-94
-149
-197
-239
-275
-307
-338
-362
-384
-392
-395
-397
-393
-394
-390
-374
-365
-357
-353
-346
-330
-311
-304
-293
-285
-281
-270
-267
-264
-259
-257
-242
-233
-232
-221
-207
-192
-175
-162
-152
-142
-132
-120
-106
-92
-86
-74
-55
-40
-23
-14
5
25
41
65
77
95
108
119
132
140
153
161
165
177
181
187
195
196
199
210
217
222
225
228
238
242
245
249
235
230
223
213
202
182
164
147
128
106
81
58
35
10
-21
-46
-69
-91
-108
-124
-143
-154
-160
-167
-167
-169
-163
-155
-146
-134
-123
-108
-98
-84
-67
-55
-39
-26
-7
12
21
41
54
64
72
79
87
91
96
98
99
96
88
75
62
52
32
12
-11
-34
-51
-72
-94
-115
-134
-152
-170
-182
-189
-193
-196
-198
-198
-197
-193
-183
-168
-156
-146
-138
-129
-113
-102
-91
-75
-56
-32
-11
10
37
67
96
123
145
169
189
205
222
237
249
256
259
255
251
239
227
215
194
175
154
133
110
83
55
26
5
-19
-41
-63
-80
-87
-98
-111
-120
-122
-118
-114
-111
-106
-97
-85
-71
-52
-31
-15
2
12
26
41
49
67
74
75
80
78
74
61
47
35
18
0
-20
-40
-64
-92
-114
-138
-161
-180
-200
-216
-230
-240
-243
-244
-245
-239
-222
-203
-185
-165
-133
-97
-63
-29
0
37
67
97
126
147
170
187
195
207
216
222
225
220
215
208
202
197
187
178
170
163
154
139
128
114
104
96
87
76
66
56
48
40
36
30
29
23
14
13
4
0
-6
-20
-34
-53
-62
-76
-92
-109
-129
-145
-165
-180
-195
-210
-223
-235
-235
-238
-238
-228
-220
-210
-201
-189
-174
-161
-146
-129
-114
-96
-74
-54
-40
-24
-13
1
11
18
26
37
47
54
60
62
62
61
62
65
66
72
82
89
99
105
114
130
145
157
169
181
186
199
204
204
206
201
201
197
188
181
170
157
146
136
123
113
99
83
69
55
40
26
13
2
-8
-20
-36
-53
-61
-65
-73
-83
-91
-94
-100
-106
-111
-115
-121
-124
-129
-132
-131
-130
-131
-135
-135
-138
-135
-129
-129
-120
-116
-108
-100
-99
-88
-84
-76
-62
-56
-50
-48
-46
-43
-38
-36
-31
-29
-24
-13
-4
5
14
19
25
33
44
57
67
74
84
89
96
104
107
112
113
114
118
115
114
112
106
103
94
81
69
50
33
17
1
-8
-21
-33
-38
-45
-47
-47
-43
-35
-28
-20
-8
5
17
23
28
35
41
46
46
47
44
37
33
22
15
7
-5
-14
-26
-36
-44
-52
-64
-73
-80
-85
-87
-92
-101
-102
-99
-96
-93
-89
-81
-75
-68
-57
-50
-45
-38
-33
-26
-21
-16
-7
4
13
22
27
31
38
38
52
62
65
78
83
98
106
107
115
122
125
128
127
125
131
128
125
123
111
105
101
93
85
73
63
51
38
32
21
8
-5
-19
-29
-43
-52
-65
-74
-88
-97
-99
-106
-108
-121
-129
-136
-146
-147
-154
-160
-162
-166
-163
-161
-157
-158
-155
-147
-145
-128
-122
-115
-99
-95
-74
-66
-56
-44
-37
-15
-13
1
14
22
43
49
68
78
77
91
93
105
110
109
122
116
122
128
125
134
126
126
126
117
118
106
103
100
94
96
83
83
78
64
59
45
42
36
40
39
31
31
25
26
28
23
28
33
36
43
44
43
40
36
36
36
41
45
44
45
34
33
30
29
30
24
17
6
-4
-9
-20
-30
-42
-57
-67
-84
-99
-112
-129
-140
-156
-169
-180
-193
-198
-207
-217
-219
-221
-219
-215
-216
-205
-197
-187
-170
-157
-136
-119
-101
-87
-75
-60
-43
-25
-18
-8
5
15
28
40
51
60
66
76
80
83
84
88
95
98
102
106
108
108
116
123
126
128
131
131
131
131
135
134
135
137
136
138
128
122
121
117
113
111
108
111
107
99
99
96
91
85
77
67
63
52
47
39
28
26
15
10
1
-9
-16
-21
-25
-34
-35
-37
-41
-49
-53
-59
-71
-82
-88
-95
-100
-110
-114
-122
-135
-140
-146
-146
-155
-165
-165
-168
-171
-174
-171
-167
-167
-162
-154
-145
-130
-115
-104
-88
-71
-57
-38
-20
-4
5
14
24
36
45
52
59
64
71
74
75
73
73
76
76
77
70
66
58
52
47
43
46
32
36
29
28
38
36
49
52
65
71
73
83
82
94
83
88
85
80
89
71
73
65
64
64
54
58
43
44
38
27
22
9
9
-8
-14
-26
-41
-50
-68
-66
-74
-79
-83
-96
-93
-95
-85
-80
-78
-78
-77
-60
-55
-40
-31
-23
-9
-11
0
4
9
18
18
28
31
31
27
26
28
24
25
15
9
12
7
0
-15
-20
-13
-13
-14
-13
-13
-17
-15
-12
-11
-7
-5
-6
-2
5
6
2
2
3
2
3
5
7
4
0
3
-3
-2
-2
-1
6
0
0
-5
-6
-6
-11
-1
4
8
5
2
2
2
11
14
17
17
18
25
17
17
17
19
20
11
13
6
5
8
6
11
-2
-5
-3
-10
-6
-14
-15
-16
-12
-11
-17
-7
-8
-1
-1
-3
2
-1
2
0
-2
-6
-8
0
0
2
6
4
6
6
8
11
7
1
-4
-8
-13
-13
-12
-9
-9
-11
-10
-12
-10
-7
-4
2
0
0
7
9
12
9
10
9
8
10
10
12
9
8
7
6
7
8
11
7
5
4
1
-1
-1
3
-2
-9
-13
-16
-18
-17
-16
-17
-13
-7
-11
-12
-6
-4
-4
4
10
10
12
12
17
18
18
16
10
11
11
10
15
16
16
20
21
19
23
23
23
23
17
13
7
-8
-16
-18
-23
-20
-22
-23
-23
-30
-29
-32
-37
-38
-38
-36
-36
-37
-35
-35
-37
-41
-41
-39
-38
-37
-35
-32
-38
-36
-29
-26
-22
-25
-21
-12
-8
2
5
10
18
20
26
36
43
50
54
58
67
71
78
88
88
90
91
84
82
77
72
69
63
56
47
42
39
33
26
22
17
8
-1
-6
-11
-18
-22
-28
-28
-29
-37
-38
-36
-39
-38
-42
-37
-35
-36
-34
-40
-36
-34
-30
-31
-33
-27
-24
-19
-18
-16
-19
-19
-18
-17
-15
-17
-20
-15
-15
-12
-4
-2
0
2
2
-1
0
2
2
5
2
1
4
1
1
0
-2
3
2
5
7
6
5
1
0
-4
-1
1
-3
-2
-8
-5
0
-1
1
1
7
7
12
10
14
19
21
22
25
33
31
39
40
36
39
32
28
27
26
30
36
31
30
27
22
24
19
12
6
-4
-5
-3
-4
-7
-15
-22
-25
-27
-32
-32
-35
-35
-36
-38
-33
-34
-37
-36
-33
-37
-35
-31
-30
-31
-25
-24
-25
-25
-24
-11
-10
-11
-10
-9
-2
-4
-3
-2
-1
1
3
5
4
7
3
4
5
5
6
6
8
12
10
12
15
9
11
14
15
12
8
14
12
18
18
12
18
15
19
19
14
18
18
23
25
26
30
27
23
20
19
19
14
11
7
6
3
3
7
9
12
5
0
-1
-2
-5
-9
-9
-16
-15
-18
-24
-21
-23
-25
-22
-25
-22
-15
-15
-15
-18
-18
-16
-9
-1
-3
-4
-6
-4
-2
-1
-2
-2
3
1
-5
-5
-6
0
-4
-8
-3
0
-1
-1
1
0
0
-2
-2
-12
-12
-10
-13
-6
-11
-6
-2
-1
5
7
9
9
10
6
2
0
1
3
0
2
4
4
8
2
6
4
4
6
2
9
10
15
15
7
8
10
17
17
14
18
21
24
24
20
18
13
16
13
13
18
14
7
0
-2
-3
-4
-5
-12
-13
-13
-15
-17
-19
-19
-13
-13
-13
-9
-7
-5
-6
-8
-10
-9
-14
-18
-13
-15
-12
-12
-15
-11
-10
-9
-6
-5
0
3
6
13
9
9
7
5
3
3
6
-1
-1
-5
-2
-4
-8
-8
-10
-3
0
-3
0
2
4
11
8
8
9
7
10
6
8
3
7
11
11
12
11
20
17
15
14
6
7
0
-3
-1
-5
-7
-15
-11
-9
-13
-11
-19
-13
-18
-16
-12
-22
-13
-20
-17
-11
-15
-1
-5
-6
-3
-9
-4
-10
-10
-8
-9
-3
-4
3
4
5
7
6
13
11
13
13
14
15
8
10
11
13
17
12
7
10
14
14
17
15
19
29
24
25
23
15
16
13
15
14
14
16
18
17
15
13
6
4
0
-8
-9
-17
-16
-15
-16
-11
-16
-15
-20
