4
2
15
30
36
17
1
-9
0
24
45
69
84
77
56
32
30
37
50
80
98
100
74
36
18
-1
-4
2
2
0
-1
7
15
23
37
38
27
3
3
29
50
69
64
42
21
8
11
16
32
40
37
29
13
-11
-42
-67
-89
-97
-76
-56
-53
-60
-74
-90
-100
-89
-65
-47
-40
-47
-73
-104
-115
-102
-73
-27
8
24
25
18
29
41
51
52
30
16
0
-15
-10
1
20
29
29
32
34
43
47
45
37
16
6
2
15
25
22
9
-9
-7
1
13
32
33
19
1
-16
-20
-18
-16
-16
-20
-9
-3
10
9
-15
-17
-22
-15
-1
16
27
26
31
26
13
12
9
10
15
6
10
2
-3
4
-2
6
0
-10
-2
-2
3
3
-4
-17
-34
-42
-47
-42
-34
-29
-21
-28
-23
-11
7
29
33
34
21
0
-11
-5
13
13
9
2
2
3
-1
16
40
41
23
5
-1
2
2
8
13
10
0
-5
-4
-3
-9
-10
-15
-4
7
1
8
-7
-25
-28
-32
-16
-7
-9
3
9
18
35
37
43
35
25
23
8
19
28
19
4
-19
-24
-35
-33
-31
-34
-26
-34
-37
-34
-36
-39
-47
-40
-34
-27
-19
-29
-15
-8
-12
-5
-3
1
-2
-9
-10
-3
-2
-11
-3
27
39
24
6
9
15
10
13
29
49
70
67
48
35
32
36
37
39
53
63
61
50
42
35
24
-4
6
34
49
51
25
14
7
-16
-25
-9
21
17
-6
0
-9
-16
-66
-74
-55
-29
-15
-40
-51
-52
-93
-89
-84
-55
-31
-27
-23
-19
-13
-26
-41
-21
-17
-35
-11
0
19
21
-10
-31
-20
-5
-13
-13
3
11
14
11
14
5
-7
-29
-34
-13
2
11
31
47
37
0
-26
-20
1
28
26
27
40
33
26
22
38
35
13
-1
-11
5
19
26
43
38
12
-18
-21
-1
12
16
16
-6
-16
-29
-33
-12
-4
2
-4
0
7
2
15
27
27
20
18
19
33
23
4
8
-2
-13
-19
-11
3
-12
-4
7
-7
-18
-30
-5
0
-27
-19
-14
-19
-33
-26
4
-2
-24
-29
-20
1
-8
-23
-6
-1
1
16
36
30
8
3
5
20
22
31
45
42
13
-9
20
25
-2
9
44
31
-34
-60
-30
-32
-66
-68
-41
-24
-31
-35
-37
-42
-57
-71
-42
4
20
26
24
6
-44
-88
-59
-29
-19
-2
-2
-5
-22
-49
-42
-6
35
63
93
125
112
48
16
28
42
65
104
131
124
76
33
8
8
38
61
98
110
106
69
11
-12
-10
16
18
-1
12
5
-41
-94
-82
-52
-71
-76
-62
-45
-72
-119
-103
-54
-40
-65
-68
-15
-3
-47
-51
-2
23
-9
-14
41
49
26
-17
-15
21
31
41
18
29
34
-22
-42
-30
28
28
-3
29
23
-5
-49
-32
47
43
27
9
17
11
-31
-17
2
-4
-41
-69
-37
-1
22
24
25
26
17
2
-2
27
24
-4
-18
-2
26
9
19
20
-32
-43
-19
14
36
52
94
25
-84
-90
-40
14
5
61
102
4
-87
-115
-50
-36
-73
-26
8
17
-17
-15
54
5
-26
-24
-30
39
78
117
71
20
7
-88
-10
102
62
131
35
-38
-28
44
74
-72
46
119
-41
-17
-36
50
-14
-57
2
-5
107
-29
-94
85
88
10
-144
-37
64
-10
43
42
23
-42
-119
-28
49
67
-103
-195
-20
47
30
-55
-36
-41
-99
-60
-79
-18
-45
-139
3
28
49
-89
-194
-77
-41
-26
-140
-13
155
-60
-16
26
-36
-100
-72
22
35
185
80
-29
153
23
-96
-22
51
15
90
242
67
54
159
16
-31
19
91
70
43
166
174
141
-51
-154
26
43
-3
-4
135
165
-108
-204
-82
115
34
-97
39
-12
-123
-138
-61
105
11
-114
-30
35
-89
-105
101
-1
-131
-8
4
-5
-34
-106
64
97
-214
-192
212
55
-135
71
140
-37
-130
-100
15
217
63
65
210
-33
-261
-125
-51
-85
-112
94
114
-63
-96
-220
-316
-284
-279
-77
2
162
90
-120
-296
-445
-121
-141
121
315
287
355
-210
-295
177
189
90
337
855
332
178
60
88
362
108
179
601
682
152
83
347
-149
-20
227
248
562
192
234
-5
-242
-326
-141
324
269
103
133
-176
-336
-615
-202
-98
41
217
-360
-86
-277
-605
-347
-162
-120
-387
-217
-110
-497
-163
-291
-60
-265
-617
-247
32
-132
-433
57
262
-500
-448
-197
167
232
-593
185
403
-198
-451
14
412
5
-219
-21
387
302
-349
64
396
190
-270
-107
643
86
-108
201
149
176
-156
166
510
150
-22
132
413
49
-103
143
526
436
-308
196
426
31
234
-205
253
441
32
-49
100
299
228
-68
-31
160
97
-24
159
-11
103
239
-319
-81
-18
37
-4
-254
30
159
-368
-135
98
-39
-281
-86
-135
-141
-135
-273
109
-209
-193
-317
-353
-190
-347
-115
-216
-96
-83
-590
-390
-243
-211
-668
-131
195
-469
-356
-162
-325
-525
-306
-75
-72
99
-20
-159
28
-152
-420
281
462
-23
309
549
179
138
214
387
575
302
300
649
801
218
332
751
643
65
19
576
992
447
146
770
770
-358
-287
334
386
418
323
41
431
-67
-687
45
-107
-160
-182
9
-242
-426
-234
-140
-981
-602
-48
-429
-699
-288
0
-819
-726
-666
-597
-50
-163
-752
20
-44
-615
-784
138
227
-157
-36
-111
9
176
-216
-156
903
356
-77
66
615
-121
-148
963
243
92
916
-190
6
180
423
33
204
735
-315
294
-178
-380
317
-55
134
-200
402
37
-988
267
-563
-243
300
-333
171
57
-17
-988
-164
684
-1147
335
667
-417
52
237
305
-622
565
219
-354
741
-414
492
737
53
249
22
951
-404
-69
379
303
686
-420
311
421
349
-300
-688
1140
-277
-644
-47
167
509
-715
99
-105
32
-694
-731
361
97
140
-561
-360
342
-977
-545
-287
173
9
-316
-274
38
-15
-979
-429
87
-525
-8
296
-254
35
35
-588
-490
-258
152
-153
-117
390
115
102
-799
37
329
143
52
-298
996
346
-246
594
125
715
-300
-73
769
522
414
303
800
46
281
305
211
513
351
74
761
107
-370
816
146
-383
458
148
-353
163
75
-346
269
243
-532
-143
-355
-77
-325
-415
123
-106
-232
-49
-436
-152
-615
-471
-75
-510
263
511
-345
-844
385
-545
-1005
-137
31
383
14
-400
-63
326
-1135
-1111
609
20
-257
370
633
-183
-369
-304
-693
339
400
7
420
713
8
-355
56
-187
246
78
329
211
587
759
-589
248
133
-320
-187
557
271
227
685
14
-569
384
-332
-346
490
34
319
489
341
-250
-83
86
-750
-226
1013
-299
419
700
-452
65
-110
-260
-504
327
299
-68
294
106
-339
283
-500
-308
-23
-194
44
8
755
-404
-486
111
-505
-315
-10
-293
867
-157
129
-113
-376
-498
-478
495
113
-26
-124
85
50
-689
-478
248
-738
377
281
499
85
-389
-206
-105
163
93
271
541
634
-122
-3
-438
187
-175
41
383
385
286
-21
-513
339
-132
-306
-58
244
375
-103
10
-362
-93
158
-175
-210
-469
92
5
-195
360
-346
37
134
-447
-13
-79
10
-27
27
28
218
36
-437
-34
30
58
90
482
-179
351
-115
82
288
-119
152
779
-224
-31
93
515
-296
-321
144
116
844
-417
-213
680
-402
-1181
54
727
333
-586
172
373
-269
-304
-276
-438
62
107
366
402
121
-569
-101
-293
-349
529
-273
-12
721
-697
-41
617
-744
-412
348
-61
-295
507
-319
322
-131
-295
-338
959
43
-1071
451
476
-393
-697
783
482
-188
169
-615
-169
826
-933
171
36
686
628
-526
-247
112
-194
-561
-89
479
687
421
-96
-851
326
-201
-457
221
189
-320
319
585
-220
-1068
323
104
-198
-180
351
944
-939
-92
656
66
175
-145
-259
789
24
-102
240
121
-492
315
261
-656
85
342
-75
-46
-561
-473
752
87
-977
-29
734
151
-686
466
-25
-527
-150
227
120
531
-120
-534
51
498
-111
-726
647
-833
-292
980
-509
-313
452
-145
-349
-387
-136
73
872
-804
-903
1542
229
-1035
-279
626
782
-838
-471
982
681
-717
-1190
1338
853
-1352
-34
451
1301
-967
-967
1189
-3
-281
-590
1159
343
-551
5
182
1261
-669
-648
906
-62
442
-208
601
241
-442
540
-188
683
-114
-625
843
167
-444
85
837
-713
-796
576
-317
415
-428
-1041
609
383
-1397
-255
286
-468
-783
-128
785
-75
-1112
-164
8
870
-1598
-483
1066
-442
785
-524
304
270
-1049
492
-499
787
455
-336
462
-641
863
-413
-361
836
-1251
1418
653
-1180
-358
-19
1023
-990
-288
411
250
1012
-1375
-656
957
241
-642
-1364
2116
826
-921
-118
157
666
-887
-570
1255
-13
529
-382
175
559
-781
-323
-2
539
-19
-992
1608
40
-1493
-260
393
-64
-795
631
1301
-34
-652
195
-430
-1127
-338
1062
1043
471
304
834
-936
-1132
-651
478
1147
700
-346
250
2058
-1538
-1914
1086
152
-607
305
626
294
-523
-412
-1445
349
119
-901
499
-213
458
-530
-393
-541
-974
1147
-402
-50
330
-902
172
-71
53
-874
214
908
-741
-179
-545
235
462
-1485
86
1016
810
-1353
-588
1055
-670
-102
-14
-673
2052
133
-713
-52
1190
-6
-1276
1050
1927
50
25
754
1036
123
-440
1021
926
326
-464
1324
1574
3
-68
-466
292
1564
-1189
-555
245
1121
-189
-392
766
-1270
-1155
-282
-568
273
128
-806
-889
160
-186
-2425
-1021
589
-328
-372
-828
10
294
-1605
412
-8
-525
-27
-606
849
-112
149
384
-854
451
818
-18
-756
-54
308
130
771
-1106
274
1373
-540
-1455
9
1069
-132
-705
154
665
1260
-1062
-930
1027
258
-1334
-388
2428
1463
-1085
-417
1146
90
-754
-421
1333
911
419
703
207
168
-724
-1074
671
275
876
1119
199
296
-667
-695
-220
-249
235
551
1273
348
-600
135
-800
-1143
-478
1125
1672
-67
-87
82
-339
-882
-1396
303
1206
402
-901
-865
1299
-448
-2007
-202
323
-295
-948
112
992
-534
-1614
-828
562
96
-1318
-800
608
476
-499
-855
130
37
-1332
-905
104
879
51
-1382
212
514
-867
-1375
-103
1370
53
-507
512
618
192
-901
-230
816
478
591
886
1212
187
-38
19
261
678
752
1685
948
-38
449
511
392
-401
581
1586
605
192
84
528
-158
-612
595
847
187
-586
52
552
-175
-182
-794
-325
300
-336
-68
-7
-118
-619
-411
-231
-1074
242
-186
-537
148
-86
-483
-1204
-713
-565
-332
495
-189
-719
-414
-791
-362
-638
-264
-15
-116
137
73
315
-912
-1005
281
165
315
230
113
-197
-871
-874
-404
682
-227
-230
1106
202
-749
-1040
-758
228
325
280
1113
1286
38
-1006
-402
444
553
686
1204
1779
974
80
116
275
608
14
611
1737
1337
862
135
-155
-274
-452
4
378
1192
783
176
165
-449
-517
-464
-317
701
558
199
131
-599
-224
-508
-952
-85
414
-20
-650
-183
-220
-856
-773
-913
-546
-273
-343
-184
-464
-454
-556
-1108
-1165
-1016
-664
-640
-781
-512
-783
-770
-1104
-887
-690
-761
-448
-989
-710
-151
-352
-557
242
414
-9
303
876
294
209
476
856
1601
1457
1577
1582
1498
1415
1065
1333
1000
857
1454
1760
1865
972
1178
636
269
408
448
1362
251
-445
-130
-5
173
-175
57
215
392
3
-645
310
-17
-673
-597
-657
-252
-141
1233
3257
3317
1842
-1399
-2156
-434
4
41
830
2483
1991
-194
-935
-1892
-3674
-6781
-6259
-1774
548
-91
-3459
-5590
-7317
-9686
-8680
-4878
-1067
-1102
-3152
-3461
-3724
-4357
-5013
-2762
112
2138
4286
5402
5736
3632
1615
2444
4707
8526
10466
10703
9567
6780
5565
5804
6398
6195
4867
4462
3965
2637
1313
-179
-1986
-3873
-3663
-2754
-2860
-3893
-6277
-7288
-6598
-5928
-4634
-4231
-4400
-5324
-4778
-3003
-2651
-1356
-248
610
2464
3074
2708
3194
3635
3464
4421
6012
6604
5631
3569
2084
1624
1708
1261
475
-63
-1056
-1889
-2485
-2764
-3111
-3481
-3649
-3262
-2646
-2166
-115
1235
-246
-3259
-4019
-868
1089
1061
1876
3221
2166
-1104
-1748
-662
-252
-3392
-4739
-630
1573
-538
-4580
-6328
-6318
-8494
-8458
-4715
-1432
-2436
-6164
-6698
-5083
-4722
-4317
-1025
1887
2530
2876
4200
5676
5328
4815
7025
9911
11849
12419
12352
11042
8297
7323
8741
10106
9801
8313
7083
5233
1642
-1379
-2407
-2575
-3561
-4164
-3676
-4292
-7231
-10319
-10629
-9823
-9475
-8252
-6841
-4745
-3831
-4419
-4351
-4192
-3229
-1315
1918
5133
5223
4026
3259
2864
2931
3705
4871
5639
5101
3411
2933
2202
419
-590
-1346
-1284
-1960
-2876
-3404
-5012
-5979
-6519
-4161
-2057
-2145
-913
693
1873
-1266
-5480
-2514
3427
6595
6164
6427
6808
3001
-967
-1110
2894
3388
-1568
-1756
2421
2613
-3531
-9810
-9791
-8113
-8117
-7166
-3582
-2296
-7570
-12408
-11340
-7739
-6004
-4093
-688
1211
1136
303
1659
4628
5940
7566
10734
14066
14652
13501
12318
11161
11002
12129
13644
13838
12128
8228
5740
4144
1940
-198
-2854
-3402
-4118
-6012
-6813
-8684
-10751
-12381
-12013
-10859
-9935
-10074
-11437
-8364
-5542
-4178
-2342
-2802
-2469
-1161
1848
4719
5768
6512
5115
5314
6245
5954
6641
5805
4029
3296
3401
3026
1592
-327
-3287
-4988
-4899
-5077
-5500
-6017
-6444
-5773
-4183
-1853
1050
2067
-385
-5285
-7200
-1470
6228
9167
8745
8990
7391
2699
-64
656
3558
2273
-595
3410
7149
2553
-8115
-14274
-11818
-8758
-7043
-4290
-1850
-4800
-13094
-16854
-12699
-7592
-5133
-3048
-583
741
-404
-1849
353
3937
6844
10601
14566
16652
14904
11106
9454
11191
14279
16781
17196
14811
10327
5236
3423
3669
2860
717
-2431
-3555
-5014
-7997
-10030
-11732
-12258
-11521
-9960
-9454
-10326
-12055
-13095
-8931
-4128
-1657
-456
-1610
-1519
718
3692
6595
7781
7678
7395
7949
8206
7398
6263
4981
3642
3082
3240
1818
-459
-3518
-5912
-6942
-7560
-7372
-8514
-8489
-7209
-5200
-1333
57
-1530
-7224
-10556
-6508
680
6461
6507
7210
7611
5291
1967
-974
1758
2525
1728
6555
10983
8482
-2719
-12593
-12510
-6564
-2230
-415
593
-3465
-11025
-15767
-12658
-5632
-2954
-2145
-1483
-701
-579
-2173
-1116
1903
5501
9998
13521
14741
12550
8490
6359
8678
14078
18859
18640
13943
8475
4005
3393
4211
4350
3587
122
-3193
-5731
-7711
-9317
-11230
-11686
-10156
-7848
-8675
-11294
-13762
-14521
-9338
-4130
-1365
-890
-3839
-4215
-1443
2818
6629
7613
7176
6656
7225
8082
8321
7718
6396
5048
4053
4188
3458
714
-2557
-5909
-7030
-6067
-6255
-6798
-6733
-5590
-3054
-2611
-5378
-9340
-10626
-7092
-1154
2771
3359
3952
2814
520
-860
-1406
290
794
1684
7016
9641
4791
-3938
-9630
-7159
-1976
902
3084
2832
-2366
-9591
-12828
-8583
-3126
-717
1029
1887
1287
-1190
-3459
-1369
2698
6503
10710
12596
11601
8193
4603
4647
8394
12271
15016
15054
11478
6308
3560
4282
4512
3321
795
-612
-1241
-3717
-5844
-6413
-6967
-8972
-9355
-8037
-8177
-9649
-13064
-11340
-5682
-3234
-3190
-4965
-5959
-5206
-1799
2443
4618
5630
4537
3683
4889
5414
5829
5923
5552
4916
4361
3828
1929
66
-745
-1847
-2736
-3391
-2410
845
3989
3032
-3900
-10443
-13189
-7502
430
2266
2447
-196
-1572
-2896
-4503
-3453
-5751
-6163
-3986
2373
8982
3419
-7412
-14121
-11857
-5049
585
3841
3098
-1415
-8155
-9302
-4356
1027
3155
1909
2532
3710
4261
4062
3213
4403
6491
9965
12974
13553
10532
5523
3377
5353
10690
13869
12656
7970
3087
2595
2570
3201
2049
-2047
-3151
-4122
-3708
-3613
-5032
-7077
-9250
-7328
-6808
-6197
-7951
-10646
-6351
-2657
-554
-1709
-5788
-6993
-4808
730
5158
5809
3350
-1
132
3074
5514
6228
5030
2784
1447
2204
2986
1927
-664
-2478
-2795
-2543
611
4019
6853
5770
-3676
-8828
-8228
-3613
3076
3629
3200
1823
-640
-4176
-5827
-5604
-7939
-8084
-6234
1371
4907
-3382
-13818
-19411
-14008
-6558
-2000
1815
211
-5523
-11336
-10965
-3921
2355
4378
4366
5344
5325
5403
5288
7272
10665
12520
15207
15832
14701
11826
7907
7019
9306
12225
13435
9567
4964
2924
1136
438
-1514
-2774
-2858
-5790
-8841
-8857
-7126
-7148
-8106
-8857
-8936
-7287
-9582
-8710
-3633
-930
845
-845
-2487
-3031
-1838
1565
5111
8408
7693
4229
2469
2290
3886
5707
6819
5420
2855
452
-1769
-1236
-1284
-1676
-3243
-3434
-22
4380
8169
701
-10784
-13339
-7180
4124
6768
4233
563
-2230
-3746
-5253
1
-1178
-6639
-9557
-4934
5125
1811
-9641
-17909
-16213
-8671
-5322
-2980
-2347
-6916
-13842
-14598
-6994
1188
3661
51
-460
977
2796
5672
8401
12240
13390
14249
15276
16178
15361
12857
11693
13594
17559
16511
11887
9415
6627
4989
2016
-2181
-666
-53
-3717
-8143
-9484
-11168
-12579
-10675
-10996
-9743
-10443
-15309
-13091
-8930
-6061
-3459
-3088
-3564
-4334
-1872
1756
5178
8486
8463
5723
5219
5110
5802
9028
9281
8648
7423
3965
1003
-1284
-636
224
-51
1454
2422
3695
2188
-4760
-11083
-10195
-2591
3061
4271
708
-3344
-3398
-5267
-4490
-501
-1397
-3977
-6494
-2761
3076
-1010
-9342
-13445
-10435
-4760
-3836
-5351
-5436
-8500
-11883
-10461
-5623
-630
-866
-4607
-4334
-1902
1646
5418
7276
7956
7025
7559
10484
13986
15176
14430
12629
11604
12538
12812
15582
15230
10166
6302
1037
1172
3500
2307
-118
-4649
-7234
-9465
-7409
-6280
-8666
-9679
-13460
-10944
-7190
-6086
-6293
-8768
-7947
-7248
-4905
-1849
295
3069
3801
2500
2156
3885
5923
7675
7419
5677
5196
4363
4383
3979
3449
3227
-51
-579
2769
6653
8438
1184
-8439
-9563
-3809
2523
2706
819
-12
-223
-2691
-5749
-2982
-3432
-6455
-7957
-2674
5533
1282
-9195
-14786
-11356
-5644
-4092
-3062
-2055
-4920
-11593
-13540
-7656
-747
1190
-2224
-4209
-4027
-2461
627
3684
7831
9152
8359
7171
7024
8467
10143
10715
11877
13044
13533
14306
10756
7899
4713
2282
4609
6324
6321
2742
-3124
-7918
-7804
-4652
-4869
-4948
-8944
-10864
-8121
-6391
-3990
-5358
-6284
-6615
-5571
-3203
-2669
-881
604
1368
1995
2840
3435
3833
4566
3631
4820
6067
5399
3318
729
1540
1707
4138
6002
6663
6844
-1062
-7484
-7461
-1593
5229
4705
378
-3987
-3666
-2664
-2606
-811
-3990
-7862
-10059
-6611
1131
1247
-5774
-13788
-14086
-8808
-4483
-1746
-893
-3117
-8270
-10695
-7832
-839
3405
1747
42
-680
29
1201
2844
5951
7884
9660
10024
10396
10083
7846
6107
7297
10637
14286
15846
10734
4156
-1743
-2480
3123
6962
6092
729
-5454
-9315
-7376
-3574
-3548
-5440
-10958
-12241
-8021
-4111
-3373
-6955
-7510
-5784
-2581
162
-492
-143
1048
1459
3242
5765
6383
4854
2717
2833
5329
7025
7301
5491
3323
1498
-671
460
4447
7432
8022
3794
-5183
-10613
-8363
-458
5069
2389
-3911
-6778
-4674
-3259
-2465
-3620
-7384
-11207
-10394
-1329
3199
-2959
-13595
-18114
-11620
-4937
-2280
-781
-725
-4125
-9269
-9516
-2591
4946
5638
2451
-440
-233
2787
5875
9798
11191
9371
7034
7046
10714
13733
12641
9482
8306
11555
13786
10583
5014
38
865
4252
5733
5041
1570
-3851
-9409
-7802
-3542
-2510
-5636
-12235
-12847
-8882
-6125
-6172
-7485
-7904
-8884
-8312
-5301
-2039
884
1998
620
70
692
1693
4159
6563
7846
7118
5302
4011
3139
5182
6450
5174
4206
4122
5028
6261
5266
-270
-4285
-4936
-1015
3942
2486
-2715
-6273
-4420
-2384
-2264
-3258
-7269
-11598
-13688
-7796
743
263
-9515
-19142
-17679
-10565
-4333
-733
-446
-4144
-10758
-12673
-6469
3464
6990
3826
448
-775
1012
4750
9034
12357
12252
9383
7125
8174
11390
13309
13124
13479
15142
14719
10254
4090
1975
4822
8961
9087
5959
2404
-3179
-7335
-5298
-1101
-1370
-5856
-11218
-11036
-7052
-6834
-9197
-10644
-9618
-8674
-7452
-4948
-4759
-5595
-5535
-2920
1417
2955
679
-1396
125
3452
6435
7422
6246
3248
943
2214
4661
7737
8363
4863
3999
3643
1946
-293
-2194
845
4110
3377
-1795
-4470
-1937
-1110
-1696
-3932
-5381
-7726
-11289
-8360
-2235
-1011
-8679
-17503
-17311
-11030
-7082
-5979
-4586
-5818
-10543
-14272
-8961
1611
5799
2648
-2186
-2657
231
3147
7999
13843
15449
11501
7061
7316
11231
14451
15125
15925
17093
15183
10740
7469
7478
9107
10021
9576
8298
7068
2539
-3075
-3077
-1219
-516
-2348
-6067
-7438
-8391
-10294
-11317
-9035
-6147
-8070
-11164
-11673
-10279
-7744
-5446
-2911
-884
-2394
-6000
-6441
-2040
2988
4500
3872
2036
-157
-1081
308
3846
6916
7195
3024
104
2136
4022
3380
1106
-165
1996
4061
1251
-2021
160
2917
1711
-882
-2511
-2944
-5641
-8398
-5521
-482
-1533
-10833
-16616
-11902
-6234
-6075
-7531
-7270
-7801
-11196
-12856
-6952
912
994
-4633
-6226
-2241
-243
707
5022
10660
12957
9138
5852
7697
11169
13154
15228
19141
19507
14325
8565
7616
11440
14395
14210
12322
10488
7288
2287
326
1884
3549
2478
-1068
-3272
-5110
-7506
-8657
-7685
-4471
-3962
-7386
-9831
-10262
-9343
-8103
-5633
-1970
-2046
-6158
-9897
-9201
-3786
793
1812
863
-1771
-4582
-5146
-2274
2369
3288
180
-2252
-2263
-393
1119
557
-653
-1847
-2660
-1867
120
1477
926
916
1139
-143
-1362
-2251
-1323
225
-332
-1604
-1923
-2441
-4892
-6294
-4572
-2887
-3561
-5041
-5444
-4660
-4853
-7011
-6387
-2442
-849
-2610
-3985
-3295
-1763
360
3554
6663
6910
4200
2752
5966
11248
13297
12251
10941
9892
9436
10294
12783
14227
12450
9671
7707
7697
8068
6976
6134
5440
3488
1085
-508
-1079
-1298
-1998
-2219
-2192
-3064
-4824
-6933
-7093
-5577
-4490
-3537
-3546
-4746
-6122
-7609
-6536
-3072
-1281
-2032
-4546
-6282
-5397
-3848
-2750
-2144
-3085
-4952
-6366
-5709
-2801
-1480
-2289
-3937
-5099
-4156
-3668
-3212
-1550
-335
-290
-784
-744
-464
320
941
1578
2074
963
202
885
2057
2431
1508
461
-536
-1518
-1245
-221
-309
-1906
-3787
-3464
-1846
-1834
-2864
-3519
-2842
-1070
623
1965
1696
65
-206
1516
4714
7704
8345
7638
6385
5307
6611
9647
11861
11775
10091
8353
7246
7181
7528
8030
7951
5680
2412
412
136
1063
1762
1076
-778
-3124
-5004
-5308
-3615
-1846
-1766
-3606
-6026
-6977
-6767
-5168
-3081
-1983
-2583
-5300
-7100
-6293
-3490
-904
-351
-1795
-4763
-6320
-5447
-2663
-248
-1125
-3652
-5345
-4866
-3116
-1745
-1051
-1244
-1886
-2263
-1962
-931
-16
411
681
425
-734
-1975
-1286
1277
3357
2860
116
-1753
-1639
-504
597
699
-144
-1795
-3222
-3010
-2012
-1572
-2045
-2514
-1657
-705
-569
-747
-858
-419
778
3084
5443
6230
5059
3670
4183
5934
8242
10534
11552
10337
7048
5089
6354
8896
10410
9579
7329
4445
1318
24
1301
3442
3641
873
-2504
-4920
-5799
-4803
-2940
-1426
-2235
-5161
-7514
-7779
-5830
-3869
-2676
-2272
-3946
-5859
-6553
-5044
-1389
624
-92
-2300
-4379
-4131
-2091
43
1066
507
-947
-2500
-3144
-2268
-562
571
452
-446
-924
-876
-851
-392
316
728
-3
-1156
-962
-48
701
89
-1506
-2158
-1850
-776
-199
-901
-2607
-4694
-5081
-3730
-2018
-1701
-3223
-4657
-4663
-3164
-1859
-1219
-874
-928
-420
848
2517
3755
4162
4215
4526
5629
6980
8336
9537
9782
8866
7766
7791
9228
10737
10825
9257
6597
4190
3260
4364
5971
5547
2724
-1025
-3275
-3381
-2403
-1139
-940
-2835
-5905
-7838
-7300
-5318
-3930
-3805
-4389
-5449
-6720
-7163
-5557
-2983
-1773
-2137
-3188
-3937
-4207
-4063
-2600
-657
98
-749
-2156
-2980
-3349
-2819
-1253
612
1476
305
-1520
-2575
-2277
-487
1524
2258
1165
-408
-821
-43
804
815
286
-85
47
271
624
802
-116
-1307
-1996
-1930
-814
250
100
-910
-1801
-2056
-1695
-1071
-387
196
479
289
-134
614
2075
2698
2878
2936
3440
4704
5453
5316
4842
4398
4628
5825
7559
8063
6135
3528
2212
3126
5383
6244
4961
2514
134
-944
-412
1151
2087
1316
-980
-3796
-4846
-3444
-1353
-372
-1361
-3519
-5497
-5997
-4339
-2137
-1202
-2260
-4450
-5310
-4587
-3555
-2739
-2389
-2324
-2885
-3697
-3745
-3606
-3499
-3266
-2816
-1572
-669
-1298
-2520
-3075
-2582
-1391
-300
67
-256
-804
-733
35
734
584
-545
-1209
-837
122
1247
1171
182
-837
-1464
-555
897
1485
1129
-70
-717
230
1895
2713
2291
1476
901
1378
2608
3715
4344
3774
2587
2168
3242
4845
5538
5298
4098
2788
2744
3802
4969
5249
4360
3077
2239
1983
2397
2882
2175
709
-242
166
1290
1200
-181
-1708
-2668
-2698
-1379
397
622
-971
-3561
-4974
-3938
-1951
-363
-323
-1598
-3602
-5408
-5183
-3746
-2406
-2026
-3002
-3893
-4370
-4857
-4889
-4167
-3393
-3538
-4014
-3637
-2677
-2372
-2590
-2294
-1332
-486
-862
-1300
-437
653
1319
1588
1603
1150
-37
-727
58
1576
2324
1401
-334
-1369
-1709
-1231
331
1322
917
-345
-1203
-425
801
1319
1491
1897
2392
2431
2793
3779
4274
3864
3323
3809
5061
5468
4886
4458
4274
3760
3355
3771
4360
3918
2633
1999
2299
2493
2043
1325
1002
612
246
674
1127
602
-908
-1927
-1623
-725
11
-282
-1256
-2304
-3166
-3051
-2040
-926
-916
-2231
-3735
-4508
-3896
-2850
-2771
-3367
-4011
-4632
-4818
-4359
-4083
-4121
-4274
-4663
-4728
-4124
-3280
-2526
-1965
-2111
-2427
-1713
-585
-28
110
454
1133
1884
2409
2132
1496
1076
940
1714
2798
2776
1541
-10
-921
-672
352
870
213
-1170
-2202
-1985
-771
382
342
-545
-1070
-849
335
1976
3181
3527
2915
2223
2518
3956
5571
6116
5623
4994
4782
4936
5313
5785
5764
5100
4208
3548
3553
3594
2995
2310
2052
1873
1345
571
-287
-871
-1038
-1044
-849
-799
-1515
-2858
-3808
-3854
-3374
-2856
-2913
-3412
-4114
-5133
-5729
-5275
-4356
-3985
-4464
-5360
-6007
-5979
-5391
-4584
-4047
-4248
-4877
-4984
-4176
-2926
-1938
-1564
-1636
-1552
-864
138
910
1312
1669
2038
2358
2587
2515
2421
2461
2632
2976
2966
2169
1021
430
432
562
661
330
-568
-1709
-2359
-1896
-898
-307
-524
-979
-1056
-819
-83
1186
2498
3151
3126
2975
3093
4025
5502
6648
6926
6347
5714
5693
6362
7099
7242
6726
5717
4808
4376
4292
4251
3980
3492
2603
1438
528
13
-228
-273
-351
-899
-1960
-3195
-4164
-4573
-4624
-4493
-4513
-5009
-5913
-6988
-7711
-7865
-7550
-6872
-6440
-6978
-8088
-8557
-7860
-6562
-5660
-5465
-5546
-5550
-5251
-4249
-2542
-1083
-661
-951
-827
271
1556
2405
2917
3255
3500
3494
3463
3731
3868
3666
3489
3443
3119
2172
1235
1076
1320
1166
400
-489
-1042
-1292
-1139
-617
-315
-705
-1411
-1518
-811
153
853
1253
1632
2024
2306
2586
3159
4223
5430
6140
6092
5652
5542
6028
6742
7249
7234
6793
6272
5890
5625
5180
4695
4510
4370
3734
2521
1439
962
725
320
-284
-901
-1672
-2759
-3728
-4178
-4224
-4332
-4766
-5454
-6364
-7272
-7755
-7588
-7004
-6728
-7237
-8306
-9182
-9004
-7805
-6526
-6088
-6585
-7142
-6961
-5907
-4314
-2892
-2203
-2269
-2399
-1676
-180
1310
2243
2609
2761
2881
3098
3566
4197
4625
4641
4425
4023
3331
2533
2158
2384
2512
1896
743
-157
-402
-356
-319
-217
-61
-168
-569
-761
-418
292
963
1527
2121
2452
2281
2096
2597
3772
4838
5212
4985
4594
4489
4811
5402
5881
5734
4982
4359
4348
4666
4717
4357
3813
3150
2343
1572
1273
1524
1600
930
-106
-967
-1679
-2370
-2816
-2821
-2695
-2917
-3626
-4530
-5247
-5725
-5947
-5768
-5477
-5606
-6348
-7308
-7791
-7444
-6577
-6021
-6236
-6839
-7222
-6902
-5736
-4228
-3174
-3011
-3400
-3438
-2498
-845
601
1328
1570
1635
1792
2237
2916
3587
3925
3830
3526
3194
2942
2897
3011
2951
2376
1586
1114
964
809
551
425
454
314
34
42
386
637
570
557
943
1512
1880
2026
2217
2590
3084
3495
3599
3451
3405
3776
4447
4942
4911
4372
3733
3461
3734
4245
4391
3863
2934
2188
1956
1981
1882
1505
937
379
-84
-497
-982
-1494
-1855
-2089
-2362
-2794
-3362
-3921
-4346
-4570
-4654
-4847
-5285
-5795
-6087
-6068
-5834
-5502
-5329
-5558
-6007
-6163
-5646
-4631
-3639
-3014
-2944
-3327
-3520
-2885
-1500
-117
618
698
437
240
543
1428
2450
2973
2869
2490
2137
2012
2167
2451
2527
2214
1768
1472
1308
1157
1042
1008
944
765
605
648
855
1007
998
943
1003
1296
1752
2110
2210
2210
2372
2688
2918
2956
2964
3186
3596
3856
3697
3220
2846
2892
3258
3560
3473
2945
2236
1728
1642
1816
1800
1319
611
96
-126
-322
-682
-1111
-1508
-1939
-2393
-2670
-2746
-2938
-3438
-3988
-4255
-4370
-4647
-5022
-5143
-4949
-4751
-4728
-4834
-5030
-5274
-5264
-4625
-3514
-2627
-2488
-2891
-3226
-3041
-2191
-816
568
1198
799
47
-8
973
2308
3081
3008
2482
2065
2067
2422
2801
2801
2314
1670
1248
1151
1204
1183
1017
698
296
-39
-170
-17
295
538
590
401
236
431
980
1556
1790
1741
1761
2012
2333
2512
2600
2796
3090
3288
3200
2859
2577
2582
2832
3073
3022
2653
2084
1544
1292
1340
1491
1386
876
220
-340
-691
-922
-1116
-1222
-1417
-1892
-2621
-3280
-3436
-3229
-3107
-3383
-4040
-4643
-4916
-4776
-4305
-3934
-3901
-4215
-4557
-4585
-4431
-4025
-3280
-2371
-1702
-1782
-2252
-2403
-1849
-574
791
1718
1776
1027
524
970
2311
3569
3807
3318
2555
2073
2156
2540
3117
3230
2611
1704
820
540
634
775
946
620
74
-506
-889
-686
-501
-321
-166
-182
-131
-281
-115
415
758
1070
1119
1226
1441
1391
1567
1902
2418
2768
2484
2196
1992
2091
2515
2733
2731
2288
1696
1401
1313
1445
1370
1049
665
110
-287
-449
-523
-710
-1189
-1656
-1903
-2039
-2165
-2329
-2468
-2613
-2992
-3473
-3787
-3840
-3516
-3091
-2900
-3127
-3732
-4150
-4097
-3608
-2885
-2318
-1970
-2049
-2431
-2509
-2028
-1015
-23
527
706
576
493
779
1545
2485
2831
2455
1923
1868
2330
2760
2839
2566
2191
1864
1589
1445
1311
1211
1136
1026
912
582
148
-151
-139
273
579
540
171
-303
-396
-111
446
893
975
946
795
604
612
1267
2497
2929
1841
195
-390
340
1291
1977
2459
2585
1873
673
36
-55
-256
-627
-245
1021
1849
1426
213
-815
-1597
-2444
-2842
-2298
-1104
-264
-394
-1163
-2205
-3247
-4070
-4329
-3694
-2541
-1616
-1482
-2120
-2887
-3340
-3349
-2869
-2094
-1351
-1211
-1732
-2118
-1794
-914
-163
136
267
238
47
49
598
1560
2169
2054
1716
1676
1991
2366
2596
2709
2581
2274
2134
2171
2125
1772
1328
1183
1183
1154
1130
1125
1006
501
-144
-522
-623
-536
-291
302
1023
1233
680
-397
-1235
-1334
-779
156
1015
1537
1482
905
341
162
434
729
708
575
611
939
1336
1554
1501
1046
208
-724
-1175
-761
180
884
799
16
-1130
-2184
-2572
-2038
-1092
-838
-1553
-2366
-2536
-2309
-2241
-2163
-1867
-1762
-2246
-2902
-2884
-2230
-1684
-1451
-1209
-972
-1140
-1548
-1537
-955
-345
-110
-51
164
442
593
737
1006
1233
1165
883
663
697
967
1390
1921
2256
2001
1210
568
668
1223
1595
1473
1000
428
-150
-334
247
1218
1825
1769
1492
1260
882
353
18
187
734
1249
1603
1858
1955
1835
1466
999
573
283
400
963
1778
2317
1985
976
-19
-558
-648
-413
189
897
1048
425
-540
-1243
-1623
-1929
-1855
-1250
-671
-669
-1213
-1719
-1967
-2290
-2712
-2984
-2877
-2528
-2224
-1848
-1576
-1893
-2744
-3535
-3587
-2991
-2325
-1684
-1130
-894
-1191
-1823
-2077
-1725
-1016
-244
276
549
689
721
686
656
900
1473
1897
1877
1692
1828
2308
2574
2525
2356
2047
1668
1322
1319
1620
1667
1396
960
667
617
607
757
812
653
478
297
308
424
589
908
985
735
405
315
832
1497
1939
1998
1577
1215
899
667
667
828
1132
1083
754
553
516
426
44
-356
-566
-793
-962
-695
-96
198
-307
-1051
-1441
-1609
-1674
-1588
-1106
-752
-913
-1202
-1381
-1635
-2323
-2844
-2714
-2280
-1962
-1770
-1576
-1850
-2740
-3419
-3201
-2566
-2199
-2100
-1671
-1171
-1184
-1270
-1269
-1027
-935
-680
108
657
971
1016
1404
1649
1164
970
1339
2188
2358
1920
1784
1696
1679
1418
1551
1922
1489
787
607
1068
1166
686
417
397
396
607
907
1087
1038
772
766
490
336
806
1485
1907
1273
1407
1650
1105
815
535
1496
1348
676
910
1020
1496
264
93
1039
1323
1023
-600
-143
-372
-1313
-864
-263
1096
-119
-1539
-1096
-603
-871
-2750
-2519
-1239
-899
-1084
-1457
-553
-892
-2297
-2689
-2186
-1375
-1531
-1837
-1515
-1172
-1213
-1934
-2516
-2107
-2018
-2613
-2220
-638
-195
-1726
-1813
-625
-502
-1022
-1276
-253
528
702
670
299
824
1151
989
657
577
1228
1128
1338
1602
1211
1222
586
404
793
1163
1977
1485
1223
1332
1133
844
584
1855
2055
1499
1474
1089
1981
2157
1755
1149
347
1431
1681
1250
1261
1483
1799
884
232
316
1212
1478
-391
-53
1176
521
-518
-198
980
517
-893
-1723
-816
54
-1433
-1428
670
851
-1635
-2899
-1827
-1461
-1481
-1528
-899
-529
-1660
-2351
-2201
-1584
-2325
-3050
-1223
-436
-1377
-2505
-2079
-1909
-2668
-1867
-1275
-66
41
-1678
-1860
-1924
-1323
-1263
-959
141
597
1517
212
-645
-702
-1172
-680
248
1937
1997
1715
1988
1332
927
-440
-759
722
1772
2563
3012
2480
1246
483
333
570
906
1514
1953
2476
2155
1186
1395
930
754
1333
2164
2229
686
305
1157
2222
1795
562
1352
1528
589
-259
-117
616
453
422
871
1725
1372
-670
-1695
-1412
-991
-609
-519
519
1047
-154
-1608
-2865
-2510
-1909
-1251
-461
-514
-316
-1886
-2521
-2050
-1959
-1699
-2040
-1191
-674
-864
-1515
-2366
-2244
-2218
-1393
-1484
-1285
-1009
-989
-795
-1278
-1091
-1479
-1682
-1318
-625
-694
-1102
362
594
22
206
-360
-960
-942
234
1046
1348
1591
1580
1201
1094
1298
1053
906
1572
2133
2251
2717
2772
2225
1584
1038
1379
1517
1899
2522
1784
1526
1664
1143
627
756
958
578
859
895
1102
1045
443
722
325
-160
284
526
617
418
448
-61
-299
-27
-364
-415
-664
-604
-142
3
-977
-1564
-1028
-1271
-1224
-869
-1150
-1102
-1853
-1882
-1400
-1073
-1561
-2446
-1404
-1220
-1906
-1765
-1102
-910
-1899
-1463
-708
-1355
-1531
-1147
-123
-693
-1142
-484
-539
-96
-27
-618
-425
-331
-961
-1082
265
970
3
-389
-210
-140
111
171
-341
125
1035
1175
714
1175
1116
1247
1238
925
1481
1738
1658
1780
2166
2582
1576
1772
1869
1440
1345
1267
1578
1443
1978
1916
1671
1080
-73
401
132
-230
794
1513
1586
608
-163
-665
-551
-969
-1023
-13
1030
455
-888
-722
-515
-1466
-1536
-1035
-981
-743
-413
-954
-1592
-1228
-1171
-1762
-1692
-1083
-1072
-1261
-1417
-1044
-1019
-1225
-1934
-1303
-512
-978
-545
-769
-1215
-758
-349
-172
-542
-561
-784
-947
-61
-135
312
270
-943
-951
-314
-844
-30
605
100
-3
199
316
-148
267
-142
-119
1646
1217
1078
994
1186
1062
106
1032
1156
1612
1430
1715
2534
1369
705
273
1320
1676
1680
1746
1653
2665
975
168
867
812
1074
809
927
535
1623
837
-932
-181
-410
-592
-966
-355
512
-59
-124
-1138
-1155
-1222
-2004
-915
-1115
-580
138
-308
-610
-1455
-1783
-1386
-1118
-638
-786
-232
-813
-1205
-428
-1020
-724
-1179
-2105
-1126
-747
-898
-1000
-675
-468
-818
-1232
-1888
-1758
-1464
-767
-152
474
219
-1084
-1084
-1013
-846
-643
59
1171
869
854
948
918
262
22
869
1435
1556
1418
1939
1838
1581
1920
1247
911
1241
1280
1565
1883
1752
1226
1169
1302
1706
1200
750
898
550
198
745
1545
1306
880
387
231
133
-621
-687
-107
918
810
-124
16
-721
-1198
-1122
-1071
-880
-346
-43
-329
-184
-1023
-2175
-1942
-1682
-1553
-597
362
-271
-954
-1352
-1718
-1944
-2165
-1624
-665
239
-666
-1295
-590
-1045
-1765
-2335
-1490
-490
-771
-434
46
-100
-907
-1381
-933
-597
-332
-176
444
1049
293
-32
307
313
-26
-85
1139
1616
884
684
1247
1249
525
495
1130
1869
1555
1231
1646
1730
1414
1055
1142
1958
2136
954
1050
2063
2017
1391
874
1599
1279
402
180
974
1290
53
58
947
221
-513
-705
-738
-251
-423
-1077
-1219
-952
-642
-1154
-1081
-867
-1463
-1965
-1870
-711
-1006
-686
-331
-984
-868
-1554
-1221
-634
-661
388
-3
73
-903
-1350
-210
-933
-619
-327
-215
-210
-1040
-384
-830
-843
-768
-1830
-845
-608
-536
-87
-471
-553
-1240
-1056
-593
-606
250
-259
-43
769
146
92
164
-66
-13
698
1682
704
1106
1586
998
625
330
1755
1698
1218
1607
1308
2450
1371
590
1258
1711
2038
727
1435
2661
1387
615
725
1211
1232
404
1044
1299
1077
626
-276
188
91
-419
-134
-512
301
-532
-838
-749
-926
-725
-1832
-1634
-1050
-1442
-1129
-1095
-520
-852
-1638
-1825
-1681
-921
-864
-642
-311
-371
-677
-1271
-1275
-821
-814
-536
-828
-880
-256
-568
-1053
-1098
-973
-1191
-1102
-722
-738
-105
-133
-823
-965
-325
-329
-895
-13
392
-34
243
170
244
566
114
-133
668
937
490
141
903
1677
628
610
746
1033
1098
305
1231
1652
1425
1323
1076
1877
1163
817
1371
1418
1854
1755
1700
1318
934
1410
1203
771
1371
1646
1472
394
186
1023
347
-110
353
239
183
-400
-471
-895
-740
-238
-940
-1323
-939
-698
-1302
-1765
-915
-882
-1031
-1523
-1758
-1134
-1110
-1099
-1606
-1317
-501
-996
-1800
-1165
-915
-1102
-1325
-1524
-636
-332
-598
-598
-935
-1002
-1107
-670
-501
-565
218
-590
-826
-319
-621
-386
226
-240
-962
-249
277
-650
-117
473
434
75
-285
-24
388
515
-169
835
1553
1016
366
929
1568
898
995
926
1281
2509
1242
1188
1859
2263
1468
978
1704
1570
1781
1341
1379
2337
1532
872
1154
1424
1040
834
1265
512
468
969
227
305
500
-304
-241
-130
-498
-953
-768
-458
-1234
-954
-941
-1146
-1232
-2024
-1624
-1778
-1314
-1429
-1381
-998
-1969
-2048
-2017
-1565
-899
-1567
-1080
-1055
-1055
-1492
-1761
-723
-1260
-1410
-564
-283
-260
-666
-666
-538
-965
-703
-650
243
379
-226
348
460
156
-269
-737
619
968
348
403
1015
1459
296
115
717
883
869
181
890
1687
1079
1090
1222
1372
631
203
1239
1240
1244
1788
1444
1635
1143
306
735
1438
1152
635
1560
1425
415
800
805
536
498
280
303
185
145
-30
240
25
-225
-466
-544
-874
-878
-75
-365
-1126
-465
-369
-1272
-1190
-700
-759
-1291
-828
-1035
-434
-555
-1352
-1189
-710
-717
-1539
-1796
-409
-534
-811
-891
-738
-367
-1309
-1740
-874
2
-1003
-1073
265
-166
-1011
-413
-328
-681
-651
-216
-93
146
-88
135
239
-239
-380
-141
420
345
444
472
686
482
178
640
628
782
1159
1079
1453
1353
874
1029
1589
1318
1189
1714
1837
1684
1139
1322
1345
1330
1212
989
1035
1078
816
293
918
1010
207
-124
-331
-91
-251
-104
-214
-657
-252
-838
-1292
-1036
-628
-1061
-1378
-988
-993
-662
-1160
-1142
-974
-831
-1038
-1380
-453
-767
-378
46
-1170
-555
71
-484
-1222
-436
286
-135
-202
-523
-123
-93
-730
-563
-211
298
-323
-546
-231
-354
-69
-294
-351
-107
271
67
-523
-120
20
-334
-266
232
179
-229
-49
-51
-266
-100
150
-317
-524
472
665
448
-3
167
920
506
270
373
1282
1373
928
1208
1866
1691
582
1191
2024
1426
1449
1000
1146
2050
1488
527
528
836
465
-169
-211
220
262
-34
-495
-483
-21
-899
-1875
-976
71
-466
-1041
-550
-268
-619
-1062
-1606
-1022
-417
-1169
-859
-245
-537
-643
-1234
-1099
-403
-964
-1326
-655
-57
-210
-477
-370
-379
-321
-704
-511
239
-138
-207
134
292
69
-86
-189
-416
-85
-99
-14
319
-165
268
-68
-307
-189
-578
-108
29
183
279
75
199
63
68
101
38
301
513
825
364
444
1125
603
-76
909
880
487
1036
891
1006
1251
957
239
810
1282
507
404
811
1166
847
239
365
561
619
-129
-55
807
162
-330
244
73
-185
297
-326
-517
222
-11
-1008
-752
300
-572
-1071
125
-391
-799
-828
-1243
-585
-867
-928
-1051
-889
-61
-1091
-1374
-979
-883
-505
-1408
-731
-230
-313
-744
-1382
-21
-524
-670
-253
-648
192
-119
-486
-687
-407
384
-477
-391
97
569
202
-271
24
-174
205
403
653
810
781
1063
509
439
608
399
678
1168
1075
1007
1901
1281
558
665
732
690
501
1188
1283
1433
1414
518
624
396
492
271
356
721
632
1239
46
-52
526
-691
-677
14
142
-543
-372
-46
-977
-866
-807
-1463
-763
-798
-1342
-500
-835
-1314
-1307
-567
-1042
-1545
-235
-1269
-823
-255
-892
-641
-1105
-30
-119
-242
-534
-1180
472
138
-401
-344
267
666
-751
-327
642
161
-463
-799
610
1166
57
-533
-402
832
191
-1138
126
1086
1214
86
-680
900
995
278
-749
13
1999
996
-255
186
1466
1229
-479
-134
1006
1355
85
-343
1315
1234
-187
-446
1070
1450
-279
1
809
1111
637
-699
335
1108
811
93
-179
1424
263
-440
-63
207
291
-1067
-342
416
90
-816
-1448
116
-820
-1955
-989
-287
-702
-1728
-615
-430
-959
-1225
-1612
-305
-226
-952
-994
-55
467
-1374
-975
231
263
-539
-1259
-138
740
87
-1113
-392
613
139
-269
-301
673
4
-644
339
543
530
-10
-258
835
952
249
-15
259
261
517
1040
518
22
544
588
71
-167
427
1101
654
-332
95
761
240
-219
-240
1048
1651
-90
-207
1340
1109
-64
-33
938
1369
1062
26
833
1734
314
-565
123
638
162
149
368
389
539
-881
-1454
-658
-560
-462
-249
-477
-923
-341
-1079
-1524
-832
-1537
-1250
-213
-978
-905
-35
-506
-1685
-1211
-921
-1141
-273
-459
-107
394
-369
-1034
-954
100
-280
-472
634
63
167
-157
409
617
-791
274
757
419
300
92
1163
948
27
-4
603
1146
-36
-367
881
1491
567
-439
-167
966
756
-712
-914
675
1516
39
-486
631
455
-173
-1185
-379
1507
992
21
-169
637
778
-46
-282
410
1404
459
-372
665
1209
706
-341
-64
762
577
-585
-589
961
886
-407
-524
-32
456
-416
-1358
-424
716
189
-924
-650
178
-684
-1196
-539
-495
-736
-605
-326
-736
-764
-618
-944
-627
-990
-1215
-120
-43
-589
-1067
-423
406
-386
-818
-49
816
368
-752
106
721
588
153
-28
362
702
783
-742
22
1522
146
-668
-454
820
716
-510
-508
5
852
-403
-1125
93
616
169
-815
-600
296
483
-271
-828
303
1100
229
-765
-220
1009
1024
-12
258
1386
1219
308
-58
746
1397
733
182
1042
1550
780
273
225
436
535
432
374
505
572
61
312
171
-408
169
157
-562
-554
439
209
-942
-603
-314
-587
-956
-1161
-596
-869
-1382
-1292
-647
-355
-1860
-1978
-740
-648
-1011
-1162
-514
-431
-814
-453
-653
-349
484
-31
-114
730
709
98
174
567
374
490
489
777
917
267
323
269
-107
-117
606
297
-487
170
506
268
-855
-870
413
127
-569
-547
516
649
-462
-691
275
1253
83
-607
685
1253
562
-135
518
1476
1217
196
441
1744
1260
-611
-316
1327
707
96
643
1035
652
-375
-380
-76
120
-509
-547
777
498
-309
-547
-292
-476
-1022
-601
327
297
-1001
-628
9
-341
-842
-1137
-629
-707
-349
-642
-349
504
-1001
-1579
-1105
-677
-647
-672
114
158
-335
-717
-519
-420
-1221
-731
721
695
91
41
342
273
-253
-227
242
808
520
-111
484
1547
1099
-112
-281
177
326
-423
554
1556
540
348
68
286
398
-271
-342
-35
668
196
316
838
-35
-142
-66
-232
-525
-296
639
514
290
483
514
507
22
-358
386
823
506
633
1026
823
138
427
510
-182
-681
-365
681
272
-115
60
-150
-511
-1542
-1350
-187
-123
-895
-614
498
45
-1004
-1210
-925
-555
-979
-1014
254
561
-90
-597
-1012
-1224
-953
-420
-513
-63
488
316
-308
-991
-489
-293
-269
172
432
891
776
106
-418
412
922
-405
-379
818
996
416
261
875
585
-313
-617
-322
519
600
20
307
1014
368
-686
-145
519
137
-590
-168
910
723
271
602
764
-448
-886
-3
277
316
260
1076
955
-116
100
-49
-285
-325
152
438
524
971
221
331
31
-940
-529
-179
372
109
229
819
145
-564
-1278
-397
404
-405
-280
391
630
-438
-1183
-367
-14
-230
-739
-585
484
482
-877
-1251
142
80
-996
-453
222
93
-230
-462
-162
430
51
-554
-184
160
98
-187
-56
216
-49
-428
-653
-79
173
-584
-932
-435
-17
-734
-1037
-52
117
-521
-793
-470
164
-63
-524
-295
226
602
208
306
720
465
289
184
697
1265
1018
644
821
1124
822
704
740
783
1107
989
585
357
591
912
860
366
103
877
674
-270
8
656
693
130
28
279
249
35
-369
-132
-23
-505
-548
-368
-260
-630
-976
-913
-1044
-1044
-1180
-1188
-908
-1124
-1264
-1202
-1173
-1010
-806
-629
-806
-1114
-899
-277
100
-38
29
338
22
-293
-70
236
691
824
626
738
730
216
-103
514
765
160
165
363
290
329
211
-18
148
196
-388
-308
255
73
-136
70
66
92
235
-56
-50
169
-119
-157
155
295
453
721
523
275
74
-411
40
619
618
876
992
847
510
130
-87
199
471
439
905
971
469
0
-188
-130
-450
-705
-460
218
180
-421
-203
-209
-875
-1462
-1362
-604
-305
-366
-144
140
-44
-700
-1055
-946
-719
-410
-94
288
560
483
109
-470
-881
-859
-562
-210
183
298
435
728
134
-584
-513
-192
-165
-253
397
989
940
688
183
25
223
116
-9
287
577
534
339
9
-22
65
-264
-432
-188
-7
-293
-463
-228
-149
-227
-787
-1008
-230
5
-353
-416
-98
249
-125
-624
40
858
361
-116
499
1073
940
680
798
1056
1044
407
186
1122
1261
696
934
1112
636
-9
-408
-249
139
51
-77
133
-35
-376
-609
-957
-1045
-864
-753
-503
-125
-212
-514
-617
-715
-682
-566
-456
-300
-174
101
149
-348
-387
-64
-240
-331
-214
-291
-291
-94
-274
-424
44
-85
-600
-414
-348
-477
-65
123
-10
386
554
170
-62
-94
-55
170
575
641
555
745
461
-90
-184
-169
-46
260
532
721
685
267
-152
-120
67
122
125
376
781
589
53
-18
70
-114
-94
132
325
853
870
266
184
73
-98
78
210
634
954
654
170
-75
-133
-593
-761
-362
-335
-460
-523
-413
-527
-1155
-1315
-1182
-1174
-972
-652
-259
-133
-411
-701
-674
-273
-40
-95
-1
237
191
-151
-145
242
507
365
90
172
303
250
209
426
750
630
458
546
529
465
378
386
430
287
178
55
-64
-55
-14
104
112
65
41
-182
-325
-194
-7
42
159
387
269
53
11
-24
-79
-80
51
92
164
224
59
16
-111
-346
-341
-258
-181
-212
-186
-170
-298
-312
-382
-308
-153
-244
-283
-241
-87
14
49
173
135
102
42
-113
-159
-29
175
181
357
604
373
-23
-284
-281
-160
-74
53
182
368
195
-327
-512
-430
-366
-208
-47
-31
-6
-6
-175
-198
-109
-236
-181
173
253
186
154
3
-8
20
-111
-42
315
370
122
110
106
-88
-220
-60
226
303
314
195
26
49
22
-45
18
167
320
350
270
102
13
65
17
85
182
65
83
132
154
109
-43
-5
-101
-185
48
109
128
165
32
23
66
-11
-136
-153
-27
35
88
132
55
-41
-123
-201
-278
-305
-185
-39
3
-40
-156
-317
-445
-491
-324
-58
-45
-199
-392
-447
-292
-346
-361
-43
64
-96
-180
-100
-30
-118
-130
23
194
199
149
268
318
188
51
57
175
218
262
323
324
324
173
-43
20
155
82
52
110
99
128
103
14
-74
-129
-73
-42
37
63
92
209
64
-73
-39
79
167
40
113
281
178
78
94
100
-5
-51
-2
-11
56
33
-22
-37
-154
-125
-77
-82
-52
-44
8
32
69
38
-9
42
-61
-93
17
52
136
110
-29
-123
-191
-245
-214
-31
29
-8
15
-68
-192
-259
-228
-112
-36
-34
-30
26
-37
-166
-174
-146
-146
-92
-32
-8
26
-16
-53
-44
-120
-73
43
5
26
69
60
94
28
-43
-45
-79
-69
16
133
197
136
56
-6
-77
-47
23
84
133
88
35
10
3
26
51
84
64
45
70
100
121
96
122
136
56
54
69
66
67
39
40
75
62
-16
-21
48
34
-13
34
75
99
83
9
19
2
-126
-135
-43
-30
10
2
-96
-100
-146
-173
-103
-92
-57
-30
-61
-53
-30
-36
-102
-104
-43
-51
-64
-53
-30
-38
-79
-62
-13
15
13
-1
-29
-63
-24
20
26
59
61
12
-20
-70
-81
-7
53
67
30
26
35
-22
-30
-27
-3
54
30
39
56
55
73
8
-2
15
-12
46
55
34
17
-15
-3
-23
-20
-14
4
49
10
-9
41
68
49
62
125
108
84
101
75
74
62
42
61
71
62
42
31
6
-22
-26
-38
-55
-52
-27
-33
-62
-65
-68
-95
-115
-107
-109
-108
-74
-62
-80
-60
-51
-70
-60
-47
-34
-30
-29
20
51
44
61
41
3
20
33
23
44
53
4
-36
-35
-35
-38
-18
-8
-24
-25
-52
-49
5
9
2
-7
-6
2
-21
-9
24
22
6
-4
18
0
-32
-11
-12
21
45
13
44
61
35
46
60
69
78
75
63
45
53
41
-8
-14
-17
-24
7
8
26
66
42
30
44
43
68
58
54
76
83
94
43
0
-18
-56
-70
-63
-22
-2
-54
-94
-96
-77
-67
-77
-67
-36
-18
-27
-34
-17
-24
-66
-78
-80
-79
-63
-62
-66
-81
-86
-88
-97
-61
-19
-4
-5
-5
-2
-5
15
30
43
53
23
12
10
-19
-38
-37
-26
-4
-7
-11
25
45
6
1
37
43
41
58
88
80
37
24
61
82
55
65
94
100
83
82
120
137
126
119
114
76
43
52
69
56
40
47
52
15
-18
1
8
-12
-17
-21
-38
-69
-98
-109
-99
-113
-125
-102
-115
-140
-139
-128
-94
-73
-86
-69
-43
-65
-80
-54
-48
-46
-25
-41
-68
-60
-59
-55
-29
-26
-36
-49
-73
-45
0
2
5
26
34
32
11
-6
31
77
84
81
95
83
43
30
57
90
94
87
85
79
52
32
51
77
70
45
28
20
4
2
0
-14
-18
-1
37
59
63
77
68
24
2
34
98
133
106
83
65
26
-10
-16
18
35
-4
-69
-88
-110
-140
-126
-95
-82
-92
-94
-99
-104
-98
-85
-63
-46
-36
-33
-26
-28
-18
9
0
-24
-2
25
31
44
54
32
3
1
1
4
27
32
-4
-28
-11
-13
-31
-29
-38
-49
-39
-9
19
7
-15
-19
-11
10
30
42
45
24
12
18
34
42
48
42
21
18
17
4
-6
18
46
32
19
20
1
-31
-24
26
45
41
36
20
-1
-14
-9
7
14
6
7
22
32
16
4
7
4
-4
-6
3
23
44
38
13
-1
-12
-37
-48
-32
-9
3
-5
-13
-6
-5
-32
-56
-61
-66
-70
-56
-36
-23
-31
-35
-24
-36
-54
-46
-33
-30
-18
7
16
10
9
7
9
10
3
8
21
25
21
27
49
57
40
29
38
50
44
34
48
61
55
50
60
61
42
16
5
10
10
8
16
26
22
-9
-36
-42
-47
-41
-39
-45
-45
-27
-5
-13
-28
-43
-55
-66
-57
-26
-2
-8
-26
-13
20
36
23
6
-17
-34
-37
3
63
82
52
-6
-31
-42
-39
-5
41
59
11
-48
-61
-34
-23
-18
8
19
-15
-60
-76
-59
-47
-52
-55
-49
-40
-45
-42
-21
-9
-8
-13
-11
17
40
54
69
55
42
37
37
58
80
98
93
54
29
33
63
94
91
79
51
10
-1
13
58
90
63
32
1
-25
-16
3
29
39
9
-18
-20
-16
-3
3
-1
-13
-36
-43
-43
-52
-46
-60
-76
-59
-47
-20
-37
-71
-79
-88
-67
-41
-27
-20
-47
-71
-78
-76
-44
-18
-10
0
-3
-3
0
-7
-9
-12
10
31
22
21
16
11
3
-1
13
11
-3
9
31
46
32
9
16
25
28
38
59
68
50
30
38
46
54
67
50
44
30
19
37
42
54
47
17
18
21
21
25
14
10
-1
-14
-7
-4
-4
-11
-30
-37
-49
-47
-31
-31
-24
-36
-55
-49
-46
-38
-24
-29
-42
-59
-53
-47
-66
-53
-41
-40
-26
-28
-18
-21
-28
-10
-8
-6
1
10
20
13
9
14
20
24
36
49
59
63
42
42
44
42
63
82
86
69
52
39
26
11
15
27
14
-6
-24
-27
-26
-13
17
22
4
-23
-22
-8
-11
-9
7
2
-3
-12
-8
-4
-38
-45
-19
7
7
-6
-20
-46
-68
-71
-40
-10
-27
-54
-85
-121
-128
-107
-71
-59
-97
-124
