-32
-55
-72
-76
-85
-104
-140
-188
-227
-255
-253
-212
-136
-50
31
106
145
150
127
77
13
-47
-92
-114
-101
-63
-13
39
70
74
48
7
-22
-43
-49
-48
-64
-69
-78
-75
-54
-33
-9
-4
-21
-34
-33
7
66
133
176
161
100
28
-21
-31
-4
57
128
160
158
125
75
44
24
34
55
70
94
95
92
83
55
34
22
10
13
16
20
28
13
-7
-43
-93
-122
-136
-128
-98
-64
-14
24
27
11
-17
-29
-27
-37
-27
-27
-37
-31
-36
-27
-25
-63
-106
-167
-224
-231
-200
-127
-30
43
76
54
22
-5
-28
-24
-20
-20
-16
-30
-53
-76
-86
-68
-57
-49
-45
-52
-55
-53
-34
14
73
122
147
141
143
151
171
233
304
370
390
340
258
176
124
114
126
148
176
197
209
181
126
55
-24
-95
-165
-225
-251
-237
-178
-98
-55
-61
-141
-252
-356
-455
-536
-598
-589
-510
-389
-268
-166
-63
21
84
96
83
67
53
59
35
3
-31
-56
-52
-43
10
109
230
353
435
458
425
354
258
151
40
-41
-55
-17
51
135
223
316
379
389
345
249
153
68
7
-14
-6
22
32
13
-39
-127
-214
-263
-256
-190
-79
43
134
140
66
-73
-235
-359
-425
-392
-280
-149
-42
5
-8
-48
-117
-171
-178
-139
-72
-22
-1
-26
-81
-144
-202
-223
-192
-117
-28
44
105
162
194
194
166
100
-4
-131
-224
-243
-184
-51
82
161
183
162
146
154
179
211
231
219
166
71
-30
-103
-121
-96
-52
-17
-6
-11
-23
-22
2
34
67
101
110
81
34
-11
-38
-45
-28
8
43
69
58
38
8
-25
-45
-54
-43
-17
4
26
56
76
93
102
114
123
123
124
114
77
1
-92
-176
-200
-159
-77
22
87
112
106
79
50
18
-16
-51
-72
-68
-33
7
23
-3
-84
-181
-240
-245
-216
-166
-113
-84
-70
-60
-39
-18
-34
-90
-168
-225
-218
-149
-65
4
20
-32
-93
-120
-83
-10
67
129
154
150
119
81
47
21
16
46
108
179
253
302
302
271
235
227
263
294
271
179
34
-84
-121
-81
-3
55
72
53
-1
-80
-146
-162
-99
7
73
59
-25
-120
-161
-138
-76
-7
30
44
46
40
25
19
55
125
178
152
54
-81
-208
-284
-284
-233
-172
-109
-60
-28
-20
-50
-101
-152
-173
-158
-136
-119
-108
-120
-150
-197
-258
-271
-229
-129
2
101
165
186
182
191
221
251
245
190
104
20
-46
-86
-88
-54
10
69
98
121
134
141
144
142
143
120
69
14
-14
-2
43
87
113
115
107
103
98
93
80
76
57
24
-10
-58
-103
-158
-193
-173
-89
9
77
103
100
80
38
21
33
52
57
7
-54
-97
-121
-135
-156
-186
-209
-205
-212
-206
-185
-165
-153
-172
-179
-165
-127
-80
-39
16
83
157
199
204
193
154
111
75
56
55
53
39
19
10
19
26
30
35
31
31
23
21
34
35
22
-9
-41
-56
-51
-37
-32
-41
-65
-85
-83
-59
-18
12
23
28
23
10
5
10
13
13
9
0
-1
9
28
50
75
102
119
133
126
109
87
55
35
29
32
28
25
14
-3
-4
14
61
124
183
223
218
157
60
-38
-128
-179
-183
-170
-147
-118
-75
-43
-32
-31
-47
-57
-43
-41
-44
-54
-86
-129
-167
-199
-206
-197
-191
-176
-168
-157
-144
-114
-72
-34
7
46
72
69
33
-19
-53
-56
-33
6
45
100
158
192
198
179
141
84
39
22
49
105
153
164
134
92
63
59
83
122
149
152
131
95
51
16
-23
-65
-88
-104
-94
-79
-66
-63
-75
-86
-85
-54
-13
32
47
24
-16
-57
-69
-64
-47
-38
-48
-72
-99
-95
-64
-11
38
47
25
-13
-47
-66
-78
-66
-39
-14
13
27
34
43
60
98
145
182
194
181
150
120
86
41
0
-23
-25
-17
-10
6
23
28
34
27
14
18
28
20
-25
-82
-114
-115
-83
-25
29
70
72
40
0
-31
-15
28
62
61
24
-28
-100
-180
-253
-292
-283
-223
-135
-70
-20
-5
-34
-81
-125
-136
-106
-61
-35
-44
-54
-32
12
60
82
91
99
110
133
148
153
147
135
120
99
60
25
6
2
15
28
41
62
68
59
19
-44
-92
-126
-130
-106
-84
-51
-17
-3
-10
-37
-62
-64
-53
-39
-23
12
65
115
167
203
208
186
150
128
112
107
113
126
147
143
113
70
28
-5
-20
-23
-23
-1
25
50
54
24
-26
-83
-112
-90
-30
36
77
78
30
-44
-103
-143
-174
-175
-162
-174
-187
-186
-182
-177
-167
-174
-198
-197
-174
-167
-164
-133
-110
-82
-43
-28
-49
-50
-36
-20
42
103
125
130
126
95
59
46
30
8
13
31
45
84
134
152
156
156
139
107
93
92
83
81
86
53
8
-18
-58
-87
-56
24
121
225
301
303
268
220
150
91
53
13
-14
-6
36
83
134
149
79
-8
-69
-101
-91
-47
-45
-111
-188
-275
-337
-340
-335
-348
-361
-362
-354
-323
-237
-152
-118
-109
-109
-135
-153
-132
-115
-114
-108
-96
-87
-61
-18
18
74
149
199
246
275
240
183
175
184
200
279
339
305
248
206
159
163
251
334
390
438
435
347
265
212
172
187
193
149
119
53
-109
-203
-147
-179
-202
-37
67
-23
-31
59
-48
-192
-141
-129
-266
-321
-285
-266
-221
-149
-47
65
41
-49
12
46
-137
-178
-36
-160
-366
-275
-220
-400
-413
-260
-313
-399
-291
-224
-225
-166
-72
-38
-56
-123
-219
-270
-295
-285
-189
-52
36
102
143
153
138
129
129
137
161
195
237
275
264
192
125
100
115
143
225
353
399
379
368
301
174
109
105
88
86
119
109
78
73
32
0
28
24
-9
22
29
-46
-86
-118
-204
-217
-146
-113
-82
-30
-47
-84
-69
-50
-31
24
53
18
-18
-30
-40
-27
7
38
93
120
89
92
108
70
29
41
44
8
-18
-24
-56
-92
-89
-104
-125
-134
-138
-83
-94
-105
-23
-16
-27
-11
-4
-57
-89
-39
-50
-33
53
83
72
82
126
74
26
90
38
-6
8
43
75
-73
-105
-58
-160
-176
-73
-21
-25
-26
-33
-64
-106
-124
-82
-75
-97
-13
18
-61
-69
-35
-38
-42
3
103
125
112
171
179
141
161
148
80
86
64
-19
-34
-38
-115
-147
-98
-128
-137
-33
-41
-47
53
62
5
36
60
1
37
82
47
76
96
89
98
122
178
188
163
160
135
19
-91
-145
-185
-145
-116
-120
-52
-24
-63
-98
-94
-71
-61
0
29
41
96
64
-7
-31
-31
-27
5
68
110
150
154
103
62
53
46
7
21
87
88
53
66
62
-9
0
55
39
59
98
29
-29
-50
-54
-76
-104
13
63
30
115
170
116
73
85
55
-35
-2
31
-83
-156
-112
-222
-348
-245
-334
-455
-330
-314
-407
-382
-312
-363
-425
-294
-289
-382
-169
-46
-127
-31
185
134
69
180
181
216
256
243
293
331
306
276
246
205
176
246
169
42
114
136
-60
-151
-35
-132
-195
-79
-106
-112
1
33
25
31
40
75
150
166
120
202
319
211
104
230
234
143
192
238
246
303
281
247
276
247
243
276
261
265
271
151
54
25
-56
-128
-110
-157
-228
-188
-249
-414
-416
-427
-557
-510
-485
-509
-443
-532
-631
-565
-592
-713
-704
-579
-559
-568
-452
-417
-404
-404
-326
-134
-140
-112
19
163
151
106
375
398
315
482
378
405
518
333
326
469
514
187
267
675
215
220
697
468
452
469
577
487
117
578
470
95
726
837
489
622
642
151
-132
-176
-321
-81
-61
24
330
181
-61
-430
-278
-364
-1044
-237
48
-618
-4
280
-265
-250
20
-273
-501
-269
-392
-275
-236
-253
160
-228
-226
-149
-626
-165
-322
-544
287
-140
-517
-27
-320
-691
-417
-369
-508
-453
-536
-603
-723
-825
-625
-613
-466
-328
-594
-573
-524
-561
-559
-230
268
220
284
696
494
240
750
837
559
1188
1307
1064
1487
1256
1084
1503
1319
1056
1349
1391
926
936
1026
574
599
664
445
290
182
181
-238
-476
-294
-564
-562
-353
-583
-664
-544
-707
-964
-810
-738
-731
-457
-588
-595
-268
-502
-752
-494
-181
-376
-340
-43
-192
-382
-245
-241
-344
-298
31
-2
-174
10
1
50
105
-132
-283
120
157
-123
-291
389
588
-27
7
168
-95
88
-241
-573
343
506
-71
-5
335
52
-398
-532
223
127
-240
361
669
-279
-51
161
-67
91
11
521
403
-81
-6
184
-13
-26
-152
324
274
-152
29
74
-370
33
142
-201
56
8
-157
-146
-299
-189
-76
-231
267
117
-22
202
-107
0
270
60
-33
321
370
69
339
183
39
299
-72
-249
113
124
-96
-341
-60
210
-249
-291
62
49
-262
-289
17
134
118
23
77
88
254
220
-96
203
160
118
351
161
200
513
332
10
-35
56
-111
-238
-116
39
31
-221
-228
-92
-218
-389
-495
-344
-75
-62
-35
14
57
-256
-350
-81
-14
-37
-91
68
508
318
2
143
176
231
-9
35
232
-46
85
7
-363
-53
-235
-433
-81
-32
-82
22
6
40
-9
-52
-55
-141
-55
-36
-201
179
390
-62
98
332
361
604
123
155
539
225
184
78
-349
-120
-197
-546
-48
-201
-232
-24
-113
-74
-376
-567
-256
-415
-270
-84
-41
-61
-207
-168
-236
-170
61
38
173
536
419
20
-118
-144
-169
-13
-138
270
546
-63
328
687
-352
-217
643
-126
-191
454
276
437
115
-3
231
-49
-31
-181
-88
678
98
-116
290
51
-11
-415
-265
-210
-626
-40
-139
-267
-27
-368
-269
-518
-223
17
130
153
-154
583
262
-385
210
159
-31
182
88
236
723
342
83
721
447
-33
303
189
250
238
-198
139
50
-379
-206
-93
-298
-118
100
-377
-199
-31
-226
-260
-143
257
-86
-87
111
-276
-98
-36
-143
-220
-114
99
-435
-312
413
98
-96
38
154
-307
-401
-241
-63
277
141
130
170
258
-265
-384
104
349
203
189
387
313
-314
-76
93
-234
298
453
-242
132
209
-153
-278
-368
-68
-154
-148
-207
228
-321
-140
182
-619
-95
61
-100
-483
431
351
-569
12
322
404
-262
-78
980
159
-504
808
198
-339
690
57
-346
-424
286
-420
-690
255
-330
-378
-171
-237
-156
-455
-455
71
-55
-46
-114
-17
-403
402
337
-461
-45
511
-65
10
203
119
566
328
-249
-252
300
-4
349
197
289
550
-232
-112
112
-487
503
894
-1
853
1170
-147
110
664
76
647
628
738
1131
1054
318
208
442
-61
-79
380
51
167
534
-441
-491
-443
-1010
-1115
-600
-950
-1035
-577
-842
-936
-655
-973
-873
-709
-694
-65
-506
-563
656
246
-575
-15
376
-335
-415
467
62
-228
-213
27
405
-1140
-556
638
-495
-723
-10
805
-114
-650
762
125
-638
154
417
866
945
-228
739
1160
-589
1122
596
-203
889
590
1256
659
511
508
-659
506
576
-160
511
253
-7
349
95
51
-1042
-891
319
-570
-160
-122
-143
-211
-438
-539
-320
-682
-596
435
75
-22
-121
392
-481
-687
-190
-87
160
-66
164
-251
91
-598
-1068
4
-502
-477
191
737
-640
-130
856
-1301
-485
457
-112
435
794
208
-63
402
-78
-114
-244
-101
349
-333
576
157
-528
23
-200
-53
16
136
1003
346
492
911
583
443
704
337
94
1018
738
667
1137
105
372
527
-554
286
13
-297
298
-411
-89
391
-1114
-1231
-371
-562
-777
-233
257
-45
-518
-671
-325
-214
-1036
-486
824
-462
-409
1047
-195
-697
-390
-220
-458
-208
298
190
-121
-296
-47
-255
-540
-947
-369
317
26
-136
356
-355
-222
-1036
-459
902
-126
-25
1062
343
-640
-11
411
1111
-669
228
1429
138
-528
661
991
-757
187
217
428
528
114
95
-162
612
306
-13
38
386
227
104
-250
503
515
-713
-154
757
-159
-936
583
-139
-31
-459
-84
1033
-1457
-398
765
-722
-86
184
1245
-794
-537
725
-833
-187
472
777
102
138
780
-887
-1084
492
-881
-138
400
-602
237
-29
-1432
-1208
369
-1194
-1414
614
-840
-355
-370
-431
-604
-1211
211
426
-313
391
1090
23
-138
1039
1087
92
1113
1563
956
789
514
892
1046
706
2
619
1240
225
151
-449
-531
165
-506
-318
203
-485
-150
-44
-807
-883
-423
38
-420
-265
-235
377
146
-696
-177
342
-279
290
1224
-507
56
888
-545
-7
854
-45
310
-34
-782
597
-386
65
-35
-442
372
464
-1074
-834
1168
-2252
-403
1634
-132
-2126
-555
864
-1004
-1356
13
14
-276
334
-1257
402
-148
-1776
732
1040
-747
-448
-233
1360
525
-1982
-358
1754
382
-611
49
1429
675
-1008
1276
659
-422
405
1299
223
260
1185
473
41
-654
209
512
376
588
-362
-643
476
459
-740
-1637
-5
1274
-646
-621
292
-918
-1355
77
993
-813
-673
945
181
585
-222
-1577
408
-12
-491
810
-102
-781
60
1364
689
-384
507
194
-1157
-203
1477
1236
801
1251
756
456
-162
-306
451
118
4
-221
162
705
-865
-1398
-1756
-1523
-860
-948
-264
-118
-597
-2093
-2015
-1324
-704
228
-148
180
982
452
-406
-176
720
828
663
1234
1113
1239
1274
780
717
-475
91
1740
1196
697
-595
-268
1183
-582
-534
978
957
-1032
-1387
1414
818
-1694
-480
1052
339
614
-4
-616
23
81
411
-839
-593
749
-870
623
390
-1859
-333
-337
-527
-116
-338
-948
-941
788
-1512
-2031
1755
570
-723
82
-255
-787
-991
1027
1879
-1182
-851
2078
1520
-662
-493
-16
120
763
1637
373
-1644
249
1053
-746
-643
179
-299
-101
-91
-737
-942
-1403
-1336
-563
-619
-649
233
-55
-1319
-1853
-1530
-292
291
841
1295
938
798
155
-813
-601
939
2578
2267
1963
1308
561
1349
115
-430
1338
1477
661
683
479
-855
-940
-526
-1406
-536
67
-530
-391
-801
-1313
-1481
-1408
-874
-232
-67
-133
691
-705
-1316
10
209
369
951
704
-385
245
642
1107
1763
1244
776
1409
968
3
1032
1557
539
554
786
1278
1779
-477
-1367
-141
-448
-680
290
844
-417
-1422
-1444
-393
92
-1376
-685
772
-272
-272
-430
-1402
518
745
-1011
-780
325
166
-913
-1468
-1017
-815
-522
782
437
-770
-1182
-17
-575
-1358
140
781
334
-961
-15
340
-687
-54
123
-401
670
895
-461
-157
-198
-146
342
-285
-31
51
-572
-679
-1053
-766
-978
-953
257
468
-496
-863
-144
-188
-50
1039
1807
1897
961
117
522
1442
2088
1673
932
590
600
423
-60
-332
-56
-201
-732
-808
-1096
-1748
-1940
-1579
-1192
-746
-1210
-687
48
-1058
-1193
-879
-414
882
998
532
851
1046
743
114
225
1839
2410
1732
1554
1881
1659
1257
1683
1778
2078
1460
894
1616
1618
991
904
515
47
544
-246
-783
-525
-1
-119
-863
-268
-165
-1148
-1561
-1388
-1816
-1982
-651
-663
-1827
-1907
-1960
-1961
-641
-331
-980
-948
-1129
-1320
-606
861
508
675
810
52
-1432
-1125
112
878
1245
276
-831
-990
-83
-427
-61
565
479
128
351
236
-579
-563
898
1450
986
780
-62
-717
-1502
-1404
-739
-494
576
389
-1325
-1851
-1727
-1049
1014
2220
1650
363
-1639
-1565
914
2877
3276
2304
537
-1220
-1446
-546
308
727
347
-401
-1097
-1968
-1459
-674
-953
-1007
-1213
-1571
-1034
-708
-1776
-1557
-510
-581
272
1252
75
-689
-91
-592
236
2642
3017
2686
2076
497
378
1314
2312
3872
4078
3021
2060
1476
1336
2447
3370
3049
2951
2066
1135
1093
902
835
884
6
-206
124
-891
-1435
-1912
-2933
-2702
-1810
-1717
-2072
-2604
-4238
-5079
-3858
-2971
-2182
-1061
-971
-2289
-3171
-2221
-876
-649
-779
-549
-822
-3
504
151
704
1095
687
922
1350
1285
836
355
1046
1095
1827
2141
1347
1273
1082
499
128
531
781
269
-137
-468
-574
801
1779
1005
-972
-917
1113
1455
1376
120
-904
521
2661
3400
1066
-735
-950
-1322
-1018
-196
-163
-957
-2352
-4121
-4310
-2743
-2225
-2485
-2829
-4199
-4626
-4037
-2917
-1795
-969
-868
-1859
-2141
-1509
-543
179
1292
1959
1807
1922
1546
1135
1522
2152
2560
3055
3316
3128
2477
1699
1549
2547
3914
4397
3983
3257
2809
2310
2457
3199
4046
4743
4311
2537
671
563
1249
1471
1708
1160
-845
-1972
-2058
-2517
-1944
-2079
-3352
-3480
-3913
-4210
-3653
-3470
-3948
-4100
-3736
-3557
-2749
-3034
-3451
-2496
-1338
-643
-1184
-925
-300
-269
-496
751
2443
1446
1154
1676
1424
1989
2040
1585
1782
1723
2205
1624
316
317
243
563
790
1531
2048
275
-1432
-685
1029
2237
1654
-886
-881
1210
2255
1207
-780
-1390
-1109
-1471
-2442
-1876
-1272
-2248
-3768
-4817
-4282
-3345
-3381
-3311
-3960
-4790
-4336
-3216
-1634
-944
-913
-1229
-1130
-370
740
1473
1917
2937
3077
3045
3138
3492
3897
3531
3422
3925
3795
3419
3398
2654
2624
3353
2914
2740
2938
2528
2840
2631
2011
2032
2045
2156
2336
2483
1917
834
-385
-578
252
243
-739
-1742
-2291
-2324
-2751
-3378
-3170
-3118
-3132
-3446
-3993
-3903
-3649
-4018
-4256
-3426
-2238
-1702
-3030
-3720
-2480
-1270
-728
-585
-500
-311
148
-32
501
1359
1373
1826
1742
1963
2766
2698
1681
1238
2104
2987
3074
2053
1308
1023
1688
2562
2410
2884
3212
2549
1345
-604
313
4230
5883
4150
105
-2168
-1172
43
212
-784
-2421
-3368
-4407
-6203
-5986
-4917
-5294
-5734
-6804
-7567
-6532
-5787
-4807
-3985
-4268
-4029
-3717
-3667
-1835
120
217
593
801
1268
2794
3470
3976
5110
4841
4159
4360
4900
5909
6235
5588
5388
5545
5059
5484
5419
5072
4463
2527
2984
4342
4462
2889
761
78
153
349
14
-846
-1372
-2106
-3242
-2626
-1885
-2630
-3756
-4385
-4200
-3292
-2708
-3081
-3365
-3834
-3930
-3768
-2654
-937
-726
-2029
-2924
-2078
-678
689
850
744
1173
631
-626
-247
1184
1944
2217
1083
-185
129
532
170
582
511
20
-749
-1026
-212
153
425
331
1210
1737
1402
682
679
3010
5209
4929
2202
502
1316
2206
2320
1307
-709
-1192
-2060
-3947
-4455
-4136
-3982
-4556
-5309
-6216
-6587
-6640
-5966
-5060
-4937
-4540
-5177
-5574
-4128
-2322
-583
382
301
-90
374
1788
3627
5414
5651
5247
4580
4960
6194
7140
7712
7204
6479
5864
6327
6582
6865
6203
5431
5460
4812
4522
3370
2455
2289
1429
640
233
-1117
-1591
-1915
-3117
-3384
-3427
-3736
-4869
-5788
-6226
-5631
-4539
-4835
-5377
-5842
-5903
-5879
-5241
-4049
-3255
-3029
-4053
-3989
-2784
-1190
546
464
361
825
568
888
2015
2654
2802
2425
2242
2799
2967
2466
671
257
1282
1634
1944
1807
1886
1486
614
911
2650
3522
1416
152
1792
4503
5641
2288
-375
950
2054
1529
285
-806
-540
-667
-2679
-3815
-3287
-3144
-4075
-5320
-6099
-5546
-5428
-5713
-5341
-5395
-4997
-5279
-5330
-3535
-2200
-2165
-2071
-1484
-806
-285
141
1626
3233
3369
2500
2108
3493
5539
5500
5269
5702
6126
6656
5842
5595
6297
7008
7031
6649
5756
4383
3886
3813
4249
4298
2953
1363
707
-259
-671
-725
-1629
-1948
-2905
-4338
-5356
-5799
-5375
-4903
-5193
-6093
-6726
-7348
-7205
-6213
-5212
-4300
-4518
-4876
-4436
-3301
-2097
-1388
-847
-820
-158
1262
2537
2941
2433
2218
2781
3584
3664
3070
2884
3157
2362
2286
3496
3611
2693
1753
2309
3527
3896
2088
280
2686
6081
6255
2442
-959
284
2256
2295
948
-1046
-1578
-1966
-4020
-5089
-4339
-3796
-4093
-5393
-7131
-7150
-6489
-6489
-6439
-5883
-4532
-4594
-5924
-5221
-3288
-2137
-1648
-1914
-1678
-488
-57
-21
1727
3701
3848
2946
3023
4697
5773
5493
5226
5218
6003
6995
5642
5895
6673
5887
6158
5685
5416
5438
4911
4309
3916
3722
3108
1364
819
1036
-322
-1269
-1182
-1293
-2304
-3686
-5451
-5419
-3991
-3915
-4952
-5576
-6071
-6907
-6452
-4995
-4004
-4320
-5224
-5797
-4718
-2737
-2338
-2937
-2308
-1643
-1522
-478
646
734
925
995
700
1905
2605
2765
2189
2020
2754
2941
4055
3431
2826
4435
5688
5938
4078
3113
5225
7737
7951
4377
1523
2407
4334
4261
2076
56
-1055
-1787
-3405
-5171
-4882
-3937
-4778
-6976
-8606
-8319
-7723
-7767
-7896
-7942
-7284
-7064
-7694
-7095
-4815
-4010
-3905
-2967
-2460
-1256
-548
-179
1697
3411
3776
3502
3343
4200
5310
6021
7052
8833
8981
7342
6046
4925
7235
9828
9429
7508
4538
3935
4647
4585
5330
3858
1175
1356
-127
-796
121
-838
-1461
-2137
-3731
-5205
-4304
-3264
-3412
-4342
-5645
-5905
-5845
-5039
-4486
-4499
-4164
-4963
-6530
-5454
-3046
-2218
-1552
-2144
-3035
-2441
-1482
-683
-137
1225
1344
146
-357
-104
705
1520
2501
2185
1625
1946
2956
4885
5147
3340
1570
3722
8187
9504
6902
2691
2066
3799
4693
4919
3269
1914
759
-2132
-3443
-2262
-1560
-2639
-4759
-6854
-6903
-5979
-6606
-6543
-6207
-6387
-7139
-7877
-6407
-4689
-4500
-4969
-4673
-3707
-2734
-2329
-2220
-656
491
221
729
1979
3350
4046
4443
5009
5897
7259
7891
7190
6549
6852
7430
9059
9359
7409
6033
5663
6189
6357
6015
4852
2751
2242
1293
-336
97
242
-753
-2584
-4815
-6048
-5171
-3983
-4885
-5481
-5525
-6265
-7497
-7332
-5253
-4113
-4140
-5773
-7166
-5200
-2642
-2227
-2970
-3047
-2868
-2470
-1971
-1255
337
1299
856
-1114
-1381
515
1417
1960
2367
2867
2211
1584
2975
4724
6472
5283
3203
4700
7709
8899
5993
3527
4138
4343
4208
3208
1917
1968
757
-2338
-4521
-3440
-2124
-3047
-5106
-7308
-7159
-6329
-5784
-5784
-6147
-5376
-5995
-6424
-4930
-3553
-2850
-2492
-2645
-2772
-1313
-400
-158
785
849
1192
2426
3989
4700
4535
4602
4560
5338
6679
7173
6748
6543
6229
6311
7078
6639
5239
4469
4072
3244
3043
2310
1189
1119
-268
-2374
-3043
-3002
-2682
-3057
-4639
-6029
-6006
-5168
-4677
-4802
-5079
-5345
-6193
-5848
-4236
-2819
-1901
-2481
-3786
-3515
-1613
-225
447
727
-59
-664
-149
609
1525
2012
1934
723
91
67
881
2404
3186
2874
557
2153
3582
3938
4247
2034
3536
5896
7171
6078
3271
2674
2434
2308
2422
1872
948
-517
-2795
-5322
-5576
-3559
-3949
-4856
-6632
-7951
-7240
-6796
-5665
-5472
-4850
-5818
-7440
-6287
-3680
-1860
-1728
-1337
-1066
-752
215
1118
3492
5211
4037
3036
3990
6229
7193
6371
6665
6831
7632
7703
6489
6670
5873
4879
4457
5546
6322
4340
2568
1226
455
1581
201
-1966
-1773
-3501
-5427
-5546
-5021
-3888
-4339
-6356
-8173
-7352
-5929
-4763
-4780
-4533
-4595
-6058
-5512
-3293
-940
897
36
-2333
-2298
-189
1982
3486
4196
2753
1433
1288
2096
4042
5123
4198
1120
-151
463
1720
3759
2898
1283
1355
2947
3753
2638
1027
1346
3493
5190
3982
1575
1122
627
-1065
-1826
-1864
-1269
-653
-3826
-7322
-7994
-7385
-5204
-4607
-5670
-6848
-8427
-9218
-7200
-4472
-2685
-2423
-5316
-6288
-3288
-568
1621
2855
2521
2359
2264
3124
6205
9017
8953
7193
6038
7100
9247
9003
8898
8599
8624
9252
6255
5565
5026
4662
5417
3933
3461
2049
50
-1758
-3897
-2969
-3327
-4865
-4414
-6643
-8620
-8263
-8245
-7238
-5897
-6784
-8756
-8799
-8200
-6585
-4027
-2553
-3106
-5225
-4566
-2518
-835
1580
1382
323
1037
1797
2091
4482
6908
5846
4168
2837
3123
3437
5364
5547
3651
3861
2951
2681
3162
3271
3645
3922
4152
3759
1144
-215
1312
4282
6444
3073
-1274
-1717
-2484
-3536
-4111
-5619
-4087
-3879
-8345
-10600
-11679
-10381
-7533
-7961
-9514
-8638
-9377
-10358
-8067
-6113
-2353
-876
-3228
-3574
-2023
426
3168
4768
6118
7506
6850
6937
9241
10458
11012
10887
10381
11405
12349
11504
10957
9613
10415
10521
10177
10014
5004
2286
770
1310
3044
2235
180
-3993
-7226
-8936
-9515
-7203
-5592
-8044
-10240
-12477
-12341
-9550
-8556
-8031
-7990
-8204
-8998
-8007
-5406
-2097
-1612
-3641
-4312
-2994
-168
1727
2087
2209
3443
3622
2992
4008
5713
6219
5069
3385
2410
3675
5391
5788
5858
6043
5166
3421
2205
3581
7821
9193
8013
2520
-861
2057
4948
7020
4811
1392
-495
-3682
-5967
-6251
-6687
-5193
-5307
-9591
-11316
-12892
-14191
-13162
-11971
-11258
-9041
-8588
-10232
-9945
-10380
-7446
-3522
-1847
77
255
4
1228
2317
4642
8487
10379
11027
11117
10109
10007
10694
11487
13872
15608
14720
13297
10244
9455
10577
10085
11377
9053
4557
2517
348
1121
2362
950
-1460
-4723
-7415
-9173
-9729
-8395
-8103
-10083
-12231
-12818
-11127
-8994
-8360
-9716
-10180
-9166
-7349
-5296
-3527
-2829
-4166
-5241
-4909
-2110
1219
2643
2319
734
1084
1820
2898
4561
5611
5864
3779
2669
1602
3119
6519
7362
7653
6554
4879
3365
4498
7640
10001
10217
6747
4207
4276
6569
7365
3964
1480
623
-1163
-2535
-5814
-8617
-7850
-8269
-9690
-11687
-11874
-10889
-12249
-14390
-15723
-13710
-9694
-6657
-7540
-9535
-8601
-8376
-6380
-2493
565
3954
4852
2582
1220
3330
7051
10640
12712
12680
11980
10410
9733
10574
12141
14393
14484
12257
10609
9728
9813
9747
8399
4777
1636
1448
2230
3193
1994
-1392
-5021
-7385
-8096
-7684
-7136
-6375
-8388
-10394
-9870
-9617
-7229
-6550
-7841
-9317
-10097
-8293
-4942
-2110
-2934
-5249
-6752
-5640
-2924
-1231
1001
2761
1360
-511
-1885
-1059
3341
4563
3474
1787
806
2037
1978
3821
5916
6578
6674
3938
4831
8337
10488
10837
6568
5561
7884
10262
12275
9015
4893
811
-3082
-3407
-3024
-1578
-1350
-5204
-8889
-12298
-13105
-11132
-10034
-9550
-11836
-13452
-13139
-10619
-7440
-7244
-8694
-9974
-8158
-5930
-3003
-444
942
3154
2518
1288
2421
5085
8751
10484
9659
9465
10226
10778
11012
10715
10881
11561
11630
10817
10542
10921
9452
6537
2402
522
2535
4746
5725
2597
-1630
-4322
-6027
-6173
-5532
-5259
-5539
-5739
-6888
-6879
-6303
-5932
-6183
-7523
-8364
-8257
-5500
-2591
-1142
-2490
-5793
-7235
-7140
-4948
-1922
-170
275
-920
-3016
-3697
-2612
-775
414
351
-293
-680
-115
1502
3904
5343
4960
2872
2527
5368
9906
12801
11049
7790
5742
6751
8839
9690
8795
6436
3857
933
-1669
-2893
-3329
-3516
-4485
-7283
-9307
-10752
-9938
-8716
-9983
-11637
-13180
-11292
-7444
-4853
-4924
-6877
-7735
-6941
-4777
-2052
76
1282
1645
1488
2117
3522
5989
7830
8675
8871
7845
8090
9327
10477
10375
8766
7047
5927
6418
7743
8728
8670
6074
2330
169
718
3266
4238
3002
259
-1659
-2265
-3233
-4158
-5802
-6613
-6957
-6252
-4450
-2891
-2270
-3640
-6061
-8102
-7331
-5024
-1605
812
-84
-2339
-4873
-6351
-5509
-3347
-1247
-186
-1251
-1972
-1783
-674
474
22
-1919
-3312
-3158
-1972
872
2640
3111
2315
722
499
2536
5963
8397
8894
7621
6586
7478
9061
9656
8341
4410
788
-610
-269
535
-472
-3113
-5457
-6706
-6981
-6074
-5363
-5796
-8099
-11079
-11391
-8892
-5701
-4113
-4484
-5463
-6512
-7008
-5896
-2280
1897
3437
2811
1694
2041
4272
5965
6726
7038
6102
4516
3898
4900
6876
8254
7499
5758
5126
5028
4565
4521
4713
5239
4785
2526
1306
989
1423
1415
569
728
1243
1023
-265
-1359
-2203
-2560
-3094
-3978
-3311
-1788
-1310
-2253
-3873
-5134
-6010
-6976
-6024
-4153
-3154
-2634
-3157
-3582
-4324
-4988
-4050
-3981
-3544
-1658
-1001
-562
23
496
595
-142
-312
27
598
2442
4128
4235
3681
2401
999
949
1946
2424
2750
3322
3852
4686
4693
3021
1035
420
1389
3259
4576
4601
3788
2208
284
-1257
-1650
-1034
-1810
-3922
-5235
-4836
-2664
-1335
-2150
-3767
-6014
-8104
-8982
-7587
-4016
-1250
-1517
-3118
-3947
-3611
-1819
-885
-292
631
453
573
1894
4681
7279
7294
5045
3064
2440
3320
5025
6371
7132
7253
5964
4352
3902
3041
2816
2473
1742
1218
41
-688
-912
-981
-1310
-1832
-2512
-2821
-3358
-3789
-4147
-4006
-3002
-3133
-3643
-3459
-2496
-2484
-2796
-2403
-2287
-1694
-1277
-1607
-1483
-1229
12
1202
1198
1441
376
-814
-1433
-1223
196
1464
1650
1338
1433
1276
1281
586
119
909
1656
1972
2169
2120
1922
1796
1906
2504
3123
3373
2339
567
-280
220
1556
2967
3721
3502
2404
603
-1099
-2440
-3243
-3639
-4077
-3719
-2578
-2079
-2779
-4010
-5697
-6725
-6945
-6933
-5816
-4458
-3027
-2046
-1716
-1524
-1118
-821
-1335
-1360
-747
827
2873
4359
5603
6481
6709
5867
4300
3198
2887
3929
5512
6328
6228
4442
2949
1938
1200
897
162
566
1057
733
135
-604
-1338
-2192
-2981
-3332
-2866
-2634
-3416
-3971
-3880
-3946
-4424
-5028
-4586
-2837
-982
-179
47
322
662
580
-326
-236
1211
2647
2939
1796
499
537
1357
1337
1121
844
542
825
535
415
689
-148
-804
-1279
-1858
-938
377
1456
2325
2769
3157
2903
3457
4666
4645
2955
1192
2273
4569
6355
6307
3713
1420
-1180
-4154
-5559
-6060
-6264
-6855
-7682
-7628
-6939
-6803
-7726
-8929
-10106
-10122
-8334
-6088
-3416
-1452
-192
1115
1752
2820
3044
2524
3306
4441
5571
6415
7690
9829
10794
9389
6861
4576
3399
4119
4913
5471
5379
3280
961
-923
-1153
-321
-1020
-2862
-4796
-6344
-6715
-5557
-4209
-2792
-2216
-2887
-3496
-4172
-4374
-4421
-5040
-5113
-3902
-1537
1549
4107
5245
4895
3616
1968
909
832
1420
2842
3784
4228
4348
3487
2173
415
-1382
-2769
-3093
-2249
-951
263
850
759
-486
-2277
-3616
-3994
-2386
850
4691
7421
8071
6436
3502
2148
2795
4683
5794
5511
4571
3121
1484
-1538
-4797
-7904
-10163
-10849
-10916
-10077
-9774
-9464
-8792
-7706
-6605
-7417
-8722
-9461
-7673
-3938
-972
1773
3892
6009
7436
7269
6704
6068
6482
7772
9431
10784
10904
10171
9250
9283
9278
7438
4300
992
-866
-1344
-1357
-586
-226
-456
-2118
-4884
-7208
-8816
-9179
-9617
-8832
-7158
-5403
-2975
-1297
-129
-477
-2299
-3225
-1998
731
2938
3568
4074
5511
7195
7817
6429
3770
506
-1815
-2644
-1950
-612
-359
-240
-344
-426
-710
-1929
-3112
-4293
-5413
-5843
-5126
-2704
248
2435
4596
6511
8615
9442
7517
5184
3459
3763
5443
6672
7639
7756
6781
4455
621
-4363
-9592
-13480
-15427
-15091
-13268
-11760
-10072
-8687
-7854
-7575
-8942
-10256
-10638
-9640
-7320
-4587
-946
3398
7630
10412
11198
10750
10454
10758
10996
11018
10557
10016
9985
10336
10809
11016
9962
7944
5537
2180
-940
-3951
-5486
-4614
-3542
-2891
-4220
-6046
-7534
-8799
-9551
-10682
-10113
-8388
-5703
-2852
-1779
-1176
-758
153
2179
3413
3698
3679
3531
4467
5248
5019
3990
2708
1435
193
-1162
-2975
-3691
-4447
-4634
-4468
-4914
-4379
-4037
-3446
-2798
-2632
-2028
-1127
92
1833
4296
7510
10790
12803
12635
11374
10151
9365
9128
7935
6890
6114
4967
3086
-1437
-6874
-11619
-14790
-16202
-17159
-17743
-16887
-15114
-13530
-12794
-12952
-11969
-9787
-7374
-5961
-5210
-4154
-1794
1768
4672
7751
10237
13262
16375
17193
16401
13993
12269
11446
10588
9460
7911
7544
7489
7205
6243
4149
1814
-769
-3086
-4814
-5861
-6580
-7148
-7339
-7263
-6743
-6259
-5384
-4049
-2529
-977
-170
231
-37
-458
-70
1422
3987
5802
5957
5140
4207
3458
2197
-11
-2254
-3685
-4784
-6008
-7244
-8098
-8003
-7770
-7878
-7488
-6949
-5459
-4079
-3391
-2525
-2202
-612
1874
5424
9741
12521
14002
13576
12435
12010
11771
11526
10442
8480
7028
5738
3695
142
-4877
-9102
-12277
-14953
-17311
-19036
-18672
-16837
-15169
-14306
-13679
-12302
-9731
-6931
-4647
-2939
-2107
-1072
637
3094
6232
9063
11257
12768
13512
13641
13826
13864
13494
12425
10446
8718
7628
6762
5747
4471
2872
1417
-413
-2349
-3137
-3372
-3038
-3822
-5900
-7777
-8879
-8172
-6853
-5114
-2839
-475
1804
2909
2820
2699
2991
3972
4742
4181
3715
3480
3940
4003
2517
568
-1505
-2644
-4074
-5649
-7450
-8933
-9761
-11207
-11695
-11857
-10745
-8894
-7185
-4901
-3087
-1195
274
2193
5211
9066
12715
14131
13811
13108
13456
14682
15052
13791
11853
9780
7619
4464
-215
-4720
-8840
-12507
-16000
-18862
-19797
-18815
-16719
-15454
-14688
-14294
-12982
-10150
-7662
-5110
-3786
-2833
-1154
898
4181
7664
10878
13133
14102
14127
13986
13921
13422
12165
9733
7102
4949
3985
3983
4195
4177
3371
1732
-631
-2905
-3870
-3634
-3747
-4520
-6252
-7089
-6419
-5606
-4074
-2841
-928
1502
2876
3921
4257
4220
4083
3376
3129
3534
4351
5287
5078
3786
1542
-703
-2170
-3330
-4550
-6353
-8404
-10045
-10933
-11189
-10583
-9767
-9045
-8527
-8011
-6405
-4285
-1996
-167
2023
5153
8836
12357
13836
14303
14078
13871
13991
13067
11916
10522
9045
7468
4558
644
-3643
-7925
-11741
-15709
-19050
-21036
-21182
-19351
-17183
-14919
-13413
-11865
-9328
-6505
-3519
-1742
-858
213
1925
4679
7819
10741
13212
14701
15450
15583
15491
15075
13735
11485
8035
4993
2727
1737
1630
1229
1032
141
-925
-2048
-2835
-3145
-3647
-4610
-6205
-7421
-7643
-6471
-4523
-2573
-481
1897
4301
6738
7871
7351
6101
4632
3973
3083
2236
1925
2015
1907
785
-764
-2671
-4006
-5380
-7394
-9795
-12358
-14016
-14532
-14243
-13388
-12249
-11100
-8979
-6248
-3720
-1622
632
3505
7186
11227
14102
16004
16113
16232
16467
15654
14583
12721
11332
9732
7375
3727
-581
-4124
-7344
-10529
-14427
-17921
-19973
-20702
-20072
-18334
-16733
-14640
-11690
-8062
-3693
-692
1133
2041
2690
4105
5913
7997
10137
12013
12683
12916
13545
14465
15005
13806
11293
8202
4926
2146
-35
-1787
-2904
-3333
-3735
-4019
-4039
-3720
-2899
-2465
-2483
-3178
-4325
-4807
-4681
-4448
-3944
-2274
903
4913
8137
9590
9619
9110
8742
7911
5765
3219
1179
-380
-1626
-2947
-4011
-4573
-4973
-5863
-7446
-9587
-11254
-12146
-13025
-13368
-13400
-12845
-11615
-9924
-7538
-4972
-2180
978
4586
8495
12402
15206
16267
16371
16137
16016
15345
13957
12500
10784
9043
6688
3205
-557
-4252
-7714
-11394
-15262
-18310
-19987
-20332
-19783
-18345
-16740
-14611
-11511
-8152
-4646
-2105
-66
2111
4248
6673
8542
10013
11423
12500
12620
11851
11588
11876
12348
11945
10451
8880
6877
4713
2060
-1195
-3845
-5650
-6568
-6943
-6808
-6149
-5296
-4421
-3715
-2896
-2240
-1739
-1321
-1582
-1871
-1157
884
4019
6911
8488
8872
8815
9263
9694
9005
7230
4982
2838
917
-874
-2728
-4484
-5940
-7334
-8676
-9938
-10674
-10876
-11376
-12095
-12646
-12701
-11939
-10543
-8833
-7271
-5905
-3943
-735
3904
9234
13481
15590
15855
15489
15331
15190
14662
13286
11029
8435
6021
3309
62
-3194
-6383
-9382
-12557
-15609
-17525
-18412
-18210
-17368
-16545
-15135
-12601
-8942
-5060
-1993
-4
1675
3890
6370
8661
9920
10592
11295
11599
11993
12616
13422
13769
12786
10699
8309
6562
5444
4243
2018
-1163
-3999
-5795
-6459
-6728
-7255
-7637
-7636
-7013
-5822
-4695
-3669
-2856
-2466
-2268
-1860
-494
1953
4502
6120
6629
6901
7915
9535
10214
9046
6865
4638
3064
1667
-281
-2427
-4653
-6540
-7903
-9007
-9717
-10011
-10304
-10889
-11361
-11538
-11076
-9894
-8347
-6385
-4577
-3113
-1154
1712
5490
9586
12484
13968
14934
15690
16618
17011
16144
14457
11899
9206
6893
3907
-58
-4469
-8574
-11680
-14181
-16662
-18467
-19138
-18913
-17933
-16935
-15534
-12667
-9047
-5581
-3095
-1679
49
2613
5344
7453
8510
9061
10100
11308
12152
12774
12869
12658
12217
11177
9650
7695
5620
3612
1357
-1216
-3444
-4990
-6192
-7114
-7973
-8353
-7871
-6784
-5311
-4209
-3567
-3155
-2859
-2248
-1280
217
1840
3027
3808
4359
5454
7298
9137
9819
9141
7916
6700
5657
4127
2043
-384
-2915
-4952
-6746
-8235
-9376
-10090
-10345
-10672
-10942
-11110
-10649
-9337
-7613
-5832
-4520
-2937
-664
2332
5754
8850
11533
13111
14201
15304
16261
17160
16923
15755
13888
11664
9272
5548
594
-4596
-8875
-12613
-16350
-19613
-21703
-21801
-20961
-19844
-18507
-16651
-13347
-9427
-6094
-3987
-2652
-1076
1116
3407
4882
6058
7504
9435
11437
12713
13952
15212
16001
16005
14714
12563
10169
7842
5303
2203
-1002
-3541
-4950
-5873
-6603
-7175
-7506
-6843
-5848
-5050
-4761
-5066
-4954
-4486
-3807
-3089
-2273
-781
1125
2837
4103
5529
7201
8607
8971
7942
6611
5604
5092
4461
2784
330
-2311
-4471
-6098
-7494
-8940
-10355
-11243
-11701
-11727
-11389
-10468
-8949
-7365
-5721
-4072
-2232
-56
2510
5413
8524
11841
14438
15869
16460
16921
17656
18058
17887
16691
14436
11674
8470
4609
-63
-5009
-9879
-14423
-18359
-21357
-22936
-23342
-22660
-21373
-19682
-16904
-13106
-8934
-5689
-3717
-2278
-655
1414
3314
4797
5850
6995
8300
9262
10279
11612
13369
14944
15467
14788
13076
11078
9196
6945
3621
-539
-4245
-6649
-7674
-8053
-8142
-7490
-6388
-5202
-4426
-4323
-4109
-3744
-3343
-3087
-3081
-2641
-1643
-125
1639
3533
5430
7074
8332
8560
8190
7526
6836
6393
5248
3247
294
-2927
-5516
-7575
-9045
-10460
-11536
-12169
-12454
-12068
-11317
-9728
-7675
-5587
-3445
-1498
796
3205
5397
7311
9273
11699
14072
15907
16794
17254
17815
18190
17926
16472
14261
11864
9309
5957
1201
-4591
-10411
-15082
-18547
-21223
-23279
-24451
-24102
-22383
-19882
-17012
-13727
-10101
-6618
-3972
-2327
-709
1338
3564
5072
5332
5250
5540
6593
8210
9936
11608
12917
13847
14140
13738
12586
10500
7800
4485
934
-2451
-5250
-6832
-7485
-7792
-8013
-7803
-7110
-6056
-5052
-4407
-3469
-2531
-1782
-1436
-1522
-964
78
1260
2341
3016
3761
4887
6231
7268
7627
7151
6316
5376
3877
1829
-947
-3890
-6196
-8095
-9604
-10939
-11865
-11876
-11148
-9923
-8400
-6395
-3954
-1110
1674
3843
5890
7493
8596
9521
10302
11912
13771
14914
15290
14705
14447
15046
15485
14860
12730
9799
6736
3464
-721
-5756
-10857
-15349
-18610
-21503
-23891
-24727
-24081
-22024
-19498
-16969
-13966
-10315
-6105
-2305
186
1583
2818
4044
4681
4762
4442
4456
5222
6202
7371
8523
9914
11591
12542
12549
11704
10288
8536
6140
2909
-756
-3758
-5709
-6985
-8050
-8727
-8458
-7382
-5687
-4185
-3405
-2854
-2207
-1300
-567
-22
537
861
1034
1096
1446
2465
4070
5608
6270
6006
5222
4627
4190
3395
1854
-614
-3148
-5169
-6722
-7971
-9187
-10040
-10226
-9762
-8482
-6402
-3820
-1023
1552
3653
5627
7629
9167
9849
9713
9400
9665
10368
11112
11323
10898
10760
11274
11974
12005
10727
8477
6178
4094
1384
-2592
-7433
-11817
-15057
-17804
-20412
-22398
-22938
-21675
-19325
-16750
-13958
-10645
-6967
-3685
-1462
28
1492
3025
4190
4495
3873
3167
3178
3887
4912
5864
6813
7867
8953
9951
10509
10457
9919
8978
7280
4669
1732
-927
-2941
-4409
-5491
-6160
-6441
-6094
-5383
-4887
-4395
-3476
-2104
-854
-255
-98
-75
54
358
538
618
1069
1960
2717
3008
2945
2840
2925
2948
2514
1181
-742
-2230
-3108
-3855
-4871
-5924
-6453
-6246
-5313
-4129
-2936
-1468
491
2783
4877
6819
8481
9139
8638
7259
5983
5485
5767
6439
6409
5996
6057
6997
8542
9326
9020
7555
5755
4405
2560
-311
-4448
-8804
-12482
-15533
-17584
-18948
-19118
-18147
-16765
-15160
-13577
-10935
-7633
-4817
-2919
-2151
-1158
101
1285
1826
1418
1393
1912
3009
3968
4674
5918
7395
9233
10472
10936
11055
10870
10756
9680
7666
5057
2500
544
-1451
-3225
-4810
-5298
-4737
-4243
-4106
-4664
-4499
-3676
-2960
-2704
-3174
-2840
-1831
-676
-102
-388
-240
359
1339
1873
1982
2511
3193
3951
3733
2700
1752
1113
967
292
-926
-2083
-2811
-2855
-2973
-3055
-2679
-1567
225
1777
2899
3583
4132
4552
4247
3414
2151
1016
415
345
1112
2235
3688
5359
6796
8023
8562
8529
8037
7022
5658
3579
964
-1964
-5005
-7885
-10690
-13038
-14855
-15964
-16201
-15880
-14807
-13333
-11648
-9802
-8246
-6604
-5078
-3640
-2239
-1282
-447
81
870
2097
3495
5096
6223
7415
8669
10071
11584
12270
12481
11934
10941
9545
7503
5479
3373
1695
31
-1741
-3217
-4397
-4732
-4956
-5049
-4990
-4863
-4418
-4324
-4305
-4289
-3861
-2895
-1957
-1070
-458
347
1302
2300
3273
3972
4756
5518
6288
6650
6325
5436
4094
2760
1318
-114
-1485
-2547
-3001
-3166
-2991
-2787
-2458
-2054
-1922
-1862
-2096
-2150
-2142
-2411
-2737
-3283
-3288
-2865
-2105
-868
485
2501
4540
6362
7798
8537
9370
9731
9676
9135
7882
6583
4735
2305
-727
-3966
-6666
-8871
-10630
-12502
-13994
-14621
-14423
-13380
-12451
-11581
-10349
-8782
-6880
-5185
-3833
-2465
-829
995
2759
4343
5660
6896
7924
8465
8924
9423
9934
10331
9932
8866
7690
6553
5572
4407
2765
1178
-29
-1014
-1934
-3085
-4386
-5281
-5666
-5977
-6146
-6330
-6486
-6056
-5609
-4910
-3712
-2329
-374
1586
3178
4541
5856
7143
8262
8988
8771
8323
7666
6720
5793
4140
2339
775
-608
-1474
-2085
-2548
-2913
-3127
-3639
-4286
-4743
-5386
-5654
-6110
-6882
-7037
-6962
-6174
-4996
-4122
-3014
-1847
-551
661
1750
2941
4503
6480
7818
8638
8806
8815
9425
9440
8977
7780
6058
4865
3505
1650
-908
-3924
-6691
-8873
-10722
-12551
-13754
-14412
-14394
-13781
-13258
-12070
-10010
-7552
-4902
-2696
-910
1105
3112
4632
5617
6073
6398
6749
6611
5872
5156
4850
5055
5394
5231
4948
4978
5209
5247
4573
3385
2254
1354
309
-1268
-3145
-4772
-5772
-6226
-6654
-6951
-6665
-5633
-3868
-1939
9
2173
4563
6810
8372
9224
9494
9717
9634
8846
7551
5916
4767
3986
3190
2089
693
-363
-1120
-1535
-2225
-3211
-4305
-5594
-6589
-7631
-8407
-8927
-9408
-9650
-9764
-9319
-8359
-6934
-5342
-3762
-1991
-273
1440
2703
3342
3764
4334
5492
7000
8172
8601
8584
8676
9190
9760
9502
8405
6858
5360
4191
2483
-9
-3120
-6365
-8975
-11227
-13076
-14532
-15255
-15032
-14237
-12727
-10950
-8540
-5947
-3805
-1816
-451
1091
2504
3303
3685
3425
3449
3574
3855
3981
3913
4471
5138
6295
6990
7077
7160
6882
6902
6400
5390
3954
2311
939
-544
-1688
-2862
-3538
-3750
-3664
-2923
-1977
-538
838
2121
3282
4363
5462
6082
6315
5900
5355
4755
4090
3299
2083
811
-491
-1308
-1837
-2150
-2413
-2875
-3260
-3871
-4413
-4999
-5584
-6195
-6973
-7596
-8113
-8234
-8203
-8043
-7494
-6741
-5583
-4173
-2757
-1207
163
1410
2712
3821
4775
5254
5427
5322
5184
5404
5818
6747
7197
7246
7112
6805
7096
6912
6364
5351
3990
2897
1466
-342
-2873
-5393
-7460
-8894
-9871
-11174
-12068
-12503
-12281
-11539
-10751
-9472
-7608
-5488
-3608
-2131
-917
591
2123
3128
3525
3434
3552
4077
4764
5209
5537
5854
6425
7317
7932
8527
8870
8874
8606
7785
6735
5721
4780
3655
2251
549
-985
-1879
-2345
-2533
-2608
-2559
-2159
-1450
-907
-462
-194
-126
20
-151
-309
-405
-631
-1077
-1913
-2757
-3294
-3180
-3072
-3278
-3655
-4099
-3914
-3517
-3312
-3361
-3579
-3722
-3788
-3877
-4128
-4016
-3685
-3338
-2894
-2680
-2071
-955
157
1120
1638
1982
2613
3500
4267
4794
5045
5042
5164
4921
4288
3795
3461
3843
4413
4517
4484
4323
4517
4791
4561
3880
3023
2467
1858
792
-1156
-3559
-5603
-7313
-8577
-10002
-11372
-12186
-12519
-12287
-11931
-11178
-9779
-7795
-5710
-3995
-2407
-676
1491
3424
4727
5534
6234
7345
8380
8985
9174
9312
9715
10068
9948
9400
8906
8709
8576
7930
6697
5311
4051
2814
1195
-881
-2980
-4675
-6035
-7165
-8056
-8486
-8240
-7772
-7347
-6814
-5866
-4290
-2556
-1365
-739
-284
383
1223
1594
1271
521
-74
-210
-121
-103
-413
-626
-620
-368
114
339
473
278
-202
-823
-1586
-2080
-2552
-2884
-3312
-3653
-3392
-2832
-1795
-1002
-428
450
1531
3132
4348
4976
5145
4984
5144
5071
4869
4242
3354
2873
2508
2764
2986
3055
3139
2897
2914
2590
2041
1352
475
-96
-1041
-2402
-4343
-6524
-8241
-9704
-10831
-11959
-12733
-12682
-11852
-10231
-8347
-6154
-3667
-1151
1224
3178
4924
6557
8059
9117
9500
9448
9174
8937
8595
8004
7299
6607
6021
5428
4721
3986
3444
3019
2383
1272
-294
-1911
-3263
-4427
-5579
-6708
-7627
-8088
-8163
-8085
-7823
-7206
-6089
-4602
-3113
-1708
-324
1126
2532
3616
4388
4952
5411
5607
5334
4686
3937
3382
2930
2377
1663
904
301
-211
-676
-1116
-1458
-1705
-2069
-2560
-3123
-3569
-3935
-4377
-4795
-4963
-4563
-3745
-2814
-1957
-1069
105
1556
2984
3948
4390
4448
4473
4500
4311
3835
2936
1969
921
-170
-1057
-1666
-1538
-1031
-488
-65
183
749
1265
1488
1263
748
507
259
-241
-1338
-2696
-3702
-4370
-4824
-5424
-5836
-5697
-5029
-4064
-3148
-2078
-643
999
2380
3136
3407
3624
3878
4006
3767
3266
2930
2742
2616
2239
1751
1524
1524
1746
1790
1849
2006
2173
2135
1441
458
-617
-1385
-2083
-3004
-3849
-4399
-4192
-3691
-3213
-2870
-2424
-1529
-537
406
1139
1985
2948
3712
4026
3892
3717
3479
3068
2211
1173
320
-198
-458
-803
-1138
-1495
-1676
-1732
-1716
-1579
-1531
-1578
-1897
-2285
-2669
-3011
-3283
-3624
-3826
-3826
-3479
-2828
-2018
-1226
-637
-97
427
992
1575
2050
2437
2732
2955
3000
2771
2406
1983
1653
1510
1325
1153
1057
1095
1205
1263
1494
1888
2563
3278
3793
4332
4686
4763
4310
3478
2681
1912
1000
-440
-2104
-3674
-5065
-6437
-7996
-9327
-10127
-10080
-9371
-8365
-7103
-5642
-3922
-2173
-514
734
1648
2553
3139
3344
3216
3036
3077
3415
3584
3354
3258
3376
3622
3804
3923
4079
4448
4730
4238
3209
1970
789
-395
-1866
-3527
-4728
-4962
-4691
-4338
-4122
-3838
-3207
-2392
-1589
-471
1156
2791
4131
4770
4963
5309
5564
5085
3776
2293
1045
673
777
462
-26
-592
-1254
-2112
-2942
-3751
-4348
-4500
-4951
-5713
-6445
-6713
-6559
-6260
-5825
-5328
-4213
-2699
-1362
-390
534
1865
3366
4940
6025
6515
6936
7071
6832
6470
6064
5605
5296
4995
4271
3414
2626
1663
815
73
-746
-1277
-1465
-1401
-1298
-1273
-1431
-1608
-1482
-1347
-1203
-1172
-1170
-1012
-1010
-1246
-1809
-2499
-3143
-3754
-4651
-5782
-6392
-6527
-6429
-6193
-5862
-5253
-4066
-2583
-1456
-339
790
1862
2819
3275
3434
3491
3687
3662
3254
2706
2031
1670
1422
1471
1874
2348
3065
3654
4210
4578
4489
3855
2897
2284
1634
1001
519
128
-227
-921
-1791
-2576
-2497
-1909
-1613
-1136
-357
716
1597
1880
1654
1339
1021
71
-923
-1461
-1729
-1822
-2023
-2364
-2657
-2746
-2809
-2686
-2194
-1691
-1244
-891
-767
-723
-689
-851
-1220
-1681
-2027
-2071
-1618
-758
153
1136
1919
2575
3265
3823
4355
4679
4765
4443
3943
3638
3337
3125
2562
1631
716
-128
-821
-1436
-1682
-1786
-1750
-1687
-1896
-1897
-1987
-2260
-2724
-2992
-2751
-2323
-1508
-1090
-871
-569
-531
-442
-530
-556
-742
-726
-419
-373
-298
-705
-1193
-1640
-2203
-2718
-3363
-3384
-3169
-2837
-2127
-1416
-339
502
949
1209
1357
2020
2641
3086
3152
2683
2237
1841
1980
2202
2382
2611
2484
2561
2544
2553
2620
2679
2920
2700
2324
1584
625
-66
-730
-1129
-1548
-1882
-2174
-2459
-2457
-2523
-2468
-2403
-2241
-1908
-1577
-951
-284
443
1054
1321
1535
1644
1614
1282
895
785
726
615
317
-104
-439
-674
-976
-1154
-788
-133
557
935
968
1037
904
505
-232
-1053
-1318
-1321
-1324
-1279
-1344
-1224
-924
-655
-105
516
1025
1449
1585
1735
1868
1741
1494
934
15
-897
-1687
-2139
-2242
-2560
-2991
-3238
-3161
-2604
-1988
-1514
-1176
-993
-851
-660
-309
173
749
1226
1475
1613
1614
1656
1820
1925
1993
1945
1677
1378
1135
894
656
232
-306
-754
-1270
-1799
-2182
-2302
-2158
-2013
-2110
-2229
-2086
-1809
-1432
-1051
-646
-177
18
50
88
235
562
922
1426
2059
2503
2590
2641
2985
3578
4183
4577
4934
5212
4979
4058
2832
1935
1430
976
354
-321
-874
-1432
-2005
-2433
-2650
-2708
-2797
-2876
-2759
-2610
-2457
-2236
-1950
-1738
-1834
-1962
-1863
-1496
-1267
-1418
-1428
-1130
-594
-311
-402
-383
-110
546
1149
1654
2141
2418
2564
2268
1810
1276
728
389
-87
-400
-604
-588
-379
-372
-391
-497
-313
-50
-94
-375
-838
-863
-603
-362
-338
-640
-937
-1346
-1771
-2097
-2132
-1853
-1626
-1454
-1341
-1061
-673
-385
-161
-2
294
659
994
1168
1077
945
899
992
1114
1230
1454
1802
2323
2836
3242
3599
3839
3969
3913
3652
3250
2717
2092
1352
660
109
-353
-891
-1713
-2667
-3581
-4330
-4847
-5120
-5063
-4799
-4546
-4422
-4234
-3739
-3055
-2419
-1910
-1317
-542
217
769
1185
1691
2259
2619
2680
2620
2589
2575
2520
2528
2633
2742
2668
2250
1593
839
268
-13
-152
-316
-572
-727
-821
-914
-1118
-1224
-1059
-851
-603
-401
-47
329
501
655
1009
1824
2684
3294
3458
3355
3225
2880
2532
2071
1692
1285
650
-24
-787
-1388
-2100
-2890
-3635
-4280
-4674
-5034
-5219
-5442
-5596
-5620
-5518
-5035
-4534
-3974
-3381
-2657
-1858
-1241
-642
-8
997
2028
2801
3387
3871
4603
5375
6166
6858
7354
7548
7221
6602
5825
5124
4366
3518
2672
1686
697
-356
-1270
-2007
-2815
-3665
-4435
-4956
-5362
-5767
-6140
-6255
-5991
-5692
-5378
-4938
-4271
-3483
-2928
-2535
-2098
-1474
-765
-85
638
1368
2010
2368
2584
2804
2972
3030
2874
2663
2444
2155
1796
1440
1172
942
738
618
704
934
1179
1404
1607
1781
1839
1785
1765
1861
2026
2177
2279
2362
2390
2260
2022
1782
1591
1377
1003
485
-81
-611
-1129
-1666
-2205
-2782
-3328
-3803
-4163
-4398
-4546
-4605
-4583
-4428
-4109
-3639
-3044
-2410
-1810
-1249
-687
-49
696
1534
2352
3012
3443
3642
3696
3658
3557
3412
3247
3094
2901
2608
2186
1684
1177
648
115
-426
-929
-1376
-1799
-2221
-2671
-3065
-3351
-3477
-3451
-3352
-3185
-2949
-2614
-2185
-1672
-1100
-514
-1
329
471
500
580
757
987
1160
1172
1035
789
573
456
443
473
478
456
424
432
411
321
114
-163
-369
-407
-221
85
420
697
935
1237
1600
1985
2305
2542
2705
2799
2849
2822
2791
2792
2815
2820
2757
2622
2344
1925
1354
691
44
-550
-1072
-1647
-2367
-3251
-4214
-5066
-5720
-6179
-6508
-6693
-6627
-6280
-5713
-5096
-4523
-3962
-3304
-2490
-1526
-432
645
1542
2154
2538
2868
3250
3677
4063
4358
4577
4724
4810
4825
4760
4612
4383
4078
3703
3252
2697
2007
1250
558
43
-315
-614
-921
-1284
-1674
-2079
-2399
-2550
-2524
-2365
-2177
-1952
-1683
-1380
-1104
-901
-699
-476
-247
-86
17
105
165
134
-51
-339
-707
-1131
-1495
-1611
-1390
-947
-536
-342
-324
-389
-426
-353
-169
21
54
-130
-395
-530
-483
-403
-421
-511
-579
-572
-470
-241
142
585
916
1031
981
902
858
831
775
723
674
560
316
-31
-358
-614
-780
-855
-852
-750
-550
-247
121
502
805
935
906
764
618
547
575
687
822
930
947
893
816
754
729
753
845
1000
1183
1349
1431
1409
1311
1202
1168
1216
1270
1195
911
483
34
-321
-546
-713
-902
-1159
-1516
-1917
-2253
-2435
-2469
-2428
-2370
-2292
-2161
-2007
-1844
-1624
-1344
-1056
-818
-647
-470
-256
-68
0
-33
-66
-58
-28
6
87
232
385
504
656
897
1169
1373
1429
1342
1156
893
641
535
605
684
555
250
-31
-153
-102
91
445
878
1190
1277
1242
1263
1320
1244
1002
687
380
66
-293
-644
-961
-1272
-1628
-1908
-1939
-1706
-1348
-1037
-834
-761
-776
-808
-736
-460
-99
159
210
107
-45
-216
-367
-405
-259
12
249
381
441
445
335
133
-28
-36
71
145
112
0
-134
-278
-404
-439
-336
-145
46
211
369
554
748
883
967
1050
1154
1272
1377
1502
1668
1836
1916
1857
1667
1394
1068
702
393
191
106
76
5
-110
-255
-454
-772
-1182
-1568
-1847
-2005
-2047
-1971
-1807
-1632
-1528
-1453
-1319
-1065
-714
-353
-37
161
195
50
-221
-506
-720
-836
-876
-909
-989
-1118
-1251
-1308
-1224
-999
-699
-425
-226
-118
-68
16
190
447
720
952
1078
1103
1095
1113
1229
1479
1835
2209
2516
2683
2699
2587
2380
2124
1829
1503
1116
662
164
-357
-855
-1280
-1605
-1811
-1933
-1992
-1972
-1849
-1601
-1263
-868
-416
68
516
860
1076
1176
1173
1107
1013
917
808
636
393
122
-95
-175
-114
50
213
266
147
-109
-408
-684
-921
-1163
-1438
-1743
-2015
-2221
-2334
-2301
-2098
-1734
-1299
-837
-361
99
513
853
1170
1498
1844
2151
2345
2389
2253
1975
1603
1209
864
614
460
350
215
-18
-381
-850
-1359
-1852
-2228
-2421
-2449
-2376
-2330
-2342
-2375
-2391
-2323
-2171
-1938
-1636
-1267
-809
-261
355
970
1488
1845
2014
2055
2073
2165
2326
2485
2601
2611
2521
2361
2134
1857
1506
1111
736
419
216
111
55
-25
-166
-370
-610
-816
-954
-992
-938
-827
-652
-455
-283
-185
-176
-213
-241
-199
-65
142
380
590
724
765
721
602
440
253
60
-108
-230
-293
-291
-242
-167
-103
-80
-101
-166
-239
-286
-300
-276
-235
-196
-158
-122
-96
-90
-110
-157
-209
-241
-231
-184
-121
-102
-166
-334
-603
-925
-1261
-1561
-1784
-1913
-1947
-1900
-1820
-1737
-1704
-1743
-1800
-1831
-1778
-1598
-1282
-880
-464
-103
152
310
415
541
745
1047
1432
1845
2207
2445
2551
2550
2481
2392
2293
2178
2035
1892
1775
1704
1676
1625
1486
1231
908
609
429
390
487
648
789
826
702
441
107
-210
-453
-624
-746
-859
-937
-937
-857
-732
-624
-564
-558
-606
-702
-806
-852
-829
-787
-811
-952
-1212
-1545
-1853
-2042
-2032
-1840
-1560
-1267
-1030
-843
-677
-508
-345
-220
-119
-18
107
237
344
447
575
717
838
921
955
973
1020
1113
1221
1271
1247
1171
1064
933
765
537
283
9
-304
-610
-827
-907
-876
-803
-765
-768
-767
-686
-492
-265
-140
-218
-456
-746
-924
-859
-563
-183
98
193
146
76
69
149
327
605
940
1277
1546
1675
1638
1471
1298
1202
1148
1064
918
723
528
351
203
73
-80
-249
-421
-548
-643
-758
-896
-1026
-1057
-945
-736
-548
-489
-579
-719
-796
-778
-710
-625
-532
-404
-199
73
360
584
671
625
525
460
431
441
497
573
619
555
366
116
-108
-224
-225
-156
-93
-116
-212
-308
-338
-309
-249
-173
-98
-52
-61
-99
-116
-93
-67
-60
-94
-216
-420
-683
-930
-1109
-1197
-1201
-1141
-1041
-945
-903
-945
-1034
-1092
-1063
-921
-688
-387
-58
254
505
711
889
1061
1268
1486
1698
1886
2006
2008
1917
1799
1721
1715
1748
1785
1759
1613
1350
1028
752
565
446
375
302
217
95
-101
-364
-648
-901
-1075
-1123
-1076
-990
-940
-943
-963
-967
-935
-917
-966
-1113
-1345
-1579
-1746
-1781
-1696
-1533
-1356
-1213
-1088
-995
-906
-768
-551
-238
123
451
682
790
788
748
747
801
900
1021
1147
1251
1306
1282
1168
1008
874
801
779
785
783
737
655
580
527
489
413
265
43
-205
-426
-610
-728
-755
-721
-693
-683
-698
-745
-832
-928
-989
-987
-938
-903
-881
-813
-644
-386
-124
92
258
345
325
258
233
299
419
518
545
511
450
371
311
292
325
365
352
269
170
124
131
162
157
116
51
-70
-244
-459
-617
-628
-479
-272
-126
-70
-56
-7
52
102
146
233
380
505
549
517
510
543
559
492
353
274
289
328
289
152
24
-9
22
25
-26
-76
-32
80
143
96
0
-37
-1
45
37
12
51
130
136
27
-139
-272
-353
-442
-551
-611
-558
-435
-347
-389
-523
-631
-656
-650
-671
-718
-724
-626
-478
-396
-439
-562
-667
-724
-766
-790
-729
-515
-221
15
100
45
-10
24
132
242
330
422
554
725
874
995
1110
1249
1390
1462
1443
1395
1400
1496
1630
1725
1741
1675
1495
1175
741
279
-65
-221
-239
-221
-283
-439
-655
-863
-996
-1052
-1035
-952
-871
-872
-987
-1176
-1301
-1275
-1164
-1100
-1163
-1280
-1357
-1365
-1324
-1242
-1082
-810
-529
-388
-415
-489
-446
-259
-53
77
170
299
442
514
457
361
399
626
924
1152
1250
1251
1224
1179
1123
1081
1129
1281
1417
1416
1208
856
497
228
64
-42
-83
-54
44
161
224
197
95
-50
-232
-438
-619
-683
-592
-392
-184
-90
-123
-258
-434
-572
-617
-544
-400
-250
-175
-214
-358
-567
-747
-861
-910
-910
-876
-796
-694
-586
-477
-353
-185
-27
86
145
173
216
296
419
579
769
912
931
804
616
481
459
527
612
659
606
427
113
-234
-479
-551
-467
-345
-227
-98
46
149
183
188
200
221
202
164
154
190
232
233
187
84
-69
-244
-379
-426
-379
-283
-211
-196
-245
-365
-545
-694
-733
-655
-507
-372
-267
-174
-105
-82
-113
-144
-123
-54
28
137
289
418
450
363
242
153
90
36
19
110
271
402
480
532
575
537
382
202
95
70
51
1
-48
-63
-77
-100
-75
59
289
487
576
522
348
117
-105
-229
-231
-144
-59
-25
-60
-111
-106
-14
163
343
425
349
135
-123
-329
-450
-487
-466
-443
-437
-485
-544
-536
-453
-329
-233
-208
-264
-362
-457
-516
-519
-432
-241
2
212
342
414
443
416
336
246
195
178
146
72
-14
-58
-44
22
132
240
319
341
307
254
215
189
158
116
52
-31
-125
-216
-271
-263
-178
-41
133
318
456
534
569
573
555
513
443
353
249
114
-49
-228
-399
-533
-633
-700
-722
-683
-611
-519
-445
-420
-430
-473
-526
-559
-558
-509
-437
-369
-316
-281
-246
-188
-94
39
185
323
450
566
659
701
703
669
615
562
493
419
388
416
473
526
554
590
628
629
559
452
363
273
150
-17
-150
-188
-153
-112
-104
-87
-29
45
93
112
114
97
25
-124
-298
-446
-531
-552
-529
-484
-448
-425
-370
-253
-127
-84
-169
-310
-412
-473
-543
-667
-779
-805
-766
-718
-681
-586
-407
-190
-44
-17
-41
-65
-67
-64
-48
-12
5
-41
-123
-179
-169
-110
-32
68
173
257
293
280
271
312
386
414
371
306
315
403
513
585
623
684
733
736
718
716
774
867
930
931
855
717
564
427
352
346
354
332
263
204
197
233
266
261
215
123
-16
-190
-331
-377
-346
-320
-360
-480
-619
-687
-661
-587
-539
-567
-678
-761
-771
-729
-669
-654
-662
-673
-660
-621
-553
-427
-275
-166
-170
-284
-426
-460
-358
-213
-105
-111
-181
-235
-249
-223
-176
-121
-78
-66
-87
-122
-139
-126
-81
-4
88
156
178
209
320
492
642
712
733
808
919
972
914
779
701
675
609
481
308
171
76
-22
-113
-150
-106
-55
-67
-167
-286
-341
-342
-330
-362
-435
-511
-567
-564
-472
-308
-134
-6
66
130
199
239
246
255
275
239
100
-76
-163
-120
-52
-50
-87
-87
-40
-4
10
41
95
96
0
-130
-216
-255
-272
-264
-208
-98
10
67
111
182
287
400
474
494
475
445
423
410
395
368
321
263
197
141
129
119
98
67
55
58
29
-46
-171
-293
-409
-518
-598
-630
-592
-550
-564
-654
-751
-741
-638
-475
-323
-188
-89
-44
-66
-147
-193
-198
-156
-115
-58
63
252
447
564
581
506
394
265
145
120
209
353
440
396
253
102
29
40
128
250
386
495
508
433
295
169
111
117
155
162
125
37
-76
-217
-351
-415
-409
-358
-327
-359
-444
-528
-572
-584
-548
-466
-349
-263
-258
-331
-426
-469
-425
-311
-171
-30
87
194
262
299
335
380
412
359
236
101
32
33
50
84
129
203
249
265
273
297
356
377
333
261
205
173
133
83
68
127
240
355
395
342
227
108
42
56
131
206
241
207
151
134
162
222
271
286
234
134
23
-73
-161
-285
-432
-558
-586
-476
-260
-36
78
69
-40
-171
-281
-338
-318
-281
-285
-351
-442
-481
-457
-419
-414
-452
-492
-498
-490
-500
-574
-694
-776
-784
-735
-670
-608
-569
-543
-519
-431
-247
-35
148
246
297
344
444
612
824
998
1029
963
837
732
655
581
543
516
531
585
692
831
883
801
630
443
266
136
108
171
245
220
109
-17
-76
-54
33
167
285
355
389
405
365
214
-8
-170
-224
-239
-252
-186
9
194
162
-86
-384
-614
-760
-834
-822
-798
-875
-1023
-1113
-1123
-1053
-911
-687
-440
-315
-266
-159
62
315
486
519
429
322
243
252
360
486
635
713
690
638
572
536
513
478
462
437
339
220
97
-30
-177
-348
-398
-329
-255
-275
-330
-243
-64
39
-28
-150
-164
-88
-80
-230
-397
-409
-302
-219
-199
-141
-24
80
48
-51
-12
148
288
271
103
-28
-62
-54
-87
-178
-261
-280
-218
-89
60
163
172
58
-99
-235
-313
-269
-124
47
144
128
78
60
57
24
-43
-93
-59
19
84
134
168
212
192
84
-50
-130
-70
67
192
254
252
222
150
55
2
64
218
356
360
248
131
85
102
117
137
180
208
175
77
17
62
138
150
62
-39
-70
-86
-164
-292
-377
-344
-259
-213
-217
-216
-188
-160
-149
-163
-180
-191
-179
-155
-150
-185
-252
-275
-222
-108
16
90
126
138
155
202
268
320
304
206
71
-10
-9
46
92
88
69
84
160
243
257
176
47
-43
-87
-125
-188
-246
-258
-230
-187
-171
-190
-218
-223
-171
-60
70
164
188
134
40
-52
-117
-166
-201
-200
-162
-109
-70
-42
-28
-39
-67
-32
120
291
343
247
129
81
58
45
52
79
95
101
217
447
638
659
558
477
431
348
196
28
-107
-228
-284
-183
27
195
239
213
176
77
-118
-320
-435
-454
-419
-361
-311
-313
-350
-328
-246
-191
-220
-276
-270
-239
-240
-265
-285
-337
-463
-603
-625
-497
-308
-123
49
183
235
223
231
285
343
347
327
349
394
413
402
386
404
451
475
454
376
264
166
83
32
46
143
281
332
231
68
7
45
60
-11
-92
-102
-84
-136
-264
-360
-371
-339
-331
-332
-292
-233
-217
-282
-357
-339
-210
-63
9
-1
-23
-4
41
94
158
247
339
399
409
385
381
382
348
271
154
62
-1
-95
-261
-421
-413
-258
-119
-150
-320
-464
-551
-604
-649
-647
-526
-350
-204
-170
-241
-311
-288
-237
-258
-333
-377
-329
-288
-283
-253
-182
-72
85
310
543
684
708
706
701
616
493
482
624
796
873
857
828
786
789
930
1172
1382
1365
1160
952
784
687
669
701
646
361
-93
-532
-792
-886
-853
-743
-636
-614
-658
-667
-646
-638
-662
-711
-795
-937
-1059
-1058
-954
-841
-765
-665
-493
-322
-242
-277
-359
-412
-425
-440
-471
-511
-553
-601
-697
-775
-750
-577
-281
22
279
455
537
533
492
487
530
568
544
454
360
324
342
404
446
441
418
396
412
466
556
685
760
704
493
203
-27
-138
-93
85
286
400
399
333
235
83
-89
-168
-137
-107
-132
-159
-162
-204
-295
-355
-346
-323
-312
-239
-105
-21
-31
-34
20
39
-19
-65
-37
1
-29
-56
-12
73
114
114
107
68
-32
-115
-124
-108
-105
-83
-17
41
16
-77
-152
-198
-242
-260
-224
-141
-87
-95
-134
-182
-241
-297
-315
-300
-269
-223
-127
0
105
148
129
79
11
-19
3
84
195
278
313
285
230
188
165
158
149
133
130
124
108
90
66
37
12
14
31
47
34
2
-4
18
83
161
210
203
129
42
-21
-45
-59
-80
-126
-170
-185
-187
-176
-157
-136
-103
-54
4
58
84
76
47
14
7
19
41
53
20
-54
-124
-144
-102
-28
25
29
-8
-68
-104
-93
-50
3
47
79
89
67
35
9
1
28
74
147
209
223
190
120
45
-13
-38
-32
-34
-54
-91
-118
-136
-149
-138
-124
-114
-106
-103
-73
-30
5
27
26
12
-17
-42
-62
-62
-50
-38
-16
1
29
51
61
68
60
57
51
46
50
41
32
7
-23
-29
-22
5
30
51
73
63
50
41
35
34
11
-21
-73
-116
-109
-62
17
78
103
97
76
63
54
61
64
49
18
-31
-66
-84
-95
-100
-119
-135
-123
-92
-44
-7
13
10
-25
-59
-82
-104
-102
-83
-48
-7
30
48
58
66
67
70
72
85
99
117
123
97
61
15
-28
-57
-61
-32
9
52
71
61
44
22
23
49
72
79
62
26
-17
-49
-63
-42
-1
32
52
45
33
31
28
32
36
26
4
-24
-57
-83
-99
-112
-119
-116
-86
-46
-13
3
-12
-36
-56
-61
-36
-6
9
-8
-54
-104
-130
-123
-97
-55
-8
24
48
64
66
62
51
28
7
-6
-18
-26
-47
-66
-75
-73
-59
-31
4
45
89
119
132
122
100
66
34
8
-18
-22
-18
-5
30
81
137
178
188
161
115
61
22
5
-1
-20
-44
-56
-64
-58
-47
-21
15
37
43
40
15
-22
-65
-101
-111
-113
-94
-72
-61
-62
-79
-86
-85
-59
-20
12
29
12
-20
-51
-66
-59
-45
-28
-16
-5
9
18
31
47
65
77
88
105
117
111
86
46
-4
-49
-83
-81
-46
1
32
32
22
8
-6
-15
-21
-35
-60
-77
-79
-70
-52
-29
9
46
70
90
112
130
138
142
146
175
193
178
145
88
17
-39
-39
3
26
15
-6
-26
-43
-48
-39
-19
-23
-53
-78
-86
-89
-101
-120
-148
-181
-184
-155
-106
-64
-47
-48
-54
-53
-53
-58
-66
-89
-123
-146
-150
-134
-109
-76
-35
11
58
84
87
77
68
63
62
65
51
21
-2
-10
0
18
36
57
81
115
156
187
200
176
129
77
31
13
21
40
59
70
71
76
76
67
51
32
19
15
9
1
-15
-37
-61
-81
-90
-86
-72
-60
-44
-25
-15
-5
4
3
0
0
2
6
5
8
5
0
-4
-18
-22
-18
-6
10
16
10
-3
-21
-36
-46
-50
-58
-74
-86
-90
-68
-41
-11
16
27
13
-29
-82
-125
-155
-160
-141
-100
-43
5
22
7
-26
-60
-79
-79
-62
-30
-5
1
-7
-18
-24
-14
27
78
123
157
169
164
147
131
107
92
93
103
126
138
137
121
94
76
68
68
85
101
93
78
41
8
-19
-37
-38
-35
-28
-30
-26
-30
-26
-17
-17
-20
-34
-38
-36
-22
-9
-2
1
-26
-65
-107
-142
-163
-163
-141
-118
-100
-97
-102
-101
-110
-121
-117
-99
-61
-34
-21
-22
-40
-69
-99
-102
-73
-14
68
151
228
266
264
246
227
215
210
193
147
75
-5
-60
-71
-44
11
61
86
81
53
17
-7
-27
-69
-129
-208
-275
-308
-322
-318
-324
-352
-362
-338
-258
-137
-5
88
118
91
26
-18
-18
24
85
135
169
181
194
219
255
291
327
359
371
373
365
332
277
198
114
49
-1
-35
-54
-54
-40
-29
-26
-35
-53
-75
-100
-133
-165
-189
-207
-222
-227
-209
-171
-117
-59
-12
11
0
-38
-75
-86
-64
-24
-21
-43
-70
-100
-101
-75
-25
49
122
166
186
187
161
125
75
19
-20
-53
-69
-76
-92
-95
-97
-94
-86
-57
-3
45
81
92
87
88
90
99
104
97
77
41
11
6
18
21
9
-18
-61
-91
-113
-109
-77
-28
5
2
-12
-26
-23
-33
-51
-67
-100
-128
-146
-134
-89
-22
42
71
57
21
-6
-15
-4
15
39
53
51
53
54
54
51
39
30
38
49
74
104
112
105
82
60
54
51
44
37
21
5
-5
-16
-25
-33
-55
-76
-89
-84
-52
-6
59
114
144
155
134
101
71
47
35
20
7
-16
-41
-53
-53
-44
-30
-20
-23
-42
-80
-122
-166
-185
-174
-153
-128
-122
-131
-149
-158
-152
-147
-127
-106
-89
-73
-63
-48
-31
-20
-6
22
59
91
130
162
176
172
146
127
122
133
159
173
165
131
82
56
46
56
81
96
96
68
26
-9
-22
-18
-8
-1
1
-24
-71
-128
-177
-182
-151
-89
-21
21
29
-3
-47
-69
-59
-8
65
141
193
195
160
110
71
59
91
138
176
181
139
79
8
-44
-62
-52
-25
-10
-29
-66
-109
-154
-166
-152
-121
-84
-61
-55
-67
-79
-88
-88
-73
-55
-43
-48
-63
-93
-122
-134
-134
-109
-76
-60
-65
-82
-105
-102
-76
-36
13
48
74
83
85
89
83
85
92
107
132
143
131
104
74
59
56
60
64
60
41
17
4
-5
-8
-19
-40
-56
-61
-54
-48
-52
-57
-50
-45
-46
-42
-41
-51
-60
-55
-30
3
25
28
18
8
20
48
67
79
86
98
114
121
119
104
89
77
79
99
121
131
117
84
50
23
6
-9
-14
-14
-18
-29
-52
-78
-102
-121
-128
-118
-93
-65
-51
-62
-73
-76
-65
-29
1
17
7
-9
-32
-43
-40
-49
-60
-85
-107
-126
-149
-169
-187
-205
-221
-213
-194
-161
-122
-98
-91
-96
-103
-94
-59
-13
28
47
52
52
63
86
115
142
158
170
177
181
181
179
178
176
180
193
202
196
180
155
129
112
105
113
126
139
142
128
114
94
83
77
64
58
51
42
37
35
32
27
15
4
-6
-24
-53
-70
-73
-69
-71
-88
-101
-119
-131
-135
-133
-125
-125
-120
-114
-104
-101
-109
-130
-159
-181
-191
-175
-148
-120
-101
-92
-83
-76
-61
-43
-22
