-13
-6
-7
-16
-6
-12
-11
-9
-6
5
3
2
7
-3
2
11
8
19
19
21
26
21
26
26
24
27
23
18
19
13
6
5
-3
-5
-6
-11
-8
-18
-21
-10
-19
-19
-17
-23
-18
-22
-22
-13
-21
-18
-21
-34
-20
-26
-27
-24
-31
-19
-24
-30
-19
-23
-16
-12
-12
3
-6
1
4
2
14
2
5
10
7
17
10
13
16
6
16
13
15
26
17
26
22
14
28
25
26
33
24
33
40
37
46
30
33
34
20
29
18
17
29
14
20
7
-8
13
1
0
2
-17
-2
-10
-14
2
-12
-15
-15
-24
-15
-27
-30
-27
-41
-33
-37
-43
-33
-43
-36
-30
-35
-23
-30
-31
-21
-25
-19
-17
-22
-17
-21
-25
-20
-23
-14
-12
-12
-6
-8
-5
-1
0
7
11
16
22
26
33
29
24
24
19
23
20
18
18
11
15
15
11
17
17
21
18
14
17
9
13
9
7
10
3
9
13
11
11
5
9
11
12
18
3
3
8
1
9
7
-1
6
-1
-8
-2
-9
-2
-1
-8
-6
-12
-12
-18
-20
-11
-11
-12
-13
-17
-16
-7
-2
4
8
2
6
2
4
9
-3
-3
-4
-8
0
-14
-17
-15
-22
-15
-16
-26
-20
-26
-25
-23
-30
-20
-16
-14
-5
-7
-1
6
7
13
13
6
7
8
10
19
12
10
12
9
13
12
17
27
22
24
24
22
23
15
12
4
-1
1
-4
-6
-9
-11
-7
-6
2
3
0
7
8
7
13
12
14
12
6
11
5
1
-6
-6
-6
-7
-3
-8
-3
-4
-8
-2
-3
1
4
-2
0
1
-7
-4
-5
-3
-5
-8
-5
-11
-16
-18
-23
-20
-18
-17
-17
-16
-9
-7
-10
-7
-8
1
7
3
7
11
10
16
14
9
8
3
0
1
-2
-5
-7
-9
-8
-5
-1
-2
-1
1
3
12
13
11
18
13
18
21
17
14
5
4
6
7
9
4
1
6
7
12
15
11
12
9
5
3
-2
-3
-2
-8
-9
-6
-8
-5
-14
-20
-19
-20
-11
-10
-10
-14
-17
-15
-8
-3
5
0
-6
-3
-2
2
0
-5
-2
-1
-2
2
1
1
-3
-7
-4
-2
0
-5
-5
5
6
11
9
-2
4
3
-2
1
-8
-1
3
-3
0
0
-4
-1
-3
2
3
1
11
5
12
18
8
19
23
20
28
19
23
32
26
38
25
15
13
-3
5
5
1
10
-17
-22
-17
-33
-20
-33
-30
-15
-32
-25
-38
-38
-18
-28
-15
-14
-18
3
-4
10
20
9
28
23
26
37
18
19
13
4
8
-4
-5
-6
-24
-22
-19
-26
-24
-26
-23
-18
-27
-22
-24
-29
-13
-21
-18
-8
-16
-3
0
1
14
7
13
18
11
28
26
27
35
25
33
32
25
29
23
23
23
11
7
4
-1
-7
-10
-8
-3
-9
-10
-9
-14
-6
-9
-14
-3
-2
3
11
4
6
9
5
8
7
5
1
0
2
-11
-10
-6
-14
-5
-6
-17
-16
-20
-14
-11
-16
-5
-3
-5
-2
-10
-4
17
25
-19
-18
45
40
-10
-2
33
28
17
7
-16
10
38
-15
-41
2
16
-12
-42
-25
-3
-6
-10
-28
-15
16
15
-15
-13
17
10
-4
-2
-2
11
5
-13
2
12
12
6
-16
-16
1
-14
-24
-1
7
-9
-13
-8
-4
1
-3
5
8
0
11
14
7
17
5
-3
12
3
6
1
-9
15
6
0
11
3
15
7
-3
11
8
9
0
-7
15
8
9
15
7
22
13
-3
10
6
11
15
-7
2
-1
-19
-5
-13
-19
-12
-27
-23
-17
-29
-25
-29
-26
-14
-19
-20
-22
-21
-10
-15
-10
5
10
17
15
16
30
32
30
31
22
20
19
7
4
2
0
1
-12
-12
-10
-17
-11
-8
0
6
6
11
19
22
20
18
12
14
10
5
7
-3
-15
-26
-29
-21
-20
-20
-21
-25
-24
-24
-21
-18
-11
-8
-15
-14
-17
-5
9
3
-7
-3
12
18
3
4
11
14
1
-15
2
19
10
-11
4
30
29
10
0
26
46
32
22
31
49
43
1
12
29
25
26
3
9
25
1
-7
-5
-4
0
-15
-11
-4
-9
-11
-17
-16
-9
-18
-22
-20
-23
-20
-23
-24
-17
-14
-15
-10
-9
-9
-9
-11
-7
-6
-11
-7
-9
-10
-14
-25
-14
-15
-21
-26
-29
-18
-8
-9
-14
-7
-5
-8
-13
-7
4
3
3
1
-2
13
14
6
13
14
18
16
17
23
26
30
26
26
32
37
27
20
27
29
23
13
16
11
7
0
-9
3
4
-1
3
-2
0
5
-5
3
6
2
-2
-1
13
6
-8
-9
-18
-18
-13
-20
-23
-20
-22
-21
-22
-18
-10
-9
-10
-13
-13
-4
-4
-7
-9
-20
-19
-11
-18
-21
-7
-7
-10
-18
-24
-4
-10
-12
3
2
18
17
10
22
14
32
29
10
30
22
27
32
16
25
25
24
31
30
46
49
32
45
60
39
37
38
42
47
15
28
45
21
16
-5
15
46
-9
-17
13
26
31
-37
-23
23
-4
-13
-59
-21
36
-35
-50
-58
-13
16
-92
-82
-48
-38
-37
-134
-107
-50
-73
-95
-134
-66
-17
-68
-98
-78
-10
-14
-68
-66
-11
20
-21
-53
-29
31
27
-49
-34
44
66
3
-59
32
94
60
6
-13
103
142
32
-12
50
139
82
-31
29
113
96
18
-19
53
83
37
-16
-10
82
61
-26
-27
48
92
-3
-20
57
36
24
0
-4
35
18
17
-11
-12
59
6
-51
7
17
-14
-24
-13
-20
-30
-22
-42
-51
-38
-22
-72
-82
-30
-75
-75
-53
-71
-46
-47
-52
-43
-54
-36
-29
-35
-20
-32
-14
25
-3
-20
16
11
-9
17
15
-3
-6
10
3
-41
0
23
-41
-47
2
6
-22
-25
-6
-1
4
12
-11
12
98
75
15
96
158
103
65
135
174
96
92
143
139
112
88
88
90
57
30
34
33
4
-50
-44
4
-46
-131
-105
-8
-58
-166
-105
5
-48
-143
-97
-25
-9
-68
-102
-31
42
-19
-119
-32
53
7
-57
-27
35
42
-24
-64
-4
20
-20
-76
-30
-16
-44
-53
-63
-54
-53
-31
-60
-62
-53
-63
-42
-25
-48
-66
-14
37
-10
-70
25
96
24
-34
50
131
40
44
76
59
93
89
63
34
126
129
-11
52
127
55
28
62
84
40
75
62
-15
97
88
-30
24
109
53
-42
38
99
27
-22
-29
33
89
-5
-122
2
103
-81
-141
-40
27
5
-163
-131
-15
-21
-123
-204
-12
-7
-170
-101
-65
-89
-81
-82
-103
-101
-13
-53
-114
-28
0
-56
-63
14
4
-65
-7
74
4
-59
56
77
-27
7
97
45
-52
86
124
-107
10
182
45
-22
40
98
65
76
47
-15
151
149
-67
-29
203
115
-170
-10
203
15
-148
-7
119
17
-96
-99
16
139
-25
-272
4
330
-76
-345
104
295
-101
-203
80
64
-5
6
-152
-24
177
1
-206
-104
147
33
-133
-111
-50
172
-5
-255
-32
96
33
-115
-82
-13
34
147
-156
-187
207
91
-113
-39
103
44
-67
149
2
-172
111
191
12
-208
39
221
-57
-37
-70
-58
155
145
-155
-304
281
360
-347
-211
260
209
-21
-93
67
109
219
110
-206
99
399
110
-216
67
347
29
-113
86
142
-45
-39
65
-38
-101
-23
9
-61
-155
-139
-69
-80
-161
-284
-145
-37
-189
-304
-265
-112
-158
-240
-236
-182
-108
-140
-148
-194
-109
89
-74
-188
75
109
-7
13
56
126
50
177
183
-15
192
297
149
26
177
269
185
148
134
221
202
173
175
36
159
326
62
85
88
144
263
-56
3
65
191
166
-254
83
347
-23
-142
101
234
5
-79
48
111
152
-86
-149
174
114
-166
-238
145
128
-318
-153
-171
9
-100
-523
-263
-26
-123
-539
-373
-82
-264
-379
-301
-306
-305
-143
-320
-353
-207
-175
-133
-134
-388
-229
251
-92
-409
-54
335
-92
-322
162
233
-2
-105
156
215
217
34
-23
325
388
102
-159
413
518
-22
-82
359
473
53
-112
319
455
-123
119
315
158
79
78
274
52
101
177
-30
159
319
-95
-77
269
144
-68
-55
145
-2
-13
224
-354
-204
567
-143
-542
-30
462
-60
-676
63
341
-272
-374
9
-120
-85
-68
-211
-304
151
61
-636
46
55
-217
-158
7
-34
-191
159
-231
-46
139
-157
-104
235
188
-330
-73
388
97
-587
184
313
-164
33
-180
21
105
88
-404
-111
502
-49
-502
30
405
-297
-299
195
160
-101
-43
44
-67
-7
19
-3
-16
218
366
-74
-55
262
190
-121
-22
319
206
175
281
65
0
365
-22
-203
72
283
172
-170
129
243
88
-166
-164
-2
142
-134
-141
264
186
-25
-187
-93
-48
-27
-387
-91
334
15
-212
-65
139
-282
-303
-215
-113
52
42
-256
-78
240
-405
-500
37
-66
-352
228
115
-373
-98
90
-195
-452
79
349
138
-143
-17
252
59
-220
-178
322
380
108
-93
325
306
-56
-81
-131
280
325
11
-3
551
143
-296
59
206
-13
-220
492
356
-405
98
454
-249
-156
108
-7
121
107
-34
-189
286
9
-449
62
80
-214
-6
122
-208
-134
64
92
-501
-264
355
-63
-294
-98
253
-356
-126
-29
-430
45
283
-178
-467
328
125
-522
-229
533
-222
-463
511
-129
-346
279
204
-516
-91
504
-171
-472
382
361
-330
17
54
2
117
157
-19
47
392
168
-243
88
616
126
-317
212
642
-200
-209
494
254
55
-55
0
106
146
60
-177
40
350
-93
-392
46
330
41
-345
-208
328
76
-648
12
645
128
-539
-240
323
-294
-230
410
-187
-329
536
-194
-913
296
559
-286
-547
-74
210
-213
-263
-101
-5
73
-271
-287
296
-288
-455
516
-65
-913
-8
1096
-366
-793
400
-25
-104
-265
-24
221
308
236
-687
12
520
-323
227
354
-209
396
106
-322
88
706
358
-623
238
803
-365
-140
985
221
-574
407
513
-378
189
882
-129
-681
328
521
-227
-36
379
42
-371
83
149
-403
157
348
-201
-373
-94
460
-298
-756
672
194
-959
-105
425
-488
-374
499
-402
-530
281
-338
-744
369
142
-742
105
-7
-710
12
435
-622
-361
572
-202
-397
234
129
-433
445
108
-274
211
139
237
-23
69
119
398
271
-277
-60
717
293
-273
-24
126
585
262
-423
-223
678
296
-951
13
841
366
-524
-123
211
-287
63
-96
-90
464
346
-546
-402
554
-9
-883
241
819
-466
-518
707
244
-949
-285
626
-117
-502
11
479
229
-555
-204
-158
-42
43
-42
-174
265
441
-697
-403
347
70
-345
65
282
-289
-180
240
-57
-295
459
-19
-399
122
119
105
-128
48
117
279
27
-333
81
478
-13
-400
80
478
100
-156
16
230
-90
-248
285
126
-17
25
116
92
-268
-3
67
75
136
-203
-134
400
130
-690
-14
524
-152
-216
155
68
-163
122
-172
-104
302
21
-132
-156
-132
145
327
-365
185
-70
-109
124
-244
173
65
326
-145
-660
212
327
-80
135
-109
55
19
-291
-133
244
365
-303
-177
107
-109
1
318
-307
-87
413
-487
-104
592
-7
-476
499
-272
-523
469
368
-530
41
938
-1027
-243
936
-418
-498
437
427
-629
-163
724
-151
-553
204
76
-304
296
-97
-326
446
237
-664
-276
540
336
-570
-377
860
300
-620
-128
635
86
-416
195
173
87
582
-79
-373
547
210
-458
240
724
-96
-138
632
-327
-311
659
-134
-62
269
63
-215
-20
-20
-384
418
-12
-757
386
407
-898
-121
414
-353
-448
205
22
-320
326
-442
-558
198
222
-332
44
167
-530
15
-187
-706
432
913
-1159
-249
832
-481
-567
204
214
-674
251
45
241
131
-296
-192
-154
118
-539
684
569
-139
-382
86
-39
-47
218
-146
627
191
-147
-315
655
-59
-368
428
169
76
162
318
-408
374
115
62
-80
23
726
-179
-50
395
-390
-228
755
-307
81
332
355
-180
-1090
752
253
-243
135
-121
240
-72
-537
-54
262
-115
-254
-394
585
-136
-485
66
-508
361
-497
-353
541
-54
-460
-98
-63
-206
-58
-22
66
-382
548
-266
-501
388
177
-322
-243
701
273
-531
7
797
-620
-23
440
43
285
100
-168
-174
769
-478
-315
680
72
-230
191
127
-332
378
-23
-462
115
357
157
-377
-44
13
-4
218
-272
-305
564
-17
-516
184
66
-93
318
-166
-754
525
913
-1064
-679
1480
-259
-954
522
176
60
141
-607
-334
984
-90
-788
338
780
-480
-875
944
82
-767
387
447
-656
227
359
-347
113
-423
61
348
130
-264
-26
257
-62
-599
106
847
-516
37
-288
-101
790
-488
-322
350
420
-665
-187
584
271
-433
-487
687
-230
248
-57
-599
614
-53
-257
410
-160
-60
671
-843
-177
107
522
828
-1399
142
485
222
-376
-969
810
1127
-894
-799
1025
255
-739
-660
830
167
-326
246
-101
225
-644
-25
441
-462
422
433
-570
47
289
-826
467
260
-266
217
-346
983
-717
-749
1042
-188
-484
4
866
259
-1155
346
750
-1327
308
624
-252
421
-355
453
-658
-303
946
-703
-219
267
388
724
-1089
-749
1302
227
-1227
-549
1268
746
-1164
-363
902
-27
-398
-195
87
-89
-609
886
875
-601
-653
78
287
47
-702
-567
1750
144
-1068
-312
1261
193
-1111
-393
152
713
-417
690
196
474
-879
-1084
972
511
-593
-433
1358
63
-800
225
751
-798
-686
484
257
397
-336
547
-282
-397
-237
-1025
1393
918
-1404
-10
648
11
-786
-533
1492
-420
-1387
1258
495
-466
-310
-817
750
553
-985
-90
1025
424
-715
-923
815
138
-954
1009
-149
-199
778
-668
-19
73
-381
319
121
-302
134
269
203
66
-842
326
-114
33
323
-869
352
871
138
-636
-189
134
429
-1406
788
1096
-1079
544
496
-128
-1625
1148
1220
-1914
-286
1233
88
-648
853
858
-1955
-331
1623
-1520
399
663
-620
1156
-514
-140
-186
-174
519
-1121
139
553
451
399
-734
242
-17
-1035
-24
585
103
-412
962
-74
-727
860
-837
-816
208
1202
-20
-569
804
-451
-423
104
-644
20
1701
-187
-1129
-28
995
-223
-1093
572
-310
1219
-68
-1412
819
793
-1001
-1057
1004
272
5
441
-533
0
372
-544
-745
235
1067
-395
-550
1416
312
-1553
-284
223
151
170
-17
367
438
-125
-672
-48
153
12
-476
-192
1137
700
-749
-482
432
-128
-1122
-233
1771
504
-712
-118
-128
-57
-149
-300
184
318
202
145
-241
269
-201
-555
-409
15
889
27
-264
754
-63
-1334
-312
672
82
-241
407
358
-475
-150
481
-210
-794
39
433
252
-143
45
600
-307
-474
-225
-462
607
526
-155
-116
311
516
-989
-651
486
769
192
-446
-294
670
-170
-863
891
163
-92
-148
-138
394
20
-359
-439
468
542
-145
-310
327
-222
-726
120
530
166
-434
-33
241
-53
-94
-270
-494
23
293
-220
356
435
54
-628
-902
167
597
491
-246
-255
313
361
-204
-531
-7
492
158
115
245
31
280
-67
-535
190
499
-140
-272
134
70
266
-110
-362
-52
-134
-370
-388
606
172
-249
-97
-607
-586
507
439
-372
-106
520
-249
-524
601
-368
22
944
137
-477
220
816
-222
-757
-57
641
469
399
-306
-140
15
-740
-225
95
430
120
-208
-21
-272
-370
-168
-258
19
486
-372
38
380
-33
-328
-472
151
430
657
579
-364
-211
778
17
-309
452
926
521
-163
-45
16
198
103
-656
38
403
-133
-460
-852
-562
-460
-793
-752
-341
-516
-600
-963
-978
-586
-697
-494
-964
-552
13
-530
-536
-18
53
-373
15
886
844
159
875
974
1096
1981
1194
958
1704
1749
1273
1807
2079
1428
1333
1511
1199
700
1110
710
109
636
363
215
-13
-1026
-948
-1104
-734
-359
-1288
-1029
-921
-945
-1154
-1568
-1201
-1118
-1068
-1234
-2428
-1881
954
3548
4502
1976
-1644
-2991
-1234
728
1724
3731
5013
2772
-1641
-2260
272
531
-1893
-3494
-1611
459
-431
-1928
-3506
-6238
-9043
-9351
-5376
-1963
-2208
-3910
-5685
-6661
-6513
-5177
-3036
-840
-287
236
2218
3260
2941
3525
4929
5929
7424
9921
12323
12206
10168
8124
7147
7559
8107
8186
8435
7240
4144
2393
764
-919
-1883
-2601
-2543
-3041
-4157
-5742
-7397
-9061
-10387
-10190
-8842
-7378
-6749
-6582
-6018
-5772
-5435
-3130
-1063
-272
1096
2989
4099
4093
4689
5217
5831
6527
6421
7017
6659
4299
2554
2899
3910
3878
3287
2213
24
-2195
-2996
-2195
-1601
-1955
-1289
-239
-1629
-5793
-7446
-4746
-2664
-2743
-1823
758
1253
-1940
-4957
-3564
-1260
-1171
-1733
-1170
302
-879
-4235
-6302
-6374
-6385
-6585
-4763
-2782
-3363
-5142
-6834
-7018
-5579
-3948
-1428
1112
2119
2246
3142
3955
4558
6531
8791
11020
12031
12178
12330
11623
10958
10773
12705
15088
13805
10338
6294
3516
1830
584
2210
2498
-158
-3314
-7188
-8685
-8977
-9730
-9573
-9935
-9022
-8561
-9449
-9652
-11222
-11872
-10960
-8527
-4364
-2190
-1741
-1995
-1961
-292
1674
3855
5993
7086
7438
7216
7475
7582
6625
5628
5574
5765
4914
3844
2200
565
-959
-1619
572
1661
128
-815
-446
-637
-4814
-9426
-6986
-1231
742
-420
-978
-96
-1889
-6488
-5967
331
4042
1899
-2208
-2185
-1120
-4240
-7231
-7479
-6411
-6253
-6760
-5464
-4443
-6866
-10012
-9935
-7267
-3851
-1656
-972
-224
-423
-369
2123
5496
8517
10489
12005
12869
12642
12985
12824
13378
14575
16565
20117
19231
14348
7303
2384
3069
3619
5072
5598
797
-4547
-9360
-11683
-10279
-10136
-9944
-11059
-12034
-10664
-11284
-11895
-13301
-14749
-12533
-9012
-5292
-2610
-2651
-3757
-3376
-189
3569
6726
8493
8381
8143
8208
9112
8687
7891
7225
6220
6947
6088
4255
1458
-1795
-1038
915
2488
3680
3105
361
-7471
-14189
-9895
-545
3077
-328
-3412
-3114
-3961
-7762
-7753
-1328
2350
-277
-4402
-2758
255
-3233
-8581
-10522
-8147
-5579
-5229
-4526
-4795
-7846
-10771
-10626
-6581
-2796
-1232
-1251
-1440
509
2719
4947
7265
9467
11134
13029
14698
14785
14440
13882
14485
15752
18561
20985
17650
11066
4687
3183
5866
5718
4331
894
-4233
-7224
-9072
-8327
-8391
-11115
-13059
-14446
-12565
-10308
-10462
-11220
-13873
-14074
-11015
-6943
-4006
-4053
-4344
-3599
-89
4373
6938
7484
5938
6035
8506
10654
11481
10059
7452
5632
5027
5521
5476
4196
4031
3760
3982
6929
6057
-1020
-10430
-15020
-6605
2688
2985
-1435
-7706
-10631
-13053
-13342
-5633
1449
-51
-8319
-12772
-7469
-3728
-6456
-10814
-11381
-8191
-6295
-5529
-5984
-6362
-9477
-11243
-6244
-271
2851
358
-2598
-1355
2587
8393
12307
13967
14066
14069
15350
16284
17735
17898
18095
18889
20559
22735
19121
12170
4332
1116
4570
6448
5901
1435
-5617
-10707
-13106
-10120
-6431
-7237
-10502
-15148
-15931
-13976
-12268
-10004
-10719
-11709
-11073
-8632
-5350
-4797
-4132
-2852
-316
4173
6447
6503
4218
2990
4987
7504
9933
9366
6584
3615
2390
2287
3554
6595
8741
12666
11877
4198
-4216
-11191
-7616
2715
7208
6091
625
-5918
-11306
-15588
-10833
-775
2721
-1909
-10090
-11675
-8264
-9848
-13593
-14327
-11868
-8494
-7957
-9453
-10520
-12430
-13900
-10673
-4269
841
1052
-3532
-5379
-2629
2639
8770
12812
15390
15790
15104
14561
15311
17319
18903
20554
21311
23335
22791
16869
9166
2883
3898
7124
7455
4827
-1923
-8153
-11740
-11696
-8126
-5498
-5128
-8056
-11887
-12470
-11741
-9283
-7809
-7807
-6480
-5732
-4594
-4303
-4212
-3237
-990
3709
6877
7516
6348
3870
2353
2744
5014
6876
6451
3650
153
-415
731
4282
11907
15558
8041
-6184
-14083
-7858
4140
7730
4133
955
-3123
-9440
-14948
-10394
70
1866
-5058
-12858
-10833
-5658
-8085
-12663
-15628
-13607
-10701
-10319
-9622
-9872
-11309
-13481
-11417
-4749
76
-180
-4480
-5182
-425
5764
9842
11391
13096
12896
13328
14555
15863
18062
17447
17470
17689
19986
21381
15838
9597
3135
2400
5474
4091
1215
-4354
-10119
-11466
-9969
-7404
-6923
-8753
-10115
-10803
-7779
-5007
-4391
-4320
-5913
-4014
-199
1870
1768
278
84
2138
6715
10405
10367
8276
3659
1840
3714
6216
8384
5896
1447
-3740
-3366
4606
14954
17207
2994
-14062
-17815
-4994
7444
8316
3764
-1133
-7813
-15352
-14416
-2101
7312
-427
-14219
-17404
-8158
-1420
-7131
-15885
-18437
-15836
-13820
-12157
-10223
-10680
-14518
-17504
-12934
-4262
-962
-3612
-7701
-5974
1575
7795
11008
11140
11836
14216
16770
18796
19798
19573
18665
17119
18611
23623
22871
17549
7918
862
2695
4293
4434
1536
-5282
-10629
-13912
-13049
-9637
-10981
-12703
-15755
-14869
-8384
-6295
-4226
-6357
-9000
-6693
-2585
5269
9191
8361
4858
2355
6546
11380
14988
14832
10812
7952
6443
7350
6861
4203
4403
8990
17686
18076
4188
-11712
-16145
-5567
5768
7992
3466
-2678
-11832
-21070
-19883
-6819
5067
-271
-14519
-21300
-14039
-4524
-5565
-11547
-16021
-16530
-15256
-13899
-11570
-9163
-9940
-12514
-11711
-7342
-3305
-3633
-6587
-5293
786
7412
9458
7922
8965
10916
13869
16812
17937
19524
18367
16257
18988
21831
20932
15469
7226
4892
6495
5969
3097
-2959
-8675
-10793
-10766
-7719
-6730
-9508
-13410
-18957
-16709
-10283
-5103
-2069
-5915
-8649
-8074
-4662
1099
5536
8643
8473
7709
9941
11702
12455
12446
11460
12092
13137
11374
7838
7128
11475
19750
18696
3417
-10643
-10478
2047
8276
5009
2056
-1172
-10343
-22449
-21829
-4361
6897
-4744
-22936
-28815
-19095
-9147
-10489
-14800
-17123
-18564
-18623
-16013
-9588
-5417
-8977
-13011
-11509
-3624
2768
1140
-1724
-717
4058
9626
12449
14415
16563
15778
14488
15456
17687
19419
16764
15420
17297
16845
14730
7707
2487
2163
74
-97
-911
-4721
-8633
-13469
-14830
-13060
-12209
-11172
-12562
-12474
-11816
-12726
-9455
-6979
-4770
-2060
-768
2087
4045
5959
7422
9009
12080
12640
13826
14197
13568
13870
13175
12075
9366
11549
17955
23164
17798
-278
-11785
-6633
6994
10856
3945
-2381
-6207
-12901
-19785
-14641
763
5635
-10087
-26475
-26461
-12956
-4610
-8978
-16093
-20988
-23180
-24090
-20248
-10962
-5326
-8439
-15323
-16574
-9223
-1707
-216
-1826
266
5671
9751
10898
11646
15514
18600
19181
19315
20760
23049
22095
17867
15735
16867
16414
11865
5203
199
-380
0
-2653
-7225
-12603
-15618
-15605
-14266
-13525
-13669
-13504
-15261
-16963
-15633
-11156
-6403
-3441
-1059
485
2619
3805
3888
7764
13353
17522
18797
15301
12629
12933
15290
16657
14983
17734
24157
27100
18022
-251
-9647
-2440
9778
11898
4889
-1901
-7859
-18078
-24988
-17297
226
5595
-10254
-27650
-29935
-19077
-11484
-11701
-12365
-14422
-20357
-27409
-25288
-12647
-2651
-4711
-13648
-16239
-10015
-2959
-870
-887
3304
7476
7412
5858
8678
17012
21368
19970
17983
19169
22607
22074
18717
18452
19472
17668
12883
6205
2038
203
-2597
-5083
-7068
-8852
-11892
-16685
-19538
-20277
-18665
-15969
-14810
-12618
-12861
-15648
-16781
-14060
-5494
2254
6486
7468
5146
3912
5896
11991
20488
24679
22841
18867
16190
15616
16549
20974
26752
30311
23372
7798
-2905
-1552
8358
11623
6879
1242
-4544
-14009
-22800
-20136
-6412
-577
-14139
-28991
-30012
-18536
-11770
-15315
-18267
-20021
-22977
-26760
-24003
-12748
-4518
-7212
-14143
-15067
-8405
-1687
-425
1093
5268
7539
7224
6738
10993
17957
20705
19772
19135
20708
21138
21138
19835
19683
20162
15355
11668
7700
4176
1463
-2039
-3281
-5897
-9206
-12375
-15386
-15142
-16026
-19465
-18317
-17973
-17475
-16436
-17386
-15153
-13443
-8651
-4344
-2167
557
-926
-48
5123
11477
17658
19858
17829
14984
14311
15532
17728
23250
30025
32567
25240
11232
1476
3543
14778
19177
15439
8702
-301
-10317
-18195
-14682
-1477
4896
-8047
-26719
-32576
-23054
-11677
-10418
-14446
-20907
-27951
-32502
-28742
-14192
-2626
-5880
-18577
-25303
-18957
-6714
914
2881
3623
2515
153
639
8297
19735
24048
20341
15876
15470
21625
24214
22263
23453
21857
19575
14996
9953
9920
8521
5124
-7
-3553
-4083
-7868
-12373
-14504
-17774
-17158
-16892
-19248
-18464
-20464
-20984
-20120
-17373
-11603
-8968
-5195
-4764
-5743
-2674
1023
7407
13033
14046
12526
11868
12967
15549
18021
20243
22522
24009
25365
18494
7997
4416
7789
16527
18085
10789
4545
-756
-7963
-12721
-7223
4319
4238
-10861
-24613
-24963
-14290
-8572
-11173
-12465
-15799
-23962
-29395
-24279
-10573
-2115
-6679
-15689
-18072
-13661
-8715
-4744
666
3685
1655
-1005
-627
6252
14641
16516
13836
11705
11833
14867
18931
21472
22138
18443
12670
9081
10605
14478
14000
9137
2507
-2613
-3865
-2769
-2123
-3338
-9440
-15251
-16033
-14356
-12303
-13850
-16793
-19732
-19466
-14489
-9553
-5932
-7143
-9884
-7758
-2380
3787
7980
8422
7483
7169
9062
13098
16051
16851
15223
12179
12358
16539
18384
14903
7918
2912
3186
4652
5835
6158
3296
-3794
-10519
-10331
-4416
-2383
-6365
-11173
-13888
-11867
-9551
-7100
-6489
-11101
-17197
-19421
-13432
-5621
-1894
-3968
-8835
-12542
-12422
-7385
-355
4859
2360
-3887
-6598
-2907
5137
10738
11624
9357
6098
4969
8018
13519
18454
17665
12876
9507
8351
10289
12028
12484
11770
7791
3300
1203
617
520
-954
-3562
-5136
-6795
-8079
-10293
-12854
-14021
-13934
-10794
-8288
-8824
-10390
-11984
-11488
-7287
-1929
2676
4584
3038
1824
1942
5031
9576
12279
13339
8969
3503
2932
6529
13508
14534
7897
573
-3807
-2921
292
3400
4680
416
-9206
-16113
-13282
-2962
2719
-1894
-9398
-12961
-10566
-6441
-2356
1480
821
-6223
-12287
-8852
1627
7414
3813
-2450
-6015
-4654
-2417
413
3937
3142
-1678
-6093
-4997
465
4043
3257
1297
74
592
1240
2789
6729
8798
8524
6810
6263
7711
8574
9449
10237
10039
9424
7255
5258
4247
2400
2703
3301
2108
-667
-3984
-4841
-4983
-5583
-6001
-5910
-5440
-5811
-6790
-5520
-3775
-3483
-3682
-4094
-2189
644
2425
2293
743
248
378
766
1580
2862
3364
604
-4175
-5418
-1871
1343
547
-3512
-7357
-9055
-8638
-5663
-1387
3
-3422
-8015
-9265
-5333
347
3523
3216
713
-992
-365
3296
7231
8847
7240
3713
1592
1506
3806
5923
6010
3281
-1532
-4724
-4583
-2047
-865
-2031
-4281
-6164
-7622
-8468
-6537
-3227
-808
-1278
-2954
-2532
-947
1189
3453
6121
7995
7702
7275
7642
8612
9220
9072
9037
9183
9205
8552
6998
4557
2728
3045
4428
5061
3009
-548
-3122
-3899
-2081
373
1299
-171
-3311
-5893
-6693
-5181
-2682
-1279
-2166
-4082
-5387
-5683
-5524
-6068
-5949
-5265
-5105
-4946
-5508
-6777
-8267
-8689
-6129
-2432
-737
-2133
-5045
-5863
-3651
100
3483
4165
1909
-809
-1014
1910
6062
8409
7863
5568
2088
78
1847
6063
8955
6902
1442
-3000
-3575
-1687
100
982
-225
-3691
-7539
-8304
-5426
-2168
-1637
-3427
-4753
-5073
-4763
-3226
183
3116
3159
2224
2514
4237
5827
5773
6316
7949
8733
8769
7620
6411
5757
5465
5884
5906
5342
4301
2859
1339
217
233
1636
2558
1507
-379
-2420
-3590
-2833
-1122
400
358
-2146
-4687
-5127
-3702
-2265
-2769
-3868
-4257
-4024
-3851
-4987
-5847
-5319
-4966
-4483
-3719
-3064
-2325
-2738
-3751
-3851
-2325
335
1912
1628
-413
-1819
-526
1573
3379
3392
1488
-511
-2146
-1425
996
2671
1851
-2149
-5242
-5091
-2764
-221
-263
-2453
-4470
-5360
-4056
-886
1937
2168
-909
-3999
-3642
876
6218
7590
5681
3144
1998
3408
5754
7815
8536
7566
6165
5636
6343
6341
5239
3956
3179
3347
3651
3752
2597
383
-1789
-2944
-1632
140
648
-251
-2957
-5381
-6087
-4503
-1451
57
-595
-2900
-4869
-5023
-4307
-2816
-1278
-85
261
-735
-2169
-2718
-1542
-8
781
830
838
1100
900
309
-153
55
645
1187
1583
1556
497
-1278
-2241
-2077
-1087
-191
-230
-1026
-2546
-4339
-5395
-4600
-2743
-1870
-2488
-4242
-5933
-6294
-5313
-3623
-2251
-1837
-2086
-2050
-1242
-1152
-1627
-556
2063
4923
5605
4349
3756
4330
5134
5207
6434
8556
8641
6497
3879
3548
5069
6031
5865
5279
4236
1976
181
531
2269
2919
1392
-886
-2225
-1964
-1359
-899
-1046
-2429
-3772
-3997
-3298
-2627
-2418
-2967
-3910
-4301
-3878
-2455
-1090
-871
-1506
-1792
-1214
-512
297
612
550
1036
1683
2062
2225
2524
2219
1048
143
663
2521
3261
1573
-1157
-2901
-3578
-3398
-1697
-407
-1399
-4663
-7939
-8259
-6164
-3775
-2952
-4032
-6346
-8280
-7483
-4322
-1323
-487
-1066
-1599
-1274
-38
1472
3841
5816
6042
5550
5532
6537
7365
7560
7791
8259
8697
7995
6337
4945
4064
4197
5218
5242
3542
1028
-1046
-1778
-1406
-459
361
-130
-2437
-5152
-5834
-4174
-2364
-1455
-1915
-3698
-5027
-5332
-4140
-2274
-1641
-2066
-2978
-3248
-2790
-1919
-870
-629
-449
228
995
1175
735
675
1385
2405
2891
3386
3938
3434
1872
280
329
1847
3197
3206
1611
-674
-2695
-3244
-2048
-782
-973
-2785
-4950
-5984
-5671
-4684
-3898
-4066
-5177
-6164
-5936
-4570
-3050
-2101
-1813
-1895
-1619
-394
1499
3036
3367
3137
3678
5232
6641
6902
6396
5937
5979
6505
7230
7268
6095
4263
2837
3123
4248
4391
3154
958
-927
-1869
-1561
-324
229
-663
-2864
-4737
-4745
-3871
-3086
-2589
-2702
-3517
-4726
-5341
-4604
-3186
-2289
-2306
-2561
-2564
-2525
-2034
-991
-13
546
521
596
1332
2115
2372
2358
2739
3467
3811
3466
2669
2163
2101
2093
2318
2109
846
-928
-2135
-1989
-1370
-1372
-2343
-3874
-5180
-5697
-4951
-3591
-3007
-3702
-4629
-4763
-4147
-3061
-1991
-1067
-523
-461
-248
496
1602
2335
2818
3508
4282
4919
4905
4538
4343
4806
5788
6255
6017
4894
3676
3292
3346
3812
4039
3339
1835
54
-888
-531
212
394
-366
-2039
-3465
-4087
-3561
-2372
-2075
-2495
-3821
-4989
-4947
-4296
-3007
-2751
-3387
-3636
-3488
-2913
-2729
-2204
-1189
-552
-409
-518
305
1514
1805
1692
2428
3978
4734
3935
2524
2154
3141
4170
4342
3699
2265
492
-408
-261
365
297
-1168
-2935
-4017
-3948
-3421
-3275
-3731
-4851
-5465
-5039
-4109
-3114
-2921
-3504
-3680
-3111
-1749
20
873
712
74
-234
840
2715
4289
4645
3789
2975
2638
3044
4090
4843
5146
4596
3241
2417
2417
2920
3531
3360
2380
1396
1018
1197
1304
1046
782
613
414
48
-237
9
-261
-1158
-1330
-1010
-666
-1094
-2319
-2708
-2589
-2676
-2701
-2599
-2414
-2778
-3339
-3278
-2928
-2580
-2316
-1887
-999
-514
-635
-567
-463
-217
351
1044
1830
2078
1734
1174
680
593
736
1185
1420
798
1
-596
-961
-1007
-1047
-930
-796
-1198
-1787
-2004
-1734
-1492
-1405
-1037
-584
-326
-583
-901
-759
-476
41
702
1437
1745
1208
573
35
23
856
2032
3003
2594
1072
-80
-397
254
1341
2164
2318
1311
-48
-575
-190
645
1341
1749
1684
893
182
337
1106
1740
1807
1666
1558
1182
600
305
388
686
996
943
260
-1057
-2152
-1901
-723
42
-329
-1522
-2295
-2289
-1974
-1344
-958
-953
-1181
-1702
-1760
-1350
-826
-590
-1142
-1618
-1200
-266
258
-286
-1099
-1080
-600
-65
548
928
966
324
-326
170
1116
1742
1582
926
849
989
1092
1016
506
307
324
221
60
-437
-891
-1095
-1293
-1319
-1433
-1820
-2087
-2190
-2084
-1890
-1867
-1574
-1290
-1451
-1528
-1194
-184
749
801
676
782
1257
1863
2357
3097
3639
3484
2728
2083
2311
3062
3746
3645
2616
1274
308
426
1153
1524
939
-360
-1328
-1667
-1381
-945
-987
-1277
-1613
-1830
-1887
-1884
-1699
-1502
-1619
-1973
-1830
-847
-57
-384
-1571
-2464
-2203
-1146
42
865
730
-631
-2274
-2523
-895
1298
2340
1719
390
-466
-360
729
2280
3383
3458
2618
1612
1220
1719
2680
3298
3068
2131
1124
628
680
729
484
-45
-783
-1333
-1822
-2266
-2345
-2374
-2460
-2835
-3469
-3606
-3292
-2783
-2329
-2218
-2091
-1903
-1631
-971
-289
246
736
1050
1364
1475
1409
1751
2199
2447
2394
2027
1762
1352
887
796
803
730
352
-171
-473
-894
-1333
-1315
-976
-705
-978
-1418
-1186
-887
-1071
-1415
-1302
-324
285
1
-437
-798
-812
-713
-225
817
998
104
-917
-1072
-7
862
997
937
685
460
287
611
1728
2601
2722
2145
1419
1454
2049
2867
3343
2850
2034
1518
1456
1586
1433
1189
881
391
-85
-494
-751
-986
-1341
-1466
-1398
-1499
-1686
-1924
-2168
-2248
-2087
-1483
-847
-872
-1288
-1471
-1050
-346
20
127
53
-130
-125
86
378
438
121
-246
-501
-664
-649
-567
-696
-1125
-1580
-1718
-1659
-1691
-1694
-1503
-1364
-1519
-1783
-1635
-1080
-669
-518
-484
-440
-255
21
367
559
437
438
751
987
842
480
443
784
1017
1073
1064
912
607
272
499
1414
2116
2038
1297
634
717
1232
1845
2274
2042
1307
584
556
1293
1730
1397
632
-33
-198
18
597
1142
768
-379
-1222
-904
208
924
866
439
5
-144
198
901
1458
1468
1269
1350
1500
1311
914
829
1117
1179
740
212
-35
-262
-929
-1772
-2124
-1857
-1624
-2061
-2982
-3823
-4131
-3845
-3318
-2964
-3174
-3771
-4107
-3892
-3164
-2364
-1885
-1772
-1988
-2022
-1544
-745
21
317
292
237
356
781
1171
1282
1088
937
1102
1398
1560
1349
962
661
858
1543
1899
1660
1053
748
1009
1398
1876
2025
1655
1062
565
883
1573
1880
1576
812
387
200
207
621
1054
1140
543
-143
-162
343
853
923
812
893
1117
1281
1335
1510
1755
1893
1892
1890
2005
2029
1870
1623
1365
1115
822
543
313
-46
-656
-1279
-1610
-1746
-2029
-2619
-3230
-3547
-3622
-3611
-3683
-3870
-4038
-4104
-4075
-3960
-3685
-3175
-2643
-2433
-2424
-2232
-1669
-1005
-590
-273
61
421
727
988
1327
1440
1356
1439
1763
2102
1808
1124
908
1166
1582
1520
902
305
-227
-334
115
562
589
-169
-1123
-1266
-737
7
383
93
-380
-776
-730
-42
687
1073
1000
726
795
1183
1703
2159
2314
2329
2449
2718
3038
3188
3184
3197
3128
2936
2823
2962
3208
3026
2230
1302
787
838
1026
856
296
-545
-1385
-1949
-2165
-2052
-1913
-2094
-2659
-3438
-3921
-3820
-3414
-3000
-2840
-2995
-3259
-3458
-3304
-2774
-2264
-1913
-1662
-1451
-1322
-1383
-1244
-591
182
550
413
156
167
331
552
878
1027
852
424
130
427
891
880
332
-442
-800
-654
-514
-400
-520
-961
-1414
-1652
-968
235
340
-798
-2103
-2372
-1586
-868
-124
904
1485
1369
651
253
987
1816
2116
2173
2514
3515
4286
4334
4120
3783
3678
3724
3575
3838
4486
4890
4588
3456
2386
1604
690
-6
-109
499
1189
863
-377
-1818
-3051
-3795
-4104
-3858
-3221
-2849
-2724
-2608
-2646
-3035
-3796
-4436
-4384
-3780
-2763
-1454
-409
-33
-583
-1586
-1992
-1559
-538
549
1058
1118
1023
964
1207
1323
1023
466
-176
-257
356
1156
1651
1177
-103
-1353
-2123
-2076
-1474
-948
-717
-1080
-1733
-2080
-2150
-2003
-1957
-2012
-1724
-1214
-696
-313
-194
-117
-104
-21
450
1187
1955
2332
2243
2111
2220
2682
3265
3627
3642
3375
3111
3089
3261
3466
3485
3187
2692
2163
1818
1755
1795
1703
1370
799
136
-447
-847
-942
-856
-864
-1112
-1591
-2039
-2268
-2415
-2570
-2628
-2499
-2175
-2048
-2243
-2336
-2186
-1826
-1592
-1619
-1422
-1099
-856
-632
-504
-160
103
56
184
499
957
1108
760
584
715
796
474
-264
-692
-462
-85
145
120
-26
-255
-949
-1769
-2114
-2045
-1858
-1889
-1880
-1318
-883
-913
-1309
-1685
-1413
-1017
-516
189
779
1136
1006
781
939
1288
1590
1883
2291
2841
3162
3049
2753
2468
2275
2203
2275
2394
2325
1920
1503
1346
1335
1240
904
533
241
-118
-372
-370
-188
-128
-530
-991
-1178
-1152
-1186
-1491
-1597
-1316
-959
-1031
-1512
-1832
-1568
-936
-503
-382
-510
-761
-1238
-1788
-1879
-1242
-349
290
316
-53
-288
-568
-590
-446
36
773
1057
887
401
72
-76
-383
-991
-1403
-1255
-558
249
719
821
328
-601
-1655
-2032
-1464
-433
358
410
194
-149
-430
-584
-463
88
492
510
378
616
1328
1859
1827
1524
1193
1002
896
1123
1863
2383
2288
1591
937
741
640
513
390
391
430
267
31
-42
-40
-120
-367
-616
-752
-807
-783
-907
-1041
-946
-576
-193
-219
-563
-940
-986
-761
-590
-389
-161
-59
-249
-517
-465
-221
-38
-157
-217
114
292
48
-386
-387
-8
184
206
83
-18
-209
-611
-741
-409
15
-185
-910
-1202
-1006
-626
-496
-635
-592
-743
-1064
-1320
-1121
-202
288
54
-359
-434
280
734
905
1174
1204
1225
997
1209
1872
2116
2027
1393
949
1342
1988
2533
2147
1102
160
-476
-17
564
827
914
254
-653
-1578
-1451
-592
-506
-820
-1332
-1385
-975
-869
-910
-1063
-874
-826
-1351
-1022
-25
765
541
-258
-372
-32
414
364
207
528
749
861
550
80
536
879
468
-235
-132
543
107
-248
-185
-221
7
-244
-545
-744
-992
-1100
-980
-358
-285
-1473
-2043
-1403
-688
-933
-1736
-1473
-499
-262
-828
-1007
-590
-408
-704
-634
65
1068
1761
1010
-16
461
1588
2142
2163
2355
2254
1422
1200
1864
2239
2192
1657
1093
1053
898
572
272
279
188
-609
-1144
-1108
-1188
-961
-341
-581
-1907
-1851
-789
-1360
-1912
-1178
-229
-294
-613
-615
-642
452
1127
-265
-777
245
662
562
590
1207
1381
1025
515
-301
-30
843
1013
1029
548
227
665
422
-339
-529
272
375
-396
-199
11
-468
-930
-1391
-1366
-680
-370
-1365
-2155
-1301
-695
-1275
-1537
-1485
-1643
-1567
-1123
-621
31
783
138
-1113
-682
408
1109
1224
726
1233
1964
2393
1496
588
1828
2146
1451
819
1240
1454
894
1120
1182
654
342
13
-1365
-1546
-688
-86
-771
-837
-383
-1265
-1067
-1409
-1552
-901
-907
-1147
-1118
-157
370
-404
-93
699
111
-684
-700
271
774
491
701
969
1183
978
172
411
1085
1032
388
398
858
889
1133
923
597
560
255
132
-603
-414
-50
-427
195
131
-220
-1065
-922
-1591
-2548
-552
196
-682
-1120
-588
-972
-1431
-693
-574
-659
239
145
-1342
-549
1640
1496
-373
-168
1468
1214
69
-163
408
1352
1602
975
309
996
1375
-376
-1057
-162
529
249
-449
139
-99
12
-426
-1185
-683
-1000
-1124
-1061
-844
-222
500
382
-530
-1494
-543
-855
-1485
-192
995
1147
412
693
33
-507
312
220
-617
465
1222
708
880
1545
1034
-593
-83
720
43
417
944
1104
876
705
624
10
111
183
-513
-431
450
188
-428
-213
26
-1150
-1502
-749
-725
-776
-207
-38
-818
-649
-426
-923
-296
414
166
-248
191
624
595
451
335
256
954
938
-92
665
1230
973
-375
-559
480
500
222
-248
172
588
108
-1201
-1838
-981
75
-260
-840
-469
-38
-444
-1238
-953
-970
-836
8
117
-210
-332
-125
-437
-748
193
334
150
347
-272
-483
366
823
71
-326
199
42
-169
241
625
831
463
-512
-560
452
811
354
57
760
797
664
138
189
150
623
429
-230
356
721
1042
-156
77
839
549
-585
-650
344
762
426
118
559
498
-21
-371
-250
744
561
-132
223
416
-41
166
720
91
258
30
-644
-385
127
-199
-688
-350
120
-294
-1030
-707
-924
-1379
-1229
-1327
-734
-327
-694
-757
-363
-420
-1318
-1588
-1099
-361
341
408
-340
-20
611
-387
-1298
-385
860
193
-346
402
810
38
-166
9
-504
-110
358
-389
156
1135
454
-1043
-254
1138
-274
-692
573
1150
491
389
262
38
667
890
-43
489
1649
946
-188
138
1345
1183
307
345
585
937
1035
290
485
895
1119
256
-16
541
1314
579
-52
911
654
299
-116
-110
-198
-137
255
-47
-191
453
-88
-1230
-1189
-987
-1141
-1108
-648
-305
-776
-599
-651
-1492
-1363
-1191
-1669
-1341
-136
-66
-443
-359
-398
-1249
-972
-232
-415
-230
171
-56
-244
-486
-96
349
-652
-347
-203
-472
-122
-195
40
-50
-251
-328
-309
-220
-188
-130
-59
-35
65
74
521
714
79
282
351
354
557
680
920
845
853
1041
594
650
1142
920
910
581
861
1235
903
942
656
692
1189
1116
320
687
1169
600
-76
-33
1047
1003
412
473
170
46
-235
-696
-356
228
74
-448
-256
-495
-324
-753
-1146
-1300
-939
-195
-792
-835
-565
-810
-1243
-1151
-1236
-633
-612
-837
-496
-431
38
-689
-1494
-872
-240
-102
-557
-200
288
-155
-648
-951
-403
57
-497
-885
-312
81
111
-285
-634
-318
-466
-406
-510
334
524
-294
16
323
86
-26
1066
421
575
946
467
475
758
1240
881
437
738
1129
1144
1202
1352
649
183
550
783
582
953
1481
756
700
349
-295
213
901
177
-653
272
1100
458
-373
-206
-406
-360
40
-536
-358
-193
-528
-413
-226
-155
-510
-580
-527
-1271
-357
-66
-544
78
-4
-691
-933
-2
598
-350
-590
-61
-265
-354
-107
191
-3
-195
112
-734
-869
51
-474
-762
-326
-45
-722
-1181
45
-477
-1380
-280
244
-769
-1309
-262
-1
-690
-201
447
181
-78
-58
-362
-170
976
592
-245
317
774
485
168
928
816
357
171
132
657
655
1130
1010
360
257
450
607
588
270
688
944
313
644
607
656
459
-556
117
550
606
565
-29
305
208
-562
-471
52
191
-152
-770
-432
-72
-44
-186
-487
-494
-305
-880
-1206
90
366
-432
-512
161
-334
-748
30
298
-496
-661
205
1
38
164
-343
-24
32
-119
-843
-670
532
-22
-518
-404
-276
41
-407
-644
-622
-47
304
-733
-600
-249
-43
-128
-298
-31
202
-170
-464
-289
3
439
-135
380
644
343
292
-50
221
458
645
452
763
1040
793
168
483
1087
594
220
434
915
327
680
558
296
257
34
-181
-406
330
269
-363
-402
95
-389
-697
-476
-597
-545
-221
-93
-540
-181
-72
-466
-820
-518
411
191
235
-458
-378
780
463
-512
-82
574
576
-415
-296
491
-41
-21
-61
-198
-67
368
-645
-600
-56
-330
-659
-321
397
-432
-729
76
-61
-410
-60
-136
-631
-54
206
-228
257
338
48
-771
-83
339
-382
-160
248
591
-132
-429
87
350
151
-71
-269
416
663
-80
239
574
657
-122
237
831
-5
390
648
762
456
18
721
269
-20
538
271
193
449
293
102
-181
417
-106
-706
441
556
-254
-791
142
150
-509
-391
-437
86
75
-659
-452
-260
-89
-525
-627
-161
-467
-5
-531
-591
99
-412
-471
-343
-167
31
-697
-179
11
-216
350
-433
-216
-184
2
303
-253
276
181
73
457
-299
-318
472
183
-30
30
441
99
-170
420
-300
-208
161
252
332
-222
149
351
-93
-135
182
10
210
436
276
101
48
351
-60
-95
563
468
-152
168
595
117
-191
41
154
-104
402
373
-495
142
528
-124
-537
79
100
-260
421
260
-230
-8
293
-382
-129
136
-54
-86
113
395
-243
-333
-102
45
-84
-475
-331
148
31
31
-643
-618
81
-22
-414
-688
-312
424
-75
-713
-387
228
116
-624
-145
136
79
218
-5
-276
27
267
195
-385
89
438
-12
-79
132
405
-259
-174
470
-26
-524
391
584
-244
-169
269
179
-405
64
373
-164
165
103
-207
638
697
-506
-511
633
687
-489
-171
1089
356
-15
454
-212
89
474
426
-39
-150
804
439
-250
235
50
-90
640
-129
-323
-88
418
475
-1192
-362
809
-429
-875
-538
4
-3
-1142
-583
-348
-591
-270
-906
-692
-94
-568
-857
-486
-50
17
-484
-281
-86
87
12
49
567
-85
-47
533
334
38
122
775
532
-406
-158
272
354
218
-196
105
278
-123
-250
-198
377
617
-186
-282
288
318
167
226
642
325
-84
579
259
278
660
643
290
-180
464
522
324
54
120
76
290
3
-116
528
-219
-28
-330
-162
334
83
-86
-225
205
-123
-47
328
29
-399
-61
153
-148
102
50
-196
-202
-184
-882
-339
481
-590
-1081
-501
-8
-623
-823
-128
-448
-1092
-492
-638
-341
72
-548
-692
-213
320
-775
-541
287
-59
-547
-240
494
232
-90
-428
97
366
323
-5
-309
367
414
219
139
451
677
0
-86
670
328
514
681
-1
572
485
714
575
-131
367
596
659
566
-112
329
737
-216
350
223
146
681
-106
-390
24
757
403
-595
-402
455
248
17
-132
-397
620
269
-640
-135
73
383
14
-665
0
36
-22
-1
-782
-159
-31
-415
-290
-774
-78
-260
-829
-205
-571
-517
-442
-466
-250
-875
-275
108
-769
-454
-110
-221
-103
-620
-320
443
-69
-435
-374
390
520
-601
-249
363
508
195
-486
33
592
548
-99
-256
597
552
-105
-101
329
543
428
43
-70
294
657
409
-302
87
812
487
-244
-24
495
700
336
-522
194
744
422
-174
-222
332
489
369
-459
51
703
33
-535
-27
637
-49
-597
-46
497
-21
-390
-406
194
217
-746
-561
211
599
-584
-770
145
-1
-343
-334
74
-482
-503
55
30
-124
-370
-299
-145
-46
-363
-395
88
215
-531
-545
438
284
-530
-545
293
258
-430
-167
169
446
267
-388
-153
252
692
-8
-440
534
847
156
-397
184
572
453
427
-151
-725
541
1088
93
-735
37
1086
-301
-1047
19
835
343
-544
-698
306
279
-463
-359
-283
162
38
-628
-327
710
391
-590
-963
88
408
-426
-75
139
317
337
-57
-824
-329
786
366
-803
-768
942
1080
-395
-565
395
265
-632
-603
81
615
454
-168
-283
256
469
-446
-736
138
313
-54
136
365
306
267
-416
-543
209
542
-3
-398
407
491
418
74
-366
138
-24
122
-165
183
950
188
-288
-58
35
223
-9
-223
590
-152
-242
443
560
-151
-1053
-143
320
158
-243
-195
80
186
-541
-830
133
-244
-65
-122
-479
-115
-209
-67
-26
-415
-630
-46
100
289
-689
-514
603
490
-220
-885
271
572
-104
-766
18
906
243
-690
23
824
16
-613
-610
483
627
-329
-156
282
571
-498
-503
-43
20
618
-290
-39
254
396
440
-506
-512
348
250
-25
125
520
993
-142
-315
392
261
99
-147
433
747
10
218
539
431
202
-401
-171
523
618
-244
-271
927
667
-586
-353
287
16
-289
-412
55
-2
-10
396
-601
-697
84
-169
-707
-633
-323
196
-97
-604
-583
-105
162
-848
-1126
-86
674
-252
-852
-269
604
5
-927
-645
323
683
-424
-580
4
833
-103
-1176
35
601
456
-246
-718
448
967
-605
-848
173
805
120
-300
590
69
340
145
-731
-153
691
603
-444
116
1102
552
-405
-214
191
393
409
-557
181
1290
835
-317
-235
570
457
201
-720
-122
1206
816
-125
-116
847
486
-585
-274
-48
328
605
-335
-57
424
528
-78
-804
-309
102
-359
-296
74
-242
339
-50
-470
-716
-183
42
-1029
-194
-161
-645
125
499
-554
-1090
-79
-19
-894
-576
278
-335
-474
195
-151
-418
-191
-341
-191
-185
-145
-377
-13
744
-390
-542
125
437
197
-574
-48
341
218
80
-269
483
920
-514
-707
783
965
-307
-635
750
692
-227
107
281
441
404
-363
-248
957
745
-210
246
490
-36
309
629
-22
658
465
74
305
532
824
-205
-30
454
396
460
300
-489
605
1025
-562
-631
26
496
-197
-697
-60
687
85
-762
-843
-316
115
-510
-809
-588
-218
93
-455
-347
-353
-1223
-817
-345
-620
-489
125
-432
-306
127
-1072
-709
492
-892
-1393
383
892
-131
-584
854
454
-1271
-767
361
816
672
-761
39
2035
624
-936
-976
918
1581
-394
-904
681
1800
487
-1155
-713
1511
1209
-975
-1416
662
1917
-13
-1220
-437
1512
606
-1147
-450
647
1014
-447
-951
571
1269
-43
-463
11
192
427
83
234
156
135
719
66
-226
629
90
-129
341
455
390
-232
270
215
-588
55
536
127
-283
-144
381
-426
-538
245
-562
-502
174
157
-193
-559
-404
-131
-486
-911
-143
213
-358
-584
-140
-216
-618
-242
-354
-780
-210
407
-358
-677
64
205
-222
-120
-112
-457
-45
479
-313
-515
665
427
-14
124
-103
-505
-97
253
-111
-21
322
503
114
-100
-332
-188
-80
63
123
-237
723
811
-241
-117
95
-211
-57
94
510
665
67
343
511
275
-48
-108
639
271
-48
741
730
263
163
138
382
252
-83
197
10
671
686
-544
218
574
-10
-344
-439
158
372
216
138
-120
-35
91
-511
-567
-198
5
274
174
-218
-374
-90
-438
-887
-485
-30
-129
-277
63
-154
-648
-518
-544
-723
-622
-275
55
-241
-413
-123
-330
-681
-570
-445
-335
-216
48
97
-218
-109
-30
-42
-285
-411
405
431
-210
484
649
15
175
366
240
-44
586
857
22
515
846
244
338
296
350
550
195
282
610
671
449
-168
-40
651
221
-433
128
857
449
-454
-301
163
119
8
-303
-121
545
210
-722
-350
364
-209
-394
-37
-370
-161
408
-94
-686
-392
-105
-146
-225
-500
-440
212
168
-907
-849
330
288
-672
-869
-253
169
-195
-888
-527
497
350
-647
-740
-61
60
-134
-490
-251
831
339
-702
-113
592
472
-21
-265
54
555
757
466
385
443
170
310
439
197
494
803
487
318
228
191
620
402
-124
-64
207
452
0
-261
169
182
-195
-421
-150
84
-329
-680
-197
226
-313
-620
-42
241
-256
-648
-324
10
-67
-230
-154
306
472
26
-568
-389
321
117
-271
-9
257
317
159
-236
-367
-8
66
-328
-508
-35
416
196
-228
-351
-267
-307
-270
-251
-334
-169
-3
-64
-107
-121
-276
-409
-364
-210
-249
-249
325
475
-232
-290
191
118
-201
-211
136
345
515
514
54
351
777
180
-285
90
866
875
208
428
952
695
316
133
140
441
593
270
-66
442
867
116
-355
-66
-25
-172
-221
-229
-148
-45
-268
-391
-93
-219
-531
-424
-323
-258
-293
-382
-97
158
-230
-577
-52
254
-365
-570
-15
221
1
-206
-58
281
64
-511
-410
135
44
-339
-236
8
18
-152
-467
-525
-245
-109
-305
-541
-247
191
-92
-720
-608
135
204
-438
-449
268
490
-64
-509
-97
643
339
-335
160
866
668
77
-70
419
633
328
130
414
894
629
237
420
394
409
452
101
252
686
542
265
368
437
65
-11
111
-199
-84
269
106
80
137
-108
-246
-372
-554
-447
-209
-81
-15
15
-73
-303
-405
-442
-655
-544
-88
88
20
-50
-29
-23
-364
-741
-610
-156
93
-39
-25
262
182
-376
-690
-455
-397
-368
7
95
91
204
-36
-436
-529
-409
-416
-164
199
113
272
429
-37
-253
-156
-191
-47
193
283
425
663
468
-35
52
207
-10
165
375
444
703
587
181
58
264
308
-33
9
480
694
332
-114
144
369
-79
-300
-95
182
294
-56
-266
34
143
-230
-433
-120
24
-134
-162
-174
-71
10
-242
-190
41
-135
-202
-77
-88
-101
-63
-78
-72
61
-70
-244
45
6
-287
-114
53
-1
-87
-135
-102
-64
-61
-277
-314
83
83
-257
-303
-83
102
-162
-376
-111
121
146
-126
-273
39
148
116
-19
-106
360
502
16
-127
173
326
162
106
247
294
451
386
-131
-28
336
104
-5
66
212
365
174
-66
-171
37
125
-238
-251
8
163
62
-317
-173
102
-198
-349
-205
-121
-70
-73
-79
-72
12
-10
-214
-116
13
-118
-114
-10
121
203
93
34
71
48
-44
-96
-33
96
264
227
14
63
167
-4
-193
-174
-12
96
118
30
-59
86
5
-327
-283
-34
-26
-86
15
45
-43
-43
-93
-216
-149
-30
-8
4
47
134
95
-30
-46
-17
51
67
35
82
158
174
46
6
149
65
-85
32
108
43
50
85
49
-20
-30
-28
-77
-47
-63
-148
15
112
-93
-105
40
-9
-175
-194
0
58
-48
7
106
93
35
-55
-37
17
-45
-32
49
148
155
40
66
48
-68
-76
-81
-5
74
54
117
129
71
-41
-133
-79
-127
-134
-3
42
76
59
22
-3
-86
-61
-80
-130
35
98
53
49
57
83
-78
-159
-53
2
53
26
76
154
34
-47
-116
-149
-48
-18
-5
52
123
139
6
-67
-85
-110
-40
-35
-27
79
104
41
-29
-51
-52
-23
10
-17
29
99
80
3
-59
14
31
-32
-27
2
69
29
-55
-22
-6
-10
-44
-32
44
12
-24
-7
11
-5
-38
11
46
47
-1
-22
30
2
-32
-47
10
73
5
7
21
15
20
-52
-42
-2
13
12
-18
40
50
5
-2
-35
-15
1
-28
-4
33
33
44
22
-15
-13
-24
-28
-43
-20
41
15
24
22
-21
2
-55
-64
6
-9
11
31
25
31
-21
-35
-11
-26
-25
-30
3
46
-11
-21
-5
-39
-21
-37
-45
0
-14
-24
-29
-33
-16
-33
-23
7
-14
10
21
4
19
2
32
46
27
70
78
63
51
37
46
20
13
42
38
40
15
-10
-4
-13
-19
-45
-42
-3
-12
-39
-42
-34
-31
-49
-57
-38
-17
-8
-2
12
15
16
30
18
-1
32
51
32
45
69
62
38
20
13
3
8
6
0
0
-8
7
10
-34
-36
-12
-11
-25
-26
1
-10
-33
-28
-28
-14
-28
-47
-7
-11
-27
-19
-36
-29
-25
-38
-29
-16
-18
-36
-31
-10
-30
-39
2
14
10
16
22
50
48
-2
3
57
38
15
33
62
73
28
2
12
14
3
-19
1
26
20
15
-9
-21
-10
-48
-65
-30
-8
3
3
7
12
-1
-25
-38
-30
-18
3
24
32
38
47
46
17
-2
22
32
38
40
44
62
47
28
21
18
14
-12
-9
1
-16
-16
-29
-37
-25
-24
-24
-35
-36
-28
-36
-33
-41
-41
-22
-33
-41
-34
-40
-42
-45
-46
-40
-35
-38
-37
-15
-16
-25
-8
12
15
-3
4
30
28
17
20
44
45
18
9
15
22
13
0
22
42
38
26
30
31
15
2
-4
10
21
13
11
12
8
17
15
3
9
17
19
6
19
33
19
18
11
14
25
6
10
22
15
25
13
4
13
2
5
-3
-11
4
-2
-7
-12
-26
-23
-29
-27
-27
-34
-19
-28
-35
-22
-26
-29
-32
-39
-28
-22
-23
-18
-22
-13
-11
-15
-9
-11
-1
8
-8
-10
7
3
4
-2
-4
13
6
3
6
4
20
18
13
19
16
19
11
9
18
11
11
1
1
5
-9
-8
-4
0
-4
-3
11
7
1
-4
-4
5
3
3
7
15
13
-1
4
-3
-7
1
0
5
-3
2
7
3
7
2
16
22
13
21
28
25
9
-6
1
4
3
1
0
7
8
5
5
7
7
2
-11
-9
1
-7
-11
-10
-11
-14
-21
-21
-16
-23
-28
-27
-25
-21
-22
-20
-14
-14
-18
-17
-3
-4
-11
-13
-9
-3
-5
0
2
0
8
-2
-11
-8
-4
1
-5
-8
1
2
2
1
1
15
11
-7
1
9
19
19
7
19
17
9
17
19
30
28
13
15
22
19
11
-5
3
10
0
4
5
6
2
-6
-4
-2
-6
-4
0
1
0
-5
1
3
-4
-1
1
5
7
3
12
13
6
1
-8
-3
-1
-10
-5
0
-3
-9
-18
-17
-14
-20
-25
-17
-9
-15
-21
-21
-16
-13
-10
-8
-8
-7
-7
0
-3
-6
5
1
4
5
4
13
7
4
0
-1
9
11
6
6
12
11
5
6
11
7
6
5
3
3
-2
4
5
-6
3
5
6
11
7
20
20
7
7
8
12
19
13
8
17
10
2
3
6
3
-6
-7
1
2
0
-6
-9
-8
-12
-19
-17
-7
-7
-12
-6
-12
-20
-18
-24
-17
-1
-18
-19
-7
-7
6
7
4
3
-8
-10
-5
-1
-4
-13
-8
-4
-12
-12
-12
-7
0
-9
-2
1
-1
0
-6
2
4
0
6
8
3
10
17
21
18
14
22
21
17
23
23
13
9
6
10
14
15
14
11
16
21
20
12
9
12
8
4
8
9
5
-3
-4
0
0
-5
-8
-3
-1
-4
-6
-9
-6
-15
-22
-21
-29
-28
-25
-19
-15
-22
-29
-37
-40
-35
-34
-32
-25
-24
-24
-21
-23
-19
-12
-8
2
5
8
8
12
18
16
16
16
17
21
21
21
24
23
15
17
12
9
8
7
14
6
5
7
1
10
9
2
15
16
17
29
27
30
34
27
26
25
24
24
18
17
18
15
14
14
8
13
13
10
12
15
18
10
2
-6
-4
-4
-15
-19
-27
-20
-18
-31
-28
-29
-28
-36
-58
-44
-42
-54
-54
-73
-58
-46
-65
-61
-64
-56
-51
-67
-49
-36
-36
-21
-24
-10
4
-2
9
12
18
32
27
38
48
47
52
42
50
52
35
40
36
33
38
29
29
26
24
32
18
18
24
19
26
20
10
10
8
15
13
9
25
19
14
12
4
12
8
3
8
5
5
-1
-8
3
0
-7
-3
-11
-8
-10
-20
-17
-21
-21
-14
-24
-19
-18
-26
-20
-25
-30
-20
-23
-24
-22
-27
-21
-18
-23
-23
-20
-20
-26
-29
-24
-20
-20
-13
-10
-15
-12
-15
-6
-3
-4
6
3
15
31
19
27
29
21
38
31
34
38
17
25
25
17
29
12
11
19
-1
7
5
-4
7
1
5
9
3
14
3
-4
13
2
3
4
-7
3
2
-2
0
-4
5
12
3
9
9
0
-1
-4
-3
-3
-9
-10
-14
-12
-3
-8
-9
-8
-13
-9
-6
-14
-18
-13
-18
-15
-12
-18
-14
-17
-21
-17
-15
-14
-12
-12
-13
-13
-11
-7
0
2
0
7
6
7
18
23
21
17
19
20
16
11
11
6
5
7
2
8
10
5
13
11
6
6
-2
2
3
0
5
-6
-9
-2
-2
5
7
1
4
8
2
5
7
2
2
-1
-4
-6
-7
-2
0
6
8
5
1
0
0
0
2
5
3
-6
-4
-2
-6
-4
-7
-11
-5
-7
-6
0
-5
-5
-11
-13
-5
-8
-3
6
-4
-8
-12
-14
-9
-15
-11
-4
-6
-4
-3
4
7
1
4
4
2
7
6
8
