-7
-8
-6
-5
-6
-1
-5
-7
-6
5
16
15
16
13
9
5
3
6
9
6
5
10
16
17
7
8
10
15
16
16
19
10
6
7
-1
-7
-11
-15
-9
-8
-12
-16
-17
-10
-9
-7
-9
-8
-1
-2
3
2
2
9
15
14
7
10
8
2
-2
-10
-16
-24
-28
-27
-22
-14
-4
-5
-17
-25
-22
-8
-5
-2
1
-10
-10
-5
11
29
38
58
64
61
54
40
34
36
36
33
19
-1
-24
-35
-41
-24
2
16
16
2
-8
-7
6
35
53
55
49
28
9
-2
-7
-4
-5
-21
-45
-72
-83
-76
-63
-46
-39
-47
-55
-56
-56
-52
-41
-33
-31
-31
-37
-49
-47
-31
-15
4
19
20
22
28
30
42
57
70
73
62
50
37
22
19
10
7
14
13
9
-4
-13
-11
-11
3
17
16
10
-6
-16
-22
-18
-3
2
4
-14
-28
-35
-31
-6
21
37
34
29
22
16
26
47
62
64
57
38
17
5
13
31
39
29
8
-17
-25
-11
3
13
14
-3
-25
-44
-46
-38
-18
-7
-3
-7
-19
-26
-35
-25
-13
-3
1
-10
-22
-42
-46
-39
-30
-17
-15
-20
-35
-46
-42
-33
-21
-12
-12
-20
-29
-36
-32
-17
-5
8
18
19
18
17
18
21
28
31
43
50
45
40
39
44
48
55
54
44
34
26
26
33
28
31
24
2
-14
-24
-14
-4
2
8
-4
-23
-40
-41
-36
-28
-13
-11
-10
-17
-29
-29
-28
-22
-22
-20
-22
-27
-30
-38
-32
-30
-15
-3
1
0
-10
-5
1
7
18
21
17
11
9
14
19
23
25
27
25
19
19
23
28
31
30
16
10
2
-8
2
6
8
2
-9
-12
-21
-15
-15
-7
3
2
7
-10
-14
-21
-16
-1
-4
-7
-10
-5
-7
-1
9
9
21
8
4
3
0
10
13
26
14
4
-12
-25
-16
-13
1
3
-3
-12
-27
-28
-31
-10
-4
-8
-5
-22
-20
-26
-21
-4
5
23
13
5
-2
-3
14
24
43
47
46
42
29
18
11
23
25
34
38
21
6
-11
-22
-21
-15
-13
-9
-8
-18
-17
-22
-24
-20
-23
-16
-17
-23
-28
-29
-21
-11
6
6
2
-6
-16
-11
-2
8
10
14
5
-4
-6
-10
-6
-6
4
7
5
9
7
10
9
12
20
19
18
16
17
16
11
15
17
15
15
4
-9
-16
-19
-15
-21
-29
-35
-44
-45
-31
-21
-15
-15
-30
-37
-36
-25
-8
5
11
3
5
9
14
34
44
58
65
54
56
50
55
68
54
57
31
21
25
17
47
37
45
37
10
13
-19
-3
-12
-21
2
-19
14
-8
-25
-24
-66
-36
-44
-22
-8
-32
-24
-72
-60
-53
-44
-8
-35
-25
-62
-83
-68
-74
-42
-44
-65
-79
-90
-87
-45
-3
6
29
3
-18
-13
-40
14
24
21
47
-17
-5
-24
-29
27
10
47
35
15
16
-10
19
29
85
98
93
85
34
59
66
99
148
116
113
70
13
54
33
85
124
62
107
9
-6
9
-45
66
-1
18
-3
-100
-32
-122
-33
-31
-52
25
-88
-18
-85
-83
-33
-95
5
-49
-4
-18
-75
-23
-76
-2
-13
2
42
2
56
8
33
25
-7
34
-4
33
0
-19
-33
-81
-54
-76
-38
-79
-96
-125
-159
-125
-176
-118
-158
-138
-120
-162
-90
-139
-66
-78
-62
5
-47
61
18
73
115
79
174
99
165
157
161
239
172
229
158
136
137
106
162
131
145
95
59
44
24
70
61
83
56
44
35
23
65
49
69
23
-15
-36
-79
-43
-47
-13
-17
-88
-108
-146
-162
-139
-108
-98
-98
-110
-158
-138
-147
-146
-104
-120
-97
-109
-126
-109
-124
-87
-60
-30
23
42
71
89
118
124
136
142
102
112
91
66
70
29
31
-8
-21
-14
-54
4
-1
-2
34
-8
3
17
4
3
24
0
5
14
-57
-43
-45
-24
9
12
49
59
93
66
63
74
63
92
68
50
29
6
-41
-49
-8
-41
-34
-26
-78
-67
-30
-59
4
-5
-65
-47
-79
-44
-38
12
48
17
52
-11
19
66
69
98
100
108
66
56
4
-23
-7
7
28
15
10
-46
-83
-113
-109
-64
-49
-8
-50
-62
-72
-115
-86
-101
-86
-84
-63
-17
-23
10
-33
-60
-28
-23
31
43
57
76
54
86
58
64
79
48
63
37
68
79
78
105
35
31
29
18
63
52
68
67
52
34
-13
36
22
18
42
-12
0
-24
-8
13
-7
20
-54
-62
-61
-143
-93
-82
-98
-45
-61
-82
-99
-124
-119
-114
-42
-15
-14
36
-24
-50
-28
-4
38
81
121
69
59
43
16
64
45
58
21
9
32
-36
28
47
35
59
9
9
-33
-27
26
22
94
89
46
57
2
-5
14
60
62
30
63
-32
-41
-89
-98
-38
-95
-22
-109
-79
-92
-181
-59
-129
-76
-83
-102
-70
-103
-2
-59
15
30
-36
12
-23
19
5
86
121
70
130
38
20
56
46
101
156
195
170
136
98
61
61
50
67
116
95
89
72
40
61
39
8
-20
14
-47
-104
-23
-34
4
7
8
-2
-47
-76
-158
-71
-39
-48
-48
-40
-30
-132
-126
-143
-74
-53
-100
10
-67
-83
-98
-175
-57
-58
-53
-42
-63
-21
-113
-89
-43
-42
38
-5
-22
-33
-56
-64
-57
30
36
71
69
-37
18
-25
-53
53
92
133
98
79
31
-4
37
10
97
168
127
96
87
18
-66
-21
-24
26
70
62
66
39
35
-78
-38
10
-3
102
73
151
115
64
24
-56
83
71
171
194
171
204
38
34
-40
34
120
68
145
119
110
-88
-170
-81
-94
-55
-19
14
-31
-120
-328
-305
-239
-260
-184
-130
5
-145
-150
-201
-271
-202
-331
-140
-121
11
21
-28
96
-134
-76
-194
-169
-112
-132
60
49
208
91
19
-9
-208
-178
-177
-21
84
168
215
97
77
-80
-117
-7
-21
100
154
160
192
91
161
88
165
140
-46
144
-59
148
226
203
463
201
295
-75
7
88
-125
452
109
400
424
45
251
-33
206
-125
44
215
-129
328
-16
43
213
-78
-75
-159
-77
-186
-23
119
-36
60
-56
-350
-299
-295
-334
-21
-29
92
90
-14
-168
-402
-128
-301
-121
-11
62
170
-114
79
-287
-88
-153
-315
31
-248
92
-223
14
165
-293
156
-227
-183
-179
-236
91
-109
267
-6
-141
136
-393
-146
-3
92
233
116
293
-200
34
-120
-281
328
46
355
71
36
30
-366
58
-173
229
316
136
210
100
137
-162
96
-11
215
303
-7
379
129
200
174
-68
179
143
-68
178
351
55
263
73
-5
125
-18
18
31
295
-84
-134
-138
-116
-164
-206
256
-228
302
-142
-483
8
-583
-133
-348
38
126
-238
-96
-482
-135
-510
-266
-144
-159
382
-298
-92
77
-128
103
-89
140
112
-48
40
-202
73
257
-62
228
235
-98
-246
-277
-71
-40
224
266
319
442
34
-235
-345
26
21
-4
493
305
256
210
-321
-275
79
-61
143
418
357
179
69
-130
-205
-116
-22
137
172
371
-101
-171
34
-437
-48
-187
-122
193
-90
100
-131
4
-2
-101
-40
-174
38
-134
143
201
145
332
-48
-5
-128
-226
-149
-98
337
159
139
163
-308
-59
-371
-430
-72
-23
260
-91
148
-59
-350
-42
-509
-42
-33
84
273
-131
279
-240
-112
181
-127
142
39
300
72
178
113
-281
371
81
164
42
-136
243
-207
288
-19
-77
342
-208
97
-251
-243
-25
-102
326
102
195
-181
-133
-5
-554
221
-41
315
605
-20
187
-383
-13
-129
-123
426
-66
272
68
-217
-123
-349
-106
-185
-10
-50
-340
50
-332
-7
-91
-410
222
-229
156
-110
-249
116
-203
341
-190
25
166
-142
187
-217
69
32
99
121
-35
179
-195
158
-10
-107
262
-206
149
245
79
-32
-53
109
-142
307
82
117
402
125
80
-92
209
-253
316
411
4
570
-100
167
20
-108
-130
-199
268
-34
345
99
-130
-69
-310
-283
-276
49
-305
137
161
-441
116
-431
-50
-224
-344
-1
-717
332
-86
-2
167
-421
231
-352
121
-46
-135
462
-171
162
176
-4
120
14
60
63
100
10
58
146
184
-60
-57
138
178
168
-355
-23
-123
37
7
-1
225
-308
146
-371
-72
129
-359
-36
-308
69
-191
-203
-54
-282
33
-425
-202
70
20
-41
-192
-4
155
201
-9
168
298
85
99
146
532
360
278
298
-74
547
85
44
280
275
416
-282
84
27
114
201
24
140
-10
-177
-300
-88
-78
93
176
235
16
8
-277
-357
-183
-55
212
41
219
-170
-133
-222
-447
-121
-215
63
14
-148
-214
-314
-30
-438
-257
84
-150
-181
-272
-106
-304
-130
-74
-330
177
-122
-117
31
-400
-10
-84
225
-3
-38
564
-126
333
332
-205
-52
-11
154
35
809
420
104
580
-21
397
-319
-386
515
470
508
-117
408
41
-297
-74
-280
476
-199
113
85
-188
32
-654
259
-35
-256
275
-662
-99
163
-276
-406
-124
394
66
124
-320
-77
-110
-562
-34
-60
281
325
-124
282
-231
-82
-62
-323
420
55
-220
43
140
129
-78
-129
54
112
280
-14
-165
165
168
-122
-313
30
-224
221
573
-139
329
220
-446
-450
-206
46
10
280
825
341
-185
-573
-491
66
-468
-164
431
765
653
-115
-265
-837
-399
-138
25
732
217
-76
-90
243
53
-772
-133
434
98
-50
-549
199
627
-87
-31
-83
291
-80
-428
-135
-164
215
164
378
457
-1
-444
-488
100
-54
-362
-378
111
746
697
1
-562
57
-220
-424
-73
-236
245
96
513
323
-237
38
-359
-121
-231
-137
271
602
331
-241
-197
-709
163
529
-177
233
-125
-42
-123
-377
-91
-45
551
604
204
62
-472
-487
-119
-518
-522
63
406
854
833
503
-65
-718
-690
-585
-295
-49
-26
272
349
349
639
594
527
-302
-1067
-767
-590
-7
269
271
439
-109
355
525
131
-55
-739
-344
-175
-123
70
133
536
156
-7
-27
-146
-206
-171
280
285
263
270
-167
-167
-104
-378
-103
117
329
272
129
91
-565
-286
-58
-133
232
165
55
-355
-441
-327
-181
211
5
54
280
-61
-300
-299
-185
-4
-1
262
611
474
140
-137
31
-98
-179
115
-11
328
-3
-157
278
-64
234
140
-99
22
-256
-240
-86
238
293
-41
-69
-149
-259
-122
-24
120
240
152
-11
84
297
174
93
-7
-218
-77
-5
-23
203
330
362
211
-71
-193
-296
-299
-180
-148
-123
-18
98
117
-19
-148
-403
-524
-354
-191
-79
-275
-244
-183
-245
-82
-158
64
140
-154
-186
-170
66
279
368
460
312
141
145
96
160
248
170
280
336
256
106
-72
-103
-141
-63
65
36
-4
-199
-193
-76
-307
-264
-118
-36
28
-11
108
133
100
51
8
13
0
25
87
200
314
271
98
71
92
71
69
103
54
7
-54
-107
34
-31
-109
-108
-130
45
122
143
133
-30
-77
-105
-125
-55
-33
80
82
-39
27
-4
-17
20
-84
-113
-164
-201
-175
-97
16
5
-41
-88
-32
4
-71
-166
-264
-256
-262
-259
-163
-126
-146
-161
-272
-301
-302
-386
-243
-25
188
346
429
424
450
552
639
865
764
690
572
448
807
766
754
716
471
420
34
-249
-475
-832
-1108
-1396
-1426
-1233
-1081
-1130
-1182
-1254
-1179
-1034
-975
-789
-859
-900
-805
-567
-141
68
275
471
824
1207
1436
1688
1674
1628
1519
1338
1305
1186
1090
1014
954
991
912
743
673
538
456
350
130
40
-78
-115
-228
-230
-184
-162
116
274
471
370
282
270
140
221
15
29
-72
-511
-810
-1077
-1034
-1054
-1163
-1209
-1324
-1337
-1297
-1365
-1345
-1259
-1112
-933
-1109
-1306
-1272
-833
-273
37
135
92
172
174
165
-128
-506
-784
-1008
-803
-447
188
733
1093
1493
2332
3560
4309
4391
3499
2702
1985
1101
158
-1247
-2198
-3077
-3298
-2855
-2161
-1511
-1684
-1874
-2058
-1608
-1395
-1652
-2058
-2771
-2708
-2646
-2058
-1264
-581
187
732
1838
3064
4132
4372
4091
3650
3296
3256
2980
2898
2442
2052
1978
2069
2419
2150
1466
714
131
-113
-220
-581
-1032
-1675
-2191
-2126
-2024
-1665
-1627
-1597
-1342
-1052
-395
-90
11
-440
-907
-948
-825
-491
-560
-572
-627
-629
-308
169
751
890
456
-9
-17
33
-133
-846
-1446
-1453
-1456
-1205
-1021
-730
-463
-486
-237
148
437
242
-324
-663
-602
-237
29
81
99
92
321
531
741
851
630
572
482
697
586
311
118
-241
-125
-564
-473
-364
-583
-519
-1100
-962
-985
-1027
-727
-371
601
1445
2216
2559
3463
4710
5911
6218
4827
3731
2094
567
-1333
-3583
-4583
-5890
-6429
-6354
-5280
-3567
-2868
-2520
-2399
-1343
-434
144
310
-236
-389
-997
-640
338
1177
1894
1794
2264
3170
4029
4139
3513
2522
1684
1346
895
1003
668
343
263
199
1033
1448
1523
1025
333
94
-35
-145
-620
-950
-1106
-561
237
804
1058
535
-110
-848
-1354
-1754
-2409
-3261
-3701
-3332
-2613
-1741
-1394
-897
-375
-120
438
848
1475
1532
834
296
211
542
552
25
-580
-670
-617
-528
-722
-1102
-1219
-1325
-903
-297
521
1063
1024
886
768
1297
1508
1248
572
-41
184
442
801
823
691
649
498
591
579
226
-708
-1855
-2493
-2331
-1869
-1775
-1886
-1916
-1444
-916
-657
-221
214
627
631
487
1289
2594
3464
3520
3920
5775
8094
8545
6569
3999
1307
-1292
-4688
-7879
-9046
-9691
-9293
-8361
-6046
-2536
-798
23
449
1828
3474
3492
2400
758
-569
-1620
-1924
-1320
-23
710
604
779
1479
2678
2522
1280
-222
-1159
-916
-560
310
1090
1831
2631
3432
4709
5558
5417
3882
1899
400
-460
-1008
-1807
-2378
-2651
-2507
-1905
-990
-51
241
-435
-1314
-1569
-1396
-1158
-1541
-1815
-1483
-918
7
637
1428
2023
1814
1309
763
989
1338
910
-45
-734
-601
-273
-540
-1222
-1590
-1685
-1792
-2168
-2322
-1858
-1232
-634
-128
629
1355
1513
1214
855
888
977
789
303
-229
-573
-705
-689
-768
-996
-1339
-1463
-1495
-1502
-1579
-1760
-1926
-2231
-1993
-1237
-93
770
1154
1698
2095
2527
2389
1937
1451
995
1286
2027
3217
4519
5994
7141
7128
5493
2813
-14
-3479
-7125
-10562
-12139
-11562
-10122
-7865
-5428
-2367
315
1936
3354
4537
5499
5185
3814
2400
1109
146
-642
-745
-201
252
430
453
717
877
422
-421
-895
-402
731
1982
3207
4598
5887
6491
6363
5827
5017
3512
1274
-947
-2515
-3377
-3849
-3827
-3072
-1942
-1118
-852
-784
-748
-859
-1331
-1850
-1894
-1634
-1190
-834
-308
272
301
-98
-793
-923
-916
-1133
-1554
-2113
-1549
-722
321
1103
1169
1259
417
-504
-1222
-1815
-2113
-2916
-3461
-3145
-2118
-733
464
1391
2375
2918
2957
2802
2392
2097
1285
286
-391
-572
-95
-80
-390
-871
-1165
-1335
-2075
-2487
-2582
-2422
-2502
-2334
-900
716
2010
2278
2582
2859
2290
1668
387
14
-46
130
1302
2743
6449
10180
11854
10788
7134
3607
-859
-6109
-10613
-13576
-13930
-12338
-9133
-4643
-790
1027
1105
487
924
2034
2038
868
-1003
-2070
-2043
-1254
828
2940
3661
2667
1258
532
-299
-1881
-3950
-5173
-4695
-2280
1653
5560
8646
10328
10670
10214
8938
7092
3880
-499
-4263
-6309
-6158
-4887
-3143
-1244
204
1173
1485
1684
1446
59
-2178
-4178
-4528
-3313
-1649
-358
638
1277
1363
970
142
-907
-2240
-3727
-4553
-3659
-1425
918
2466
3037
3160
2909
2261
865
-907
-2626
-4150
-4650
-4203
-2848
-1097
441
1447
2163
3064
3111
2508
1346
510
517
371
268
-131
94
-95
-401
-74
-728
-1584
-3543
-4604
-4317
-3542
-2173
-1700
-201
635
1792
2971
2506
2376
993
-43
-1647
-1955
-148
1055
3392
6083
11709
16408
15186
10176
3840
-1497
-7847
-13588
-16762
-16258
-12660
-8429
-2967
2557
6413
5591
1883
-989
-1726
-1190
-2891
-4890
-5310
-4156
-2129
980
5286
7334
6127
2814
108
-1175
-2622
-4699
-6239
-5027
-1461
3510
8332
11720
13274
12457
9903
6956
5031
2580
-1166
-4685
-6341
-5312
-3323
-1116
882
2303
2520
1359
716
180
-1133
-3316
-5281
-5008
-2975
-646
591
711
127
-1434
-3303
-4786
-5236
-4775
-4325
-3586
-1567
1765
4901
6201
5247
3064
877
-965
-2459
-3640
-4151
-4013
-3108
-1558
145
1834
2575
2559
2182
2043
2410
2233
1682
1026
755
781
499
466
662
54
-1224
-2164
-2311
-2642
-3564
-3830
-3713
-2868
-1583
431
2262
1508
291
-1164
-2130
-3165
-3950
-2279
-716
2404
7684
14730
19350
16688
10290
2570
-3423
-9310
-14288
-15592
-14142
-8699
-3054
2910
7793
8225
4620
-1710
-4932
-4667
-3862
-4246
-4333
-2391
82
2235
4605
7543
6930
3144
-1315
-4259
-4895
-6615
-7916
-7722
-4577
708
5597
10062
12108
12149
9821
6689
4489
2621
466
-3095
-4870
-4084
-2058
-128
631
1689
2353
1987
1192
1149
1514
608
-1029
-1981
-1587
-990
-1039
-1773
-2750
-3354
-4283
-5162
-4990
-3784
-2051
-648
426
1907
3294
3327
2000
424
-535
-1400
-2404
-2794
-2876
-2858
-2667
-2422
-1598
-759
-168
879
1988
3232
4184
4420
3995
2906
2543
2094
993
15
-400
-631
-2008
-2465
-1643
-590
-646
-1514
-1028
-1142
-1065
-330
541
878
230
359
102
1
-91
195
1125
3167
7915
11841
11033
4566
-1901
-5929
-9794
-12471
-12214
-7553
-1428
4106
7941
9477
7794
835
-6980
-11286
-10572
-7380
-5359
-3557
-1138
2010
3554
3811
4788
4141
1154
-1922
-2029
-338
429
-252
-1215
-342
793
1185
927
729
699
250
681
1760
3473
4482
3573
2256
2129
2638
1939
442
-61
865
1216
1281
1746
2132
1532
-514
-1520
-1024
-113
-64
39
711
1259
1300
-712
-2388
-3256
-3238
-2526
-2436
-1010
187
1175
2308
2606
2546
1155
-956
-2860
-3801
-3973
-3603
-3222
-2807
-1656
-876
802
2480
3871
4642
3245
2523
1380
529
137
-1204
-1764
-2757
-2160
-1112
-599
-139
-1242
-1901
-3541
-3735
-2582
-1774
-183
-128
649
622
1241
4887
10125
16817
18277
12905
3630
-5229
-11688
-18417
-22690
-21318
-14400
-5486
2954
9525
11483
6936
-1668
-7250
-6728
-1629
3020
4909
5502
4667
2771
-289
-3269
-5548
-8372
-10191
-8060
-2033
4557
8312
9494
10207
10013
8796
6783
4492
2581
807
311
1543
3532
4469
3291
-19
-3771
-6253
-7441
-6355
-4160
-1525
813
2503
4943
5758
4392
1523
-1377
-2825
-3640
-2939
-1363
598
1401
643
-499
-2172
-2762
-3116
-2459
-866
366
2283
4091
6071
6561
4388
819
-2762
-5227
-6900
-7699
-7255
-4859
-2124
111
2111
3761
5181
4544
2782
747
-961
-1681
-2871
-3017
-2215
-1790
-1076
-456
254
570
-513
-2070
-3125
-3218
-2504
-2138
-2054
-91
4002
8657
14164
17928
16183
8281
-2764
-9799
-13227
-16491
-16909
-12911
-4467
4118
8994
10950
7735
-1274
-11066
-15266
-10574
-1524
5080
8570
9526
7814
4452
-614
-5217
-8660
-11971
-11981
-7622
-461
5919
7332
5790
3891
2755
3772
5677
7682
9042
9244
10022
10819
9617
5322
-2042
-8928
-11919
-11085
-6949
-2039
1963
5322
5880
5350
4018
355
-3360
-6509
-6207
-2271
2682
6764
7733
6173
2002
-3289
-8871
-12734
-13619
-12975
-8907
-3496
1905
5674
5596
4510
2343
348
1
377
1880
3037
3060
2563
923
-2114
-4994
-6831
-6364
-3204
459
4595
6565
6253
5750
3731
2558
1075
129
351
-535
-382
-1502
-2589
-3604
-4979
-4681
-3885
925
8264
16347
20280
15009
5449
-5088
-10918
-13698
-15214
-11366
-5569
765
3533
1909
-1015
-8519
-16892
-20027
-14773
-2894
6940
11928
13433
10749
4663
-1705
-5637
-5996
-5506
-4778
-635
4239
6960
5297
252
-3184
-5074
-3948
470
6302
12187
15485
17108
16899
13624
7315
-384
-6558
-10158
-10396
-7929
-3454
365
949
-727
-3087
-3102
-2069
-1360
510
3353
7577
10780
11460
9655
4376
-2343
-8613
-12777
-13579
-12428
-9535
-5367
-1777
677
1292
925
724
274
587
1904
4137
6522
6421
4207
703
-2867
-5068
-7207
-8134
-7956
-7038
-4356
-1307
1236
1846
950
1274
2139
3491
5538
5560
4489
2375
749
884
671
2185
4962
10965
16451
15020
7531
-3570
-9982
-14541
-16285
-12511
-5938
3634
5955
5062
2061
-5629
-13005
-21160
-18857
-7363
4619
13857
13741
8857
157
-9479
-12855
-10663
-4450
1778
6669
10727
11879
8136
-317
-9312
-14536
-12673
-5628
3529
12091
15860
15625
11926
7801
5030
2420
1244
848
2058
4585
6244
5802
1994
-4095
-9090
-10641
-8954
-5609
-2532
19
2275
3363
3423
2111
298
-348
177
2003
4052
5182
5002
3436
1121
-1638
-5194
-8266
-9492
-9543
-8831
-8258
-6492
-3570
-1465
-217
92
1613
3410
4222
4342
4248
4712
3971
2863
1339
-134
-1802
-3951
-4099
-3104
-1809
-3022
-4781
-3391
-1225
1147
2767
7155
15465
21522
19857
9744
-907
-7284
-10047
-10637
-9140
-4173
972
2692
1345
-2533
-9361
-18434
-24858
-21334
-8082
7493
17725
18731
12059
1104
-8895
-12572
-9179
-1757
6202
11286
12406
9981
3449
-5973
-15390
-18855
-13080
-1997
8785
14543
15057
11643
5599
152
-1838
737
5090
8545
10349
10514
8341
2964
-3400
-8814
-8360
-3533
-7
2904
1812
-976
-3243
-6570
-7381
-5548
-2085
1646
6264
8774
6600
1713
-4969
-6727
-4378
441
5601
6313
6143
2857
-1875
-6178
-11282
-11863
-9883
-7840
-4019
193
2388
1481
-2778
-6003
-4640
-1269
3035
4035
3660
3949
2798
4207
4518
3044
1489
-1348
-3097
-2838
1494
8326
14373
12978
4327
-2684
-5594
-3607
-2139
-1284
2781
5903
6389
3029
-3483
-11457
-20429
-23892
-16475
-3078
8585
13127
8446
-1102
-10251
-14602
-11015
-3995
3441
11128
14769
13632
7449
-1530
-8415
-12805
-11165
-2471
7918
13775
11115
4115
-1305
-4244
-4580
-1545
3716
9317
13127
13380
11195
6408
-118
-4363
-5100
-1391
3333
4250
2166
-2575
-6826
-8993
-10127
-8675
-5777
-2301
1031
3248
3696
1585
-1483
-3190
-869
3848
7562
8087
5042
1783
-933
-2368
-2607
-3411
-3836
-4024
-4135
-3530
-3821
-5745
-7661
-8417
-6207
-2216
385
1522
450
-1738
-2329
-238
3115
5704
6300
5145
6145
8537
12278
17101
16388
9481
-854
-7043
-6064
-5567
-6015
-6025
-3872
-1572
-3589
-5702
-8651
-13887
-17602
-14987
-5188
3617
6586
3871
-1651
-6839
-8814
-3904
3944
9538
11120
9901
7658
3174
-1491
-3843
-3294
-417
3489
8048
9872
6599
413
-4074
-4162
-1482
3036
7892
10203
7969
3050
-273
-1054
24
1895
4391
5624
3781
419
-3785
-6995
-8825
-8887
-5926
-2268
232
471
-806
-2625
-4404
-4448
-2766
676
4383
6720
7192
4731
1114
-1217
-1320
410
2889
5631
6360
4113
376
-4075
-6667
-6293
-5392
-4513
-4059
-4544
-5277
-6043
-6705
-7656
-7792
-6658
-3866
-508
602
3006
6344
10128
16987
20798
17517
7338
-2576
-4071
-2201
72
1681
2219
1320
-4823
-10095
-13236
-17376
-20175
-17247
-5059
5196
7092
2863
-4754
-11742
-18441
-15528
-2027
10424
15760
12980
9512
6547
2751
1709
2966
6558
9870
11730
12682
8862
1253
-5355
-6720
-2984
706
3058
3571
942
-3392
-5657
-2431
4037
9340
11431
10682
7491
2298
-2022
-4061
-3875
-2096
762
3776
3523
-1098
-7161
-10764
-10753
-8409
-4695
-450
2712
3607
2385
-487
-2509
-2152
722
5412
7692
6701
4155
964
-1714
-4220
-4749
-3292
-2030
-1723
-3881
-6620
-8332
-8486
-6983
-5704
-4065
-2257
-1066
-1110
-781
1962
7374
13261
12269
5386
-846
-1626
2796
6000
8108
8442
4901
-1164
-5816
-5956
-7936
-14105
-17322
-11394
-2429
-559
-4786
-11153
-15904
-18441
-15162
-1985
10906
14303
8853
780
-3997
-5342
-1386
7827
16415
19426
17018
13330
9126
3222
-2075
-1443
5269
11602
13660
10065
2980
-4910
-10713
-10067
-4317
1774
4668
5512
3284
-2233
-6500
-7810
-3553
2811
6487
8266
8569
6526
1718
-984
-2014
-2248
-1592
-2737
-3249
-5138
-6470
-6119
-6548
-5409
-5272
-2953
1292
2668
4068
3890
4103
6223
7260
7315
5074
1706
-2234
-4633
-4586
-5226
-5836
-6177
-6788
-9439
-10765
-7194
826
11189
11780
2497
-7084
-9537
-2273
5328
10529
10274
4868
236
-2699
-1418
-3874
-11070
-14624
-13012
-6355
-2483
-2077
-5122
-14123
-21353
-21127
-9774
3699
7736
4567
-1173
-4008
-2685
3347
10913
14180
13797
12109
12589
12433
9907
8062
7774
10226
12733
13990
12459
5952
-1557
-5330
-3379
1209
3692
3175
788
-5753
-12544
-13186
-10370
-4701
-614
575
1114
-638
-1369
-706
2356
4546
5717
8294
7959
6558
4609
4706
4422
247
-2622
-4069
-1411
1092
-857
-2327
-4953
-6536
-5513
-4496
-2894
-3215
-4826
-6117
-7050
-5363
-3490
-2245
-1743
-2523
-3676
-1167
8394
17857
17983
5925
-6983
-8129
-595
7136
6967
2882
-486
-4875
-7694
-8793
-9335
-10510
-13490
-15152
-10534
-2755
-244
-6089
-15156
-17947
-13247
-5634
1671
5001
3422
-2638
-7823
-4992
3406
10802
12878
10566
9925
12368
15513
15907
14180
14186
15576
16002
13911
10261
6325
2939
405
-1633
-768
930
-996
-6377
-12460
-14010
-9713
-3814
-1083
-3262
-6797
-8909
-8556
-5848
-1418
3876
7006
6188
2857
604
1489
4107
7423
9353
8287
5943
3881
3392
2835
905
-956
-1715
2
1036
-420
-2330
-4834
-6151
-6836
-7544
-7135
-5982
-4952
-6490
-6308
561
9633
12072
2259
-8821
-9498
414
9816
9426
6665
3068
770
35
-425
3291
2300
-3858
-10415
-11604
-5695
-5095
-11280
-20148
-25381
-23215
-16720
-8875
-4300
-4882
-11056
-16928
-15320
-6836
4731
11891
12645
11009
11401
15744
18945
19853
20311
20653
20758
19107
16990
15595
14153
11560
8939
7118
6531
4929
-2093
-8943
-13623
-13668
-7294
-3565
-4289
-9031
-14676
-17023
-13791
-7602
-3501
3
-1449
-4384
-3896
-673
4512
6183
7469
6227
3976
5681
7391
11879
13863
9335
4282
1555
715
-1002
-2098
-3152
-4138
-2907
-2618
-3670
-6103
-9563
-9535
-2845
6502
7520
-761
-9652
-11341
-2901
5722
7595
5199
2741
2002
938
2321
3541
1034
-4738
-11059
-9522
-2935
1643
-1062
-10018
-16324
-19221
-16140
-8569
-3585
-2969
-7974
-14069
-15326
-9945
-1600
3470
3141
-1341
-4875
-3733
2427
10015
15720
18757
17126
13944
11610
11126
13556
17208
20222
20298
19955
16546
9045
1832
-4222
-3572
666
2009
-1805
-8583
-13334
-16362
-14084
-10658
-7921
-6510
-10140
-11811
-10103
-3641
2051
2840
1873
-3081
-3805
209
4971
10471
11061
8476
6093
4960
5278
6157
7160
8018
8220
7055
4518
-516
-4702
-6806
-6438
-957
4361
4948
-2793
-14134
-18466
-12706
-935
4167
2306
-2504
-6143
-3650
-944
3524
3600
-1757
-5072
-6162
586
5663
3633
-2624
-11488
-14184
-12225
-6395
-1526
-3406
-8821
-15028
-16073
-11725
-4139
2067
3004
786
-3449
-3624
569
4960
9369
12523
15188
16055
14365
11351
8981
10074
12592
14077
13234
11974
8506
2136
-1651
-3750
135
5537
4339
-489
-7192
-10348
-10529
-6179
-2115
-3834
-5827
-9821
-9778
-6247
-2350
1170
362
-221
-4320
-5013
1445
5639
9272
8099
3182
624
1962
5303
6500
6271
3262
1802
2652
2760
758
-2718
-3647
-4376
626
6831
7064
1808
-8955
-12347
-8287
25
4483
65
-2654
-5126
-3616
-34
1332
26
-6159
-9902
-9337
-2510
2903
-4
-7081
-14769
-15711
-12542
-6166
34
264
-1764
-7341
-10858
-7881
-2205
3994
5367
2868
-62
-1176
2440
6828
9358
10877
10666
9176
8483
8367
8867
11595
13411
12698
12557
11059
6855
3746
2347
4765
8774
8365
2474
-5690
-9507
-10167
-6667
-2435
-3429
-6748
-12767
-15422
-13474
-7678
-1780
-2597
-4367
-8360
-9741
-3358
4474
10979
11225
5740
-233
44
6134
11163
14580
11994
5969
1799
-88
1122
2190
2231
-771
-826
2819
4356
1903
-8601
-14149
-10793
-2630
3781
-1255
-6438
-8979
-7121
-1132
1254
2
-6121
-11668
-11833
-4099
3903
4000
-2248
-12770
-16541
-14186
-7883
601
1705
-1670
-8208
-12894
-9828
-3285
4356
8600
6921
2535
-711
231
5297
10627
13646
14008
10473
6157
4896
6920
13013
17291
17230
15895
8633
1669
-369
1284
9258
13718
10529
1362
-6506
-8053
-6201
180
873
-2951
-8248
-13746
-12942
-10130
-4014
-3711
-7106
-8418
-13330
-11423
-5823
-509
4177
4114
1023
-3124
-1480
1975
5842
9960
9048
6374
4192
4057
3802
5262
5427
3867
5954
6868
7385
351
-7827
-7772
-2918
7070
5769
-2874
-10047
-12842
-6408
-685
3568
-1325
-10750
-16464
-16008
-5431
-305
-1968
-10633
-19310
-18295
-14199
-4926
882
317
-3219
-9008
-9217
-4583
2738
8346
9443
7044
2440
101
2964
10500
16531
18600
15808
8770
4373
4276
9267
16056
20138
19647
12381
5475
783
1073
7159
10982
10418
3656
-2680
-7070
-7425
-2911
-3477
-5463
-10048
-13883
-13281
-11046
-5909
-5532
-5882
-7202
-11180
-10912
-9113
-3617
2733
5338
3695
-1628
-3230
-936
2463
7010
8961
6318
3459
802
-1148
1333
4511
7057
9168
10333
9345
2756
-3631
-4607
723
8477
8725
2068
-5971
-9387
-6816
-1716
3166
-19
-8008
-15947
-18311
-10540
-3938
-3136
-10439
-19979
-22047
-18153
-9858
-3876
-3298
-7467
-12517
-12493
-6438
2893
6933
5618
2680
261
2235
6246
10884
14950
16796
17038
14759
11975
11968
13654
17032
21912
21813
17541
11581
5065
4583
7072
8942
7415
3325
718
-2616
-3221
-3479
-5320
-7409
-10039
-9758
-8565
-6629
-8040
-12566
-13101
-11494
-8005
-4964
-4115
-3523
-3082
-1662
-783
109
2041
2197
1214
1498
2812
5307
7651
6548
3058
-626
-1595
1938
6524
11217
10128
541
-7797
-9389
-2789
4416
4188
-1449
-6994
-7312
-5930
-3990
-2955
-4557
-6641
-9376
-7851
-5124
-4499
-6472
-13248
-16099
-14251
-10372
-5697
-5599
-8051
-12015
-15517
-12976
-4761
3523
5578
661
-4414
-4068
561
7578
12684
13544
12974
11561
12428
16424
19651
20376
20283
19855
17944
17234
15751
14351
14356
13288
10619
3814
86
-660
-486
1271
-1980
-6275
-11170
-12996
-10670
-6947
-3477
-8310
-13683
-15852
-13151
-4972
429
2580
-179
-4780
-6553
-4395
1178
6743
7779
4480
1703
-115
1880
4231
4980
5463
2084
-173
-586
1343
6166
7931
3883
-3431
-6379
-4177
270
1416
-2280
-5085
-6387
-5790
-7179
-9513
-10329
-11856
-10297
-6968
-4373
-4210
-8588
-15539
-18700
-14774
-9293
-4775
-4031
-6834
-9602
-12065
-10659
-4926
982
2931
532
-2141
-1503
2340
6633
10582
12238
11436
9899
8308
11489
17146
21569
24839
19701
11477
8777
9923
15677
20055
18889
12510
5124
3006
3294
6688
8058
3199
-3986
-9937
-9465
-6524
-1306
-1121
-9963
-15626
-18703
-16167
-8628
-3198
-1178
-3919
-6554
-7898
-5662
798
5880
7833
7108
5274
3315
3953
5025
5684
8271
8943
7893
4821
1760
3152
4357
1998
-2815
-5860
-4281
-3067
-5673
-9029
-10037
-8339
-6379
-7435
-9916
-11761
-13453
-12880
-8486
-3489
-738
-3805
-12818
-17726
-14689
-7394
-2146
-4197
-9155
-12976
-13350
-9737
-4337
-163
-241
-3105
-5115
-2938
1342
5062
8466
9851
9363
7814
7622
11053
15256
20748
24296
19222
12930
9764
10479
16572
20473
18972
11925
6483
5364
5019
9145
10023
5802
35
-4983
-5704
-4387
173
-1359
-7781
-10362
-12406
-10295
-6991
-5949
-6602
-8163
-6872
-5708
-4708
-2627
-1829
-652
2423
3808
3698
4004
2906
2860
4888
7034
8221
7747
5768
4046
5005
4582
1375
-1745
-2446
-1431
-3435
-6171
-8297
-8273
-6026
-6650
-8352
-10710
-13792
-16032
-14782
-10144
-5856
-4014
-9230
-15914
-17037
-12421
-4606
-991
-2337
-6351
-10022
-10010
-6375
-1171
2646
2383
-1436
-2659
-1127
2151
7026
8385
6786
4467
4563
7838
10632
15343
17113
12932
10475
8731
9967
15398
17993
15479
10401
8704
8174
8811
11391
9826
6548
3600
2530
1798
2807
4840
-807
-5918
-7652
-7959
-4703
-3984
-6197
-9216
-9195
-6539
-5394
-4299
-4768
-6363
-4613
-270
2719
3808
2753
214
-193
2623
5018
5106
5694
4471
2392
4412
5686
2725
-1641
-3032
-1090
605
-1
-4378
-7728
-7191
-6342
-5952
-6018
-7292
-11296
-14015
-13117
-11246
-7237
-6797
-11919
-16522
-17169
-12757
-7973
-5628
-6070
-8658
-10493
-9616
-4556
2650
5810
2583
-982
-1639
949
6531
10160
10311
8265
5637
5062
6918
10058
13597
14465
11975
8709
6122
8482
12994
14480
13757
10859
7887
6882
8609
10346
10428
8329
4844
3340
2692
4030
3981
336
-3152
-5372
-4042
-2309
-2568
-4191
-6529
-7496
-7255
-5948
-4389
-2838
-2288
-2653
-2848
-3305
-2278
-92
1838
2667
1571
472
192
2105
4548
4097
4167
3905
1732
-509
-1083
1103
1711
215
-3425
-6113
-4122
-2655
-2795
-5274
-9453
-12409
-13042
-10481
-9029
-8012
-7465
-11875
-17049
-18803
-15393
-8676
-5000
-6088
-10082
-13148
-12365
-7014
169
3545
1418
-2835
-4312
-2137
2753
7756
9252
7898
5380
4784
7393
11066
14387
15798
14505
10491
7829
9460
13199
16543
15595
12001
9145
8553
10781
11465
10202
7043
4349
4414
4421
5433
4964
2712
-620
-4580
-4619
-3188
-1753
-1660
-3605
-5131
-6789
-6544
-4630
-3437
-3098
-4401
-5675
-4042
-1577
-175
42
-2075
-3542
-2524
-69
1697
1611
1621
-17
-1338
2309
6003
4442
402
-2831
-3305
-418
1628
433
-1388
-2207
-4213
-6167
-5982
-6931
-8710
-8327
-7778
-9085
-8873
-9531
-13372
-15458
-14501
-10662
-8059
-9027
-10817
-11182
-9022
-7288
-5903
-4129
-3880
-5108
-4893
-1700
1924
4982
6516
5776
5062
6131
8982
11910
13821
14712
15059
15660
14076
12381
13402
14187
14185
13260
13427
12873
10752
10117
8228
7529
7302
6312
5331
4073
4408
2035
224
-1670
-5409
-5221
-4656
-4978
-5647
-5946
-6061
-6508
-6043
-7029
-7931
-6565
-4319
-2830
-1978
-2290
-2931
-1647
-474
31
275
91
-860
-2018
-566
2501
4173
3987
3452
2351
550
-1238
-1981
254
2293
1996
-646
-4338
-5642
-6327
-5889
-5025
-6121
-7548
-9060
-9723
-10392
-9538
-7983
-9779
-12936
-14651
-11485
-6503
-4950
-6255
-8851
-10428
-9844
-6537
-3006
-1449
-1932
-3394
-2368
696
3289
4232
4756
5576
6425
9484
12737
14096
14310
14106
15575
16565
16499
17254
17322
16530
15851
16848
17103
15042
12654
8738
6546
7077
7239
5344
2163
18
-3181
-3679
-3508
-7380
-9203
-8680
-7922
-8181
-9444
-10896
-11554
-9001
-6600
-6324
-6192
-6241
-6227
-4145
-785
1615
2571
1322
-1389
-2972
-544
3607
4571
2103
-1172
-2104
-233
1098
1385
2963
1658
-3079
-5828
-4647
-505
1564
383
-2881
-5924
-6448
-6514
-6100
-5832
-5673
-5547
-6353
-9132
-10958
-7947
-6238
-8003
-10782
-11722
-8949
-6962
-6683
-7470
-8099
-7936
-7745
-5453
-2146
-329
-70
105
705
1924
5310
9295
10936
10722
10518
11087
12234
14620
17232
18204
19243
18587
16500
16678
17108
16993
16937
17208
15393
12289
11451
9142
6820
5971
4638
2289
-656
-1815
-4224
-5720
-6557
-10617
-12687
-12638
-12396
-10890
-9180
-9956
-12175
-12616
-11501
-8908
-5282
-2471
-2290
-3157
-3439
-2959
-1331
503
2084
1896
1035
124
-858
-216
248
357
298
-577
-2267
-2195
69
-556
-3165
-5925
-6642
-4664
-3273
-2368
-3506
-4884
-5416
-5954
-4980
-4805
-4998
-4464
-3828
-4299
-5479
-5826
-7060
-8473
-9160
-7959
-5425
-4536
-5571
-7224
-7316
-6955
-5797
-3092
-710
1228
1630
1619
2695
5301
9121
11152
11795
12413
13281
15405
17100
17285
17886
18969
20123
20364
18464
17378
16896
15268
14215
13604
12566
10586
8417
6169
3906
3359
2757
382
-2622
-4900
-6861
-7906
-7504
-9364
-11103
-10839
-12017
-12789
-12805
-11907
-10284
-9758
-9622
-10727
-10092
-6974
-5035
-4008
-4400
-5251
-4651
-2728
-1449
-1191
-687
-1521
-2815
-3581
-3226
-2145
-1797
-1424
-2147
-3011
-3300
-2149
-455
-1362
-2701
-3928
-3674
-2112
-888
614
695
-10
-1784
-3194
-3052
-2365
-1124
-999
-756
-2543
-4870
-4457
-4913
-5538
-6007
-5602
-4674
-4288
-3572
-3969
-4355
-4038
-2537
19
2964
4910
4868
5646
6702
8438
11760
14625
15981
15104
13619
13596
14351
15667
17807
18088
16337
15109
14146
13282
12507
10711
9014
8666
8426
7259
5026
3286
1266
-1015
-1394
-2785
-5184
-6268
-6448
-7558
-9284
-9861
-11528
-12883
-13069
-13387
-12480
-11399
-11343
-12183
-12365
-12148
-12239
-10849
-8781
-8063
-7875
-6410
-5543
-5763
-5221
-4502
-3760
-2986
-2054
-1290
-807
-258
-10
364
732
1080
2092
3811
3828
2359
2800
3386
2653
1102
-125
447
1497
2741
2552
981
-485
-2143
-2212
-1901
-1866
-1891
-2246
-2705
-3872
-2863
-968
-786
-1370
-2205
-1693
-49
1714
3180
4072
3799
2922
3217
4968
7368
8653
9022
9071
8565
8848
9864
10083
10058
10364
10754
11307
10640
9127
8214
8388
9346
9563
9575
8575
5566
3458
2511
1645
2386
3290
2032
-712
-3715
-5662
-6295
-6076
-6815
-9036
-10251
-11148
-13058
-14155
-13964
-14226
-15048
-15773
-16469
-15584
-13208
-11801
-12020
-12599
-12212
-10670
-8438
-6486
-4530
-2246
-689
-236
-243
937
3117
5219
6277
6051
6129
6013
5476
5327
5459
5716
5189
3798
2379
1984
2742
2671
1830
1422
775
-343
-1918
-2567
-1539
175
1390
384
-411
497
1722
2924
3268
3523
3601
4075
5043
5682
7411
8298
7166
5513
4487
4949
6371
7560
7125
5721
3986
2158
855
685
1844
2111
1395
651
-30
24
369
409
83
175
942
1706
1858
1329
85
-820
-577
-341
501
2031
2972
1564
-1729
-3719
-4274
-3820
-3614
-4695
-6208
-7034
-7150
-8292
-9445
-10327
-10830
-10477
-10162
-9475
-8672
-7226
-7016
-8769
-9223
-8163
-5849
-3171
-1624
-1435
-2080
-2252
-1346
641
2892
3964
3757
3324
2967
3401
4745
5475
4867
3719
2865
2298
2090
2169
2679
2890
2040
602
-235
441
1279
2693
3885
3409
2595
2003
3318
5320
6571
7160
6622
6572
6739
7670
8787
9252
9468
8740
8431
7475
6917
7387
7148
6726
5280
4592
3763
1747
545
-730
-1777
-2783
-3887
-4877
-5722
-6932
-8785
-9903
-10909
-11383
-11507
-11912
-11994
-11705
-10265
-9093
-9354
-9734
-9408
-8525
-6752
-4564
-2725
-1283
-1277
-1735
-1726
-652
1868
4060
5472
5763
5164
5044
5502
5297
4921
5586
5884
5165
3586
2247
2144
2212
1815
341
-1694
-2922
-3543
-3747
-3611
-3898
-4287
-4484
-5295
-6277
-6502
-5559
-3904
-2845
-2350
-2121
-2287
-2022
-702
1052
2434
3098
3542
4771
6376
7737
8446
8371
8287
8207
8559
9256
9488
9283
8862
8169
7054
6363
5971
5444
4799
4081
3848
3225
2250
1626
1617
2268
1935
374
-1047
-1765
-1636
-887
-622
-1397
-2535
-3374
-3633
-3908
-4413
-4737
-5488
-6731
-8242
-9734
-10151
-10230
-10909
-11601
-12079
-12410
-12924
-13331
-13008
-11914
-10188
-8408
-7294
-7120
-6860
-5959
-4454
-2181
256
2389
3660
4131
4814
6404
8310
9363
9368
9065
9366
9683
9638
9342
8393
7462
6838
6110
5374
4520
3594
3137
2823
2528
2422
1891
933
-182
-543
101
727
1119
938
648
747
1007
1627
1995
1813
1641
1853
2658
3421
3245
2709
2262
1861
2107
2328
2177
2065
1847
1782
1455
1134
1277
1082
519
-541
-1530
-1288
-854
-1053
-1481
-2160
-2821
-3369
-4072
-4625
-4906
-4865
-4763
-5381
-5977
-6193
-6731
-7109
-7411
-7559
-6971
-6368
-6169
-6059
-5910
-5614
-5090
-4023
-2763
-2187
-1620
-1034
-952
-549
391
1521
2390
2941
3290
3635
3914
3871
3903
3756
3687
3419
2725
2198
1244
606
558
171
-834
-2108
-2629
-2685
-2962
-3141
-2686
-1935
-1431
-1420
-1690
-1399
-915
-19
1652
3217
4659
5657
6144
6858
8017
9666
11108
11572
11377
11250
11783
12562
12862
12852
12441
10954
8571
6869
6373
6225
5891
4705
2622
182
-1779
-3078
-4419
-5613
-6623
-7571
-8674
-10128
-11383
-12069
-12476
-13160
-13549
-13480
-13557
-13611
-13368
-12367
-11038
-10159
-9888
-9758
-8795
-6988
-4974
-3813
-3693
-3739
-3087
-1715
-651
565
2004
2851
3147
3143
3529
4528
5702
6408
6558
6429
5971
5463
5203
5418
5626
5210
3944
1839
196
-159
221
510
260
-412
-1322
-2313
-3162
-3238
-2364
-1420
-1240
-1618
-1691
-1176
60
1656
2929
3866
4387
4628
4846
5553
6857
8172
9275
9602
9264
8930
8942
9191
9139
8997
8307
6862
5666
5179
5405
5571
4880
3254
1171
-603
-1790
-2460
-2888
-3417
-4472
-5853
-7131
-8176
-8427
-8511
-9342
-10403
-10900
-10526
-10171
-10373
-10494
-10134
-9492
-9225
-9289
-9193
-8761
-7844
-6604
-5368
-4400
-3663
-3114
-2701
-1911
-487
1167
2374
2905
3183
3795
4767
5487
5854
6046
5937
5535
5251
5460
5740
5618
4930
3628
2269
1571
1446
1286
890
66
-1004
-1799
-2405
-2777
-2741
-2467
-2638
-3358
-3639
-3418
-2791
-1729
-799
-163
403
889
1186
1987
3472
4917
6063
6725
6944
7162
7958
9022
9634
10075
10197
9764
9308
8987
8692
8346
7683
6518
5354
4845
4493
3458
1918
470
-730
-1675
-2529
-3621
-4665
-5410
-6279
-7289
-7954
-8284
-8756
-9402
-10025
-10460
-10362
-10013
-10046
-10215
-10045
-9820
-9716
-9287
-8398
-7262
-6099
-5466
-5405
-5132
-4412
-3706
-3098
-2447
-1868
-1201
-355
340
842
1266
1667
2147
2767
3333
3624
3814
3843
3626
3586
3912
4279
4346
3896
3133
2580
2248
2120
2248
2248
1887
1377
1127
1043
1007
1298
1598
1734
1872
1824
1918
2468
2974
3272
3740
4315
4714
5029
5403
5683
6003
6559
6839
6660
6570
6714
7001
7226
7023
6507
5905
5319
4928
4797
4651
3946
2705
1546
791
373
-36
-872
-2155
-3426
-4422
-5211
-5936
-6699
-7442
-8290
-9312
-10201
-10714
-10857
-10911
-11185
-11673
-12078
-12097
-11644
-10920
-10370
-10039
-9582
-8911
-8104
-7076
-5735
-4352
-3445
-2968
-2162
-699
951
2059
2569
3220
4065
4670
5063
5394
5861
6432
6675
6462
6062
5824
5907
5930
5551
5053
4763
4629
4205
3384
2732
2369
2019
1730
1611
1554
1230
479
-218
-298
131
617
786
533
142
60
640
1409
1760
1994
2277
2437
2540
2753
3343
4143
4462
4170
3833
3833
4180
4545
4494
3939
3302
3182
3330
3079
2586
2204
1821
1204
449
143
190
-259
-1228
-2040
-2435
-2677
-3108
-3709
-4290
-4799
-5166
-5527
-6106
-6652
-6843
-6838
-7020
-7404
-7494
-7335
-7463
-7661
-7445
-6859
-6215
-5770
-5476
-5133
-4613
-3881
-3032
-2233
-1633
-1099
-458
261
988
1630
2001
1871
1703
2105
2836
3386
3410
3076
2758
2620
2644
2648
2648
2584
2324
1909
1619
1620
1626
1628
1673
1839
2147
2147
1911
1710
1907
2621
3355
3907
3941
3648
3460
3365
3579
3959
4412
4566
4242
4036
4006
4188
4189
3895
3730
3664
3869
3902
3670
3214
2350
1715
1370
1347
1252
581
-412
-1716
-2563
-2852
-3046
-3305
-4084
-4859
-5438
-5718
-5702
-5923
-6089
-6392
-6696
-6661
-6476
-6043
-5815
-5773
-5663
-5428
-4826
-4216
-3564
-2962
-2685
-2547
-2455
-2055
-1459
-957
-532
-180
319
764
886
690
442
630
1073
1300
1215
1098
1247
1362
1093
558
226
382
689
857
844
725
592
433
442
813
1457
1931
1900
1718
1830
2295
2817
3206
3558
3884
4142
4287
4419
4696
5037
5239
5195
5058
5059
5248
5398
5177
4622
4015
3619
3414
3198
2865
2335
1677
878
63
-444
-637
-829
-1514
-2556
-3313
-3497
-3352
-3532
-4082
-4574
-4781
-4786
-4954
-5223
-5418
-5462
-5471
-5617
-5613
-5362
-5084
-5068
-5189
-4961
-4417
-3924
-3722
-3507
-2848
-1920
-1128
-704
-397
10
534
1181
1800
2351
2689
2649
2308
1968
2014
2235
2274
2000
1441
971
692
411
39
-260
-387
-520
-635
-769
-1031
-1231
-1221
-1082
-824
-489
-364
-473
-366
197
879
1364
1579
1593
1855
2525
3167
3524
3689
3818
3974
4323
4860
5177
5151
4932
4709
4808
5285
5627
5403
4805
4217
3792
3571
3419
3024
2332
1528
643
-243
-915
-1481
-2150
-2803
-3309
-3788
-4316
-4856
-5342
-5511
-5226
-4932
-5042
-5437
-5735
-5662
-5251
-4755
-4503
-4454
-4391
-4364
-4301
-4062
-3658
-3259
-2990
-2742
-2412
-1974
-1572
-1337
-1054
-468
244
700
817
926
1296
1788
2077
2091
2052
2139
2280
2321
2236
2091
1941
1786
1633
1596
1639
1546
1248
941
857
958
1007
829
566
540
795
1061
1118
975
884
1028
1394
1850
2163
2312
2304
2188
2186
2333
2601
2729
2538
2280
2246
2515
2657
2344
1713
1169
1058
1150
1133
921
564
125
-416
-848
-985
-913
-922
-1286
-1831
-2230
-2390
-2458
-2543
-2528
-2426
-2431
-2672
-2996
-3020
-2719
-2428
-2412
-2576
-2567
-2277
-1956
-1838
-1913
-1989
-1928
-1726
-1413
-1067
-832
-814
-957
-1020
-823
-467
-217
-166
-171
-97
30
50
-60
-106
-11
142
233
247
257
256
215
172
216
371
510
497
418
470
690
954
1132
1236
1348
1526
1705
1839
2006
2257
2511
2654
2696
2710
2747
2801
2837
2858
2872
2803
2588
2327
2181
2165
2133
1925
1567
1247
1106
1078
971
712
331
-104
-480
-724
-862
-1009
-1285
-1650
-1958
-2111
-2163
-2242
-2345
-2407
-2404
-2363
-2361
-2374
-2347
-2270
-2197
-2198
-2216
-2146
-1970
-1780
-1729
-1856
-2049
-2147
-2025
-1821
-1658
-1564
-1508
-1366
-1162
-985
-865
-770
-680
-593
-466
-327
-212
-127
-56
66
209
334
297
65
-153
-249
-53
348
695
908
913
888
926
1044
1245
1387
1539
1727
1941
2220
2535
2894
3125
3113
2918
2665
2601
2703
2830
2905
2857
2733
2515
2258
2089
1941
1663
1121
529
310
507
764
633
116
-402
-628
-604
-608
-717
-831
-924
-1111
-1457
-1757
-1767
-1511
-1272
-1272
-1485
-1749
-1927
-1952
-1729
-1319
-964
-957
-1312
-1630
-1525
-1039
-649
-746
-1241
-1743
-1907
-1729
-1461
-1316
-1410
-1705
-2046
-2214
-2039
-1600
-1187
-1087
-1325
-1600
-1569
-1204
-744
-439
-395
-449
-486
-488
-338
-43
337
608
621
492
392
498
765
1007
1188
1254
1209
1162
1169
1311
1521
1633
1631
1612
1732
1996
2258
2370
2317
2195
2113
2131
2220
2342
2435
2495
2511
2419
2219
1952
1805
1876
2067
2200
2060
1754
1452
1273
1222
1162
1083
876
511
17
-481
-744
-818
-879
-1116
-1526
-1956
-2280
-2488
-2623
-2724
-2856
-3069
-3333
-3471
-3412
-3215
-3064
-3139
-3364
-3591
-3644
-3455
-3100
-2717
-2488
-2441
-2470
-2384
-2069
-1579
-1073
-735
-597
-568
-447
-92
441
926
1147
1142
1038
1017
1117
1256
1380
1377
1270
1051
812
734
812
920
848
605
372
299
410
561
689
812
889
872
824
898
1208
1622
1929
2035
2036
2114
2292
2499
2670
2829
2964
3023
2987
2913
2927
2980
2949
2784
2535
2327
2174
2047
1901
1691
1404
1032
624
243
-46
-226
-380
-592
-947
-1407
-1836
-2126
-2255
-2286
-2331
-2469
-2730
-3075
-3392
-3564
-3531
-3416
-3406
-3583
-3866
-4040
-3998
-3801
-3589
-3485
-3495
-3520
-3441
-3172
-2737
-2247
-1881
-1713
-1616
-1418
-1005
-452
64
397
514
559
674
959
1393
1774
1990
2002
1910
1891
1992
2213
2395
2441
2363
2225
2171
2170
2170
2105
1966
1834
1719
1666
1593
1509
1451
1392
1361
1237
1086
974
971
1148
1311
1425
1357
1148
986
932
1141
1411
1591
1611
1382
1188
1041
1002
1062
978
891
674
406
204
-67
-188
-354
-525
-658
-893
-978
-1058
-1044
-958
-960
-958
-1120
-1284
-1409
-1447
-1396
-1442
-1546
-1807
-2069
-2277
-2427
-2475
-2562
-2613
-2668
-2673
-2534
-2407
-2267
-2213
-2256
-2252
-2227
-2067
-1853
-1637
-1405
-1271
-1124
-1023
-929
-792
-662
-368
-65
294
604
718
856
892
1047
1270
1433
1659
1707
1772
1859
1911
2035
2006
1928
1880
1877
1970
2096
2172
2158
2128
2011
1947
1940
1936
2035
2052
1935
1809
1659
1567
1653
1598
1501
1430
1161
1108
997
867
966
813
678
403
22
-60
-93
-38
-88
-271
-549
-848
-1037
-1277
-1156
-1069
-1017
-888
-1245
-1310
-1388
-1527
-1291
-1432
-1371
-1305
-1495
-1409
-1542
-1642
-1749
-2055
-2196
-2280
-2213
-2133
-2140
-2232
-2349
-2323
-2259
-2044
-1894
-1782
-1707
-1759
-1605
-1388
-1028
-730
-706
-705
-754
-577
-264
53
366
479
555
538
631
888
1150
1446
1517
1547
1589
1667
1873
1999
2123
2125
2066
2061
2084
2214
2272
2263
2183
2087
2056
2037
2039
1990
1947
1922
1923
1905
1789
1648
1478
1385
1366
1378
1419
1357
1221
997
744
562
432
365
299
201
68
-112
-336
-567
-782
-968
-1122
-1278
-1409
-1491
-1538
-1640
-1811
-2006
-2193
-2271
-2318
-2375
-2405
-2479
-2510
-2521
-2511
-2431
-2425
-2489
-2609
-2693
-2594
-2342
-2052
-1895
-1918
-2040
-2101
-1952
-1626
-1172
-823
-732
-788
-852
-695
-330
72
409
559
606
608
632
759
964
1218
1392
1483
1495
1489
1545
1599
1718
1896
2106
2312
2371
2357
2332
2378
2520
2643
2728
2734
2676
2566
2434
2344
2280
2221
2108
1917
1720
1538
1373
1223
1049
901
782
657
535
398
292
215
107
1
-119
-223
-296
-409
-540
-697
-864
-1006
-1153
-1235
-1301
-1411
-1560
-1769
-1904
-1966
-2021
-2088
-2223
-2342
-2436
-2530
-2569
-2585
-2580
-2607
-2686
-2691
-2624
-2502
-2370
-2307
-2219
-2104
-1955
-1736
-1523
-1250
-999
-808
-623
-511
-335
-155
40
283
466
660
763
860
1009
1122
1246
1298
1338
1389
1433
1519
1614
1720
1774
1762
1718
1682
1701
1725
1797
1867
1933
1968
1932
1942
1919
1920
1900
1818
1825
1814
1848
1850
1748
1667
1522
1422
1347
1245
1179
1012
842
726
646
611
473
223
-103
-402
-599
-694
-718
-791
-939
-1203
-1471
-1650
-1738
-1720
-1740
-1766
-1829
-1940
-1994
-2053
-2039
-2013
-2024
-2032
-2123
-2198
-2274
-2334
-2308
-2254
-2123
-2007
-1937
-1888
-1863
-1754
-1557
-1289
-1009
-818
-698
-615
-466
-222
95
405
584
648
652
682
781
871
912
896
904
1016
1186
1320
1297
1110
873
732
796
1024
1249
1344
1272
1144
1146
1292
1504
1658
1667
1609
1562
1626
1802
2032
2250
2318
2258
2096
1915
1819
1769
1766
1731
1619
1464
1276
1103
930
722
450
117
-206
-404
-447
-413
-440
-651
-1022
-1401
-1622
-1620
-1491
-1417
-1507
-1742
-1980
-2100
-2078
-1995
-1985
-2076
-2203
-2278
-2246
-2140
-2063
-2079
-2182
-2297
-2335
-2264
-2113
-1957
-1823
-1721
-1644
-1552
-1422
-1226
-984
-732
-507
-355
-256
-170
-59
137
356
539
654
653
592
522
497
587
772
1030
1285
1462
1519
1472
1411
1410
1510
1683
1869
2036
2179
2331
2494
2613
2640
2550
2390
2257
2225
2314
2464
2570
2547
2400
2196
1998
1827
1658
1449
1196
931
706
536
401
242
4
-322
-680
-988
-1190
-1283
-1332
-1425
-1579
-1752
-1863
-1867
-1823
-1818
-1913
-2060
-2142
-2076
-1878
-1670
-1576
-1643
-1819
-1984
-2035
-1965
-1836
-1725
-1682
-1708
-1781
-1832
-1808
-1702
-1521
-1351
-1257
-1244
-1273
-1215
-1025
-744
-487
-391
-418
-473
-431
-221
22
196
240
182
191
287
467
645
736
804
865
973
1128
1246
1375
1498
1613
1733
1780
1799
1803
1815
1898
1994
2083
2125
2098
2058
2013
1974
1937
1881
1832
1790
1771
1743
1664
1554
1425
1295
1169
1040
912
790
684
575
426
235
22
-164
-280
-353
-450
-634
-893
-1130
-1258
-1263
-1245
-1300
-1453
-1641
-1759
-1765
-1688
-1617
-1609
-1654
-1689
-1663
-1567
-1446
-1358
-1342
-1397
-1478
-1517
-1478
-1372
-1241
-1148
-1148
-1234
-1357
-1424
-1372
-1218
-1026
-893
-864
-909
-947
-906
-776
-590
-432
-351
-337
-343
-319
-244
-120
18
142
227
270
317
396
540
725
893
1009
1082
1180
1330
1530
1746
1903
1996
2041
2099
2211
2337
2438
2471
2451
2424
2435
2471
2496
2458
2345
2199
2045
1929
1836
1753
1646
1489
1284
1037
806
604
444
287
76
-180
-487
-755
-963
-1123
-1242
-1419
-1613
-1844
-2049
-2169
-2273
-2312
-2381
-2471
-2541
-2625
-2625
-2622
-2581
-2524
-2501
-2419
-2369
-2266
-2161
-2081
-1939
-1836
-1656
-1487
-1332
-1150
-1040
-871
-716
-528
-311
-149
35
129
233
346
457
636
751
864
902
885
911
919
1010
1083
1137
1169
1113
1105
1072
1084
1137
1169
1246
1255
1265
1251
1217
1243
1254
1327
1375
1379
1369
1311
1307
1304
1338
1373
1363
1356
1296
1268
1247
1237
1255
1211
1169
1068
971
906
825
806
732
637
484
267
96
-70
-164
-260
-402
-574
-805
-1001
-1172
-1316
-1407
-1503
-1582
-1663
-1771
-1856
-1943
-2010
-2038
-2062
-2052
-2024
-2021
-2007
-2007
-1995
-1941
-1870
-1760
-1647
-1538
-1438
-1354
-1243
-1106
-927
-723
-554
-404
-295
-191
-59
69
205
295
354
409
468
573
683
761
786
735
679
656
687
749
792
819
807
818
843
877
934
950
960
964
1002
1098
1208
1312
1365
1380
1385
1415
1483
1536
1549
1500
1433
1392
1398
1453
1498
1483
1377
1207
1026
880
802
750
700
616
488
340
190
58
-76
-205
-334
-457
-552
-638
-709
-785
-887
-982
-1074
-1142
-1195
-1254
-1301
-1363
-1400
-1408
-1413
-1393
-1407
-1453
-1505
-1553
-1537
-1473
-1383
-1310
-1287
-1265
-1248
-1193
-1097
-1000
-897
-831
-773
-702
-614
-487
-378
-285
-222
-173
-114
-50
44
122
183
230
238
242
249
269
295
301
312
323
350
393
444
488
504
510
524
564
632
699
756
797
828
862
906
968
1023
1059
1076
1086
1107
1131
1166
1193
1202
1189
1155
1131
1121
1115
1096
1043
953
862
791
741
697
621
511
371
230
108
7
-75
-174
-284
-393
-504
-608
-699
-784
-867
-947
-1016
-1066
-1109
-1150
-1186
-1215
-1235
-1252
-1268
-1275
-1270
-1254
-1222
-1184
-1146
-1107
-1066
-1019
-967
-915
-858
-798
-743
-684
-627
-561
-493
-431
-361
-303
-258
-203
-128
-38
46
108
145
187
250
353
472
558
598
609
631
706
821
926
981
985
969
989
1056
1145
1210
1210
1166
1116
1095
1111
1132
1112
1046
953
864
809
769
725
658
563
466
378
303
225
136
42
-46
-126
-203
-282
-370
-464
-541
-599
-647
-691
-744
-796
-847
-884
-896
-904
-906
-902
-893
-879
-870
-859
-843
-805
-748
-691
-633
-581
-538
-495
-451
-401
-350
-306
-269
-235
-194
-154
-113
-78
-55
-33
0
51
104
133
138
135
136
159
204
240
259
244
206
182
172
179
177
149
102
56
38
36
48
50
51
57
70
113
178
256
330
389
455
524
602
690
779
861
919
978
1025
1051
1054
1040
1024
997
964
930
868
782
682
568
458
343
230
119
-6
-132
-269
-408
-537
-664
-765
-853
-929
-1012
-1094
-1146
-1184
-1194
-1181
-1162
-1133
-1104
-1058
-1000
-929
-855
-780
-688
-602
-511
-426
-342
-249
-165
-66
29
112
179
230
278
318
361
390
404
395
373
364
334
308
273
220
175
106
63
29
-12
-39
-84
-114
-162
-199
-209
-230
-217
-224
-228
-224
-232
-200
-165
-112
-40
24
97
154
216
289
364
464
545
620
690
737
798
842
892
945
976
999
990
957
915
865
821
771
707
630
533
423
301
184
80
-18
-98
-175
-257
-335
-432
-517
-577
-617
-633
-644
-652
-678
-726
-770
-808
-821
-809
-771
-729
-725
-747
-786
-813
-799
-753
-677
-620
-601
-612
-640
-638
-591
-504
-408
-333
-282
-270
-252
-212
-142
-32
73
152
190
191
200
222
279
341
395
434
422
414
411
421
466
498
531
541
535
543
555
606
660
707
739
731
729
726
755
805
837
858
831
784
734
680
648
609
572
517
435
347
241
142
50
-43
-123
-201
-290
-384
-492
-584
-659
-718
-756
-785
-805
-832
-863
-871
-861
-829
-773
-723
-677
-652
-627
-570
-519
-452
-393
-348
-307
-295
-279
-274
-258
-232
-227
-213
-219
-223
-219
-221
-195
-193
-181
-170
-182
-158
-152
-131
-105
-110
-87
-87
-76
-51
-30
18
37
65
75
75
110
128
182
220
241
279
285
320
359
411
491
545
602
632
656
693
732
807
870
923
960
958
959
965
988
1029
1061
1079
1058
997
933
863
806
775
739
678
573
438
286
132
11
-86
-168
-264
-398
-555
-732
-889
-1004
-1074
-1108
-1147
-1205
-1287
-1371
-1431
-1449
-1419
-1362
-1300
-1274
-1278
-1285
-1284
-1235
-1136
-1002
-871
-781
-726
-690
-637
-554
-431
-292
-155
-46
15
43
67
107
169
246
331
390
413
407
382
365
367
393
430
450
454
437
410
392
382
396
432
466
498
518
534
551
578
623
666
708
744
772
803
841
881
924
967
996
1015
1021
1022
1021
1011
989
962
919
863
808
742
679
602
520
434
328
217
93
-19
-117
-218
-316
-426
-540
-653
-770
-869
-962
-1054
-1134
-1218
-1299
-1375
-1449
-1513
-1553
-1582
-1604
-1614
-1614
-1607
-1590
-1551
-1489
-1418
-1338
-1245
-1139
-1020
-891
-756
-611
-471
-329
-176
-26
121
257
378
500
602
687
768
835
895
943
972
984
976
954
930
899
870
846
819
783
739
690
641
605
579
561
555
543
534
523
515
528
554
586
617
630
629
617
611
631
655
675
680
645
591
534
483
452
441
431
415
365
286
202
126
83
64
41
7
-62
-166
-276
-380
-468
-532
-594
-658
-738
-849
-962
-1071
-1165
-1232
-1287
-1315
-1347
-1387
-1423
-1458
-1467
-1452
-1410
-1345
-1278
-1200
-1130
-1061
-971
-872
-744
-608
-474
-340
-237
-136
-39
68
193
303
415
508
561
620
666
718
791
846
898
907
891
873
850
848
847
840
816
758
689
623
568
543
520
490
453
405
366
342
331
336
351
368
376
365
355
356
372
412
454
485
499
501
492
491
503
531
563
567
558
531
487
434
381
333
285
213
121
11
-116
-234
-335
-424
-511
-615
-736
-857
-969
-1046
-1091
-1120
-1140
-1166
-1198
-1225
-1229
-1200
-1142
-1065
-999
-952
-918
-878
-818
-728
-619
-509
-424
-361
-314
-265
-204
-131
-45
29
86
113
125
140
154
191
229
255
275
286
299
310
332
365
384
399
407
407
412
423
436
447
450
443
444
438
432
436
432
433
436
434
436
438
449
468
486
504
515
529
551
577
605
624
644
661
671
686
697
694
680
661
638
595
538
469
394
312
223
126
17
-104
-226
-336
-458
-578
-701
-824
-938
-1042
-1120
-1181
-1240
-1285
-1331
-1360
-1369
-1362
-1324
-1277
-1215
-1152
-1093
-1018
-937
-837
-724
-611
-517
-431
-343
-257
-162
-69
19
99
162
203
244
287
347
421
478
517
516
506
514
524
556
587
608
604
557
505
472
464
486
503
507
494
443
402
384
407
474
525
549
533
495
477
493
557
623
651
649
599
548
546
582
655
705
706
655
560
483
437
433
446
424
346
213
62
-71
-164
-226
-270
-326
-414
-538
-691
-825
-913
-958
-963
-970
-993
-1048
-1124
-1186
-1222
-1198
-1143
-1077
-1036
-1036
-1039
-1034
-993
-909
-806
-699
-627
-577
-539
-504
-437
-351
-252
-161
-102
-71
-42
-5
64
161
241
309
342
349
355
367
409
463
517
546
548
531
494
477
477
505
550
585
601
582
550
532
530
562
609
663
690
674
651
622
629
662
718
787
808
800
754
717
702
712
755
765
733
643
530
438
362
334
307
263
176
32
-109
-232
-307
-341
-369
-417
-514
-632
-748
-818
-840
-836
-835
-867
-931
-1021
-1084
-1107
-1090
-1043
-1007
-985
-983
-985
-958
-910
-828
-741
-667
-610
-572
-521
-462
-367
-259
-165
-80
-33
19
70
121
193
245
281
312
323
324
326
330
326
302
263
216
173
148
139
140
139
121
93
64
52
67
99
137
174
198
222
249
282
333
399
465
516
547
566
592
623
678
733
777
820
833
833
816
788
775
771
759
727
664
581
496
406
326
251
173
92
-7
-123
-234
-328
-393
-443
-491
-550
-623
-697
-778
-829
-849
-842
-826
-841
-857
-878
-887
-848
-799
-736
-675
-621
-563
-531
-498
-448
-377
-284
-202
-133
-84
-40
3
49
115
173
223
253
263
266
274
283
290
295
291
283
266
240
213
189
170
162
150
147
136
115
90
67
63
66
80
87
72
45
15
4
5
20
41
70
92
103
124
157
199
259
322
376
421
459
489
518
548
561
570
566
547
522
484
458
426
381
324
241
159
79
8
-58
-130
-212
-311
-401
-492
-570
-615
-647
-676
-728
-786
-825
-848
-849
-839
-818
-793
-776
-758
-737
-704
-655
-586
-530
-489
-455
-436
-408
-363
-304
-241
-187
-141
-105
-61
-13
57
131
205
267
305
331
346
378
430
488
534
561
560
552
551
567
601
631
654
642
611
567
529
523
526
542
542
513
472
428
393
371
357
355
355
339
304
252
201
158
133
130
123
107
61
-9
-78
-140
-168
-167
-171
-199
-261
-344
-419
-476
-495
-482
-467
-465
-497
-546
-590
-617
-605
-572
-538
-519
-513
-509
-507
-495
-460
-408
-334
-259
-215
-192
-176
-148
-98
-39
31
90
125
133
132
139
169
220
258
284
279
244
208
179
178
196
213
217
184
123
59
9
4
28
58
63
31
-31
-95
-117
-84
-12
57
99
109
83
69
86
148
261
355
407
407
377
361
371
428
503
559
573
526
463
393
358
372
388
398
364
282
183
71
3
-27
-53
-73
-136
-228
-326
-426
-478
-496
-489
-469
-488
-523
-576
-627
-634
-607
-545
-494
-479
-488
-519
-522
-504
-462
-404
-369
-338
-323
-321
-292
-259
-202
-141
-91
-37
-3
46
109
174
251
307
351
376
397
434
474
520
548
555
553
517
472
428
395
383
355
315
256
172
91
15
-47
-89
-123
-157
-189
-236
-280
-310
-322
-310
-289
-260
-233
-218
-196
-168
-135
-84
-28
25
74
114
154
185
210
236
259
276
279
274
264
238
209
185
159
136
112
90
66
37
6
-20
-49
-73
-86
-99
-112
-130
-144
-157
-167
-181
-187
-194
-204
-199
-205
-213
-211
-206
-201
-197
-193
-181
-169
-158
-137
-113
-90
-76
-57
-49
-44
-30
-11
17
45
69
86
99
110
123
132
142
150
152
150
148
140
129
114
87
63
45
42
42
43
41
26
5
-23
-17
-5
10
28
11
1
-15
-18
-5
8
49
58
58
64
44
67
79
100
143
148
183
162
136
135
116
174
194
205
213
149
129
75
51
68
47
69
25
-26
-81
-172
-172
-194
-198
-191
-244
-258
-311
-333
-316
-322
-276
-268
-267
-244
-260
-229
-219
-199
-148
-136
-84
-78
-78
-68
-82
-41
-7
30
78
66
62
54
50
101
130
156
170
143
126
95
79
91
80
82
70
43
32
13
14
15
15
33
37
47
47
48
60
66
85
102
118
140
152
162
164
173
173
166
154
129
115
109
110
109
83
55
22
-2
-9
-24
-20
-24
-36
-34
-38
-24
-17
-22
-14
-24
-28
-17
-26
-34
-51
-68
-72
-78
-74
-88
-103
-122
-147
-155
-165
-152
-132
-131
-128
-144
-148
-147
-146
-122
-107
-94
-88
-93
-95
-102
-96
-82
-61
-35
-13
-1
9
15
16
27
43
58
73
71
63
56
52
60
68
65
61
57
47
38
29
30
29
29
31
34
40
45
49
49
54
58
59
61
64
71
76
75
76
82
92
105
113
117
118
120
120
120
119
114
112
99
91
79
57
49
38
35
35
33
34
22
-4
-26
-43
-54
-56
-57
-57
-66
-87
-102
-124
-151
-162
-158
-150
-151
-161
-176
-192
-209
-209
-199
-200
-197
-205
-214
-218
-221
-215
-209
-195
-176
-161
-140
-116
-97
-82
-68
-56
-42
-14
21
58
75
68
51
30
36
72
123
179
209
202
169
142
128
141
177
209
238
235
194
140
95
83
105
149
188
204
190
162
147
160
198
246
278
285
266
230
195
177
173
176
178
160
124
71
15
-12
-11
4
14
5
-31
-90
-141
-176
-186
-180
-176
-184
-219
-253
-279
-295
-288
-261
-226
-207
-215
-228
-232
-226
-195
-160
-129
-116
-128
-131
-136
-118
-89
-62
-43
-42
-48
-62
-63
-43
-11
22
31
16
-4
-21
-18
6
33
54
62
54
32
14
17
42
68
96
106
96
75
54
57
77
105
129
122
100
75
59
67
90
120
131
122
102
81
77
80
108
128
132
121
89
70
60
68
89
95
101
90
67
45
26
22
27
37
35
22
5
-14
-33
-33
-30
-25
-21
-31
-39
-46
-54
-60
-67
-77
-94
-107
-98
-97
-84
-80
-90
-95
-116
-122
-129
-118
-102
-93
-84
-107
-124
-138
-139
-119
-99
-65
-52
-40
-38
-38
-19
-4
28
41
43
32
19
13
-2
-5
-7
-7
-2
-1
1
-2
0
3
14
34
52
72
73
64
54
50
49
43
52
54
53
52
43
39
46
69
95
116
119
110
108
110
121
135
139
134
125
102
97
99
105
117
106
103
82
59
47
22
30
35
23
8
-37
-58
-76
-86
-68
-73
-67
-85
-117
-129
-159
-156
-147
-147
-137
-168
-191
-214
-234
-215
-205
-180
-171
-181
-171
-175
-149
-122
-94
-51
-44
-34
-41
-45
-19
-11
18
31
17
14
-10
-7
5
14
41
48
59
64
64
85
100
122
138
150
166
160
167
170
162
165
156
162
161
153
151
143
139
125
116
101
81
68
56
47
38
27
25
12
-11
-26
-38
-40
-45
-53
-53
-63
-66
-73
-68
-50
-42
-34
-41
-58
-74
-84
-82
-73
-67
-64
-75
-90
-102
-107
-92
-68
-47
-41
-52
-71
-94
-95
-85
-63
-44
-39
-45
-69
-92
-111
-106
-90
-75
-63
-67
-72
-80
-86
-70
-50
-22
15
28
37
37
36
45
47
62
74
87
87
82
95
103
121
129
127
142
140
140
145
140
143
128
118
111
92
84
77
81
88
88
90
79
76
80
74
74
68
60
53
43
34
14
-1
-18
-34
-41
-51
-58
-62
-60
-64
-64
-56
-45
-37
-46
-60
-81
-98
-108
-122
-131
-144
-157
-153
-150
-142
-127
-117
-102
-94
-85
-76
-73
-72
-70
-74
-77
-83
-97
-104
-100
-90
-77
-63
-49
-34
-16
-1
18
32
44
54
52
45
35
35
38
38
38
35
47
58
67
79
86
90
96
100
107
117
117
113
103
97
88
78
82
77
83
90
82
85
74
63
66
64
71
73
70
67
58
51
38
32
34
33
28
15
4
-3
-10
-16
-25
-28
-27
-34
-46
-59
-76
-86
-96
-93
-93
-100
-105
-116
-116
-118
-111
-102
-100
-93
-102
-109
-110
-108
-91
-82
-64
-49
-48
-47
-58
-60
-57
-46
-25
-13
5
1
-11
-13
-15
-3
9
31
48
46
37
26
14
12
17
35
49
52
43
26
18
23
38
50
54
56
54
57
63
80
99
101
98
84
61
55
63
86
111
122
112
84
69
61
83
110
125
146
141
131
103
75
72
68
74
78
65
44
16
0
-5
-7
-15
-28
-27
-43
-53
-51
-66
-74
-101
-123
-147
-178
-177
-178
-176
-176
-183
-194
-212
-226
-242
-235
-220
-196
-171
-174
-177
-188
-199
-189
-179
-150
-125
-122
-117
-125
-112
-90
-59
-18
-2
12
-1
1
24
58
118
159
185
173
148
139
155
217
268
311
315
266
223
192
212
259
291
299
258
204
163
158
191
217
220
194
153
123
108
108
116
116
110
88
59
29
5
0
-12
-24
-37
-62
-75
-94
-113
-125
-132
-128
-131
-138
-147
-167
-185
-181
-154
-129
-117
-119
-148
-176
-188
-165
-123
-88
-56
-62
-91
-131
-142
-116
-86
-57
-52
-68
-90
-104
-96
-88
-63
-27
-12
-6
-20
-24
-9
11
52
74
96
95
78
74
65
87
105
111
114
90
87
67
56
60
45
54
41
32
17
-11
1
-18
-15
-12
-28
-25
-54
-54
-58
-60
-32
-36
-19
-23
-30
-14
-24
1
18
35
59
43
56
44
41
59
50
62
48
38
43
35
49
46
40
34
7
3
4
9
25
17
12
0
-22
-17
-17
-14
0
-9
-17
-33
-52
-39
-40
-26
-13
-26
-22
-38
-36
-26
-29
-11
-11
-6
-2
-2
5
3
19
22
27
37
24
23
4
1
6
-6
-6
-20
-29
-40
-47
-48
-48
-32
-27
-16
-12
-29
-24
-20
-5
14
11
13
-1
-13
-17
-21
-12
-15
-13
-13
-16
-10
1
18
35
43
46
42
35
31
21
