362
403
455
511
550
586
610
630
647
657
666
669
666
653
640
622
605
589
564
531
494
460
425
384
343
308
267
233
199
152
107
51
-2
-55
-106
-150
-197
-236
-277
-324
-358
-392
-431
-454
-478
-490
-505
-517
-518
-530
-531
-532
-533
-527
-522
-510
-498
-486
-469
-450
-430
-404
-378
-351
-318
-293
-263
-225
-194
-159
-138
-119
-84
-63
-34
-1
17
40
63
84
104
129
153
170
189
212
233
253
269
286
302
313
326
328
330
334
336
343
343
334
339
338
331
330
319
319
320
308
304
291
273
253
225
200
180
152
133
115
88
70
52
33
20
9
3
-10
-25
-38
-54
-73
-88
-102
-121
-133
-150
-160
-165
-174
-190
-202
-206
-215
-211
-211
-220
-217
-209
-201
-192
-180
-169
-162
-147
-139
-135
-128
-130
-131
-132
-125
-124
-123
-115
-116
-113
-106
-93
-81
-73
-63
-52
-44
-37
-30
-29
-20
-11
-5
6
17
30
41
50
60
67
78
96
108
115
117
118
116
115
115
116
118
120
121
118
112
106
107
111
118
119
125
125
127
132
128
120
121
122
119
113
98
83
62
49
43
33
21
8
0
-16
-23
-36
-49
-60
-80
-96
-112
-117
-122
-132
-145
-149
-145
-156
-165
-162
-166
-166
-156
-156
-149
-133
-125
-117
-103
-79
-74
-62
-26
-18
-4
24
32
44
69
82
78
96
117
103
108
118
99
93
97
82
70
71
62
35
36
33
5
8
9
-5
-3
4
4
-13
-5
0
-9
8
13
17
30
37
34
41
50
45
43
46
56
49
53
57
44
43
28
12
3
-10
-12
-44
-57
-63
-85
-90
-104
-108
-111
-117
-118
-130
-119
-115
-112
-93
-92
-79
-69
-61
-42
-46
-31
-17
-6
19
13
24
28
26
50
53
62
62
60
73
57
61
59
49
65
51
53
51
31
35
12
4
-5
-10
-7
-19
5
13
22
36
34
54
50
65
79
76
89
69
67
61
35
32
11
11
1
-14
-9
-32
-28
-31
-45
-38
-45
-46
-50
-58
-61
-63
-56
-59
-65
-59
-64
-73
-80
-75
-65
-71
-52
-40
-48
-34
-37
-35
-34
-18
5
-2
18
22
14
24
25
32
51
74
80
81
93
90
76
77
90
95
109
99
71
70
58
28
-3
-4
0
-25
-47
-60
-77
-93
-102
-105
-85
-46
-28
-39
-46
-28
-36
-46
-27
-13
-5
-3
-14
-30
-21
-14
-36
-43
-22
-14
-17
-11
-1
-3
6
10
-8
20
48
32
30
36
33
20
11
15
19
29
28
14
2
3
-7
-24
-16
-19
-20
-12
-22
-12
-12
-32
-19
-24
-33
-6
7
3
34
54
45
71
76
83
84
81
102
81
84
85
45
45
42
4
-24
-3
-32
-50
-28
-52
-48
-48
-39
-50
-52
4
-25
-43
5
-7
-24
-4
7
-19
-10
-2
-37
-21
-16
-28
-49
-31
-20
-71
-63
-56
-76
-71
-60
-67
-56
-37
-47
-48
-35
-18
-17
-13
10
13
23
32
20
15
31
30
13
17
20
4
2
7
1
17
22
22
28
28
44
55
73
88
103
121
102
113
97
79
81
48
48
31
22
-6
-37
-33
-64
-56
-51
-60
-52
-48
-47
-50
-18
-9
7
18
5
3
9
4
-7
4
11
-5
-6
-23
-37
-28
-35
-58
-54
-32
-42
-44
-43
-58
-57
-52
-45
-43
-15
15
-7
-3
-3
-1
8
8
45
43
52
62
34
29
12
16
6
22
18
8
11
-15
-13
-21
-25
-11
3
25
28
38
44
40
43
35
19
13
18
15
-5
-4
-5
-42
-33
-46
-54
-47
-49
-32
-66
-53
-34
-44
-25
-7
6
1
17
31
12
20
26
22
24
35
47
44
52
44
31
40
35
25
30
22
15
0
-7
-18
-31
-26
-33
-28
-29
-23
-27
-26
-25
-45
-16
-4
-2
5
10
21
-2
10
-12
-38
-24
-29
-43
-35
-14
-31
-23
0
12
21
43
45
40
62
63
54
40
52
47
40
49
23
23
5
4
-19
-36
-19
-37
-37
-40
-42
-47
-44
-15
-44
-33
-4
-25
-22
-9
-8
-14
28
16
-22
7
33
6
4
37
4
10
9
0
-23
-20
-25
-84
-32
-34
-53
-42
-43
-47
-64
-16
-25
-23
0
-16
5
-2
1
9
23
9
-38
11
19
-25
-18
-37
-11
10
-1
13
33
74
36
60
125
96
92
101
143
152
147
156
123
141
111
45
75
90
11
-21
41
48
-40
-47
-33
-79
-12
-23
-79
59
61
-11
19
82
46
-25
67
-14
-1
101
-43
-36
19
-23
-81
-71
-64
-157
-99
-100
-163
-100
-136
-192
-175
-175
-192
-177
-149
-210
-225
-164
-188
-199
-207
-252
-157
-128
-195
-144
-83
-26
-104
-68
58
-7
63
49
50
163
182
184
142
214
203
168
265
225
175
235
275
261
221
264
232
182
255
187
189
231
189
155
90
136
76
62
119
-3
-1
39
53
-35
-70
-14
-30
9
-51
-57
-52
-40
-42
-126
-60
-82
-81
-103
-116
-74
-175
-159
-176
-251
-242
-149
-169
-333
-286
-249
-241
-241
-328
-307
-184
-153
-246
-212
-105
-108
-128
-65
45
79
80
45
43
143
103
149
167
144
206
211
229
155
138
138
159
175
95
84
126
87
51
102
102
111
58
30
124
118
136
61
26
168
144
136
124
105
144
139
83
70
114
89
48
-17
19
60
-39
-110
-116
-109
-83
-110
-271
-217
-104
-217
-185
-152
-224
-190
-187
-199
-140
-106
-149
-180
-114
-61
-111
-63
-40
-68
-31
23
26
-10
69
-42
32
112
-7
60
10
68
56
76
108
27
111
-64
3
33
-17
44
-70
59
-51
26
9
-88
106
-43
-1
-17
-9
66
32
92
16
95
97
50
69
72
105
47
159
156
163
276
98
25
153
176
145
198
147
46
170
184
95
139
42
-80
-99
41
107
66
53
-125
-143
-97
-114
-154
-165
-247
-426
-227
-52
-94
-131
-164
-284
-290
-166
-376
-242
-34
-206
-134
38
90
-11
-57
-140
-191
2
85
160
192
173
85
-52
7
-88
-133
36
72
101
107
104
52
-105
-82
-124
-81
65
109
308
208
283
187
-87
121
21
111
282
332
232
142
161
-120
161
-2
-102
45
-243
114
-32
-245
-199
-368
-273
-54
-61
-58
-129
-452
-158
-86
-115
22
-42
232
307
141
-21
72
-15
70
287
121
382
207
119
386
-11
-92
-131
-211
50
57
143
131
-85
-87
-170
-193
-21
-280
-387
-116
-217
-51
220
-119
-117
-70
-375
-66
-36
-115
-94
76
170
-35
348
-42
-99
-37
-6
180
79
326
-90
471
556
130
221
25
86
-113
179
190
326
319
23
263
22
-40
-618
-300
490
137
241
-54
-129
-468
-635
-645
-833
-12
-108
225
422
398
324
-621
-602
-811
-421
591
367
122
291
23
9
32
20
228
245
234
214
495
-4
-272
-606
-959
-295
-442
-49
70
-162
36
-184
-79
-635
-455
-253
-396
131
8
237
88
180
95
-34
490
144
524
711
370
204
135
192
-57
116
120
167
380
251
83
-49
130
-246
-449
-1
-33
294
385
181
-36
-225
-35
-316
72
209
115
556
193
318
205
-118
206
-92
162
397
166
114
274
244
-451
-32
188
130
350
36
127
150
-64
-664
-531
172
-188
-497
-180
-234
-405
53
-210
-559
-164
-570
-1003
-503
-297
-549
-233
-13
-302
-255
-26
-654
-779
-285
-310
-31
116
398
124
-73
96
-714
-345
361
400
435
544
613
-226
-83
148
-132
470
462
347
518
930
823
195
260
-415
-608
89
-57
181
496
269
342
362
448
419
33
-237
-605
-311
163
329
786
842
626
290
877
637
-340
84
-633
-947
-175
303
671
602
469
-334
132
450
-789
-784
-691
-718
-751
-428
15
-326
-228
-715
-770
142
83
-59
148
197
-184
-553
-606
-919
-571
-354
-717
-302
63
233
103
85
214
-155
-155
-286
-116
237
61
-10
-367
172
1092
669
529
368
-118
32
11
222
327
-18
243
-103
-146
-137
-420
-108
-146
461
674
624
804
-98
-519
-851
-107
228
101
1370
686
448
792
349
470
46
-8
-248
-288
247
-303
-598
-514
-330
-54
130
493
263
68
199
-387
-244
82
165
275
-220
-140
-42
105
324
-241
-312
-359
45
46
-606
-647
-731
-537
-664
-854
-273
-385
-183
-117
-603
224
489
-116
-535
-636
54
201
-67
-641
-603
167
269
218
160
1187
1458
401
366
88
271
268
-757
-492
625
1019
324
-12
-322
-636
-578
-162
1282
1766
1233
965
429
625
83
-1041
-528
180
-6
-118
-35
118
180
-410
-1053
-292
236
397
577
-252
-282
-520
-384
-88
-880
-382
-193
240
569
-138
-329
-198
-316
-1410
-966
-285
-75
528
402
304
396
718
152
-208
-285
-677
-515
-420
-360
-471
411
447
-307
67
84
186
-185
-417
-49
232
589
137
428
819
592
277
-559
-563
-410
40
390
0
320
114
34
546
678
861
986
798
263
617
219
-747
-613
-643
-846
-815
79
357
237
340
-194
-332
-284
-344
-1227
-1231
-368
-255
579
768
486
220
-86
198
7
89
330
178
145
125
137
322
792
710
-2
19
300
-3
-254
-338
-496
-751
-897
-410
21
-4
-30
-271
-302
-12
-23
-171
-143
-202
-3
325
313
158
-330
-390
-277
-456
-559
-710
-147
47
5
521
742
799
409
187
-149
397
1302
568
346
106
-295
-471
-552
-220
-446
95
142
-403
48
-104
-314
-85
-131
-315
-370
27
179
105
657
779
742
1093
637
-68
-215
-221
-554
-484
173
288
289
412
-47
-661
-539
-389
-890
-662
321
115
-463
-90
-261
-86
679
249
-128
354
696
27
-527
-348
-453
-43
546
506
382
533
283
-701
-617
-364
-595
-200
-87
11
141
35
62
332
411
96
3
97
430
370
214
518
319
-58
-269
-386
-257
-416
-357
12
8
-48
-474
-560
-295
-660
-641
-412
-49
484
483
424
342
305
13
-50
496
495
533
511
467
348
-40
144
166
452
230
-401
82
265
3
-285
-481
-559
-262
-28
-435
-361
-400
-368
43
53
100
42
-130
-394
-793
-603
-192
36
385
117
-103
210
30
-356
-349
58
17
163
379
194
349
224
265
242
497
707
400
501
66
-39
104
-41
-109
-164
-7
-228
-228
-242
-404
-304
-544
-685
-426
-41
183
129
414
469
198
385
219
256
384
202
149
-24
240
-154
-434
56
77
147
-16
-58
-276
-233
-75
-868
-688
-129
-34
201
85
42
118
29
37
104
201
330
307
349
288
62
-99
-253
-183
-86
-187
-200
-24
-205
-311
-177
-296
-213
-99
-175
-245
-107
70
122
179
6
183
572
432
306
248
310
487
286
-59
-214
-53
-58
-298
-224
-116
-73
-1
-38
-166
-138
-95
-204
-128
-46
159
328
218
242
307
558
580
340
312
118
170
262
76
46
112
67
-106
70
-31
-416
-377
-332
-225
-193
-23
1
-335
-101
-254
-494
39
110
22
105
137
58
-238
-249
-536
-868
-373
-67
-326
-280
-332
-580
-517
-589
-668
-508
-244
-233
-256
146
231
94
148
112
188
383
566
606
432
292
131
140
290
112
-6
138
271
248
-3
-76
-78
-67
189
259
261
397
542
542
365
312
193
255
480
395
377
360
179
40
-12
-35
-152
-209
-208
-152
-109
-250
-288
-351
-428
-297
-224
-128
-26
-61
-66
-22
65
72
35
71
-17
-84
8
39
-57
-177
-308
-342
-329
-424
-544
-575
-390
-306
-337
-262
-251
-161
-139
-131
13
162
386
468
488
421
333
328
232
253
218
240
344
382
308
100
220
128
36
334
312
419
452
331
368
313
309
84
66
181
2
-8
-140
-261
-286
-309
-231
-357
-485
-724
-839
-683
-713
-688
-662
-579
-466
-501
-396
-261
-104
87
202
381
632
858
885
970
1117
1197
1362
1263
988
760
683
652
429
365
242
57
-80
-399
-577
-810
-981
-935
-993
-928
-986
-1161
-1238
-1291
-1327
-1527
-1498
-1265
-1157
-995
-885
-840
-722
-486
-315
-238
37
410
733
1111
1419
1500
1502
1464
1409
1443
1623
1806
1775
1813
1763
1346
925
549
320
243
273
312
150
-9
-348
-795
-964
-1042
-898
-539
-354
-327
-319
-291
-327
-352
-342
-292
-16
146
6
-15
33
-83
-230
-238
-125
-11
71
-22
-94
-17
-128
-302
-362
-384
-545
-884
-1033
-953
-732
-562
-669
-548
-133
207
476
593
794
1121
1295
1224
936
803
569
81
-297
-591
-739
-986
-1403
-1913
-2362
-2488
-2665
-2636
-2560
-2634
-2530
-2543
-2250
-2004
-1890
-1472
-1146
-417
208
611
1231
1631
2317
2927
3410
4068
4421
4813
4948
4836
4852
4787
4800
4518
3911
3258
2611
2160
1514
536
-414
-1096
-1451
-1822
-2343
-2820
-3151
-3258
-3268
-3278
-3075
-2777
-2612
-2521
-2461
-2263
-1938
-1595
-1271
-1086
-779
-321
243
1014
1519
1735
1971
2270
2700
2913
2843
2633
2253
1919
1382
650
35
-643
-1298
-1958
-2474
-2647
-2760
-2847
-2966
-2999
-2835
-2557
-2218
-1991
-1778
-1709
-1688
-1450
-1130
-781
-681
-593
-257
223
897
1355
1768
2402
3076
3705
3989
4084
4129
4108
4019
3552
2891
2188
1441
606
-437
-1442
-2370
-3102
-3723
-4323
-4716
-4937
-4896
-4891
-4919
-4870
-4760
-4217
-3616
-3104
-2636
-2240
-1486
-552
332
1125
1902
2896
3994
5114
5962
6651
7361
7781
8070
8115
7910
7691
7200
6418
5443
4388
3347
2343
1342
216
-788
-1638
-2380
-2886
-3481
-4092
-4547
-4871
-5014
-5186
-5347
-5434
-5341
-5113
-4972
-4708
-4379
-3884
-3203
-2634
-1983
-1331
-597
201
799
1307
1592
1963
2389
2621
2715
2480
2303
2132
1785
1289
596
120
-245
-529
-860
-1284
-1410
-1491
-1426
-1366
-1357
-1136
-978
-712
-589
-532
-356
-274
-60
-75
-53
113
361
931
1327
1798
2213
2586
3175
3596
4138
4426
4493
4440
4083
3876
3405
2801
1983
842
-96
-1123
-1891
-2657
-3572
-4325
-5272
-5810
-6159
-6362
-6343
-6636
-6676
-6611
-6228
-5541
-5072
-4452
-3938
-3117
-1971
-878
428
1484
2629
3834
4852
5984
6825
7589
8106
8246
8339
8154
7983
7596
6857
6086
5136
4321
3520
2570
1683
733
-82
-822
-1583
-2241
-2954
-3544
-4073
-4610
-4973
-5307
-5487
-5565
-5617
-5471
-5193
-4734
-4208
-3694
-3089
-2433
-1680
-903
-179
489
1042
1509
1928
2274
2521
2608
2556
2455
2288
2095
1827
1470
1078
641
227
-127
-379
-548
-690
-836
-978
-1052
-1078
-1026
-934
-808
-675
-557
-391
-281
-144
-28
165
548
981
1483
1869
2286
2753
3240
3824
4140
4339
4309
4146
4012
3560
2951
1933
813
-132
-1150
-2005
-3125
-4272
-5306
-6313
-6909
-7457
-7741
-8004
-8375
-8470
-8495
-8037
-7403
-6732
-5896
-5110
-3864
-2425
-802
876
2239
3731
5121
6605
7985
8883
9595
9892
10141
10196
9946
9614
8863
8090
7126
6037
5106
4059
3186
2204
1207
268
-743
-1458
-2293
-3142
-4002
-4971
-5632
-6202
-6578
-6894
-7148
-7086
-6902
-6357
-5644
-4886
-3914
-2993
-2019
-1050
-97
887
1709
2436
2894
3198
3555
3810
3973
3871
3516
3097
2682
2364
1911
1335
749
131
-309
-724
-1206
-1686
-2194
-2548
-2837
-2974
-3007
-3079
-2951
-2801
-2529
-2068
-1556
-901
-210
588
1359
2107
2955
3691
4452
5034
5307
5440
5444
5371
5027
4437
3580
2533
1589
570
-525
-1636
-2824
-4045
-5215
-6247
-7168
-7888
-8525
-9227
-9806
-10054
-9897
-9357
-8602
-7909
-7043
-5742
-4016
-1960
5
1722
3329
5111
7005
8671
10042
10914
11507
12005
12228
12191
11843
11224
10333
9288
8128
6838
5612
4326
2964
1572
122
-1265
-2460
-3520
-4682
-5876
-7005
-7939
-8537
-8973
-9370
-9608
-9485
-9052
-8396
-7543
-6656
-5579
-4262
-2977
-1779
-671
402
1458
2456
3232
3711
4159
4638
5050
5286
5242
4984
4734
4537
4153
3556
2782
1952
1220
504
-256
-1064
-1748
-2280
-2688
-2954
-3162
-3161
-2962
-2665
-2338
-1939
-1306
-507
372
1127
1742
2493
3451
4478
5184
5490
5578
5715
5964
5893
5332
4314
3218
2266
1226
1
-1567
-3171
-4609
-5943
-7163
-8368
-9346
-10145
-10829
-11381
-11748
-11589
-11028
-10301
-9612
-8859
-7590
-5760
-3600
-1595
140
1969
4062
6374
8454
10001
11126
12054
12909
13471
13583
13213
12480
11586
10573
9445
8192
6846
5464
4065
2765
1561
381
-796
-2046
-3308
-4515
-5618
-6646
-7645
-8517
-9241
-9672
-9746
-9485
-8987
-8385
-7573
-6531
-5135
-3583
-2220
-1058
-24
1121
2298
3296
3975
4323
4643
4905
5066
5112
4933
4618
4186
3658
3049
2417
1785
1030
187
-680
-1470
-2065
-2556
-3101
-3683
-4069
-4135
-3947
-3649
-3339
-2849
-2018
-976
76
1109
2265
3596
4872
5787
6315
6784
7302
7552
7238
6331
5227
4273
3306
2032
365
-1389
-2966
-4341
-5577
-6912
-8151
-9171
-10058
-10743
-11348
-11728
-11798
-11604
-11247
-10823
-10034
-8799
-7123
-5210
-3367
-1385
927
3525
6097
8288
10145
11805
13389
14669
15275
15388
15064
14470
13738
12623
11235
9594
7961
6441
4954
3616
1993
436
-886
-2173
-3277
-4571
-5823
-7067
-8108
-8921
-9832
-10208
-10494
-10631
-10486
-10234
-9417
-8349
-6995
-5871
-4835
-3400
-1932
-208
1198
2123
2863
3671
4655
5236
5483
5269
4849
4692
4419
3860
3066
2317
1634
1002
378
-418
-1030
-1421
-1782
-2211
-2627
-2856
-2958
-2757
-2479
-2160
-1605
-915
59
1165
2493
3847
5016
6174
6977
7693
8267
8459
8293
7473
6434
5211
3981
2774
1118
-621
-2506
-4147
-5366
-6521
-7562
-8911
-10133
-10985
-11449
-11410
-11581
-11813
-11905
-11532
-10389
-9053
-7639
-6353
-4884
-2823
-516
1957
4161
6070
7912
9633
11377
12707
13590
14000
13868
13571
12957
12189
11149
9776
8310
6665
5307
4059
2744
1400
-200
-1574
-2791
-3863
-4963
-6365
-7551
-8602
-9270
-9614
-9978
-10136
-10113
-9567
-8686
-7625
-6409
-5395
-4165
-2743
-1290
123
1274
2265
3081
3966
4809
5346
5708
5770
5572
5354
5041
4526
3814
2893
1836
797
-26
-753
-1503
-2188
-2898
-3356
-3431
-3326
-3060
-2645
-2059
-1454
-722
210
1433
2945
4142
4852
5417
6258
7190
7697
7500
6663
5943
5444
4735
3609
2066
368
-1303
-2678
-3887
-5029
-6073
-7366
-8699
-9745
-10344
-10547
-10730
-11090
-11581
-11631
-10939
-9786
-8533
-7512
-6479
-4867
-2506
128
2395
4186
5795
7664
9765
11514
12583
12976
13068
13083
12936
12507
11588
10429
9160
7860
6625
5203
3788
2385
950
-514
-2102
-3486
-4717
-5799
-6915
-8178
-9002
-9380
-9434
-9451
-9548
-9289
-8519
-7217
-5995
-5037
-3986
-2734
-1088
510
1707
2520
3227
4123
4947
5536
5610
5311
5092
4915
4679
4125
3382
2670
1973
1285
410
-424
-1075
-1698
-2397
-3209
-3638
-3494
-3060
-2654
-2410
-1783
-461
1192
2557
3329
3989
4948
6027
6658
6442
5770
5153
4619
3953
2852
1478
113
-1186
-2397
-3625
-4681
-5594
-6559
-7572
-8637
-9329
-9578
-9668
-9834
-10252
-10359
-9854
-8790
-7520
-6583
-5606
-4293
-2349
28
2094
3841
5294
6938
8820
10418
11588
12055
12304
12464
12369
12062
11275
10435
9474
8336
7159
5782
4672
3507
2157
645
-1048
-2314
-3471
-4567
-5773
-7067
-7812
-8263
-8362
-8455
-8549
-8139
-7477
-6447
-5553
-4795
-3806
-2783
-1523
-546
189
945
1649
2509
3008
3249
3388
3396
3452
3113
2517
1853
1192
620
-240
-1237
-2111
-2703
-2987
-3333
-3631
-3601
-3173
-2400
-1679
-853
299
1542
2739
3549
4247
5137
5854
6235
6016
5558
5259
4885
4414
3498
2339
1157
-87
-1057
-2084
-3083
-4181
-5448
-6349
-7071
-7407
-7666
-8087
-8358
-8596
-8311
-7740
-7081
-6333
-5748
-4711
-3317
-1597
273
1824
3465
5124
6929
8718
10035
11037
11544
11900
12108
11967
11582
10628
9523
8371
7194
6067
4572
3036
1463
-1
-1271
-2745
-4100
-5444
-6569
-7389
-8165
-8599
-8970
-9085
-8917
-8581
-7755
-6873
-5934
-5014
-4051
-2667
-1175
285
1326
2096
3056
4064
5102
5579
5457
5192
4811
4504
3871
2727
1265
-297
-1584
-2805
-3967
-5161
-6333
-6902
-6926
-6538
-5998
-5425
-4320
-2594
-660
840
1864
3101
4670
6090
6776
6576
6301
6401
6366
5842
4801
3607
2574
1646
686
-439
-1393
-2263
-3239
-4020
-4897
-5565
-5727
-5986
-6451
-7137
-7576
-7184
-6295
-5622
-5588
-5236
-3939
-2025
55
1383
2426
4057
5985
7903
9285
10092
10712
11315
11876
11928
11662
11161
10345
9624
8532
7053
5626
4090
2549
801
-1267
-3313
-4967
-6207
-7636
-9156
-10354
-11005
-10935
-10849
-10958
-10765
-9959
-8618
-7344
-6202
-5119
-3757
-1891
-184
1327
2584
3671
4952
6216
7265
7652
7576
7329
6906
6422
5194
3425
1620
-187
-1849
-3739
-5574
-6982
-7709
-7954
-8310
-8167
-7280
-5487
-3368
-2037
-935
450
2511
4502
5348
5480
5184
5465
5895
5624
4994
3631
2528
1758
955
229
-1004
-1946
-2829
-3633
-4296
-5217
-5322
-5438
-5811
-6283
-6819
-6110
-4998
-4062
-3623
-3329
-1946
-52
2115
3512
4236
5412
6766
8577
9769
10067
10197
10349
11005
11247
11077
10527
9881
9766
9062
8076
6719
5129
3832
2009
-75
-2533
-4621
-6248
-8103
-9673
-11506
-12631
-12841
-13018
-12942
-12916
-12152
-10857
-9345
-7797
-6777
-5089
-3139
-1290
583
1885
3292
4867
6428
7570
8124
8563
8625
8666
8352
7129
5620
4052
2437
695
-1452
-3790
-5371
-6179
-6973
-7817
-8113
-7088
-5483
-4262
-3594
-2822
-750
1264
2212
2396
2153
2677
3142
3203
2790
1644
980
242
24
66
-717
-1194
-1835
-1971
-2021
-2539
-2506
-2976
-3236
-3893
-4856
-4535
-4250
-3876
-4032
-4136
-3027
-1423
891
2232
3289
4949
6601
8898
10177
10595
10608
10542
10999
10704
10329
9346
8246
7916
7121
6518
5483
4378
3588
2447
1407
-261
-1495
-2452
-3868
-5217
-7145
-8376
-8965
-9713
-10652
-11816
-12027
-11618
-10703
-9962
-9510
-7985
-6176
-4048
-1852
-100
1730
3458
5136
6413
7390
7771
7478
7497
7083
5934
4592
3074
1677
356
-1228
-2809
-3524
-3636
-4015
-3933
-3085
-2246
-1282
-561
-187
646
1186
973
573
349
-36
-866
-1323
-1933
-2636
-3065
-3879
-3997
-3724
-3639
-3632
-3601
-2897
-2678
-2126
-1409
-1542
-1059
-1124
-1010
-243
-85
33
-168
599
1483
2144
3414
3721
4794
6110
6768
7716
8001
8307
8177
8011
7811
6780
6548
5990
4970
4281
3168
2272
1608
880
-258
-1331
-1853
-2525
-2819
-3024
-3697
-4157
-4427
-4565
-4626
-4815
-5022
-5267
-5175
-4765
-4656
-4356
-3739
-3214
-2343
-1115
-28
1035
2530
3608
4270
5370
5648
5559
5694
4622
3192
2002
287
-1698
-3360
-4837
-6250
-6624
-6718
-6652
-4929
-3240
-2078
-582
834
2502
3721
4228
3804
3102
3022
1735
387
-775
-2713
-4045
-5516
-6501
-6977
-7252
-7209
-7665
-6950
-6391
-5937
-4514
-4162
-3541
-3062
-2671
-1329
-276
686
899
1863
3726
5271
7291
8198
9250
10951
12121
13318
13574
13641
13202
12257
11450
9767
8386
6689
4389
2313
266
-1209
-2798
-4301
-5817
-7239
-7728
-8080
-8192
-8131
-8028
-7824
-7453
-6556
-5807
-5499
-5181
-4790
-4286
-3172
-2541
-2300
-1052
193
1271
2638
4256
5699
7264
8576
8747
9851
10701
9970
9001
7355
5610
3797
1583
-1462
-4377
-5852
-7504
-8615
-8911
-8717
-7452
-6128
-4625
-3276
-1345
685
1103
1488
1556
1282
819
-312
-1613
-3516
-4832
-6268
-7524
-7565
-8452
-8950
-8958
-8343
-7232
-6984
-5907
-5362
-4658
-3524
-3519
-2526
-1507
-621
-179
450
2510
3897
6198
7968
8863
11356
13257
14865
16100
16731
16742
16108
16097
14675
13099
11791
8902
6658
4633
2165
-81
-2165
-4214
-6432
-7549
-8480
-9497
-9418
-9747
-10222
-9968
-9462
-8912
-8538
-8167
-8131
-7640
-6256
-5594
-5067
-3857
-2612
-1139
689
2358
3828
5905
7734
8604
9766
10771
10879
10430
9531
7856
5891
4222
1698
-717
-2407
-4413
-5871
-6282
-5491
-4930
-4551
-3584
-2771
-417
1288
1120
973
749
1081
186
-1051
-2528
-4996
-6032
-7817
-9145
-9538
-10398
-10639
-11285
-10094
-9261
-8897
-6979
-6851
-5943
-5047
-4515
-3117
-2195
-813
-1253
-81
2529
3887
6928
8245
9425
12032
14503
16946
17546
18468
18181
17712
18230
16176
14668
12706
9803
7591
4868
2908
307
-1788
-3630
-5976
-6533
-7631
-8194
-8302
-9128
-9303
-9852
-9196
-8828
-9220
-9136
-10064
-9421
-8286
-7937
-7316
-6805
-4935
-2671
-87
2108
3643
6372
8173
9582
10905
10909
10591
9471
7973
6043
3792
1360
-1551
-3293
-4573
-5925
-5833
-4708
-3439
-2249
-1223
396
2606
4183
4336
3346
3307
3311
2008
533
-1971
-4477
-6319
-7737
-8966
-10240
-10350
-11228
-10955
-9274
-9220
-8019
-6983
-6544
-5754
-5154
-4064
-3706
-2535
-2436
-2951
-1326
-527
1091
2809
3970
6009
8152
11594
13819
15534
17108
17315
18477
18383
17682
16379
13736
11680
8484
5709
3010
-555
-3357
-6080
-7438
-8423
-8898
-8537
-8727
-7722
-6898
-6085
-5068
-4898
-4462
-4993
-5067
-4977
-5677
-5638
-5982
-5797
-4780
-3045
-1102
435
3020
5179
7237
9267
9985
10325
10022
9145
7225
5011
2820
-256
-2518
-4447
-5940
-5998
-5724
-5146
-4276
-2759
-782
911
2352
2951
3142
3424
3187
2600
1216
-1089
-3744
-6417
-7808
-9061
-10499
-11458
-12717
-12406
-11603
-10744
-9133
-8301
-7007
-6028
-4542
-2354
-1183
-28
82
849
2300
3335
4829
5300
6522
7915
9140
11281
12437
13547
14062
14360
14701
14471
14484
12760
11073
9394
6636
4754
2168
-487
-3172
-5602
-6976
-8377
-8359
-8822
-9502
-8874
-8404
-7242
-6356
-5391
-4748
-4626
-3316
-3055
-2785
-2133
-2383
-2033
-937
569
1452
3011
4832
5692
7458
8624
8903
9001
8398
6977
5088
3675
1333
-1187
-2937
-4285
-4489
-4547
-4256
-3930
-3224
-1487
-724
-249
81
124
306
61
-61
-1372
-3041
-4430
-6216
-6778
-7707
-8706
-9312
-9750
-8816
-8802
-8205
-6898
-6388
-5315
-4839
-3778
-2612
-1482
-517
-959
502
1796
2673
4553
5313
6730
8115
9578
10892
11599
12588
12110
12399
12664
11891
11422
9632
8261
6810
4795
3044
734
-1208
-3281
-4730
-5656
-6541
-6723
-7506
-7581
-6954
-6464
-5669
-5397
-4666
-4030
-3812
-2960
-2594
-2297
-1474
-854
-243
1121
2653
3385
4536
5711
6094
6850
7322
6950
6305
5452
4043
2362
822
-921
-2631
-4067
-3983
-3485
-3912
-3273
-3050
-2402
-519
-450
-1096
-1247
-774
-1026
-1503
-1474
-3087
-4079
-5141
-6358
-6556
-7411
-7583
-8619
-8628
-7666
-8397
-7166
-5853
-5291
-4970
-4231
-2097
-893
1238
1691
1902
4970
6548
7987
8913
9829
10949
11533
13170
12881
12753
12426
10987
10689
9444
8614
6688
4602
3724
1092
-635
-2169
-4033
-5710
-7413
-7955
-8979
-8542
-8260
-9501
-8775
-7891
-7037
-6361
-5595
-4445
-4468
-3178
-2196
-2218
-902
197
729
1952
4605
5958
6624
8767
9172
9278
10288
9973
8700
7302
5453
2523
456
-752
-2895
-4618
-4170
-3294
-3523
-2448
-1384
-1020
226
335
-941
-2107
-1742
-2646
-4616
-4673
-6386
-8646
-9405
-9496
-10145
-10516
-9334
-10629
-10139
-7962
-8513
-7161
-5467
-5007
-5178
-3511
-747
-140
2222
3083
3821
7107
9177
11053
11638
13362
14440
14222
15933
15645
14878
13791
12854
11942
10469
10773
8342
6378
5759
2968
1166
-325
-2176
-5530
-7643
-8583
-10423
-9824
-10647
-12204
-11937
-10772
-9253
-9106
-7208
-6371
-6315
-3953
-3392
-3015
-2145
-1460
-1267
-96
3000
3398
4252
6119
6192
6964
7909
8149
6968
5876
4656
2226
1347
663
-1395
-2734
-1485
-494
-539
933
1604
1799
2360
2015
452
-622
-541
-2961
-4675
-4893
-6990
-8815
-9565
-9493
-10618
-10655
-10131
-11536
-10567
-10420
-11070
-10095
-9269
-8939
-9500
-7069
-4552
-2950
-7
1866
5406
9025
12230
14898
16309
18881
19347
19446
19799
19017
17745
15188
13926
11887
10217
9713
7534
6549
5352
3600
2182
932
-501
-3569
-5409
-6832
-8013
-8564
-10174
-11066
-11478
-10546
-9761
-9664
-7850
-7212
-6900
-5593
-4707
-4091
-3234
-2245
-2049
-183
2230
2990
4390
5358
5494
5686
6059
5910
4137
2250
203
-1801
-2691
-3586
-4649
-4413
-3065
-2281
-1408
293
1862
2208
1932
1600
769
880
444
-1278
-2331
-3468
-5125
-6389
-6200
-6901
-7906
-7763
-8749
-8520
-8430
-9274
-8930
-9030
-9069
-9201
-8144
-6146
-4537
-2934
-1677
1817
5239
7790
10720
12053
14062
15703
16403
16904
16608
16065
14442
13722
12704
11529
11338
9638
8963
7937
5909
4762
2713
220
-2745
-4891
-6765
-8364
-8502
-9689
-9927
-9169
-8062
-6319
-5645
-3858
-2886
-2734
-1437
-1533
-1772
-1339
-1117
-1563
-628
1401
1607
2876
4052
4035
4736
4855
4609
3037
1166
-594
-3107
-4127
-4990
-5920
-5671
-4554
-3517
-3254
-1484
309
434
495
-229
-1023
-946
-1319
-2825
-4178
-4330
-5210
-6011
-5291
-5586
-5736
-5108
-5784
-6192
-6658
-7623
-7975
-8469
-9281
-10148
-9591
-7902
-6214
-4423
-2722
546
4143
7214
10231
11862
13519
14631
14890
15138
14623
13821
12653
11968
11460
11294
11716
11064
11024
10664
9178
8419
6763
3944
887
-1552
-3500
-5406
-6428
-7787
-8653
-8180
-7250
-6234
-5691
-4096
-3381
-3795
-2528
-2395
-2841
-2120
-2081
-2182
-850
1289
2105
3153
4715
5004
5571
5725
4989
3256
711
-916
-3361
-5233
-5853
-7235
-6907
-5298
-4280
-3727
-2319
-126
2
-194
-523
-1891
-2395
-3341
-4713
-6084
-6660
-6883
-8039
-7081
-6265
-6568
-5583
-5507
-5676
-6313
-7099
-7074
-7636
-8279
-9181
-8767
-7139
-5563
-3708
-2141
1133
4354
6176
8672
10578
11702
11907
11678
11629
11315
11085
10419
10255
10419
10815
11947
12588
13336
13114
11787
11076
9772
7022
3617
1008
-930
-2721
-3691
-4160
-3923
-3113
-2140
-1011
-154
1062
1228
-529
-1350
-1980
-3854
-4728
-5053
-5895
-5320
-3423
-1814
-45
1979
3102
3557
4039
3754
2055
-423
-2474
-4906
-7657
-8665
-9225
-9160
-7176
-5623
-4682
-2872
-634
405
92
-519
-1809
-2974
-3612
-4727
-5982
-6520
-6507
-6959
-6406
-4936
-4520
-3800
-3415
-4167
-4908
-5880
-6673
-7415
-8399
-9254
-9025
-7430
-5631
-3389
-1006
1935
5478
7570
9080
10461
10957
10690
9773
8984
8256
7753
7500
7491
8155
9271
10887
11815
12214
12651
11532
9973
8445
5445
2072
-189
-1702
-3036
-3137
-2322
-1599
13
2027
3369
4346
5424
5288
3129
1605
382
-1890
-3202
-3939
-4865
-4223
-2062
-336
751
2337
3585
3633
3305
2604
502
-2318
-4456
-7003
-9486
-9848
-9739
-9646
-7482
-4608
-3006
-1513
631
1562
657
-596
-2445
-4732
-5698
-6716
-8617
-8894
-7743
-7688
-7278
-5397
-4365
-3675
-2983
-4004
-5470
-6819
-8186
-9293
-10500
-11166
-10510
-8514
-5618
-2530
180
3287
7032
9005
9727
10705
10637
9448
7768
6188
5331
5286
5678
6211
7535
9368
11089
12513
13142
13339
12232
9966
7714
4498
1039
-1199
-2742
-3515
-3303
-1847
586
3121
5039
6424
7467
7403
6642
4930
2138
421
-1461
-3625
-3749
-3007
-1957
-154
1906
3736
4964
5639
5280
3824
1552
-1042
-3895
-7192
-9346
-11227
-13014
-12222
-10654
-9502
-6245
-2048
173
1349
2267
2051
1328
-564
-4048
-6822
-7729
-7793
-8151
-7747
-5501
-3679
-3214
-2044
-1092
-1543
-2087
-3998
-7675
-10313
-11935
-13376
-13665
-12972
-11693
-9060
-4919
-610
2562
5148
7761
8806
8029
7555
7014
5374
4102
3272
3047
4831
7042
8414
10242
12303
13724
14199
13696
12682
10605
7388
4264
1473
-876
-1819
-1813
-1397
433
2773
4965
7200
7831
7419
6810
5031
3000
771
-2029
-3589
-3833
-4099
-3388
-1198
991
3276
5361
6451
7037
6428
4695
2344
-743
-3215
-5425
-7985
-9254
-9554
-9903
-9115
-7217
-6052
-4593
-1678
162
366
-159
-1220
-2378
-4288
-6551
-8952
-10107
-8443
-6941
-6206
-4125
-1680
-994
-897
-494
-2141
-3738
-4894
-8222
-10898
-12008
-12346
-11603
-10388
-8436
-5690
-2267
1176
3233
3922
4978
5921
4571
3328
3665
3455
3773
4865
6043
8736
11568
13062
13992
14570
14574
13450
11447
9391
7087
4162
1811
560
-595
-875
-230
498
1873
3183
3963
4559
4336
3187
1714
112
-1520
-2851
-3677
-3696
-3143
-2620
-1460
570
2426
3806
4697
5132
5508
5045
3457
2108
1180
-242
-1773
-2780
-3411
-3611
-3740
-4505
-5282
-5066
-4396
-4387
-3721
-2189
-1565
-1683
-2168
-2293
-2474
-3732
-5436
-7105
-7188
-5940
-5689
-6060
-5466
-4768
-5409
-5492
-5700
-7079
-7354
-7932
-9309
-9862
-9810
-8943
-7988
-7340
-6029
-3836
-1658
-281
185
738
2523
3460
2730
3036
4474
5673
6741
7952
9946
12060
12822
12999
13136
13303
13536
12392
10606
9911
9221
8096
7467
6537
5199
4461
3823
3294
2708
1835
1352
403
-650
-972
-1679
-2500
-3035
-3863
-4075
-3401
-3309
-3461
-2837
-1966
-1168
-308
673
1696
2305
2446
2690
2815
2866
2592
1400
642
119
-1150
-2346
-3524
-4711
-5136
-4771
-5048
-5123
-3123
-1094
-438
-1030
-2053
-2625
-3898
-5930
-8122
-9631
-9442
-8707
-8676
-7874
-5707
-4893
-4525
-3647
-4572
-5223
-5263
-6945
-8952
-10129
-10219
-9552
-8869
-7743
-5512
-3398
-1419
949
1896
3050
4414
3849
4083
5188
5437
6181
7894
9617
11250
12799
14140
15643
15967
15462
15234
13891
12600
11593
9558
8185
7285
5817
5157
4787
3880
3315
2652
1664
385
-1173
-2101
-3148
-4937
-6024
-6369
-6876
-6906
-6689
-6343
-4906
-3428
-2320
-927
522
1778
2425
2894
3422
3633
3753
3421
2539
1922
1429
682
-42
-1068
-2238
-3251
-4072
-4110
-4427
-5419
-4824
-3648
-3739
-4208
-5515
-7261
-8336
-9555
-10703
-11108
-10425
-8687
-6825
-5179
-3778
-2906
-2317
-2091
-3634
-5004
-4833
-6064
-7634
-7820
-7734
-6618
-4902
-3762
-2272
-339
939
1546
1501
1288
1396
1057
1334
2463
3632
5923
8605
10626
13042
15341
16256
16674
16329
14687
13513
12289
10758
10002
9401
9592
10155
9717
9187
8508
7068
5148
2672
18
-2285
-4536
-6524
-7500
-7899
-7935
-7306
-6877
-6135
-4998
-4575
-3916
-3557
-4031
-3844
-3248
-2268
-955
66
1487
3179
4423
5343
5860
5822
5086
3361
1262
-439
-2259
-4371
-6286
-7948
-8813
-8727
-8467
-7955
-6772
-5567
-4728
-4825
-5911
-6834
-7668
-8503
-8973
-8976
-7310
-4484
-2517
-1289
-241
563
1096
329
-1526
-2345
-2739
-3862
-5060
-6023
-5710
-4652
-4493
-4127
-3072
-2232
-1595
-1883
-2707
-2315
-1480
-573
1314
3423
5892
8908
11317
13565
15637
16338
16443
16201
15227
14496
13520
12686
13318
13906
14283
15021
14510
12934
10611
6877
3214
-125
-3692
-6045
-7421
-8194
-7556
-6655
-5752
-4591
-4437
-4711
-5069
-6404
-7657
-8463
-8965
-8178
-6756
-4834
-1939
859
3621
6061
6998
7076
6212
4285
2260
-390
-3080
-4780
-6239
-7254
-7841
-8530
-8689
-8828
-9528
-9857
-10027
-10301
-9959
-9358
-8364
-6728
-5707
-4944
-4111
-3849
-3298
-2748
-2137
-119
2131
3937
5544
6083
6096
5520
3514
1680
609
-600
-1478
-2590
-3937
-4469
-5515
-6532
-6145
-5474
-4012
-2112
-1001
558
1908
2351
3415
4528
5741
7898
9661
11393
13340
14120
14708
15137
14544
14104
13308
11875
11088
10180
9206
8961
8480
7865
7125
5431
3573
1667
-309
-1469
-2517
-3182
-2706
-2379
-2223
-2030
-2310
-2526
-3018
-4129
-4946
-5455
-5976
-6082
-5782
-4955
-3617
-2856
-2793
-3005
-3849
-5230
-7098
-9235
-10767
-11639
-12158
-12113
-11413
-10134
-8466
-7167
-6423
-5678
-5324
-5632
-6092
-6610
-6669
-5845
-4778
-3558
-2098
-591
1038
2249
2805
3214
3506
3643
3553
3195
3179
3621
3979
4213
4535
4910
5041
4633
3951
3367
2910
2654
2528
2690
3520
4491
5171
5782
6094
6185
6352
6243
5967
5832
5812
5981
5967
5684
5482
4946
4028
3079
1918
945
404
-289
-770
-680
-564
-192
514
1059
1406
1246
705
201
-627
-1511
-2083
-2325
-1790
-875
-153
696
1319
1312
967
179
-798
-1637
-2734
-3904
-4816
-5553
-5984
-6365
-6796
-6871
-6842
-6893
-6878
-6891
-6720
-6362
-6125
-5750
-5117
-4436
-3770
-3277
-2804
-2124
-1446
-913
-485
-57
425
759
825
804
820
725
406
78
-70
-78
-75
-217
-346
-179
35
-15
-158
-250
-203
-92
-102
27
502
1110
1781
2638
3714
4902
5955
6666
7160
7642
8043
8339
8629
8943
9229
9296
8981
8365
7546
6574
5589
4586
3697
3065
2412
1758
1175
442
-293
-1120
-2176
-3080
-3833
-4450
-4706
-4707
-4395
-3831
-3428
-3139
-2889
-2909
-3116
-3504
-4058
-4446
-4752
-5092
-5231
-5297
-5318
-5227
-5288
-5427
-5540
-5665
-5628
-5522
-5407
-5049
-4490
-3904
-3344
-2714
-1808
-812
19
725
1366
2041
2556
2731
2957
3342
3608
3684
3414
2990
2664
2067
1241
598
153
-115
-351
-699
-797
-656
-718
-844
-896
-938
-865
-941
-1110
-907
-609
-266
386
1133
2086
3148
3974
4838
5615
6027
6281
6275
5999
5651
5094
4604
4452
4277
4203
4280
4340
4547
4524
4198
3946
3650
3247
2632
1830
1217
765
273
-202
-387
-169
228
464
361
161
-313
-1366
-2790
-4501
-6094
-7391
-8500
-9310
-9696
-9497
-9115
-8733
-8591
-8722
-8685
-8880
-9000
-8833
-8221
-6650
-5202
-4065
-3124
-2838
-2915
-3309
-3515
-2818
-800
1923
4602
7046
8106
7705
6021
3406
1362
291
704
2483
4519
6248
6884
6018
3988
1587
-450
-1274
-475
1035
2882
4613
5274
4892
3666
2165
1152
738
1190
2092
2720
3571
4090
3683
3598
3695
3917
4590
4433
3764
2842
1262
-288
-1833
-2223
-997
402
1972
2992
3369
3654
2542
916
363
94
5
-127
-722
-605
-629
-1343
-717
229
703
1403
908
-140
-1646
-4396
-5934
-6783
-7655
-7160
-6902
-6579
-6143
-7013
-7168
-6715
-6556
-5877
-5518
-5401
-5416
-5846
-5865
-4929
-2746
53
2570
4196
4405
3390
1339
-867
-2044
-1859
-579
869
2008
2409
1740
434
-1121
-2231
-2768
-2974
-2989
-3146
-3311
-3737
-3710
-2558
-1162
639
2319
3420
4375
4356
4102
4605
5656
7524
9472
11214
12645
13115
13048
12328
11235
10403
9380
8475
7613
6562
5665
4676
3905
3066
1870
750
-603
-1815
-3093
-4561
-5294
-5678
-5756
-5583
-5421
-4770
-4051
-3363
-2721
-2486
-2490
-2797
-3236
-3927
-4530
-4420
-3783
-2694
-1940
-1534
-1377
-2246
-3446
-4837
-5915
-6105
-6522
-6624
-6424
-6525
-6478
-6922
-7455
-7490
-7235
-6306
-5000
-3512
-1836
-268
1000
1671
1994
2150
2254
2475
2635
3145
3978
4507
4844
5216
5715
6439
6686
6146
5409
4240
2718
1413
315
16
220
40
-74
-382
-1179
-1997
-2866
-2903
-1833
-858
43
667
723
594
-64
-447
19
526
1133
1672
2276
3414
4416
5610
7372
8861
9989
10254
9454
8426
6879
5428
5002
5021
5544
6088
6078
5920
5182
3985
3049
2112
909
-527
-2253
-3898
-5427
-7085
-8152
-8465
-8631
-8885
-9350
-9888
-10581
-11469
-12126
-12048
-11483
-11253
-11002
-10579
-10128
-9317
-8574
-7347
-5551
-4156
-2642
-1283
-207
974
1700
2535
3501
4244
5123
5609
5685
5604
5282
4901
4253
3330
2524
2024
1620
1206
824
315
-257
-1051
-1918
-2414
-2553
-2124
-1495
-799
228
1120
2084
2898
3555
4734
5817
6769
7342
7275
7408
7433
7631
8237
8837
9775
10360
10335
9889
8897
7715
6187
4584
3167
1997
1212
387
-416
-1024
-1606
-2332
-3479
-5068
-6455
-7408
-8213
-8441
-8313
-7947
-7409
-7562
-7704
-7677
-7854
-7695
-7539
-7059
-6158
-5577
-5045
-4272
-3339
-2334
-1485
-1006
-674
-645
-1135
-1568
-1842
-1814
-1349
-821
-51
776
1371
1923
2197
2258
2240
1897
1453
967
571
662
1123
1783
2425
2836
2867
2418
1617
559
-245
-691
-1114
-1392
-1801
-2265
-2543
-2942
-2961
-2510
-1951
-1276
-875
-455
163
648
1304
2189
3341
4343
4832
5083
5021
5103
5352
5853
6981
7911
8632
8934
8592
8133
7101
6150
5517
4628
3945
3150
2444
2016
1574
1351
1149
1049
581
-281
-1058
-1955
-2521
-2984
-3269
-3303
-3751
-4135
-4767
-5429
-5645
-6028
-5994
-5747
-5609
-5545
-5971
-6450
-7143
-7837
-8178
-8239
-7591
-6705
-5844
-4951
-4322
-4008
-4025
-4068
-3846
-3284
-2571
-1729
-726
171
965
1393
1808
2405
2730
3092
3246
3234
3191
2782
2489
2283
2090
1977
1678
1295
739
-56
-811
-1288
-1559
-1495
-1091
-537
309
940
1336
1836
2053
2269
2357
2323
2724
3066
3539
4357
5133
6219
7179
7697
8190
8253
8002
7659
7003
6535
6132
5563
5192
4689
4248
4015
3594
3296
2886
2246
1543
509
-472
-1270
-1881
-2216
-2549
-2738
-2897
-3261
-3696
-4105
-4361
-4511
-4717
-4978
-5186
-5479
-5845
-6137
-6335
-6261
-6227
-6370
-6513
-6839
-7100
-7274
-7383
-7119
-6727
-6227
-5705
-5379
-5014
-4696
-4373
-3916
-3502
-2941
-2283
-1682
-992
-303
454
1297
2008
2664
3173
3475
3631
3529
3369
3216
3068
3090
3155
3286
3485
3651
3781
3786
3751
3726
3603
3436
3204
2944
2779
2645
2665
2940
3337
3850
4329
4641
4800
4644
4334
4015
3640
3398
3226
3126
3106
2914
2685
2464
2156
1891
1631
1446
1383
1248
1059
849
564
220
-211
-630
-934
-1255
-1587
-1878
-2190
-2441
-2714
-2991
-3140
-3339
-3613
-3959
-4406
-4853
-5357
-5807
-6040
-6128
-6053
-5866
-5579
-5193
-4923
-4739
-4552
-4370
-4153
-3926
-3570
-3006
-2344
-1655
-974
-278
363
850
1233
1598
1944
2183
2356
2440
2429
2338
2088
1864
1731
1599
1477
1253
971
663
276
-3
-125
-46
276
587
827
995
1009
984
979
1032
1267
1622
1997
2347
2644
2956
3300
3645
3980
4277
4483
4556
4433
4139
3834
3553
3311
3146
3000
2896
2815
2630
2370
2079
1761
1487
1199
913
684
401
38
-408
-894
-1324
-1712
-2056
-2332
-2587
-2842
-3149
-3556
-3984
-4397
-4828
-5215
-5517
-5726
-5791
-5729
-5577
-5355
-5151
-5037
-5015
-5029
-4990
-4804
-4409
-3806
-3050
-2269
-1578
-1024
-603
-245
143
603
1173
1817
2431
2944
3302
3517
3618
3577
3422
3174
2821
2434
2045
1709
1505
1411
1382
1361
1319
1234
1091
948
860
797
760
756
786
862
1000
1210
1483
1797
2036
2121
2106
2037
1953
1925
1970
2130
2364
2562
2671
2613
2437
2246
2002
1775
1647
1600
1624
1606
1463
1257
1037
830
670
546
475
415
192
-167
-554
-985
-1404
-1796
-2169
-2440
-2683
-3023
-3430
-3872
-4279
-4642
-4965
-5081
-5006
-4984
-5027
-5106
-5209
-5175
-5025
-4819
-4384
-3740
-3030
-2307
-1661
-1035
-479
-157
62
279
600
1112
1624
2095
2598
2941
2991
2740
2265
1814
1437
1089
890
868
944
971
755
404
88
-161
-306
-359
-261
40
368
675
998
1350
1814
2249
2540
2765
2910
3017
3125
3246
3509
3856
4199
4453
4464
4294
3964
3486
3004
2531
2103
1759
1427
1144
900
682
565
476
386
265
20
-308
-731
-1225
-1633
-1910
-2016
-1960
-1887
-1846
-1936
-2243
-2694
-3205
-3628
-3828
-3832
-3684
-3492
-3422
-3502
-3742
-4080
-4339
-4442
-4319
-4012
-3683
-3383
-3177
-3062
-2927
-2678
-2205
-1491
-646
177
828
1265
1518
1647
1761
1924
2127
2313
2386
2325
2167
1988
1882
1849
1839
1766
1501
1038
436
-150
-518
-566
-307
122
549
834
900
799
680
676
869
1223
1633
2038
2359
2582
2758
2931
3170
3434
3607
3638
3480
3145
2713
2268
1922
1704
1553
1425
1290
1124
928
679
413
132
-194
-550
-887
-1097
-1159
-1086
-908
-717
-617
-714
-1023
-1449
-1889
-2279
-2556
-2703
-2760
-2814
-2906
-3023
-3137
-3231
-3340
-3456
-3556
-3673
-3785
-3808
-3672
-3350
-2941
-2567
-2257
-2051
-1933
-1817
-1587
-1139
-523
132
740
1218
1535
1681
1699
1690
1694
1685
1649
1586
1472
1333
1196
1105
1055
991
873
691
465
217
33
16
196
505
828
1108
1306
1382
1366
1346
1430
1639
1926
2233
2535
2786
2928
2968
2946
2932
2922
2911
2883
2785
2606
2347
2067
1790
1556
1350
1154
959
701
396
55
-261
-517
-731
-887
-1020
-1156
-1335
-1507
-1628
-1688
-1657
-1562
-1449
-1392
-1428
-1580
-1827
-2105
-2383
-2578
-2663
-2678
-2664
-2687
-2759
-2859
-2969
-3053
-3086
-3064
-3036
-3026
-3005
-2914
-2717
-2425
-2062
-1663
-1307
-1061
-898
-758
-577
-318
-2
329
597
720
712
614
513
451
441
478
517
537
564
657
826
1082
1412
1782
2138
2443
2685
2894
3091
3305
3534
3772
4012
4205
4328
4351
4299
4182
4033
3882
3706
3501
3229
2889
2509
2139
1819
1528
1217
822
321
-286
-936
-1504
-1904
-2096
-2141
-2132
-2161
-2314
-2599
-2963
-3318
-3572
-3695
-3681
-3545
-3350
-3129
-2926
-2758
-2626
-2545
-2481
-2405
-2308
-2168
-2000
-1808
-1603
-1406
-1213
-1043
-901
-811
-774
-779
-798
-783
-690
-494
-205
136
484
766
948
1025
997
910
819
771
780
822
879
909
887
799
643
452
261
93
1
9
129
342
603
865
1061
1162
1180
1163
1174
1280
1510
1849
2230
2553
2737
2741
2600
2380
2171
2034
1989
1998
1984
1922
1795
1608
1393
1167
942
732
524
312
103
-99
-265
-396
-493
-565
-644
-760
-917
-1102
-1288
-1419
-1495
-1528
-1527
-1536
-1578
-1650
-1744
-1810
-1835
-1829
-1789
-1790
-1865
-2001
-2186
-2356
-2474
-2519
-2496
-2437
-2387
-2383
-2426
-2476
-2469
-2359
-2124
-1791
-1409
-1034
-713
-435
-172
114
449
824
1203
1533
1785
1941
1985
1933
1811
1647
1464
1292
1176
1146
1188
1264
1325
1311
1194
1000
777
607
558
658
874
1148
1418
1612
1702
1694
1592
1431
1248
1087
988
972
1032
1139
1255
1319
1287
1160
981
801
685
655
698
784
869
936
979
1016
1060
1101
1112
1048
902
708
497
332
221
126
9
-185
-461
-776
-1089
-1343
-1545
-1732
-1965
-2269
-2635
-3016
-3312
-3480
-3489
-3399
-3307
-3263
-3319
-3444
-3577
-3641
-3558
-3329
-2988
-2586
-2209
-1888
-1627
-1413
-1183
-930
-631
-315
-18
242
434
585
706
816
940
1055
1150
1195
1195
1170
1138
1139
1169
1230
1314
1383
1449
1519
1610
1750
1936
2156
2362
2538
2666
2733
2767
2779
2796
2798
2784
2749
2683
2601
2479
2346
2217
2069
1916
1740
1535
1323
1107
923
767
644
545
430
289
94
-139
-395
-644
-848
-1009
-1130
-1241
-1369
-1518
-1694
-1883
-2052
-2185
-2284
-2356
-2419
-2484
-2548
-2621
-2677
-2707
-2716
-2700
-2682
-2664
-2666
-2687
-2691
-2659
-2564
-2410
-2201
-1963
-1722
-1480
-1240
-996
-746
-483
-216
34
250
428
580
722
882
1059
1243
1412
1532
1586
1575
1520
1448
1383
1333
1302
1275
1242
1204
1157
1112
1070
1036
1008
1000
1015
1070
1169
1305
1472
1646
1810
1932
1989
1976
1902
1792
1666
1545
1454
1386
1332
1265
1163
1021
837
631
420
217
61
-49
-119
-164
-198
-233
-290
-369
-461
-567
-678
-787
-893
-997
-1101
-1208
-1311
-1397
-1457
-1500
-1530
-1552
-1599
-1661
-1735
-1812
-1861
-1880
-1856
-1786
-1695
-1587
-1493
-1428
-1391
-1389
-1398
-1391
-1351
-1261
-1117
-934
-738
-557
-408
-306
-267
-267
-282
-293
-262
-175
-36
154
365
562
710
793
808
780
726
695
719
822
997
1216
1462
1684
1847
1931
1936
1898
1841
1791
1786
1806
1849
1900
1936
1935
1865
1736
1556
1334
1099
882
697
567
497
461
445
420
359
258
119
-35
-181
-288
-339
-339
-284
-195
-107
-39
-5
-4
-50
-128
-226
-337
-441
-549
-652
-746
-845
-945
-1059
-1173
-1288
-1415
-1532
-1649
-1762
-1865
-1960
-2035
-2094
-2123
-2118
-2085
-2028
-1954
-1883
-1820
-1769
-1735
-1703
-1657
-1590
-1488
-1355
-1203
-1035
-863
-707
-560
-424
-293
-159
-18
137
313
499
690
883
1074
1258
1436
1602
1759
1902
2037
2162
2281
2399
2500
2591
2665
2724
2761
2770
2760
2719
2655
2567
2447
2315
2158
1985
1804
1618
1436
1249
1066
891
706
523
339
154
-28
-203
-369
-519
-645
-759
-844
-902
-955
-1002
-1057
-1119
-1193
-1289
-1400
-1521
-1644
-1760
-1867
-1960
-2037
-2099
-2144
-2182
-2226
-2270
-2308
-2336
-2350
-2334
-2283
-2200
-2078
-1921
-1742
-1547
-1340
-1128
-919
-727
-546
-377
-225
-80
58
199
342
487
618
726
813
872
917
946
972
999
1036
1083
1117
1132
1125
1105
1083
1065
1052
1054
1065
1071
1073
1074
1081
1105
1137
1177
1216
1243
1254
1255
1254
1261
1275
1298
1310
1304
1274
1213
1126
1030
930
835
746
652
547
423
280
133
-7
-119
-211
-287
-343
-394
-441
-486
-532
-568
-583
-579
-553
-529
-524
-547
-599
-675
-765
-852
-932
-1007
-1090
-1190
-1309
-1451
-1595
-1724
-1831
-1891
-1918
-1924
-1920
-1911
-1900
-1874
-1807
-1687
-1519
-1326
-1134
-953
-805
-680
-554
-413
-245
-67
100
242
336
387
429
470
527
603
689
775
834
862
869
862
872
903
957
1022
1068
1095
1099
1092
1097
1116
1162
1218
1275
1314
1335
1349
1357
1372
1391
1410
1417
1418
1394
1344
1290
1228
1176
1123
1056
984
894
792
686
575
470
377
282
187
89
-13
-115
-211
-300
-383
-454
-521
-587
-660
-735
-816
-893
-970
-1042
-1104
-1170
-1235
-1309
-1383
-1452
-1513
-1563
-1616
-1663
-1708
-1754
-1791
-1814
-1820
-1813
-1798
-1777
-1752
-1723
-1684
-1634
-1570
-1486
-1385
-1277
-1167
-1055
-939
-810
-658
-486
-309
-118
79
276
463
638
801
952
1103
1239
1357
1453
1521
1568
1596
1616
1635
1653
1670
1686
1701
1706
1711
1732
1758
1801
1847
1897
1955
2000
2041
2068
2076
2073
2048
1998
1924
1809
1661
1483
1277
1055
805
552
289
19
-247
-509
-755
-983
-1193
-1373
-1524
-1641
-1731
-1796
-1839
-1857
-1864
-1863
-1849
-1837
-1822
-1803
-1785
-1761
-1730
-1692
-1640
-1580
-1507
-1424
-1333
-1227
-1119
-1009
-899
-789
-680
-577
-485
-406
-346
-304
-288
-285
-284
-296
-316
-340
-359
-372
-376
-364
-335
-278
-205
-110
-2
120
262
398
543
687
825
968
1095
1208
1315
1401
1474
1525
1558
1578
1577
1565
1539
1513
1474
1430
1373
1308
1245
1169
1101
1023
943
868
788
719
655
600
545
502
471
438
414
390
362
341
313
280
240
181
113
38
-55
-149
-255
-367
-478
-602
-717
-832
-946
-1058
-1169
-1276
-1373
-1462
-1545
-1619
-1674
-1710
-1719
-1709
-1676
-1619
-1544
-1453
-1350
-1234
-1112
-989
-871
-765
-662
-566
-485
-419
-368
-328
-310
-309
-318
-328
-333
-334
-330
-330
-318
-296
-264
-213
-160
-86
-3
90
193
307
425
542
669
794
928
1062
1182
1305
1424
1536
1646
1738
1819
1881
1924
1953
1957
1946
1923
1885
1832
1765
1681
1578
1474
1356
1234
1108
977
849
723
602
487
378
275
185
105
29
-43
-112
-175
-234
-297
-362
-427
-502
-582
-676
-781
-886
-1011
-1142
-1280
-1430
-1577
-1740
-1889
-2027
-2155
-2265
-2357
-2418
-2458
-2465
-2434
-2376
-2286
-2168
-2034
-1873
-1697
-1517
-1330
-1152
-972
-803
-644
-492
-354
-234
-128
-37
36
104
166
228
289
351
419
491
568
658
751
852
951
1055
1165
1273
1381
1483
1582
1675
1761
1837
1902
1961
2014
2059
2087
2107
2113
2104
2086
2048
1996
1933
1854
1770
1678
1568
1448
1322
1188
1046
892
729
563
398
233
70
-87
-242
-394
-534
-665
-784
-888
-984
-1081
-1168
-1253
-1339
-1413
-1489
-1559
-1621
-1683
-1736
-1790
-1836
-1876
-1909
-1926
-1924
-1906
-1875
-1828
-1768
-1688
-1596
-1496
-1382
-1258
-1121
-971
-824
-686
-552
-439
-330
-229
-135
-41
29
86
116
134
146
148
168
196
232
273
308
345
385
432
500
581
674
764
838
888
920
939
960
996
1035
1078
1104
1100
1079
1038
1011
999
1011
1049
1083
1113
1123
1112
1092
1075
1073
1084
1105
1115
1097
1044
966
885
798
717
644
565
477
362
230
94
-41
-152
-244
-326
-404
-501
-608
-726
-844
-938
-1020
-1081
-1136
-1194
-1256
-1333
-1407
-1473
-1525
-1547
-1556
-1545
-1525
-1502
-1464
-1415
-1338
-1242
-1121
-978
-829
-669
-506
-348
-199
-58
81
208
324
414
476
508
512
491
456
407
352
298
234
173
114
60
18
-6
-6
22
75
145
222
305
384
467
560
648
736
820
894
952
992
1016
1025
1022
1007
981
944
885
817
735
649
566
477
397
328
261
199
138
88
52
22
8
-12
-30
-43
-55
-66
-74
-81
-86
-95
-107
-122
-152
-189
-234
-278
-320
-374
-427
-488
-559
-626
-691
-744
-797
-851
-901
-948
-992
-1029
-1060
-1084
-1102
-1109
-1096
-1070
-1032
-979
-912
-832
-742
-638
-529
-409
-286
-169
-49
63
166
255
332
396
443
484
516
539
564
574
577
580
576
576
573
572
580
597
616
641
685
739
808
891
971
1056
1135
1208
1267
1316
1357
1383
1392
1379
1342
1280
1191
1088
962
820
669
500
327
146
-33
-205
-382
-547
-692
-823
-934
-1031
-1111
-1172
-1216
-1246
-1258
-1256
-1241
-1219
-1194
-1170
-1141
-1115
-1094
-1069
-1052
-1031
-1011
-993
-970
-949
-928
-905
-876
-839
-803
-765
-718
-675
-616
-540
-460
-360
-260
-154
-44
61
171
289
402
513
620
712
800
879
943
1000
1045
1083
1111
1121
1123
1109
1078
1035
979
917
846
772
693
611
528
431
339
257
182
112
54
5
-38
-63
-79
-79
-58
-30
18
71
130
195
261
330
390
447
493
519
538
538
528
501
461
409
339
260
171
69
-37
-144
-243
-341
-442
-533
-626
-708
-779
-841
-889
-933
-966
-995
-1019
-1025
-1024
-1011
-984
-952
-911
-869
-821
-767
-722
-667
-611
-553
-491
-436
-379
-327
-274
-222
-175
-121
-64
-9
48
100
156
213
260
312
357
398
436
458
479
496
509
524
539
553
574
586
598
618
635
646
655
658
660
658
639
619
590
547
505
451
388
327
265
208
154
107
70
43
37
38
52
81
115
154
193
234
274
308
333
348
349
330
297
248
183
107
15
-92
-197
-304
-417
-524
-631
-724
-805
-872
-921
-957
-974
-982
-971
-947
-915
-877
-828
-763
-704
-644
-583
-523
-462
-404
-350
-300
-257
-217
-172
-127
-79
-32
9
59
102
138
171
202
226
248
263
272
283
279
273
267
254
244
235
230
236
251
270
296
331
376
435
500
569
643
706
766
821
866
911
934
949
952
931
896
839
767
681
588
486
376
273
167
58
-45
-142
-231
-305
-366
-425
-462
-490
-516
-531
-544
-549
-545
-551
-561
-568
-571
-570
-576
-590
-602
-619
-626
-616
-612
-605
-592
-578
-541
-513
-483
-445
-406
-347
-305
-268
-224
-183
-135
-97
-60
-21
13
43
65
89
115
141
171
190
212
236
244
252
254
254
259
263
267
267
256
249
241
226
211
191
173
149
120
96
63
42
21
6
0
-2
9
24
42
67
98
132
165
196
236
269
293
308
327
348
354
356
358
353
342
318
290
265
234
205
176
142
105
70
37
1
-29
-60
-91
-112
-138
-164
-188
-216
-234
-249
-265
-277
-295
-302
-318
-336
-351
-377
-398
-422
-450
-465
-483
-497
-510
-524
-534
-545
-548
-544
-528
-504
-474
-433
-396
-349
-288
-233
-167
-102
-37
39
98
167
221
264
314
342
379
394
402
412
387
377
354
325
303
257
232
197
175
171
148
158
156
159
185
192
227
249
279
324
353
396
423
448
475
486
515
528
546
563
554
559
544
529
522
485
456
407
354
310
243
184
112
28
-50
-141
-219
-297
-378
-445
-518
-585
-647
-703
-733
-760
-776
-781
-777
-751
-729
-692
-647
-615
-569
-531
-491
-449
-423
-386
-365
-352
-336
-337
-333
-332
-332
-323
-328
-320
-312
-301
-272
-240
-200
-156
-112
-53
5
70
145
219
293
361
422
488
540
587
627
650
672
680
670
662
642
608
578
540
496
452
391
335
288
236
196
153
118
96
81
80
83
94
106
122
136
149
165
187
213
237
258
267
271
275
267
255
236
211
190
157
118
72
22
-30
-84
-126
-171
-209
-250
-303
-346
-394
-426
-447
-476
-493
-518
-538
-545
-555
-563
-555
-540
-513
-487
-466
-435
-401
-361
-306
-249
-195
-147
-108
-76
-52
-19
11
41
64
76
82
76
68
59
45
31
18
8
-4
-17
-26
-28
-25
-18
-7
6
20
32
46
72
104
136
173
209
241
263
279
297
315
329
352
366
374
378
369
370
376
370
375
373
375
378
371
365
357
345
334
324
311
298
284
265
239
207
177
145
106
71
35
-4
-46
-93
-136
-181
-221
-257
-296
-337
-380
-417
-449
-479
-508
-548
-579
-595
-616
-632
-650
-661
-658
-651
-630
-612
-591
-552
-511
-467
-413
-363
-301
-237
-175
-110
-49
14
71
122
167
202
232
252
270
281
284
276
265
257
240
230
218
201
191
178
173
171
170
177
186
204
225
242
268
285
301
319
325
334
343
346
352
343
334
327
310
298
286
270
255
239
231
217
208
205
193
191
188
174
162
145
129
117
93
63
27
-19
-59
-97
-144
-190
-234
-279
-326
-374
-416
-450
-481
-508
-528
-538
-544
-546
-545
-541
-532
-529
-517
-505
-486
-477
-462
-431
-408
-369
-337
-302
-251
-201
-150
-98
-48
5
48
87
124
149
176
195
211
231
237
245
250
243
242
238
239
237
230
228
225
229
231
237
253
271
292
328
355
380
408
431
470
505
524
545
560
583
605
607
607
598
582
581
558
525
494
449
419
381
333
294
248
209
170
124
81
31
-20
-77
-130
-190
-250
-316
-395
-467
-542
-617
-683
-758
-836
-902
-959
-1015
-1064
-1108
-1143
-1156
-1168
-1166
-1153
-1130
-1090
-1047
-988
-922
-843
-755
-661
-567
-468
-365
-265
-161
-62
36
123
206
284
353
420
477
530
574
604
629
646
652
654
652
641
626
606
582
556
532
508
494
485
478
478
476
486
500
512
531
549
567
588
608
631
653
663
658
647
637
624
606
573
535
484
423
353
271
193
108
20
-68
-163
-257
-347
-427
-508
-578
-637
-693
-737
-784
-819
-839
-844
-837
-835
-822
-813
-791
-760
-740
-713
-684
-644
-595
-559
-532
-504
-472
-430
-385
-344
-300
-259
-217
-167
-130
-86
-36
15
73
120
167
213
259
302
342
381
416
450
468
478
483
481
480
463
435
408
382
352
318
278
243
213
178
146
122
100
81
71
64
55
42
36
28
28
22
17
19
11
16
16
12
18
19
20
25
24
29
39
50
64
68
75
80
88
97
100
99
91
79
70
52
36
13
-13
-40
-72
-102
-130
-158
-190
-220
-252
-281
-296
-307
-313
-314
-315
-310
-304
-302
-290
-272
-243
-211
-187
-161
-127
-98
-63
-27
-5
30
58
80
105
125
144
166
182
192
204
209
211
208
203
201
191
176
159
141
116
94
72
52
37
14
-6
-21
-35
-47
-55
-59
-61
-62
-57
-54
-45
-32
-22
-11
5
22
38
58
75
89
101
113
121
125
121
115
107
93
84
68
51
45
29
15
-4
-27
-37
-50
-61
-66
-74
-71
-76
-83
-86
-87
-88
-89
-91
-96
-94
-99
-108
-110
-115
-118
-116
-105
-99
-91
-82
-86
-86
-81
-69
-55
-47
-31
-17
-13
-3
8
22
34
50
69
82
99
100
99
101
99
105
100
99
92
73
65
49
31
28
27
29
24
15
13
5
2
10
15
24
29
38
40
41
47
48
54
55
62
68
66
64
49
34
15
4
4
-1
-1
-6
-15
-28
-43
-59
-64
-66
-68
-63
-66
-70
-77
-87
-86
-80
-71
-59
-47
-38
-36
-31
-25
-17
-5
9
25
38
40
35
28
25
27
31
32
25
13
0
-8
-17
-25
-30
-33
-34
-33
-39
-41
-36
-34
-23
-11
-6
1
5
10
11
7
12
15
20
24
25
29
24
24
24
16
16
14
19
24
17
15
6
-6
-8
-14
-13
-7
-6
-3
-6
-11
-13
-12
-8
-2
6
19
27
38
45
53
69
76
87
99
106
121
124
121
123
116
112
98
78
60
34
12
-17
-44
-71
-99
-120
-142
-155
-159
-165
-173
-178
-173
-164
-154
-138
-123
-105
-88
-73
-58
-44
-33
-26
-18
-10
-4
-2
1
2
-3
-8
-16
-25
-24
-18
0
9
13
18
28
36
50
67
76
87
96
104
115
120
123
124
119
115
112
108
104
97
91
84
76
66
56
48
44
37
30
27
16
13
9
-4
-12
-18
-24
-27
-26
-26
-32
-37
-47
-52
-58
-66
-67
-70
-69
-69
-76
-75
-75
-74
-65
-56
-44
-36
-28
-20
-11
-1
3
6
8
8
10
10
6
-9
-22
-32
-47
-59
-68
-77
-82
-89
-95
-91
-87
-77
-63
-47
-30
-10
7
22
36
55
72
91
101
103
109
117
128
131
134
138
143
139
129
123
110
96
82
68
61
49
37
21
8
-2
-26
-28
-36
-44
-41
-49
-44
-39
-39
-33
-36
-37
-39
-46
-45
-49
-50
-43
-41
-43
-46
-48
-54
-60
-61
-64
-66
-65
-60
-60
-57
-51
-42
-29
-23
-9
4
10
21
27
28
27
27
34
38
41
43
38
33
24
16
8
-1
-8
-6
-10
-11
-15
-21
-17
-9
-5
0
-1
0
7
10
15
19
19
20
20
26
31
36
49
51
50
52
50
52
46
42
43
39
37
37
31
25
15
8
2
-6
-11
-24
-39
-49
-65
-73
-78
-90
-90
-91
-92
-88
-89
-81
-72
-64
-50
-42
-27
-14
1
17
31
49
58
61
70
72
73
76
80
84
81
76
70
60
54
48
35
29
19
9
3
-2
-5
-12
-11
-13
-17
-23
-21
-17
-19
-19
-20
-21
-17
-22
-25
-23
-18
-12
-16
-16
-21
-23
-18
-18
-15
-17
-21
-25
-35
-36
-42
-42
-36
-37
-38
-44
-44
-44
-47
-38
-34
-21
-8
-3
3
4
11
21
30
34
42
46
49
48
42
41
41
43
41
36
38
34
33
22
9
8
2
3
2
-1
1
4
7
9
9
17
24
27
36
43
45
50
55
62
66
69
70
71
71
70
78
76
68
62
49
38
24
5
-7
-23
-41
-59
-77
-91
-107
-125
-136
-141
-144
-144
-142
-140
-137
-130
-131
-123
-110
-103
-81
-69
-56
-48
-44
-29
-17
-4
12
28
40
47
53
49
46
43
37
37
29
20
21
21
25
27
29
31
31
34
39
45
51
54
53
52
46
49
54
48
50
52
51
48
43
42
41
39
45
55
56
60
66
70
75
79
81
82
81
81
78
73
66
58
48
35
19
-1
-15
-29
-43
-57
-73
-83
-93
-108
-116
-114
-109
-99
-95
-87
-79
-75
-65
-62
-59
-51
-49
-47
-50
-57
-61
-71
-84
-90
-100
-112
-118
-119
-119
-118
-115
-112
-108
-94
-77
-57
-38
-22
0
19
46
66
82
98
111
127
143
150
155
156
148
142
138
126
116
103
87
72
50
35
25
15
8
1
-4
-2
-4
-6
2
7
12
17
26
36
47
52
62
70
76
91
97
103
105
98
96
85
78
73
57
45
26
13
3
-13
-31
-54
-71
-90
-104
-117
-134
-143
-156
-170
-181
-188
-180
-174
-160
-152
-147
-137
-130
-114
-97
-80
-55
-36
-20
-6
4
13
18
16
15
16
15
8
1
1
2
0
-2
-7
-3
2
3
9
15
35
55
72
88
92
108
122
129
143
156
168
176
174
170
164
154
141
122
112
93
72
49
21
-5
-32
-53
-70
-82
-92
-104
-109
-117
-118
-114
-117
-115
-116
-107
-100
-88
-68
-56
-44
-32
-19
-9
-1
11
15
17
19
18
14
7
7
4
1
0
-9
-18
-26
-32
-34
-40
-43
-37
-31
-27
-20
-12
-3
10
19
31
44
55
66
70
77
81
81
77
69
58
47
42
32
26
19
4
-4
-10
-16
-23
-31
-31
-31
-32
-33
-29
-25
-28
-32
-37
-34
-31
-31
-28
-23
-19
-14
-16
-14
-4
-4
-3
-1
0
8
8
8
10
9
6
4
-2
-2
0
-4
-2
-1
7
7
10
11
6
8
13
23
26
25
24
18
19
16
11
9
10
14
16
13
13
5
0
7
10
8
7
2
-5
-5
-6
-7
-6
-7
-11
-17
-22
-21
-19
-18
-9
-6
-8
-4
-5
-4
-1
-2
1
5
3
0
0
3
6
12
13
14
15
9
5
-3
-11
-11
-17
-19
-17
-24
-31
-35
-36
-30
-27
-24
-21
-17
-17
-12
-8
-8
-7
-7
-3
2
8
15
14
13
16
19
23
21
22
19
18
22
22
25
24
20
19
21
23
28
24
22
23
23
23
19
17
14
13
11
15
20
16
18
14
3
4
-1
-2
1
-5
-4
-9
-13
-15
-19
-16
-11
-11
-14
-13
-16
-19
-15
-18
-16
-8
-9
-5
-12
-23
-21
-27
-27
-25
-30
-31
-34
-41
-42
-37
-30
-24
-18
-15
-7
2
6
15
14
12
14
12
13
16
12
11
8
4
4
1
3
0
1
-4
-4
-4
-6
-7
-8
-5
-1
0
4
11
16
18
19
20
25
34
34
34
30
31
37
37
40
39
32
30
23
20
17
17
13
9
11
10
6
-1
-2
4
8
9
13
10
7
0
-9
-12
-17
-20
-26
-27
-27
-36
-36
-42
-39
-36
-48
-42
-40
-38
-28
-30
-26
-24
-26
-24
-23
-24
-21
-17
-16
-15
-11
-6
3
7
14
26
27
26
25
26
31
34
38
39
40
37
32
29
26
23
12
4
-2
-13
-20
-25
-30
-28
-30
-27
-25
-27
-27
-26
-22
-16
-12
-11
2
19
30
40
42
50
56
59
57
53
59
61
58
58
55
52
49
44
40
32
26
27
24
21
20
15
14
12
8
-1
-14
-20
-27
-33
-43
-55
-60
-65
-76
-80
-79
-86
-84
-86
-90
-83
-93
-100
-98
-105
-97
-101
-101
-94
-88
-74
-69
-57
-47
-37
-20
-10
11
28
44
57
66
81
87
95
105
109
110
102
96
84
73
57
42
34
21
12
11
7
8
8
5
12
19
31
45
60
74
82
91
99
108
113
111
108
104
103
100
98
87
69
51
30
16
1
-17
-26
-45
-59
-68
-79
-84
-94
-100
-101
-106
-106
-110
-107
-102
-99
-92
-88
-85
-80
-80
-76
-74
