-36
-26
-29
-32
-23
-30
-23
-31
-30
-23
-29
-20
-24
-16
-22
-27
-15
-18
-4
-2
-2
5
-6
3
1
-1
3
-7
10
5
2
8
-1
14
6
10
17
15
40
33
35
47
41
65
71
72
82
77
88
86
87
87
78
83
76
73
68
49
40
23
18
19
14
25
18
11
9
-4
-4
-13
-18
-27
-39
-40
-56
-59
-55
-61
-58
-65
-59
-57
-68
-60
-58
-48
-45
-50
-40
-43
-37
-30
-35
-25
-30
-21
-14
-28
-21
-22
-13
-3
-9
2
-1
-1
5
-4
-6
-11
-9
-10
-6
2
1
3
4
14
14
10
13
2
0
5
9
21
25
41
56
49
53
55
51
44
40
41
31
31
31
6
5
2
-4
0
-14
-8
-15
-18
-8
-14
-12
-13
-22
-16
-16
-14
-12
-17
-17
-20
-14
-14
-13
-2
0
3
3
-3
6
2
-3
2
-2
1
1
3
7
2
1
1
6
9
0
1
-5
-4
0
-12
-12
-18
-19
-9
-6
3
11
8
7
8
2
5
7
8
11
10
11
6
2
-2
-1
1
-4
-1
3
0
-1
0
-1
-2
-1
0
2
0
2
-1
-5
-10
-12
-5
0
3
9
11
10
6
6
9
6
8
11
12
13
14
7
-3
-10
-13
-11
-14
-14
-13
-11
-13
-20
-27
-31
-21
-14
-13
-9
-15
-13
-10
-2
7
9
13
16
20
20
19
26
24
21
20
11
9
2
-2
-6
-14
-19
-16
-12
-10
-8
-8
-5
-2
3
7
5
7
9
7
6
7
10
16
10
-3
-1
-5
-4
2
1
3
8
6
7
10
11
10
5
2
-1
-7
-8
-11
-18
-15
-16
-8
-6
-14
-14
-17
-10
-12
-20
-15
-14
-8
-4
-3
3
6
4
5
5
6
6
10
9
12
13
12
15
7
3
-4
-5
5
4
12
8
5
7
4
8
7
5
7
11
14
18
14
11
12
10
11
10
8
5
-3
-5
-9
-12
-16
-22
-26
-35
-38
-34
-34
-34
-32
-26
-22
-17
-12
-13
-2
10
8
12
13
16
23
26
27
29
34
29
27
25
13
6
-9
-13
-20
-23
-17
-21
-21
-26
-28
-23
-25
-22
-19
-9
-1
5
9
5
15
14
16
19
21
33
32
28
20
25
30
19
24
14
6
-1
-15
-10
-16
-14
-10
-15
-8
-18
-18
-17
-17
-6
-14
-18
-17
-21
-6
-4
0
7
7
15
8
12
10
8
13
5
13
7
9
10
-1
6
4
10
16
8
14
2
-5
-4
-13
-7
-8
-6
-1
4
5
-1
4
3
3
8
4
11
5
4
9
0
2
-4
-6
-2
-8
-5
-8
-10
-6
-6
-7
-13
-12
-19
-20
-17
-22
-18
-21
-17
-12
-10
-10
-15
-21
-23
-16
-5
2
4
8
7
6
15
12
13
11
9
12
9
10
3
-2
1
0
6
8
13
12
7
0
-11
-4
4
13
20
18
14
6
-2
-10
1
16
24
42
48
54
45
27
20
11
8
7
15
17
12
11
1
-2
-2
-12
-11
-12
-19
-14
-16
-19
-16
-29
-36
-36
-28
-18
-17
-14
-12
-12
-12
-14
-6
-6
-10
-14
-26
-31
-43
-51
-52
-57
-53
-51
-41
-40
-33
-20
-14
2
12
23
35
42
53
50
52
52
44
44
40
40
39
40
42
32
24
10
6
1
-7
1
-3
-5
-3
0
-4
-16
-15
-14
-11
-3
-1
2
2
-1
-8
-8
1
-1
4
8
2
4
1
3
0
-8
-6
-6
-3
-3
1
5
5
9
1
-4
-15
-18
-8
-9
-3
-5
-10
-6
-8
-7
-14
-12
-4
-8
-2
-7
-3
-4
-16
-13
-18
-15
-9
-7
-1
-6
-4
-4
-6
0
-1
3
7
11
16
12
16
18
18
15
10
6
1
3
-2
4
11
8
14
17
13
8
2
3
2
7
0
-18
-19
-24
-19
-13
-17
-13
-14
-5
5
4
12
12
11
13
13
18
19
24
24
21
19
16
8
7
10
12
17
13
12
9
4
7
-3
-10
-5
-4
0
3
5
9
9
6
8
1
-9
-8
-12
-16
-20
-26
-29
-27
-31
-33
-34
-40
-39
-37
-38
-35
-39
-47
-47
-45
-42
-38
-39
-34
-29
-19
-11
-7
2
-1
7
10
13
29
27
30
29
36
49
52
60
48
43
47
48
58
61
60
55
48
48
41
45
35
17
11
-1
0
11
12
8
-7
-22
-21
-15
-7
-7
-15
-23
-31
-34
-27
-19
-22
-29
-32
-35
-26
-19
-19
-25
-35
-38
-34
-21
-9
-6
-13
-21
-22
-16
-8
-2
2
4
-2
-2
-4
-3
0
5
6
3
4
5
11
13
9
5
-7
-12
-9
-6
-1
7
13
3
-1
0
3
11
12
13
8
5
10
12
16
15
11
14
12
8
7
7
11
12
9
6
4
2
4
7
5
2
1
-1
5
14
17
20
19
19
22
21
21
16
-3
-14
-18
-19
-5
-2
-8
-14
-28
-31
-29
-29
-27
-29
-31
-30
-23
-12
-7
-4
-9
-8
-9
-9
-1
3
4
4
-5
-7
-1
7
9
6
3
-3
-9
-14
-11
-7
-8
-3
-1
-3
1
1
-5
1
-2
-3
-2
0
0
1
2
4
8
7
12
16
21
29
28
26
27
28
28
32
35
34
35
34
34
31
26
25
16
8
9
7
3
-3
-15
-19
-21
-28
-29
-28
-31
-31
-24
-25
-21
-19
-18
-9
-12
-12
-4
-10
-9
0
-11
-12
-15
-24
-18
-21
-20
-21
-34
-33
-35
-32
-26
-16
-8
-4
5
7
21
38
35
43
51
54
77
82
75
63
42
26
19
2
-6
-12
-30
-49
-67
-78
-79
-76
-81
-78
-70
-63
-51
-44
-45
-42
-36
-24
-3
13
25
28
26
38
70
93
108
111
103
116
138
151
159
151
141
141
141
144
141
118
89
56
23
4
-18
-59
-112
-167
-220
-256
-280
-313
-323
-333
-346
-337
-342
-328
-297
-268
-224
-191
-148
-95
-38
19
68
119
163
209
252
281
303
318
316
318
336
360
383
378
372
359
351
369
375
380
380
367
361
333
292
243
192
153
119
78
30
-30
-96
-178
-249
-306
-342
-356
-369
-371
-381
-400
-430
-478
-523
-544
-535
-514
-490
-482
-491
-507
-525
-523
-515
-467
-383
-309
-235
-185
-158
-135
-116
-75
-23
41
122
192
236
235
179
99
7
-58
-71
-15
101
224
335
388
386
370
353
365
426
536
683
831
974
1081
1120
1092
983
813
661
571
530
537
503
376
192
-43
-295
-518
-713
-910
-1074
-1170
-1221
-1196
-1117
-1065
-1081
-1106
-1091
-1045
-924
-743
-600
-447
-249
-65
133
332
455
512
579
668
773
936
1082
1140
1178
1201
1193
1179
1142
1028
875
766
656
556
506
423
282
142
-19
-219
-375
-505
-674
-807
-902
-992
-1034
-1021
-1028
-1065
-1098
-1164
-1232
-1223
-1187
-1145
-1059
-973
-876
-713
-550
-435
-341
-275
-238
-149
6
170
362
563
709
819
914
948
947
965
952
944
1008
1061
1063
1075
1022
878
756
642
509
439
412
335
295
288
208
116
36
-140
-346
-465
-576
-670
-669
-697
-788
-819
-841
-907
-883
-857
-927
-940
-882
-831
-683
-418
-205
-6
216
342
417
495
494
499
613
767
951
1184
1319
1282
1162
927
606
329
104
-83
-160
-150
-179
-256
-426
-740
-1101
-1397
-1606
-1688
-1627
-1502
-1356
-1208
-1071
-958
-873
-817
-786
-718
-548
-271
88
481
811
1023
1155
1240
1305
1385
1466
1538
1616
1701
1799
1891
1928
1874
1740
1573
1397
1251
1133
991
844
694
526
360
186
-13
-233
-472
-698
-895
-1034
-1132
-1220
-1289
-1349
-1413
-1467
-1503
-1555
-1598
-1612
-1609
-1568
-1500
-1441
-1382
-1291
-1178
-1041
-895
-795
-723
-634
-504
-329
-145
11
134
239
362
496
627
726
758
767
785
826
889
943
967
971
979
992
994
968
888
781
697
640
607
567
495
406
326
270
214
132
-4
-193
-365
-469
-486
-437
-375
-342
-348
-380
-426
-486
-550
-626
-676
-627
-470
-206
141
453
678
784
732
566
402
337
413
648
989
1316
1533
1588
1437
1067
545
-27
-487
-697
-615
-330
-54
-7
-282
-799
-1389
-1863
-2131
-2243
-2293
-2294
-2195
-1931
-1520
-1072
-777
-766
-964
-1192
-1233
-954
-420
204
769
1162
1366
1452
1467
1432
1363
1301
1294
1362
1504
1667
1796
1832
1748
1576
1363
1152
970
832
741
680
645
609
550
454
292
74
-153
-373
-580
-746
-879
-983
-1040
-1061
-1077
-1118
-1205
-1334
-1478
-1603
-1675
-1668
-1584
-1449
-1276
-1109
-976
-878
-810
-714
-571
-358
-96
173
418
609
761
884
981
1061
1127
1200
1282
1385
1473
1490
1408
1230
1015
837
735
697
655
542
336
67
-164
-305
-362
-389
-485
-674
-906
-1104
-1194
-1189
-1170
-1215
-1315
-1373
-1310
-1115
-851
-663
-628
-716
-826
-844
-744
-546
-294
11
382
799
1202
1477
1522
1337
1046
864
915
1205
1641
2093
2435
2580
2487
2119
1531
822
187
-170
-195
48
317
362
87
-445
-1052
-1582
-1955
-2202
-2376
-2472
-2428
-2173
-1744
-1280
-951
-872
-1027
-1253
-1357
-1206
-810
-284
238
665
986
1214
1363
1432
1406
1291
1165
1128
1221
1429
1657
1808
1839
1767
1629
1461
1271
1039
756
456
179
-30
-153
-244
-345
-513
-769
-1096
-1460
-1800
-2062
-2204
-2222
-2159
-2048
-1919
-1772
-1612
-1507
-1471
-1493
-1525
-1496
-1352
-1051
-659
-270
80
366
583
750
914
1111
1295
1434
1534
1656
1820
1992
2145
2272
2335
2268
2087
1856
1621
1396
1185
989
840
763
700
564
282
-134
-604
-1025
-1320
-1421
-1333
-1244
-1302
-1466
-1631
-1740
-1746
-1681
-1569
-1454
-1504
-1595
-1523
-1204
-798
-465
-295
-496
-843
-937
-490
335
1173
1751
1902
1650
1005
365
301
748
1266
1718
2291
2966
3508
3648
3102
2076
844
-329
-964
-835
-187
342
331
-362
-1523
-2492
-2975
-3056
-3134
-3637
-4427
-5064
-5118
-4425
-3133
-1685
-802
-748
-1141
-1323
-898
52
1231
2221
2856
3278
3791
4519
5132
5332
5156
4835
4487
4165
3997
3871
3565
2980
2320
1816
1332
692
-147
-991
-1752
-2468
-2929
-3161
-3361
-3680
-3871
-3798
-3840
-4034
-4238
-4065
-3576
-3163
-2694
-2075
-1424
-1093
-847
-262
546
1264
1542
1722
1950
2126
2240
2244
2307
2222
2157
2176
2048
1657
940
483
314
154
-139
-574
-924
-1382
-1703
-1627
-1242
-1135
-1644
-2079
-1981
-1233
-533
-311
-534
-1148
-1313
-948
-125
448
459
567
411
306
220
394
910
841
864
1049
1389
1335
416
-186
-565
-715
-1102
-1444
-703
1281
4511
7175
7711
5356
1559
-1544
-3106
-2757
-1794
-219
1163
2637
4581
4854
2792
-2360
-7237
-9155
-8315
-4997
-1870
787
1526
313
-1095
-2652
-3632
-4840
-4914
-3162
-464
2087
3384
4477
4874
4933
4243
2904
1777
545
1019
2618
4662
5967
5199
3721
1316
-751
-2089
-3093
-3094
-2940
-1887
-489
132
32
-1196
-2415
-3552
-4449
-4266
-3607
-2332
-891
544
1827
1643
668
-553
-1719
-2485
-2687
-1193
696
1474
1569
2081
3170
2656
307
-1576
-1616
-700
-240
244
1504
2653
2363
1066
-21
-444
-676
-1107
-1106
-539
241
788
661
326
-4
-402
-864
-1499
-1451
-614
432
1297
1291
1008
401
-361
-546
-708
-311
-36
141
830
845
1062
517
-449
-733
-1206
-396
-20
-185
-307
-1051
-761
-820
-1068
-1182
-1544
-1357
-1318
-1452
-1402
-990
631
4424
8402
10391
8270
2952
-1274
-4238
-4809
-4393
-3388
-588
1582
4639
6286
4913
442
-6865
-11006
-11312
-8111
-3764
-1037
1169
1355
653
-821
-2986
-4330
-4810
-2711
1141
5099
7708
8130
7771
7145
6506
5161
2838
806
197
1819
4473
6205
5808
3095
-298
-3050
-4480
-4765
-4635
-3774
-2398
-623
729
825
-111
-2001
-3439
-4072
-3722
-2706
-1858
-525
668
1782
1999
695
-1213
-3356
-4078
-3450
-2025
-420
580
1478
1899
1981
1418
131
-1271
-2311
-2084
-960
594
1949
2601
2451
1097
-667
-2067
-2583
-2191
-1638
-898
-471
-337
-290
-374
-49
-111
-258
-397
-90
1208
2263
3274
3279
2782
2228
1225
837
81
-254
-261
48
1094
1245
797
-501
-1637
-1902
-1877
-1380
-1090
-746
-472
-99
272
267
-261
-1297
-1741
-1547
242
3543
7726
11159
10903
7483
2009
-3097
-6791
-9156
-8547
-5504
-820
3390
5285
4659
735
-4818
-9388
-10773
-8544
-4921
-1224
1774
3410
3375
1390
-1387
-3655
-4385
-2782
433
3844
5921
6526
6660
6436
5497
3373
722
-1285
-1977
-971
973
2876
3354
2154
154
-1786
-2997
-3988
-4220
-3431
-1463
941
2242
2382
1329
315
-438
-949
-1163
-1448
-1139
-468
850
2110
2490
1831
195
-1085
-1874
-2031
-1942
-1664
-593
851
2512
3413
3160
2000
266
-889
-1424
-1351
-1046
-823
-163
357
378
-595
-2323
-3602
-4156
-3842
-3207
-2469
-1549
-727
-98
254
480
395
137
4
700
2006
2799
3015
2513
2224
1717
523
-588
-1728
-1695
-1257
-743
-129
-491
-675
-1407
-2046
-2021
-2067
-1023
-517
115
993
991
810
-748
-374
3405
9023
13715
12835
8426
2515
-2913
-7158
-11030
-11560
-8928
-3730
1760
5115
6098
2604
-3919
-10290
-12851
-10008
-4930
583
5268
8221
8776
5619
656
-3686
-5554
-3715
217
4819
8121
9045
8700
7276
5460
2728
-1085
-4157
-5098
-2778
1308
4597
5592
4079
1480
-1180
-3405
-4918
-5122
-3607
-1002
1482
2506
1996
302
-2000
-3935
-5383
-5816
-5450
-4371
-2176
147
2280
2957
1858
-71
-2433
-3598
-3845
-3213
-1702
-37
2248
4020
4990
4848
3338
1546
-183
-892
-486
516
1789
2681
2986
2290
287
-2478
-4720
-5384
-4236
-2536
-1364
-851
-694
42
718
1222
1047
127
-316
-430
755
1798
2113
2040
1069
631
-690
-1835
-2289
-2368
-1190
-953
-429
-455
-1082
-1286
-1919
-934
-100
374
426
-385
136
1979
6830
13147
16740
15453
9617
3392
-2016
-7521
-11629
-11627
-6434
133
4035
5183
3566
-1472
-9591
-16676
-17815
-13736
-7714
-2124
3167
7472
8057
4437
-1255
-5362
-6132
-3925
102
4231
7313
8673
8706
7784
5711
2260
-1784
-4314
-3875
-634
3222
5810
6309
4711
2022
-1257
-3715
-4562
-3541
-503
2933
6004
7093
5852
3281
-425
-3320
-5370
-6052
-5548
-4875
-2979
-799
1311
1878
187
-2069
-4252
-4935
-4392
-2998
-944
738
2437
3635
4229
3670
1699
-201
-1186
-470
824
1772
2222
2164
2013
1093
-580
-2645
-4126
-3884
-2050
457
2223
2352
1833
1161
1108
1030
102
-274
-503
799
1754
2046
2391
1680
1373
-672
-2361
-3961
-5165
-5308
-5465
-3672
-3132
-2766
-3204
-3106
-1854
-2400
-2667
-3820
-3490
-1493
2926
10544
16412
17694
12815
5706
-731
-6722
-11130
-12181
-7794
-349
6062
9764
9565
4734
-4226
-13221
-16545
-13487
-7240
-1249
3431
6887
7596
4415
-1202
-5957
-7212
-4866
-408
4478
7525
7958
6537
4993
3813
1840
-644
-2589
-2127
738
4278
6603
6735
5443
3395
1104
-1105
-2226
-1770
456
3601
6053
6868
5279
2448
-870
-3562
-4992
-5873
-5808
-5003
-2997
-731
254
104
-1399
-3236
-4915
-6073
-5703
-4408
-2332
-306
967
2020
2054
1280
64
-904
-753
-233
669
1468
1846
1578
655
-461
-1673
-2576
-3308
-3208
-2388
-987
266
677
1115
1374
1752
1748
1450
1212
910
1215
2156
3019
2797
1656
95
-512
-944
-1428
-1748
-2517
-2287
-2748
-2490
-2078
-2389
-2242
-3212
-2711
-2808
-1501
3791
11438
18757
18059
12061
4118
-3082
-8382
-12779
-11375
-5515
2016
7201
8760
8665
3666
-6488
-17259
-21013
-15305
-5910
2095
6751
8449
7365
3052
-2988
-7738
-8310
-4491
1525
7282
10501
9643
5231
395
-2916
-4680
-5573
-5653
-3868
-324
4314
7466
6841
3340
-951
-3538
-3615
-1595
1670
4846
7769
9729
9185
6083
1726
-1826
-3523
-3413
-1938
-638
-165
-344
-873
-1764
-3366
-5244
-6863
-6996
-5243
-2616
-615
282
848
1233
1435
1025
243
-421
-163
1440
3083
3764
2858
1150
-196
-856
-994
-1423
-1851
-1182
527
2572
3420
2176
-226
-2551
-2567
-928
1116
2723
3451
4260
3672
2480
621
-878
-1506
-2196
-1715
-1706
-1694
-2623
-3544
-3356
-3457
-3785
-5491
-7068
-8090
-6132
1266
11946
18962
16249
7150
-1694
-6845
-10546
-12467
-9603
-1970
6471
10858
11725
8862
874
-10741
-19567
-18272
-9367
45
5768
8050
8246
4489
-2460
-9382
-12449
-9312
-1670
7931
15469
18028
14933
7741
568
-4658
-7498
-8236
-6693
-2454
3021
7570
8280
4352
-2169
-7764
-10048
-8613
-3841
2549
8743
12610
13076
10099
4801
-942
-5501
-6889
-4474
570
5125
7444
7471
5613
2396
-1825
-5440
-7652
-7615
-5369
-2048
1095
2261
1661
62
-1322
-1575
-1312
-492
721
2185
3392
3242
1709
-607
-2891
-4099
-4279
-4237
-4052
-4043
-3257
-2218
-1629
-1164
-1516
-1560
-1330
-50
1774
2517
2174
1495
1282
571
-851
-2518
-2184
-1097
-433
-695
-1630
-1430
-2742
-3773
-4384
-3551
688
7692
17344
20739
14820
3716
-5827
-9787
-12359
-11822
-6751
1875
9250
10496
8719
3862
-5051
-16211
-21843
-14865
-1989
7487
9134
5900
1564
-4619
-10232
-13059
-10336
-2074
7581
15867
19040
16349
9150
1353
-1906
-1174
609
1295
1883
3673
5479
5619
2540
-3209
-9226
-11938
-9397
-3336
3113
7000
8133
7708
5890
2574
-2535
-7232
-8635
-6070
-978
2966
4022
2529
122
-1636
-3163
-4520
-5702
-5694
-3782
-844
1737
1835
-400
-2878
-3525
-1616
1033
2762
3289
3270
3439
3245
1959
44
-1478
-1532
254
2213
2786
1488
-778
-1782
-1920
-1795
-2376
-3237
-1749
1101
4608
5772
3937
1277
-1654
-1482
133
1843
2428
9
-2004
-3195
-3551
-4108
-5955
-6377
-4162
2570
12785
19181
15989
4786
-5530
-9741
-10588
-10045
-7128
-152
7715
11265
10407
5350
-4097
-16910
-25540
-20722
-6141
7125
11107
8249
4024
-1297
-7602
-13516
-14180
-7926
2568
12726
17772
16574
8824
-734
-6624
-5878
-117
5324
8935
9628
8740
6152
706
-6137
-12529
-14058
-9813
-2082
6075
10661
10875
7316
1897
-2450
-4854
-4457
-1691
2248
6493
8458
6870
2022
-3482
-6715
-6990
-4770
-1754
658
1091
-262
-2450
-4535
-6246
-7461
-6258
-2171
3956
8510
9209
6955
2755
-581
-2878
-3218
-1625
-23
2083
2662
2176
382
-2733
-4280
-4666
-2980
-938
389
2253
3258
4066
3401
1324
-496
-2717
-3147
-2222
295
3510
3845
2812
-146
-2610
-5287
-8577
-6870
205
12691
19908
15871
5124
-6684
-11525
-14030
-12991
-6739
1655
9937
10605
8179
3273
-5539
-15846
-23620
-18113
-3873
8931
12219
6010
-1591
-9572
-14867
-16390
-11985
-2030
7833
15623
17709
14694
7005
-2303
-6323
-3442
5313
12946
15642
13878
8500
2639
-3815
-9110
-11671
-10745
-5310
1783
7893
9691
6191
265
-4587
-5537
-3249
474
4204
6941
7482
5102
558
-4388
-7378
-7675
-5246
-1171
2461
4116
2534
-1302
-5347
-8153
-8693
-7194
-3712
1052
5336
7886
7444
4519
562
-2635
-3106
-1165
2165
4846
5216
3642
223
-3241
-5668
-6747
-5807
-4706
-2639
-490
912
1785
589
183
123
977
2349
2601
3389
2768
2234
976
-743
-2540
-4584
-1485
6001
14576
15225
6102
-4333
-11386
-12237
-11736
-8332
-647
6199
8943
5182
550
-4745
-12790
-19936
-19562
-7170
8048
15384
11470
1577
-7384
-13547
-14741
-10395
-1382
7742
12419
12921
9843
4288
-2939
-7966
-5626
2921
12534
16907
15074
10194
4582
72
-3535
-5261
-4868
-2976
-128
2543
4618
4602
1825
-2409
-5458
-4741
-878
3437
6021
5753
3919
1224
-1526
-3196
-3836
-2634
-978
616
1211
-59
-2368
-5462
-6952
-6634
-4486
-1548
526
1570
319
-1977
-4421
-5364
-4012
-1284
2499
5314
6156
4371
1164
-1275
-2512
-2567
-1615
488
3004
4167
2150
-1769
-5437
-7125
-5868
-3598
-500
1697
2213
2862
2993
3435
2017
-1604
-2527
2502
14368
23576
20371
6779
-7692
-13052
-11636
-8742
-3899
2163
7009
5230
-272
-3217
-6352
-12533
-19568
-16459
-1234
12688
14419
3356
-9141
-15628
-15905
-11268
-3805
5369
11698
11869
6460
-665
-6217
-9233
-7838
-806
10250
18186
17500
9301
-30
-3887
-2250
2120
5628
6910
6594
4415
1419
-1748
-4221
-5437
-5224
-2900
1240
5197
6110
3211
-1707
-4790
-4169
-1200
1977
3455
3672
2926
1162
-1063
-3226
-4078
-3723
-2472
-919
-35
-380
-2420
-4389
-4815
-3453
-1155
439
1631
2084
1220
-424
-2104
-2435
-1209
107
1582
2970
2843
1395
-1997
-4673
-4462
-3359
-231
2413
3576
3781
508
-1794
-3283
-3592
-2160
-1902
1847
9802
19699
23482
14293
62
-9143
-8409
-3955
-1435
1972
4994
4330
-2829
-10276
-11587
-12055
-16037
-19145
-12502
2614
12862
9144
-3594
-15139
-18930
-14788
-6231
5121
14064
15678
9692
86
-6187
-8140
-6229
-131
9380
19133
22508
17043
6170
-3466
-6441
-2901
3536
8912
10261
7039
443
-6532
-10215
-9803
-6597
-2034
2186
5540
6402
3528
-647
-4273
-5034
-3212
-491
3742
7266
7907
4244
-2415
-6952
-7481
-5152
-2890
-1469
143
1313
1221
-1192
-3731
-4990
-4704
-2659
-397
1643
2228
386
-1878
-2574
-340
2881
4343
3439
1971
1370
1042
635
-1580
-3236
-3611
-2912
-1083
-519
-386
-1577
-4411
-5068
-4587
-250
6677
15312
21720
17723
6099
-5569
-8409
-3630
1181
5461
8209
8029
1518
-7866
-11998
-10996
-9765
-11601
-10521
-3498
3504
2641
-7537
-17645
-20146
-14444
-4329
4835
11846
13115
7519
-1120
-6431
-3861
2520
7977
11157
13091
14026
10471
3069
-4015
-5399
-388
5998
9870
9413
5400
-1019
-7735
-10678
-8135
-2326
1798
2515
1321
636
77
-1780
-3638
-3670
-720
3351
5947
6958
6213
3983
412
-2712
-2708
-462
1134
-39
-2317
-3186
-2487
-1849
-2133
-2833
-3265
-2852
-1784
-904
-720
-1780
-2725
-2482
-1207
-283
-1091
-3430
-5007
-3635
-784
1631
802
-1927
-2950
-1862
1093
3956
4444
3995
1196
-1460
-2886
-1618
4800
13046
17659
13137
2494
-4761
-5037
-1333
893
2715
6181
7445
3573
-3895
-8430
-8779
-9147
-9941
-8035
-2189
2019
-1316
-10025
-16336
-15098
-8546
-1053
4173
7136
6582
1613
-4495
-6701
-2710
4886
10415
12780
13090
11742
9113
5171
2605
3650
7292
10615
10806
7722
2892
-1818
-5539
-7262
-6410
-4171
-3061
-4199
-6847
-7549
-5414
-2522
-690
-797
-1099
-758
-961
-1081
-685
858
2485
2453
1892
1854
2524
2137
-81
-2079
-1855
652
2429
1976
-297
-2720
-4083
-4612
-3789
-2024
-1462
-2418
-4243
-4969
-3401
-2429
-2208
-2067
-2323
-1116
-879
-1421
-950
-958
890
2421
3054
2980
266
-1641
1665
10735
19158
16172
3422
-7668
-7119
1406
8262
9301
7305
4396
-820
-6159
-6935
-3553
-2474
-6756
-9701
-4345
4654
5644
-5289
-18958
-23123
-14004
-107
9383
9963
3916
-4209
-11144
-12539
-6137
4708
13282
14060
9731
5454
3194
2259
2074
5108
11247
16123
14892
7457
-325
-3014
-690
2803
4675
4251
1529
-3398
-8418
-9712
-7264
-4034
-2821
-3752
-4410
-4885
-5304
-5304
-4220
-1444
1031
1485
75
-1595
-1647
-8
1906
3160
3869
3950
4105
3705
2327
1370
1396
2861
3542
1434
-2252
-5488
-6585
-5698
-3845
-2735
-2567
-3851
-5498
-6077
-7152
-6801
-6117
-4449
-1160
881
2940
2213
-815
-2163
1278
11887
20842
19824
9037
-1929
-3308
1954
7533
8966
8363
6415
1643
-3042
-4540
-2543
-2949
-8330
-12917
-10792
-3480
-823
-7082
-17314
-21488
-15215
-4780
2643
3191
-5
-2722
-3745
-2049
1742
6199
8447
7095
4857
4947
7653
9436
8663
7687
9332
12596
12916
8385
2884
1475
4774
8844
8716
4101
-1733
-6406
-8209
-7789
-5470
-2876
-3140
-6552
-10388
-10399
-6224
-2052
-486
-1845
-3469
-4171
-4409
-3819
-2140
690
3873
6324
6946
5357
2672
283
741
3147
5224
6260
5338
3554
1155
-1887
-3654
-3086
-1389
-237
-780
-3921
-7003
-9505
-10740
-8934
-6684
-4569
-4046
-4978
-4924
-4814
-3843
-367
6840
14356
14569
7472
340
1288
8299
13096
12428
9023
6054
3485
1378
2088
4217
2709
-4686
-11989
-12032
-5768
-2638
-8377
-18168
-22815
-18700
-11158
-7098
-7534
-8910
-7554
-3837
89
3456
5467
5798
4831
4511
7228
12308
16024
16279
14332
12466
11180
8816
5130
3349
5462
9882
12496
10312
4477
-1565
-5417
-6068
-3098
592
1828
-1206
-7828
-12051
-11859
-8448
-4427
-3022
-3121
-4678
-6505
-7228
-6589
-4002
-1436
604
1789
2359
2491
1557
893
1208
3301
6343
7892
7070
4889
3182
2258
2611
2090
1017
359
-1214
-1432
-1868
-3276
-5736
-10023
-12430
-12753
-9170
-4989
-4667
-7229
-9772
-4523
4255
7377
2743
-3801
-723
7692
12706
11471
7198
6362
6179
4800
4832
6899
7857
3566
-2848
-4134
1258
4536
-1112
-12434
-19301
-15969
-8490
-4307
-6370
-11052
-13475
-13348
-10408
-5880
-1760
-302
-1706
-1818
2619
10091
14538
13959
11835
12051
14522
15118
13077
11196
11604
13386
13399
11016
7245
3367
294
-744
1096
4331
4393
-585
-7226
-11311
-10665
-7637
-5473
-4579
-4936
-6027
-7808
-8425
-7147
-5148
-3709
-4977
-6312
-5186
-2146
1589
2645
1860
665
-782
-570
457
1946
3664
3932
3494
2691
765
-672
-429
1108
3345
4113
2113
-1370
-5210
-8167
-9374
-8921
-7128
-5729
-4827
-2076
1609
1633
-4173
-10243
-7576
2815
10042
8825
3743
1463
3457
5538
6642
7996
8279
5858
2623
3632
8389
10538
4357
-7496
-13890
-9783
-973
2833
-1820
-9939
-15132
-14685
-10968
-6682
-3833
-3802
-5784
-7232
-5490
-354
4651
5882
5204
6456
9504
11372
10154
8579
10248
13503
14610
12734
9467
7762
7621
7841
8181
8163
7427
2505
-4772
-9137
-8022
-2437
-119
-2990
-8303
-12134
-12189
-11207
-8154
-5327
-4368
-5206
-8419
-8602
-5278
-712
1633
-45
-866
-103
2065
4004
3335
2276
1922
2421
3512
4670
4890
4110
3343
1769
-35
-438
-354
-491
-614
-2313
-4329
-5938
-8039
-7812
-4766
1090
4396
-396
-6971
-8507
-1555
5840
4591
-894
-4168
-1518
2416
4475
5499
4671
2471
-1710
-2235
2981
8174
7277
-1213
-7733
-5667
1510
4870
382
-6801
-10696
-9012
-4762
-1011
279
-1888
-6383
-9738
-8613
-3404
3205
6053
4868
3616
3946
5566
5933
5248
6281
9612
12517
12300
9879
7272
6404
7141
7340
7645
7257
4487
1329
-1303
-1303
475
-317
-3132
-5955
-6762
-6900
-7451
-7194
-6640
-5816
-7811
-10591
-10402
-7162
-1632
-261
-2406
-3808
-3838
-757
1736
1859
2522
3987
5291
6333
6335
4695
3644
3280
3441
4474
4629
3277
695
-1406
-2710
-4270
-5893
-7296
-6892
-3934
262
773
-3626
-8528
-8464
-1317
4309
3275
-1244
-4280
-2005
2046
5111
5734
3410
-862
-4138
-2096
2734
6203
2582
-6409
-10641
-6372
2258
5210
158
-6421
-8579
-4806
-671
778
-325
-2650
-3839
-2526
867
4063
4824
1596
-2414
-2159
1705
5646
6284
3932
3228
4863
6224
6831
6649
6867
7807
8266
8415
8998
9537
6512
1675
-1490
-564
3542
3866
-68
-3991
-4883
-4352
-5976
-7487
-7896
-5900
-4537
-6216
-7778
-7701
-5488
-4856
-5893
-5445
-3067
1166
2856
827
-941
-452
2071
4824
6144
6002
5805
5636
5016
3370
2460
1668
718
1241
955
-217
-2658
-6027
-6344
-4362
-431
101
-4434
-8555
-8676
-1711
3780
2084
-3562
-8262
-6398
-1680
3046
4807
3189
610
-2453
-1060
2263
4741
3285
-3439
-7718
-4894
2789
6571
2416
-5609
-10702
-8109
-2292
2383
2909
-544
-3829
-3842
-406
3848
6353
4809
1503
624
3035
6704
7845
5284
2643
2973
4982
7234
7922
6665
5209
3986
3758
4130
6250
7090
4634
1753
-791
-163
1003
-522
-2139
-2781
-1823
-2576
-4420
-6028
-7205
-6512
-7113
-7184
-5736
-3777
-2932
-6056
-8509
-7490
-3873
-23
-206
-2072
-2016
-45
2108
3144
2806
2290
2989
4307
4647
4897
5351
4068
3041
2486
1607
1062
-764
-1539
-702
1376
2263
-1470
-5281
-6300
-2449
1702
422
-3816
-6916
-4963
-1993
-124
245
-1429
-1947
-2433
-758
1556
1871
-229
-5857
-9283
-6434
951
5482
2427
-4314
-8347
-6271
-1504
1671
1972
202
-1583
-1138
1362
3849
5434
4411
2135
1728
3820
6624
7553
5841
3544
3466
4934
6708
7440
6248
4945
4203
4717
4903
4742
4785
3134
1859
701
683
1420
-199
-2100
-3873
-3957
-3743
-4478
-4503
-5456
-5939
-7465
-9016
-8107
-5035
-693
-119
-2070
-3502
-3721
-1586
275
619
851
1485
1444
1056
193
-719
350
2257
2993
2049
1171
471
330
1347
1350
1284
631
-312
340
1392
2981
2269
-1012
-3743
-3072
1528
3292
143
-4689
-6692
-3961
-614
1007
-360
-2929
-4993
-5446
-2573
188
1056
-1130
-5889
-7943
-4621
1142
3388
422
-4059
-5199
-2418
456
1125
-458
-2334
-2170
351
3386
5087
4577
1904
311
2105
5805
8781
8122
4619
2394
2723
4484
5987
5627
4004
2937
3540
5085
5551
5221
3079
-124
-111
1715
4248
4705
1249
-1716
-3143
-2624
-2141
-2046
-1724
-3295
-5173
-7260
-7749
-5987
-3886
-2753
-4147
-4654
-3255
-1561
180
545
160
714
1707
2062
2223
2120
1741
2083
2368
1386
933
1569
1137
304
-360
-1474
-2175
-3095
-3671
-2353
-1354
-1492
-2353
-3695
-3581
-2220
563
2178
-38
-2761
-4117
-2617
518
2291
2100
57
-1480
-2189
-1237
365
-328
-1284
-2857
-4819
-4662
-2870
-928
-494
-1667
-3018
-2658
-1239
-695
-607
-792
-371
908
1857
2518
3180
3588
3621
3270
3076
4327
5856
5990
5733
5463
5170
4633
3511
2891
3514
5362
6603
5166
3134
2062
1774
2949
3438
2633
2093
1017
-375
-1213
-1323
-1323
-1665
-2536
-4774
-6471
-6880
-6467
-5075
-4062
-3649
-4670
-6010
-5725
-4064
-1282
205
15
-313
159
1792
2589
2626
2812
2336
2160
2216
2273
3598
3930
2319
169
-1523
-1496
-1180
-1234
-2185
-3438
-3423
-3557
-2729
-1555
-1861
-3061
-4212
-2684
-228
667
-848
-3124
-2482
-797
1599
2725
1767
1298
-474
-844
222
439
527
-1356
-3753
-3810
-1104
1118
-15
-3278
-5627
-4463
-1581
261
-121
-1475
-2504
-2460
-135
2153
3257
3012
1113
160
1748
4640
6781
6769
4897
3527
3756
4650
5684
6293
5594
4022
2537
2580
4562
5580
4598
1993
-56
706
1851
2137
1055
-243
-660
-1919
-2869
-3215
-2692
-2135
-3349
-4674
-5454
-4389
-3060
-3221
-2757
-2259
-1554
-1065
-1772
-1985
-722
1112
1920
1855
1577
1283
1566
2185
2126
2207
2198
713
-869
-1629
-1456
-930
-1185
-2728
-4167
-3404
-2125
-2016
-2664
-3051
-3154
-3669
-3595
-2335
-59
530
-1917
-4311
-3871
-316
3019
4068
2286
-151
-411
564
2071
2270
1963
1010
-1795
-3593
-3075
-314
1141
-503
-2417
-2694
-1751
-2007
-3191
-4070
-3720
-1944
-465
-124
-216
-94
-25
371
1391
3146
4719
4810
4372
4748
6119
6622
5342
3820
3988
6178
8188
7991
5671
3658
3129
3534
4137
4220
4068
2870
637
-965
-919
426
555
-1320
-3658
-4697
-3818
-2966
-3202
-4075
-4717
-4438
-3916
-3460
-2810
-1945
-1637
-1838
-1826
-1387
-37
670
244
-87
-200
357
538
-175
-918
-1398
-1088
-1137
-2193
-3363
-3764
-3144
-2660
-2749
-3480
-3234
-2174
-2129
-1427
-669
-1267
-2736
-3483
-1132
2132
3023
1910
599
886
2702
4062
4129
3322
2232
1921
2440
2363
1452
476
-858
-1915
-1268
778
1875
-229
-4267
-6387
-4826
-2171
-1393
-2352
-3800
-4656
-4258
-3078
-1686
-700
-645
-778
-230
1530
3815
4656
3926
3360
4155
6036
7671
8003
7370
6632
6238
6227
6308
6564
6635
6128
4992
3114
1969
1896
1857
1699
851
-357
-1440
-2375
-2684
-2477
-2439
-3657
-5534
-6359
-5863
-4262
-2971
-3555
-4801
-4950
-4058
-2830
-2103
-2478
-2647
-1658
-799
-481
-954
-1893
-1691
-1177
-1184
-1334
-1680
-1710
-1651
-1796
-2093
-2678
-2863
-2592
-2089
-981
-100
-664
-2618
-3696
-1038
3364
4746
2422
297
1435
3877
4448
3606
3434
3779
4174
4311
3691
3615
3490
2073
873
219
710
2023
1028
-1807
-3263
-2471
-1317
-2118
-4705
-6225
-5320
-4318
-4347
-4815
-5117
-4951
-4988
-4449
-2905
-1353
-801
-1341
-893
1405
4039
5358
4729
3813
4439
6162
7566
8077
8394
8574
7796
6643
6186
6934
7914
6975
5141
4013
3344
3437
2973
1595
629
-323
-1467
-2717
-3832
-4117
-3762
-4207
-5610
-6171
-5669
-5208
-5519
-6583
-7194
-6133
-4240
-3397
-3507
-3964
-4367
-3944
-3410
-2984
-2238
-2067
-2255
-2174
-1986
-1746
-1787
-1823
-1552
-1284
-961
-734
-604
-111
524
1109
1139
260
256
1445
2559
3757
4439
4187
3524
2709
3263
5507
6790
5791
3958
3288
4261
5362
5137
3348
1615
1191
1386
1714
1228
-377
-2504
-4632
-5466
-4771
-3634
-3630
-5287
-7196
-7973
-7293
-6486
-6470
-6563
-6134
-4817
-3453
-3067
-2912
-1888
-93
1507
2545
3575
4772
5707
6005
6098
6812
7727
7972
7709
7639
8077
8420
8161
7597
6983
6554
6483
6231
5354
4301
3470
2780
1986
794
-510
-1420
-1928
-2655
-4029
-5236
-5966
-6466
-6569
-6830
-7325
-7296
-6923
-7034
-7524
-7692
-7368
-6668
-6195
-6445
-6710
-6156
-5113
-4408
-4354
-4687
-4870
-4520
-3619
-2328
-819
426
416
-344
-211
677
1689
2910
3929
4543
5125
5298
4778
4662
5405
6275
7139
7498
7008
6767
6709
6278
6023
5806
5191
4709
4637
4234
3385
2296
854
-224
-450
-230
-416
-1713
-3383
-4019
-3873
-4377
-5433
-6072
-6012
-5743
-6181
-6935
-6916
-6413
-6179
-5899
-5314
-4705
-3691
-2647
-2064
-1178
99
1179
1769
2233
2984
4123
5306
5479
5161
5456
5947
6167
6091
6072
6461
6947
6748
5878
5416
5462
5302
4709
3991
3562
3341
3145
2415
983
-247
-1081
-1833
-2479
-3121
-3763
-4400
-5165
-5946
-6484
-6745
-6848
-6831
-6848
-7118
-7546
-7877
-7936
-7558
-6940
-6534
-6433
-6480
-6143
-5053
-4111
-3828
-3499
-2755
-1566
-27
1349
2025
2086
2428
3301
4283
5428
6332
6627
6511
6014
5950
6767
7278
7060
6618
6224
6243
6419
5858
4603
3618
3066
2529
2113
1639
680
-315
-971
-1332
-1330
-1679
-2808
-3751
-3986
-3877
-3600
-3412
-3908
-5061
-5805
-5236
-3959
-3296
-3358
-3566
-3723
-3467
-2405
-1025
-226
-32
163
796
1817
2652
3172
3559
3649
3543
3658
4090
4614
5027
4967
4155
3183
2989
3630
4346
4429
3750
2824
2197
1826
1393
1026
882
692
199
-546
-1333
-1830
-1916
-2132
-2752
-3415
-3998
-4537
-4849
-5079
-5437
-5606
-5772
-6271
-6488
-6070
-5494
-5119
-5037
-5121
-4834
-4144
-3725
-3507
-2865
-1764
-753
-364
-452
-263
546
1636
2634
3374
3872
4101
4044
4076
4352
4567
4657
4677
4458
4144
4141
4120
3606
2958
2609
2735
3174
3252
2757
2175
1919
1863
1817
1860
1764
1286
726
374
140
-172
-824
-1621
-1856
-1633
-1693
-1920
-2189
-2739
-3140
-2949
-2176
-1432
-1505
-2054
-2264
-1886
-1224
-799
-806
-1125
-1318
-854
-12
262
-260
-724
-557
86
805
1100
883
463
206
513
1364
2061
1900
1041
470
825
1755
2512
2467
1664
1003
911
916
1015
1282
1116
476
-178
-759
-1017
-946
-1239
-1927
-2419
-2573
-2594
-2465
-2391
-2761
-3072
-3048
-3110
-3055
-2614
-2136
-2122
-2544
-2766
-2476
-1991
-1715
-1721
-1563
-963
-312
104
268
90
110
928
2007
2538
2410
2058
1609
1455
2173
2914
2889
2342
1646
1605
2358
2802
2678
2517
2294
2162
2324
2499
2589
2715
2873
2477
1907
2058
2176
2195
2320
1970
1583
1531
1749
1987
1503
547
61
19
-14
-401
-959
-1437
-2475
-3601
-3779
-3652
-3945
-4460
-4897
-5293
-5699
-5704
-5277
-4818
-4324
-3899
-3734
-3759
-3753
-3097
-1924
-1226
-937
-576
-257
-96
205
994
1742
1882
1812
1928
2449
3354
4113
4359
4164
3777
3558
3808
4377
4722
4688
4440
3740
2805
2267
2131
2081
1807
1231
731
421
-85
-832
-1380
-1586
-1821
-2158
-2307
-2479
-2934
-3519
-4041
-4164
-3968
-3933
-4135
-4394
-4266
-3649
-3403
-3582
-3314
-2663
-2026
-1520
-1126
-499
252
636
724
979
1381
1676
2013
2323
2547
3066
3364
2921
2641
3088
3929
4554
4521
4391
4656
4792
4652
4530
4438
4505
4700
4417
3631
3105
2726
2104
1676
1341
770
148
-691
-1604
-2233
-2895
-3530
-4078
-5018
-6030
-6322
-6002
-5977
-6718
-7513
-7500
-7045
-6863
-6784
-6347
-5683
-5174
-4826
-4617
-4342
-3449
-2146
-1190
-787
-556
33
977
1805
2457
3106
3592
3916
4372
5039
5649
5877
5795
5683
5667
5856
6177
6258
5986
5672
5380
4895
4315
3888
3630
3304
2689
1882
1261
890
273
-689
-1543
-2187
-2663
-2991
-3433
-3997
-4389
-4661
-5079
-5515
-5629
-5409
-5210
-5344
-5485
-5201
-4713
-4365
-4046
-3449
-2707
-2276
-1995
-1382
-459
534
1357
1894
2212
2494
3146
4109
4818
5167
5348
5545
5772
5825
5852
5930
5747
5507
5398
5082
4675
4149
3293
2736
2510
1926
957
-228
-1087
-1070
-967
-1479
-2186
-2865
-3632
-3967
-3710
-3752
-4022
-4075
-4582
-5218
-5429
-5415
-4905
-4975
-6056
-6337
-5893
-5652
-5321
-4934
-4561
-4317
-4230
-3749
-2857
-2084
-1589
-1077
-471
99
862
1638
1896
2000
2596
3589
4482
4852
4754
4715
4939
5292
5707
5915
5761
5384
4924
4678
4690
4570
4047
3245
2647
2422
2162
1667
1182
919
766
495
69
-561
-1101
-1155
-1115
-1286
-1637
-2209
-2713
-2957
-3077
-3008
-2854
-2927
-3179
-3361
-3414
-3211
-2654
-2085
-1750
-1560
-1470
-1236
-664
-37
440
817
1080
1358
1782
2096
2248
2385
2496
2711
3021
3061
2677
2302
2345
2606
2665
2206
1464
1006
813
634
425
44
-530
-1133
-1750
-2208
-2318
-2381
-2727
-3341
-3897
-4032
-3802
-3467
-3322
-3509
-3685
-3537
-3040
-2396
-1949
-1699
-1491
-1327
-1001
-258
482
638
360
235
548
1130
1659
1880
1654
1143
848
1037
1335
1364
1222
1001
702
444
280
170
-50
-326
-357
-286
-439
-724
-823
-693
-538
-392
-260
-168
-74
86
417
885
1223
1249
1130
1174
1522
1983
2180
2188
2333
2529
2524
2419
2511
2836
3149
3167
2928
2762
2729
2750
2784
2656
2359
2054
1689
1242
972
887
782
526
-37
-682
-1027
-1101
-1159
-1374
-1798
-2345
-2783
-3089
-3278
-3293
-3399
-3736
-4239
-4699
-4744
-4378
-3896
-3654
-3822
-4044
-3857
-3216
-2490
-2013
-1816
-1742
-1582
-1211
-634
-71
206
195
131
365
849
1260
1516
1567
1646
1831
1886
1940
1956
1926
2047
2082
1921
1687
1417
1322
1360
1242
1066
954
899
907
912
959
1019
930
848
884
913
924
744
501
524
551
528
488
159
-140
-193
-180
-10
39
-229
-453
-679
-869
-811
-736
-797
-998
-1285
-1414
-1376
-1436
-1636
-1784
-1730
-1473
-1251
-1189
-1206
-1230
-1021
-555
-32
432
605
611
770
1133
1669
2172
2419
2412
2317
2352
2607
2915
2983
2768
2475
2258
2174
2143
2047
1764
1275
761
374
190
158
-1
-373
-850
-1324
-1572
-1545
-1411
-1404
-1653
-2033
-2273
-2170
-1838
-1660
-1813
-2163
-2426
-2353
-2039
-1792
-1778
-1988
-2234
-2302
-2094
-1707
-1376
-1318
-1460
-1470
-1150
-618
-233
-165
-222
-174
64
420
721
866
835
686
605
720
941
1034
917
757
750
932
1094
1034
826
677
707
832
935
987
968
877
717
568
568
727
913
1009
1034
1047
1033
1003
1036
1203
1475
1651
1614
1456
1349
1362
1367
1260
1087
947
847
686
373
-24
-329
-493
-629
-868
-1255
-1685
-2054
-2294
-2328
-2243
-2247
-2463
-2830
-3079
-3004
-2685
-2307
-2075
-2002
-1912
-1723
-1418
-1056
-688
-270
118
412
657
954
1394
1839
2098
2189
2306
2573
2948
3221
3296
3257
3165
3067
2998
2946
2874
2685
2322
1889
1481
1129
762
294
-168
-520
-823
-1201
-1736
-2263
-2566
-2675
-2726
-2864
-3105
-3346
-3540
-3602
-3457
-3189
-2989
-2988
-3086
-3036
-2726
-2328
-2031
-1862
-1714
-1510
-1217
-833
-399
17
324
538
776
1136
1570
1937
2179
2383
2652
2957
3149
3141
3048
3042
3163
3294
3307
3155
2895
2625
2394
2207
2003
1746
1476
1272
1130
933
549
26
-408
-576
-508
-445
-634
-1090
-1562
-1780
-1723
-1610
-1675
-1941
-2269
-2471
-2414
-2145
-1885
-1904
-2237
-2560
-2480
-1945
-1322
-1026
-1129
-1334
-1262
-775
-101
408
554
426
318
488
930
1348
1419
1108
708
562
733
927
836
458
34
-194
-197
-117
-105
-234
-418
-519
-498
-370
-248
-208
-207
-178
-56
122
276
362
400
468
586
735
866
942
994
1043
1078
1113
1160
1208
1239
1211
1126
1028
963
962
1035
1124
1135
1029
834
673
646
755
905
962
867
661
446
299
225
172
67
-116
-354
-596
-820
-1058
-1307
-1537
-1702
-1813
-1919
-2054
-2223
-2350
-2381
-2336
-2240
-2180
-2176
-2186
-2153
-2014
-1806
-1625
-1524
-1503
-1473
-1346
-1100
-811
-598
-493
-427
-257
89
528
914
1157
1298
1473
1779
2183
2557
2795
2891
2916
2957
3014
3018
2907
2685
2428
2178
1914
1582
1162
701
267
-87
-382
-683
-1037
-1420
-1744
-1919
-1961
-1960
-1999
-2098
-2154
-2077
-1886
-1659
-1495
-1412
-1325
-1152
-877
-585
-374
-303
-290
-191
43
349
583
657
628
630
759
999
1244
1398
1440
1436
1461
1554
1714
1888
1967
1908
1764
1631
1595
1626
1633
1533
1296
985
716
577
544
494
288
-93
-506
-767
-815
-774
-852
-1128
-1512
-1841
-1953
-1856
-1697
-1679
-1889
-2203
-2404
-2318
-2010
-1705
-1596
-1713
-1866
-1847
-1597
-1224
-893
-710
-663
-630
-475
-155
231
492
558
549
647
899
1150
1228
1155
1080
1095
1141
1117
1051
996
945
845
687
552
486
441
391
336
293
227
87
-33
-4
160
279
202
17
-71
29
207
301
258
145
78
103
187
250
212
83
-37
-52
37
83
-15
-209
-352
-326
-214
-164
-233
-358
-401
-311
-154
-29
9
4
36
164
361
538
618
588
548
629
823
1000
1043
931
764
680
736
887
991
900
639
379
266
372
554
572
336
-87
-447
-545
-426
-333
-495
-891
-1326
-1559
-1560
-1507
-1592
-1869
-2170
-2299
-2202
-2024
-1975
-2117
-2318
-2369
-2174
-1837
-1548
-1404
-1341
-1235
-1003
-686
-389
-137
77
307
587
891
1161
1331
1425
1543
1733
1959
2133
2218
2264
2330
2425
2488
2490
2453
2408
2387
2367
2322
2250
2118
1933
1712
1485
1287
1088
875
636
384
119
-186
-540
-898
-1181
-1352
-1453
-1576
-1769
-1988
-2160
-2251
-2267
-2227
-2132
-2013
-1891
-1781
-1695
-1616
-1510
-1341
-1088
-788
-532
-391
-352
-311
-167
63
275
375
375
361
412
538
658
697
642
548
513
586
716
789
741
615
500
482
541
598
582
464
324
254
279
342
339
218
33
-113
-124
-30
47
-2
-164
-331
-390
-314
-217
-195
-278
-398
-449
-410
-349
-349
-440
-570
-639
-598
-513
-478
-560
-718
-827
-805
-671
-534
-473
-499
-533
-487
-363
-176
6
136
238
333
453
595
730
842
928
996
1046
1087
1104
1098
1084
1084
1095
1111
1106
1059
990
943
931
946
966
949
882
790
696
621
586
559
505
418
286
140
20
-59
-91
-132
-217
-343
-484
-586
-623
-597
-569
-591
-681
-782
-818
-769
-677
-613
-633
-713
-779
-787
-724
-643
-614
-666
-754
-823
-829
-772
-716
-704
-750
-838
-894
-897
-850
-782
-750
-765
-813
-849
-832
-770
-699
-656
-643
-646
-633
-586
-526
-484
-479
-496
-492
-448
-362
-271
-206
-154
-85
24
165
286
382
485
644
877
1130
1338
1447
1500
1582
1739
1947
2125
2222
2215
2150
2101
2083
2075
2025
1902
1725
1549
1403
1264
1104
903
673
467
321
225
131
-4
-183
-363
-487
-528
-523
-530
-609
-736
-853
-915
-918
-906
-934
-1018
-1111
-1187
-1205
-1202
-1215
-1251
-1303
-1314
-1280
-1213
-1146
-1096
-1047
-994
-898
-771
-652
-549
-465
-383
-285
-160
-17
109
177
196
205
249
353
478
564
573
512
442
423
457
512
531
467
341
227
149
107
62
-33
-162
-293
-391
-453
-501
-572
-672
-771
-845
-875
-864
-830
-783
-740
-703
-660
-594
-478
-323
-137
48
208
352
482
631
800
956
1101
1221
1318
1393
1445
1479
1483
1472
1455
1421
1392
1353
1301
1242
1157
1060
946
828
757
732
725
690
570
379
181
51
21
30
-6
-160
-414
-690
-928
-1083
-1192
-1312
-1475
-1647
-1777
-1856
-1912
-1980
-2066
-2112
-2046
-1851
-1585
-1358
-1244
-1236
-1231
-1097
-801
-414
-76
110
150
145
216
412
695
926
1033
1022
966
967
1075
1250
1394
1420
1301
1131
996
972
1042
1107
1105
992
803
607
461
380
322
241
118
-33
-188
-309
-428
-556
-693
-813
-887
-900
-864
-824
-799
-796
-786
-727
-613
-452
-270
-114
-2
61
109
168
254
350
415
418
361
292
258
281
342
380
350
255
144
88
124
222
312
337
288
228
218
278
384
467
499
482
447
443
467
474
434
316
163
23
-82
-170
-294
-468
-684
-875
-975
-996
-971
-961
-993
-1044
-1052
-959
-785
-579
-417
-341
-315
-280
-186
-54
62
111
79
32
10
39
106
146
148
110
88
126
214
318
391
403
371
341
351
386
419
418
357
255
151
78
39
3
-66
-169
-277
-361
-397
-405
-395
-397
-411
-407
-367
-293
-192
-83
0
72
128
187
263
342
416
464
473
451
414
368
339
317
292
267
239
228
227
242
281
344
423
515
609
699
789
864
919
958
986
1010
1027
1026
968
861
724
562
416
279
134
-45
-275
-519
-731
-880
-1002
-1122
-1254
-1391
-1461
-1467
-1418
-1353
-1317
-1277
-1212
-1107
-941
-784
-664
-594
-564
-506
-408
-303
-238
-252
-326
-391
-395
-341
-282
-267
-302
-349
-340
-234
-78
62
149
182
212
290
412
542
628
641
609
578
568
573
560
520
465
408
371
356
339
307
260
220
210
231
270
294
282
245
216
225
281
344
374
360
304
270
276
319
362
364
331
282
263
282
321
361
366
341
314
311
333
338
326
290
241
218
210
192
147
53
-57
-166
-234
-264
-289
-330
-411
-512
-605
-691
-755
-830
-910
-964
-1010
-1020
-1006
-997
-999
-1021
-1061
-1072
-1044
-942
-779
-603
-434
-316
-260
-229
-184
-105
-3
106
225
335
434
493
507
475
409
354
342
402
523
643
706
704
650
586
540
527
552
595
654
736
803
820
754
588
362
152
24
5
61
113
99
-22
-240
-499
-710
-827
-839
-746
-609
-468
-378
-378
-432
-513
-558
-511
-378
-178
58
271
392
429
411
367
351
372
439
558
683
798
853
807
697
535
382
295
290
345
412
432
366
223
51
-106
-211
-242
-209
-142
-101
-107
-170
-286
-401
-486
-528
-499
-432
-364
-327
-352
-413
-489
-535
-530
-488
-411
-322
-246
-213
-216
-236
-240
-199
-117
-19
74
130
145
121
73
37
13
16
29
44
50
11
-52
-137
-235
-322
-373
-374
-337
-273
-224
-193
-180
-191
-196
-191
-152
-71
39
156
262
333
352
342
323
324
371
440
521
602
655
704
715
705
697
689
729
800
864
922
936
922
891
819
748
693
655
645
622
559
469
346
210
83
-33
-118
-194
-289
-425
-601
-793
-983
-1137
-1267
-1341
-1370
-1406
-1433
-1500
-1576
-1579
-1542
-1434
-1268
-1090
-889
-711
-583
-500
-438
-362
-260
-148
-43
45
86
90
68
28
19
49
104
185
275
375
468
563
656
738
824
891
948
991
998
982
934
854
745
617
490
366
267
176
77
-27
-142
-248
-330
-374
-380
-366
-336
-315
-307
-308
-314
-303
-274
-237
-190
-147
-130
-140
-167
-197
-216
-223
-209
-182
-155
-127
-109
-95
-76
-40
19
110
216
323
425
505
563
597
609
620
633
649
660
645
612
559
481
399
321
255
215
201
199
196
191
169
136
101
61
34
25
30
46
58
56
34
-7
-58
-114
-161
-200
-235
-266
-302
-358
-424
-500
-574
-642
-699
-749
-787
-809
-829
-854
-870
-884
-900
-907
-904
-896
-877
-845
-804
-758
-708
-649
-592
-538
-474
-403
-325
-246
-166
-81
2
80
158
238
315
385
451
526
582
629
668
692
719
740
767
790
799
816
825
819
809
787
776
774
778
786
786
787
778
764
755
747
741
737
728
700
668
638
604
566
512
442
369
297
223
144
58
-33
-125
-217
-310
-391
-469
-545
-610
-677
-725
-760
-803
-832
-855
-861
-837
-813
-786
-745
-713
-668
-622
-589
-539
-492
-438
-380
-326
-281
-254
-239
-228
-219
-204
-179
-154
-129
-102
-85
-82
-89
-96
-97
-81
-46
-3
53
100
126
151
170
189
212
236
272
297
318
321
301
268
222
175
134
91
62
36
7
-27
-66
-99
-119
-137
-144
-139
-129
-106
-88
-78
-68
-55
-41
-22
4
47
87
116
147
169
200
231
258
299
332
371
407
437
468
479
490
499
501
513
513
511
510
501
509
495
466
441
398
378
339
300
265
213
178
107
34
-32
-113
-173
-259
-319
-391
-485
-547
-661
-732
-801
-872
-883
-951
-966
-991
-1027
-1001
-1027
-976
-928
-870
-757
-722
-630
-582
-533
-432
-404
-283
-198
-118
-10
15
104
131
169
249
269
367
412
482
551
560
623
601
615
645
637
681
663
662
649
596
569
492
436
384
318
285
227
173
129
68
32
-6
-46
-50
-57
-49
-30
-34
-17
-21
-22
4
1
34
34
27
40
7
13
-13
-35
-32
-69
-56
-77
-85
-77
-114
-100
-109
-105
-89
-107
-87
-114
-118
-119
-145
-128
-153
-144
-145
-162
-146
-181
-182
-185
-217
-216
-250
-267
-277
-301
-293
-302
-294
-272
-264
-232
-209
-182
-141
-110
-60
-11
21
65
90
118
151
167
198
224
246
269
284
305
314
334
356
373
406
434
473
503
535
576
600
639
664
677
689
680
676
643
576
497
409
331
249
154
62
-39
-151
-270
-399
-504
-586
-633
-655
-662
-654
-667
-701
-755
-820
-849
-849
-814
-764
-734
-719
-745
-799
-846
-893
-890
-829
-745
-644
-565
-518
-490
-476
-440
-365
-248
-80
103
262
381
462
501
535
584
660
778
902
1002
1063
1076
1051
1010
977
976
1005
1048
1080
1080
1040
970
891
809
746
696
642
578
482
352
200
42
-107
-242
-356
-460
-559
-654
-763
-871
-980
-1067
-1133
-1179
-1186
-1190
-1186
-1182
-1186
-1159
-1131
-1062
-975
-887
-776
-678
-563
-457
-343
-221
-105
26
136
252
349
431
525
592
676
748
804
867
895
939
974
998
1038
1051
1074
1076
1064
1044
985
928
848
766
683
570
469
342
219
104
-11
-94
-180
-241
-286
-311
-304
-309
-296
-288
-277
-251
-241
-223
-232
-250
-292
-363
-428
-523
-606
-686
-768
-827
-904
-954
-992
-1023
-1008
-999
-954
-894
-821
-704
-613
-504
-404
-309
-205
-117
-5
87
170
245
286
330
346
363
386
396
423
431
427
416
386
372
353
348
355
355
350
334
309
272
226
191
175
172
168
150
117
70
27
-7
-19
0
26
51
74
84
85
89
102
136
179
237
288
324
352
353
347
339
337
347
353
352
339
305
260
194
128
69
27
-3
-26
-51
-92
-130
-166
-186
-196
-204
-200
-192
-191
-193
-194
-200
-201
-196
-191
-170
-158
-152
-148
-163
-174
-189
-190
-178
-171
-163
-168
-179
-193
-209
-213
-205
-190
-165
-142
-119
-103
-88
-69
-52
-37
-27
-24
-37
-50
-79
-122
-153
-189
-207
-217
-229
-233
-239
-230
-209
-177
-133
-85
-30
27
79
118
153
189
208
215
210
189
162
121
73
27
-20
-60
-91
-103
-106
-103
-84
-54
-5
60
131
218
305
378
457
518
576
621
646
669
669
661
639
599
566
536
492
457
418
379
353
312
269
224
179
130
78
19
-47
-104
-181
-256
-324
-398
-457
-527
-594
-642
-697
-741
-774
-817
-848
-862
-866
-863
-852
-842
-801
-743
-694
-622
-563
-496
-410
-336
-245
-166
-99
-28
35
93
151
207
253
302
350
380
411
428
445
466
471
474
469
466
459
440
420
377
355
328
300
287
247
232
212
183
177
147
132
111
86
69
42
29
0
-19
-34
-62
-70
-91
-104
-116
-131
-129
-134
-128
-127
-116
-107
-112
-97
-97
-88
-77
-77
-65
-70
-66
-61
-63
-49
-46
-38
-23
-10
15
30
45
66
82
95
105
119
132
139
135
128
117
97
86
69
53
37
16
0
-20
-44
-63
-86
-108
-122
-131
-131
-133
-138
-140
-139
-136
-134
-126
-116
-101
-79
-60
-45
-33
-20
-10
1
16
24
35
48
56
69
73
76
76
71
68
64
64
54
50
42
33
34
28
22
16
12
11
5
0
-7
-10
-12
-20
-18
-19
-21
-23
-24
-21
-19
-15
-11
-4
-5
-2
4
-1
-1
2
10
25
35
44
49
53
56
55
53
52
52
45
43
48
43
42
38
31
26
13
10
6
-3
-7
-10
-17
-17
-17
-24
-27
-29
-27
-25
-33
-40
-36
-44
-46
-51
-62
-64
-71
-81
-86
-102
-113
-121
-128
-124
-122
-122
-121
-123
-122
-121
-121
-110
-97
-88
-78
-61
-40
-25
-4
19
34
60
82
107
127
144
168
185
196
198
199
205
208
209
212
216
224
233
229
226
222
222
226
217
202
182
163
151
129
102
81
50
23
-13
-53
-96
-140
-178
-215
-242
-270
-301
-326
-349
-367
-372
-376
-379
-375
-363
-345
-323
-301
-276
-249
-223
-194
-167
-131
-98
-70
-36
-8
29
61
89
115
142
172
197
219
243
258
272
282
282
283
276
280
271
263
261
249
251
246
248
248
235
232
227
224
220
205
190
163
127
91
48
6
-49
-103
-156
-215
-262
-310
-352
-386
-421
-450
-464
-477
-484
-481
-471
-457
-435
-403
-366
-320
-272
-222
-167
-117
-70
-22
27
77
118
155
188
216
241
255
262
259
260
255
247
243
234
223
222
211
206
201
190
190
184
179
169
154
148
134
119
106
80
59
38
13
-4
-19
-25
-39
-45
-49
-55
-49
-50
-50
-40
-41
-36
-26
-27
-16
-19
-25
-22
-34
-22
-26
-28
-21
-33
-29
-46
-54
-63
-85
-84
-105
-109
-105
-121
-107
-112
-114
-114
-128
-119
-133
-138
-134
-146
-137
-152
-159
-162
-170
-158
-171
-162
-147
-141
-115
-107
-79
-48
-28
13
39
81
117
143
187
211
246
262
273
291
282
296
289
288
291
266
272
252
238
236
204
192
167
154
146
126
127
110
105
88
68
55
25
12
-14
-35
-52
-87
-111
-149
-169
-196
-219
-236
-265
-265
-284
-277
-277
-284
-255
-266
-235
-228
-225
-190
-191
-154
-148
-131
-95
-96
-55
-48
-30
-3
-7
31
32
55
81
87
123
117
137
139
125
139
120
131
131
128
135
116
122
101
93
87
65
70
52
50
51
33
26
-2
-14
-25
-39
-40
-57
-56
-66
-75
-72
-83
-66
-66
-61
-48
-54
-32
-26
-17
-3
-6
10
10
17
28
28
33
30
31
36
34
36
30
28
26
24
33
30
30
27
21
18
13
6
3
6
4
7
8
6
4
1
-2
-2
4
12
19
24
27
28
31
29
29
30
30
33
32
21
14
8
-2
-9
-20
-33
-37
-42
-51
-52
-49
-44
-38
-38
-42
-38
-36
-25
-13
-13
-7
-3
5
12
8
10
8
6
8
7
9
16
20
17
19
12
4
3
-6
-7
-10
-22
-30
-38
-42
-44
-42
-44
-48
-36
-33
-25
-14
-16
-11
-15
-15
-13
-12
-13
-17
-16
-15
-14
-9
-3
1
7
14
17
22
25
30
30
30
34
39
43
43
39
27
17
12
4
1
-8
-13
-13
-16
-16
-16
-18
-12
-6
0
1
8
19
26
35
41
44
49
54
55
58
56
49
47
39
29
20
12
9
4
-1
-5
-11
-19
-25
-31
-37
-39
-40
-45
-43
-32
-27
-18
-13
-13
-6
-2
-1
-1
2
-2
-8
-10
-12
-12
-11
-14
-19
-22
-19
-15
-10
-12
-15
-13
-6
-4
-3
0
-3
-6
-13
-14
-14
-19
-20
-20
-18
-18
-20
-17
-17
-16
-15
-16
-17
-22
-20
-15
-12
-7
-6
3
15
29
36
40
50
52
58
60
55
52
42
33
27
19
12
2
-6
-15
-22
-28
-31
-27
-29
-22
-19
-17
-6
1
8
15
18
21
22
21
21
21
21
23
21
20
18
10
9
-3
-6
-8
-12
-11
-19
-21
-22
-33
-31
-28
-24
-19
-19
-15
-16
-16
-7
0
5
7
8
4
3
7
4
6
11
13
10
4
5
10
7
-1
3
4
6
5
-5
-2
0
4
9
6
6
8
6
3
0
-5
-7
-9
-9
-6
0
2
0
3
2
7
9
2
-1
-2
-2
5
8
4
1
-4
-11
-11
-7
-5
-6
-6
-11
-9
-12
-12
-14
-17
-13
-17
-15
-14
-9
-2
-4
-6
-9
-10
-12
-13
-7
-4
-3
-2
3
6
6
9
8
8
7
4
7
13
18
20
22
16
11
6
3
10
13
16
18
19
19
16
14
10
8
6
5
11
8
4
9
5
2
5
-1
-5
-7
-11
-11
-6
0
4
2
-5
-8
-8
-8
-6
-5
-6
-7
-9
-9
-11
-14
-12
-13
-16
-12
-12
-9
-3
-7
-10
-16
-18
-12
-7
-1
0
3
1
-1
-2
-6
-10
-14
-15
-16
-15
-11
-10
-7
-4
-4
1
1
-1
1
-4
-1
5
7
12
12
10
8
8
8
9
9
6
8
7
7
12
15
16
24
22
23
33
35
40
40
39
42
45
47
42
35
30
23
15
7
-5
-10
-19
-26
-31
-36
-39
-37
-40
-43
-45
-49
-48
-49
-41
-36
-35
-34
-30
-25
-23
-21
-22
-25
-23
-20
-23
-18
-15
-16
-11
-10
-13
-19
-21
-16
-19
-15
-7
0
8
16
18
19
27
38
48
56
63
71
74
73
75
70
68
69
61
61
54
50
47
36
27
19
11
4
1
-4
-13
-22
-25
-37
-46
-46
-45
-44
-42
-42
-43
-44
-44
-40
-41
-46
-45
-39
-30
-30
-26
-19
-17
-12
-10
-4
4
7
14
14
17
17
12
10
5
3
2
-5
-3
-4
-8
-8
-16
-14
-9
-1
7
5
9
12
16
19
22
30
37
43
49
49
50
42
39
37
25
17
-1
-11
-17
-29
-35
-40
-49
-51
-50
-53
-47
-48
-50
-41
-31
-19
-16
-12
-3
7
19
24
31
35
37
34
31
27
29
35
31
21
19
10
6
8
2
7
-3
-5
-3
-1
5
4
2
2
0
-1
4
8
16
20
23
22
16
11
4
-7
-14
-20
-26
-29
-27
-29
-33
-25
-23
-21
-19
-19
-12
-5
-1
1
3
5
0
-1
0
2
3
5
2
-5
-7
-11
-11
-10
-9
-8
-6
-4
-4
-6
1
5
10
10
7
11
14
19
24
27
29
29
27
25
14
3
-8
-14
-7
-9
-6
-10
-19
-16
-16
-16
-15
-15
-8
-6
-10
-8
-12
-11
-5
-5
-7
-10
-11
-12
-15
-11
-4
3
4
7
9
8
12
17
18
22
21
22
23
16
17
20
22
24
21
17
13
5
4
1
-1
-4
-9
-6
-8
-2
-1
-7
-7
-7
2
5
4
5
4
3
1
-4
-6
-5
-9
-12
-16
-19
-16
-17
-14
-8
-10
-12
-13
-9
-5
-2
0
-9
-13
-16
-14
-9
-8
-4
-2
4
8
8
15
13
11
9
5
9
11
5
-3
-2
-4
-6
-9
-13
-13
-15
-12
-10
-8
-10
-8
-7
-8
-5
-3
3
10
15
26
33
32
36
35
36
35
31
29
23
18
18
18
17
12
17
18
17
