-213
-204
-196
-182
-162
-144
-122
-98
-65
-24
8
42
69
106
142
163
197
218
234
254
249
251
251
244
239
222
212
197
181
167
140
114
90
73
53
32
13
-14
-41
-58
-70
-84
-96
-111
-124
-131
-139
-138
-150
-154
-150
-156
-158
-152
-146
-145
-137
-125
-112
-99
-90
-74
-64
-57
-43
-28
-11
0
10
25
31
41
52
56
61
70
76
86
88
82
76
74
72
66
65
56
43
37
26
19
10
-3
-11
-20
-26
-41
-57
-56
-60
-61
-58
-57
-51
-47
-44
-34
-22
-20
-5
6
11
22
27
31
47
58
62
74
85
89
89
86
89
82
85
83
73
66
49
38
31
20
15
3
-13
-26
-36
-41
-52
-67
-88
-102
-107
-111
-115
-116
-113
-105
-96
-87
-79
-68
-61
-53
-42
-32
-23
-10
6
15
29
41
52
62
70
77
86
90
85
81
82
81
78
72
71
66
49
39
30
20
8
-6
-17
-27
-35
-48
-51
-55
-59
-58
-59
-57
-57
-60
-57
-52
-45
-34
-22
-14
-14
-7
6
11
10
11
19
28
35
45
47
49
48
46
48
48
45
45
45
36
32
34
29
30
25
21
15
5
-6
-15
-21
-31
-38
-35
-40
-47
-46
-48
-56
-57
-57
-61
-56
-50
-50
-48
-54
-55
-48
-41
-38
-34
-26
-15
-1
7
15
22
34
43
51
69
80
88
85
83
82
77
69
59
55
42
28
24
15
11
4
-11
-18
-24
-32
-38
-45
-54
-54
-47
-42
-35
-29
-29
-33
-36
-37
-37
-36
-25
-21
-24
-19
-11
0
6
4
9
11
15
19
16
21
23
17
16
12
12
10
12
18
17
26
28
29
38
28
16
10
8
11
14
21
22
16
15
5
1
-3
-9
-9
-8
-3
-1
-8
-17
-14
-16
-19
-15
-11
-10
-18
-19
-19
-19
-21
-11
0
2
8
9
16
20
15
17
15
10
6
-7
-10
-8
-12
-19
-18
-21
-22
-26
-34
-29
-25
-21
-17
-21
-19
-16
-13
-8
-5
5
14
19
21
18
14
18
22
25
21
20
28
26
20
17
15
10
12
12
12
7
0
7
5
1
-4
1
10
-1
-6
-8
-11
-9
-7
-8
-14
-20
-23
-27
-24
-21
-15
-9
-10
-9
-7
-11
-11
-1
7
-1
5
8
2
10
4
3
15
25
23
25
22
13
12
11
12
22
26
25
24
14
13
7
9
4
3
10
4
5
-6
-13
-14
-12
-16
-21
-6
-9
-9
-4
-19
-11
-19
-23
-11
-19
-7
-7
-11
-5
-5
-4
-5
-3
-8
-9
10
-1
4
23
1
11
20
1
9
9
-8
-6
3
-19
-26
-3
-24
-26
-9
-24
-16
-1
-16
-20
-7
-21
-21
-8
-10
-9
4
7
-5
8
8
7
16
8
9
16
11
5
13
18
14
11
9
6
3
8
8
12
14
12
16
19
13
16
16
13
21
18
17
15
11
10
8
1
-8
-8
-10
-13
-15
-17
-12
-10
-11
-8
-5
-7
-11
-8
-11
-10
-14
-16
0
-4
-7
-6
-6
5
5
6
10
16
13
7
12
16
16
7
9
8
10
7
2
8
-8
-16
-1
-8
-10
-16
-17
-21
-28
-23
-22
-14
-23
-25
-26
-29
-32
-45
-35
-37
-40
-37
-23
-18
-29
-19
-23
-18
-3
3
2
7
27
16
26
43
44
56
64
72
65
82
82
65
87
87
83
91
93
80
69
83
63
62
72
60
55
55
56
34
30
29
13
12
-6
-24
-34
-42
-53
-67
-70
-81
-96
-108
-116
-116
-125
-129
-137
-153
-144
-145
-148
-135
-146
-148
-140
-122
-125
-115
-87
-108
-90
-79
-83
-65
-50
-34
-27
-4
-11
10
40
26
47
68
72
77
90
93
102
113
111
139
137
139
173
169
166
178
190
184
196
202
174
208
194
175
192
161
127
126
118
70
72
49
15
12
-28
-37
-60
-81
-106
-118
-129
-151
-120
-148
-156
-153
-172
-157
-153
-153
-157
-132
-167
-157
-117
-142
-118
-108
-89
-115
-78
-58
-74
-23
-71
-43
-27
-45
-28
-36
-29
-49
-19
-19
-29
-4
-15
-22
-1
-3
2
43
27
29
44
52
51
69
83
54
87
86
60
95
99
72
66
68
45
70
85
49
58
56
29
36
55
36
32
52
15
16
32
31
27
15
24
-14
-1
13
-7
13
-3
-13
-24
-13
-19
-21
-5
-30
-32
-34
-18
-35
-22
-3
-24
1
-9
-4
3
8
-2
-27
-6
-30
-24
0
-28
-19
-27
-32
-39
-22
-5
-39
-24
-20
-36
-26
-30
-39
-36
-31
-47
-29
-23
-35
-32
-27
-27
-21
-1
-11
-9
11
-2
7
30
25
41
51
27
36
46
56
49
43
51
36
60
37
32
50
52
41
18
51
36
32
24
16
25
20
18
-6
22
15
-6
-12
-13
-1
-9
-3
-19
2
-4
-33
-18
-19
-5
-21
-24
-18
-24
-33
-58
-37
-38
-52
-41
-26
-29
-28
-26
-29
-17
-8
-11
-10
6
-8
0
20
8
0
0
13
7
14
19
20
45
28
3
11
19
5
-7
1
-6
2
-5
-19
-6
-20
-40
-31
-19
-30
-25
-5
-16
-11
-9
-25
-3
4
-8
-3
13
6
5
12
4
13
4
2
33
38
26
49
69
54
55
64
49
62
69
49
50
60
57
56
48
41
51
33
8
27
26
-7
-11
2
-17
-18
-12
-43
-47
-41
-66
-81
-72
-70
-62
-61
-68
-53
-60
-76
-70
-62
-77
-82
-41
-41
-45
-36
-53
-43
-47
-37
-16
4
2
-16
-28
-37
-1
17
-15
-21
31
10
-15
-1
-23
28
42
39
29
16
41
14
19
18
40
59
60
70
60
34
-2
72
37
52
111
71
114
18
-6
-2
-5
76
30
119
79
4
76
-56
-61
4
27
64
85
44
-47
-3
-17
-77
-59
14
15
68
37
-132
12
6
-88
0
31
-6
14
105
-36
-34
7
-34
45
48
-21
-51
97
-11
-78
56
-4
19
13
-36
-23
23
17
-54
21
-6
-105
-22
-17
-78
-54
-78
-90
-95
-139
-129
-86
-92
-176
-167
-51
12
-3
-58
-5
48
23
37
74
142
152
142
98
97
168
87
135
158
-21
2
49
51
31
-3
5
-59
-70
-118
-99
-10
-19
1
2
1
16
56
98
-10
-42
17
31
81
-11
14
89
-43
-131
-147
-118
-30
32
-76
-92
-40
-28
-54
-102
19
-8
111
135
61
178
109
102
-23
-3
47
-34
109
21
-58
-106
-258
-245
-209
-230
-240
-147
-217
-252
-193
-190
-114
-146
-58
-7
118
157
168
417
104
120
369
299
244
279
536
372
276
7
1
488
361
12
-38
322
135
-9
38
-49
172
-109
-421
-135
95
69
222
-20
-238
-449
-764
-348
-108
-94
-53
26
-314
-544
-177
-447
-279
77
-254
-139
157
47
40
32
-282
-37
333
206
281
527
485
176
-69
-73
165
419
305
145
45
-238
-118
21
-198
-211
-226
-311
-338
-180
-301
-353
-84
-409
-296
-55
-352
-292
-18
74
-256
1
242
76
463
79
-194
130
211
451
467
606
423
234
401
93
290
592
444
304
286
495
364
264
235
-14
30
-46
-107
99
69
-95
-257
-362
-475
-416
-330
-421
-394
-464
-474
-394
-216
-329
-547
-267
-312
-313
-351
-116
253
-28
-43
-61
-22
-156
-113
13
-77
169
-50
123
311
-28
-117
140
191
-169
103
276
138
271
418
252
159
264
80
116
202
56
227
366
69
-52
-104
-51
-103
-106
-183
-344
113
-126
-171
0
-281
-177
-107
-128
-230
117
246
86
195
157
270
383
320
197
246
244
340
620
577
296
-18
-27
245
332
-6
-26
158
-43
-219
-213
-66
-187
-370
-452
-423
-252
-296
-172
-43
-277
-673
-646
-205
-206
-290
-282
14
329
-122
-267
-84
135
4
-141
195
11
304
511
189
42
-154
21
166
-83
-290
331
820
83
-449
-191
-271
-210
-83
-297
60
85
-63
-20
-41
-325
-359
189
-227
45
657
352
205
60
-188
-331
282
274
278
654
301
354
260
37
-167
-1
-56
-331
326
347
191
112
-89
-171
-345
-187
1
229
-151
-311
-100
-153
-54
-435
-341
-378
-559
148
244
60
-6
-48
-48
-258
-403
-393
-92
-72
-105
279
343
112
-93
-317
-152
478
367
122
632
399
138
11
-270
168
233
160
397
665
552
158
271
-275
-524
75
-121
29
93
-275
-59
-77
-173
-457
-309
64
5
197
-122
-63
153
-275
-511
-142
291
-33
161
616
74
-698
-227
348
176
452
-35
-307
253
-14
-381
-96
141
-108
311
485
-25
15
-72
-292
-69
213
98
218
117
-484
-686
-596
-231
-241
-246
128
8
-422
-597
-407
-487
-439
-290
-533
-70
227
-487
-712
-347
-86
120
695
1036
685
453
-58
110
561
7
7
498
812
495
411
642
532
729
444
211
404
418
162
-159
12
-37
-226
55
319
478
236
-340
-160
417
487
18
-303
-404
-790
-771
-855
-904
-201
154
199
39
-154
179
136
-211
-212
-269
-423
-428
-367
-486
-544
-494
-397
-43
435
799
991
799
139
-220
-89
-72
-443
-597
-350
-375
-257
-253
-331
108
334
351
361
434
471
401
225
-190
-285
-241
-228
22
105
-103
-127
54
257
460
380
305
227
285
177
-317
-268
-242
-383
-546
-723
-632
-350
103
97
150
183
35
227
367
400
33
-202
-292
-291
-17
-81
115
190
139
343
349
455
542
561
379
132
38
18
149
21
67
215
60
12
-10
-89
-115
-103
-224
-282
-209
-189
-196
-331
-575
-626
-280
-232
-359
-156
-103
277
521
259
95
-124
-126
-240
-327
-150
-10
329
334
286
239
67
175
101
15
-58
9
53
30
109
-128
-74
-7
-37
11
-86
28
38
119
236
176
205
169
156
204
191
58
-130
-197
-254
-341
-340
-276
-173
-162
-117
55
72
0
-43
21
128
115
27
-39
-10
-1
-15
5
80
75
59
120
92
142
204
191
78
-52
-54
-126
-192
-202
-246
-204
-207
-321
-252
-100
-17
41
61
71
22
34
89
95
168
155
137
201
141
114
102
55
53
58
69
151
298
307
219
167
36
-63
-72
-185
-277
-227
-135
-68
-39
-19
-5
47
57
-33
-56
-91
-155
-114
-47
-43
-68
-160
-282
-305
-288
-196
-109
-40
68
55
67
27
-63
-28
-48
-74
-52
-17
-48
-170
-215
-181
-130
72
274
405
641
652
573
490
298
233
55
-127
-156
-63
139
237
230
182
243
293
277
248
188
157
-18
-175
-309
-453
-411
-455
-473
-414
-349
-200
-83
-3
-86
-206
-209
-225
-216
-220
-251
-232
-191
-171
-135
-161
-243
-199
-125
9
139
189
195
211
273
246
248
222
186
229
200
178
138
110
143
162
222
271
258
252
225
165
139
103
52
11
-52
-89
-158
-156
-108
-65
1
-23
-16
-42
-16
-11
-79
-32
-55
-11
34
18
27
-51
-61
-87
-111
-61
-105
-98
-89
-156
-35
16
-14
-7
-130
-151
-232
-315
-286
-311
-276
-348
-418
-394
-370
-266
-195
-151
-60
3
57
128
106
74
67
37
55
87
239
457
614
631
525
464
430
463
447
382
359
297
237
162
100
74
41
42
28
135
273
321
393
297
278
257
112
81
-31
-56
-136
-241
-279
-367
-306
-376
-372
-277
-221
-102
-26
36
67
65
-126
-308
-472
-568
-628
-742
-679
-662
-497
-440
-453
-236
-98
119
189
218
350
392
291
9
-275
-472
-630
-893
-1078
-1164
-992
-668
-379
168
695
1394
1971
2334
2648
2682
2723
2403
1991
1497
872
465
-61
-490
-882
-1186
-1319
-1378
-1364
-1405
-1475
-1697
-2026
-2511
-3035
-3592
-4140
-4523
-4820
-4692
-4356
-3739
-2836
-1876
-530
915
2474
3962
5179
6292
7143
7825
8058
7867
7436
6717
5940
4931
3695
2513
1365
343
-505
-1344
-1923
-2329
-2632
-2799
-3179
-3470
-3787
-4120
-4377
-4873
-5240
-5515
-5580
-5346
-5019
-4346
-3436
-2249
-817
587
2031
3422
4682
5760
6436
6769
6773
6419
5766
4746
3569
2356
1130
-13
-1127
-2001
-2637
-3063
-3330
-3533
-3550
-3483
-3323
-3230
-3196
-3150
-3120
-3035
-3021
-2908
-2696
-2301
-1749
-1154
-454
246
1039
1732
2361
2782
3018
3165
3097
3018
2579
2021
1354
824
604
283
86
-262
-147
284
782
1169
1064
1243
1311
1521
1347
826
534
125
56
-420
-779
-974
-1009
-859
-1225
-1454
-1751
-1626
-1635
-2060
-2596
-3204
-3143
-3172
-3162
-3395
-3419
-2778
-2022
-976
-272
690
1799
2917
3968
4538
5183
5570
5847
5726
5326
4962
4543
4118
3342
2579
1863
1501
1189
765
357
-163
-349
-773
-1175
-1784
-2530
-3120
-3999
-4607
-5304
-5636
-5732
-5763
-5462
-5073
-4125
-3141
-2077
-1239
-462
412
1083
1710
1776
1893
1910
2055
2211
2068
2196
2297
2754
3044
3134
3171
3068
3008
2626
2012
1140
290
-577
-1423
-2306
-3042
-3452
-3637
-3512
-3290
-2698
-1937
-1009
-232
346
813
1107
1464
1425
1307
832
368
51
-338
-468
-815
-852
-806
-595
-274
-86
257
497
825
886
917
955
1202
1596
1728
1826
1616
1706
1694
1554
1229
582
291
-191
-441
-893
-1292
-1437
-1737
-1803
-2238
-2367
-2491
-2569
-2738
-3411
-3912
-4547
-4697
-4951
-5204
-5286
-5155
-4181
-3092
-1600
-240
1336
3211
5024
6876
8097
9154
9714
9951
9793
9181
8441
7328
6134
4651
3357
2268
1483
814
9
-569
-1037
-1051
-1237
-1625
-2288
-3133
-3778
-4661
-5479
-6486
-7284
-7817
-8090
-7867
-7372
-6326
-5114
-3682
-2171
-559
1133
2538
3599
4109
4400
4473
4387
3941
3146
2328
1634
1333
1113
975
883
945
1189
1405
1501
1384
1114
583
-143
-1110
-2027
-2855
-3614
-4196
-4696
-4649
-4170
-3312
-2286
-1335
-237
859
1819
2452
2670
2624
2453
1971
1290
404
-429
-992
-1587
-1918
-2181
-2046
-1552
-1064
-320
363
1282
2220
2936
3669
4192
4677
4877
4594
4185
3563
2952
2178
1102
229
-616
-1085
-1521
-2008
-2308
-2606
-2555
-2761
-3022
-3453
-3832
-4119
-4782
-5483
-6410
-6783
-6951
-6919
-6704
-6327
-5033
-3456
-1395
528
2496
4675
6642
8520
9653
10514
10902
10920
10464
9382
8239
6893
5700
4300
2985
2020
1318
997
468
99
-110
-315
-572
-1464
-2481
-3460
-4476
-5418
-6747
-7819
-8451
-8685
-8412
-8045
-7150
-5852
-4338
-2737
-1225
374
1928
3102
3700
3939
3968
4077
3859
3262
2527
1838
1655
1530
1456
1336
1303
1516
1651
1649
1345
941
411
-266
-1117
-2066
-2856
-3518
-4055
-4413
-4493
-4078
-3279
-2395
-1338
-407
778
1841
2502
3014
2769
2714
2145
1425
811
-284
-639
-1441
-1724
-1681
-1518
-414
193
1385
2465
3609
4912
5326
5656
5330
4816
4017
2611
1189
-312
-1600
-2696
-3798
-4571
-4960
-5047
-4946
-4973
-4935
-4764
-4545
-4499
-4774
-5275
-5611
-5719
-5738
-5681
-5596
-4893
-3714
-2071
-290
1530
3712
5939
8232
9961
11340
12338
12932
13052
12327
11304
9852
8360
6534
4475
2642
1047
-39
-1114
-1951
-2478
-2494
-2359
-2368
-2613
-3009
-3220
-3853
-4556
-5692
-6586
-7128
-7661
-7689
-7729
-6957
-5887
-4587
-3111
-1719
18
1558
2901
3669
4147
4377
4454
4217
3542
2800
2002
1552
1079
702
314
93
40
-61
-166
-491
-651
-942
-1260
-1762
-2283
-2559
-2755
-2851
-3085
-3086
-2844
-2210
-1546
-993
-353
343
1298
1961
2350
2426
2309
2154
1629
921
172
-444
-817
-1093
-1061
-401
602
1755
2514
3093
3923
4631
5125
4657
3784
2930
2118
1395
81
-1135
-2275
-2986
-3539
-4273
-4652
-4977
-4835
-5009
-5362
-5614
-5744
-5393
-5519
-5700
-5944
-5627
-4660
-3768
-2727
-1782
-133
1829
3841
5590
6944
8485
9661
10756
11090
11078
10876
10144
9329
7751
6385
4977
3631
2298
627
-325
-1005
-1062
-1460
-2137
-2646
-3107
-2974
-3554
-4270
-5338
-6220
-6449
-6957
-6998
-7191
-6807
-5917
-5002
-3671
-2366
-795
672
1748
2464
3174
3714
4020
3764
2933
2453
1982
1808
1344
562
229
-6
177
134
-121
-203
-322
-331
-595
-924
-1157
-1380
-1593
-1920
-2023
-1862
-1497
-1058
-721
-194
438
1095
1632
1760
1740
1601
1424
1384
993
444
-105
-379
306
953
1547
1690
1634
2410
2823
3234
2668
1694
1232
450
167
-902
-1747
-2454
-3280
-3733
-4847
-5062
-5384
-5359
-5680
-6713
-6906
-7194
-6420
-6292
-6426
-6183
-5678
-3762
-2205
-350
1216
3000
5229
7072
8952
10069
11149
11576
11607
11185
10458
9827
8564
7233
5326
3978
3010
2149
1361
47
-538
-835
-763
-1050
-1928
-2728
-3410
-3878
-4776
-5803
-6889
-7264
-7330
-7245
-6770
-6230
-4785
-3503
-2096
-749
482
2043
2911
3531
3581
3702
3849
3644
3147
2219
1700
1302
1225
938
565
363
123
85
-371
-797
-1454
-2086
-2841
-3801
-4364
-4830
-4670
-4715
-4637
-4312
-3644
-2156
-999
315
1133
2022
3147
3662
4250
3869
3651
3177
2315
1931
1190
1741
2107
2371
2606
2380
3524
4007
4287
3527
2153
1719
712
2
-1730
-3244
-4164
-5186
-5843
-7244
-7599
-7657
-7222
-7065
-7651
-7336
-7065
-5790
-5286
-5121
-4599
-3922
-1998
-705
958
2465
4495
6986
8814
10719
11783
13260
13932
13924
13321
12079
11373
9732
7927
5426
3239
1828
168
-1311
-3206
-4213
-4488
-4656
-5007
-5816
-6264
-6402
-6672
-7351
-8219
-8830
-8839
-8884
-8831
-8541
-7715
-6135
-4661
-3009
-1297
828
3133
4887
6122
6899
7750
8465
8635
8031
7040
6167
5455
4625
3475
2363
1641
1223
752
107
-627
-1102
-1724
-2566
-3552
-4490
-4951
-5676
-6447
-7215
-7435
-6798
-6143
-5250
-4342
-2873
-947
563
1757
2384
3030
3841
4293
4905
5387
5849
6240
5872
5808
5619
5560
5289
4096
3335
2415
2119
1504
233
-949
-2520
-3324
-4605
-5779
-7088
-8485
-9318
-10729
-11488
-12325
-12265
-11641
-11162
-10090
-9135
-6842
-4246
-1438
1194
3474
6521
9288
12082
13711
14767
15622
15931
16136
15111
14044
12561
10940
9264
6902
5183
3305
1791
257
-1458
-2165
-2992
-3581
-4674
-6187
-6942
-7933
-8692
-9922
-11369
-11887
-12238
-11891
-11542
-11030
-9693
-8204
-6267
-4415
-2438
-171
1976
3772
5043
6145
7217
8277
8565
8266
7700
7277
7306
6831
6053
4979
3993
3494
2777
1985
1125
288
-242
-969
-1785
-2425
-3040
-3381
-3949
-4497
-4557
-4271
-3512
-3106
-2743
-2211
-1319
-109
461
947
1302
2448
3830
4523
4926
4566
5041
5220
4873
4085
2484
1956
953
81
-1272
-2916
-3596
-4897
-5813
-7405
-8518
-8897
-9559
-10082
-11514
-12155
-12370
-12030
-11735
-11826
-11073
-9766
-7154
-4767
-2177
577
3773
7796
11046
14303
16601
18835
20592
21138
21197
20109
19041
17215
14760
11983
9096
6744
4240
1831
-625
-2294
-3307
-4155
-5024
-6300
-7060
-7687
-8394
-9405
-10904
-12023
-12804
-13342
-13669
-13769
-13171
-11885
-10283
-8514
-6312
-3681
-702
1944
3872
5755
7474
9257
10240
10196
9812
9240
9024
8256
7068
5573
4291
3405
2279
1136
-306
-1265
-2152
-3051
-3959
-4886
-5211
-5547
-5738
-6034
-5933
-5309
-4432
-3502
-2819
-1828
-834
476
1740
3102
4887
6359
7740
8508
9032
9651
9460
8725
7171
5514
4513
3039
1575
-614
-2625
-3842
-5477
-6756
-8842
-10125
-10742
-11374
-11881
-13427
-14088
-14617
-14434
-14408
-14731
-14128
-13241
-11038
-9076
-6544
-3567
-85
4075
7627
11507
14979
18688
21622
23471
24397
24356
24216
22808
20889
17830
14640
11648
8222
5439
2214
116
-1618
-3205
-4151
-5554
-5809
-6443
-7218
-8294
-10050
-10884
-12048
-12883
-14040
-15187
-15389
-15278
-14387
-13558
-12114
-10038
-7364
-4358
-1679
1184
3794
6499
8480
9725
10553
10919
11309
10851
9915
8644
7385
6344
4943
3430
1952
938
158
-739
-1895
-2913
-3478
-3891
-4300
-5106
-5577
-5587
-5228
-4670
-4424
-3722
-2695
-1045
923
2674
4486
5862
7196
8153
8659
8747
8099
7146
5860
4630
3467
2241
918
-485
-1782
-2990
-4063
-5102
-6042
-7111
-8421
-9909
-11418
-12661
-13707
-14637
-15543
-16183
-16184
-15294
-13655
-11640
-9298
-6439
-2794
1386
5629
9502
12953
16090
18926
21271
22712
23257
22786
21818
20339
18367
15930
12874
10070
7253
5022
2922
894
-703
-2581
-3816
-5285
-6530
-7828
-9523
-10652
-12057
-12809
-13581
-14123
-14199
-14363
-13813
-13052
-11432
-9626
-7651
-5543
-3384
-761
1584
4129
5908
7406
8479
9362
10499
10793
10864
9921
8935
7761
6349
4942
2842
900
-1380
-2988
-4307
-5351
-6254
-7219
-7458
-7537
-6867
-6251
-5225
-4246
-3216
-1609
284
2978
4685
6207
7152
8424
9952
10190
10184
8792
8050
7241
6270
5283
3034
1580
-302
-1441
-2963
-4864
-5969
-7617
-8545
-10517
-11927
-12874
-13944
-14653
-16410
-16966
-17205
-16317
-14943
-13792
-11632
-9438
-5643
-1839
2009
5655
8942
13022
16152
19016
20644
21846
22619
22105
21211
19296
17529
15223
12767
10414
8085
6158
3939
2120
54
-1585
-3241
-4979
-6640
-8774
-10092
-11476
-12452
-13706
-14999
-15362
-15517
-14894
-14428
-13251
-11547
-9539
-7261
-5267
-2689
-238
2450
4603
6293
7938
9356
11054
11885
12178
11842
11424
11092
10053
8550
6467
4612
2694
663
-1605
-3941
-5797
-7579
-8776
-9941
-10442
-10255
-9671
-8275
-6906
-4541
-1936
622
2976
4468
6420
7854
8927
9053
8245
7750
7105
6915
6077
4906
3760
2702
2190
1073
-32
-1409
-2707
-4028
-5899
-7551
-9228
-10573
-12234
-14158
-15695
-16556
-16394
-15882
-15124
-13903
-11879
-8828
-5185
-1582
1883
5227
8710
12104
14862
16956
18372
19276
19376
18823
17666
16357
14780
12858
11068
9008
7395
5627
4078
2715
896
-543
-2327
-3702
-5165
-6825
-8027
-9483
-10544
-11719
-12607
-13057
-13495
-13462
-13148
-12194
-10947
-9494
-7796
-5843
-3560
-1325
957
2896
4687
6341
7790
9090
9673
9772
9403
8769
7940
6689
5248
3706
2158
632
-806
-2026
-2902
-3747
-4432
-4798
-4848
-4305
-3582
-2248
-594
817
2199
3213
4582
5686
5964
5875
5205
4866
4360
3684
3129
2033
1150
138
-561
-1229
-2368
-3172
-4057
-4677
-5836
-7188
-8108
-8975
-9625
-10748
-11485
-11819
-11726
-11105
-10300
-8846
-7236
-5120
-2560
196
2959
5465
8133
10728
12846
14200
15162
15991
16388
16020
14966
13715
12294
10682
9022
7408
5731
3897
2068
593
-829
-2548
-4317
-6038
-7386
-8731
-9971
-10737
-11425
-11796
-12066
-11879
-11211
-10601
-9763
-8633
-7117
-5525
-4015
-2280
-226
1709
3347
4878
6383
7873
8952
9708
10175
10111
9633
8941
7843
6233
4005
1630
-429
-2713
-4881
-6985
-8611
-9523
-9997
-9597
-8874
-7496
-5275
-2429
439
2686
4818
6951
8781
9448
9327
8732
7893
6917
5559
4320
2693
1380
455
-299
-1013
-2113
-2537
-2759
-3160
-4327
-5876
-6903
-7778
-8853
-10771
-12404
-13449
-13701
-13595
-13441
-12310
-10822
-8311
-5369
-2116
1404
4527
8117
11383
14141
16032
17454
18819
19396
19026
17868
17052
16051
14721
12702
10437
8683
6585
4765
2394
-118
-2599
-5169
-6876
-8832
-10670
-12550
-13879
-14298
-14755
-14947
-15097
-14462
-13458
-12286
-10881
-9458
-7482
-5583
-3277
-912
1455
3923
6014
8354
10349
12053
13217
13785
13983
13319
12045
10316
8392
5809
2588
-880
-3944
-6508
-9119
-11128
-12658
-13341
-13143
-11833
-9272
-7051
-5020
-2907
-89
2724
4072
4837
5109
5503
5514
5096
4962
4222
3632
3031
3031
3318
2908
2859
2553
2501
1748
214
-1037
-2703
-4281
-6668
-8843
-10208
-11190
-11657
-12156
-11469
-10080
-8152
-5753
-3129
-28
2628
5386
8117
10365
11682
12163
12863
13436
13379
12517
11783
11593
11379
10914
10190
9682
8985
7902
6675
5128
3195
730
-1849
-4249
-6746
-9337
-11705
-13407
-14627
-15630
-16239
-16032
-14974
-13686
-12242
-10524
-8282
-5752
-3469
-1238
965
3135
5045
6754
8363
9683
10523
10944
11224
11027
10310
9034
7592
5941
3673
1196
-1338
-3491
-5563
-7626
-9154
-10026
-9880
-8848
-7531
-6099
-4582
-2823
-575
1043
1827
1983
1841
2089
1847
1406
603
-208
-448
-560
-139
-128
137
673
1177
1741
1000
376
-493
-1573
-2942
-5405
-6960
-8275
-8795
-9085
-9246
-8084
-6687
-4075
-1392
1634
4756
7305
10354
12601
14437
14969
14873
14833
13833
12521
10424
8953
8035
6687
5489
4315
3840
3689
3134
2468
1567
473
-562
-1829
-3406
-5547
-8098
-10132
-11659
-13155
-14763
-15836
-15837
-14921
-13792
-12604
-10589
-8003
-5221
-2571
-21
2762
5354
7538
9295
10590
11431
11857
11848
11310
10068
8347
6633
5037
3115
805
-1550
-3494
-4553
-5720
-6679
-7154
-6888
-5123
-4016
-3087
-2056
-1012
729
911
578
36
-760
-1193
-2337
-2891
-3593
-4226
-4254
-4005
-2834
-2529
-1886
-628
607
1724
1037
754
906
550
-581
-2832
-4157
-4938
-5406
-5925
-5921
-4952
-3968
-1959
365
3187
5624
7150
9380
11290
12542
12544
12064
11830
10792
9085
7032
6172
5681
4429
3351
2539
2758
3080
2716
2528
1922
1038
211
-677
-1588
-3481
-5836
-7536
-8642
-9682
-11107
-11889
-11733
-11011
-10329
-9691
-8025
-5929
-3931
-2198
-319
2022
4127
5758
6898
8023
8832
9142
9030
8482
7690
6181
4579
3059
1279
-693
-2823
-4216
-5058
-5813
-6373
-6244
-4592
-2945
-1996
-1029
-23
1361
1725
1010
289
-609
-1473
-2746
-3588
-4222
-5344
-5835
-5910
-5040
-4230
-4034
-2867
-1518
-488
-609
-1127
-906
-1071
-1759
-3482
-4759
-4946
-5143
-4859
-4472
-3355
-1430
841
3741
6732
9322
11191
12983
14594
15357
15006
13827
12708
11212
9015
6440
4831
4026
2809
1792
698
494
788
192
-182
-772
-1436
-2242
-3598
-4781
-6530
-8276
-9665
-10896
-11576
-12359
-12236
-11255
-9941
-8536
-7422
-5065
-2376
-48
2230
4007
6345
8485
9817
10749
11181
11735
11728
11292
10256
8438
6567
4652
2927
796
-1704
-4113
-5943
-6973
-7559
-8313
-7475
-6259
-5110
-3468
-2629
-719
-8
-316
-1118
-1774
-1709
-2390
-3341
-4219
-5198
-5964
-5796
-5556
-4588
-4595
-4407
-3522
-2829
-2789
-4170
-4393
-4596
-4795
-5653
-6733
-6683
-5893
-4386
-3115
-832
1723
4388
7172
9657
12255
13894
15541
16696
16857
15730
13570
12038
10389
8702
6260
4608
4887
4206
3607
3062
2438
2975
2360
956
-681
-2654
-4638
-6891
-8873
-11273
-13275
-14758
-15350
-15032
-14420
-12874
-10524
-7641
-5103
-3246
-1325
1737
4010
5017
5726
6352
7741
8489
8551
8708
8870
9159
9133
8975
8854
7710
6388
5423
4044
2029
-464
-2713
-4395
-5366
-6806
-7397
-6196
-5415
-4526
-4025
-3317
-1668
-1640
-1954
-2504
-2981
-3076
-4184
-4150
-4448
-5039
-4829
-4611
-3381
-2991
-2871
-2226
-1851
-1906
-3462
-4907
-5833
-6847
-8334
-10254
-10825
-10078
-8719
-7149
-5077
-1993
1816
5902
9602
13120
15725
16917
18029
18472
17618
15707
13624
11835
9948
7809
5997
6193
6156
6146
6410
5976
6874
6309
4293
2319
-439
-3654
-6339
-9704
-13526
-16061
-18113
-18779
-19032
-18144
-16107
-13868
-10762
-7602
-5007
-2499
277
2384
4112
4710
5622
6900
7356
8448
8700
9277
10977
11740
11981
11940
11879
10563
8515
7115
4613
1777
-1227
-4022
-5732
-7734
-8383
-7373
-6655
-5280
-4549
-3584
-1529
-1444
-1649
-2296
-3384
-3482
-4685
-5769
-6440
-6892
-6963
-7100
-5764
-5362
-4770
-3318
-2914
-2463
-3754
-4676
-5391
-6967
-8130
-10040
-10679
-9975
-8303
-6455
-3773
-120
3588
8184
11817
15103
17602
19228
19929
19314
17724
14872
12404
9987
7447
5198
4102
4577
5397
6031
7050
7953
8540
8696
6957
4409
1284
-2417
-6284
-10211
-13527
-16569
-18448
-18800
-18273
-17039
-14794
-11217
-7484
-4785
-2647
-788
1004
2294
2080
1447
1038
997
1410
2223
3468
4955
6406
7715
8903
9947
10627
10394
9447
7333
4886
2190
-923
-2984
-4797
-6551
-6602
-4734
-2727
-1514
-272
1638
3209
3346
2399
589
-1105
-2819
-5463
-7008
-8078
-9666
-10129
-9581
-8425
-7438
-6125
-4373
-3087
-2778
-3922
-5147
-5769
-7032
-9502
-11513
-11849
-10755
-9268
-7107
-3581
1082
6269
10937
15145
18480
20993
21602
21144
19893
16814
13627
10259
7327
4754
2406
1646
3131
4653
5849
7761
9096
10436
10000
7005
3413
-334
-4433
-8938
-13033
-16243
-18849
-19657
-19174
-18103
-15326
-12223
-8309
-3939
-882
749
1577
2294
2297
1641
598
489
1447
2389
3618
5317
7623
10066
11489
12208
12176
11038
9218
6487
3670
193
-3822
-6765
-8809
-9454
-9448
-8011
-3998
-349
2494
4718
6582
8343
7239
4418
1212
-1875
-4710
-8146
-9894
-11038
-11507
-10431
-8775
-5923
-3742
-1877
42
883
-199
-3284
-6042
-8784
-11715
-14998
-18346
-18854
-16835
-13875
-9820
-4954
950
7269
12606
16824
20066
21600
21247
19994
17793
14790
11347
8846
7519
6270
5337
6196
9125
11419
12691
13104
12764
12070
8721
3500
-1453
-6574
-11205
-15075
-17620
-18844
-19021
-17184
-14306
-11098
-8100
-5380
-2833
-1200
-726
-1867
-3447
-4332
-5332
-6084
-5962
-4199
-906
2307
5961
9707
13175
16106
16763
15869
14339
11390
7294
2968
-1381
-4767
-7531
-9171
-8878
-7711
-5198
-1808
2772
7329
9525
10667
10998
10257
7373
2493
-1731
-5006
-7488
-9670
-10607
-9215
-7390
-4962
-2034
172
1449
1345
400
-1654
-5351
-10843
-16133
-19422
-22096
-23584
-24122
-22289
-17127
-11442
-5147
855
6339
11235
14197
16053
16561
15732
13788
11010
8791
7266
6252
6393
7591
9186
11465
14337
17197
18921
18321
16330
13199
9206
4441
-1565
-6840
-10686
-13902
-15978
-16316
-15239
-13030
-9932
-7164
-5283
-3770
-2802
-2771
-3291
-4698
-6528
-7451
-7520
-6488
-4689
-2492
1009
5356
8970
12069
14135
14463
14414
12749
9708
6659
3028
-621
-3671
-5440
-6352
-6240
-5874
-5144
-3334
-1320
1031
2519
4331
5788
5476
4964
3748
2378
931
-1109
-2613
-3094
-2444
-1242
430
2650
3751
4221
4725
4269
2481
-849
-3988
-6892
-10814
-15135
-18833
-20360
-20196
-19300
-17897
-15721
-11958
-7998
-4260
-645
2040
4219
5765
6814
7481
7592
7706
7971
8603
9072
9567
10791
12111
12982
12912
12629
12997
13383
12493
10494
8354
6017
3571
609
-2484
-5169
-7570
-9226
-10519
-11374
-11440
-11271
-10484
-9648
-9612
-8959
-7265
-5424
-4216
-3760
-3212
-2060
-389
1092
2268
3638
5175
6866
8502
9781
10438
10324
9815
8911
7439
5790
4170
1951
-252
-2209
-4322
-5050
-5390
-5763
-5524
-4853
-2849
-1350
777
3795
4870
5134
4400
4083
4068
2100
314
-890
-951
-590
-256
1447
2309
2952
3446
3244
2680
2
-2547
-5111
-9231
-13588
-17582
-19368
-20017
-20779
-20104
-17561
-13485
-9234
-5366
-1453
2189
4886
6618
8103
9203
9464
9113
8765
8699
8612
9030
10163
11337
12292
12939
13615
14694
15128
13518
11002
8489
4856
674
-3301
-7018
-9948
-12563
-14179
-13921
-12657
-11101
-9949
-8456
-6252
-5033
-4276
-3062
-2604
-3000
-3342
-3396
-2859
-1863
-830
988
3755
6421
8971
11523
13322
13851
13245
12130
10540
7758
4456
1666
-1147
-3632
-5504
-6763
-6666
-6696
-6899
-5866
-4251
-2367
-1176
102
2391
3326
3063
2478
1840
1658
556
-665
-821
-76
1240
2410
4012
5062
5379
5531
4882
3293
26
-3461
-6758
-11053
-15325
-18402
-19575
-19860
-19635
-17908
-14542
-10566
-7225
-3937
-606
2295
4003
4620
5287
5522
5490
5603
6131
7367
8748
10523
12835
14881
16364
17568
18063
17405
15752
13482
10844
7452
3068
-1604
-5100
-7668
-10309
-12318
-12981
-12113
-11231
-10587
-9063
-7757
-6489
-5844
-6139
-5681
-5373
-5373
-5105
-4832
-3987
-2367
-61
2673
5503
8162
10708
12687
13466
13673
13160
11692
9559
6545
3681
1356
-1013
-3149
-4684
-5268
-5270
-4950
-4443
-4020
-3790
-4094
-4183
-4176
-4284
-3481
-2485
-1809
-1398
-1201
134
1910
2697
3165
3895
5376
6704
6958
6853
6345
5431
3718
1063
-1828
-4658
-7167
-9813
-12576
-14910
-16153
-16036
-15252
-13781
-11971
-10139
-8190
-6300
-4300
-2331
-1086
-728
110
1562
3097
4826
6252
8504
11507
13982
16323
18278
19530
19834
18531
16242
14033
11335
8187
5076
1460
-1416
-3359
-5219
-6260
-7191
-8494
-9307
-9865
-10341
-10396
-10552
-11129
-11338
-10916
-10136
-9033
-7687
-5824
-3564
-1159
1398
3587
5908
8254
9861
11097
11537
11648
11834
11323
10279
8647
6876
5703
4331
2423
859
-298
-1275
-1963
-3198
-4597
-5340
-6549
-7991
-9098
-9859
-9406
-8569
-7708
-5238
-1822
1221
3642
4882
6284
7822
7582
6383
4998
4234
3643
2141
1041
814
967
401
-916
-2008
-2733
-3893
-6644
-9317
-11316
-13372
-15116
-16581
-16436
-15029
-13877
-12412
-10123
-7014
-3540
-831
1216
3724
6302
8793
11179
13009
14848
16427
17211
17485
17568
17277
16269
14315
11840
9732
7387
4562
2069
284
-1107
-3285
-5824
-7556
-8707
-10204
-12651
-14810
-15408
-15234
-15304
-14805
-12768
-9901
-7064
-4459
-1726
1422
4108
5850
7353
8667
9528
9819
10089
11046
11947
12526
12910
13001
13033
12597
11310
9322
6737
3594
339
-2654
-5547
-7996
-10073
-11889
-13093
-13942
-13545
-12442
-11848
-10472
-8476
-5751
-2757
-512
2606
5605
7220
7369
6642
6871
6755
5584
3974
3124
3597
3683
3832
4063
4493
4700
2742
-64
-2673
-5482
-9235
-13866
-17795
-20527
-22020
-22742
-21818
-18692
-15292
-12149
-8900
-4820
-341
2587
4425
6276
7976
9393
10498
11893
13810
15386
16239
17070
18460
19530
19510
18369
16120
13391
10167
6513
2773
-1039
-4191
-6913
-9215
-10700
-12204
-13264
-13913
-14602
-14498
-14070
-13100
-11403
-9600
-7260
-4747
-2100
560
2592
4447
6367
8035
9477
10929
12067
13014
13920
14499
15354
15820
14863
13248
11232
8813
5722
1760
-2003
-5459
-8783
-11678
-13813
-14449
-14312
-14044
-13274
-12069
-10587
-9438
-8467
-7630
-7009
-6199
-5295
-3619
-1336
1496
4966
7903
10197
11369
11953
12691
12255
10818
8955
7370
6210
4302
2157
434
-943
-2893
-5955
-8711
-10765
-12505
-14568
-16721
-17602
-17883
-17770
-16628
-14427
-11534
-9266
-7405
-5034
-2172
268
1968
3985
6256
8479
10427
12713
15829
18147
19294
19661
19842
19697
17916
15079
12001
8764
4959
1037
-1926
-4001
-5669
-7523
-8361
-8144
-8230
-8611
-9558
-10133
-10700
-11835
-11931
-10705
-8457
-6241
-4012
-651
3028
6166
8285
10112
12099
12942
12662
12031
11479
10921
9736
8409
7529
6598
5295
3837
2283
422
-1704
-3816
-5600
-7379
-9463
-11116
-12121
-12679
-12945
-12813
-11894
-10847
-9961
-8864
-7508
-5964
-4667
-3548
-1905
230
2413
4806
7301
9795
12096
13569
14257
13860
12232
9828
6974
4296
2240
1029
186
-494
-972
-1392
-1902
-3510
-5828
-7845
-9798
-11831
-13993
-15612
-16116
-16299
-16306
-15044
-12249
-9009
-6326
-4368
-2426
-363
808
1843
3616
5625
7731
9416
11609
14527
16393
17190
17440
17595
16958
14650
11762
9136
6600
3470
815
-57
84
0
-890
-1351
-1275
-1913
-3313
-4704
-5439
-6402
-7701
-8224
-7215
-5296
-3720
-1836
580
2868
4012
3724
3345
2699
1590
547
287
1334
2287
2461
2366
2427
2619
2274
1401
194
-1304
-3286
-5560
-7389
-8814
-9606
-9709
-9054
-7479
-6015
-4939
-4318
-4376
-4845
-5524
-5498
-4374
-2832
-1301
507
2710
4778
6257
7175
8236
9014
8616
7509
6124
4751
3142
1363
646
1257
2438
3352
3720
3443
2183
45
-2380
-4074
-5079
-5690
-5536
-4707
-3573
-3065
-3264
-3642
-4321
-5167
-6054
-6176
-5507
-5043
-4562
-3794
-2376
-599
681
2042
3593
4769
5453
5745
6083
6295
5885
5264
5185
5590
5991
6368
6825
7283
7322
6668
5791
4902
3706
2321
1078
238
89
177
228
443
461
410
180
-505
-1127
-1729
-2322
-2762
-3121
-3123
-2792
-2427
-2208
-2187
-2355
-2687
-3151
-4056
-5230
-6197
-6942
-7180
-7160
-6821
-5710
-4751
-4139
-3824
-3798
-3596
-3799
-4059
-3660
-2747
-1565
-347
1066
2627
3924
4497
4779
5126
5146
4915
4427
4074
3993
3726
3572
3653
3772
3734
3373
2935
2512
1792
791
-256
-1278
-2233
-3179
-3886
-4132
-4086
-3934
-3696
-3295
-2715
-2107
-1744
-1443
-1102
-708
-74
476
1052
1723
2282
2999
3689
4300
4966
5465
5764
5669
5013
4190
3560
3029
2557
2205
2158
2530
2816
2723
2430
1829
878
-302
-1513
-2391
-3080
-3696
-3961
-3918
-3734
-3468
-2973
-2286
-1868
-2084
-2512
-2583
-2488
-2419
-2462
-2328
-1822
-1364
-862
-439
-284
-412
-860
-1332
-1822
-2278
-2624
-2847
-3005
-3010
-2525
-1741
-886
-300
-77
-31
-270
-462
-427
-293
-151
8
503
1325
2131
2699
3117
3373
3331
3196
3137
3216
3221
2952
2684
2462
2203
1978
1645
1144
411
-491
-1141
-1600
-1961
-2188
-2322
-2288
-2189
-1877
-1370
-921
-735
-756
-586
-343
-144
-16
106
474
824
1212
1735
2246
2625
2661
2523
2331
2113
1739
1196
756
456
363
276
93
-21
-157
-343
-715
-1259
-1790
-2247
-2483
-2396
-1861
-926
180
1288
2200
2898
3360
3481
3237
2603
1940
1591
1551
1742
1868
1830
1602
1081
389
-491
-1564
-2802
-3988
-4809
-5232
-5370
-5436
-5451
-5452
-5616
-5865
-6026
-5993
-5908
-6008
-6041
-5629
-4731
-3576
-2368
-965
628
2174
3419
4260
4804
4883
4559
4203
4073
4350
4768
5231
5867
6360
6603
6480
5947
5128
3771
2219
962
-51
-877
-1611
-1915
-1676
-1434
-1356
-1272
-1175
-1299
-1754
-2185
-2239
-2222
-2410
-2526
-2360
-1956
-1639
-1305
-439
674
1552
1898
1840
1855
1787
1793
2028
2345
2726
2742
2574
2374
1911
1375
843
554
351
18
-161
-307
-507
-654
-482
63
450
354
-40
-498
-1212
-2253
-3078
-3192
-2769
-2337
-2019
-1805
-1861
-2159
-2365
-2208
-1887
-1530
-1046
-576
-496
-1008
-1649
-1820
-1571
-1250
-838
-61
956
1685
1853
1568
1026
363
-307
-794
-955
-784
-378
57
425
687
724
452
-205
-1063
-1832
-2307
-2359
-2084
-1594
-1113
-837
-573
-166
324
725
864
832
678
462
402
569
973
1552
2204
2881
3392
3666
3775
3617
3073
2306
1739
1583
1544
1438
1483
1768
2062
2129
2104
2187
2134
1704
1083
655
406
47
-402
-667
-660
-656
-661
-456
-49
260
180
5
-125
-355
-760
-1236
-1337
-1262
-1274
-1261
-1235
-1210
-1580
-2164
-2438
-2437
-2236
-2062
-1737
-1229
-1030
-1149
-1340
-1242
-949
-890
-931
-961
-1081
-1442
-1900
-1897
-1504
-1143
-921
-627
-120
176
131
-27
-125
-238
-530
-640
-552
-498
-664
-1045
-1247
-1297
-1113
-706
-224
282
483
619
796
1046
1492
1876
2379
2843
3213
3651
4045
4648
5157
5393
5324
4740
3954
2903
1925
1350
1104
1215
1108
698
-70
-1340
-2813
-4387
-5520
-6091
-6314
-6187
-5978
-5676
-5539
-5616
-5507
-5212
-4683
-4100
-3458
-2642
-1912
-1130
-44
1540
3473
5272
6873
8167
8958
9140
8833
8440
8028
7512
6933
6359
5713
4812
3731
2730
1936
1179
430
-279
-1039
-1921
-2908
-3642
-4037
-4284
-4481
-4746
-5071
-5557
-6151
-6512
-6486
-6104
-5433
-4633
-3819
-3122
-2617
-2133
-1738
-1409
-1041
-683
-323
-239
-294
-265
-196
-15
201
718
1425
1884
2056
1972
1890
1613
1040
585
435
577
639
725
1086
1525
1800
1750
1716
1769
1656
1367
1032
956
989
943
881
865
926
823
582
365
219
156
-14
-248
-494
-706
-819
-882
-785
-609
-404
-277
-359
-529
-775
-1024
-1249
-1373
-1115
-474
423
1407
2395
3369
4004
4066
3561
2646
1519
297
-589
-762
-252
592
1327
1797
1804
1219
234
-830
-1710
-2492
-3204
-3703
-3985
-4144
-4240
-4045
-3496
-2830
-2227
-1734
-1359
-1357
-1754
-2149
-2151
-1680
-909
133
1291
2155
2441
2306
2167
2105
2041
2060
2286
2624
2752
2581
2276
1955
1581
1150
831
731
687
453
26
-373
-567
-580
-515
-393
-226
-151
-299
-556
-689
-606
-481
-453
-408
-283
-253
-501
-870
-1030
-950
-810
-642
-315
8
-82
-605
-1145
-1377
-1467
-1592
-1580
-1373
-1202
-1204
-1146
-821
-458
-266
-74
295
646
743
685
680
730
818
1101
1680
2319
2706
2843
2933
2983
2898
2749
2646
2546
2326
2020
1795
1624
1378
1047
767
539
182
-308
-801
-1223
-1589
-1861
-1866
-1607
-1305
-1166
-1248
-1516
-2009
-2719
-3502
-4138
-4499
-4577
-4395
-4006
-3454
-2836
-2312
-1964
-1719
-1453
-1200
-1045
-913
-615
-152
231
462
772
1301
1900
2406
2938
3617
4184
4319
4105
3858
3594
3091
2432
1983
1860
1811
1663
1544
1499
1302
849
369
84
-78
-312
-591
-799
-988
-1247
-1552
-1807
-1995
-2155
-2264
-2265
-2165
-2034
-1922
-1814
-1665
-1419
-1046
-566
-81
256
394
388
342
336
388
546
841
1230
1611
1950
2260
2529
2716
2818
2928
3033
3000
2725
2234
1684
1213
891
752
743
722
562
272
-75
-467
-892
-1341
-1790
-2269
-2789
-3231
-3538
-3743
-3858
-3846
-3659
-3370
-3136
-2970
-2831
-2727
-2602
-2394
-2048
-1636
-1310
-1072
-874
-651
-372
-41
371
808
1241
1667
2077
2456
2719
2846
2888
2891
2847
2694
2409
2003
1511
997
567
306
144
-55
-341
-636
-791
-806
-761
-703
-665
-637
-673
-792
-916
-1015
-1077
-1118
-1016
-666
-143
414
864
1236
1586
1875
2090
2232
2325
2352
2243
2070
1934
1882
1862
1801
1755
1724
1655
1467
1128
748
345
-96
-544
-926
-1182
-1367
-1509
-1555
-1452
-1252
-1090
-1036
-1069
-1162
-1312
-1469
-1520
-1428
-1255
-1077
-928
-833
-845
-979
-1140
-1233
-1252
-1255
-1269
-1285
-1338
-1426
-1504
-1494
-1401
-1290
-1159
-1012
-844
-674
-498
-271
4
293
561
806
1043
1266
1480
1679
1826
1891
1834
1683
1502
1341
1209
1094
1034
979
880
723
516
334
180
63
26
67
152
234
340
453
521
526
485
435
344
215
136
154
192
143
36
-36
-106
-220
-297
-260
-133
-56
-118
-276
-447
-650
-882
-1017
-1003
-896
-796
-762
-788
-853
-923
-936
-843
-640
-391
-130
99
247
338
427
555
683
781
850
876
827
702
582
570
670
784
834
807
689
460
152
-144
-354
-453
-488
-569
-710
-891
-1098
-1332
-1603
-1839
-1943
-1927
-1867
-1773
-1594
-1323
-1008
-689
-365
-19
290
480
551
539
502
502
581
758
1015
1320
1617
1833
1941
1963
1959
1939
1864
1751
1616
1469
1339
1223
1149
1110
1016
834
533
137
-301
-737
-1041
-1177
-1161
-1010
-802
-558
-379
-368
-450
-566
-699
-898
-1162
-1336
-1378
-1339
-1204
-967
-607
-240
-52
2
-39
-119
-211
-319
-316
-230
-120
-1
77
171
257
333
443
486
456
322
107
-79
-291
-440
-452
-379
-292
-360
-473
-459
-333
-140
33
228
424
417
193
-125
-357
-422
-428
-404
-306
-201
-154
-222
-322
-339
-273
-109
69
193
264
307
374
480
638
862
1070
1105
911
574
226
-17
-147
-148
1
249
537
755
830
760
614
487
391
351
365
409
425
347
257
268
383
482
448
300
99
-108
-316
-531
-720
-878
-970
-951
-836
-673
-531
-463
-470
-534
-584
-538
-406
-272
-238
-327
-473
-614
-727
-786
-703
-462
-144
138
275
263
145
-19
-132
-144
-65
46
127
108
-12
-143
-193
-111
78
297
504
681
812
907
990
1092
1245
1425
1574
1649
1588
1348
979
565
200
-95
-319
-460
-499
-426
-303
-185
-94
-49
-55
-169
-398
-693
-1013
-1298
-1539
-1710
-1750
-1621
-1353
-1060
-802
-596
-446
-369
-400
-496
-552
-508
-391
-254
-125
29
237
472
693
885
1048
1178
1212
1118
964
835
803
856
936
1016
1048
999
822
504
113
-241
-493
-627
-682
-677
-612
-559
-589
-738
-930
-1067
-1163
-1280
-1426
-1529
-1522
-1399
-1167
-821
-387
56
388
567
595
499
347
215
185
282
499
769
964
1022
947
824
788
870
1060
1298
1528
1690
1706
1571
1326
1059
822
614
463
400
422
455
434
355
257
153
35
-97
-249
-435
-719
-1067
-1363
-1532
-1549
-1464
-1316
-1141
-1037
-1024
-1051
-1044
-925
-735
-502
-228
43
269
419
512
575
585
536
441
349
292
260
245
254
258
213
101
-68
-260
-478
-712
-929
-1098
-1205
-1265
-1278
-1251
-1199
-1103
-942
-709
-422
-146
61
185
218
180
133
138
240
429
671
940
1179
1333
1383
1349
1268
1165
1059
943
818
675
510
338
156
-21
-179
-308
-388
-432
-441
-441
-452
-490
-554
-602
-620
-597
-541
-461
-354
-253
-144
-35
81
206
344
512
698
902
1096
1265
1394
1448
1427
1300
1093
845
588
348
125
-48
-192
-328
-455
-607
-771
-955
-1136
-1290
-1408
-1461
-1461
-1388
-1251
-1062
-821
-560
-292
-57
116
213
230
208
171
165
222
314
431
533
603
638
631
616
554
456
340
214
128
88
126
211
316
393
410
387
297
211
127
55
30
13
50
94
143
180
147
72
-98
-335
-624
-933
-1188
-1382
-1476
-1504
-1480
-1427
-1372
-1298
-1222
-1136
-1045
-953
-872
-810
-734
-628
-461
-248
2
276
547
839
1128
1395
1609
1759
1846
1865
1838
1784
1739
1684
1627
1574
1510
1444
1364
1277
1166
1028
856
630
351
25
-305
-615
-877
-1053
-1128
-1122
-1071
-1013
-973
-975
-1014
-1063
-1106
-1126
-1127
-1095
-1019
-900
-724
-503
-274
-85
18
35
4
-25
11
132
316
533
715
809
804
726
614
499
400
314
224
127
24
-45
-27
96
312
546
714
741
574
252
-135
-479
-711
-833
-868
-898
-977
-1109
-1261
-1347
-1319
-1169
-944
-735
-607
-578
-621
-668
-650
-553
-396
-220
-69
43
108
176
301
498
764
1041
1248
1350
1333
1248
1166
1142
1220
1372
1527
1596
1509
1253
878
490
195
56
77
209
364
454
452
324
106
-154
-426
-654
-811
-886
-867
-763
-597
-405
-216
-64
33
48
-30
-182
-396
-623
-803
-896
-872
-759
-587
-387
-216
-90
-32
-28
-57
-113
-179
-249
-313
-343
-329
-267
-164
-62
8
38
20
-34
-95
-128
-114
-64
-1
57
92
70
-5
-116
-246
-383
-515
-628
-720
-765
-741
-643
-456
-219
29
231
332
333
246
129
15
-42
-20
57
171
285
390
481
572
675
790
907
1002
1066
1088
1095
1111
1152
1221
1292
1339
1346
1307
1229
1121
1007
891
754
596
413
218
17
-178
-367
-559
-730
-884
-1017
-1103
-1152
-1166
-1151
-1133
-1116
-1120
-1144
-1163
-1172
-1162
-1131
-1093
-1044
-976
-889
-779
-658
-532
-416
-311
-226
-158
-86
16
143
283
412
517
578
601
601
580
566
555
541
506
450
384
312
245
184
140
89
4
-121
-272
-425
-570
-687
-745
-772
-776
-762
-750
-715
-651
-545
-404
-249
-94
32
140
235
329
434
562
713
860
990
1092
1172
1231
1261
1280
1294
1285
1270
1245
1192
1119
1014
883
738
573
402
233
76
-65
-191
-287
-369
-447
-522
-602
-684
-758
-807
-821
-813
-782
-728
-659
-577
-489
-411
-345
-296
-264
-237
-213
-178
-136
-87
-31
12
47
52
30
-20
-97
-173
-263
-351
-433
-507
-564
-606
-628
-636
-643
-641
-653
-679
-700
-715
-705
-668
-601
-505
-400
-292
-191
-99
-13
61
134
210
282
370
467
573
684
787
889
976
1047
1106
1135
1150
1143
1130
1119
1104
1097
1071
1041
993
900
784
631
468
309
154
32
-70
-151
-217
-285
-346
-426
-508
-602
-694
-752
-798
-811
-808
-788
-757
-733
-699
-677
-650
-630
-621
-600
-579
-543
-494
-436
-364
-304
-251
-212
-186
-164
-160
-142
-116
-84
-22
35
108
184
245
309
362
403
426
439
450
446
437
427
419
414
405
392
375
350
322
286
248
203
162
132
111
106
102
115
130
142
156
166
179
170
157
137
105
78
35
4
-21
-64
-105
-158
-220
-277
-347
-408
-474
-530
-568
-614
-635
-651
-658
-648
-643
-612
-584
-542
-492
-442
-369
-311
-233
-147
-71
37
121
200
278
331
407
461
514
572
610
655
669
688
704
699
699
678
665
634
585
545
480
424
363
297
235
152
81
9
-65
-127
-197
-257
-309
-354
-387
-415
-434
-446
-454
-449
-439
-424
-404
-378
-348
-321
-291
-255
-219
-183
-148
-113
-79
-55
-36
-25
-18
-8
0
6
7
9
8
10
21
35
53
78
107
134
169
204
234
258
266
271
259
232
197
140
85
22
-60
-141
-231
-308
-383
-454
-510
-553
-568
-582
-578
-566
-536
-479
-432
-368
-298
-223
-140
-72
-5
63
125
190
245
298
348
395
439
462
489
511
532
545
530
519
511
498
493
468
437
413
379
348
307
256
215
167
122
82
50
25
-4
-31
-58
-71
-77
-88
-87
-90
-91
-83
-88
-89
-88
-86
-81
-76
-77
-77
-84
-88
-90
-93
-97
-106
-113
-116
-119
-119
-118
-124
-139
-144
-150
-169
-179
-195
-217
-231
-246
-254
-251
-260
-263
-259
-259
-251
-249
-243
-229
-219
-210
-208
-207
-201
-189
-173
-167
-166
-153
-134
-120
-108
-107
-98
-79
-70
-61
-41
-19
10
35
58
93
129
169
205
241
282
332
378
418
460
493
529
574
604
630
651
668
689
688
674
655
624
602
572
525
482
428
375
324
264
204
152
100
52
13
-32
-70
-109
-144
-169
-188
-208
-230
-247
-262
-271
-272
-273
-275
-275
-277
-279
-277
-271
-270
-270
-273
-269
-267
-270
-264
-270
-271
-276
-281
-272
-275
-271
-278
-291
-287
-294
-294
-296
-307
-296
-291
-288
-293
-297
-294
-289
-279
-269
-250
-234
-218
-195
-172
-138
-114
-80
-47
-18
20
45
73
95
115
133
149
174
188
210
224
238
258
267
282
290
305
309
310
313
306
312
311
316
310
305
311
296
293
280
263
260
236
219
199
178
169
151
143
126
100
81
59
43
22
4
-6
-24
-29
-33
-36
-34
-50
-59
-72
-84
-91
-104
-114
-132
-144
-160
-173
-179
-185
-187
-197
-200
-201
-201
-198
-199
-184
-178
-172
-158
-151
-132
-119
-106
-92
-80
-65
-58
-38
-25
-9
7
12
25
29
36
46
51
59
59
69
75
81
83
82
82
78
75
64
53
45
40
33
27
25
15
6
-2
-9
-15
-25
-33
-41
-43
-39
-42
-40
-32
-26
-23
-20
-11
-6
5
19
28
42
52
60
66
74
77
75
79
82
83
85
80
76
67
60
56
49
51
54
44
38
35
31
34
32
31
31
21
16
11
6
0
-11
-27
-46
-67
-88
-114
-130
-149
-168
-182
-205
-218
-230
-248
-259
-268
-269
-266
-262
-248
-237
-217
-192
-163
-126
-92
-50
-9
28
67
103
144
178
203
234
255
266
270
272
269
260
248
228
212
192
169
150
126
105
91
70
56
44
36
35
22
16
18
12
10
3
-1
-3
-13
-15
-19
-19
-19
-27
-25
-28
-26
-23
-31
-30
-33
-36
-36
-37
-31
-34
-42
-39
-43
-40
-34
-32
-20
-11
-2
0
-1
5
13
17
30
40
40
43
40
37
30
20
10
-5
-14
-29
-48
-67
-83
-96
-105
-112
-116
-122
-121
-112
-110
-97
-87
-72
-53
-42
-22
-3
13
25
41
52
58
59
63
70
71
71
62
55
55
48
41
27
13
2
-16
-23
-39
-47
-55
-73
-83
-90
-86
-86
-84
-80
-67
-56
-46
-32
-19
-6
4
16
27
42
59
70
79
83
95
115
134
151
168
196
225
243
261
280
299
330
353
362
372
378
388
401
390
379
367
353
353
332
306
278
236
202
170
128
87
42
-4
-50
-99
-152
-204
-257
-308
-360
-417
-473
-525
-571
-608
-642
-676
-698
-713
-717
-709
-696
-675
-652
-623
-588
-542
-493
-443
-392
-342
-295
-248
-200
-156
-111
-74
-35
-4
27
57
85
110
123
135
143
146
146
142
145
145
150
160
168
177
188
203
214
224
239
262
290
317
337
359
371
377
378
373
373
364
360
359
348
340
327
316
306
288
279
262
249
235
216
203
184
174
164
148
137
122
112
99
81
70
50
26
7
-14
-35
-53
-77
-102
-125
-143
-167
-193
-219
-245
-263
-285
-303
-317
-337
-349
-359
-372
-379
-389
-389
-390
-392
-392
-395
-387
-379
-375
-366
-357
-352
-338
-320
-299
-279
-259
-238
-222
-200
-182
-159
-139
-115
-84
-66
-39
-12
14
48
79
120
160
200
244
286
323
365
403
435
463
497
522
534
544
545
538
532
511
486
454
410
358
303
247
188
131
72
15
-34
-68
-97
-121
-133
-145
-150
-142
-136
-121
-104
-89
-70
-52
-36
-21
-8
2
13
20
28
27
27
19
3
-12
-37
-60
-83
-109
-132
-155
-175
-200
-219
-234
-244
-250
-249
-233
-218
-205
-184
-160
-129
-92
-61
-46
-32
-22
-2
18
34
53
62
68
64
55
47
39
34
33
38
43
49
40
19
-5
-26
-40
-43
-33
-22
-14
-20
-34
-48
-57
-53
-44
-30
-8
2
3
-9
-25
-34
-27
-5
20
49
69
75
65
54
53
57
73
92
109
122
123
109
85
74
66
69
81
83
81
70
47
29
15
6
4
4
3
-3
-14
-29
-41
-47
-47
-37
-34
-27
-24
-23
-17
-25
-31
-26
-26
-15
-7
-1
4
-3
-4
-10
-18
-13
-11
-9
-9
-11
-19
-26
-27
-25
-20
-13
-2
6
7
1
0
-4
-6
-6
-13
-11
-10
-8
-11
-19
-27
-35
-46
-50
-51
-45
-39
-37
-29
-27
-23
-19
-19
-8
-3
2
14
24
32
35
34
30
22
25
28
30
29
22
8
-4
-4
-9
-9
-2
-1
1
-9
-14
-16
-24
-25
-24
-22
-21
-27
-22
-21
-20
-15
-10
-3
6
6
0
3
6
16
22
25
29
36
43
41
49
55
57
61
53
51
48
47
47
38
36
32
22
13
-4
-18
-23
-36
-39
-41
-47
-44
-44
-40
-32
-29
-21
-22
-17
-14
-10
-4
-5
0
5
10
11
9
5
2
2
3
0
-6
-6
-10
-14
-20
-23
-26
-27
-26
-31
-27
-29
-27
-13
-14
-13
-13
-13
-1
5
9
13
23
29
33
33
28
26
22
19
19
12
6
0
-8
-16
-23
-31
-43
-47
-52
-56
-51
-49
-45
-41
-37
-28
-23
-15
-6
4
11
21
29
36
45
48
51
56
58
65
68
65
69
69
70
73
66
63
58
56
54
49
38
28
24
12
-7
-25
-43
-55
-66
-73
-80
-96
-108
-113
-115
-109
-109
-106
-100
-92
-77
-57
-43
-30
-16
-5
11
18
26
39
47
55
58
61
64
69
73
69
63
58
60
56
53
49
41
36
23
21
17
9
2
-3
2
3
2
0
3
5
3
-5
-5
-6
-6
-5
-3
-5
-11
-12
-21
-29
-32
-35
-36
-42
-41
-46
-49
-46
-47
-37
-33
-25
-11
1
17
28
46
54
68
77
78
85
76
79
73
57
51
36
24
16
1
-11
-22
-40
-56
-69
-78
-79
-86
-89
-90
-90
-84
-86
-80
-76
-71
-59
-50
-39
-35
-29
-17
-11
-3
4
4
9
8
8
9
10
18
23
26
29
25
26
26
25
25
26
30
33
30
29
28
25
23
25
28
29
24
16
15
7
1
-3
-4
3
7
8
7
10
14
22
25
29
25
23
23
19
23
23
22
23
20
18
14
9
8
10
7
4
2
-1
-3
-5
-9
-12
-15
-13
-20
-24
-23
-25
-26
-25
-30
-30
-32
-35
-28
-31
-25
-24
-25
-18
-23
-18
-13
-8
-5
0
11
16
17
11
8
13
15
15
15
11
17
21
7
5
-2
-9
-12
-20
-21
-26
-30
-27
-34
-34
-36
-37
-35
-36
-32
-31
-32
-30
-33
-35
-33
-33
-28
-21
-18
-11
-8
-1
6
12
23
30
38
43
43
45
45
44
43
41
43
40
33
29
18
8
7
8
10
6
5
3
3
2
-3
-3
-4
-1
7
5
6
5
6
10
2
4
6
6
7
3
3
2
5
6
6
9
10
13
13
14
12
11
19
8
8
9
3
6
-1
6
1
1
4
-3
1
-9
-6
-11
-16
-8
-10
-2
-9
-10
-11
-23
-15
-21
-18
-12
-16
-10
-21
-12
-9
-10
-5
-17
-22
-27
-20
-22
-30
-29
-33
-32
-39
-42
-36
-35
-27
-24
-11
-2
4
10
4
14
19
25
29
21
25
26
24
22
16
16
13
11
10
10
9
6
3
-4
-3
-5
-13
-12
-16
-20
-18
-18
-15
-3
-2
3
12
18
23
22
29
36
33
32
30
27
24
22
21
23
23
22
21
17
18
21
23
15
8
7
7
7
-3
-10
-14
-20
-18
-16
-14
-12
-18
-21
-29
-31
-27
-27
-21
-25
-26
-24
-31
-29
-25
-25
-22
-28
-26
-21
-24
-18
-18
-13
-8
-9
-5
-6
-5
-3
-5
-5
-2
0
7
11
13
24
32
32
37
34
36
39
34
34
27
28
30
18
17
10
7
9
1
4
-3
-4
4
-2
-1
-8
-6
1
-2
4
4
-1
1
4
1
-6
-14
-19
-19
-20
-20
-19
-16
-18
-18
-15
-20
-20
-23
-23
-17
-14
-8
-6
-8
-7
-7
-8
-14
-14
-2
-2
-4
1
1
8
3
-4
2
6
13
11
9
9
6
10
7
9
13
13
20
19
17
16
4
3
6
3
7
-2
-3
-1
-3
9
7
8
11
6
9
13
11
6
1
-3
-2
3
-3
-7
-6
-6
-5
-5
-8
-9
-10
-12
-12
-16
-16
-12
-13
-11
-16
-11
-8
-10
-6
-7
-5
-8
-10
0
4
6
10
10
13
15
11
9
7
7
9
11
11
10
8
4
1
-4
-8
-5
-5
-5
-5
-4
-5
-6
-4
-1
1
1
2
1
0
-3
-2
-3
-3
1
5
5
1
-1
6
11
9
9
9
10
15
15
11
11
6
3
5
0
1
1
-5
-10
-14
-21
-25
-22
-24
-23
-25
-31
-27
-23
-19
-18
-19
-19
-16
-10
-4
-2
5
8
6
11
12
9
15
19
17
21
21
19
18
14
12
4
4
9
12
16
10
8
8
1
-1
-7
-6
-1
2
6
2
3
4
3
0
-3
0
0
3
-1
-5
-5
-10
-10
-16
-9
-3
-3
-1
-2
5
6
7
8
4
7
-1
-3
1
-2
-2
-3
-5
-7
-4
-7
-8
-2
-3
-3
-8
-11
-12
-12
-7
-7
-15
-11
-9
-12
-8
-10
-8
-1
2
8
8
2
3
2
-1
0
-2
-1
7
6
6
8
7
7
10
10
7
10
10
12
19
13
18
14
10
16
8
17
13
10
16
7
14
11
8
7
-3
3
-3
-7
-9
-14
-8
-12
-15
-10
-13
-16
-15
-18
-17
-18
-12
-14
-21
-16
-13
-17
-16
-19
-18
-14
-14
-11
-9
-3
1
-3
-2
-5
-8
-2
-9
-7
-8
-14
-12
-13
-3
-8
