-11
2
9
16
11
7
-3
-2
5
7
9
1
2
-3
-32
-42
-54
-68
-73
-82
-67
-61
-57
-45
-46
-41
-49
-39
-29
-19
0
-1
14
13
13
17
15
29
27
33
31
28
36
23
19
5
-2
3
-11
7
11
17
29
16
28
24
18
18
10
22
17
27
32
28
29
7
0
-20
-33
-27
-25
-1
12
31
47
45
47
36
32
24
14
7
-3
-1
-1
-2
-16
-29
-37
-50
-68
-70
-55
-45
-28
-14
18
30
24
36
39
41
28
32
36
25
17
4
7
-13
-26
-23
-24
-25
-34
-30
-42
-45
-42
-40
-32
-40
-30
-24
-33
-42
-47
-47
-48
-36
-33
-25
-18
-19
-4
-2
1
5
7
22
18
42
60
62
74
74
88
68
53
43
22
29
22
30
32
28
28
7
-5
-18
-26
-21
-10
9
27
39
53
58
64
65
55
47
40
37
24
17
6
-25
-59
-81
-84
-106
-122
-109
-86
-70
-68
-36
-4
2
17
32
61
66
62
77
64
59
33
8
-7
-39
-41
-59
-63
-58
-64
-53
-63
-51
-42
-36
-24
-23
15
19
20
26
18
25
-5
0
-2
-5
-7
-24
4
-17
-29
-26
-33
-19
-33
1
12
16
33
30
52
28
26
22
7
21
12
28
20
11
16
5
3
-17
-12
-6
1
19
33
53
51
64
64
58
53
37
37
25
26
13
-8
-30
-60
-66
-86
-93
-88
-89
-74
-75
-56
-41
-31
-13
-12
10
20
30
41
40
40
18
1
-23
-38
-48
-62
-57
-59
-45
-36
-36
-22
-12
3
18
44
78
112
135
144
149
129
115
96
78
78
69
70
62
51
31
0
-17
-40
-45
-55
-55
-33
-31
-15
-21
-29
-32
-54
-53
-75
-78
-69
-84
-70
-75
-63
-69
-97
-86
-91
-65
-42
-9
41
42
67
61
53
49
25
39
21
21
18
3
4
-25
-26
-38
-43
-38
-44
-18
-16
5
27
36
61
52
65
62
56
59
55
67
56
54
37
13
-8
-39
-54
-74
-73
-77
-69
-58
-63
-46
-45
-32
-20
-8
18
21
39
36
43
40
24
28
18
30
18
6
2
-17
-20
-34
-28
-29
-30
-22
-22
2
8
16
20
27
46
42
48
58
69
74
63
48
24
10
-12
-36
-37
-38
-32
-33
-27
-9
3
10
9
14
29
41
41
53
71
76
71
48
34
4
-34
-75
-106
-103
-104
-94
-77
-48
-23
-25
-18
-15
-12
-7
2
23
42
48
23
0
-19
-36
-64
-98
-87
-77
-70
-65
-55
-21
-14
-9
9
37
58
49
56
68
70
57
43
50
45
41
28
32
38
31
25
7
21
26
15
11
7
17
1
-19
-26
-29
-34
-44
-32
-20
-16
-23
-26
-16
-29
-43
-57
-59
-49
-58
-48
-32
-22
-6
-4
20
38
43
57
61
70
65
56
53
42
31
10
-4
-14
-27
-36
-38
-33
-30
-23
-21
1
18
27
40
42
60
53
48
60
46
46
19
5
0
-23
-30
-50
-50
-56
-62
-49
-46
-32
-33
-15
-3
-3
3
4
21
9
15
20
19
29
8
19
8
-2
5
-18
3
10
16
22
14
30
19
17
11
8
4
-13
-6
-18
-15
-22
-40
-54
-79
-84
-97
-103
-99
-91
-68
-56
-24
-11
-6
15
24
38
35
39
47
49
50
36
31
2
-12
-19
-27
-21
-27
-14
-7
1
15
25
42
46
70
92
99
112
109
108
99
83
74
48
30
2
-16
-40
-66
-67
-80
-77
-82
-82
-65
-57
-43
-25
-1
23
26
30
42
48
45
41
40
29
15
3
-2
-13
-22
-33
-41
-35
-44
-41
-35
-19
-6
-15
0
3
19
31
26
44
40
41
34
10
17
-8
-26
-38
-54
-41
-50
-48
-36
-42
-33
-30
-14
-6
-17
-5
-7
-11
-22
-35
-22
-33
-48
-48
-49
-42
-45
-35
-5
13
21
31
54
73
78
74
77
83
83
72
60
63
54
32
16
1
-13
-22
-32
-35
-32
-28
-19
-3
-2
8
22
21
34
33
32
31
30
32
18
26
28
18
6
-7
-5
-12
-13
-13
-12
-11
-16
-10
-8
-10
-16
-16
-17
-24
-27
-40
-47
-48
-47
-52
-61
-65
-76
-81
-76
-72
-53
-45
-26
-3
13
31
45
58
65
77
72
69
73
61
44
27
15
-2
-21
-28
-33
-34
-37
-38
-32
-28
-16
-10
-1
20
31
40
49
55
55
52
58
57
49
39
16
6
-8
-28
-32
-45
-41
-46
-55
-45
-43
-22
-13
-15
7
13
29
27
26
36
14
10
9
5
1
-18
-21
-19
-28
-37
-47
-47
-45
-36
-15
1
11
12
20
30
35
43
35
32
32
23
16
0
-8
-18
-30
-28
-36
-37
-32
-25
-13
-6
5
14
18
27
29
36
38
30
27
19
20
19
9
8
4
-1
-2
-1
4
11
18
19
19
32
34
21
15
16
13
-13
-19
-10
-19
-26
-41
-40
-42
-57
-61
-58
-41
-39
-39
-23
-3
10
3
8
29
41
35
20
21
24
17
-2
-14
-7
-25
-50
-67
-63
-59
-72
-73
-66
-58
-53
-47
-24
-6
8
24
32
52
62
56
51
41
38
22
19
30
21
16
10
13
12
10
30
38
53
69
76
80
69
65
54
39
32
13
5
-5
-20
-35
-43
-35
-39
-38
-23
-1
8
-2
15
31
23
21
25
42
43
34
29
10
7
-3
-18
-25
-34
-39
-64
-78
-74
-78
-77
-68
-44
-33
-28
-7
4
6
1
3
8
7
17
11
7
18
15
0
-25
-17
-6
-17
-12
-12
-5
-12
-40
-47
-54
-32
-22
-33
-17
-3
15
-10
-34
-20
-27
-25
-50
-56
-38
-56
-49
-66
-51
-9
5
32
61
131
155
146
162
166
189
153
132
129
102
95
59
45
42
37
38
26
60
92
109
121
163
214
234
269
277
321
346
319
307
256
245
200
117
38
-55
-118
-238
-334
-402
-466
-492
-587
-622
-610
-612
-598
-631
-603
-551
-523
-477
-437
-363
-330
-297
-234
-164
-68
-20
67
177
266
348
383
455
534
564
592
633
709
720
670
615
575
540
426
321
250
180
76
-108
-232
-306
-361
-413
-444
-374
-331
-321
-340
-324
-218
-156
-83
-19
76
130
52
-29
-110
-108
-118
-153
-117
-127
-149
-299
-428
-447
-450
-387
-379
-278
-201
-211
-241
-330
-280
-243
-185
-77
24
161
152
138
126
138
214
262
404
529
653
725
691
687
648
650
662
705
792
800
776
672
543
418
288
219
178
169
142
76
-23
-152
-271
-371
-425
-430
-408
-378
-362
-372
-408
-438
-466
-467
-452
-437
-412
-414
-418
-437
-469
-479
-472
-417
-352
-292
-230
-188
-132
-84
-19
58
134
220
256
299
327
334
344
312
309
301
295
294
286
299
282
264
202
153
132
91
99
104
141
154
87
15
-70
-142
-211
-246
-233
-200
-186
-249
-331
-403
-456
-462
-410
-264
-108
-14
13
25
57
67
81
140
247
332
362
338
270
187
66
-24
-36
-8
2
-54
-128
-218
-322
-414
-462
-396
-300
-234
-207
-209
-203
-225
-263
-228
-81
101
241
329
396
452
433
369
378
497
661
802
908
1017
1089
1011
877
782
765
805
789
748
683
533
300
-4
-264
-433
-532
-613
-695
-762
-868
-1016
-1194
-1350
-1358
-1251
-1102
-957
-852
-771
-752
-823
-877
-862
-786
-686
-605
-508
-424
-416
-453
-452
-362
-208
-45
149
394
627
790
906
1037
1183
1300
1366
1406
1437
1405
1302
1176
1049
906
714
498
311
141
-21
-172
-272
-310
-339
-362
-374
-386
-432
-511
-582
-639
-669
-682
-674
-641
-626
-662
-750
-836
-886
-873
-771
-564
-289
-31
167
291
356
394
460
616
856
1118
1301
1343
1216
933
585
271
69
-14
-48
-113
-272
-543
-878
-1192
-1384
-1392
-1241
-1004
-782
-621
-571
-612
-673
-678
-558
-325
-17
282
492
593
595
554
549
611
754
956
1158
1325
1409
1395
1303
1180
1101
1094
1139
1196
1210
1140
987
780
564
369
203
93
27
-44
-168
-349
-586
-851
-1067
-1183
-1203
-1185
-1190
-1211
-1249
-1306
-1349
-1351
-1296
-1186
-1036
-887
-766
-700
-699
-723
-689
-546
-350
-179
-56
25
65
49
64
199
388
524
612
716
831
866
793
711
648
562
476
445
466
416
266
149
137
163
116
15
-49
-44
7
110
281
412
380
225
96
53
11
-89
-181
-203
-203
-267
-374
-487
-591
-652
-611
-407
-132
50
92
94
161
290
458
630
780
858
830
755
652
504
321
176
153
187
157
11
-240
-530
-753
-812
-721
-601
-573
-630
-728
-827
-916
-974
-942
-826
-636
-424
-249
-194
-261
-332
-299
-128
126
428
709
889
947
957
991
1009
1003
1036
1155
1272
1290
1230
1126
967
735
543
466
415
309
166
41
-132
-386
-612
-712
-715
-707
-624
-446
-312
-296
-352
-352
-333
-355
-333
-204
-73
-106
-275
-431
-609
-855
-1057
-1068
-936
-871
-867
-787
-673
-633
-632
-526
-269
-25
208
441
667
795
702
562
502
520
514
473
483
452
269
-5
-159
-174
-186
-135
-5
130
139
33
-77
-150
-135
-57
62
174
191
62
-154
-317
-409
-446
-394
-228
-56
-30
-108
-200
-267
-285
-205
-22
150
232
197
95
21
-7
-16
8
154
393
536
524
455
388
320
333
519
780
946
956
859
693
524
394
297
287
389
533
572
467
282
27
-225
-327
-237
-80
10
-13
-144
-319
-485
-607
-707
-761
-711
-598
-483
-439
-461
-573
-729
-787
-740
-630
-544
-476
-421
-395
-317
-209
-101
-39
41
226
493
776
915
945
947
915
894
876
915
896
762
534
259
71
-129
-378
-647
-727
-635
-654
-701
-760
-864
-1035
-1028
-750
-591
-500
-357
-254
-387
-574
-474
-327
-263
-257
-196
-60
42
15
-299
-469
-203
184
281
259
484
519
221
71
327
647
699
709
712
717
800
740
499
304
484
692
556
462
528
472
91
-175
-39
106
93
-79
-166
-123
-100
-229
-561
-639
-434
-303
-329
-307
-101
-145
-407
-463
-360
-311
-348
-221
-16
56
173
264
120
-67
11
294
465
570
781
866
839
796
728
647
572
683
753
802
870
659
227
-226
-325
-279
-336
-335
-389
-527
-855
-1101
-1158
-1217
-1259
-1357
-1288
-1158
-1033
-1015
-1235
-1309
-1323
-1174
-952
-636
-215
-197
-110
69
300
546
627
1018
1188
1249
1449
1469
1530
1250
1147
1151
822
910
779
586
423
88
180
-118
-134
-87
-394
-341
-548
-419
-626
-588
-131
-650
-625
-421
-270
-400
-635
-150
-318
-384
-205
204
505
224
358
392
480
309
532
696
258
800
614
244
417
330
169
-247
-119
-202
-56
185
-291
-413
-241
-222
-630
-544
-253
-33
-100
-767
-265
85
-502
-766
-645
-405
-663
-549
-245
-382
-355
-668
-921
-810
-625
-209
-105
-113
-51
150
209
-157
-79
137
190
344
608
883
1020
810
191
198
509
576
614
604
799
669
421
311
486
684
287
241
567
721
652
576
570
427
520
521
558
688
431
115
-211
-269
-278
-405
-421
-606
-681
-824
-1084
-1221
-1421
-1416
-1181
-972
-762
-514
-334
-360
-409
-199
73
230
317
524
684
643
705
754
808
611
348
418
460
404
183
-24
-200
-180
-129
-202
-44
-365
-673
-635
-763
-530
-282
-457
-368
-60
-143
-195
-213
29
274
-217
-311
195
207
-23
-234
107
375
-147
-240
-73
-210
-55
-246
-397
134
332
31
-18
107
234
468
2
352
845
460
365
404
453
299
324
525
224
312
277
-207
-494
-206
-64
-54
38
-233
21
-160
-429
-524
-538
-153
-134
54
406
128
-29
141
-79
-525
-26
96
131
179
-245
-59
29
-106
-353
-485
0
-27
-285
-337
-250
-221
-510
-316
168
543
401
79
237
196
128
210
242
643
627
783
853
499
542
405
-62
-104
446
787
308
72
12
-140
-308
-354
-183
-122
-91
-116
-295
-385
-420
-783
-881
-633
-225
-95
-77
56
-355
-505
-589
-809
-384
-133
-163
140
338
350
-11
-400
-440
-88
198
-29
304
960
440
301
472
754
406
-248
463
931
686
153
455
291
15
7
-194
507
-40
11
-54
-1149
90
-484
-1004
-540
79
315
-599
-226
-608
125
-97
-1104
512
188
-46
60
290
376
-584
235
-121
-215
44
350
131
-961
93
-536
-312
384
-663
200
17
-356
-362
-246
84
-204
-113
377
597
100
-24
16
-308
-30
-393
72
640
87
25
120
367
-158
-495
-172
0
-7
-257
136
311
-73
430
229
143
-1
-22
87
-33
187
-54
658
423
-72
753
602
268
-209
17
483
185
165
128
733
681
527
726
448
740
176
18
505
135
25
286
718
410
16
163
66
-405
-557
53
15
-170
-25
-271
-192
-230
-440
-665
-480
-267
-362
-386
-558
-463
-301
-631
-869
-358
-221
-784
-1028
-761
-248
-409
-1124
-833
-138
-264
-730
-788
-291
-238
-481
-134
237
228
-263
-100
-10
884
15
-669
853
-186
-266
43
257
417
-833
-376
412
636
-591
-177
832
497
-71
-375
1687
1204
306
-237
1371
2324
695
578
1065
1855
376
313
687
1525
1714
-261
450
172
402
-250
-670
273
-689
148
-421
-1060
-409
-715
-731
-408
-864
-209
0
-993
-206
113
-364
-448
-79
-349
121
-93
-786
-43
-806
-476
-160
-644
-447
-907
-508
-820
-1529
-692
-471
-1029
-646
26
-284
89
24
-815
373
742
59
653
866
1162
1088
431
1190
1188
581
457
563
1164
872
325
1253
833
191
370
342
246
5
311
705
925
405
-28
37
-114
-395
-651
-228
447
-210
-508
-574
-680
-547
-1295
-1135
-846
-510
-331
-1177
-672
-518
-1012
-1186
-287
342
-451
402
-103
243
355
-379
1137
936
680
548
841
1535
284
264
544
1148
-583
86
299
-780
753
-1323
-930
-17
-745
-491
-1694
-1421
-902
-307
-87
-1551
-339
306
119
-1547
239
1043
851
-295
49
1678
1154
791
-339
580
1606
791
-514
400
1006
496
-640
-1131
913
793
-1269
-225
-5
657
97
-1747
751
867
-296
135
1047
421
-642
1158
790
-273
780
474
73
145
-130
20
-133
-570
-700
-313
-1097
-1156
-578
-495
-1640
-1107
-23
-1633
-1501
11
196
-486
-253
-797
-13
1629
-440
44
1025
1081
405
-465
870
1923
409
-1579
862
2434
388
-465
316
354
-166
-395
548
636
1096
1494
-154
472
358
-218
686
398
1092
1971
1183
-606
-580
50
-806
-816
-292
-303
77
-861
-2187
-1480
-1542
-2076
-1312
-1011
-557
-111
-1065
-1261
-292
-721
-819
316
504
1337
208
-509
1006
82
903
578
-325
2002
254
-222
1083
610
170
-435
75
1220
448
-642
-234
1066
-696
287
-102
-560
1058
-1250
720
-227
-260
691
-614
-340
-738
1014
-59
-480
517
374
-137
-908
321
-81
543
-850
-468
1261
-185
-295
-55
111
-1140
1073
-327
-248
1237
-319
919
-26
1210
348
625
822
-989
-7
1068
942
-359
358
509
-321
-766
-1765
-73
-311
-554
-640
-791
244
-1468
-1301
-1233
379
-68
-334
-1096
-783
244
-2039
-1159
329
781
-295
-441
-86
272
-1106
-2123
-156
1890
590
583
1648
789
115
-297
-108
1340
1627
977
1787
1228
1615
640
68
865
1130
1996
1305
1030
1290
1115
-375
-857
387
454
724
652
-232
-1204
-1127
-1403
-2048
-1494
-890
248
-1138
-881
-1131
-1615
-1322
-2239
-1112
500
632
-469
-349
-457
255
-265
-1110
1221
1221
611
429
-946
690
385
-313
-322
1765
2420
-755
-302
-155
-393
-268
-81
-211
804
2324
360
-1609
-1365
-383
-1466
-1455
2066
461
-781
-31
-712
-537
-1095
499
-123
-1584
436
920
494
-951
-1459
919
1502
152
508
1838
-218
-1422
-309
1490
1726
-256
1567
1223
-284
227
328
-2
-1369
560
1786
213
-559
293
395
-429
-432
-258
323
1082
-886
-1199
72
190
-618
-589
261
-907
-593
159
-1567
-1850
-543
314
-473
-1291
112
41
469
-798
-886
1043
-84
-696
118
2849
2271
-1375
-571
965
831
460
680
943
642
1127
218
-18
915
570
-573
-815
632
1610
1130
-810
-2164
-835
-147
-1595
-141
1816
-176
-2841
-1887
-919
-1696
-1591
-411
-102
-653
-638
125
-413
-2106
-337
1054
383
117
1239
2295
-270
-2157
1658
3807
1795
810
1712
1427
415
120
451
3092
2088
-420
631
2271
721
-1760
423
-160
-1519
1723
84
-1215
480
-1583
-2366
381
1264
-1626
-2610
996
369
-2936
-778
-4
-340
-17
-878
173
-38
-2317
-1212
-58
20
-93
-1515
669
914
-2104
-636
-804
-2364
535
2175
238
-1537
-803
266
-70
232
636
-445
150
390
-366
1051
1467
-58
-1006
735
1024
638
672
-163
-1182
-1737
1025
2337
541
-54
-788
-1692
-306
543
786
1731
444
-1494
228
1742
1176
-88
930
515
402
2360
1822
638
75
-543
-35
3205
3148
720
-547
-1775
-1392
220
1479
1769
597
-2443
-4240
-1581
317
-505
-935
-1115
-1695
-2782
-2589
-1615
-1361
-1803
-2660
-830
440
-640
-1220
-1369
-2381
-1730
1920
2589
831
375
-132
223
1697
2327
2196
2628
1843
1003
2155
2648
904
1199
2849
1971
98
892
1853
890
-539
-2338
89
3328
440
-3091
-1084
695
-1757
-3096
-611
2309
-31
-4013
-1776
1394
984
-2425
-3191
1360
2464
-378
-1689
330
1012
-416
-1022
-615
3428
1645
-3074
-1572
988
945
284
-110
-503
-310
-1078
-932
-429
474
1329
-1027
-1510
-1205
-384
647
-872
-1938
-31
1161
-1562
-1452
-191
-1005
-885
-1300
-946
908
249
-2325
-2776
120
1985
901
49
521
339
538
-52
643
2289
1946
2415
2360
1002
160
1248
1343
885
1768
1006
512
77
-455
-237
94
-924
-2021
-1200
-908
-1208
-1339
-2289
-2398
-1865
-2102
-1284
-832
-956
-1053
-1415
-1107
-312
789
823
922
1402
665
1411
2345
2441
2437
2160
3054
3210
2764
2572
2559
2355
2210
3104
2895
1805
1758
1635
444
56
523
496
813
-851
-1641
-690
-1781
-3097
-3085
-1477
-1099
-2827
-3998
-2947
-2411
-3238
-2878
-2385
-1690
-1562
-1699
-1747
-2568
-303
109
-1126
-45
440
1996
455
-870
1265
1832
1461
-431
309
2540
2036
621
-1239
687
2118
-382
-568
501
-229
-1949
-1628
-656
420
598
-1009
-1283
-2136
-2052
-730
193
224
-467
537
-427
-559
1445
2059
1694
160
-932
271
3013
3753
2786
1740
363
498
1816
3032
2220
792
-391
-1369
199
2313
1865
-1588
-3561
-3103
-2006
-874
-588
-1801
-3603
-4615
-4319
-2676
-1590
-941
-1986
-3645
-3218
-1404
-170
-938
-997
94
644
1033
2031
2819
2796
2382
2467
4499
5574
4656
4460
4045
4225
4610
4978
5810
4941
3041
2130
2255
2386
1365
781
432
-688
-1441
-1995
-3172
-2753
-3282
-4189
-4337
-4293
-4066
-5351
-5363
-4720
-3988
-3789
-3507
-2355
-2624
-3528
-3118
-1022
-425
-769
-125
739
1254
528
643
1594
1967
1932
2472
3045
2557
1228
1355
2423
2855
2356
1298
1244
1394
1684
1232
-630
-925
-646
-180
-50
267
111
-1142
-2569
-2998
102
2368
233
-3311
-3707
-731
1368
1575
419
-618
-1616
-1211
1005
2548
2405
-313
-1785
-727
1324
2983
1116
-2292
-3809
-2271
258
689
236
-1705
-4136
-5140
-4026
-868
182
-1622
-4035
-4188
-2036
-397
905
651
-557
-577
317
1641
2767
3271
3214
2283
3360
4687
4940
5375
4510
4492
4757
4774
4884
4732
3676
2715
3656
4650
4279
2679
1101
826
83
-674
-319
-494
-1377
-3248
-3699
-2382
-3010
-4389
-5370
-5307
-4118
-4497
-6018
-5362
-4238
-4587
-4632
-3977
-3495
-3598
-2415
-1453
-1362
-1198
-1787
-1269
-135
1058
2425
2786
2632
1121
701
1732
2237
3371
3966
3126
2239
2248
1867
1318
2329
2270
1676
959
-337
619
2292
1878
-185
-1558
-1614
-173
2272
1811
-299
-1593
-2368
-1075
912
1827
348
-2383
-3054
-1996
119
687
-1518
-3897
-5040
-4250
-1784
-512
-1370
-3499
-5488
-5701
-3747
-1134
-677
-1508
-3190
-3562
-1516
495
1447
1527
1748
1502
1095
1799
3160
4874
5408
4791
4653
4903
5749
5999
5663
5736
5802
5379
4870
4471
4242
4565
3792
3183
3048
2007
144
-1482
-858
-180
-617
-2065
-3547
-4305
-5223
-4992
-3912
-3836
-5193
-6410
-6776
-6468
-5501
-3950
-3311
-4101
-4982
-5362
-4230
-2260
-1079
-671
-787
-1149
-1063
241
1847
2008
1915
1224
1635
3148
3778
4274
2694
1274
1947
2334
3092
4221
3831
1833
616
694
1678
3110
2528
1835
-330
-1577
1147
3195
3536
483
-2648
-2298
354
2997
2742
474
-3230
-4802
-2913
107
2943
-14
-5046
-7605
-6758
-2500
-956
-1796
-4226
-6520
-7004
-6298
-3734
-1715
-1470
-3367
-5439
-4381
-2085
-117
910
804
814
932
844
1461
3394
5636
6770
5875
4514
4490
5900
7969
8987
8363
6701
5317
6337
7595
7260
6482
4963
3930
2875
2639
2595
1725
745
-1478
-2327
-1393
-2210
-4368
-5892
-6595
-6056
-5289
-5924
-7188
-7902
-8229
-7810
-6515
-5988
-6288
-6482
-5860
-4461
-3347
-2332
-1854
-1602
-981
-283
590
1628
2587
2876
3050
3091
3335
3970
4233
4862
4410
3948
3567
3355
4210
4105
4618
3948
2700
1684
901
2772
3692
2831
693
-19
1309
1584
1427
-485
-1310
-2293
-2660
-658
-39
82
-3819
-7823
-6845
-3463
-1142
-2727
-5656
-7525
-7463
-6720
-5504
-2885
-2384
-4325
-6457
-6735
-3827
-1024
111
-481
-841
-515
-66
1321
2929
4729
5203
4536
3813
3768
6037
8051
8658
7769
6072
6039
6578
7222
7981
8323
7122
5225
4681
4748
4751
4664
3656
1980
988
840
-179
-777
-2146
-3846
-3699
-4263
-4973
-5855
-6737
-6693
-7622
-8371
-7800
-7300
-7552
-7831
-7433
-7213
-5922
-5172
-5737
-4781
-3528
-2798
-2143
-1170
-227
161
1222
1643
2047
2198
2740
3693
3920
4439
3833
3521
4231
5251
5481
4217
2926
3019
4308
5203
4675
3556
3293
3504
3253
2401
2299
2279
1565
1727
1599
1520
-65
-3303
-4409
-2851
-830
-1471
-3752
-6351
-6637
-6385
-6606
-5527
-4881
-5154
-7559
-8888
-6901
-4389
-2849
-3107
-4448
-4520
-3008
-1794
-273
2045
3033
3128
2026
2175
4529
7015
8702
8136
7317
6487
6979
8009
9065
10650
9683
7341
5206
5153
7053
7985
6941
3893
1746
582
942
2618
2441
-241
-4202
-5965
-5153
-3359
-3057
-5383
-8358
-9432
-9251
-8537
-7376
-7273
-7903
-9362
-10105
-9359
-6982
-4967
-5102
-5707
-6544
-5285
-3204
-1715
-188
-360
-895
-660
699
2817
4929
4641
3155
2892
3899
7184
7965
6376
4149
3758
6809
8626
7695
5248
4538
4541
4463
5012
4372
3729
1770
849
1645
2267
2764
-844
-4436
-4097
-1541
-376
-2349
-4411
-5576
-4970
-4820
-5099
-3958
-3665
-4758
-7111
-7004
-4052
-2990
-2984
-3341
-3569
-2678
-2359
-2395
-1080
1280
2154
1104
50
760
3095
4652
5767
6141
4944
4574
4248
5078
7460
8268
7241
5076
4436
5209
6385
6744
5122
2827
1214
1451
1453
2119
1407
-1367
-3007
-4306
-3605
-2893
-3541
-4854
-6806
-7304
-7079
-6718
-6659
-6135
-5934
-7017
-7531
-7048
-5571
-4509
-4732
-5017
-4411
-3392
-2447
-1936
-1245
-265
-638
-670
523
2019
3422
2839
2801
4053
4246
4366
3867
4819
6382
6622
5638
4478
5177
5836
5851
5051
4284
4279
3283
3157
2992
3134
2681
-200
-1342
-1215
-261
-233
-1699
-3033
-4069
-4214
-4785
-4250
-3263
-3802
-4964
-6334
-5334
-3774
-3360
-3502
-3803
-3253
-3277
-3245
-2526
-982
434
429
107
175
1080
2102
2936
3396
4231
4336
3998
4100
4480
6371
7292
5865
4204
4201
5455
6252
6114
4595
2980
2187
2198
2642
3391
2863
-754
-3510
-3454
-2200
-870
-1661
-4522
-6914
-7372
-6745
-5609
-4710
-5444
-7590
-9065
-8863
-6477
-3934
-3875
-5407
-6858
-6533
-4657
-2350
-963
-1259
-1860
-1520
-271
954
1927
2235
2034
3084
3637
3813
4254
4322
5268
6620
6619
4861
4162
5143
5607
5911
5730
5424
3435
1902
2841
3950
4845
2168
-1359
-2414
-1724
7
199
-986
-3058
-4439
-5191
-4618
-3284
-3276
-3601
-5375
-6572
-5287
-3787
-2898
-2689
-2775
-2908
-2981
-2980
-2021
261
1447
1281
471
1058
2752
3388
4461
5331
4894
4550
4060
4275
6296
7865
6975
4943
4382
4887
5428
5550
4394
3136
1835
1001
987
1270
1151
-894
-2826
-3861
-3094
-2134
-3226
-4261
-5893
-6787
-6459
-5797
-4742
-4807
-5613
-6759
-7202
-6150
-4589
-4148
-4692
-4796
-4960
-4037
-2717
-2674
-1851
-1165
-1365
-1712
-1128
435
1287
2389
2918
2350
1282
1325
3792
5758
6377
4707
2884
3245
3313
5053
6425
5621
3774
1826
2033
2949
4065
2735
313
-472
-904
85
268
105
-486
-2102
-2980
-3431
-2040
-842
-1666
-3211
-3769
-2171
-1559
-1703
-1548
-1474
-1091
-1359
-1142
-323
722
1003
803
809
1141
2682
2994
2574
3929
4426
4122
3928
3284
4588
6537
6644
5460
4562
4450
4486
5102
4711
3578
1718
713
887
812
1447
-1279
-4183
-5540
-5878
-4160
-4058
-6316
-8755
-8742
-9231
-8257
-6446
-7718
-8315
-8921
-9031
-6964
-4717
-4695
-5351
-5307
-5319
-2861
-653
-849
-600
-144
1065
1240
1286
2150
3358
5393
4583
4473
4103
4010
5265
5699
6900
5382
4205
4174
3964
5683
6187
4985
2458
1136
1546
2396
3059
308
-1458
-2106
-2055
-719
-1261
-1460
-2397
-4881
-5664
-4193
-2282
-1440
-2400
-4585
-4415
-2361
-1261
-127
-40
-361
-579
-1245
-264
2068
3985
4075
2652
1712
3055
5024
5235
6476
6500
4269
4210
3737
5384
8082
7691
6130
4087
3299
3358
4609
4432
2590
607
-1019
-482
-123
897
-1490
-6304
-7793
-8162
-6089
-4406
-5786
-8905
-10593
-10656
-9870
-6778
-6410
-7640
-9242
-10170
-8275
-5354
-2572
-3266
-4539
-4667
-3601
-1366
90
1466
1541
1851
1640
2255
3989
4255
6546
6760
5344
4508
3546
5717
7294
7624
6254
3864
3356
3041
4619
5605
4682
1676
-1446
-670
534
2015
752
-2882
-4255
-4753
-3552
-2482
-2377
-3102
-5347
-7092
-6954
-3865
-1546
-1930
-3682
-5263
-3573
-2034
-890
820
760
557
-592
-166
2471
4962
5853
4340
3464
3821
5573
6922
8893
9898
7787
6775
5253
6988
10651
11019
9236
6178
5180
4604
5552
6152
4283
1748
-1341
-1904
-1670
-229
-2266
-7553
-9291
-10349
-8609
-6889
-8100
-10163
-12350
-12894
-12407
-9949
-8289
-8797
-10324
-11228
-9732
-7200
-3797
-3127
-3960
-3729
-3836
-2549
-384
1958
3890
3948
2515
2032
3921
7268
9727
7936
5049
3885
5001
8574
10000
8630
6476
4006
2631
3573
5384
6296
3737
-685
-2499
-1838
378
-238
-3451
-5637
-6384
-6210
-5716
-4219
-4571
-6079
-8928
-9832
-6220
-3246
-2471
-4236
-5504
-4306
-2417
-798
1105
2878
2689
1549
1342
3595
6955
8580
8061
6686
6723
7975
8867
10610
13252
12164
9596
7885
6316
8932
11403
10370
8178
5551
3994
2677
3250
3251
1587
-1639
-4868
-5280
-4306
-2562
-6502
-11153
-12619
-13153
-10710
-9283
-9525
-11527
-13692
-15045
-14077
-9935
-6757
-6855
-9230
-10283
-8866
-4532
-575
151
-252
-1339
-2167
-327
3186
6361
7799
5940
4717
4462
6530
10193
9307
7680
4766
3539
6299
8246
8569
6123
3804
1381
1056
2310
3163
3628
-866
-3601
-4266
-3523
-2155
-5075
-6879
-7704
-7662
-7008
-6374
-5787
-6851
-8232
-10107
-8215
-4292
-3149
-2940
-4543
-4436
-1782
6
2579
4747
5228
4466
3555
5182
8686
11586
11795
10832
9529
9279
10481
11108
15465
15966
11445
8446
4119
6899
11253
10546
8935
5076
1632
-903
144
181
-562
-2835
-7957
-7807
-6622
-4833
-8336
-14044
-15699
-16976
-12084
-9096
-9782
-10629
-14479
-16334
-14011
-8014
-3459
-3120
-5869
-8566
-6786
-2356
3175
5514
4178
2498
200
1061
4595
8018
10268
8880
6151
3572
3958
8324
10283
8468
3831
-9
1278
4942
6218
4248
1788
-1271
-3146
-3308
-2032
1004
-716
-5933
-9080
-7474
-3603
-4744
-8654
-10962
-9823
-7055
-6049
-5200
-4703
-6015
-9963
-10180
-3600
2075
3679
720
-2505
-922
2333
5669
9154
11273
10675
7257
6053
8829
13929
16609
15392
12772
10535
10264
11319
15660
17172
14317
9295
2359
3253
7327
8436
8041
3360
-1375
-4525
-4712
-4581
-4298
-6569
-11552
-11912
-10741
-8135
-10852
-16788
-20230
-21405
-15258
-9433
-7524
-8906
-14727
-18201
-15421
-7644
-77
2599
-175
-4447
-6191
-2830
4946
10288
10744
7458
2554
2059
6053
9161
12132
12623
9817
6389
4638
7419
9947
8856
3379
-984
1109
4860
5339
1862
-1670
-3717
-5025
-5709
-5035
-2299
-3431
-8536
-11806
-10139
-5839
-6353
-10196
-12951
-11803
-8368
-6883
-5451
-4561
-6073
-9436
-9328
-2978
3428
5686
2996
124
563
2951
7097
11083
14215
14027
9732
7794
9969
14069
17046
17214
15130
12868
11629
10708
13812
16006
14512
10198
3448
3188
4974
5578
5444
1728
-1229
-5169
-6822
-6919
-7837
-9625
-13914
-14715
-12773
-9695
-11388
-16715
-20256
-22460
-17386
-10972
-6378
-5444
-10159
-13767
-14491
-8221
-627
3805
5753
2589
-25
264
3705
9113
11246
10037
7330
5687
6345
7440
8654
9603
8897
7213
6260
6867
7238
4515
-1447
-4887
-2252
3866
6751
3007
-2775
-7790
-9668
-9371
-6974
-2282
-1091
-4474
-9657
-11892
-10917
-10185
-9988
-10035
-7482
-5705
-6002
-6057
-6495
-6736
-7464
-5747
-72
5091
6943
4867
2166
2186
4250
8512
13398
16539
16303
12074
8321
8560
12108
15067
16059
15440
13409
10591
8238
9768
11500
11870
8315
3399
2793
2783
2454
221
-1528
-2364
-4397
-5975
-7672
-8354
-11189
-14224
-15536
-12760
-8295
-10174
-13710
-18834
-21034
-17287
-12525
-6391
-3387
-5434
-9418
-10691
-7690
-2350
3135
5278
6001
5322
4415
5381
7419
9112
8816
7974
8147
9657
10358
8970
7049
5503
5083
5778
7027
7282
3378
-3415
-8244
-7323
-689
3840
3041
-806
-6196
-10377
-12248
-10553
-6197
-1991
-1791
-4461
-6567
-9042
-11004
-12108
-10551
-6250
-2139
137
-708
-3075
-6433
-9197
-6943
-516
6177
9692
7976
4502
2129
1446
3732
8511
13508
15750
14465
11052
8894
8501
8608
10071
11655
12857
12621
10722
9131
8162
6329
3015
675
760
3131
4252
2181
-869
-3988
-6380
-7752
-7905
-7722
-8483
-10146
-10810
-8988
-7605
-9412
-13294
-16536
-15937
-11397
-6191
-1930
-680
-3236
-6802
-7327
-3944
260
4427
6310
5995
5711
4639
4690
5778
5893
5516
4858
5642
7946
8360
5820
2181
32
333
2095
3497
4137
2109
-3431
-8518
-10043
-6702
-2437
-754
-1550
-4360
-7079
-9034
-9860
-8780
-6316
-4707
-3660
-2130
-1416
-3007
-6497
-8947
-8081
-3709
1154
4668
5322
2811
-605
-2913
-1368
2643
6421
8032
7411
7041
6500
5826
5860
6081
7030
7716
7171
7243
7631
7531
6731
5351
4311
3719
3546
3703
5181
6202
5691
4134
1159
-876
-2152
-1689
116
1264
1900
-177
-2344
-3633
-5312
-6719
-7935
-7454
-5048
-895
1088
-1322
-5914
-9674
-9914
-6856
-1205
2630
3134
1140
-1198
-951
-1079
-1167
-826
-245
1171
2803
5387
5074
1173
-2628
-4900
-4461
-1932
457
1086
444
-1583
-4330
-5666
-6214
-5538
-3353
-2561
-2669
-2524
-3452
-4307
-4173
-3568
-3277
-2948
-1734
-122
2004
2324
-31
-2488
-3670
-2695
59
3118
4588
3624
864
-1552
-1165
1153
3389
4560
4177
3016
2599
3512
4949
5400
4084
1881
598
1722
4567
6748
6396
3557
447
-1020
-174
2414
4359
3939
1807
-29
-105
1040
2153
2383
1738
522
-108
1492
3193
3141
1652
-896
-1944
-996
1060
2863
2417
267
-2514
-4009
-3650
-2119
-619
-913
-1692
-2117
-2349
-2203
-2515
-3507
-3433
-2579
-1444
583
1104
573
-752
-2374
-1713
-244
1602
2929
2244
675
-1037
-2284
-1834
-578
-298
-837
-2660
-3640
-3027
-2888
-3025
-3678
-4245
-4534
-4400
-4042
-3610
-3158
-3837
-4578
-4592
-3562
-2468
-1608
-390
538
1044
626
-256
-635
55
1397
3830
6139
6395
5312
3035
1575
1849
3258
4902
5534
5245
4102
3305
2903
2698
2338
1242
148
-379
91
1356
2661
2739
1031
-1809
-3785
-3469
-1848
-63
1040
1371
1140
289
-620
-842
-715
-759
-893
-236
2342
4607
4655
2271
-1170
-2647
-1877
864
3437
4178
3262
1335
25
-77
283
-704
-1037
-535
814
3066
2820
1774
-458
-3879
-5685
-4566
235
4879
5863
3221
-608
-3721
-4771
-2969
-777
327
76
-939
-1312
-1035
-1446
-3567
-5778
-6671
-6166
-4701
-3547
-3107
-3853
-5490
-7004
-7465
-5702
-3629
-3474
-4112
-4532
-4409
-2772
-728
199
1409
2688
3483
4672
5084
4715
3681
2633
3551
6491
10419
11530
8823
4375
414
409
3031
6298
7734
5409
1708
-1527
-2164
-1256
-1039
-1793
-3503
-4273
-3495
-1667
-597
-1755
-3846
-5208
-4495
-2404
-437
433
-132
-970
-861
251
1723
2979
2872
1718
1276
2053
4320
6453
6430
4910
2473
483
257
1488
3587
4554
3737
2431
1456
190
-1307
-2219
-3239
-2707
-565
1039
1846
1074
-1613
-5857
-8445
-6320
-1651
2168
3354
1853
-954
-2963
-3978
-4588
-3535
-1756
-917
256
1115
-110
-3007
-6282
-7744
-6595
-3790
-1801
-1757
-1783
-1608
-1574
-1402
-1852
-3812
-5224
-4419
-2319
740
3087
3798
3469
3501
4418
3952
1991
-552
-1673
878
5886
9739
9060
4582
-757
-3991
-3916
-1199
2089
2921
1682
-664
-2651
-2858
-2714
-3050
-4147
-4640
-3580
-1793
374
1801
2035
1069
-190
-327
714
2562
3772
3992
4233
5118
6664
7952
7987
6311
4270
3812
5383
7445
7869
5687
2088
-412
-1104
-278
1092
1765
1361
-251
-2353
-4327
-6004
-6822
-6328
-4876
-3054
-2120
-2915
-4539
-6108
-6561
-5944
-4701
-2202
255
1127
734
-396
-1012
-801
-482
613
1884
1882
736
-1072
-2369
-2398
-2122
-1752
-1230
-791
156
820
930
468
-1627
-4226
-6111
-6130
-4750
-3268
-799
2203
4620
4652
1484
-3517
-7965
-8699
-5146
1326
6582
6583
2251
-3402
-6591
-6747
-5411
-2943
-962
129
403
741
1787
2148
1203
-859
-1055
826
3039
5172
6212
7644
8609
8788
8718
7917
7314
5880
4658
5281
7356
10241
12136
11905
9988
6060
1577
-1137
-1928
-1470
-2057
-2590
-2345
-1425
-131
-472
-1977
-5950
-9917
-12481
-12180
-7074
-2659
-223
-986
-3116
-3659
-4362
-4021
-4224
-3949
-2029
502
4417
7354
7861
5473
2153
95
-652
-446
-281
178
749
1070
137
-1098
-1841
-1386
-246
-987
-2436
-5464
-7673
-8346
-8452
-7656
-7862
-5606
-2513
361
1224
-3059
-9055
-14207
-13821
-9223
-2785
2164
1503
-886
-4226
-6003
-5905
-5714
-3548
-1125
1825
4188
5118
6326
6949
7356
6909
6637
7791
8929
10538
11577
12762
14693
15532
15729
14054
11142
8492
6486
6641
8650
10160
9684
7308
2672
-1339
-4187
-5588
-5627
-7283
-8747
-9538
-7830
-4257
-2769
-4232
-8121
-11374
-12465
-10521
-7740
-5460
-3364
-2921
-1712
-578
520
2119
2173
2898
3639
4729
6404
7335
8137
7880
7124
5932
4648
3035
1185
-442
-1316
-30
2298
4613
4556
2120
-2080
-6409
-8937
-10873
-11925
-13057
-12174
-8963
-4893
-1747
-3116
-7422
-13294
-17192
-17347
-14675
-10574
-8770
-8182
-8755
-9097
-7730
-7035
-5641
-4249
-3636
-3206
-3121
-1225
2608
7826
12120
14157
14898
14111
13330
12933
13696
15843
18123
19615
19824
18706
17158
15932
14819
14855
13345
10697
6475
1534
-581
-2257
-2955
-5135
-8316
-10572
-11041
-8187
-5550
-5238
-8281
-12181
-14737
-13842
-10507
-7857
-5044
-3240
-1926
-742
-321
942
2723
4630
6623
7540
8015
8631
8692
8702
8507
7408
6256
4029
2283
1140
599
2264
4367
6846
5972
1796
-4248
-8593
-9350
-10126
-10669
-12786
-12565
-9651
-6306
-3751
-4842
-8035
-12091
-14688
-15042
-12937
-11054
-10790
-11043
-12075
-11517
-9958
-7912
-4871
-3491
-3716
-4351
-4672
-2871
182
2850
5977
8857
10323
11342
11212
12504
14903
16024
16244
14937
13722
13120
13334
14320
16621
17750
16639
12585
6388
1941
-1523
-3010
-4678
-6884
-8356
-8584
-6488
-3631
-2230
-3407
-5616
-8032
-8523
-8222
-8016
-6924
-5920
-3864
-1004
999
3631
5878
7202
8837
8224
6931
5144
3597
3637
4380
5664
6289
6130
3969
2962
2928
5102
7900
6249
3361
-1922
-4517
-5303
-7735
-9463
-11585
-10288
-6639
-3401
-2474
-3555
-6328
-9690
-11430
-13239
-12720
-12050
-12724
-11901
-11502
-10042
-7142
-5932
-4749
-4531
-6072
-5781
-4937
-3240
-446
1356
4216
7735
10146
11403
11499
10732
10422
10312
9371
9895
9978
9832
9674
8829
9792
10363
10131
6747
2124
-2385
-6186
-7685
-10704
-11800
-11606
-9876
-6026
-3553
-2391
-2412
-2519
-2698
-1522
-1444
-2010
-1477
-1897
286
2969
5126
9514
11882
13699
14818
13761
13776
12743
10430
7577
4602
2817
2622
1844
1917
2729
4176
7063
6224
5046
1714
-1675
-4165
-9844
-13828
-16816
-15743
-11511
-7392
-5149
-4625
-5018
-7340
-8341
-10733
-11959
-12314
-14900
-15224
-14855
-13161
-9111
-7062
-5583
-3440
-3235
-2295
-1332
-1523
127
983
1834
4275
6102
8884
12687
15667
17519
17676
14696
12677
12191
11162
11089
8276
6165
5379
4724
5595
4439
2745
-792
-5218
-8959
-12308
-13603
-14038
-14040
-12806
-11382
-10146
-7146
-4657
-2077
295
341
997
1404
581
575
704
2143
6272
9620
12634
15513
16818
17692
17011
13934
10738
7081
3918
1349
-606
-66
1692
5697
6557
6007
4609
1384
318
-4984
-10515
-14240
-15977
-14236
-12607
-11690
-10254
-7657
-6473
-4859
-4905
-5819
-6318
-9777
-13138
-15393
-16548
-15189
-12439
-10390
-7260
-4617
-2826
701
2228
3448
3685
2382
2765
3139
4542
6363
8947
11306
12970
14451
14675
16253
16700
16016
14641
11728
9273
6614
4106
1622
-365
-2362
-3734
-4768
-6700
-7899
-9030
-8814
-7755
-7250
-6558
-5561
-4017
-2996
-2456
-2390
-1586
142
698
1376
1660
2961
5876
8175
10253
10587
10502
10024
9483
8534
6314
4437
2039
34
-1277
-1417
482
3410
4050
3356
1552
-715
-2314
-6484
-10108
-12472
-13300
-12169
-11351
-10326
-8930
-8191
-7820
-6656
-5365
-3839
-3466
-5353
-7362
-8997
-10357
-9982
-9206
-7838
-5050
-3258
-654
2345
4272
6534
7001
6866
6935
6314
6202
5844
6181
7077
8405
9835
10653
11653
11837
11179
9751
7027
4390
2653
383
-1828
-4917
-8071
-9252
-10138
-10058
-9276
-8550
-7388
-6443
-6153
-4339
-1515
934
3357
3643
3588
4714
5265
6465
7126
6871
9280
11879
14604
16640
15562
15224
14422
12912
11195
7481
4372
1107
-2658
-4451
-5263
-3483
-2230
-2784
-2999
-4141
-4544
-6961
-10449
-14190
-18101
-20041
-20767
-19637
-18279
-16898
-15221
-12397
-8829
-5915
-3267
-2417
-3431
-4791
-6539
-7053
-7114
-8054
-6594
-4477
-1250
2918
5945
9948
12453
13924
15196
15371
15376
13929
11968
10092
8519
7973
7419
7929
8837
9267
10752
10325
8462
6313
2156
-978
-5495
-10912
-14294
-17960
-18916
-18334
-17558
-14199
-11321
-8823
-5212
-2092
412
2395
2737
2760
3615
3354
4146
5541
6660
9984
12513
15814
19893
21081
22262
22180
20877
20262
17166
13587
8986
3620
423
-1850
-1053
-1055
-2001
-2607
-4079
-3742
-5360
-7450
-10903
-15803
-18974
-22492
-24355
-25787
-26329
-24605
-22017
-19121
-16144
-12108
-8908
-6991
-6634
-7017
-6236
-6611
-7427
-7258
-6853
-4981
-2390
545
5121
8991
12600
16951
20112
22553
22769
20896
18513
15340
12473
10600
9780
8377
7565
7714
7875
9856
9870
8465
5775
-216
-5494
-11215
-15654
-17785
-20690
-22393
-22389
-21662
-18072
-12451
-7796
-2939
455
1655
3053
3784
4260
4698
3413
2664
3409
5168
9901
14065
17313
21502
23448
24918
24964
22379
19489
14826
10760
7104
4388
3064
238
-1075
-2346
-3060
-3708
-5262
-5644
-7633
-9236
-11033
-13462
-16253
-20752
-23811
-24982
-23969
-22363
-20487
-17137
-14384
-11112
-8493
-6287
-3565
-3206
-3157
-3519
-4371
-3884
-3168
-877
1547
3348
6488
10015
13915
17138
18946
19883
19285
17585
15195
12859
11097
8237
5750
3767
1662
1643
1064
828
251
-2854
-5557
-9191
-12085
-13871
-16639
-18059
-18925
-19721
-18414
-15705
-12297
-7654
-3182
283
4133
6762
8118
9578
9094
8705
8988
9826
12374
13542
14781
16754
18515
21395
22941
22815
21041
17842
14794
11981
9973
6265
2384
-359
-3138
-4555
-6859
-8697
-9870
-11690
-12158
-12673
-13683
-15407
-18022
-19661
-19661
-19382
-19197
-18469
-18602
-18346
-16768
-13980
-9478
-6547
-4402
-2036
-266
2121
4201
6058
6899
6463
6120
7462
10529
13343
15969
17851
18855
19358
18871
17759
16307
12512
8177
5215
1749
262
-1928
-5007
-6350
-9263
-11326
-12843
-15366
-16575
-18328
-19800
-18977
-18659
-17641
-15020
-13794
-11265
-7559
-4946
-762
2474
4533
7258
8773
10682
12434
13420
14691
15513
15815
17091
18359
19125
20499
20626
20037
18924
17197
15448
14068
11089
6811
3758
338
-1845
-4394
-6911
-8251
-10738
-12099
-12368
-12543
-14059
-16300
-18618
-19706
-19151
-20245
-19425
-18867
-19246
-17891
-17210
-13680
-10174
-7797
-4710
-2722
-277
1737
3922
5805
7237
8586
10110
13328
15793
17389
18350
18448
19047
19365
19089
18908
16854
14380
12401
8812
6519
3510
-196
-3430
-8009
-11968
-15137
-16998
-18547
-20263
-21884
-22139
-21269
-20406
-17730
-16592
-15149
-11874
-9820
-5633
-1716
461
3058
4419
6344
8636
10439
13437
15595
16364
17580
18237
19330
20991
21128
20232
18562
16861
15344
14829
13454
10477
7917
4281
1396
-2265
-5951
-8001
-10844
-12058
-13142
-14075
-15193
-17277
-18436
-18910
-18034
-18405
-18381
-18258
-19468
-18682
-17667
-14424
-11004
-9644
-6952
-4459
-851
2825
5705
8497
9748
10770
12151
14566
16994
18336
19049
19286
19687
20002
19877
20331
19275
16658
14435
10910
8709
5431
517
-3341
-7992
-11433
-14492
-16989
-19006
-21039
-22543
-23301
-23272
-23221
-20892
-19246
-17095
-13358
-11553
-8369
-5030
-2096
1273
3574
5976
8308
10558
13528
16131
17330
19381
20390
20755
21772
21038
20638
19337
18154
17003
15835
14765
11357
8497
4627
1512
-2037
-6638
-9440
-13702
-15690
-16523
-17085
-16917
-18833
-20088
-20577
-19951
-19732
-19552
-19318
-20342
-19710
-19032
-16532
-13230
-11756
-9070
-6124
-2218
2333
6307
10030
12393
13622
15244
17518
19234
20416
20755
21088
21877
22759
22873
22525
21523
19175
17875
15217
12838
10263
5353
1328
-3678
-8178
-12088
-15658
-18609
-21683
-24052
-25352
-25039
-24706
-22540
-21074
-19607
-15508
-13116
-10217
-7273
-5305
-2744
-423
2074
4687
7177
10079
13393
15086
17548
19856
20765
22934
22970
22297
20605
17801
16135
14201
12974
10126
7440
5187
2786
505
-3680
-6653
-10697
-14101
-15759
-17430
-18022
-20531
-22554
-23354
-22692
-21502
-20849
-19473
-19661
-19370
-18881
-17200
-14072
-12511
-10385
-7369
-3459
799
4623
8003
11082
13696
16044
19711
22471
24240
24802
24431
25022
25091
25059
24641
23753
21745
20237
18699
16064
14018
9351
4781
425
-4380
-8319
-12806
-16377
-19833
-22914
-25216
-26243
-27162
-26315
-24562
-24034
-20624
-17950
-15633
-12506
-10245
-7314
-4641
-2183
-128
2339
4956
8278
10745
12725
15838
17247
19575
21447
22029
22403
20684
19043
17530
16589
14860
11463
8450
5626
3532
429
-2916
-5982
-9588
-11529
-12904
-14014
-15547
-18376
-20761
-21677
-21677
-22021
-21858
-21408
-21161
-20544
-19226
-16242
-13072
-11212
-9150
-6500
-3247
970
4655
7965
10820
12671
15443
18945
22211
24285
24476
24675
25391
26096
26119
25924
25014
22666
21663
19876
17419
14950
9690
4832
-123
-4738
-8221
-12892
-16725
-19736
-22304
-23507
-24471
-26193
-26505
-25816
-25096
-22165
-19315
-17145
-14303
-12012
-9144
-5544
-3240
-823
1833
4063
7398
9659
11979
14613
15573
17391
18822
19506
19728
18671
17370
16054
15232
13662
11327
8866
5610
2924
500
-2184
-4751
-8119
-10572
-11981
-13388
-14185
-15872
-17870
-19226
-19970
-20106
-19770
-18871
-18767
-18342
-17223
-15518
-12529
-9991
-7352
-4408
-1750
1802
5284
8180
10847
12743
14810
17202
19289
20940
21860
22909
24326
25537
26086
25597
24237
22123
20681
18778
15718
13126
9015
4677
369
-4346
-7925
-12316
-16012
-19112
-22011
-23386
-24189
-24601
-24642
-23511
-22506
-20502
-17573
-15702
-13129
-10935
-8282
-5052
-3096
-862
1575
3751
6903
9777
12038
14455
15433
16446
17392
17477
17406
16261
14725
13290
12083
10990
10046
8206
5540
3330
1154
-869
-3649
-7136
-10112
-12410
-14123
-15136
-16393
-18212
-19450
-19935
-19169
-18529
-18480
-18267
-18047
-16863
-15023
-12497
-9538
-6865
-4596
-2217
1075
4348
7508
9816
11169
12934
14579
16972
19812
21444
22333
23032
24121
25440
25711
24656
23335
21128
19252
17488
13955
11020
7176
2637
-990
-4819
-8573
-12755
-16525
-19418
-21342
-22443
-22747
-23221
-23435
-21786
-20277
-17735
-14571
-12692
-10248
-7461
-4917
-2200
-416
1098
3390
5058
7781
10393
11733
13630
14333
15072
15930
16213
15992
14399
12298
9970
8291
6775
5493
3759
1268
-516
-2246
-3789
-5913
-8631
-11189
-13286
-14662
-15360
-15995
-17558
-18728
-19602
-19497
-18597
-17557
-15682
-14575
-12909
-10911
-8989
-5957
-3359
-1470
281
2379
4478
6480
8100
9394
10740
11809
14192
16579
17743
18985
19792
21127
22757
23503
23247
22034
20313
18100
16140
13639
11071
8073
3713
91
-3209
-5896
-8340
-11134
-13485
-15488
-16599
-17212
-17752
-18668
-18261
-16600
-14849
-11373
-8239
-6445
-4174
-1929
-165
1567
2588
3313
4017
4770
6716
7947
8884
10213
10709
11604
12496
12583
11341
9317
6858
4233
2252
268
-877
-2568
-4966
-6477
-7859
-8343
-9115
-11065
-12967
-14912
-16150
-16046
-15663
-15734
-16422
-17473
-16883
-14323
-12223
-10432
-8582
-6956
-4638
-2535
-26
2592
3580
4085
4536
5625
7051
7539
7663
8108
9061
10170
11987
14381
16013
17090
17764
18696
19856
19634
18141
15832
13104
11006
9893
8008
5795
3570
196
-2005
-3772
-5625
-7600
-10387
-11942
-12736
-13187
-13078
-13252
-13493
-11643
-9133
-6939
-3412
-1319
-17
1665
3355
5258
5792
5440
4674
4331
5024
6281
6949
7059
7845
8116
8804
9928
9584
8180
5690
2624
-337
-3324
-6521
-8899
-10201
-11867
-12976
-13679
-13833
-13299
-14221
-15061
-15567
-15823
-14727
-13928
-13126
-12614
-12709
-11739
-8859
-5493
-3414
-1652
-91
1677
3524
4466
5511
6095
5636
5583
5979
6298
6994
6884
6744
7607
8539
10349
12186
13176
13140
12208
11858
12436
12759
11684
10001
8034
6588
6033
5307
4480
3099
1584
252
-809
-1654
-3151
-5324
-7617
-8820
-9117
-8862
-8392
-7940
-6977
-5343
-2815
-287
1849
3010
3508
4124
4605
4851
3920
2943
2479
2476
3015
3316
3968
4403
5085
6034
6697
6988
5832
3901
1298
-1542
-4582
-7916
-10928
-14076
-15970
-16962
-17712
-17300
-16817
-15946
-14465
-13203
-11691
-10070
-8311
-6437
-4631
-2726
-1350
-332
831
2478
3794
4318
5159
5439
5710
6142
5538
5528
5678
5284
5225
5157
5437
5758
5629
5729
5832
5269
4554
4022
3310
2829
2443
2245
2721
3040
2792
2855
3265
4234
5259
5071
5579
5622
4559
4065
2761
1526
194
-1386
-2519
-3319
-3676
-3611
-2898
-2383
-1310
-713
-69
1536
1823
2024
2219
1876
1443
412
-1038
-1819
-1939
-1862
-887
-328
168
832
1076
2277
3151
2956
2213
621
-1364
-3349
-5835
-8492
-10791
-13201
-14964
-15740
-15022
-13281
-11789
-9647
-6883
-3622
-409
2162
4238
5841
7472
8715
9365
8972
7618
5838
4596
4633
3990
3155
2511
1760
2070
2085
2100
2387
1744
560
-752
-1701
-2383
-3409
-5482
-7881
-9491
-10255
-9913
-8964
-7895
-6680
-5022
-2518
955
4063
6019
8028
9586
11193
12633
12389
12110
11520
10202
9176
7953
6531
4877
2816
1047
410
10
-89
-12
-542
-188
-103
-280
189
-459
-1370
-2005
-2886
-3626
-4533
-5953
-6724
-6384
-5767
-4930
-4225
-3289
-2046
-990
213
1032
1073
592
-407
-1655
-2765
-4048
-5536
-6741
-7645
-8110
-7691
-6317
-4018
-1276
1145
3680
6178
8455
10509
11074
10874
10697
9910
8817
7383
5505
3595
1691
-11
-660
-949
-1468
-1694
-2369
-2878
-3479
-5032
-6257
-7476
-8990
-10606
-11745
-12007
-12547
-13296
-13706
-13071
-11589
-9843
-7613
-5167
-2349
829
4288
7782
10895
12873
13943
15270
16245
16704
16198
14923
13769
12034
10408
9073
7679
6105
4284
3069
2397
2030
1273
204
-886
-2111
-3079
-4462
-5831
-6999
-8489
-9695
-10296
-10729
-11117
-11125
-10803
-9857
-8753
-7461
-6009
-4799
-3267
-1793
-143
1704
3307
4182
4837
5728
6327
6931
6484
5680
4877
3767
3249
2495
1892
1678
1526
2050
3426
4500
5300
5951
6100
6856
6577
5621
4620
2661
962
-1008
-2852
-4643
-6686
-8531
-9466
-9138
-9127
-8871
-8750
-8298
-7193
-6716
-5770
-5049
-5203
-5992
-6882
-7337
-7691
-8188
-8780
-8390
-7304
-5585
-3072
-166
3070
5831
8279
10985
13745
15619
16371
16470
16137
15357
14234
13158
11495
9556
7591
5742
4649
3638
2497
967
-272
-1003
-2068
-2930
-3964
-5459
-6987
-8326
-9558
-10878
-11985
-13074
-13784
-13473
-12398
-11100
-9654
-7826
-5648
-2802
473
3542
6225
8200
9630
10845
11626
11940
11496
10294
9220
7885
6326
5032
3447
2152
1035
-283
-1197
-1908
-2623
-3196
-3587
-3668
-2969
-2428
-2456
-2243
-2516
-2639
-2784
-3570
-3913
-4486
-4875
-4361
-3578
-2671
-1960
-1622
-877
548
1140
1399
1296
24
-1160
-2795
-4045
-4580
-5887
-7183
-8012
-8235
-7657
-6712
-5648
-3998
-2224
-630
1514
3654
5487
7016
8149
9085
9871
10080
9820
9630
9071
8369
7631
7000
6696
6157
5382
4881
4749
4269
3718
2636
1158
70
-1530
-2768
-3961
-5642
-7120
-8491
-9150
-9258
-9462
-9661
-9082
-8108
-6807
-5155
-3732
-1949
-363
1165
2843
4265
5446
6172
6630
6812
6860
6525
6123
5698
5085
4325
3411
2883
2080
1299
503
-480
-1291
-2423
-3321
-4398
-5642
-6395
-6753
-6707
-6542
-6139
-5345
-4173
-2923
-1870
-929
271
1269
1669
1987
2100
1925
1571
1631
1556
924
479
388
955
1030
808
400
-435
-469
-1074
-1969
-2593
-3613
-4641
-5576
-5778
-5730
-5775
-5699
-5338
-4686
-3941
-2526
-989
250
1359
2382
3739
5390
6769
7401
7806
8414
9136
9791
10209
10469
10378
9865
9347
8846
7855
6267
4422
2556
695
-986
-2630
-4078
-5160
-6303
-6909
-7191
-7243
-7070
-7357
-7046
-6280
-5677
-5028
-4532
-4001
-3352
-2337
-1070
30
1021
2111
3275
4433
5553
6276
6591
6717
6501
5829
4851
3610
2094
352
-1304
-2871
-4582
-5842
-7008
-8207
-8910
-9410
-9237
-9042
-8840
-8124
-7551
-6545
-5606
-4409
-2940
-1788
-273
913
2401
3633
4377
5414
6127
7034
7439
7770
7958
7454
6891
6049
5640
4697
3430
2081
245
-971
-2532
-3712
-4462
-5521
-6275
-6981
-7047
-6876
-6637
-6181
-5424
-4230
-3223
-1938
-654
741
2275
3632
5328
7018
8530
9598
10406
11093
11622
12023
12101
12078
11467
10479
9368
8312
7299
5869
4307
2445
548
-1590
-3826
-5687
-7487
-8986
-10491
-11745
-12583
-13150
-13196
-12791
-11844
-10849
-9881
-8737
-7370
-5722
-4184
-2982
-2046
-1270
-647
22
558
929
1194
1389
1772
2218
2730
3014
3258
3488
3356
3179
2725
2048
1230
23
-1206
-2294
-3371
-4270
-4975
-5478
-5477
-5011
-4329
-3483
-2372
-1025
881
2928
4710
6772
8258
9439
10456
10975
11599
11477
10981
10423
9621
8653
7521
6722
5698
4697
3359
1979
1219
-148
-1446
-2886
-4662
-6098
-7858
-9325
-10500
-11648
-12533
-13005
-12817
-12312
-11237
-9828
-7998
-5603
-3428
-1037
1393
3522
5834
7694
9209
10501
11031
11323
11155
10653
10014
8805
7437
5792
4291
2853
1257
-138
-1914
-3357
-4670
-5915
-6741
-7999
-9005
-10004
-10805
-11202
-11784
-11964
-12009
-11580
-10600
-9227
-7395
-5562
-3523
-1371
1037
3364
5392
7097
8259
9051
9348
9458
9096
8384
7342
6175
5430
4682
4300
3750
3271
3023
2567
2488
2029
1391
493
-685
-1508
-2508
-3396
-4379
-5230
-5548
-5429
-4605
-3630
-2379
-1104
241
2051
3691
5329
6587
7323
7929
8193
8460
8804
8845
8489
8058
7575
7165
6777
5874
4926
3693
2106
644
-1160
-3100
-5271
-7791
-10008
-11927
-13741
-15295
-16535
-17404
-17545
-17141
-16320
-14853
-13324
-11654
-9636
-7687
-5653
-3872
-2599
-1381
-233
803
1997
3142
4165
5374
6539
7898
9490
10697
11654
12139
12182
12095
11523
10576
9185
7456
5618
3767
2129
574
-614
-1642
-2321
-2458
-2507
-2140
-1832
-1412
-735
-360
18
27
-130
-263
-563
-786
-1032
-1282
-1533
-1568
-1410
-950
-353
129
763
1277
1838
2325
2649
2939
2997
2881
2616
2379
1996
1674
1335
1051
1055
876
971
1100
1205
1349
1185
1087
861
425
-229
-989
-1794
-2622
-3532
-4527
-5277
-6054
-6548
-6822
-6868
-6572
-6404
-6003
-5406
-4528
-3553
-2670
-1758
-885
132
950
1787
2502
2946
3218
3069
3012
2792
2412
1937
1309
804
23
-783
-1594
-2306
-2915
-3670
-4289
-4958
-5554
-6121
-6425
-6321
-6090
-5678
-5237
-4322
-3156
-1797
-230
1216
2814
4167
5569
7010
8320
9555
10415
11286
11967
12486
12701
12588
12426
11939
11381
10468
9384
8216
6743
5395
3943
2519
1068
-586
-1972
-3143
-4209
-5129
-6018
-6696
-7039
-7285
-7353
-7173
-6977
-6685
-6322
-5983
-5382
-4872
-4578
-4135
-3777
-3297
-2824
-2568
-2208
-1897
-1693
-1488
-1232
-1106
-1073
-1237
-1476
-1470
-1693
-1935
-2164
-2371
-2394
-2526
-2476
-2353
-2152
-2043
-1960
-1565
-1286
-997
-964
-997
-723
-603
-449
-365
-370
-328
-241
96
658
1207
1460
1759
2259
2817
3386
3541
3528
3479
3137
2973
2796
2539
2354
1976
1986
2293
2643
3035
3318
3791
4204
4618
4852
4884
4858
4376
4080
3665
3131
2631
1722
1267
857
524
406
72
137
108
150
324
299
366
44
-294
-569
-991
-1420
-2158
-2748
-3173
-3508
-3657
-3810
-3753
-3624
-3424
-3111
-2825
-2595
-2610
-2736
-2825
-2918
-3057
-3261
-3423
-3439
-3253
-2912
-2392
-1821
-1242
-667
-123
425
722
846
686
346
9
-519
-972
-1538
-2104
-2483
-2798
-2848
-2882
-2827
-2700
-2485
-2111
-1775
-1324
-1051
-808
-558
-415
-124
-51
-4
41
54
271
501
913
1396
1997
2712
3545
4597
5559
6522
7279
7917
8494
8763
8897
8699
8275
7706
7030
6351
5630
4912
4133
3518
2962
2516
2182
1786
1453
1040
686
394
106
-270
-813
-1338
-1905
-2335
-2777
-3318
-3826
-4431
-4824
-4981
-5026
-4930
-4906
-4788
-4454
-4061
-3600
-3369
-3369
-3513
-3813
-4041
-4424
-4911
-5527
-6128
-6395
-6541
-6362
-6185
-5936
-5477
-5038
-4239
-3540
-2900
-2387
-2081
-1555
-1160
-739
-499
-336
-68
126
532
842
1238
1583
1876
2412
2833
3316
3581
3730
3908
3924
4016
3942
3848
3679
3496
3507
3566
3769
3871
4053
4335
4631
5041
5287
5530
5581
5493
5437
5291
5237
4972
4653
4332
3983
3800
3513
3318
3042
2698
2416
2094
1919
1635
1332
996
678
431
84
-259
-744
-1241
-1876
-2584
-3287
-4104
-4813
-5636
-6242
-6752
-7177
-7377
-7643
-7566
-7570
-7465
-7290
-7235
-6930
-6876
-6639
-6448
-6231
-5768
-5491
-4930
-4509
-3982
-3363
-2799
-1940
-1247
-404
344
1122
2046
2823
3692
4236
4697
4946
4994
5034
4741
4406
3774
3106
2485
1813
1343
733
301
-74
-334
-307
-283
1
258
625
1058
1414
1882
2141
2419
2518
2515
2534
2376
2349
2184
2104
2096
2070
2289
2441
2716
2933
3049
3208
3182
3197
3040
2810
2523
2066
1672
1097
567
-27
-642
-1065
-1521
-1670
-1789
-1767
-1520
-1304
-753
-291
254
746
937
1229
1160
1115
898
405
-7
-749
-1262
-1793
-2302
-2602
-3094
-3330
-3636
-3783
-3791
-3926
-3912
-4123
-4192
-4274
-4370
-4340
-4497
-4495
-4548
-4452
-4208
-3947
-3522
-3158
-2623
-2094
-1468
-833
-315
252
610
1036
1309
1503
1681
1694
1823
1840
1961
2009
2039
2167
2237
2506
2631
2778
2836
2782
2844
2783
2807
2658
2459
2237
1985
1926
1791
1797
1725
1683
1783
1887
2189
2409
2682
2872
3030
3213
3304
3474
3457
3479
3386
3218
3108
2832
2657
2318
1976
1593
1061
556
-182
-868
-1673
-2488
-3228
-4097
-4779
-5543
-6125
-6527
-6883
-6939
-7035
-6915
-6708
-6427
-5913
-5442
-4795
-4209
-3563
-2837
-2136
-1256
-495
332
1056
1657
2281
2715
3159
3402
3482
3417
3148
2860
2430
2001
1473
874
292
-359
-872
-1391
-1834
-2197
-2593
-2830
-3034
-3083
-2984
-2826
-2480
-2092
-1510
-814
-31
899
1757
2682
3485
4220
4938
5442
5925
6145
6217
6161
5924
5730
5384
5064
4656
4165
3731
3189
2766
2263
1769
1299
730
287
-231
-669
-1086
-1517
-1858
-2243
-2517
-2793
-2987
-3115
-3207
-3182
-3164
-3024
-2859
-2623
-2351
-2118
-1902
-1825
-1781
-1876
-1998
-2176
-2430
-2655
-2984
-3180
-3337
-3373
-3228
-3049
-2680
-2303
-1822
-1285
-774
-208
194
535
726
797
833
701
592
383
183
57
-67
18
113
346
643
923
1288
1517
1762
1838
1799
1665
1321
1016
566
214
-119
-408
-516
-620
-479
-326
-34
330
680
1142
1465
1872
2118
2320
2481
2480
2552
2423
2373
2254
2133
2126
2021
2114
2137
2270
2421
2516
2715
2728
2823
2738
2565
2338
1907
1543
979
460
-131
-747
-1238
-1793
-2133
-2489
-2700
-2829
-2966
-2953
-3038
-3026
-3090
-3188
-3284
-3492
-3639
-3861
-4013
-4126
-4192
-4120
-4006
-3750
-3449
-3081
-2652
-2228
-1772
-1380
-1010
-677
-422
-180
-3
156
303
433
608
765
964
1165
1352
1567
1719
1882
1988
2066
2136
2124
2126
2067
2001
1946
1853
1818
1762
1722
1682
1622
1605
1565
1545
1530
1511
1507
1476
1481
1479
1482
1487
1448
1430
1373
1318
1258
1161
1093
988
902
801
679
576
422
288
107
-93
-312
-583
-819
-1093
-1325
-1544
-1755
-1886
-2020
-2058
-2073
-2025
-1912
-1798
-1609
-1474
-1320
-1202
-1148
-1089
-1125
-1142
-1197
-1258
-1293
-1381
-1407
-1440
-1415
-1341
-1233
-1054
-914
-749
-640
-544
-472
-457
-415
-450
-455
-513
-586
-630
-722
-712
-716
-623
-493
-351
-98
118
468
788
1146
1532
1803
2115
2254
2387
2414
2350
2309
2111
1996
1773
1597
1455
1283
1285
1220
1321
1401
1492
1639
1650
1747
1698
1653
1541
1311
1113
758
459
100
-231
-471
-722
-816
-917
-918
-887
-870
-779
-753
-672
-647
-640
-650
-724
-757
-844
-875
-911
-921
-878
-865
-793
-758
-718
-691
-692
-678
-710
-736
-800
-876
-959
-1065
-1146
-1251
-1342
-1447
-1557
-1640
-1730
-1770
-1777
-1720
-1591
-1421
-1174
-907
-611
-305
-7
281
525
729
878
985
1052
1105
1145
1189
1262
1322
1408
1476
1548
1610
1614
1599
1514
1392
1232
1019
809
587
384
222
86
35
30
80
194
315
482
625
753
858
887
901
830
736
598
418
266
83
-43
-150
-224
-234
-244
-196
-150
-93
-39
-43
-63
-138
-240
-376
-556
-735
-921
-1087
-1219
-1319
-1345
-1326
-1252
-1117
-965
-772
-585
-409
-240
-144
-60
-41
-72
-123
-240
-335
-465
-554
-598
-626
-566
-503
-369
-213
-64
120
250
394
487
539
584
569
568
544
541
578
618
711
810
934
1066
1174
1263
1293
1266
1186
1047
850
623
371
120
-113
-328
-494
-631
-732
-798
-842
-847
-855
-873
-906
-967
-1040
-1129
-1220
-1316
-1398
-1452
-1462
-1405
-1298
-1117
-874
-571
-211
170
563
948
1301
1614
1883
2093
2242
2334
2374
2369
2322
2242
2144
2021
1876
1716
1524
1299
1053
777
460
114
-253
-644
-1048
-1462
-1862
-2236
-2571
-2860
-3085
-3233
-3291
-3272
-3171
-2980
-2726
-2408
-2033
-1624
-1203
-784
-376
2
351
661
928
1165
1366
1543
1696
1847
1988
2093
2185
2239
2255
2213
2117
1956
1713
1420
1067
681
262
-158
-561
-937
-1251
-1526
-1723
-1874
-1964
-1994
-1985
-1905
-1817
-1669
-1516
-1343
-1124
-923
-677
-438
-159
124
408
723
996
1297
1546
1788
1996
2138
2268
2304
2339
2321
2277
2223
2129
2056
1927
1812
1658
1484
1311
1081
854
577
298
-14
-349
-664
-986
-1268
-1539
-1750
-1909
-2019
-2061
-2071
-2025
-1958
-1854
-1746
-1634
-1508
-1404
-1292
-1212
-1132
-1045
-973
-879
-793
-685
-552
-403
-234
-70
111
268
412
526
610
668
666
636
551
439
309
150
8
-130
-234
-316
-371
-385
-388
-361
-329
-284
-240
-222
-214
-231
-262
-310
-356
-396
-425
-411
-365
-269
-142
22
225
449
691
908
1114
1295
1431
1537
1599
1637
1632
1593
1540
1466
1388
1297
1210
1118
1022
922
809
693
559
421
270
111
-45
-202
-345
-464
-563
-634
-679
-695
-680
-648
-588
-511
-420
-318
-219
-123
-40
24
66
79
61
20
-38
-106
-180
-263
-342
-414
-480
-535
-578
-607
-615
-611
-596
-587
-568
-545
-515
-472
-433
-401
-390
-395
-427
-485
-557
-652
-757
-877
-1002
-1119
-1226
-1304
-1350
-1354
-1306
-1220
-1100
-960
-802
-629
-449
-261
-75
99
258
418
564
705
848
990
1143
1305
1461
1610
1742
1849
1930
1979
2002
1981
1909
1793
1633
1442
1222
991
760
549
367
207
80
-17
-94
-153
-184
-193
-185
-162
-123
-75
-27
15
63
111
151
189
206
218
215
195
165
126
82
39
-8
-62
-121
-199
-282
-374
-480
-591
-714
-844
-972
-1089
-1205
-1311
-1408
-1496
-1555
-1596
-1615
-1609
-1588
-1541
-1473
-1382
-1275
-1156
-1022
-890
-757
-624
-489
-355
-226
-97
28
156
289
426
556
681
797
899
987
1052
1091
1098
1073
1021
955
878
780
683
598
520
464
429
412
414
434
475
524
575
625
662
691
709
715
705
687
669
653
647
655
675
708
755
812
877
935
972
989
961
896
793
647
480
283
69
-154
-380
-597
-790
-941
-1056
-1133
-1183
-1211
-1227
-1247
-1266
-1295
-1343
-1391
-1444
-1495
-1534
-1561
-1560
-1526
-1452
-1341
-1196
-1033
-855
-675
-511
-369
-264
-195
-153
-145
-159
-180
-205
-225
-225
-191
-116
-3
144
307
486
668
843
999
1122
1212
1265
1276
1247
1181
1081
953
806
664
529
401
299
228
179
142
122
118
122
130
145
157
160
158
148
142
147
170
220
303
421
556
699
847
992
1129
1253
1350
1411
1435
1401
1323
1200
1035
846
643
439
242
47
-139
-320
-506
-690
-869
-1058
-1252
-1455
-1663
-1862
-2054
-2226
-2363
-2457
-2496
-2477
-2392
-2255
-2077
-1859
-1624
-1390
-1170
-973
-801
-661
-548
-463
-379
-285
-184
-59
86
249
437
639
846
1043
1224
1384
1506
1582
1615
1598
1530
1414
1252
1062
862
660
478
315
178
77
17
2
13
50
112
192
277
365
443
507
561
593
629
664
695
749
804
875
950
1024
1106
1173
1226
1241
1227
1188
1105
988
834
668
494
306
120
-64
-240
-406
-568
-720
-872
-1015
-1154
-1287
-1412
-1533
-1625
-1711
-1787
-1837
-1873
-1886
-1878
-1856
-1807
-1752
-1684
-1591
-1491
-1369
-1242
-1102
-948
-790
-617
-447
-265
-87
84
257
411
547
652
732
793
828
840
827
785
735
677
623
575
529
488
450
413
369
325
275
224
170
108
49
-2
-37
-49
-46
-6
62
164
296
442
616
789
960
1132
1280
1414
1513
1590
1642
1665
1674
1657
1627
1588
1530
1472
1396
1305
1201
1076
929
758
562
346
114
-120
-352
-586
-811
-1013
-1194
-1352
-1484
-1590
-1670
-1731
-1761
-1769
-1767
-1758
-1746
-1732
-1718
-1697
-1681
-1662
-1628
-1589
-1536
-1464
-1378
-1266
-1142
-1011
-875
-730
-580
-436
-286
-153
-36
68
151
214
254
288
311
326
344
355
366
381
389
406
422
435
454
461
474
492
502
511
512
518
530
543
575
610
648
699
762
838
920
1003
1079
1147
1213
1268
1307
1335
1346
1349
1347
1332
1304
1266
1212
1155
1093
1024
948
859
769
682
590
489
379
266
142
21
-106
-248
-385
-520
-660
-805
-946
-1082
-1213
-1328
-1436
-1525
-1604
-1669
-1709
-1736
-1735
-1705
-1656
-1594
-1514
-1429
-1340
-1239
-1140
-1029
-920
-817
-711
-612
-511
-416
-326
-231
-141
-68
-11
35
77
103
110
105
84
48
0
-54
-117
-185
-247
-307
-356
-395
-421
-425
-411
-358
-284
-185
-59
93
276
466
662
857
1045
1224
1389
1528
1645
1735
1802
1853
1882
1893
1876
1854
1819
1769
1705
1626
1539
1434
1314
1171
1023
869
697
519
347
181
30
-113
-236
-342
-430
-486
-524
-534
-519
-502
-480
-458
-438
-426
-430
-462
-514
-576
-658
-751
-850
-958
-1056
-1150
-1231
-1296
-1343
-1369
-1381
-1366
-1334
-1296
-1262
-1235
-1206
-1178
-1156
-1141
-1131
-1129
-1132
-1134
-1133
-1122
-1100
-1067
-1021
-961
-881
-787
-678
-548
-409
-264
-114
39
193
340
478
606
724
830
932
1032
1126
1217
1300
1389
1480
1565
1640
1709
1773
1828
1873
1899
1916
1925
1916
1895
1861
1822
1782
1736
1692
1642
1581
1505
1407
1294
1165
1010
829
626
404
168
-72
-311
-546
-763
-954
-1118
-1250
-1355
-1427
-1474
-1499
-1510
-1519
-1517
-1524
-1533
-1551
-1573
-1598
-1626
-1638
-1654
-1655
-1636
-1602
-1536
-1454
-1351
-1236
-1109
-974
-847
-726
-621
-528
-452
-401
-359
-336
-324
-312
-302
-278
-248
-206
-152
-86
-2
87
181
282
389
492
589
678
744
801
846
879
914
934
947
960
958
962
964
962
958
939
922
894
859
819
783
752
729
722
714
732
753
792
849
904
972
1029
1085
1124
1138
1139
1104
1049
959
855
724
573
430
279
134
-16
-152
-268
-372
-456
-535
-603
-659
-716
-776
-844
-912
-985
-1068
-1145
-1222
-1280
-1331
-1365
-1372
-1368
-1336
-1289
-1233
-1168
-1106
-1040
-985
-938
-897
-884
-878
-881
-889
-887
-890
-878
-852
-814
-749
-671
-581
-486
-389
-285
-182
-89
-2
71
137
184
225
266
306
346
394
453
521
606
697
795
898
999
1093
1175
1226
1257
1272
1264
1241
1200
1149
1094
1034
972
915
863
819
782
748
727
703
678
660
634
595
540
477
397
304
218
140
69
9
-41
-72
-88
-93
-85
-82
-78
-79
-93
-114
-156
-204
-267
-341
-423
-501
-577
-653
-716
-763
-793
-808
-818
-817
-809
-797
-772
-747
-711
-674
-637
-594
-556
-512
-473
-432
-390
-356
-326
-297
-270
-250
-220
-200
-195
-199
-205
-214
-236
-265
-301
-338
-376
-417
-445
-466
-479
-484
-477
-452
-416
-372
-314
-244
-167
-70
43
159
278
395
514
620
720
804
865
920
958
994
1021
1042
1064
1077
1088
1100
1104
1110
1104
1093
1084
1051
1022
979
917
843
743
642
526
411
293
176
66
-40
-129
-215
-291
-357
-408
-453
-495
-524
-570
-598
-630
-658
-667
-688
-691
-705
-718
-729
-756
-765
-794
-798
-806
-824
-828
-874
-879
-901
-923
-919
-945
-918
-909
-869
-812
-764
-664
-600
-499
-398
-312
-188
-109
7
102
197
313
383
492
562
637
706
753
831
869
929
970
998
1039
1045
1062
1054
1044
1031
986
953
899
845
778
706
642
551
474
392
320
265
197
163
121
82
51
18
8
-20
-30
-42
-66
-81
-108
-120
-141
-174
-195
-234
-270
-317
-369
-415
-478
-535
-597
-660
-716
-773
-813
-857
-891
-917
-937
-945
-943
-917
-885
-848
-805
-750
-687
-628
-557
-483
-411
-336
-264
-182
-111
-35
39
107
174
234
285
320
349
363
371
372
360
348
316
287
260
221
198
166
146
141
135
150
160
199
239
288
352
404
489
558
639
722
793
873
927
1004
1048
1092
1125
1118
1134
1090
1070
1007
936
878
751
682
536
431
314
153
74
-104
-175
-312
-436
-493
-643
-654
-785
-827
-882
-987
-957
-1064
-1015
-1060
-1082
-1027
-1094
-986
-1032
-970
-928
-939
-811
-862
-747
-752
-723
-637
-690
-552
-602
-513
-464
-470
-338
-389
-252
-243
-177
-66
-81
69
42
145
189
199
314
264
363
340
371
426
381
466
403
459
459
435
495
430
498
466
489
524
493
570
546
612
636
663
739
745
825
838
892
938
949
1001
985
1010
999
968
950
879
819
740
646
554
425
301
178
37
-81
-232
-360
-489
-632
-726
-843
-916
-992
-1059
-1086
-1128
-1124
-1132
-1117
-1079
-1060
-1014
-985
-945
-900
-870
-829
-802
-775
-744
-722
-689
-676
-652
-629
-620
-579
-555
-509
-470
-432
-379
-336
-266
-209
-121
-48
32
121
194
295
361
465
537
609
687
725
801
816
862
872
863
883
832
839
791
759
736
680
680
624
623
599
577
589
548
575
552
565
583
571
612
587
622
627
635
663
641
660
616
599
556
493
444
343
270
142
46
-93
-228
-340
-509
-614
-790
-894
-1017
-1137
-1204
-1337
-1358
-1456
-1472
-1488
-1531
-1472
-1503
-1414
-1384
-1308
-1190
-1150
-999
-945
-795
-687
-595
-435
-386
-229
-164
-62
49
91
215
231
330
378
422
510
509
590
587
625
646
630
674
624
652
630
622
634
585
617
571
579
570
547
581
547
581
566
562
569
536
560
527
535
526
500
513
466
468
439
404
398
356
352
318
288
260
218
200
160
141
109
81
54
5
-24
-76
-122
-166
-226
-280
-338
-397
-461
-525
-580
-639
-692
-734
-768
-792
-819
-834
-837
-841
-833
-822
-791
-761
-738
-702
-673
-622
-578
-531
-482
-441
-381
-345
-291
-246
-197
-139
-113
-60
-35
-2
36
50
84
89
121
140
154
196
208
252
275
307
349
367
413
427
457
484
502
535
543
569
579
592
610
617
636
644
656
663
670
673
670
666
645
633
602
567
534
487
440
380
321
247
173
99
27
-38
-110
-168
-229
-286
-340
-390
-430
-461
-475
-492
-494
-484
-477
-456
-441
-413
-385
-359
-324
-302
-277
-270
-270
-282
-298
-320
-351
-378
-420
-451
-493
-536
-569
-591
-596
-608
-594
-578
-554
-524
-494
-437
-395
-335
-276
-220
-152
-90
-25
41
104
174
238
283
337
364
407
440
455
500
485
517
508
499
520
466
495
440
436
438
382
432
356
395
377
353
400
318
385
324
334
341
267
329
234
278
233
203
239
142
211
119
127
108
40
92
-18
31
-36
-57
-43
-141
-89
-178
-159
-192
-242
-211
-293
-249
-320
-329
-335
-396
-358
-434
-418
-452
-463
-433
-453
-394
-405
-354
-331
-289
-236
-218
-137
-132
-57
-33
5
57
52
120
96
139
128
125
157
99
151
90
115
120
75
141
68
125
99
97
140
76
154
96
134
130
90
142
52
104
35
14
5
-89
-56
-170
-167
-228
-287
-281
-369
-332
-396
-374
-372
-392
-331
-362
-279
-273
-217
-150
-138
-31
-28
67
115
152
245
256
366
386
455
515
522
610
599
667
671
662
699
641
665
616
587
567
483
474
390
343
295
203
185
87
47
-11
-101
-114
-212
-238
-298
-360
-360
-442
-423
-476
-490
-470
-521
-468
-512
-477
-463
-476
-406
-445
-375
-381
-356
-283
-311
-221
-243
-194
-157
-166
-76
-109
-42
-43
-41
5
-48
9
-45
-40
-42
-100
-69
-148
-138
-182
-211
-198
-258
-223
-264
-237
-221
-215
-160
-166
-83
-71
2
64
119
229
251
365
387
474
540
573
656
619
703
671
703
717
644
699
595
634
585
526
540
429
478
389
375
343
256
290
187
219
157
118
123
35
77
-14
-16
-47
-111
-97
-182
-165
-224
-257
-285
-363
-357
-440
-444
-496
-542
-536
-607
-591
-654
-675
-684
-727
-694
-749
-729
-749
-745
-708
-732
-677
-706
-647
-623
-596
-515
-527
-413
-404
-323
-252
-236
-100
-118
-8
25
63
183
153
274
269
335
417
394
526
502
601
657
661
793
759
877
890
909
995
920
996
923
912
906
805
821
698
672
595
504
476
348
327
235
181
141
49
35
-40
-58
-102
-146
-156
-219
-215
-271
-277
-293
-342
-330
-402
-390
-433
-463
-457
-521
-490
-542
-534
-542
-575
-537
-577
-529
-545
-537
-500
-532
-483
-502
-480
-471
-478
-443
-457
-417
-409
-386
-360
-344
-299
-279
-228
-196
-147
-104
-67
-12
9
69
96
130
167
181
216
210
232
236
225
243
221
240
250
252
293
297
340
359
380
433
446
509
531
564
614
624
686
683
712
721
698
721
676
679
641
602
578
505
476
391
332
261
171
127
37
-15
-87
-156
-199
-273
-303
-355
-389
-408
-452
-465
-501
-514
-530
-550
-550
-579
-577
-594
-603
-605
-623
-608
-622
-617
-607
-609
-572
-573
-545
-517
-500
-453
-438
-387
-353
-318
-263
-242
-178
-144
-94
-24
11
94
137
199
267
296
378
419
481
534
554
612
620
652
672
669
684
662
660
630
606
574
528
501
442
406
350
305
259
208
181
123
105
66
39
30
-7
-1
-40
-58
-76
-113
-112
-160
-170
-209
-246
-267
-339
-358
-421
-462
-494
-555
-568
-617
-633
-654
-683
-678
-697
-686
-687
-669
-649
-625
-581
-549
-482
-447
-360
-299
-221
-115
-60
73
127
247
349
421
559
590
718
757
814
893
868
963
924
965
973
923
967
872
892
819
768
747
634
627
507
475
403
314
284
156
141
28
-20
-83
-172
-180
-294
-295
-378
-418
-445
-534
-518
-613
-617
-671
-719
-717
-805
-781
-845
-843
-835
-865
-799
-829
-775
-762
-730
-655
-654
-568
-554
-500
-446
-433
-361
-367
-305
-286
-269
-210
-213
-138
-125
-79
-31
-19
66
90
181
230
280
373
409
509
547
632
701
739
822
836
929
962
1013
1071
1074
1144
1136
1183
1193
1181
1203
1146
1145
1071
1014
946
827
755
611
511
384
251
146
6
-83
-205
-305
-406
-513
-581
-692
-754
-839
-911
-962
-1040
-1065
-1129
-1153
-1189
-1218
-1202
-1231
-1197
-1198
-1166
-1114
-1092
-1015
-983
-900
-836
-783
-684
-637
-540
-476
-403
-303
-240
-136
-48
45
145
222
318
392
463
540
590
651
685
709
728
720
723
692
664
622
569
537
475
436
385
341
311
270
258
232
221
219
213
229
230
251
274
303
345
375
427
473
522
581
628
677
718
751
777
782
771
749
704
647
570
481
379
271
174
58
-40
-129
-219
-294
-373
-431
-504
-575
-639
-723
-788
-870
-952
-1026
-1106
-1161
-1220
-1257
-1273
-1280
-1254
-1222
-1159
-1086
-1008
-912
-827
-737
-656
-588
-520
-467
-410
-366
-315
-259
-198
-114
-28
65
162
259
357
454
539
611
666
700
729
747
751
754
750
747
739
744
753
763
784
795
803
812
807
786
762
730
686
631
567
500
435
377
317
270
227
190
160
125
105
81
67
54
29
14
-24
-50
-70
-101
-121
-162
-185
-208
-240
-251
-277
-287
-310
-326
-334
-371
-379
-413
-435
-459
-506
-524
-572
-603
-632
-660
-662
-686
-683
-680
-671
-647
-633
-591
-569
-545
-514
-501
-457
-437
-404
-366
-340
-289
-264
-219
-180
-144
-91
-46
36
94
172
261
332
431
509
611
700
772
851
896
950
983
1008
1024
1007
997
965
926
878
814
757
679
611
534
450
376
286
212
128
47
-12
-73
-118
-167
-209
-236
-251
-251
-247
-230
-223
-221
-219
-230
-230
-242
-273
-313
-369
-435
-509
-583
-646
-709
-779
-844
-900
-941
-961
-966
-953
-927
-880
-817
-746
-667
-579
-488
-392
-307
-236
-175
-122
-55
8
66
127
182
241
299
366
449
541
642
745
852
961
1062
1164
1254
1341
1411
1459
1496
1502
1478
1437
1372
1291
1190
1070
932
769
594
411
231
53
-116
-273
-428
-573
-702
-812
-898
-977
-1048
-1103
-1153
-1192
-1229
-1263
-1279
-1293
-1298
-1297
-1293
-1282
-1268
-1249
-1216
-1163
-1105
-1029
-940
-845
-735
-618
-489
-360
-231
-98
22
137
243
338
423
492
550
595
629
658
676
701
715
727
744
761
783
796
815
835
854
873
882
895
885
876
863
833
810
769
733
689
636
592
536
481
429
382
341
302
262
217
171
124
73
24
-15
-58
-96
-140
-184
-225
-268
-306
-343
-378
-413
-445
-473
-499
-528
-566
-604
-639
-671
-703
-735
-756
-776
-786
-793
-799
-789
-774
-751
-729
-708
-681
-658
-637
-611
-584
-564
-544
-517
-492
-471
-442
-409
-371
-327
-287
-239
-188
-135
-73
-4
68
143
222
297
369
450
531
602
669
732
795
846
890
926
952
974
984
985
979
962
947
926
898
864
824
778
724
678
629
581
534
476
426
362
314
258
192
147
77
31
-21
-78
-116
-177
-213
-268
-314
-346
-394
-416
-457
-479
-507
-536
-542
-577
-585
-605
-614
-604
-620
-603
-610
-598
-585
-591
-570
-576
-552
-550
-553
-528
-540
-513
-518
-509
-483
-501
-472
-462
-437
-405
-388
-333
-302
-244
-195
-150
-78
-24
62
136
207
289
348
431
499
566
627
669
723
752
789
804
803
806
780
767
735
697
664
609
566
509
448
390
327
273
205
143
88
37
-5
-45
-76
-110
-141
-163
-180
-194
-203
-205
-205
-204
-195
-190
-182
-173
-170
-163
-159
-150
-146
-147
-148
-152
-157
-165
-171
-180
-180
-181
-186
-187
-191
-193
-195
-199
-194
-194
-195
-187
-185
-179
-173
-162
-147
-134
-120
-104
-85
-64
-43
-21
4
35
70
101
132
164
187
214
239
247
257
261
266
271
264
255
239
221
192
165
134
86
51
9
-32
-72
-127
-169
-209
-247
-283
-319
-341
-361
-377
-382
-385
-381
-365
-346
-330
-314
-292
-275
-250
-228
-205
-172
-149
-120
-84
-59
-23
16
55
97
142
188
232
271
316
360
403
446
494
547
589
629
663
695
718
730
753
763
764
761
747
728
701
668
617
564
508
451
388
318
248
168
86
6
-82
-163
-247
-336
-416
-495
-575
-665
-750
-821
-890
-958
-1020
-1073
-1108
-1132
-1153
-1161
-1153
-1127
-1101
-1069
-1023
-972
-918
-850
-781
-710
-633
-555
-469
-389
-308
-224
-148
-73
5
82
153
229
302
373
437
498
559
618
679
727
770
812
852
895
933
960
977
994
999
999
993
988
988
975
958
936
904
870
829
781
736
691
639
581
519
452
387
314
235
155
70
-14
-103
-180
-256
-336
-404
-475
-539
-600
-665
-721
-770
-807
-835
-857
-863
-867
-865
-857
-850
-830
-807
-772
-734
-695
-653
-614
-576
-545
-511
-485
-463
-443
-425
-408
-399
-382
-368
-360
-353
-355
-356
-353
-343
-326
-302
-273
-250
-228
-200
-174
-146
-108
-62
-6
58
124
196
263
330
404
476
555
643
736
827
912
991
1059
1120
1171
1210
1238
1267
1291
1304
1302
1289
1258
1218
1165
1102
1039
967
902
831
746
654
548
447
344
235
126
20
-72
-167
-265
-365
-463
-560
-661
-757
-846
-934
-1014
-1098
-1188
-1267
-1340
-1410
-1474
-1528
-1578
-1616
-1638
-1644
-1640
-1621
-1588
-1548
-1493
-1415
-1321
