3
-39
-68
-78
-50
3
27
27
17
-4
6
7
27
52
47
59
40
38
64
75
106
108
94
69
16
19
32
46
76
67
56
30
0
15
13
24
31
4
-2
-4
1
22
24
23
8
-6
-7
-5
8
17
13
8
3
16
17
11
5
-17
-15
-21
-19
8
23
20
-6
-24
-27
-30
-15
-6
-3
-4
-31
-42
-38
-26
-6
0
-12
-41
-70
-75
-55
-21
2
8
-6
-35
-41
-44
-27
-2
8
25
15
5
-2
-14
-4
-7
-8
-2
-10
2
-3
-12
-12
-30
-18
0
12
30
25
28
12
-16
-12
1
15
19
19
24
18
24
15
8
18
7
8
10
14
15
-1
-2
-4
-4
11
10
14
12
11
12
6
16
25
28
33
21
5
-3
-5
-4
-9
1
11
9
4
0
-4
-10
-11
-5
-3
-1
-5
-12
-14
-5
7
7
9
7
7
14
4
3
-1
-6
0
-4
7
8
-7
-9
-23
-37
-30
-11
6
8
-9
-33
-50
-52
-49
-29
-9
-22
-34
-51
-61
-52
-38
-20
-25
-28
-21
-15
-20
-29
-5
12
13
19
24
31
28
32
34
29
38
57
66
74
67
51
32
23
42
42
44
47
41
35
15
5
1
12
29
16
1
8
19
16
-2
-1
9
3
-20
-35
-27
-14
0
-10
-34
-30
-27
-29
-32
-22
-6
-21
-35
-31
-16
-10
-19
-9
5
5
1
-3
-14
-11
-7
-4
9
6
4
2
-10
-26
-46
-48
-31
-12
9
9
-5
-13
-14
-6
7
12
15
8
7
12
16
22
16
1
0
9
18
27
26
36
31
17
12
3
6
4
-7
0
-5
1
-10
-27
-6
5
24
40
25
12
9
16
24
7
0
5
2
2
-20
-32
-45
-54
-41
-31
-19
-16
-21
-32
-42
-42
-30
-11
10
15
10
-2
-9
-8
-10
7
22
28
30
8
3
14
25
34
30
21
14
7
3
6
13
5
-10
-11
10
40
47
26
-9
-21
-20
-3
15
28
39
25
-4
-28
-36
-13
7
17
11
-12
-29
-28
-14
4
18
13
2
-21
-30
-21
-3
21
16
-8
-32
-51
-62
-47
-23
-5
-6
-28
-44
-46
-37
-22
-12
-11
-17
-26
-19
7
23
37
29
14
16
27
40
38
39
45
46
49
63
75
80
63
39
34
33
51
61
42
21
11
14
6
-14
-23
-23
-27
-32
-30
-22
-8
-9
-43
-75
-98
-95
-64
-41
-29
-26
-42
-45
-41
-37
-5
0
-15
-34
-65
-39
-7
8
41
31
16
-3
-47
-34
-16
5
37
1
-14
-4
-2
29
2
-7
14
-3
24
33
26
49
33
34
35
15
27
24
25
21
5
25
43
50
44
11
0
6
-2
0
13
22
25
15
-5
-8
10
16
-1
-5
9
7
-5
-9
-15
-8
5
-5
-12
3
16
-2
-29
-46
-54
-29
-4
9
32
14
-22
-31
-33
-10
26
38
31
15
12
21
29
34
18
1
9
9
12
22
5
-11
-17
-37
-27
-12
-13
-17
-24
-22
-37
-64
-74
-63
-34
-16
-28
-45
-57
-60
-55
-55
-57
-55
-48
-54
-58
-35
-18
-21
-35
-50
-40
-11
2
-3
-3
3
10
10
6
18
44
72
81
64
57
54
60
73
82
110
118
104
83
76
87
100
117
116
124
135
137
133
119
127
146
145
140
122
106
107
84
61
47
36
25
-18
-53
-81
-105
-113
-135
-145
-138
-149
-172
-222
-254
-224
-184
-127
-118
-165
-213
-247
-214
-147
-84
-52
-83
-118
-134
-119
-92
-59
-10
10
-1
-26
-43
-28
-12
19
41
14
-23
-49
-27
40
79
85
51
17
34
63
111
150
138
125
95
63
79
96
142
176
150
129
83
60
86
99
98
51
13
27
46
76
73
64
48
-19
-50
-71
-50
23
61
103
77
4
-8
-24
-6
8
-18
23
39
41
61
6
-26
-38
-72
-69
-74
-40
29
-2
-40
-76
-114
-86
-89
-71
-47
-89
-110
-123
-126
-109
-130
-128
-124
-155
-158
-148
-113
-75
-79
-91
-104
-114
-106
-88
-52
-34
-52
-52
-23
14
33
34
40
49
50
72
113
135
149
164
183
192
172
159
208
245
225
174
120
130
127
93
81
58
46
5
-48
-49
-36
-29
-66
-109
-95
-83
-71
-51
-21
20
25
17
29
34
53
62
51
61
45
55
70
35
20
-16
-32
-36
-61
-45
-33
-15
-18
-62
-65
-65
-44
-13
-33
-51
-91
-113
-100
-80
-38
-29
-43
-70
-96
-88
-68
-41
-4
-16
-53
-62
-51
-5
-8
-40
-29
-38
-42
-48
-58
-22
-35
-61
-51
-43
-24
-39
-52
-56
-50
-32
-29
22
46
40
37
19
57
98
110
113
115
132
125
117
131
162
190
184
144
114
106
96
114
129
121
116
47
8
-1
-12
32
30
39
8
-59
-67
-95
-54
-29
-23
5
-62
-81
-97
-109
-62
-57
-23
-18
-65
-97
-132
-111
-60
-38
-20
-31
-62
-77
-98
-88
-63
-46
-17
-29
-38
-34
-49
-33
-24
-3
29
8
10
-14
-30
-15
-19
16
22
11
8
-29
-41
-32
-31
-12
-2
-15
-9
-8
23
67
62
87
90
105
131
127
190
222
206
168
106
102
122
117
123
123
92
52
-27
-68
-41
-33
-20
-35
-38
-15
-43
-35
-40
-56
-60
-94
-69
-39
-4
-5
-59
-95
-148
-119
-87
-53
-2
-25
-47
-122
-160
-127
-121
-48
-69
-82
-79
-150
-116
-139
-69
-13
-59
-24
-89
-32
-5
-3
75
36
71
18
-8
16
8
55
27
45
46
41
19
-19
5
-31
-17
1
44
101
73
43
-16
4
36
64
130
123
140
65
2
39
64
152
146
125
129
94
88
42
79
99
94
86
17
45
40
44
65
30
61
47
36
76
80
111
122
78
92
92
97
110
62
68
32
6
-20
-56
-22
-66
-69
-124
-173
-195
-260
-217
-262
-258
-283
-376
-375
-432
-419
-392
-400
-395
-417
-411
-384
-351
-280
-192
-143
-79
-51
-24
29
110
170
187
233
232
276
268
277
292
262
342
289
299
338
291
307
272
279
284
320
324
248
226
190
193
184
200
161
81
61
-41
-43
-12
-15
-15
-43
-30
-80
-4
22
-6
72
15
23
-62
-32
28
-76
52
-80
-142
-99
-263
-223
-255
-216
-196
-234
-180
-263
-279
-272
-310
-265
-194
-189
-178
-134
-124
-160
-109
-114
-155
6
-14
-2
42
-25
15
-53
5
43
24
91
22
12
4
20
36
16
79
0
-26
65
36
127
197
92
139
79
34
176
125
259
248
135
188
25
102
136
187
296
319
366
250
317
216
247
392
350
485
429
393
356
241
159
105
57
27
93
3
25
-73
-298
-358
-495
-504
-435
-403
-435
-492
-607
-707
-702
-671
-558
-472
-420
-410
-389
-383
-275
-129
-81
62
38
80
167
214
349
341
393
331
251
232
222
304
322
338
215
184
109
11
64
-12
65
42
19
54
-11
81
-38
-88
-54
-129
-23
17
72
102
34
-1
-127
-68
47
23
134
140
38
32
-2
-38
-4
30
-42
-94
-98
-162
-117
-27
-67
-112
-67
-81
-104
29
64
73
224
116
46
151
132
100
74
63
-57
-78
-60
-135
-46
-4
-56
-116
-76
-96
-123
16
-7
126
176
117
155
-9
23
-91
-143
101
24
105
72
-193
-193
-332
-441
-420
-444
-401
-412
-389
-500
-509
-524
-419
-58
99
610
713
897
1110
965
1299
1016
1241
1156
906
1167
560
581
176
-138
-315
-688
-586
-840
-553
-648
-718
-830
-1079
-1125
-1343
-1139
-1352
-1250
-1243
-1307
-1158
-1149
-843
-713
-313
-139
181
531
771
1275
1456
1802
1751
1674
1635
1450
1485
1346
1298
1159
962
709
527
385
301
223
175
206
18
96
-45
-94
-200
-494
-696
-1081
-1062
-1363
-1270
-1265
-1420
-1200
-1438
-1089
-1129
-813
-468
-576
6
-237
68
133
-126
183
-202
9
-231
-359
-136
-455
-8
36
246
507
283
364
179
503
603
715
1017
722
822
517
427
584
475
639
448
484
415
333
342
273
450
229
261
222
59
210
-57
-123
-111
-433
-443
-592
-706
-535
-687
-572
-544
-638
-588
-806
-774
-766
-561
-385
-314
-130
-355
-307
-345
-57
503
816
1388
1371
1678
1587
1466
1795
1465
1844
1214
1063
802
-13
151
-831
-605
-1191
-1585
-1420
-2081
-1498
-2119
-1720
-1812
-2191
-1921
-2543
-1976
-2286
-2100
-1850
-1952
-1512
-1639
-957
-476
75
727
1148
1885
2217
2714
3283
3616
3879
3775
3763
3707
3350
3217
2902
2620
2274
1799
1720
1399
1173
839
483
225
-327
-631
-1006
-1329
-1779
-2234
-2517
-2866
-3069
-3333
-3243
-3220
-3100
-2798
-2569
-1957
-1789
-1226
-849
-553
-117
-173
363
352
605
637
534
737
321
475
317
504
604
588
965
817
906
607
424
335
-10
8
-6
115
59
-206
-229
-398
-458
-439
-295
-5
-12
19
127
219
218
197
231
270
146
-36
-4
58
43
26
2
42
39
-138
-13
7
125
282
194
491
388
387
488
502
1145
1296
1648
2002
1925
2435
1919
1989
1684
1039
1184
113
538
-260
-655
-958
-1960
-1333
-2289
-1784
-2250
-2463
-2273
-3175
-2598
-3326
-3127
-3363
-3647
-3120
-3356
-2617
-2412
-1799
-1157
-780
165
632
1642
2261
3112
4047
4481
5180
5124
5537
5287
4980
4947
4385
4341
3403
2986
2437
1467
1034
7
-353
-1045
-1724
-1883
-2625
-2854
-3515
-4019
-4155
-4724
-4680
-4844
-4650
-4264
-4256
-3462
-2898
-2252
-1480
-876
220
680
1313
2033
2451
2864
2775
2986
2914
2741
2548
2272
2329
2051
1701
1405
1137
740
272
-72
-66
-309
-809
-913
-1223
-1278
-1500
-1612
-1384
-1600
-1411
-1337
-1146
-845
-1013
-646
-628
-454
-146
-69
644
635
868
1064
962
1055
642
672
494
110
-287
-389
-489
-536
-447
-305
197
139
1021
1614
2217
2478
1972
2552
1801
1639
918
-43
-113
-1746
-1556
-2050
-2416
-2500
-3641
-2622
-2969
-2623
-2556
-2732
-2056
-2848
-2209
-2416
-2221
-2458
-2894
-1857
-1761
-687
-230
695
1878
2301
3774
4758
6069
6768
7078
7721
7619
7779
7223
6872
6065
4662
3834
2689
2190
887
-260
-1031
-2002
-2478
-3434
-3680
-4345
-5090
-5480
-5864
-5696
-6222
-6322
-6113
-5809
-5165
-4864
-3954
-3206
-2562
-1421
-406
824
1410
1921
2835
3216
3669
3787
3924
3914
3206
2989
2748
2434
1818
891
524
-192
-767
-1153
-1403
-1482
-2215
-2565
-2607
-2409
-2139
-2067
-1771
-1642
-1449
-1130
-479
-20
142
459
766
1421
1548
1642
1958
1915
2204
1863
1822
1526
756
647
75
305
-376
-773
-382
-507
392
-53
849
1911
2274
3393
2793
3537
3171
2419
2499
1125
531
-1252
-2315
-2240
-3165
-3814
-5108
-5553
-5219
-5281
-4677
-4681
-4718
-4958
-4973
-3984
-3835
-3503
-3624
-2932
-1612
-931
650
1529
2827
3924
4953
6979
8073
9027
9281
9442
9468
8805
8310
7533
6850
5240
3788
2583
1368
431
-1381
-2168
-3104
-3845
-4252
-5249
-5341
-6150
-6393
-6056
-5838
-5209
-5262
-4759
-3976
-3178
-2250
-1451
-615
36
657
1274
2022
2292
2383
2419
2416
2472
2261
2105
1741
1095
271
-149
-498
-733
-1175
-1655
-1567
-1952
-1862
-1905
-1689
-1152
-954
24
586
1016
957
801
1149
1245
1427
1336
1473
1279
838
493
329
445
-158
-464
-853
-1087
-1415
-2359
-2493
-2918
-3082
-2964
-2688
-1684
-1189
-427
1332
3496
5369
6295
6607
7192
7042
6021
5108
3437
1674
-206
-1631
-1394
-2492
-4047
-5246
-6131
-5479
-6080
-6319
-6551
-7497
-7879
-8247
-7434
-7088
-7085
-6795
-5087
-2709
-837
1665
3645
6081
7451
8410
10286
11069
11584
10945
10167
9665
8520
7927
7375
6511
4873
3107
2002
1076
-230
-2061
-3154
-4135
-4995
-5330
-5599
-4955
-5068
-4936
-3877
-3318
-2244
-2289
-1905
-1015
-1176
-385
-472
-350
-437
-1253
-255
60
418
354
147
892
608
521
25
-452
-1345
-2609
-2830
-3117
-3112
-3456
-3131
-2090
-1613
-256
1038
2436
3343
2860
3477
3453
3306
3159
2086
2207
784
416
265
-382
101
-1744
-955
-1309
-1759
-1244
-3309
-1934
-3578
-3572
-3109
-4807
-2414
-3597
-1036
1531
3362
7760
7004
8765
8136
7353
7045
3460
2894
-380
-1645
-2331
-2976
-2056
-4819
-4932
-5359
-4165
-3244
-5153
-4716
-6764
-7149
-7552
-7669
-5567
-6202
-4382
-2279
684
3949
4944
7551
8310
8919
9005
8562
8681
6238
4617
3110
2964
3296
2492
2934
2009
1709
939
527
581
-1579
-3068
-4988
-4929
-4873
-5189
-3916
-3351
-1277
-209
1965
4353
4891
5243
4082
4468
3601
2132
879
-951
-1438
-2730
-2328
-1618
-1557
-1475
-1963
-1137
-1282
-2124
-3022
-4167
-4973
-5869
-6018
-5675
-5471
-5505
-4521
-2682
-797
1055
2291
3610
4174
4353
4952
5463
5343
3975
2762
2020
2271
1998
1171
846
-378
-458
-1014
-706
85
-1714
-2307
-3694
-3042
-1672
-2031
1220
3777
6740
7769
6740
7589
5470
2748
-1269
-4306
-5476
-7674
-6975
-6121
-5808
-6910
-8002
-5093
-2956
-2497
-3759
-4666
-3767
-4673
-4588
-3713
-3004
-2320
-1894
1413
4749
6599
7559
8471
9666
8738
8098
8081
7793
5973
3165
2997
3593
3930
3008
1699
1159
-619
-1951
-2756
-3603
-5058
-6710
-6169
-4388
-3084
-2116
-1048
354
1255
638
923
1128
338
-527
-1470
-298
309
1070
2244
2520
3480
3287
3861
4024
2275
15
-1350
-1078
-1590
-2299
-3180
-2979
-2137
-2063
-1632
-1592
-1985
-3291
-3807
-3453
-3278
-2796
-2017
-18
1385
2443
2774
3168
3923
1654
486
-575
-1744
-1760
-4024
-3791
-3333
-2507
-549
-747
1354
1591
3398
8444
10601
11776
8605
5737
4698
1461
-2122
-6911
-8977
-9322
-8066
-3485
-637
-364
-3433
-5234
-3935
-3889
-4720
-7523
-7837
-7132
-7332
-3892
-782
2160
3105
3400
6333
7675
7794
5537
3237
1171
-1680
-1253
1060
3465
4294
5080
7961
10543
11648
10004
7106
3837
-983
-3903
-4799
-5000
-6001
-6268
-3246
-537
2959
3588
3100
2728
-1532
-3611
-5746
-5784
-6486
-7939
-4670
-3153
1291
3167
3705
5926
3870
3461
1241
245
-2000
-4572
-3410
-3971
-1875
-1763
-1086
736
-142
-350
-1460
-1188
-2025
-3229
-2954
-2272
201
2259
4220
5281
5250
4964
4199
4002
2300
102
-633
-1188
351
1471
1497
1939
384
-663
-2301
-1618
2195
5599
8494
6959
5530
4289
2039
-756
-6262
-9929
-12301
-11120
-7282
-4599
-4475
-8131
-9526
-8023
-4599
-2954
-3957
-3637
-3644
-1786
868
3480
5395
3956
2822
2790
4024
4490
2199
54
-2193
-2977
-1206
1799
4671
5314
5426
6762
9395
11361
10358
7964
4797
1388
-230
-875
-1158
-1178
-2004
-1739
-759
-606
-700
-2370
-4092
-6160
-7600
-5907
-4000
-962
980
2290
5081
6047
7030
5838
3455
1804
-72
-332
-1497
-2487
-2550
-2497
-1922
-2316
-3200
-4062
-4978
-5914
-6603
-6817
-6506
-5181
-3305
-1429
806
2464
3692
4833
4413
3286
1727
628
532
-40
320
758
1625
2804
2044
2149
1061
-789
449
3848
9871
13386
12118
9631
6897
3842
-1273
-5704
-8611
-10335
-9041
-6140
-1678
-1413
-5931
-9091
-9651
-6973
-6528
-6638
-5266
-5163
-3893
-2578
892
3523
2280
530
-815
-171
-1268
-3136
-3763
-4987
-4758
-3154
2104
7829
9613
9770
9309
10687
11258
10195
9097
6452
3624
1269
1915
4283
4618
3004
608
-333
-689
-1794
-3310
-5956
-9074
-10750
-9508
-5064
-1281
-94
1280
3566
6092
8082
7494
5427
3210
988
778
1573
2024
837
-918
-2147
-4222
-5719
-8037
-10320
-11944
-13162
-11494
-8106
-4050
-1893
-729
1339
3340
5721
6827
5900
4062
2957
2416
3460
4227
2972
1487
233
93
-1053
522
5223
12402
17625
13788
9410
4686
115
-6330
-14711
-17577
-18209
-13376
-6675
448
3839
-2065
-7075
-8485
-5932
-5705
-7759
-6462
-3958
149
3134
7408
10877
8348
4711
2157
2493
1213
-3493
-5109
-6405
-6025
-3806
-5
5945
6918
5057
4472
6533
8961
8817
8438
8342
8290
7887
8601
9530
7401
2207
-3684
-7193
-8414
-9494
-9854
-9406
-9048
-7395
-4217
431
3339
1995
-286
-1477
-179
1605
1387
1668
2694
4516
7558
9538
9425
7170
3629
-217
-4257
-7906
-11141
-13150
-13626
-13246
-10790
-6606
-3666
-2702
-2480
-2399
-1544
112
1153
1839
3032
3374
5021
8357
8915
8080
5671
2927
1091
24
5477
13051
16654
11436
1807
-1477
-4731
-9312
-15773
-19980
-16762
-12085
-2939
5511
6148
-1357
-10801
-10725
-6097
-3355
-3036
-1142
4610
8317
12537
17233
18002
12459
1728
-3992
-4961
-6844
-9827
-12461
-12122
-10533
-7168
-700
5231
5140
736
-252
2875
7420
9388
9305
11310
12235
12945
15187
15905
13403
6074
-1752
-5659
-6486
-7758
-10013
-10867
-11870
-10437
-7443
-4089
-1857
-4660
-6412
-5556
-1667
2504
2840
3938
4902
6624
9191
10028
9050
5980
2947
614
-412
-2132
-5060
-8060
-11147
-11556
-10588
-8899
-8036
-8387
-8237
-7846
-5301
-2666
90
90
-224
2690
5016
9138
8557
6803
5462
3679
9648
17666
26446
25527
16107
7508
-1167
-6987
-16865
-23215
-23974
-20972
-11160
-1681
6156
2265
-10508
-18304
-18041
-11716
-8491
-6326
-590
5953
12841
19034
23199
20409
9654
-454
-3979
-2085
-1728
-2862
-2640
-2861
-1487
27
2709
2893
-4310
-10153
-10431
-3953
4202
8835
12503
14222
14622
14671
15568
14157
8894
1076
-5149
-3998
-2256
-1563
-3744
-8427
-11558
-13454
-11306
-10100
-9729
-10893
-10616
-4415
860
4839
4217
3060
4465
5658
8969
9632
9283
8313
5942
5524
5115
4020
778
-3852
-7674
-8895
-8224
-6836
-6624
-9027
-9816
-10121
-7159
-3704
-3883
-5704
-8478
-6234
-3292
-97
1763
5270
17813
27708
31487
25282
13955
5410
-5373
-13451
-18160
-16458
-9797
-2960
4843
6078
-1466
-15502
-25835
-24552
-19244
-13026
-5585
3886
13905
17823
17849
16129
10723
2169
-5756
-7076
-3686
-25
3385
6253
7999
7254
4909
3287
-111
-5754
-9399
-7115
-226
6363
10741
12977
12531
8426
2813
-375
-619
-1257
319
3619
7663
10778
7980
4391
-1424
-9102
-13720
-15098
-11022
-6707
-3075
1389
4431
6606
3001
-1885
-5083
-5937
-3778
-2417
617
3353
6589
8711
7791
4693
-685
-3788
-5261
-5997
-4455
-4366
-4364
-4829
-6517
-7140
-8651
-9169
-9340
-8269
-7133
-3937
1287
4812
9546
15885
25218
28692
20996
8562
-2393
-7685
-12338
-15177
-12883
-6901
1348
7360
9524
1632
-14801
-29063
-31702
-22115
-12189
-4544
4104
13543
19301
17979
13089
7224
-230
-6873
-7740
-1939
4200
6336
5456
3391
1811
-1273
-3858
-5545
-8201
-8878
-5128
4569
14243
18002
16480
12201
8194
4317
1474
-116
470
2261
5335
9955
11015
7937
-52
-8427
-12803
-14113
-11689
-7782
-1767
3251
6602
8094
5111
554
-6887
-11146
-9785
-5670
-614
1674
4012
6267
7166
5346
1589
-1453
-3411
-3169
-1132
2866
6120
4454
368
-4128
-6792
-8021
-10183
-10233
-8909
-7262
-5202
-1440
6718
17175
22721
19370
11000
3052
-1138
-5398
-10252
-11840
-8452
-1695
2588
4312
-1038
-13383
-26152
-32545
-25269
-14205
-5297
1721
8065
14114
13736
9354
2806
-2998
-5586
-4438
3529
12685
17040
15904
10304
4715
-63
-4575
-7149
-8006
-6173
-718
6730
12464
13356
8466
1248
-4754
-8344
-7301
-4117
806
6477
10506
14015
13199
8456
1368
-5634
-8478
-7788
-2697
3458
8816
10743
6965
2785
-2123
-6365
-9715
-12921
-10643
-4247
2452
5910
4310
988
-1759
-2956
-3200
-3225
-1513
964
3518
6468
7238
6754
3438
-1515
-4106
-6303
-5778
-5215
-4233
-3251
-5728
-4291
2290
12165
15606
7980
-1640
-6815
-5760
-6107
-7071
-6332
-2654
2441
5676
6340
-1949
-15814
-27776
-26641
-15212
-5281
444
3224
7140
7683
3851
-614
-4638
-6122
-5812
-1207
8049
14246
16002
11770
5007
-483
-5020
-5280
-2872
585
4338
9122
14760
17488
13793
5399
-1992
-5239
-5198
-1861
1282
4714
7634
5787
4660
207
-5435
-8977
-11198
-6389
-401
5316
8554
7148
4191
-2219
-5841
-7416
-7126
-4867
-3209
2246
6444
8422
5788
-993
-4311
-5422
-2925
601
2127
4208
4343
3139
832
-1939
-3537
-4491
-4414
-3461
-1545
215
319
-1002
-2474
81
6985
12667
13419
6874
130
-3133
-5098
-5171
-6865
-6337
-3468
-362
3619
-591
-10446
-21625
-24747
-15424
-5244
1488
2040
1696
1723
-1160
-5425
-9825
-10143
-6169
-136
7444
12008
12427
8880
2650
-2346
-5274
-4438
178
6804
12296
15191
15326
13683
10202
3326
-3289
-6865
-5060
1192
5895
9267
10365
7679
2832
-4940
-10266
-10893
-8471
-2973
2171
7229
9453
8030
4952
-836
-4571
-6968
-5364
-305
2983
5074
3330
952
-2048
-6885
-10389
-11242
-6330
1283
7371
10056
8808
6339
1896
-2628
-6058
-7979
-6762
-4523
-1131
1171
30
-1893
-4068
-123
6114
10000
9630
3570
606
-1808
-2706
-2957
-3096
782
3153
5891
5388
-1884
-12199
-23193
-23891
-15075
-4637
1816
1882
1452
862
-1417
-6132
-10912
-10435
-4890
3335
8927
10367
8581
4062
341
-3138
-4353
-3275
-1060
4931
11298
15004
14505
9884
5087
697
-3122
-4525
-1853
2833
7335
9257
7985
5830
583
-4893
-8805
-9582
-5391
-250
5151
7301
5744
2655
-2150
-4948
-6911
-5572
-703
4686
9375
8988
6564
2318
-2342
-5726
-7668
-5569
-1513
2765
4922
4018
879
-3293
-5738
-5579
-3533
-168
2376
3861
3494
-304
-3722
-5877
-2884
4506
9080
10009
4370
-558
-3012
-4712
-3666
-4533
-1217
1904
4363
6057
-1080
-9938
-20402
-22392
-13785
-3904
4442
4218
1014
-3477
-7047
-8198
-8745
-6171
-2226
4391
9850
10858
7632
634
-4548
-6577
-5234
-1499
2721
7634
11619
12888
10454
6708
3281
1317
1306
2362
5040
6892
7708
6870
3553
-1849
-8563
-11733
-9841
-4242
831
3265
4308
3426
1435
-2331
-6167
-7656
-6991
-2138
5081
11250
12970
9110
4299
131
-2341
-3154
-2553
1120
4307
5135
4277
884
-2672
-6843
-9037
-7395
-4774
-422
2612
4911
4213
-123
-4315
-5614
-17
6939
11229
9109
2474
-2636
-6304
-4860
-2874
-1540
-337
-341
3661
3757
-2702
-14460
-24071
-21674
-11336
1069
5880
2971
-3973
-10307
-11196
-10317
-7478
-4351
1464
10162
15711
15297
7405
-1288
-6066
-5382
-1385
2213
5863
9217
12050
11985
7636
972
-3698
-3347
1122
6580
9998
11463
10981
8741
4158
-2361
-7858
-10333
-7961
-2277
3304
6344
5183
1244
-3754
-8483
-10877
-10655
-7432
-2622
1710
4217
4687
3889
1573
-588
-1704
-588
2998
7695
11895
12307
8661
2161
-3512
-5024
-3340
-66
1044
-75
-1835
-3485
-3534
-4851
-6628
-5839
-1555
5885
9240
6118
-863
-7883
-8735
-4741
1154
5296
5250
3894
2229
-880
-6618
-14245
-19114
-16487
-6980
2629
6043
548
-9512
-17037
-18950
-14010
-6438
596
5679
7407
7278
5033
804
-3704
-5573
-2664
3653
9571
12827
14631
14460
12278
7876
3107
1165
2231
6128
10657
13171
12767
9852
6140
2620
-1804
-5876
-7461
-5045
51
3289
2990
-409
-4716
-7816
-9132
-8103
-5940
-3544
-1557
44
1023
-135
-2370
-4064
-2958
411
3744
6065
6505
6223
4568
1776
-649
-1866
-880
1082
3346
4509
3520
594
-2689
-4453
-4926
-5108
-5208
-3892
-1460
900
413
-2902
-6662
-8728
-7112
-3909
-440
1993
2798
3524
3188
1358
-2264
-6986
-8715
-5732
34
4145
3489
-988
-5753
-7809
-7014
-4654
-2565
-883
604
1627
1900
1153
-75
-928
-788
359
1630
2024
2272
3364
5245
6604
5941
3154
-126
-2073
-1246
1702
4571
6434
7094
7539
7306
5859
3822
2487
3130
5673
8518
9563
8149
4798
1546
-1139
-3015
-3964
-4085
-3067
-1381
127
420
-863
-3497
-6094
-7695
-7563
-5876
-3336
-1173
-757
-1797
-3382
-4469
-4711
-4121
-3374
-2608
-1467
-462
-232
-1094
-2278
-2731
-2561
-1349
1065
3004
3285
1818
102
495
2228
2931
2901
2482
3595
5470
5716
4850
803
-3728
-5683
-5040
-2676
-2500
-4420
-6314
-6481
-4649
-2994
-2628
-2989
-3853
-4429
-3996
-3194
-2561
-3150
-3449
-2676
-1951
-1808
-2767
-2676
-942
1509
3732
4693
4416
3242
2357
3167
5258
6330
6575
6815
7333
7284
5548
4477
5152
7492
10161
11385
11365
9717
7682
6587
6357
5950
4236
2277
1532
2223
2950
2427
-180
-4276
-8327
-10403
-9384
-6970
-4909
-4678
-5655
-6610
-7184
-7492
-7638
-7118
-5982
-4213
-2234
14
1277
862
-1284
-4580
-6588
-6540
-4709
-2270
-591
28
349
1133
2188
1429
-1649
-3867
-2731
1766
5893
6162
3525
461
-1297
-2054
-3143
-5093
-7035
-8033
-6799
-4472
-4106
-5893
-8902
-9896
-8198
-5589
-3377
-2337
-1113
700
2742
3508
2791
1428
1158
3593
7171
10060
11014
10396
9845
10140
10840
11545
11274
10188
9364
8506
8453
8498
7951
7299
6127
5217
4325
3099
1881
925
584
535
209
-600
-1039
-1345
-1229
-425
-112
-533
-2093
-3865
-4896
-5271
-5553
-6454
-7367
-8379
-9292
-9736
-9159
-7050
-5523
-5036
-4633
-4456
-3645
-2642
-2033
-793
853
1956
2800
2703
2498
2378
1294
1506
1074
-432
-1391
-2149
-1274
-255
-858
-2719
-4946
-6208
-5877
-4822
-4188
-5023
-7048
-7684
-6413
-4696
-4029
-5075
-6218
-6296
-5184
-3053
-1289
-851
-1001
-708
932
3085
4003
3969
3483
4466
6786
8551
9791
9190
8457
8925
9820
10747
10466
10311
10271
10213
10480
10172
10094
10012
9875
9458
7905
5294
2286
657
642
605
-622
-2234
-3320
-3789
-3529
-2927
-2938
-3844
-5228
-6396
-5913
-4408
-3192
-3515
-5315
-6713
-7459
-7308
-6090
-4955
-4085
-3037
-3094
-3803
-4306
-4341
-3080
-1157
645
1884
1743
998
846
34
-912
-2128
-3588
-3547
-2688
-1520
-614
-768
-1767
-3164
-4769
-5565
-5250
-4474
-3661
-4468
-6521
-8099
-8164
-6250
-4335
-3478
-3755
-4381
-3764
-2250
-843
-437
-469
201
2121
4146
5421
6078
6345
7254
8022
8600
8456
7321
6615
6914
8709
10820
11943
12079
11443
10321
9046
7590
6704
6614
6877
6882
5577
3909
2305
1583
1639
1224
235
-1529
-2737
-2899
-2247
-1388
-1509
-2646
-4055
-4673
-4154
-2807
-1829
-1961
-2955
-4393
-5563
-6319
-6476
-5951
-4646
-2960
-2246
-3138
-4843
-5639
-4891
-3494
-2893
-2947
-3135
-2865
-2137
-2047
-2100
-3016
-4358
-4680
-3968
-2265
-1095
-1248
-1865
-2514
-3006
-2889
-2726
-2605
-2781
-3673
-4198
-4196
-3370
-2065
-1561
-2183
-3660
-4959
-4794
-3279
-1329
200
528
804
1371
2330
3343
3553
4087
5449
8062
10716
11787
11296
9854
8799
8689
8999
9100
8814
8707
9126
9222
8453
6652
4950
4291
4269
3608
1871
115
-641
496
2148
2811
1414
-866
-1963
-1635
-541
-273
-1117
-2760
-3865
-3913
-2958
-1818
-1651
-2354
-3746
-4613
-4974
-4875
-4724
-4829
-4957
-5138
-4803
-4655
-4560
-4707
-5416
-5909
-5712
-4819
-3753
-3142
-2739
-2071
-1810
-1663
-2398
-4292
-5602
-5689
-3839
-873
1082
1363
282
-1187
-2057
-2344
-2282
-2363
-2841
-2550
-726
1436
2198
695
-2167
-4336
-4689
-3216
-1108
673
1943
2343
2216
1781
894
172
414
1920
4367
6685
7869
7936
7291
6874
6938
6643
6560
6762
7370
8720
9483
9269
8061
6414
5685
5511
4833
3735
2506
2152
2945
3284
2991
1806
573
724
1415
1784
903
-928
-2137
-2456
-2732
-3101
-3391
-3283
-2606
-2586
-3459
-4548
-5404
-5331
-5470
-6524
-7318
-7576
-6440
-4761
-4481
-5126
-6619
-7790
-7429
-6334
-4820
-3540
-2694
-1527
-982
-1650
-2536
-3423
-3539
-2311
-621
1436
2765
2098
425
-1511
-2601
-2542
-2276
-1358
-262
207
452
5
-1171
-2618
-4316
-5013
-4285
-2716
-734
595
1185
989
118
-210
190
885
1605
2487
3972
5592
6555
6572
5965
5603
5953
6832
7949
8962
9617
9892
9667
8836
8006
7550
7468
7510
7184
6762
6166
5514
5067
4419
3636
2787
2064
1521
692
-487
-1684
-2212
-2154
-2354
-2888
-3826
-4914
-5772
-6431
-6468
-6146
-5932
-6123
-7013
-7704
-7835
-7827
-7809
-7913
-7963
-7704
-7012
-6245
-5765
-5517
-5534
-5430
-4953
-3760
-2067
-901
-370
-396
-222
940
2314
2957
2809
2493
2602
3161
3398
2665
1212
-144
-538
-284
51
170
-898
-2853
-4763
-6068
-6138
-5456
-4639
-4124
-3918
-3473
-2638
-1449
-265
382
407
800
2115
3812
5192
5652
5752
6095
6767
7470
7659
7816
8111
8387
8677
8869
9175
9398
9585
9908
9901
9603
8944
7896
7050
6347
5892
5626
5069
4194
2463
503
-791
-1720
-2200
-2879
-3955
-4974
-5894
-6256
-6305
-6589
-7348
-8584
-9748
-10317
-10383
-10161
-9554
-8900
-8297
-7791
-7706
-7769
-7713
-7231
-6302
-5380
-4451
-3350
-2208
-1236
-801
-1090
-1404
-1197
-216
1494
3074
4039
4308
4066
3840
3455
2738
2138
1826
2082
2671
2709
1865
312
-1352
-2363
-2622
-2572
-2491
-2915
-3831
-4749
-5684
-5927
-5436
-4651
-3484
-2507
-1321
145
1190
2020
2400
2732
3843
5515
7509
9289
10177
10468
10346
9856
9282
8484
7986
8175
8629
9274
9669
9335
8465
7320
6302
5629
5113
4798
4570
4240
3733
2855
1777
586
-855
-2547
-4099
-4975
-5213
-5165
-5318
-6020
-7318
-8975
-10493
-11346
-11258
-10601
-9901
-9540
-9397
-9206
-8895
-8286
-7680
-7325
-7035
-6451
-5296
-3749
-2412
-1699
-1410
-1317
-1049
-404
491
1603
2300
2228
1927
1590
1778
2562
3047
3452
3274
2435
1767
1152
1213
1529
1372
1299
988
417
-197
-1119
-1767
-2075
-2325
-1965
-1190
-575
-469
-1155
-1752
-1590
-1116
-310
633
1426
2396
3225
4058
5137
5723
5937
5859
5759
6424
7158
7637
7830
7540
7484
7530
7364
7060
6607
6225
5765
5216
4849
4797
4921
4939
4771
4211
3201
2005
973
500
341
-25
-738
-1877
-3294
-4916
-6405
-7318
-7775
-8139
-8716
-9242
-9691
-10088
-10218
-10344
-10258
-9973
-9750
-9003
-7813
-6674
-5951
-5974
-6037
-5716
-4970
-3753
-2684
-1920
-1656
-1839
-1922
-1793
-1322
-939
-670
-243
190
1058
1876
2267
2500
2379
2510
2810
2944
3367
3832
4244
4349
3911
3534
3414
3291
3168
3216
3491
3978
4193
3891
3371
2435
1474
1004
1082
1819
2501
2636
2396
1813
1321
1255
1464
1780
1963
2147
2696
3343
3625
3481
3242
3413
3896
4115
4023
4003
4350
4993
5201
4513
3480
2851
3129
3930
4279
3812
2597
1212
246
-371
-792
-1343
-2194
-3159
-4141
-5019
-5754
-6332
-6892
-7685
-8686
-9545
-9745
-9296
-8584
-7958
-7803
-7884
-7948
-7808
-7109
-6188
-5377
-5000
-5009
-4848
-4473
-3853
-3425
-3303
-3001
-2523
-1935
-1426
-1102
-837
-557
-293
43
402
817
1581
2562
3771
4713
4807
4754
4911
5370
6034
6231
6114
5972
5982
6443
6871
6725
5980
4836
4075
4197
4585
4696
4306
3620
3472
3807
3997
3701
2702
1767
1654
2279
3327
3792
3117
1885
715
133
15
-196
-430
-527
-580
-660
-752
-735
-505
-485
-1057
-1853
-2640
-2925
-2685
-2467
-2153
-2144
-2378
-2682
-3176
-3293
-3349
-3257
-3055
-3223
-3314
-3539
-3503
-3065
-3032
-3150
-3581
-3936
-3593
-3122
-2434
-1912
-2023
-2275
-2724
-3009
-2844
-2703
-2391
-2005
-1893
-1802
-1949
-2161
-2100
-2127
-1989
-1657
-1394
-1093
-1051
-1156
-1071
-1059
-1046
-904
-532
379
1484
2342
2838
2909
3010
3445
4027
4623
4849
4795
4870
5182
5675
5798
5486
5175
5295
6031
6672
6728
6128
5246
4890
5162
5948
6582
6429
5729
4890
4554
4583
4331
3536
2320
1326
839
808
758
172
-999
-2582
-3930
-4894
-5562
-6069
-6705
-7271
-7909
-8612
-9278
-9969
-10377
-10517
-10270
-9671
-9051
-8381
-7755
-6998
-6115
-5383
-4826
-4507
-4089
-3302
-2013
-386
1078
2060
2328
2270
2210
2478
3200
4047
4974
5569
5797
5603
4898
4075
3165
2566
2284
2129
2064
1779
1452
958
343
-184
-558
-418
17
631
1237
1493
1439
973
485
302
446
786
932
925
840
859
979
965
788
535
586
987
1520
1844
1815
1932
2336
3002
3531
3547
3492
3514
3737
4016
3903
3571
3186
2958
3116
3314
3256
2888
2242
1690
1284
742
74
-770
-1560
-1941
-2019
-1909
-1966
-2571
-3473
-4395
-5131
-5653
-6324
-7009
-7336
-7164
-6550
-6117
-6337
-7129
-8205
-8882
-8704
-7810
-6485
-5413
-5018
-5062
-5384
-5428
-4920
-4094
-2965
-2034
-1243
-293
574
1348
1584
1461
1582
2022
2864
3740
4456
5047
5421
5639
5702
5668
5641
5868
6477
7325
8081
8446
8593
8621
8499
8088
7345
6639
6186
6072
6063
5751
4982
3847
2808
2114
1574
834
-213
-1095
-1411
-1280
-1253
-1719
-2507
-3225
-3591
-3671
-3631
-3601
-3563
-3500
-3489
-3533
-3637
-3595
-3269
-2806
-2387
-2252
-2302
-2282
-2233
-2239
-2454
-2805
-2919
-2623
-1989
-1354
-1169
-1577
-2346
-3151
-3547
-3411
-3028
-2594
-2411
-2425
-2384
-2406
-2420
-2381
-2229
-1687
-986
-441
-117
-112
-45
324
795
1232
1335
1195
1223
1393
1497
1303
615
-205
-731
-850
-485
12
208
59
-514
-1167
-1399
-1243
-653
57
516
898
1108
1360
1821
2180
2445
2613
2857
3487
4220
4684
4837
4837
5019
5397
5606
5605
5571
5678
6075
6415
6384
6110
5713
5530
5570
5424
4981
4241
3568
3302
3119
2697
1795
518
-665
-1627
-2404
-3105
-3891
-4685
-5450
-6160
-6791
-7486
-8270
-8991
-9437
-9562
-9533
-9589
-9769
-9844
-9714
-9327
-8767
-8188
-7520
-6902
-6319
-5718
-5151
-4408
-3568
-2702
-1866
-1243
-720
-188
472
1353
2248
2987
3526
3953
4464
5066
5647
6050
6235
6278
6195
6032
5748
5435
5167
4843
4482
3966
3373
2848
2355
2045
1824
1633
1503
1362
1394
1605
1892
2164
2176
2000
1719
1471
1471
1772
2376
2976
3240
3023
2499
2068
1973
2130
2195
1931
1432
1053
1077
1411
1598
1294
560
-188
-505
-421
-302
-522
-1135
-1812
-2256
-2416
-2519
-2810
-3306
-3782
-4017
-4021
-3974
-4126
-4495
-4944
-5332
-5623
-5891
-6081
-6093
-5882
-5556
-5264
-5073
-4981
-4894
-4710
-4340
-3678
-2792
-1859
-1075
-581
-329
-176
58
442
875
1198
1382
1572
1868
2215
2467
2586
2611
2648
2733
2826
2949
3057
3135
3139
3054
2895
2627
2320
2117
2071
2111
2073
1924
1864
1978
2237
2513
2677
2714
2526
2226
2047
2219
2787
3429
3814
3817
3557
3248
3049
3066
3238
3337
3182
2832
2562
2507
2466
2220
1784
1369
1119
1000
973
940
728
195
-577
-1292
-1752
-1942
-2005
-2037
-2165
-2610
-3423
-4416
-5144
-5421
-5421
-5415
-5587
-5913
-6272
-6560
-6752
-6928
-7153
-7292
-7172
-6740
-6211
-5893
-5801
-5702
-5368
-4769
-4077
-3507
-3133
-2849
-2463
-1842
-1106
-496
-148
3
200
537
1017
1602
2163
2652
3091
3614
4309
5061
5629
5886
5916
5919
6062
6314
6594
6751
6618
6178
5618
5224
5105
5159
5093
4770
4310
3956
3806
3729
3565
3193
2716
2304
2071
1959
1806
1521
1136
822
631
493
298
82
-83
-185
-247
-311
-360
-376
-340
-341
-447
-690
-1022
-1340
-1550
-1619
-1648
-1695
-1802
-2006
-2357
-2828
-3295
-3597
-3617
-3451
-3345
-3532
-4035
-4665
-5171
-5403
-5469
-5596
-5894
-6251
-6465
-6410
-6123
-5806
-5635
-5586
-5456
-5093
-4510
-3802
-3091
-2412
-1783
-1233
-772
-405
-85
253
703
1269
1821
2215
2465
2761
3219
3768
4216
4472
4645
4885
5248
5688
6045
6165
6034
5819
5743
5796
5748
5449
4966
4536
4278
4099
3876
3502
2979
2374
1781
1277
861
475
99
-231
-501
-737
-987
-1236
-1406
-1451
-1400
-1306
-1219
-1107
-934
-678
-343
-19
209
281
289
356
549
845
1120
1271
1233
1028
796
652
586
508
320
78
-127
-310
-555
-954
-1486
-2031
-2457
-2697
-2836
-3069
-3517
-4136
-4728
-5132
-5349
-5424
-5408
-5365
-5382
-5521
-5692
-5716
-5491
-5079
-4642
-4286
-4003
-3694
-3271
-2784
-2396
-2188
-2026
-1628
-863
100
932
1401
1593
1784
2185
2805
3445
3974
4367
4658
4934
5177
5376
5494
5540
5633
5761
5836
5715
5421
5174
5098
5138
5045
4699
4175
3636
3265
3044
2891
2655
2247
1796
1405
1162
988
787
615
476
363
161
-175
-505
-776
-936
-1034
-1107
-1160
-1305
-1531
-1832
-2176
-2517
-2816
-2919
-2829
-2726
-2801
-3114
-3457
-3680
-3803
-3908
-4045
-4118
-4065
-3935
-3812
-3803
-3950
-4182
-4328
-4162
-3675
-3083
-2661
-2506
-2438
-2311
-2094
-1825
-1528
-1206
-890
-542
-94
457
932
1142
1073
926
970
1337
1956
2603
3023
3077
2897
2748
2819
3036
3191
3192
3148
3231
3453
3658
3663
3401
3010
2690
2558
2569
2566
2476
2311
2130
1940
1691
1370
1006
713
545
522
617
746
835
801
623
381
193
178
355
580
696
616
412
212
78
-28
-194
-449
-728
-947
-1063
-1129
-1253
-1481
-1794
-2113
-2346
-2435
-2405
-2402
-2544
-2830
-3139
-3340
-3380
-3308
-3212
-3154
-3141
-3158
-3204
-3204
-3069
-2783
-2421
-2127
-1948
-1795
-1531
-1132
-733
-491
-406
-322
-82
322
757
1068
1195
1179
1119
1098
1174
1374
1627
1783
1732
1491
1209
1085
1156
1278
1289
1153
1013
1019
1192
1411
1521
1520
1504
1565
1755
2012
2255
2366
2317
2184
2092
2151
2328
2464
2407
2159
1811
1486
1271
1168
1149
1155
1127
1024
840
598
399
337
379
423
379
273
198
183
184
110
-77
-337
-601
-827
-1002
-1121
-1173
-1173
-1174
-1278
-1549
-1923
-2278
-2494
-2545
-2508
-2455
-2423
-2397
-2399
-2479
-2678
-2947
-3151
-3172
-2981
-2649
-2309
-2042
-1889
-1882
-1982
-2108
-2139
-1958
-1557
-1071
-677
-490
-498
-574
-584
-466
-250
-23
203
462
775
1109
1351
1439
1391
1313
1351
1561
1884
2165
2288
2285
2254
2271
2345
2435
2489
2458
2383
2332
2375
2520
2747
2997
3120
2986
2630
2268
2114
2223
2467
2598
2424
1958
1433
1091
931
753
421
-19
-394
-584
-637
-704
-951
-1354
-1720
-1864
-1832
-1804
-1855
-1926
-1932
-1891
-1843
-1828
-1866
-1964
-2090
-2178
-2228
-2259
-2231
-2047
-1767
-1574
-1565
-1666
-1729
-1700
-1557
-1276
-953
-706
-566
-447
-288
-180
-198
-274
-278
-165
15
193
278
198
-48
-316
-452
-464
-452
-482
-526
-579
-656
-761
-849
-856
-785
-638
-441
-232
-31
179
421
664
894
1143
1426
1722
1977
2167
2315
2436
2507
2540
2601
2726
2843
2839
2717
2584
2541
2583
2651
2688
2650
2516
2290
2035
1859
1790
1699
1536
1349
1139
827
352
-109
-396
-570
-802
-1189
-1568
-1806
-1927
-2007
-2134
-2293
-2486
-2691
-2791
-2745
-2639
-2594
-2632
-2598
-2440
-2317
-2396
-2642
-2834
-2806
-2579
-2297
-2057
-1919
-1891
-1902
-1837
-1624
-1380
-1238
-1159
-987
-667
-354
-224
-233
-236
-156
0
163
314
436
495
523
595
736
926
1103
1235
1345
1426
1496
1581
1717
1906
2062
2125
2110
2116
2223
2342
2362
2271
2143
2059
2038
2091
2198
2246
2116
1806
1487
1293
1247
1300
1382
1444
1358
1071
705
450
415
477
430
237
-25
-266
-397
-426
-367
-342
-515
-842
-1142
-1257
-1208
-1146
-1150
-1236
-1390
-1563
-1663
-1634
-1528
-1495
-1644
-1871
-2025
-2037
-1966
-1912
-1920
-1978
-2037
-2022
-1899
-1754
-1690
-1762
-1892
-1916
-1756
-1480
-1223
-1080
-1024
-979
-886
-704
-493
-325
-203
-132
-39
144
387
628
782
852
885
934
1053
1255
1486
1663
1720
1674
1621
1651
1781
1923
1996
1968
1869
1752
1641
1540
1462
1435
1451
1458
1395
1258
1081
913
791
756
813
910
990
1014
973
877
718
551
495
615
856
1018
967
747
499
336
268
258
225
101
-97
-303
-430
-468
-538
-700
-963
-1253
-1477
-1609
-1630
-1613
-1644
-1777
-2006
-2253
-2464
-2591
-2639
-2614
-2529
-2438
-2367
-2349
-2380
-2447
-2492
-2402
-2142
-1788
-1466
-1275
-1201
-1165
-1090
-921
-641
-279
62
266
360
440
567
754
983
1230
1452
1577
1588
1546
1549
1644
1805
1985
2135
2217
2208
2115
1982
1900
1901
1940
1991
1981
1920
1840
1708
1578
1451
1326
1191
1007
852
790
800
797
691
496
280
142
130
232
363
415
340
204
133
173
290
358
305
197
78
34
35
3
-82
-288
-536
-731
-828
-840
-876
-1006
-1202
-1384
-1521
-1616
-1707
-1798
-1904
-2042
-2156
-2200
-2174
-2122
-2111
-2174
-2261
-2335
-2354
-2263
-2094
-1880
-1716
-1651
-1653
-1667
-1607
-1435
-1175
-900
-712
-619
-561
-494
-334
-95
169
403
540
642
774
958
1187
1380
1513
1600
1659
1760
1927
2116
2262
2299
2258
2217
2216
2291
2402
2444
2378
2237
2096
2030
2035
2044
1982
1801
1555
1328
1203
1201
1225
1172
993
699
409
236
192
236
227
114
-91
-339
-500
-595
-639
-654
-715
-780
-858
-927
-963
-1018
-1059
-1088
-1116
-1112
-1110
-1098
-1104
-1154
-1200
-1248
-1271
-1257
-1259
-1267
-1295
-1341
-1361
-1376
-1371
-1360
-1342
-1300
-1258
-1219
-1211
-1231
-1257
-1268
-1218
-1123
-1032
-997
-1047
-1124
-1161
-1117
-1022
-936
-881
-868
-854
-789
-663
-502
-342
-187
-42
92
226
388
590
797
986
1143
1273
1388
1513
1665
1834
1969
2060
2134
2217
2334
2442
2519
2558
2553
2553
2580
2614
2613
2550
2443
2321
2203
2104
1981
1806
1581
1316
1070
877
725
597
432
199
-59
-308
-493
-633
-755
-878
-1016
-1133
-1206
-1262
-1342
-1488
-1674
-1820
-1878
-1838
-1780
-1794
-1899
-2079
-2231
-2298
-2281
-2207
-2176
-2200
-2248
-2306
-2267
-2146
-1985
-1820
-1718
-1650
-1607
-1542
-1406
-1266
-1106
-952
-822
-675
-532
-350
-192
-121
-96
-104
-43
156
459
799
1022
1081
1004
888
875
1015
1305
1623
1841
1917
1872
1798
1767
1803
1895
1974
2007
1975
1901
1855
1865
1907
1927
1901
1816
1708
1609
1543
1515
1476
1409
1298
1164
1056
969
882
744
528
281
89
6
7
3
-114
-351
-633
-878
-985
-966
-894
-833
-889
-1043
-1213
-1322
-1302
-1258
-1265
-1340
-1462
-1541
-1584
-1584
-1564
-1573
-1592
-1654
-1723
-1782
-1870
-1940
-1990
-1944
-1768
-1542
-1334
-1276
-1362
-1476
-1546
-1469
-1284
-1049
-805
-672
-593
-570
-581
-519
-477
-404
-311
-187
52
281
522
739
862
968
1008
1058
1218
1427
1674
1855
1957
2041
2093
2187
2266
2302
2328
2298
2292
2314
2368
2479
2535
2531
2432
2268
2141
1996
1897
1813
1699
1608
1454
1262
1056
813
574
296
15
-212
-404
-545
-662
-799
-947
-1143
-1362
-1579
-1768
-1852
-1854
-1833
-1847
-1924
-2021
-2117
-2176
-2167
-2128
-2086
-2092
-2131
-2130
-2063
-1928
-1778
-1690
-1654
-1641
-1608
-1511
-1361
-1166
-995
-893
-835
-776
-666
-506
-362
-240
-158
-100
-38
14
84
149
237
347
434
498
504
492
479
503
594
726
868
958
978
945
913
969
1097
1277
1460
1563
1625
1600
1534
1506
1514
1634
1772
1874
1944
1910
1838
1733
1602
1529
1487
1505
1549
1529
1479
1358
1189
1016
836
718
632
566
549
477
362
183
-76
-305
-535
-700
-780
-887
-972
-1093
-1258
-1410
-1613
-1769
-1907
-2033
-2056
-2101
-2112
-2123
-2187
-2193
-2236
-2246
-2197
-2180
-2100
-2003
-1904
-1770
-1692
-1599
-1514
-1458
-1335
-1195
-1031
-822
-660
-483
-339
-266
-181
-124
-6
193
418
679
844
901
897
817
794
864
1024
1258
1413
1494
1470
1328
1204
1117
1138
1251
1361
1461
1433
1312
1179
1044
1001
1015
1047
1119
1161
1200
1215
1185
1166
1121
1097
1125
1162
1232
1302
1341
1343
1284
1189
1080
965
868
790
739
715
687
635
515
315
78
-156
-341
-458
-513
-560
-676
-874
-1132
-1416
-1659
-1804
-1870
-1897
-1937
-2028
-2162
-2324
-2456
-2524
-2536
-2490
-2430
-2402
-2399
-2402
-2354
-2259
-2131
-1988
-1885
-1800
-1714
-1591
-1386
-1149
-887
-626
-439
-294
-201
-96
44
185
410
672
884
1039
1105
1141
1187
1252
1410
1603
1778
1909
1934
1940
1935
1933
1995
2076
2183
2244
2222
2208
2165
2115
2084
2046
2026
1973
1917
1895
1829
1740
1613
1467
1343
1178
1053
980
887
756
564
384
247
80
-88
-236
-412
-599
-797
-934
-1020
-1144
-1291
-1451
-1625
-1777
-1875
-1893
-1898
-1961
-2042
-2130
-2208
-2234
-2197
-2110
-2051
-2036
-2000
-1937
-1846
-1746
-1637
-1514
-1416
-1324
-1212
-1073
-930
-827
-738
-651
-584
-503
-406
-306
-214
-168
-134
-93
-46
26
98
173
247
310
388
478
564
649
706
761
815
876
969
1081
1199
1300
1362
1409
1437
1455
1485
1516
1575
1641
1700
1762
1782
1783
1762
1711
1669
1629
1607
1607
1615
1631
1625
1570
1458
1293
1130
1004
928
889
835
731
565
354
142
-41
-192
-311
-447
-600
-738
-879
-998
-1134
-1289
-1440
-1604
-1720
-1783
-1826
-1852
-1914
-1980
-2027
-2045
-2016
-1993
-1971
-1947
-1933
-1886
-1818
-1736
-1649
-1574
-1500
-1438
-1366
-1286
-1210
-1111
-1026
-937
-839
-750
-639
-534
-434
-338
-270
-193
-102
11
146
258
346
413
462
523
623
728
820
881
921
987
1071
1183
1312
1417
1489
1527
1566
1652
1764
1882
1977
2004
2000
1991
1994
2033
2080
2104
2087
2034
1973
1910
1842
1778
1703
1607
1480
1334
1189
1032
869
698
524
353
158
-63
-278
-483
-666
-847
-1040
-1212
-1397
-1581
-1753
-1898
-2003
-2105
-2218
-2324
-2383
-2407
-2416
-2408
-2394
-2365
-2316
-2248
-2151
-2045
-1954
-1886
-1832
-1736
-1573
-1379
-1200
-1074
-1000
-950
-884
-759
-578
-376
-211
-117
-68
-23
59
192
347
497
608
652
671
715
809
943
1065
1150
1186
1184
1176
1199
1274
1375
1440
1433
1392
1380
1420
1477
1491
1457
1391
1337
1320
1352
1422
1446
1367
1205
1068
1045
1100
1162
1151
1055
902
753
713
770
834
810
684
512
381
352
370
363
290
133
-48
-197
-289
-337
-424
-578
-779
-987
-1132
-1218
-1287
-1369
-1493
-1644
-1794
-1912
-1969
-1965
-1926
-1897
-1902
-1931
-1934
-1884
-1799
-1680
-1546
-1431
-1339
-1270
-1196
-1102
-985
-851
-729
-632
-553
-475
-391
-306
-227
-166
-108
-35
71
196
302
369
375
366
401
484
620
748
817
823
780
763
800
885
1003
1073
1087
1060
1014
1025
1082
1155
1198
1168
1106
1062
1067
1126
1195
1211
1157
1075
1017
997
1024
1061
1058
1019
965
922
879
829
753
668
587
552
556
550
495
367
200
38
-72
-135
-163
-191
-254
-365
-510
-638
-741
-817
-880
-930
-995
-1081
-1153
-1198
-1223
-1251
-1293
-1354
-1416
-1462
-1449
-1373
-1267
-1186
-1156
-1178
-1216
-1214
-1149
-1030
-901
-805
-743
-690
-641
-581
-501
-427
-379
-333
-271
-171
-55
52
113
121
106
118
198
340
485
555
541
492
466
495
573
665
714
709
690
681
698
732
762
763
739
745
806
897
966
960
881
779
724
771
897
1009
1020
926
790
675
637
662
697
692
624
536
459
402
342
257
150
46
3
17
28
-6
-100
-244
-377
-454
-482
-484
-493
-540
-630
-717
-783
-832
-850
-885
-934
-967
-984
-985
-970
-959
-971
-983
-993
-983
-945
-912
-879
-836
-796
-731
-634
-546
-492
-486
-511
-500
-416
-267
-96
26
75
60
16
11
63
170
323
433
487
504
462
411
416
465
556
679
781
839
842
791
734
728
804
966
1139
1240
1229
1114
984
918
954
1057
1141
1135
1040
898
739
605
520
475
454
412
310
180
22
-135
-244
-360
-437
-508
-602
-669
-766
-879
-969
-1064
-1127
-1158
-1202
-1233
-1251
-1278
-1264
-1244
-1228
-1172
-1093
-1006
-923
-885
-845
-758
-651
-510
-370
-274
-183
-87
-3
79
137
159
201
247
318
404
451
484
497
472
438
407
393
415
426
415
392
335
280
235
187
155
133
118
121
118
89
51
15
4
19
49
86
137
176
199
213
204
228
292
373
461
493
505
534
569
629
665
676
688
706
751
767
751
726
693
661
606
545
502
477
462
403
284
143
22
-37
-57
-89
-150
-252
-364
-473
-587
-675
-726
-739
-742
-780
-863
-975
-1065
-1109
-1105
-1059
-1006
-972
-970
-1012
-1060
-1064
-977
-829
-700
-616
-578
-559
-530
-476
-401
-298
-178
-76
-16
-34
-94
-123
-104
-9
106
170
194
151
95
72
92
190
320
439
521
512
479
450
462
574
696
811
876
827
757
661
595
625
654
723
756
698
645
535
464
461
421
461
508
538
629
613
558
477
369
419
464
516
569
455
357
242
133
159
138
135
92
-91
-201
-303
-319
-238
-287
-370
-517
-674
-704
-749
-763
-770
-859
-907
-986
-1089
-1128
-1176
-1152
-1103
-1114
-1088
-1070
-1020
-926
-879
-825
-764
-682
-534
-394
-275
-168
-99
-28
52
146
258
335
388
393
364
354
390
478
559
571
505
384
299
318
420
540
605
563
446
342
296
373
531
667
745
710
612
547
518
600
743
854
939
910
819
732
616
589
621
662
738
717
600
415
168
-20
-119
-134
-62
-24
-78
-241
-508
-735
-849
-855
-776
-723
-753
-850
-998
-1090
-1099
-1092
-1066
-1055
-1047
-1004
-956
-900
-863
-857
-828
-757
-652
-518
-400
-326
-287
-258
-166
-29
98
204
237
251
284
323
403
469
494
493
446
436
462
490
529
516
490
471
449
446
453
477
498
504
487
448
417
387
365
347
330
325
310
309
291
246
175
50
-43
-90
-77
-12
38
58
12
-82
-149
-173
-121
-17
91
172
184
153
120
113
165
261
364
441
435
358
272
210
206
246
277
262
176
39
-99
-205
-256
-290
-354
-465
-587
-678
-741
-787
-830
-895
-955
-990
-991
-942
-883
-825
-777
-749
-692
-629
-547
-461
-389
-298
-215
-125
-41
24
99
158
207
248
272
311
360
409
460
481
487
480
471
469
472
464
457
433
400
385
352
339
342
334
317
273
222
198
187
202
221
208
189
158
128
114
108
99
88
72
75
101
113
115
92
60
57
80
117
157
164
140
104
66
68
76
82
94
76
53
30
-10
-25
-53
-86
-91
-112
-115
-119
-160
-198
-279
-368
-395
-401
-359
-330
-364
-429
-554
-627
-606
-565
-481
-427
-446
-490
-569
-597
-548
-454
-318
-229
-205
-220
-262
-247
-170
-53
99
210
248
231
171
137
150
212
313
376
383
341
256
193
172
192
261
319
352
348
291
258
253
287
372
434
476
478
426
391
376
399
471
517
532
510
423
339
277
243
261
262
246
205
122
45
-32
-87
-96
-95
-85
-73
-89
-111
-154
-186
-211
-219
-200
-183
-163
-175
-198
-235
-284
-289
-293
-283
-273
-307
-341
-405
-444
-415
-390
-344
-344
-409
-454
-500
-476
-388
-337
-272
-261
-307
-304
-329
-281
-197
-157
-61
-46
-45
-10
-33
20
69
94
171
204
248
291
278
291
275
250
290
304
328
336
261
211
150
109
156
146
167
147
49
15
-47
-23
50
80
136
119
70
42
26
96
191
259
297
275
247
265
289
323
354
326
334
334
332
359
294
246
204
170
218
221
213
170
53
-21
-83
-88
-35
-3
2
-50
-149
-249
-302
-322
-317
-324
-373
-414
-481
-536
-555
-575
-563
-569
-575
-573
-583
-587
-584
-587
-569
-498
-406
-281
-186
-151
-156
-219
-246
-216
-127
11
136
218
221
164
79
24
13
44
116
177
239
258
241
214
161
144
136
151
212
268
327
348
310
253
183
168
221
283
357
384
344
269
191
161
175
232
303
335
310
254
190
163
179
231
312
362
368
328
261
198
168
176
203
235
233
198
126
30
-47
-94
-95
-82
-77
-95
-160
-242
-311
-349
-349
-315
-271
-254
-280
-342
-413
-445
-418
-360
-289
-260
-297
-377
-475
-535
-536
-484
-415
-388
-418
-501
-580
-638
-644
-568
-468
-365
-307
-300
-309
-314
-283
-203
-78
62
183
258
293
310
333
384
453
526
580
622
647
653
652
627
600
579
535
489
439
398
400
402
382
308
203
119
66
44
46
73
104
99
18
-82
-126
-87
-9
52
97
121
103
40
-26
-29
39
108
125
90
36
-36
-114
-150
-137
-95
-74
-100
-153
-223
-281
-298
-278
-227
-192
-210
-254
-293
-311
-324
-313
-258
-195
-189
-255
-313
-313
-277
-247
-216
-142
-78
-79
-136
-172
-100
8
71
74
77
117
126
99
79
110
169
161
92
39
39
68
52
13
-9
-33
-61
-97
-102
-75
-56
-59
-78
-93
-98
-86
-36
38
112
149
154
160
186
228
273
339
439
520
548
516
467
469
492
530
582
622
640
592
497
407
348
356
392
419
409
334
242
161
106
84
67
57
17
-66
-168
-266
-313
-331
-346
-387
-455
-514
-574
-610
-634
-650
-645
-663
-683
-704
-717
-689
-642
-578
-534
-509
-485
-489
-471
-429
-360
-273
-194
-124
-99
-109
-157
-212
-205
-150
-54
31
56
34
-46
-148
-209
-215
-156
-71
-6
30
25
9
-7
-1
47
121
204
278
344
415
457
469
464
452
483
533
594
646
650
631
574
533
536
554
601
613
589
560
498
462
450
459
508
512
480
412
343
340
348
359
323
246
168
96
91
99
81
12
-122
-239
-307
-310
-288
-304
-368
-472
-570
-632
-661
-671
-696
-755
-832
-868
-833
-759
-708
-735
-805
-882
-912
-845
-725
-598
-519
-516
-528
-518
-443
-295
-176
-98
-98
-117
-62
21
155
273
312
327
289
289
340
397
488
494
476
469
484
583
624
614
533
435
397
390
478
572
630
602
466
349
274
297
371
410
424
359
276
187
104
104
106
134
137
96
79
35
8
-36
-75
-87
-112
-103
-122
-141
-139
-166
-162
-205
-259
-293
-348
-347
-322
-266
-208
-221
-255
-337
-394
-386
-370
-321
-291
-273
-255
-284
-310
-340
-361
-348
-329
-289
-259
-245
-253
-279
-299
-291
-220
-146
-92
-82
-110
-121
-128
-74
27
124
210
216
177
123
95
153
236
307
328
301
274
259
274
308
328
328
300
269
254
271
338
379
403
374
308
248
182
193
239
313
388
374
319
203
111
101
139
246
316
329
291
183
98
30
13
48
56
77
44
-23
-90
-184
-240
-289
-300
-290
-308
-334
-388
-443
-487
-518
-519
-511
-497
-488
-480
-469
-473
-464
-453
-431
-373
-323
-260
-217
-201
-178
-181
-155
-95
-20
62
88
74
32
1
28
90
180
230
214
161
110
119
161
216
241
248
265
286
321
320
296
262
252
300
342
370
335
244
170
100
122
154
146
147
79
60
36
6
19
-18
6
15
19
55
16
13
-20
-48
-13
-16
13
-9
-53
-56
-71
-21
-2
-25
-58
-129
-130
-118
-59
5
-17
-42
-104
-114
-66
-28
3
-42
-92
-122
-133
-93
-71
-62
-99
-165
-195
-223
-204
-186
-192
-193
-230
-235
-239
-243
-223
-218
-179
-141
-120
-99
-120
-125
-122
-90
-15
53
107
119
104
87
75
103
163
231
288
318
300
257
233
235
273
320
347
327
264
205
175
201
242
252
213
133
65
38
48
71
74
32
-32
-87
-109
-103
-87
-85
-110
-137
-156
-137
-109
-92
-102
-141
-159
-153
-110
-48
-14
-29
-80
-118
-127
-93
-40
-5
3
-33
-61
-66
-53
-28
-8
12
16
9
6
-2
-5
-10
-21
-36
-39
-33
-16
3
-8
-40
-94
-139
-133
-87
-26
11
-9
-51
-78
-78
-49
-15
19
34
31
35
51
59
59
50
35
35
44
74
112
124
106
64
23
15
41
76
97
98
66
33
29
50
79
86
65
31
20
24
40
58
53
36
-1
-25
-32
-23
-4
9
7
-21
-49
-66
-76
-73
-48
-36
-29
-44
-72
-71
-70
-60
-43
-25
-8
-7
-15
-28
-28
-7
11
8
-12
-25
-20
-10
-6
-3
-2
0
1
-12
-23
-14
5
15
10
7
9
9
4
-11
-19
-21
-12
-5
0
4
4
4
-4
-11
-8
4
16
14
6
4
10
13
10
8
14
18
13
10
5
13
29
27
19
15
24
25
9
-3
-13
-13
-19
-27
-15
-2
10
6
-15
-28
-28
-25
-20
-11
-8
-4
2
9
11
11
19
12
9
9
14
33
36
35
18
1
1
5
14
26
33
30
23
11
1
-4
-3
2
-3
-3
0
-1
-4
-7
-12
-16
-25
-34
-37
-25
-2
4
-4
-22
-28
-21
-18
-11
-12
-7
-10
-13
-13
-15
-7
-6
1
7
0
-1
3
12
5
-5
-8
-10
-5
5
7
9
7
1
-3
-8
-8
-5
2
0
-6
-3
-3
-2
-3
-2
-6
-16
-13
-10
0
5
6
6
-3
-1
3
1
-3
-11
-1
10
11
13
1
2
4
-5
11
21
27
40
35
36
20
6
15
20
35
34
30
19
-5
-3
-4
-4
10
4
13
19
19
31
24
22
15
2
10
8
13
18
5
1
-21
-30
-28
-41
-32
-27
-21
-23
-37
-29
-28
-32
-36
-49
-38
-41
-38
-32
-50
-39
-32
-26
-10
-22
-30
-40
-48
-39
-24
-9
4
2
-4
-7
-14
-11
-6
9
22
20
21
6
-6
-3
-1
17
31
35
36
13
8
9
17
39
35
33
28
25
29
30
43
46
33
28
23
35
54
62
70
58
42
36
42
60
70
64
37
15
11
28
46
49
35
3
-5
-6
9
27
31
20
-19
-35
-35
-29
-18
-21
-33
-60
-81
-84
-80
-72
-84
-109
-136
-167
-155
-141
-124
-107
-124
-138
-168
-187
-151
-124
-93
-74
-93
-86
-88
-73
-33
-18
0
-8
-18
7
27
57
69
65
78
72
81
100
100
116
112
114
136
134
146
148
156
174
157
160
168
175
194
180
181
193
186
208
203
194
181
133
128
121
121
117
65
52
35
16
14
-16
-14
-27
-63
-86
-128
-121
-122
-149
-156
-193
-179
-183
-215
-187
-184
-158
-159
-195
-158
-151
-154
-139
-151
-113
-103
-134
-118
-129
-119
-100
-121
-89
-81
-90
-74
-100
-87
-56
-50
-30
-55
-61
-45
-46
1
12
-2
-12
-36
-9
10
42
76
55
45
44
75
135
142
130
120
123
165
171
174
186
177
187
173
181
200
180
162
132
136
141
99
68
60
80
86
57
30
11
7
17
36
54
33
-2
-37
-33
11
26
2
-48
-67
-63
-58
-57
-62
-83
-125
-154
-151
-120
-96
-96
-124
-143
-145
-129
-86
-59
-56
-78
-97
-89
-79
-64
-39
-26
-31
-34
-35
-20
-4
12
9
-4
-1
-8
9
26
27
24
-5
-4
16
21
36
18
4
7
1
30
47
57
63
30
30
51
72
97
79
60
36
19
44
64
87
87
45
16
-9
-5
17
29
59
47
16
-4
-28
-9
13
19
33
12
-23
-44
-73
-60
-42
-38
-29
-52
-59
-44
-45
-24
-23
-21
6
-11
-21
-27
-37
-18
-37
-45
-26
-32
-16
-19
-31
-19
-47
-40
-17
-10
14
-15
-24
-25
-42
-8
14
34
41
8
-13
-29
-12
32
48
54
33
-9
-28
-15
29
63
60
33
5
-3
3
13
39
60
49
23
-2
1
18
18
14
16
18
16
2
-4
-2
-3
3
3
29
52
25
10
-4
6
24
6
27
36
40
34
-3
2
-1
1
14
21
37
29
0
-27
-35
-14
5
9
7
-4
-21
-49
-41
-7
10
-9
-46
-53
-58
-47
-36
-34
-27
-51
-77
-90
-95
-75
-69
-91
-103
-105
-88
-68
-62
-36
-40
-66
-78
-82
-51
-17
-2
15
10
-4
-3
6
41
70
86
94
87
72
49
50
73
102
117
112
103
87
76
70
78
98
107
99
72
48
33
20
23
29
47
58
35
6
-27
-27
-17
-11
5
4
-5
-35
-71
-63
-43
-3
25
13
-1
-29
-46
-40
-26
14
34
22
16
-3
-19
-34
-35
-5
2
2
7
-7
-3
-18
-35
-30
-25
9
12
-12
-23
-37
-30
-33
-38
-25
-26
-29
-61
-76
-52
-49
-41
-59
-62
-50
-68
-56
-37
-11
9
-21
-37
-34
-19
0
-4
0
10
2
-10
-18
8
30
34
37
30
45
43
28
39
46
65
65
54
61
58
