-11
-12
-19
-14
-32
-31
-26
-29
0
5
15
19
7
36
13
40
47
43
84
50
62
40
20
18
-12
10
-25
-26
-23
-71
-57
-83
-85
-66
-75
-42
-58
-34
-37
-58
-10
-31
5
-7
4
27
-3
44
8
31
47
37
50
26
57
24
42
49
17
23
8
-2
-21
6
-20
-26
2
-39
-21
-19
-24
-26
-8
4
-17
27
13
7
36
24
31
44
53
46
56
76
48
53
53
18
22
2
-9
-4
-14
-24
-46
-56
-75
-84
-75
-79
-63
-52
-43
-26
-36
-40
-33
-33
-18
2
24
40
39
47
32
25
29
25
35
44
56
42
29
15
-11
-14
-13
-7
4
13
9
-2
-12
-30
-35
-30
-36
-21
-7
-23
-13
-23
-21
-15
-6
7
-3
21
-10
-8
16
-12
4
11
20
24
29
36
8
18
7
-12
11
14
8
4
-9
-27
-33
-20
-24
-16
19
-1
0
4
-7
0
8
34
26
57
55
26
44
22
25
33
50
72
68
77
30
16
23
4
13
36
44
30
39
16
-3
4
-3
20
28
36
27
-7
-15
-37
-45
-42
-45
-28
-37
-61
-78
-130
-139
-135
-149
-122
-122
-111
-120
-130
-91
-132
-101
-88
-111
-67
-81
-53
-65
-54
-38
-77
-30
-40
-21
9
-1
50
24
56
59
35
85
59
77
67
104
123
80
133
78
75
105
81
91
77
96
62
73
88
29
75
95
72
85
79
85
93
114
84
43
85
69
64
82
28
33
44
53
20
-22
-18
-75
-41
-70
-84
-15
-35
-27
-98
-130
-115
-96
-44
-89
-75
-86
-96
-68
-116
-97
-91
-87
-77
-85
-55
-43
-19
-38
-105
-106
-86
-49
13
13
-1
6
-17
-30
-23
-8
8
10
12
-11
-4
31
-6
-14
-26
-48
-14
27
42
11
36
5
-33
16
18
55
80
64
41
67
114
85
105
100
71
94
110
108
101
149
124
100
108
56
69
56
43
35
45
71
-2
-16
-16
-45
-47
-69
-65
-45
-29
-72
-125
-91
-81
-88
-88
-62
-44
-60
-81
-100
-52
-14
-35
-73
-56
-21
-8
22
12
19
-1
-39
-56
-58
1
2
-3
-14
-72
-99
-125
-91
-70
-86
-86
-87
-49
-51
-78
-78
-29
-16
-40
-22
8
86
116
137
150
138
160
124
118
150
186
212
213
208
169
160
156
111
62
51
55
44
40
10
-8
2
-52
-126
-111
-68
-35
-13
-50
-54
-67
-82
-97
-90
3
-3
-6
-8
-42
-16
-32
-39
-43
-41
-60
-50
-13
-51
-55
-105
-122
-115
-142
-129
-84
-11
-45
-67
-36
-7
-4
-115
-134
-57
14
56
60
65
28
-3
-45
-28
45
77
67
57
40
7
64
93
75
94
62
71
83
90
100
80
84
43
114
126
128
178
57
37
28
25
44
74
115
-29
6
-18
-120
-6
-55
-87
-36
-30
-86
-143
-83
-131
-150
-114
-184
-125
1
21
-56
-98
-55
-40
-50
-151
-140
-30
10
36
-15
-7
11
32
18
-13
31
-25
53
35
-30
17
31
132
35
40
18
-12
82
-15
72
70
79
76
-47
67
24
72
140
84
135
81
191
168
40
85
38
91
19
-35
60
93
121
-15
-35
-28
-89
-58
-88
-41
-60
-145
-31
-21
-53
-41
-125
-68
-63
-63
-41
-56
19
-95
-66
-41
-90
-14
-46
-3
-64
-33
-9
-74
-2
-147
-176
-76
-60
31
-15
-59
-42
-96
-132
-150
-94
-34
40
35
10
67
-9
-65
-78
-14
106
161
130
59
43
32
56
1
109
121
57
156
82
142
113
31
2
27
166
112
163
158
38
-39
-92
-4
98
162
55
-39
0
-8
-51
-70
-76
-22
49
28
6
-89
-91
-88
-103
-56
-51
73
4
-10
-45
-172
-37
-6
58
56
22
7
-43
38
-32
-27
11
46
88
20
-6
-96
-87
-30
-3
-11
4
44
-30
-27
-59
-77
-35
23
73
54
41
-44
-21
51
3
-71
-20
125
121
73
-78
-86
46
14
20
-13
-26
15
-8
-31
-58
-82
-123
-58
-4
-3
-68
-126
-17
-93
-97
-92
-81
101
18
-43
-115
-95
48
38
51
-43
33
53
66
74
11
60
-50
111
85
119
214
-10
44
-8
88
82
4
90
19
102
-14
-36
77
-19
-3
-67
-122
-52
-49
24
12
-43
-7
-85
113
37
-209
5
7
77
106
113
71
-26
92
-178
-76
131
-46
103
73
10
-39
-45
28
-126
-28
-38
-150
57
151
70
-61
-94
-27
-32
-66
-87
31
86
69
39
-44
74
-31
-193
-18
60
2
-11
55
-3
-1
20
-57
26
-25
-66
-105
-85
114
39
98
65
-79
-58
-144
-43
-84
-55
99
49
1
18
80
-40
-83
-115
-53
115
146
53
-15
60
-105
-80
88
107
36
-30
37
-49
-18
10
73
162
12
-95
-54
118
46
-86
-125
-93
47
150
143
-9
-7
-77
-62
26
-24
59
34
23
-76
-153
17
38
62
6
-84
-12
-27
26
15
-79
-33
-71
53
45
-28
48
45
216
18
-55
-33
-95
51
-147
-150
-26
181
215
-38
-30
-258
-224
-4
-142
-23
24
-45
-145
-137
-37
-131
667
831
17
113
179
72
-222
-297
-157
125
816
417
101
213
-131
-565
-686
-437
-439
6
24
-406
-254
-553
-570
-1
451
585
271
376
420
138
152
-150
-294
-80
-7
167
304
375
326
186
-134
-458
-549
-838
-823
-398
-96
29
163
339
424
456
294
-28
24
273
279
375
268
-7
-156
-61
177
21
-149
-76
234
404
269
149
-57
-186
-186
-49
-69
-177
-193
-85
90
20
58
42
125
92
-129
-13
55
289
257
154
81
-326
-303
-201
95
207
141
317
122
246
194
-207
-304
-373
-287
-295
-232
-80
-41
-97
-288
-297
-268
-252
-237
-263
-410
-566
-622
-723
-570
-292
-166
-24
229
277
120
25
-70
-14
134
222
288
314
371
428
420
438
402
411
478
377
262
205
95
-19
-80
-114
-82
-42
21
130
184
237
150
3
-27
-85
-112
-76
-63
17
111
131
185
199
219
231
185
189
144
96
57
88
69
-40
-136
-268
-229
-165
-99
-45
-83
-78
-189
-291
-376
-476
-435
-261
-149
-146
-120
-209
-189
-128
-205
-247
-280
-201
-134
-5
147
130
193
151
5
-62
-52
69
150
199
197
180
127
60
59
43
66
22
-31
-28
-19
-64
-150
-137
-91
-19
32
47
11
54
105
23
46
59
55
103
134
124
179
341
465
532
443
392
384
351
336
192
114
116
80
10
-52
-50
-24
-24
-54
-48
-85
-133
-218
-390
-455
-434
-442
-406
-310
-271
-246
-234
-240
-237
-231
-223
-221
-195
-147
-94
-88
-28
27
24
51
25
39
73
93
64
57
93
101
129
94
86
91
120
168
161
129
31
-7
-32
-52
-79
-17
203
285
242
165
189
226
147
43
-10
111
146
76
129
403
727
894
980
1014
1086
1009
812
608
490
443
202
-9
-169
-209
-236
-494
-743
-983
-1128
-1317
-1592
-1887
-2201
-2410
-2696
-2805
-2637
-2358
-1989
-1684
-1386
-975
-456
43
544
1007
1393
1679
1808
1953
2065
2201
2276
2276
2310
2178
2073
1821
1486
1098
606
261
-102
-353
-602
-697
-594
-477
-149
184
608
891
998
1081
1136
1277
1164
1019
852
629
339
-125
-378
-552
-566
-604
-664
-501
-430
-425
-580
-770
-963
-1250
-1480
-1739
-1902
-1871
-1773
-1386
-1034
-893
-810
-809
-501
-445
-338
-390
-609
-637
-1132
-1069
-794
26
725
1408
3169
4972
6681
6226
4760
3184
1527
-281
-3044
-4435
-4999
-4630
-4757
-4884
-3099
-915
797
-73
-1326
-2001
-2191
-2734
-4965
-6558
-7502
-6797
-5340
-2944
474
3709
6976
8876
10303
10831
10732
9735
7395
4603
1563
-131
-1087
-1386
-1354
-827
396
1233
1874
1978
2158
1709
245
-1525
-2934
-3233
-3367
-3305
-2985
-2093
-672
558
1786
2639
3065
2612
1349
-20
-1326
-2124
-2869
-3463
-3782
-3726
-3168
-2688
-2012
-1400
-765
-319
-239
143
777
1585
1848
1786
1872
2093
2239
1707
977
164
-729
-1872
-2975
-3276
-2871
-2180
-1857
-1532
-706
380
1037
996
825
791
614
-89
-967
-1311
-935
-501
-389
-283
347
1251
1652
1302
499
-141
-720
-1227
-1497
-1004
398
2469
5216
7788
9178
8247
5914
3480
1103
-1615
-4907
-6967
-7261
-6267
-5293
-4061
-1428
1119
1985
377
-1583
-2837
-3908
-5727
-8582
-10274
-10161
-7771
-3958
685
5441
9151
12041
13228
13041
11368
8650
5090
727
-2974
-5296
-5224
-3847
-2195
-480
1327
3163
3859
3795
3111
1892
5
-2237
-3551
-3468
-2189
-893
217
1487
2958
4329
4963
4628
3185
1033
-1364
-3454
-4764
-5231
-5072
-4706
-4212
-3493
-2377
-1275
-796
-1031
-1588
-1878
-1762
-1001
338
1871
2996
3349
3430
3475
3292
2227
341
-1686
-3412
-4546
-5038
-4465
-3054
-1357
-17
936
2035
3127
3747
3130
1663
89
-978
-1417
-1480
-925
42
1244
1962
2016
1672
1102
136
-1650
-3620
-4944
-5046
-4470
-3790
-2820
-1161
1051
3421
6417
10314
13734
13967
10406
5100
646
-2922
-6679
-9813
-10567
-8311
-5176
-2079
1265
4639
5903
3191
-1303
-4809
-6056
-7170
-9490
-11848
-12447
-9734
-4723
1659
7581
11823
13861
13522
12001
9375
6107
1823
-2864
-6231
-7125
-5082
-1907
1168
3382
4629
4915
4029
2718
1006
-1187
-3849
-5815
-5494
-3050
301
2985
4719
5661
5731
5073
3574
1580
-989
-3802
-5949
-6806
-5967
-4318
-2711
-1740
-1402
-1082
-885
-958
-1698
-2659
-2993
-2456
-959
1161
3783
6130
7251
6885
5518
3840
1770
-837
-3638
-5630
-6208
-5458
-4020
-2311
-432
1311
2649
3183
3180
2697
1809
672
-220
-148
611
1639
2308
2783
2978
2525
1299
-606
-2351
-3948
-5157
-5997
-6012
-4936
-3530
-2087
-1277
-571
-289
-828
-1753
-1622
2142
8347
13302
13311
9444
5792
3207
-155
-5787
-10488
-11561
-9951
-7747
-4608
1257
6888
7605
2686
-2389
-3195
-1853
-2995
-7978
-13056
-14772
-11966
-5772
1937
8779
12676
13844
13616
13264
11703
7619
1095
-5534
-9172
-9081
-6087
-2421
847
2989
3554
3286
2910
2950
1839
-1155
-4409
-5176
-2199
2339
6189
8166
8681
8159
6762
5153
3137
481
-3197
-6774
-8364
-7343
-4510
-2263
-1579
-2087
-2478
-1999
-1516
-1577
-2444
-3143
-2996
-1827
516
3433
6078
6949
5653
3205
984
-550
-2345
-4862
-7131
-7646
-6031
-3384
-944
1025
2419
3142
2976
2339
1901
1404
534
-824
-1285
-338
1370
2878
3285
3231
2714
2035
742
-1058
-2632
-4269
-5320
-5686
-4993
-3915
-3360
-3387
-3790
-3526
-2625
-300
4883
12486
18507
18615
13252
6313
477
-5296
-11856
-16740
-16622
-12235
-6678
-560
6806
13334
14264
8528
656
-3928
-5030
-6862
-11511
-16518
-17775
-13647
-5304
4122
11377
14731
14634
12873
10886
8700
4926
-466
-5635
-8099
-6995
-3643
43
2403
3024
1819
-302
-1699
-1914
-2024
-3248
-4355
-2996
1666
7730
12103
13286
11464
7861
3692
100
-2534
-4952
-7338
-9153
-8965
-6320
-2438
769
1654
968
-67
-405
-241
-622
-1443
-2365
-2246
-1029
1057
3653
5453
5608
3635
621
-1858
-3087
-3508
-4059
-4545
-3858
-1816
640
2273
2853
2968
2493
1519
-18
-1349
-2171
-2547
-2334
-1812
-387
1367
3192
4190
4099
3604
2683
1501
-924
-3673
-5764
-6787
-7035
-7264
-6862
-6150
-5279
-4235
-1287
5458
14977
22866
24263
18720
9600
599
-8056
-16528
-22985
-24331
-19606
-11320
-1111
9290
17534
19476
13584
4411
-2624
-5440
-7581
-11755
-16492
-18283
-14612
-6695
2824
10649
14350
14010
11755
9935
8594
6053
2048
-1639
-2895
-1431
931
2721
2949
1269
-1823
-5217
-6910
-6545
-5338
-4345
-3387
-538
4370
9572
12831
12789
10283
5991
1382
-2159
-4145
-4668
-5276
-5916
-5855
-4592
-2414
-1192
-1390
-2225
-2341
-807
1453
3304
3925
2905
1257
-81
-384
178
420
-1
-1193
-2399
-2919
-2517
-1474
-722
-274
215
1391
2737
3196
2460
913
-405
-1234
-1511
-1784
-2202
-2939
-3412
-2683
-884
1857
3519
4138
4125
4173
4851
4037
1904
-1967
-6288
-9524
-11580
-10986
-8913
-6393
-4668
-4074
-1057
6547
18006
27320
27484
19212
7215
-2847
-10859
-18512
-23237
-23480
-17906
-9590
563
12268
20663
21180
11224
-1479
-8932
-9164
-6516
-7393
-10926
-14002
-11936
-4388
4943
11465
11787
8100
4398
4074
6189
7670
6205
2517
-392
-790
1195
2468
1029
-3336
-8390
-10598
-8701
-3605
1085
2869
2401
2043
3982
7400
9974
9707
5935
724
-3129
-3563
-1389
219
-548
-3138
-4920
-4692
-3174
-1989
-2051
-2601
-2359
128
4218
8124
9129
6293
1463
-2993
-4812
-4299
-2384
-713
-628
-1516
-2303
-1851
-832
-809
-1490
-1467
351
3522
5794
6486
4749
1314
-1880
-4432
-5308
-6713
-7973
-8071
-6336
-1282
3398
7651
9530
9092
7653
4156
1530
-2034
-5649
-9214
-12404
-12417
-10693
-7643
-5437
-503
9323
20629
27288
23582
13900
2235
-8004
-17317
-24307
-23690
-17183
-7422
1523
10164
17752
19054
11522
-2490
-12957
-14650
-9674
-4711
-3565
-4275
-4753
-2282
1583
4606
4874
2173
244
1415
6230
11138
12912
11928
9504
7414
5316
2603
-1218
-6437
-11467
-14001
-11741
-5446
1177
5050
6185
6878
8018
8784
7835
5202
1835
-1645
-4140
-4544
-2448
-188
-769
-4039
-7381
-7975
-6236
-4567
-3981
-3484
-976
3304
7718
10493
9896
6509
1697
-2524
-4961
-5651
-4622
-3042
-1409
-521
-596
-1152
-2469
-4457
-6654
-7077
-4425
397
5450
8722
9847
9594
8082
5370
1582
-2800
-6588
-9640
-10952
-9678
-6036
-755
3841
7328
9670
10478
9371
5558
595
-4656
-9023
-11685
-12367
-10946
-9242
-5040
3877
16864
27442
27160
17167
2693
-9536
-18223
-24060
-23526
-17184
-7168
1962
9602
17159
19835
13512
-1425
-15009
-18444
-12701
-4594
-935
-1219
-3293
-3990
-1837
1494
3683
1991
-513
329
5725
12552
15677
14817
11523
7654
4034
527
-2493
-5749
-9423
-12014
-11199
-6274
221
5075
7158
7772
8246
9001
9832
9719
7895
3838
-1065
-4296
-5630
-6350
-8336
-11176
-12529
-11798
-9241
-6160
-3038
358
3117
5403
7051
7818
7254
4449
805
-2284
-3900
-4017
-3358
-1550
295
1218
925
-242
-1153
-2628
-4599
-6042
-5540
-2862
-145
2143
4082
6584
8539
8202
6231
2748
-509
-4226
-7625
-8805
-8159
-4219
601
5271
8310
7596
5178
1204
-1719
-3654
-5849
-7892
-8734
-2875
9755
23643
28998
21570
7290
-7633
-17942
-24202
-24642
-18375
-9877
-1291
5630
13814
20079
16656
3088
-13794
-21578
-17244
-6292
3658
6829
3367
-3913
-9060
-9189
-6245
-4066
-3562
-879
5440
13333
18177
17708
13081
6083
-28
-3054
-2236
381
1151
-592
-3582
-5520
-6078
-6735
-7458
-7764
-5615
10
8771
18574
24760
24544
17757
8493
512
-5308
-9663
-13998
-17086
-18212
-16507
-12306
-7451
-3344
-1658
-829
956
4559
9021
11743
12090
9688
5327
231
-4324
-6704
-7215
-6691
-5506
-3384
33
3064
3923
2415
-245
-2269
-3488
-3281
-955
2652
6511
8651
8976
7693
3691
-1442
-5906
-7476
-5252
-2122
1467
3918
4143
3255
127
-2444
-4728
-6940
-7998
-8414
-2554
9898
24752
31892
23769
7333
-8870
-18401
-23948
-25742
-20213
-9829
1119
6901
11064
13744
9115
-4214
-20029
-23954
-14054
1757
13425
14925
8110
-4279
-14460
-17828
-15782
-12792
-10820
-4598
7112
19750
25433
21628
12821
3406
-2243
-3270
198
5033
6677
5243
2616
1323
-602
-5897
-12780
-17154
-14817
-6287
5274
15805
21411
20525
14992
9274
6113
4907
3044
304
-1644
-2395
-3133
-6355
-12365
-19080
-24018
-23395
-15813
-3368
9613
17242
18799
16231
11500
6339
372
-4166
-5549
-4396
-2180
-687
-198
-1436
-4940
-9160
-10669
-7671
-2234
2814
6215
7929
8562
6726
3601
1249
-1165
-1994
-2978
-1991
2255
5201
7151
4205
-966
-4974
-8332
-7230
-6844
-5727
-521
9494
22531
25382
16573
1617
-11684
-19680
-25141
-22474
-11693
1602
9089
9953
11399
10212
1684
-14390
-26158
-23086
-9681
6007
14186
12855
3233
-9735
-15757
-13155
-5861
-687
2033
7118
13294
16156
11548
1883
-6960
-10844
-7867
609
10730
17011
16946
12275
6904
2538
-1804
-6219
-9412
-9418
-6088
-771
4354
6838
4906
-489
-4816
-4760
-83
5500
9017
10575
10511
10009
7885
3583
-2905
-10628
-15407
-15276
-10036
-3831
-1103
-1729
-4291
-5405
-4392
-1676
2722
7218
10926
12016
10388
7195
2499
-2977
-8800
-12044
-10573
-6471
-2379
-1804
-3661
-5680
-6768
-4959
-1670
2648
6356
8799
10335
9175
5509
-46
-4398
-6293
-6079
-4084
-1607
2742
8572
16569
23040
20920
9173
-7201
-17141
-18341
-15104
-8850
-647
7596
9596
4756
-1073
-5548
-10414
-17395
-19813
-11104
4405
15785
16110
7056
-6993
-19226
-23083
-16594
-3847
7159
12962
14649
14109
10169
1295
-8073
-12659
-9904
-1712
7682
14589
15367
9604
446
-6642
-7915
-4205
1346
6276
9930
11247
9622
5764
1188
-3378
-7233
-7885
-4603
1203
5539
4860
59
-5187
-7239
-5925
-2311
1594
3972
5031
5177
5043
2856
-1512
-6181
-9308
-8419
-5116
-1333
1433
2392
2524
1310
163
584
1607
1978
600
-679
306
2134
2744
446
-3492
-6104
-7486
-7345
-5183
-2628
-752
194
932
2581
4199
4926
4271
2446
862
-278
1557
7372
15240
20149
14376
975
-10874
-15986
-15915
-13929
-8322
506
8230
8628
3566
-332
-4113
-9988
-15473
-12672
-1241
10450
15051
9640
-1504
-14124
-21853
-18949
-7877
4380
11373
13384
12817
8824
448
-9255
-13270
-8144
2879
13467
18455
15955
7707
-2059
-8560
-8604
-3622
1814
4965
6168
6315
4628
972
-3681
-6701
-5622
-1592
3858
8636
10224
7274
1205
-3651
-4739
-3053
-910
-55
-388
-1191
-2999
-4878
-6463
-7983
-8153
-6585
-2137
3549
6160
3216
-2436
-5089
-2907
1720
4540
5104
4354
2748
228
-2768
-3492
-3872
-4974
-5105
-3731
322
3726
3867
2671
872
-856
-2173
-2851
-1379
104
0
-1048
-833
1302
3548
8285
17191
25713
23545
9015
-6857
-13478
-10961
-8920
-6557
-285
4847
3683
-5275
-11214
-11310
-12775
-16116
-15675
-4105
10897
16963
11288
-1387
-13575
-20662
-17381
-3745
12110
19655
15995
8525
3063
-400
-4757
-7173
-3955
3101
9375
10710
7882
1578
-6425
-11104
-8704
1052
10980
14948
12240
5436
-1891
-8691
-11377
-8534
-1781
5413
9402
9971
7081
1381
-5473
-10428
-10444
-5655
864
6357
8635
6928
2450
-3048
-6033
-5792
-3635
-1402
-1000
-1540
-3009
-5063
-5856
-3944
-162
2506
2138
38
-1283
-1648
-2311
-3338
-2913
-213
2346
3005
3024
2334
643
-2982
-6234
-4067
1623
6794
6373
1670
-1277
-2141
-1754
-1357
2224
10280
19347
23472
16197
2527
-10117
-15759
-12567
-4829
4652
11279
12826
5880
-6841
-14633
-16582
-15397
-14497
-12247
-4936
3228
5923
-1820
-13971
-21190
-18966
-7066
7776
17620
18610
12989
6063
1781
1404
3016
5390
9012
11063
9228
2514
-5629
-10674
-10375
-4615
2610
9432
12041
9329
3119
-3990
-7536
-6255
-624
5375
8437
7956
5311
2355
-20
-1009
-616
1361
2576
2034
-453
-4479
-7966
-10151
-8044
-2570
2816
4979
1354
-4391
-8128
-8026
-4781
-917
2820
6068
7715
7162
4379
47
-4043
-6309
-6173
-3334
-221
-67
-3220
-8405
-12001
-10938
-5697
1033
5403
5095
1716
-3070
-5446
-3953
209
5366
6736
8499
13552
20258
20967
8385
-7414
-14832
-8512
1993
7319
9673
9042
6127
-2484
-11917
-14015
-10487
-5679
-5856
-6726
-3708
389
-923
-11556
-21644
-22664
-12364
2453
12481
15260
9483
1655
-1960
679
7111
10744
12579
13955
14953
13892
7667
-673
-6456
-5938
-215
5307
6918
3817
-1741
-7151
-9534
-7366
-2444
1454
2007
876
-798
-2200
-2647
-1731
1918
6299
8490
7035
3397
2
-3279
-4360
-2485
1681
5728
5363
1171
-4647
-9318
-11906
-12745
-10855
-7334
-3064
538
2583
2739
531
-952
367
4098
7273
6550
3254
-479
-2568
-3561
-4128
-3136
-2720
-3894
-6647
-9687
-10882
-9841
-6626
-2994
826
5702
12371
21168
26498
20114
3373
-9519
-7260
4872
13310
12443
6981
1890
-3734
-10729
-13747
-9600
-3928
-3973
-8568
-9321
-3617
989
-4422
-17795
-26363
-21869
-7602
6431
13062
10676
3681
-488
168
3666
6677
8429
10377
13681
17440
16892
10696
3330
481
3017
6546
6973
3965
-554
-5181
-7691
-6077
-1588
1052
-921
-4762
-7126
-7043
-5876
-4912
-2763
376
2353
2204
1087
704
725
1065
2434
5328
8216
8632
5833
808
-3515
-5417
-4594
-2141
-679
-937
-2290
-3625
-5054
-7321
-8379
-5643
132
4569
4685
2607
739
-1054
-3299
-5104
-4198
-676
2288
1674
-1579
-4761
-8186
-10759
-8260
1600
16911
27057
20730
2156
-12109
-10673
187
7533
7643
4941
3407
-824
-8543
-11884
-7751
-1834
-1031
-3738
-4006
-1605
-1932
-9213
-20077
-25845
-20172
-6581
5316
8318
1922
-6230
-9041
-4463
4570
12698
18089
19893
19221
17424
13054
7998
4845
5617
9771
12193
10278
4323
-1935
-4588
-4593
-3292
-1169
722
1493
101
-3267
-6119
-7172
-6145
-3921
-1669
1032
2779
2131
-645
-3926
-5478
-4822
-2545
685
3554
4964
4872
3476
2411
1819
390
-1647
-2649
-13
4688
7248
4657
-1494
-5688
-6891
-6065
-4353
-3550
-3541
-4501
-6214
-6387
-4847
-4370
-5240
-5486
-4092
-2289
-864
3034
11377
17255
10136
-4591
-10501
-2146
9685
11742
7388
5782
4650
-1679
-8551
-6007
2921
5975
-1833
-11553
-12520
-6785
-3090
-7689
-18032
-25150
-22237
-10887
-1195
-389
-6322
-10966
-8795
-567
9171
15779
18135
17195
15762
15803
16170
15954
15509
16052
16982
15998
11950
5492
145
-1653
-1137
-220
-1680
-5557
-9196
-11449
-12053
-12203
-11137
-7822
-3897
-892
-665
-2662
-4751
-6086
-4950
-186
6450
11446
12040
8204
3134
570
1373
4603
7712
7532
4013
-303
-1673
160
699
-2271
-5777
-5546
-2158
874
1416
-83
-1778
-4053
-6527
-6759
-4758
-3545
-5202
-9128
-11277
-7624
1848
13712
17651
7372
-8225
-14249
-4826
7526
10354
7114
4930
3585
-1483
-5579
-1796
4117
2952
-5672
-11294
-7701
-775
795
-7096
-19773
-28618
-25982
-13880
-3357
-1237
-5973
-8705
-5944
-1489
1933
3715
6941
11620
15927
19266
20070
19537
18545
18075
19283
19995
18219
13359
7432
3119
1249
1580
1701
-119
-3609
-7632
-11138
-13145
-13226
-11832
-9484
-8826
-10225
-11673
-11847
-9090
-4931
-1412
729
1771
2525
2648
2620
3212
5467
8687
11153
11640
9727
7875
7944
10073
10571
6708
1413
-2019
-1793
-1095
-1362
-1763
-3115
-5098
-8676
-10709
-10708
-10725
-11062
-12568
-8481
3289
14997
13555
-3694
-17521
-13577
3389
14193
12132
8169
5948
2993
-1625
-343
6769
8016
-37
-10711
-11814
-4176
1217
-2161
-14973
-28468
-32271
-22221
-6916
-196
-5895
-17017
-21239
-15013
-4918
2680
6291
8831
11279
13134
13930
14357
16218
19133
22461
25043
25127
21781
16182
11694
10367
12491
15241
14940
11441
4343
-4807
-11517
-13239
-9415
-5397
-7097
-13701
-20436
-22816
-21289
-16250
-11178
-9262
-8314
-9319
-9118
-5731
-1568
2087
3168
3616
5098
8840
12864
15082
17256
16364
11938
6803
5082
7846
9662
9086
6935
5500
3454
-2688
-8822
-11727
-10620
-8693
-8614
-7214
-3428
1368
-752
-11351
-18069
-12919
467
8082
4091
-2644
-4221
-2058
-1690
668
6184
8333
3523
-4933
-6575
-9
7247
7587
-1275
-13111
-21014
-18239
-7253
773
-846
-10279
-18152
-18868
-13549
-6985
-3357
-1944
-1443
-612
381
1860
5625
11466
17916
21793
22125
19752
15994
14056
14966
19024
23087
24488
23422
15797
4950
-2713
-4012
2129
6057
2469
-5843
-12909
-15481
-17151
-15729
-13845
-13393
-13239
-16888
-18008
-14387
-10410
-7879
-7338
-7394
-7720
-5339
-958
4574
10584
12967
12205
9718
8438
8489
10944
15148
15649
13671
8011
1500
-898
527
3947
4034
1867
-1844
-4614
-1792
2429
1642
-6527
-13951
-12624
-4554
-822
-7149
-12401
-10731
-6256
-3558
-1570
2123
1738
-4943
-11651
-9157
1654
8576
5347
-4112
-11560
-12593
-7536
-935
1252
-1853
-8327
-13365
-13035
-8192
-1487
2721
3434
2580
1398
1240
2044
5134
10689
14714
13967
10191
6773
5539
7377
10820
14128
14679
13646
11207
5539
2808
3259
5984
9522
6788
557
-3124
-1153
926
-907
-2998
-6461
-7368
-7841
-11650
-12521
-10533
-8572
-9179
-11048
-11462
-8867
-3481
-1597
-1563
-605
268
1761
2693
5081
7863
9391
9563
7591
7841
9196
8384
7151
6183
5499
3971
2373
1343
2315
7195
7426
-1059
-10200
-12085
-5161
814
-1402
-7627
-8851
-5510
-5702
-5568
-1670
2924
2002
-7395
-14933
-13695
-4941
1772
-1189
-9305
-16772
-16808
-10262
-4325
-2835
-6036
-9561
-11133
-9591
-5283
-208
4235
6048
5675
4002
4194
7230
11129
14962
15150
13329
12661
13300
14105
13392
13743
13908
11462
6386
676
-310
2728
4993
3024
-1547
-5294
-7088
-5184
-2012
-606
-2476
-7021
-9766
-8261
-3515
-621
-2659
-7523
-11519
-10832
-6055
-857
999
-1332
-4050
-3154
2130
6671
6571
4437
3660
5260
6712
7211
7339
7405
7147
4746
2679
1381
1387
3535
6653
10686
8164
-854
-8172
-7462
1904
6748
2859
-4058
-7259
-4795
-4775
-5955
-5539
-4021
-3594
-6830
-8846
-8058
-6033
-7728
-12700
-15375
-15290
-11738
-9402
-9653
-11182
-12474
-9297
-5436
-3226
-3661
-4560
-1190
4153
8630
9372
8204
8102
10552
15213
16514
14555
11583
11029
14008
15913
14903
10669
6875
5144
5122
6575
6498
4671
1277
-1538
-2331
-1570
-415
-581
-1666
-5333
-10394
-13372
-11588
-6435
-4242
-7291
-14000
-17903
-14726
-7155
335
2946
1597
-163
-33
3107
6737
9452
10972
10545
9760
8407
6059
4885
4499
3870
3044
1473
173
223
641
2743
5203
2537
-3623
-6635
-2477
3135
2074
-3238
-6035
-3399
-1509
-3508
-4394
-3262
-3834
-8858
-12009
-7508
742
2754
-6647
-17758
-20430
-12145
-767
2989
-2039
-11766
-16323
-10696
-782
5228
2959
-2674
-5017
-1792
4550
9677
11946
11038
9318
8701
9638
12072
14017
14965
14839
14465
13786
12163
10406
9060
10043
9727
5070
-269
-3827
-4050
-3367
-3683
-3836
-5078
-7938
-11780
-14629
-13933
-11002
-8606
-7883
-9105
-10235
-10291
-9589
-7274
-4475
-1939
-412
-164
588
2090
3749
5459
7814
9443
8358
5254
2933
4224
6733
7534
6727
5949
7294
7767
6694
5588
2386
-1924
-4442
-2372
2231
3291
-1052
-6945
-7519
-4997
-4466
-4587
-4648
-4377
-5925
-8875
-9170
-5099
-587
-2823
-10051
-16408
-15698
-7460
95
1741
-4765
-12931
-14395
-8759
43
4720
3723
581
-869
1271
5648
11141
15133
16075
14327
11673
10991
13102
16958
19255
18547
15163
11020
8884
7787
7695
7216
4734
1541
-1579
-3200
-4491
-6318
-7723
-8522
-8551
-9451
-11685
-12818
-11798
-10978
-11593
-12679
-12632
-10473
-8667
-8917
-10003
-9084
-4508
634
3301
3335
1347
783
4092
8517
12314
13401
10664
7379
5367
4855
4682
5958
8981
9981
9370
6314
276
-4629
-5271
-722
4380
4389
-1648
-8013
-7608
-3793
-1551
-1623
-3748
-6467
-9726
-11276
-8945
-3504
-799
-6124
-14346
-18289
-14794
-7934
-3306
-2714
-6251
-9614
-10651
-8006
-2070
2387
3336
1985
1761
3420
6150
8803
10763
13603
15605
15417
13803
13389
15690
18006
18457
16599
14547
13429
12783
12221
9907
6741
3739
1612
1039
497
-1267
-4625
-8307
-10782
-11195
-10935
-11434
-12526
-14621
-16140
-16700
-15934
-12663
-9608
-8964
-10716
-12351
-10280
-4664
1268
4515
4757
3548
2777
3943
7374
10672
11475
9877
6568
4492
5606
8965
11311
10516
8311
4026
-813
-2641
-250
4445
4999
-434
-7197
-8208
-4306
-2975
-4313
-6294
-7201
-8064
-10552
-11143
-8180
-4408
-5979
-12263
-16632
-15547
-9203
-3752
-3007
-6972
-11853
-11706
-7172
-1351
1994
2177
1613
1515
3103
6560
12138
15857
14613
11527
9676
11648
16032
19871
21322
18789
14307
10911
10402
12064
13922
13527
9963
6675
4643
2463
1305
1286
273
-1988
-5383
-9234
-10525
-10001
-10274
-11721
-13201
-13914
-15250
-15945
-15406
-14713
-12896
-11692
-11620
-9949
-6191
-2419
-237
495
392
787
2699
5763
8609
10860
10722
6913
4090
5002
8838
11916
12394
12054
8229
1860
-2614
-926
6151
9027
2856
-7264
-10375
-6203
-2954
-2898
-5603
-7352
-8983
-11978
-13195
-10421
-5299
-6133
-12970
-18360
-17719
-11348
-4973
-2914
-6349
-10411
-10455
-6265
-230
2890
3789
4036
4325
5399
7082
11226
14950
15118
13748
12780
13402
15899
19100
20114
18244
15098
12381
11798
12183
12044
10860
8692
6228
3662
2272
1945
705
-1725
-4770
-7134
-7610
-7820
-9116
-11163
-13117
-13792
-13779
-13333
-12732
-12995
-13264
-12904
-11981
-10005
-7136
-4775
-2948
-1875
-1371
329
2125
3560
4387
4685
5889
6455
6065
5868
6729
7323
7179
8135
7508
4610
1275
565
4241
7273
5537
-438
-3592
-1970
-1538
-2970
-5219
-5801
-5696
-8700
-12468
-12011
-7074
-6040
-12081
-19478
-20938
-14997
-8480
-4982
-6736
-10721
-11885
-10457
-5196
518
3326
3670
2584
3159
6077
10194
13499
14864
15102
15155
15116
15933
18979
22319
23771
21442
17284
15285
14941
15644
15489
12804
8870
5575
3438
1348
282
-434
-2820
-6617
-10652
-12662
-11552
-8679
-8580
-12768
-16912
-18851
-17695
-13427
-9380
-8110
-9220
-11442
-12782
-9748
-3449
-489
-2051
-3303
-1985
1088
3513
3279
2762
4130
5242
4717
4782
6486
7846
9921
11446
8644
3843
994
3043
7430
8479
4144
-2094
-3553
-2574
-2193
-2052
-2619
-3512
-7695
-13589
-16249
-12603
-7051
-7717
-13704
-19660
-19522
-14805
-10503
-9103
-11644
-13656
-12749
-8599
-3449
-188
1090
715
906
2779
7171
12011
15141
16730
16211
15362
14889
16668
20964
24485
25186
21912
17752
15377
15219
16560
17386
16092
12282
7891
3460
1146
1736
2372
792
-3730
-8343
-11370
-11993
-11223
-11277
-12250
-13746
-14358
-14747
-14724
-13596
-12340
-11088
-10773
-10544
-8478
-5330
-3503
-2965
-1412
1001
3079
3531
2884
3910
5620
5839
5125
5462
7002
6583
5792
6893
6899
4061
-1371
-4030
131
5710
5795
-221
-5461
-6275
-4866
-3479
-3154
-2719
-3769
-7751
-12562
-12993
-8176
-6222
-10509
-17316
-19785
-15401
-9497
-7235
-10120
-13666
-14072
-11189
-6464
-2894
-1170
-846
-398
1573
5172
9481
12130
13031
13952
16433
18871
19272
19135
19423
21393
23174
22170
19848
17184
16004
15942
15410
14120
11715
9542
7070
3803
1288
-96
-1398
-3438
-6123
-8719
-9845
-10893
-13532
-16048
-16793
-15795
-14749
-14173
-13699
-13873
-13731
-12585
-9954
-5213
-1610
-1316
-1659
-283
2429
4300
4658
4596
5244
6091
5321
4126
4668
6423
5885
3946
4537
4803
2655
-1007
-2801
161
3940
3893
-1050
-4553
-3561
-2674
-3075
-4742
-5673
-5242
-5421
-7483
-9809
-8880
-8620
-11970
-16370
-17642
-13893
-9692
-8213
-10485
-13519
-13122
-10376
-7127
-4560
-2518
-831
1056
2715
3779
6492
9375
10694
11275
13542
17874
19762
19253
18710
18896
20353
21660
21512
20126
18816
16899
14497
13507
13467
12514
9669
5859
2111
-74
-1043
-3061
-5320
-6465
-7928
-10890
-13629
-15012
-14852
-13811
-13844
-15033
-16115
-15395
-13282
-11486
-9841
-8175
-7009
-6156
-4992
-3201
110
3601
4826
4597
4347
4468
5095
5475
5637
6895
8056
6991
3645
2076
4647
5991
3061
-1588
-3155
-828
889
-599
-3989
-4589
-3662
-4933
-7089
-7618
-5136
-3413
-5307
-9690
-11265
-7848
-6181
-8809
-13129
-14664
-11582
-7499
-5359
-5952
-7524
-8723
-9019
-7402
-3861
198
2609
2902
2241
2578
5204
8913
12082
14461
16163
16784
16559
16938
18735
21263
22913
22732
20906
18510
16558
14877
13975
13228
11345
8872
5881
2716
326
-975
-2219
-4636
-7701
-10258
-11614
-11640
-11587
-13056
-15494
-17924
-19010
-17022
-13339
-11024
-11213
-12584
-12589
-9891
-5898
-2667
-1061
-246
432
495
1119
3328
5557
6160
4993
3087
2658
4232
6023
6762
6202
4180
2142
3278
5543
4969
1562
-2044
-2385
-580
251
-1531
-3780
-3849
-4631
-6682
-7924
-6930
-4122
-3319
-6556
-11047
-11702
-9181
-7824
-9156
-11397
-11175
-8761
-6028
-5140
-6351
-6427
-4763
-2609
-864
658
2671
4685
5871
6159
7727
11260
14280
14918
14441
14956
16143
17981
19118
19228
19950
19659
18397
16824
15194
13878
11812
9617
7588
6651
5760
2467
-1475
-4447
-6061
-6651
-7136
-8696
-11361
-13783
-15876
-16798
-16168
-15245
-14701
-14471
-14390
-14378
-13363
-10774
-7905
-5566
-4126
-4008
-3618
-1668
1081
3455
4423
4295
3880
4054
5080
6020
6587
6589
5251
3060
2533
3751
4941
4663
2151
603
224
-757
-2183
-4326
-4682
-3836
-3747
-4373
-4926
-3889
-3909
-6166
-8501
-8112
-4719
-1785
-2751
-7207
-9340
-8564
-6978
-6091
-7170
-6999
-5656
-4009
-3177
-3354
-2110
-730
650
2445
4708
7771
10216
11077
10819
11371
12849
14442
15837
16423
16435
16162
16174
15920
15163
14676
14114
13914
13391
11501
8727
5352
2403
1327
1858
1490
-1048
-4929
-8392
-9935
-10348
-10519
-11142
-11954
-12657
-13720
-14201
-14257
-13945
-13082
-12857
-13062
-12037
-9611
-7429
-6266
-5603
-4329
-2534
-1108
-329
559
2910
5222
5825
5064
3919
3451
3621
4286
4799
5010
4565
2533
176
-668
509
1713
1409
-243
-2230
-2383
-1716
-2376
-4332
-5807
-5571
-4583
-3489
-3263
-3223
-3075
-3931
-4891
-4952
-2712
294
1501
469
-1976
-2966
-2247
-751
421
764
1565
2248
2573
2829
3829
5645
6708
6823
6512
7337
9187
10162
9853
8962
8762
9030
9342
9693
9612
9102
7970
6700
6027
6130
6204
5301
3858
2596
2229
1775
444
-1349
-3665
-5234
-5329
-4480
-4071
-5109
-7072
-9079
-9790
-9509
-9158
-8922
-9107
-10067
-11412
-11605
-11066
-10563
-10135
-9926
-8760
-6283
-3787
-2675
-2331
-1559
-401
1162
2425
3171
3771
4214
4536
4498
4730
4769
4099
3789
3526
3066
2250
831
-485
-779
-203
-397
-1656
-3133
-3651
-3064
-2004
-983
-1466
-2788
-4078
-4496
-2626
255
2421
2655
1548
881
1699
3766
5610
6592
6582
6405
6137
5985
6796
7616
7940
7009
5202
4340
4529
4988
4794
4009
3349
2514
508
-1960
-2886
-1412
978
1187
-714
-2497
-3248
-3006
-2565
-1658
-505
-513
-1649
-2796
-2449
-620
717
628
-13
-575
-854
-576
-144
402
647
-192
-1554
-2643
-2817
-2735
-3170
-3438
-3706
-4248
-5282
-6596
-7053
-6539
-5761
-5468
-5606
-5817
-5869
-5473
-4871
-4113
-3128
-1861
-915
-717
-470
-20
404
638
970
1985
3203
3678
3220
2790
2800
2765
2365
1766
1375
1284
1214
812
493
453
348
-152
-808
-376
1301
3072
3504
2965
3391
4831
6072
6205
6029
6710
7773
8332
8106
8382
9335
9561
8718
7583
7255
7149
6284
4646
2984
2285
1829
571
-1657
-4187
-6147
-7238
-7542
-7807
-8293
-8960
-9890
-10761
-11299
-11143
-10664
-10405
-10234
-9901
-8889
-7447
-6307
-5554
-4694
-3192
-1647
-746
-328
336
1770
3546
4947
5313
5169
5160
5074
5054
5336
6104
6665
6233
4697
2798
1918
1553
874
195
-88
-474
-2006
-3998
-5122
-4877
-4122
-4365
-5362
-5779
-5283
-4649
-4241
-3701
-3000
-2555
-2411
-2129
-1280
279
1750
2219
1987
2039
2814
4071
5219
5667
5831
6331
6916
7159
7135
7205
7103
6691
6046
5317
5162
5393
5202
4449
3871
3659
3184
2373
1608
1607
2245
2357
1199
-271
-528
112
482
-211
-1730
-2845
-2973
-2758
-2727
-2437
-2054
-2412
-3541
-4652
-5043
-4853
-4850
-5556
-6486
-7251
-7980
-8409
-8261
-8010
-8359
-8989
-9236
-8681
-7492
-6380
-5689
-5337
-4847
-4133
-3189
-2089
-1216
-439
279
1009
1859
2953
4204
5183
5812
5827
5338
4909
4966
5496
6025
6259
5873
5019
4162
3466
3085
2995
2952
2774
2554
2327
2126
2210
2362
2065
1412
1166
1733
2675
3210
2834
2025
1662
1985
2574
2928
2901
2539
2154
2087
2336
2743
2984
2743
1951
957
376
529
1150
1490
994
-83
-999
-1350
-1389
-1426
-1627
-2081
-2667
-3266
-3807
-4150
-4171
-4044
-4158
-4669
-5285
-5436
-5071
-4604
-4221
-3813
-3403
-3398
-3727
-3925
-3772
-3443
-3277
-3138
-2787
-2323
-1838
-1137
-234
310
142
-496
-907
-552
432
1420
1919
1994
1837
1789
2016
2247
2218
1756
854
-299
-1123
-1308
-1204
-1301
-1860
-2464
-2523
-2141
-1986
-2291
-2508
-2158
-1340
-590
-149
277
799
1216
1557
2226
3346
4601
5647
6445
7251
8050
8520
8579
8563
8822
9337
9774
9818
9524
9250
8999
8345
7105
5610
4417
3797
3518
3024
1861
57
-1954
-3507
-4338
-4899
-5767
-7027
-8283
-9141
-9483
-9548
-9754
-10239
-10725
-10771
-10252
-9514
-8895
-8372
-7720
-7019
-6522
-6102
-5387
-4366
-3481
-2813
-1944
-650
594
1171
1321
1792
2723
3480
3663
3635
3757
3915
3973
4106
4358
4213
3321
2198
1702
1860
1830
1150
313
-134
-410
-1013
-1853
-2403
-2497
-2511
-2783
-3167
-3302
-3039
-2531
-2056
-1686
-1260
-672
-100
312
875
2104
3909
5304
5543
5033
4837
5496
6620
7681
8489
8961
8980
8723
8722
9159
9388
8570
6909
5506
4967
4835
4271
3170
2038
1100
119
-1140
-2464
-3535
-4363
-5198
-6102
-6845
-7317
-7753
-8410
-9021
-9065
-8607
-8289
-8539
-8991
-8973
-8443
-7853
-7452
-7043
-6405
-5675
-5045
-4451
-3717
-2816
-1886
-1071
-359
326
946
1456
1900
2487
3347
4293
4940
5054
4925
4892
4922
4734
4262
3897
3778
3626
3063
2269
1814
1690
1407
553
-465
-1024
-1166
-1364
-2011
-2666
-2954
-2962
-2904
-2872
-2610
-2389
-2379
-2345
-1830
-730
190
613
777
1220
2025
2807
3578
4346
5160
5801
6281
6842
7305
7543
7433
7362
7497
7502
7124
6304
5618
5275
5096
4721
3892
2850
1675
548
-433
-1214
-1867
-2788
-3935
-4938
-5428
-5631
-6164
-7043
-7774
-7859
-7480
-7225
-7311
-7556
-7677
-7635
-7463
-7049
-6381
-5684
-5239
-4985
-4426
-3315
-2032
-1193
-920
-788
-473
32
542
1007
1339
1282
921
697
912
1308
1341
934
515
352
316
204
73
78
100
58
138
556
1145
1408
1214
863
745
864
990
1215
1698
2327
2642
2381
1943
1935
2557
3296
3609
3522
3327
3224
3227
3431
3944
4547
4823
4612
4298
4291
4424
4377
4137
4067
4362
4639
4542
4120
3818
3769
3701
3517
3154
2709
2088
1276
619
276
17
-693
-1787
-2793
-3524
-4131
-5006
-6001
-6723
-7096
-7419
-8039
-8782
-9350
-9514
-9354
-9170
-8952
-8672
-8300
-8010
-7825
-7474
-6861
-5888
-4800
-3763
-2797
-1982
-1298
-718
97
1181
2249
2984
3270
3505
3902
4490
4909
4956
4723
4221
3870
3838
4189
4500
4181
3380
2514
2260
2476
2630
2483
1936
1384
963
864
1102
1315
1319
1009
644
456
439
532
628
619
565
681
1143
1856
2262
2101
1555
1103
1138
1402
1754
1925
1815
1619
1458
1753
2252
2564
2454
1990
1691
1513
1466
1542
1770
2063
1869
1244
548
227
250
102
-299
-886
-1410
-1924
-2490
-2893
-3122
-3247
-3543
-3960
-4227
-4327
-4358
-4588
-4893
-5089
-5137
-4982
-4757
-4424
-4128
-3976
-3795
-3507
-3010
-2527
-2150
-1729
-1240
-715
-383
-167
95
465
911
1218
1361
1288
1173
1239
1521
1848
1886
1697
1468
1364
1277
1075
851
705
773
923
1004
815
351
-40
-51
421
959
1178
1033
789
825
1221
1895
2542
2893
2929
2840
2972
3390
3909
4294
4464
4538
4564
4491
4301
4098
3980
3898
3722
3389
2945
2445
1921
1398
876
296
-385
-1108
-1719
-2190
-2662
-3273
-4018
-4683
-5124
-5364
-5524
-5744
-6051
-6400
-6582
-6422
-5946
-5439
-5219
-5137
-4844
-4186
-3406
-2895
-2614
-2236
-1522
-593
271
958
1470
1810
2005
2182
2488
2931
3260
3189
2772
2395
2380
2606
2656
2270
1607
981
528
168
-177
-394
-421
-397
-476
-696
-879
-898
-761
-575
-481
-485
-568
-578
-340
105
603
928
1089
1276
1505
1696
1739
1843
2223
2804
3341
3528
3422
3234
3153
3329
3637
3854
3735
3265
2778
2497
2436
2385
2140
1700
1143
627
244
-36
-380
-951
-1624
-2123
-2327
-2427
-2727
-3278
-3857
-4273
-4480
-4535
-4501
-4476
-4604
-4857
-5006
-4851
-4445
-4080
-3897
-3751
-3466
-3050
-2626
-2192
-1695
-1161
-730
-444
-142
351
979
1512
1845
2022
2137
2221
2316
2513
2779
2891
2695
2323
2060
1982
1860
1514
1105
868
792
627
226
-235
-555
-672
-648
-546
-461
-574
-910
-1191
-1055
-527
-40
81
-10
76
426
801
1041
1276
1661
2099
2421
2664
2951
3238
3322
3213
3258
3608
3978
3966
3577
3207
3091
3059
2830
2451
2129
1906
1630
1207
755
317
-214
-910
-1572
-1944
-2100
-2374
-2937
-3587
-4071
-4383
-4639
-4866
-4980
-5045
-5208
-5450
-5557
-5393
-5122
-4977
-4958
-4845
-4480
-3956
-3458
-3059
-2692
-2286
-1816
-1272
-650
33
707
1282
1724
2080
2449
2900
3387
3784
3998
4064
4087
4116
4087
3942
3695
3417
3186
3002
2825
2548
2081
1506
999
749
744
732
516
106
-273
-459
-496
-500
-563
-614
-588
-528
-520
-608
-701
-686
-526
-276
-40
122
203
238
286
462
782
1117
1332
1404
1467
1584
1660
1637
1602
1676
1792
1744
1442
1030
707
509
333
92
-245
-683
-1215
-1733
-2084
-2261
-2411
-2722
-3183
-3587
-3769
-3704
-3540
-3453
-3502
-3623
-3627
-3386
-2955
-2513
-2208
-2027
-1844
-1572
-1215
-814
-421
-93
164
407
708
1046
1320
1444
1477
1573
1823
2130
2299
2242
2044
1888
1872
1927
1927
1839
1702
1535
1297
1031
862
853
898
841
668
497
406
391
445
575
714
716
541
365
414
661
882
947
904
864
846
815
832
921
1025
1052
1001
965
958
877
663
444
388
468
459
240
-62
-246
-252
-231
-311
-476
-670
-844
-971
-1031
-1034
-1077
-1263
-1554
-1814
-1939
-2005
-2140
-2347
-2527
-2605
-2633
-2687
-2775
-2819
-2766
-2637
-2478
-2335
-2182
-1983
-1721
-1415
-1129
-896
-708
-515
-245
111
507
863
1086
1169
1234
1393
1663
1931
2069
2062
2010
2018
2080
2121
2058
1866
1598
1356
1238
1268
1322
1233
982
698
549
562
622
641
578
471
399
424
604
852
965
850
648
593
735
913
973
943
918
897
801
644
559
595
609
522
406
381
417
332
94
-122
-157
-76
-92
-265
-460
-600
-766
-1035
-1275
-1280
-1127
-1126
-1444
-1868
-2068
-1984
-1837
-1818
-1907
-1995
-2056
-2109
-2115
-2019
-1858
-1768
-1796
-1822
-1774
-1668
-1571
-1476
-1303
-1081
-879
-785
-770
-713
-517
-156
234
495
561
559
730
1078
1448
1644
1675
1718
1847
2003
2074
2061
2032
2003
1940
1803
1652
1507
1372
1266
1184
1121
976
727
485
376
424
442
351
211
111
100
96
135
271
460
581
552
520
611
818
1027
1173
1345
1545
1657
1597
1439
1367
1409
1418
1289
1054
841
646
346
-74
-495
-769
-943
-1181
-1540
-1929
-2217
-2430
-2656
-2899
-3090
-3185
-3279
-3415
-3512
-3471
-3320
-3224
-3216
-3181
-3004
-2724
-2498
-2323
-2082
-1741
-1408
-1172
-971
-715
-386
-53
266
598
899
1091
1211
1406
1707
2032
2222
2298
2341
2334
2298
2233
2275
2404
2433
2293
2000
1770
1640
1544
1456
1306
1162
935
623
383
256
278
241
71
-120
-277
-264
-221
-173
-110
-95
-21
42
177
394
593
812
933
1049
1176
1305
1534
1708
1841
1872
1822
1829
1810
1804
1745
1602
1441
1216
1002
778
530
235
-147
-527
-863
-1137
-1419
-1775
-2158
-2508
-2786
-3030
-3253
-3436
-3581
-3728
-3879
-3972
-3953
-3826
-3709
-3644
-3571
-3441
-3214
-2929
-2577
-2190
-1842
-1598
-1438
-1182
-749
-240
155
369
539
764
1034
1307
1559
1816
1994
2035
2060
2187
2422
2566
2487
2319
2250
2322
2370
2291
2147
2017
1873
1666
1467
1385
1371
1270
1021
765
657
656
613
498
414
411
415
376
350
428
578
648
637
652
754
896
979
1013
1055
1100
1095
1040
1031
1078
1076
926
694
527
459
418
282
68
-153
-398
-665
-908
-1042
-1084
-1195
-1479
-1862
-2159
-2280
-2322
-2380
-2471
-2599
-2758
-2930
-3026
-2967
-2812
-2678
-2657
-2694
-2657
-2501
-2238
-1977
-1791
-1669
-1547
-1334
-1064
-804
-563
-320
-99
48
147
316
595
840
923
918
1022
1237
1391
1395
1350
1430
1583
1670
1692
1745
1860
1877
1760
1685
1815
2082
2190
2062
1847
1735
1757
1768
1781
1790
1771
1643
1379
1205
1211
1289
1247
1061
918
902
908
764
554
480
556
638
561
414
323
268
205
113
93
129
60
-172
-461
-630
-664
-716
-908
-1180
-1364
-1457
-1590
-1828
-2082
-2196
-2211
-2241
-2316
-2407
-2468
-2585
-2732
-2770
-2629
-2402
-2349
-2498
-2648
-2604
-2337
-2029
-1795
-1654
-1571
-1473
-1314
-1018
-606
-212
42
148
247
453
770
1077
1260
1331
1358
1435
1593
1753
1861
1907
1932
1965
1984
2001
2033
2090
2124
2100
2053
2030
2003
1880
1686
1529
1490
1486
1394
1241
1094
996
874
680
536
515
591
621
533
434
377
354
338
366
494
608
582
407
254
271
392
473
409
260
104
-27
-116
-173
-192
-268
-465
-742
-997
-1127
-1195
-1296
-1476
-1712
-1925
-2074
-2164
-2228
-2318
-2468
-2641
-2779
-2846
-2829
-2737
-2595
-2460
-2394
-2389
-2372
-2286
-2127
-1915
-1662
-1373
-1079
-815
-601
-417
-203
48
306
561
820
1083
1314
1476
1595
1739
1928
2103
2201
2222
2207
2195
2209
2247
2292
2320
2270
2124
1965
1853
1790
1722
1605
1473
1346
1251
1172
1069
935
771
617
519
480
466
449
416
372
315
263
233
235
259
289
327
370
394
353
259
180
166
218
249
207
116
1
-109
-218
-332
-436
-564
-719
-894
-1071
-1212
-1358
-1558
-1803
-2028
-2197
-2339
-2458
-2584
-2691
-2755
-2819
-2866
-2885
-2860
-2794
-2744
-2678
-2538
-2321
-2080
-1871
-1676
-1470
-1233
-953
-651
-320
11
261
443
603
834
1144
1434
1665
1841
2007
2187
2350
2476
2563
2632
2658
2648
2652
2666
2680
2634
2505
2354
2202
2063
1901
1707
1511
1335
1192
1068
951
823
677
529
389
292
248
231
210
171
125
78
45
31
34
48
49
19
-32
-75
-114
-157
-205
-286
-377
-460
-549
-638
-729
-823
-928
-1055
-1195
-1338
-1461
-1570
-1669
-1739
-1782
-1809
-1840
-1889
-1945
-1992
-2026
-2043
-2043
-2024
-1976
-1900
-1801
-1689
-1582
-1494
-1414
-1332
-1233
-1107
-966
-820
-674
-513
-326
-122
82
269
450
613
772
949
1135
1336
1531
1694
1835
1947
2044
2123
2176
2208
2215
2210
2185
2127
2050
1974
1904
1829
1732
1603
1449
1296
1158
1046
954
867
774
663
554
458
382
330
291
266
256
243
207
152
101
73
70
76
68
18
-66
-171
-251
-302
-336
-372
-441
-536
-638
-730
-815
-910
-1030
-1166
-1276
-1357
-1402
-1443
-1519
-1629
-1739
-1825
-1875
-1898
-1942
-1989
-2007
-1994
-1921
-1848
-1816
-1811
-1828
-1800
-1707
-1581
-1455
-1370
-1303
-1216
-1083
-899
-705
-532
-382
-250
-83
139
402
682
920
1123
1307
1489
1693
1884
2071
2223
2341
2448
2524
2593
2636
2656
2642
2602
2569
2521
2472
2391
2273
2145
2004
1884
1771
1640
1481
1299
1134
992
853
700
506
302
123
-1
-86
-200
-350
-538
-709
-796
-818
-810
-859
-967
-1095
-1199
-1214
-1199
-1185
-1229
-1337
-1437
-1512
-1511
-1489
-1502
-1550
-1649
-1714
-1744
-1723
-1678
-1664
-1656
-1675
-1660
-1605
-1519
-1390
-1306
-1233
-1183
-1137
-1018
-893
-752
-658
-610
-545
-480
-371
-265
-212
-204
-239
-227
-151
-42
80
159
226
290
381
520
662
798
898
970
1059
1181
1356
1527
1664
1760
1810
1856
1898
1955
1998
2019
2014
1994
1985
1992
2010
1965
1846
1648
1433
1275
1212
1231
1202
1081
852
551
298
117
40
-13
-85
-176
-319
-437
-564
-681
-796
-939
-1024
-1087
-1100
-1067
-1063
-1042
-1063
-1072
-1045
-1044
-1027
-1044
-1044
-1004
-951
-837
-749
-687
-668
-722
-794
-907
-996
-1043
-1067
-1021
-958
-905
-900
-979
-1078
-1181
-1218
-1179
-1093
-958
-851
-750
-681
-655
-629
-628
-595
-538
-466
-367
-285
-194
-133
-102
-75
-68
-39
32
143
285
427
559
667
759
866
986
1104
1224
1344
1457
1574
1713
1877
2020
2084
2067
1995
1940
1940
2004
2074
2057
1951
1791
1629
1509
1414
1311
1152
946
739
581
513
488
449
329
115
-116
-296
-383
-401
-413
-464
-565
-686
-789
-872
-971
-1100
-1255
-1398
-1478
-1482
-1442
-1416
-1439
-1501
-1563
-1602
-1616
-1618
-1618
-1587
-1498
-1368
-1230
-1133
-1101
-1130
-1185
-1220
-1210
-1145
-1052
-953
-876
-849
-834
-823
-807
-756
-688
-583
-457
-328
-196
-77
20
108
205
305
415
528
630
726
808
885
961
1024
1076
1099
1087
1075
1068
1086
1131
1177
1224
1246
1237
1221
1186
1152
1126
1119
1147
1211
1301
1392
1457
1458
1411
1354
1314
1319
1359
1398
1394
1338
1235
1121
1012
888
740
570
415
296
217
146
42
-106
-296
-493
-653
-760
-835
-917
-1026
-1163
-1324
-1474
-1608
-1732
-1828
-1927
-2015
-2075
-2134
-2167
-2188
-2203
-2177
-2113
-2010
-1858
-1705
-1567
-1438
-1341
-1241
-1132
-1021
-898
-792
-721
-663
-628
-580
-528
-512
-504
-503
-501
-463
-405
-325
-214
-105
22
184
344
518
690
838
1008
1186
1352
1528
1673
1784
1898
1985
2074
2181
2247
2292
2306
2264
2221
2166
2087
2013
1916
1801
1689
1555
1426
1296
1155
1005
848
682
526
392
268
168
87
6
-68
-143
-227
-306
-395
-500
-607
-717
-808
-869
-936
-1002
-1076
-1161
-1224
-1264
-1278
-1276
-1280
-1308
-1359
-1405
-1416
-1354
-1253
-1153
-1087
-1079
-1095
-1087
-1034
-934
-828
-758
-734
-761
-791
-791
-761
-696
-633
-583
-556
-535
-518
-502
-473
-435
-353
-237
-123
-32
20
54
103
193
326
459
556
610
634
656
694
749
809
864
925
1006
1106
1207
1284
1316
1304
1287
1298
1357
1431
1484
1479
1408
1299
1191
1102
1029
960
870
757
629
481
332
191
66
-32
-107
-152
-198
-244
-306
-386
-461
-527
-574
-605
-628
-653
-685
-724
-757
-780
-802
-818
-821
-819
-812
-811
-820
-833
-846
-856
-845
-824
-803
-772
-756
-744
-734
-718
-691
-657
-607
-571
-534
-507
-484
-457
-435
-389
-336
-270
-210
-157
-115
-81
-41
-10
48
106
163
231
282
334
370
406
445
489
549
605
679
740
798
848
882
919
948
998
1050
1102
1153
1185
1209
1220
1218
1202
1185
1166
1135
1094
1041
967
869
767
646
527
405
275
155
34
-82
-191
-299
-403
-501
-595
-668
-725
-780
-808
-839
-855
-862
-868
-867
-875
-869
-872
-872
-881
-893
-899
-918
-926
-943
-946
-958
-965
-959
-967
-947
-937
-913
-895
-877
-845
-831
-796
-768
-723
-678
-629
-571
-526
-454
-393
-313
-232
-156
-69
1
92
168
249
337
424
525
611
703
776
837
898
942
989
1036
1079
1124
1170
1205
1232
1252
1265
1282
1295
1311
1323
1330
1338
1328
1312
1280
1240
1194
1134
1070
994
918
829
743
647
537
436
324
217
109
4
-98
-197
-296
-400
-499
-598
-694
-784
-867
-939
-995
-1053
-1107
-1148
-1185
-1218
-1252
-1274
-1283
-1284
-1278
-1277
-1272
-1263
-1254
-1246
-1234
-1218
-1194
-1171
-1129
-1075
-1020
-951
-875
-791
-704
-610
-515
-411
-303
-203
-109
-24
47
101
141
173
199
222
238
254
273
289
309
327
345
381
419
467
523
580
649
712
768
828
880
934
990
1047
1119
1187
1255
1297
1329
1364
1391
1418
1432
1431
1414
1379
1331
1260
1181
1101
1017
932
836
730
623
504
382
265
143
22
-98
-222
-353
-484
-612
-738
-859
-973
-1078
-1179
-1282
-1382
-1471
-1534
-1572
-1572
-1558
-1532
-1487
-1440
-1372
-1284
-1189
-1085
-982
-879
-780
-693
-622
-571
-517
-475
-433
-393
-364
-336
-324
-306
-282
-252
-212
-176
-139
-95
-49
-9
35
84
134
196
258
310
362
417
474
521
559
602
637
668
695
713
743
768
792
821
838
869
890
901
916
916
926
929
926
927
921
919
908
902
896
886
874
840
802
754
701
637
562
480
398
310
201
87
-37
-148
-258
-380
-497
-611
-708
-802
-891
-967
-1036
-1091
-1137
-1174
-1191
-1191
-1182
-1175
-1157
-1133
-1101
-1071
-1044
-1016
-975
-927
-891
-853
-810
-762
-700
-647
-582
-504
-425
-330
-244
-157
-75
1
73
137
209
268
314
350
374
396
415
421
429
434
437
436
429
422
413
416
422
432
457
476
509
537
560
595
620
652
693
724
764
788
806
813
793
792
778
779
772
745
728
666
622
565
503
463
397
356
290
221
163
82
30
-30
-87
-133
-205
-264
-328
-400
-463
-530
-580
-635
-691
-744
-812
-872
-926
-976
-994
-1005
-1001
-996
-1000
-992
-994
-976
-939
-893
-823
-755
-673
-597
-529
-463
-416
-343
-275
-187
-99
-28
42
81
122
152
188
237
278
327
357
383
391
391
399
402
413
422
437
442
426
409
395
392
387
395
404
403
399
388
377
366
361
366
378
393
404
410
411
408
409
425
460
500
540
569
570
566
552
533
523
510
490
453
407
346
267
197
123
54
-7
-78
-154
-241
-336
-425
-509
-570
-616
-654
-692
-737
-781
-818
-839
-844
-834
-807
-780
-762
-745
-733
-716
-686
-645
-588
-539
-496
-468
-462
-445
-431
-409
-373
-331
-281
-238
-198
-162
-117
-76
-29
18
65
115
158
196
226
258
285
303
315
319
321
321
328
334
339
349
353
357
365
379
398
419
451
475
495
511
519
534
539
541
537
532
531
529
534
535
534
539
542
545
545
539
529
516
497
473
442
407
364
309
256
208
158
109
60
13
-35
-85
-143
-197
-248
-305
-361
-423
-489
-558
-634
-704
-765
-815
-868
-930
-991
-1039
-1072
-1089
-1072
-1042
-1004
-963
-926
-870
-796
-700
-600
-506
-427
-375
-338
-299
-252
-191
-128
-80
-55
-52
-54
-40
1
58
116
154
165
164
169
191
227
276
324
355
373
384
398
425
463
518
559
577
573
557
563
576
594
615
621
613
586
555
540
551
579
606
611
597
567
534
514
515
527
530
525
499
460
418
376
344
322
305
276
241
195
139
89
40
-6
-54
-108
-172
-245
-323
-390
-452
-516
-579
-646
-709
-760
-799
-837
-864
-886
-899
-893
-889
-879
-872
-863
-842
-825
-804
-789
-765
-727
-689
-643
-600
-548
-488
-426
-362
-301
-231
-171
-117
-67
-16
40
86
121
149
172
188
196
201
202
202
202
203
204
209
217
229
242
263
293
330
374
419
468
523
576
630
683
733
786
822
853
876
888
902
911
911
908
900
882
859
824
781
738
697
655
609
560
503
434
358
284
209
132
52
-31
-116
-197
-281
-363
-447
-537
-619
-699
-779
-845
-910
-966
-1012
-1048
-1078
-1107
-1120
-1127
-1121
-1103
-1088
-1057
-1019
-976
-925
-873
-811
-751
-693
-635
-571
-502
-436
-377
-315
-246
-181
-114
-49
21
91
151
210
267
319
361
394
421
444
468
482
482
479
472
464
461
459
459
467
471
478
484
490
500
509
521
534
554
574
590
603
612
624
635
656
672
690
708
724
738
737
739
732
716
698
669
634
588
537
475
405
314
214
114
3
-112
-233
-352
-473
-592
-697
-795
-876
-945
-1005
-1047
-1080
-1101
-1109
-1101
-1088
-1057
-1021
-977
-933
-888
-827
-771
-712
-663
-619
-580
-535
-489
-450
-410
-378
-343
-309
-276
-240
-200
-162
-124
-83
-50
-19
10
35
61
85
101
120
140
158
181
207
232
263
292
324
361
395
440
481
514
549
572
602
631
651
688
716
742
764
773
797
805
819
834
841
862
850
838
825
803
787
765
744
712
667
623
561
496
426
336
250
154
56
-44
-167
-267
-382
-503
-599
-710
-801
-884
-960
-1007
-1065
-1100
-1130
-1153
-1150
-1156
-1139
-1112
-1072
-1003
-942
-867
-796
-740
-672
-616
-550
-484
-424
-354
-294
-233
-185
-150
-109
-78
-44
3
49
98
145
179
204
222
235
259
283
313
341
364
378
374
372
357
345
347
363
403
430
457
462
447
438
438
457
489
544
592
614
617
608
589
573
562
559
570
577
583
562
519
465
401
353
309
281
251
205
144
66
-16
-104
-181
-258
-325
-376
-426
-466
-515
-567
-637
-712
-769
-812
-824
-823
-813
-818
-813
-817
-835
-836
-827
-783
-727
-663
-582
-498
-414
-342
-278
-218
-155
-83
11
122
221
302
361
397
419
447
473
496
516
524
527
517
490
454
410
368
338
325
320
311
287
254
212
160
123
103
100
109
116
115
98
83
64
46
34
23
12
15
24
21
20
9
1
1
-2
10
26
40
59
75
83
85
87
84
79
79
68
57
47
34
20
1
-19
-47
-80
-103
-133
-159
-188
-219
-249
-275
-298
-324
-347
-371
-398
-414
-423
-428
-434
-434
-423
-417
-402
-381
-361
-324
-282
-230
-176
-125
-69
-11
49
101
142
184
228
269
299
325
346
357
362
359
354
348
334
326
304
279
254
224
205
173
146
129
112
107
98
86
81
74
69
66
65
64
62
67
76
81
96
105
108
119
114
113
114
110
109
110
115
126
130
131
130
120
109
96
80
67
44
20
0
-22
-50
-81
-114
-154
-190
-229
-261
-283
-310
-327
-354
-378
-393
-403
-406
-415
-410
-398
-376
-354
-340
-324
-304
-278
-248
-215
-180
-146
-110
-74
-41
-11
26
60
86
112
135
154
166
164
157
156
161
159
155
156
162
169
171
175
175
176
179
187
189
187
186
183
181
176
166
148
136
124
109
94
77
63
52
40
30
19
13
15
15
14
23
32
39
46
53
63
70
70
62
61
62
64
65
62
56
47
33
20
16
14
3
-12
-22
-29
-40
-56
-69
-85
-97
-101
-109
-118
-128
-142
-153
-168
-184
-199
-212
-222
-229
-233
-233
-233
-229
-214
-202
-183
-173
-166
-154
-145
-127
-112
-98
-79
-62
-49
-34
-17
-2
17
40
60
80
96
113
128
145
165
183
198
209
208
194
176
160
144
136
126
123
112
93
74
56
48
49
60
71
75
75
66
58
57
62
76
89
95
99
87
79
73
65
72
84
98
104
105
102
94
83
66
53
45
37
32
25
13
-6
-32
-55
-70
-86
-104
-118
-135
-150
-168
-185
-197
-215
-225
-226
-229
-237
-240
-240
-241
-236
-234
-225
-215
-199
-188
-178
-167
-160
-146
-130
-115
-98
-86
-71
-55
-31
-10
8
28
42
63
74
85
99
109
119
127
135
143
149
159
159
166
174
174
178
180
186
190
195
204
201
199
198
191
185
179
165
152
140
137
133
122
123
116
108
105
105
105
105
106
107
99
95
91
84
77
65
54
42
27
13
3
-12
-29
-51
-80
-101
-124
-143
-165
-194
-214
-233
-252
-269
-293
-318
-335
-345
-358
-362
-368
-371
-366
-353
-338
-326
-302
-278
-244
-207
-180
-147
-120
-88
-57
-31
1
29
53
77
93
110
126
136
147
154
160
167
167
173
174
168
167
167
167
171
180
185
183
181
177
172
162
151
147
140
133
124
121
121
119
122
119
120
124
124
126
124
118
124
120
119
122
120
122
115
105
96
91
84
74
67
66
63
54
49
42
35
22
-1
-19
-44
-64
-81
-95
-100
-108
-117
-137
-157
-171
-184
-198
-222
-228
-234
-245
-253
-265
-271
-279
-287
-291
-296
-290
-285
-279
-272
-258
-241
-220
-190
-165
-134
-110
-78
-50
-27
-6
13
39
60
87
103
113
129
136
147
148
148
157
157
156
160
158
159
155
159
168
166
165
157
148
151
150
153
146
136
137
136
137
135
134
129
132
127
122
121
118
123
126
126
128
132
142
153
164
179
191
199
208
213
220
221
213
208
188
156
120
83
45
6
-49
-109
-172
-232
-291
-342
-389
-440
-477
-512
-540
-552
-562
-562
-563
-554
-531
-499
-458
-419
-375
-336
-299
-263
-231
-201
-167
-135
-111
-79
-49
-16
16
37
62
87
103
127
150
174
197
212
232
249
263
280
285
294
306
315
328
326
321
322
317
306
295
280
264
247
220
198
174
142
118
99
79
67
53
42
39
25
18
21
16
15
10
3
-11
-28
-37
-40
-42
-54
-54
-55
-64
-70
-82
-90
-102
-111
-107
-108
-107
-110
-115
-123
-135
-146
-155
-163
-178
-182
-183
-187
-190
-201
-206
-213
-218
-221
-219
-211
-207
-197
-182
-166
-150
-137
-121
-100
-70
-34
1
31
55
76
95
112
128
149
164
175
185
187
191
189
179
169
162
157
153
149
149
147
143
140
137
140
141
138
141
141
145
150
149
153
150
148
151
148
147
145
138
131
120
111
100
86
70
53
39
24
4
-12
-31
-49
-60
-75
-85
-93
-106
-116
-125
-138
-152
-165
-178
-182
-191
-203
-209
-219
-235
-248
-260
-267
-272
-270
-265
-259
-252
-248
-242
-231
-221
-208
-190
-171
-147
-125
-109
-89
-70
-51
-34
-20
-2
15
33
52
71
90
109
123
137
157
171
185
196
211
227
239
253
265
275
284
291
291
291
285
277
274
265
264
259
246
234
215
202
188
171
157
138
125
108
82
61
44
23
5
-17
-35
-53
-75
-89
-106
-116
-124
-139
-153
-164
-181
-185
-188
-195
-197
-205
-204
-210
-210
-209
-210
-202
-207
-205
-202
-204
-202
-207
-204
-198
-198
-189
-186
-174
-160
-150
-138
-126
-117
-107
-85
-73
-63
-45
-34
-9
5
18
37
41
65
82
95
105
108
122
126
140
159
167
190
186
187
201
192
198
188
188
186
174
178
163
165
161
149
149
131
124
112
106
101
70
61
41
27
22
-3
2
-20
-38
-52
-86
-81
-94
-93
-83
-99
-90
-104
-106
-95
-106
-86
-84
-71
-52
-53
-27
-26
-16
-3
-7
12
11
20
34
23
32
19
8
4
-15
-20
-38
-47
-59
-67
-65
-79
-81
-92
-97
-97
-107
-97
-94
-83
-76
-77
-66
-67
-60
-54
-51
-45
-47
-33
-14
-1
12
23
39
50
60
70
71
74
79
82
85
82
71
63
58
50
39
32
23
15
8
4
8
10
6
4
4
6
13
17
21
26
26
22
25
27
30
29
30
38
42
53
58
64
67
65
71
71
70
65
64
62
60
58
54
46
37
22
10
3
-10
-13
-20
-30
-38
-49
-55
-66
-78
-84
-96
-103
-107
-112
-111
-112
-110
-107
-104
-104
-98
-91
-84
-68
-54
-42
-30
-26
-19
-11
-2
10
20
30
33
39
42
40
37
27
22
14
12
3
-1
0
1
3
-1
1
1
-3
-1
-5
-8
-8
-3
9
13
21
28
37
49
50
49
52
47
44
45
43
45
49
48
46
52
57
59
60
67
68
67
69
62
61
56
51
43
31
21
8
1
-4
-13
-15
-17
-18
-21
-27
-31
-38
-41
-40
-40
-39
-35
-39
-43
-45
-50
-60
-64
-64
-69
-74
-79
-80
-77
-80
-84
-88
-96
-91
-83
-79
-69
-67
-68
-66
-77
-76
-63
-57
-47
-39
-31
-20
-16
-6
5
17
31
42
53
63
81
92
99
108
111
119
119
120
125
129
138
146
145
141
140
139
129
115
98
82
63
44
26
8
-13
-40
-59
-75
-92
-106
-116
-118
-121
-111
-100
-92
-79
-60
-42
-29
-8
4
16
25
29
39
45
47
46
40
37
29
22
16
13
7
-4
-11
-19
-21
-22
-23
-25
-29
-21
-22
-17
-18
-24
-22
-22
-21
-21
-23
-19
-23
-30
-37
-47
-43
-52
-56
-50
-53
-41
-30
-22
-11
-2
7
11
20
31
40
45
46
46
42
39
39
35
33
30
23
20
11
3
-4
-14
-16
-20
-23
-15
-9
-3
5
11
24
33
43
55
61
72
84
89
92
92
97
97
104
117
116
116
115
116
125
120
116
107
95
91
74
62
52
42
32
17
-2
-28
-52
-78
-108
-133
-155
-177
-200
-227
-251
-271
-290
-293
-299
-304
-287
-276
-251
-229
-212
-180
-153
-124
-100
-76
-52
-30
-8
7
17
23
19
20
21
12
4
0
-2
-1
3
11
20
35
51
72
86
101
112
118
139
160
178
191
210
220
228
231
230
232
226
219
209
191
173
142
117
100
85
76
58
41
27
20
18
12
6
-3
-12
-14
-19
-22
-23
-33
-39
-46
-63
-73
-80
-87
-90
-97
-96
-105
-120
-125
-128
-127
-128
-127
-124
-130
-133
-136
-134
-136
-138
-129
-131
-129
-127
-129
-117
-116
-98
-77
-68
-52
-55
-52
-48
-44
-32
-27
-11
-5
1
14
16
27
44
56
68
77
83
96
112
119
136
139
142
149
149
161
164
163
167
159
153
144
136
121
108
104
96
96
87
77
73
